4 0 2 24000
Node 69 74 30.6105
Pkt 56 200 0.28 1
Pkt 54 192 0.28125 1
Node 57 37 14.7648
Pkt 84 300 0.28 1
Pkt 135 480 0.28125 1
Node 59 72 23.7697
Pkt 210 750 0.28 1
Pkt 210 750 0.28 1
Node 46 43 8.06226
Pkt 42 150 0.28 1
Pkt 68 240 0.283333 1
Rate:561.458
==========
==========0
4 0 2 24000
Node 31 44 19.9249
Pkt 42 150 0.28 1
Pkt 70 250 0.28 1
Node 56 51 6.08276
Pkt 84 300 0.28 1
Pkt 112 400 0.28 1
Node 72 70 29.7321
Pkt 224 800 0.28 1
Pkt 210 750 0.28 1
Node 52 58 8.24621
Pkt 56 200 0.28 1
Pkt 56 200 0.28 1
Rate:560
==========
==========1
4 0 2 24000
Node 61 54 11.7047
Pkt 28 100 0.28 1
Pkt 70 250 0.28 1
Node 49 70 20.025
Pkt 84 300 0.28 1
Pkt 135 480 0.28125 1
Node 64 74 27.7849
Pkt 210 750 0.28 1
Pkt 210 750 0.28 1
Node 30 27 30.4795
Pkt 54 192 0.28125 1
Pkt 54 192 0.28125 1
Rate:560.938
==========
==========2
4 0 2 24000
Node 39 65 18.6011
Pkt 45 160 0.28125 1
Pkt 42 150 0.28 1
Node 42 73 24.3516
Pkt 112 400 0.28 1
Pkt 105 375 0.28 1
Node 46 59 9.84886
Pkt 210 750 0.28 1
Pkt 224 800 0.28 1
Node 30 70 28.2843
Pkt 35 125 0.28 1
Pkt 28 100 0.28 1
Rate:560.313
==========
==========3
4 0 2 24000
Node 28 70 29.7321
Pkt 28 100 0.28 1
Pkt 42 150 0.28 1
Node 60 57 12.2066
Pkt 112 400 0.28 1
Pkt 90 320 0.28125 1
Node 37 43 14.7648
Pkt 210 750 0.28 1
Pkt 224 800 0.28 1
Node 39 29 23.7065
Pkt 70 250 0.28 1
Pkt 45 160 0.28125 1
Rate:560.625
==========
==========4
4 0 2 24000
Node 40 27 25.0799
Pkt 68 240 0.283333 1
Pkt 68 240 0.283333 1
Node 50 41 9
Pkt 135 480 0.28125 1
Pkt 90 320 0.28125 1
Node 64 50 14
Pkt 210 750 0.28 1
Pkt 210 750 0.28 1
Node 41 38 15
Pkt 68 240 0.283333 1
Pkt 28 100 0.28 1
Rate:563.125
==========
==========5
4 0 2 24000
Node 71 49 21.0238
Pkt 68 240 0.283333 1
Pkt 54 192 0.28125 1
Node 67 67 24.0416
Pkt 112 400 0.28 1
Pkt 90 320 0.28125 1
Node 60 49 10.0499
Pkt 224 800 0.28 1
Pkt 224 800 0.28 1
Node 28 63 25.5539
Pkt 45 160 0.28125 1
Pkt 28 100 0.28 1
Rate:561.771
==========
==========6
4 0 2 24000
Node 71 57 22.1359
Pkt 45 160 0.28125 1
Pkt 54 192 0.28125 1
Node 68 39 21.095
Pkt 90 320 0.28125 1
Pkt 135 480 0.28125 1
Node 60 40 14.1421
Pkt 224 800 0.28 1
Pkt 224 800 0.28 1
Node 55 55 7.07107
Pkt 68 240 0.283333 1
Pkt 56 200 0.28 1
Rate:562.083
==========
==========7
4 0 2 24000
Node 71 48 21.095
Pkt 28 100 0.28 1
Pkt 34 120 0.283333 1
Node 40 25 26.9258
Pkt 84 300 0.28 1
Pkt 135 480 0.28125 1
Node 58 73 24.3516
Pkt 224 800 0.28 1
Pkt 210 750 0.28 1
Node 35 62 19.2094
Pkt 45 160 0.28125 1
Pkt 34 120 0.283333 1
Rate:562.292
==========
==========8
4 0 2 24000
Node 53 52 3.60555
Pkt 42 150 0.28 1
Pkt 42 150 0.28 1
Node 31 48 19.105
Pkt 112 400 0.28 1
Pkt 112 400 0.28 1
Node 68 65 23.4307
Pkt 224 800 0.28 1
Pkt 210 750 0.28 1
Node 58 44 10
Pkt 70 250 0.28 1
Pkt 28 100 0.28 1
Rate:560
==========
==========9
4 0 2 24000
Node 57 43 9.89949
Pkt 28 100 0.28 1
Pkt 42 150 0.28 1
Node 31 36 23.6008
Pkt 112 400 0.28 1
Pkt 112 400 0.28 1
Node 46 54 5.65685
Pkt 224 800 0.28 1
Pkt 210 750 0.28 1
Node 48 59 9.21954
Pkt 42 150 0.28 1
Pkt 35 125 0.28 1
Rate:560
==========
==========10
4 0 2 24000
Node 39 28 24.5967
Pkt 70 250 0.28 1
Pkt 42 150 0.28 1
Node 49 45 5.09902
Pkt 112 400 0.28 1
Pkt 84 300 0.28 1
Node 30 70 28.2843
Pkt 224 800 0.28 1
Pkt 224 800 0.28 1
Node 51 37 13.0384
Pkt 28 100 0.28 1
Pkt 34 120 0.283333 1
Rate:560.833
==========
==========11
4 0 2 24000
Node 54 56 7.2111
Pkt 45 160 0.28125 1
Pkt 45 160 0.28125 1
Node 44 68 18.9737
Pkt 112 400 0.28 1
Pkt 112 400 0.28 1
Node 44 52 6.32456
Pkt 210 750 0.28 1
Pkt 224 800 0.28 1
Node 55 32 18.6815
Pkt 28 100 0.28 1
Pkt 42 150 0.28 1
Rate:560.625
==========
==========12
4 0 2 24000
Node 58 36 16.1245
Pkt 68 240 0.283333 1
Pkt 34 120 0.283333 1
Node 44 38 13.4164
Pkt 112 400 0.28 1
Pkt 112 400 0.28 1
Node 49 43 7.07107
Pkt 224 800 0.28 1
Pkt 210 750 0.28 1
Node 60 70 22.3607
Pkt 54 192 0.28125 1
Pkt 34 120 0.283333 1
Rate:562.813
==========
==========13
4 0 2 24000
Node 68 38 21.6333
Pkt 56 200 0.28 1
Pkt 70 250 0.28 1
Node 52 54 4.47214
Pkt 135 480 0.28125 1
Pkt 112 400 0.28 1
Node 29 35 25.807
Pkt 210 750 0.28 1
Pkt 224 800 0.28 1
Node 62 59 15
Pkt 56 200 0.28 1
Pkt 70 250 0.28 1
Rate:560.313
==========
==========14
4 0 2 24000
Node 65 74 28.3019
Pkt 28 100 0.28 1
Pkt 28 100 0.28 1
Node 48 44 6.32456
Pkt 90 320 0.28125 1
Pkt 135 480 0.28125 1
Node 39 44 12.53
Pkt 210 750 0.28 1
Pkt 224 800 0.28 1
Node 64 26 27.7849
Pkt 42 150 0.28 1
Pkt 35 125 0.28 1
Rate:560.625
==========
==========15
4 0 2 24000
Node 41 50 9
Pkt 28 100 0.28 1
Pkt 54 192 0.28125 1
Node 47 54 5
Pkt 105 375 0.28 1
Pkt 112 400 0.28 1
Node 73 42 24.3516
Pkt 224 800 0.28 1
Pkt 210 750 0.28 1
Node 61 36 17.8045
Pkt 28 100 0.28 1
Pkt 35 125 0.28 1
Rate:560.313
==========
==========16
4 0 2 24000
Node 73 30 30.4795
Pkt 28 100 0.28 1
Pkt 28 100 0.28 1
Node 44 55 7.81025
Pkt 84 300 0.28 1
Pkt 135 480 0.28125 1
Node 52 65 15.1327
Pkt 210 750 0.28 1
Pkt 224 800 0.28 1
Node 67 41 19.2354
Pkt 70 250 0.28 1
Pkt 28 100 0.28 1
Rate:560.313
==========
==========17
4 0 2 24000
Node 72 50 22
Pkt 56 200 0.28 1
Pkt 54 192 0.28125 1
Node 29 59 22.8473
Pkt 135 480 0.28125 1
Pkt 105 375 0.28 1
Node 57 43 9.89949
Pkt 224 800 0.28 1
Pkt 224 800 0.28 1
Node 70 71 29
Pkt 42 150 0.28 1
Pkt 34 120 0.283333 1
Rate:561.458
==========
==========18
4 0 2 24000
Node 28 66 27.2029
Pkt 68 240 0.283333 1
Pkt 45 160 0.28125 1
Node 62 72 25.0599
Pkt 105 375 0.28 1
Pkt 105 375 0.28 1
Node 51 74 24.0208
Pkt 224 800 0.28 1
Pkt 224 800 0.28 1
Node 26 30 31.241
Pkt 28 100 0.28 1
Pkt 70 250 0.28 1
Rate:561.146
==========
==========19
4 0 2 24000
Node 63 26 27.2947
Pkt 68 240 0.283333 1
Pkt 45 160 0.28125 1
Node 29 45 21.587
Pkt 112 400 0.28 1
Pkt 112 400 0.28 1
Node 35 25 29.1548
Pkt 210 750 0.28 1
Pkt 224 800 0.28 1
Node 35 53 15.2971
Pkt 68 240 0.283333 1
Pkt 34 120 0.283333 1
Rate:562.812
==========
==========20
4 0 2 24000
Node 41 65 17.4929
Pkt 68 240 0.283333 1
Pkt 28 100 0.28 1
Node 44 72 22.8035
Pkt 135 480 0.28125 1
Pkt 90 320 0.28125 1
Node 38 42 14.4222
Pkt 224 800 0.28 1
Pkt 210 750 0.28 1
Node 33 34 23.3452
Pkt 28 100 0.28 1
Pkt 45 160 0.28125 1
Rate:561.771
==========
==========21
4 0 2 24000
Node 56 49 6.08276
Pkt 34 120 0.283333 1
Pkt 68 240 0.283333 1
Node 62 54 12.6491
Pkt 105 375 0.28 1
Pkt 135 480 0.28125 1
Node 57 70 21.1896
Pkt 224 800 0.28 1
Pkt 210 750 0.28 1
Node 57 32 19.3132
Pkt 28 100 0.28 1
Pkt 56 200 0.28 1
Rate:561.979
==========
==========22
4 0 2 24000
Node 50 56 6
Pkt 56 200 0.28 1
Pkt 45 160 0.28125 1
Node 25 40 26.9258
Pkt 105 375 0.28 1
Pkt 90 320 0.28125 1
Node 53 52 3.60555
Pkt 224 800 0.28 1
Pkt 224 800 0.28 1
Node 62 57 13.8924
Pkt 70 250 0.28 1
Pkt 70 250 0.28 1
Rate:560.625
==========
==========23
4 0 2 24000
Node 67 36 22.0227
Pkt 68 240 0.283333 1
Pkt 45 160 0.28125 1
Node 29 60 23.2594
Pkt 105 375 0.28 1
Pkt 135 480 0.28125 1
Node 43 41 11.4018
Pkt 224 800 0.28 1
Pkt 210 750 0.28 1
Node 55 68 18.6815
Pkt 34 120 0.283333 1
Pkt 54 192 0.28125 1
Rate:562.604
==========
==========24
4 0 2 24000
Node 39 73 25.4951
Pkt 68 240 0.283333 1
Pkt 34 120 0.283333 1
Node 70 29 29
Pkt 112 400 0.28 1
Pkt 105 375 0.28 1
Node 25 43 25.9615
Pkt 224 800 0.28 1
Pkt 224 800 0.28 1
Node 38 29 24.1868
Pkt 45 160 0.28125 1
Pkt 56 200 0.28 1
Rate:561.979
==========
==========25
4 0 2 24000
Node 59 34 18.3576
Pkt 45 160 0.28125 1
Pkt 35 125 0.28 1
Node 25 33 30.2324
Pkt 84 300 0.28 1
Pkt 84 300 0.28 1
Node 30 61 22.8254
Pkt 210 750 0.28 1
Pkt 224 800 0.28 1
Node 70 66 25.6125
Pkt 68 240 0.283333 1
Pkt 56 200 0.28 1
Rate:561.146
==========
==========26
4 0 2 24000
Node 73 73 32.5269
Pkt 54 192 0.28125 1
Pkt 56 200 0.28 1
Node 26 38 26.8328
Pkt 84 300 0.28 1
Pkt 112 400 0.28 1
Node 74 62 26.8328
Pkt 224 800 0.28 1
Pkt 224 800 0.28 1
Node 30 32 26.9072
Pkt 54 192 0.28125 1
Pkt 42 150 0.28 1
Rate:560.625
==========
==========27
4 0 2 24000
Node 41 37 15.8114
Pkt 56 200 0.28 1
Pkt 68 240 0.283333 1
Node 74 25 34.6554
Pkt 105 375 0.28 1
Pkt 112 400 0.28 1
Node 47 27 23.1948
Pkt 224 800 0.28 1
Pkt 210 750 0.28 1
Node 61 55 12.083
Pkt 34 120 0.283333 1
Pkt 35 125 0.28 1
Rate:561.667
==========
==========28
4 0 2 24000
Node 28 43 23.0868
Pkt 56 200 0.28 1
Pkt 70 250 0.28 1
Node 25 61 27.313
Pkt 112 400 0.28 1
Pkt 105 375 0.28 1
Node 47 49 3.16228
Pkt 224 800 0.28 1
Pkt 224 800 0.28 1
Node 50 35 15
Pkt 42 150 0.28 1
Pkt 68 240 0.283333 1
Rate:560.833
==========
==========29
4 0 2 24000
Node 67 51 17.0294
Pkt 70 250 0.28 1
Pkt 56 200 0.28 1
Node 46 33 17.4642
Pkt 105 375 0.28 1
Pkt 84 300 0.28 1
Node 53 50 3
Pkt 210 750 0.28 1
Pkt 224 800 0.28 1
Node 54 44 7.2111
Pkt 45 160 0.28125 1
Pkt 68 240 0.283333 1
Rate:561.146
==========
==========30
4 0 2 24000
Node 71 43 22.1359
Pkt 35 125 0.28 1
Pkt 68 240 0.283333 1
Node 49 41 9.05539
Pkt 105 375 0.28 1
Pkt 112 400 0.28 1
Node 54 65 15.5242
Pkt 210 750 0.28 1
Pkt 210 750 0.28 1
Node 51 54 4.12311
Pkt 35 125 0.28 1
Pkt 35 125 0.28 1
Rate:560.833
==========
==========31
4 0 2 24000
Node 48 61 11.1803
Pkt 45 160 0.28125 1
Pkt 56 200 0.28 1
Node 55 34 16.7631
Pkt 112 400 0.28 1
Pkt 84 300 0.28 1
Node 32 50 18
Pkt 210 750 0.28 1
Pkt 224 800 0.28 1
Node 39 71 23.7065
Pkt 28 100 0.28 1
Pkt 56 200 0.28 1
Rate:560.313
==========
==========32
4 0 2 24000
Node 25 66 29.6816
Pkt 34 120 0.283333 1
Pkt 42 150 0.28 1
Node 30 29 29
Pkt 135 480 0.28125 1
Pkt 90 320 0.28125 1
Node 62 36 18.4391
Pkt 224 800 0.28 1
Pkt 210 750 0.28 1
Node 64 29 25.2389
Pkt 70 250 0.28 1
Pkt 28 100 0.28 1
Rate:561.458
==========
==========33
4 0 2 24000
Node 44 44 8.48528
Pkt 68 240 0.283333 1
Pkt 70 250 0.28 1
Node 54 30 20.3961
Pkt 84 300 0.28 1
Pkt 105 375 0.28 1
Node 72 59 23.7697
Pkt 224 800 0.28 1
Pkt 210 750 0.28 1
Node 57 69 20.2485
Pkt 68 240 0.283333 1
Pkt 42 150 0.28 1
Rate:561.667
==========
==========34
4 0 2 24000
Node 47 58 8.544
Pkt 54 192 0.28125 1
Pkt 68 240 0.283333 1
Node 73 28 31.8277
Pkt 112 400 0.28 1
Pkt 84 300 0.28 1
Node 41 49 9.05539
Pkt 210 750 0.28 1
Pkt 224 800 0.28 1
Node 29 35 25.807
Pkt 42 150 0.28 1
Pkt 34 120 0.283333 1
Rate:561.979
==========
==========35
4 0 2 24000
Node 35 26 28.3019
Pkt 42 150 0.28 1
Pkt 42 150 0.28 1
Node 65 31 24.2074
Pkt 105 375 0.28 1
Pkt 135 480 0.28125 1
Node 69 67 25.4951
Pkt 224 800 0.28 1
Pkt 224 800 0.28 1
Node 44 34 17.088
Pkt 70 250 0.28 1
Pkt 56 200 0.28 1
Rate:560.313
==========
==========36
4 0 2 24000
Node 32 60 20.5913
Pkt 28 100 0.28 1
Pkt 34 120 0.283333 1
Node 60 37 16.4012
Pkt 135 480 0.28125 1
Pkt 112 400 0.28 1
Node 65 56 16.1555
Pkt 210 750 0.28 1
Pkt 210 750 0.28 1
Node 44 35 16.1555
Pkt 68 240 0.283333 1
Pkt 42 150 0.28 1
Rate:561.979
==========
==========37
4 0 2 24000
Node 69 50 19
Pkt 34 120 0.283333 1
Pkt 70 250 0.28 1
Node 49 25 25.02
Pkt 105 375 0.28 1
Pkt 112 400 0.28 1
Node 64 27 26.9258
Pkt 210 750 0.28 1
Pkt 210 750 0.28 1
Node 25 26 34.6554
Pkt 35 125 0.28 1
Pkt 35 125 0.28 1
Rate:560.833
==========
==========38
4 0 2 24000
Node 25 66 29.6816
Pkt 28 100 0.28 1
Pkt 45 160 0.28125 1
Node 62 43 13.8924
Pkt 135 480 0.28125 1
Pkt 84 300 0.28 1
Node 71 55 21.587
Pkt 210 750 0.28 1
Pkt 210 750 0.28 1
Node 48 66 16.1245
Pkt 35 125 0.28 1
Pkt 68 240 0.283333 1
Rate:561.458
==========
==========39
4 0 2 24000
Node 53 26 24.1868
Pkt 34 120 0.283333 1
Pkt 35 125 0.28 1
Node 49 71 21.0238
Pkt 84 300 0.28 1
Pkt 90 320 0.28125 1
Node 34 30 25.6125
Pkt 210 750 0.28 1
Pkt 210 750 0.28 1
Node 64 51 14.0357
Pkt 45 160 0.28125 1
Pkt 68 240 0.283333 1
Rate:562.292
==========
==========40
4 0 2 24000
Node 65 42 17
Pkt 35 125 0.28 1
Pkt 35 125 0.28 1
Node 60 42 12.8062
Pkt 135 480 0.28125 1
Pkt 84 300 0.28 1
Node 29 53 21.2132
Pkt 210 750 0.28 1
Pkt 210 750 0.28 1
Node 59 27 24.6982
Pkt 35 125 0.28 1
Pkt 42 150 0.28 1
Rate:560.313
==========
==========41
4 0 2 24000
Node 70 70 28.2843
Pkt 70 250 0.28 1
Pkt 35 125 0.28 1
Node 41 62 15
Pkt 105 375 0.28 1
Pkt 135 480 0.28125 1
Node 48 71 21.095
Pkt 224 800 0.28 1
Pkt 224 800 0.28 1
Node 55 27 23.5372
Pkt 70 250 0.28 1
Pkt 42 150 0.28 1
Rate:560.313
==========
==========42
4 0 2 24000
Node 66 44 17.088
Pkt 56 200 0.28 1
Pkt 28 100 0.28 1
Node 60 61 14.8661
Pkt 105 375 0.28 1
Pkt 105 375 0.28 1
Node 40 37 16.4012
Pkt 210 750 0.28 1
Pkt 224 800 0.28 1
Node 68 63 22.2036
Pkt 28 100 0.28 1
Pkt 34 120 0.283333 1
Rate:560.833
==========
==========43
4 0 2 24000
Node 31 55 19.6469
Pkt 28 100 0.28 1
Pkt 54 192 0.28125 1
Node 42 50 8
Pkt 135 480 0.28125 1
Pkt 135 480 0.28125 1
Node 30 52 20.0998
Pkt 224 800 0.28 1
Pkt 210 750 0.28 1
Node 26 37 27.2947
Pkt 35 125 0.28 1
Pkt 28 100 0.28 1
Rate:560.938
==========
==========44
4 0 2 24000
Node 46 53 5
Pkt 56 200 0.28 1
Pkt 54 192 0.28125 1
Node 63 62 17.6918
Pkt 112 400 0.28 1
Pkt 90 320 0.28125 1
Node 59 40 13.4536
Pkt 210 750 0.28 1
Pkt 224 800 0.28 1
Node 59 32 20.1246
Pkt 54 192 0.28125 1
Pkt 54 192 0.28125 1
Rate:561.25
==========
==========45
4 0 2 24000
Node 59 48 9.21954
Pkt 56 200 0.28 1
Pkt 45 160 0.28125 1
Node 48 54 4.47214
Pkt 105 375 0.28 1
Pkt 105 375 0.28 1
Node 39 72 24.5967
Pkt 210 750 0.28 1
Pkt 210 750 0.28 1
Node 42 38 14.4222
Pkt 28 100 0.28 1
Pkt 28 100 0.28 1
Rate:560.313
==========
==========46
4 0 2 24000
Node 38 48 12.1655
Pkt 45 160 0.28125 1
Pkt 68 240 0.283333 1
Node 58 25 26.2488
Pkt 135 480 0.28125 1
Pkt 135 480 0.28125 1
Node 41 29 22.8473
Pkt 224 800 0.28 1
Pkt 210 750 0.28 1
Node 36 31 23.6008
Pkt 45 160 0.28125 1
Pkt 34 120 0.283333 1
Rate:562.917
==========
==========47
4 0 2 24000
Node 30 30 28.2843
Pkt 54 192 0.28125 1
Pkt 34 120 0.283333 1
Node 48 69 19.105
Pkt 84 300 0.28 1
Pkt 105 375 0.28 1
Node 73 36 26.9258
Pkt 224 800 0.28 1
Pkt 224 800 0.28 1
Node 52 35 15.1327
Pkt 70 250 0.28 1
Pkt 70 250 0.28 1
Rate:561.146
==========
==========48
4 0 2 24000
Node 48 65 15.1327
Pkt 34 120 0.283333 1
Pkt 42 150 0.28 1
Node 33 55 17.72
Pkt 90 320 0.28125 1
Pkt 105 375 0.28 1
Node 70 44 20.8806
Pkt 224 800 0.28 1
Pkt 224 800 0.28 1
Node 60 53 10.4403
Pkt 56 200 0.28 1
Pkt 35 125 0.28 1
Rate:561.146
==========
==========49
4 0 2 24000
Node 29 29 29.6985
Pkt 68 240 0.283333 1
Pkt 35 125 0.28 1
Node 43 36 15.6525
Pkt 90 320 0.28125 1
Pkt 84 300 0.28 1
Node 45 66 16.7631
Pkt 224 800 0.28 1
Pkt 224 800 0.28 1
Node 60 67 19.7231
Pkt 56 200 0.28 1
Pkt 34 120 0.283333 1
Rate:561.979
==========
==========50
4 0 2 24000
Node 60 63 16.4012
Pkt 28 100 0.28 1
Pkt 45 160 0.28125 1
Node 41 49 9.05539
Pkt 90 320 0.28125 1
Pkt 84 300 0.28 1
Node 28 36 26.0768
Pkt 224 800 0.28 1
Pkt 224 800 0.28 1
Node 44 69 19.9249
Pkt 28 100 0.28 1
Pkt 70 250 0.28 1
Rate:560.625
==========
==========51
4 0 2 24000
Node 73 26 33.2415
Pkt 68 240 0.283333 1
Pkt 42 150 0.28 1
Node 66 37 20.6155
Pkt 112 400 0.28 1
Pkt 112 400 0.28 1
Node 29 42 22.4722
Pkt 210 750 0.28 1
Pkt 210 750 0.28 1
Node 73 34 28.0179
Pkt 42 150 0.28 1
Pkt 56 200 0.28 1
Rate:560.833
==========
==========52
4 0 2 24000
Node 59 47 9.48683
Pkt 35 125 0.28 1
Pkt 68 240 0.283333 1
Node 58 25 26.2488
Pkt 90 320 0.28125 1
Pkt 105 375 0.28 1
Node 48 60 10.198
Pkt 224 800 0.28 1
Pkt 224 800 0.28 1
Node 44 57 9.21954
Pkt 56 200 0.28 1
Pkt 28 100 0.28 1
Rate:561.146
==========
==========53
4 0 2 24000
Node 44 72 22.8035
Pkt 42 150 0.28 1
Pkt 54 192 0.28125 1
Node 32 70 26.9072
Pkt 105 375 0.28 1
Pkt 84 300 0.28 1
Node 70 27 30.4795
Pkt 224 800 0.28 1
Pkt 224 800 0.28 1
Node 73 47 23.1948
Pkt 45 160 0.28125 1
Pkt 28 100 0.28 1
Rate:560.625
==========
==========54
4 0 2 24000
Node 55 28 22.561
Pkt 28 100 0.28 1
Pkt 68 240 0.283333 1
Node 35 47 15.2971
Pkt 84 300 0.28 1
Pkt 135 480 0.28125 1
Node 51 43 7.07107
Pkt 224 800 0.28 1
Pkt 224 800 0.28 1
Node 50 70 20
Pkt 54 192 0.28125 1
Pkt 56 200 0.28 1
Rate:561.458
==========
==========55
4 0 2 24000
Node 39 37 17.0294
Pkt 54 192 0.28125 1
Pkt 70 250 0.28 1
Node 27 50 23
Pkt 135 480 0.28125 1
Pkt 135 480 0.28125 1
Node 45 53 5.83095
Pkt 224 800 0.28 1
Pkt 224 800 0.28 1
Node 48 46 4.47214
Pkt 54 192 0.28125 1
Pkt 70 250 0.28 1
Rate:561.25
==========
==========56
4 0 2 24000
Node 51 57 7.07107
Pkt 34 120 0.283333 1
Pkt 70 250 0.28 1
Node 39 31 21.9545
Pkt 90 320 0.28125 1
Pkt 135 480 0.28125 1
Node 40 27 25.0799
Pkt 224 800 0.28 1
Pkt 224 800 0.28 1
Node 58 64 16.1245
Pkt 28 100 0.28 1
Pkt 54 192 0.28125 1
Rate:561.771
==========
==========57
4 0 2 24000
Node 72 66 27.2029
Pkt 70 250 0.28 1
Pkt 54 192 0.28125 1
Node 44 43 9.21954
Pkt 105 375 0.28 1
Pkt 112 400 0.28 1
Node 43 30 21.1896
Pkt 210 750 0.28 1
Pkt 210 750 0.28 1
Node 67 34 23.3452
Pkt 34 120 0.283333 1
Pkt 45 160 0.28125 1
Rate:561.458
==========
==========58
4 0 2 24000
Node 48 34 16.1245
Pkt 34 120 0.283333 1
Pkt 70 250 0.28 1
Node 33 48 17.1172
Pkt 84 300 0.28 1
Pkt 105 375 0.28 1
Node 36 53 14.3178
Pkt 210 750 0.28 1
Pkt 210 750 0.28 1
Node 29 43 22.1359
Pkt 56 200 0.28 1
Pkt 70 250 0.28 1
Rate:560.833
==========
==========59
4 0 2 24000
Node 71 66 26.4008
Pkt 35 125 0.28 1
Pkt 34 120 0.283333 1
Node 53 26 24.1868
Pkt 90 320 0.28125 1
Pkt 90 320 0.28125 1
Node 68 40 20.5913
Pkt 224 800 0.28 1
Pkt 224 800 0.28 1
Node 74 72 32.5576
Pkt 34 120 0.283333 1
Pkt 54 192 0.28125 1
Rate:562.604
==========
==========60
4 0 2 24000
Node 46 59 9.84886
Pkt 35 125 0.28 1
Pkt 42 150 0.28 1
Node 62 55 13
Pkt 105 375 0.28 1
Pkt 105 375 0.28 1
Node 66 27 28.0179
Pkt 224 800 0.28 1
Pkt 210 750 0.28 1
Node 27 48 23.0868
Pkt 45 160 0.28125 1
Pkt 35 125 0.28 1
Rate:560.313
==========
==========61
4 0 2 24000
Node 26 26 33.9411
Pkt 42 150 0.28 1
Pkt 45 160 0.28125 1
Node 25 43 25.9615
Pkt 105 375 0.28 1
Pkt 135 480 0.28125 1
Node 34 72 27.2029
Pkt 224 800 0.28 1
Pkt 210 750 0.28 1
Node 71 26 31.8904
Pkt 56 200 0.28 1
Pkt 45 160 0.28125 1
Rate:560.938
==========
==========62
4 0 2 24000
Node 47 52 3.60555
Pkt 35 125 0.28 1
Pkt 34 120 0.283333 1
Node 71 63 24.6982
Pkt 90 320 0.28125 1
Pkt 84 300 0.28 1
Node 61 48 11.1803
Pkt 210 750 0.28 1
Pkt 224 800 0.28 1
Node 55 49 5.09902
Pkt 70 250 0.28 1
Pkt 68 240 0.283333 1
Rate:561.979
==========
==========63
4 0 2 24000
Node 56 61 12.53
Pkt 28 100 0.28 1
Pkt 56 200 0.28 1
Node 25 67 30.2324
Pkt 105 375 0.28 1
Pkt 105 375 0.28 1
Node 29 40 23.2594
Pkt 224 800 0.28 1
Pkt 210 750 0.28 1
Node 64 42 16.1245
Pkt 54 192 0.28125 1
Pkt 45 160 0.28125 1
Rate:560.625
==========
==========64
4 0 2 24000
Node 28 32 28.4253
Pkt 28 100 0.28 1
Pkt 35 125 0.28 1
Node 52 69 19.105
Pkt 90 320 0.28125 1
Pkt 90 320 0.28125 1
Node 50 52 2
Pkt 224 800 0.28 1
Pkt 224 800 0.28 1
Node 38 51 12.0416
Pkt 68 240 0.283333 1
Pkt 35 125 0.28 1
Rate:561.458
==========
==========65
4 0 2 24000
Node 66 47 16.2788
Pkt 35 125 0.28 1
Pkt 42 150 0.28 1
Node 37 52 13.1529
Pkt 90 320 0.28125 1
Pkt 135 480 0.28125 1
Node 48 42 8.24621
Pkt 224 800 0.28 1
Pkt 210 750 0.28 1
Node 74 49 24.0208
Pkt 56 200 0.28 1
Pkt 68 240 0.283333 1
Rate:561.458
==========
==========66
4 0 2 24000
Node 37 54 13.6015
Pkt 28 100 0.28 1
Pkt 54 192 0.28125 1
Node 73 25 33.9706
Pkt 112 400 0.28 1
Pkt 84 300 0.28 1
Node 48 68 18.1108
Pkt 210 750 0.28 1
Pkt 224 800 0.28 1
Node 28 35 26.6271
Pkt 42 150 0.28 1
Pkt 42 150 0.28 1
Rate:560.313
==========
==========67
4 0 2 24000
Node 42 65 17
Pkt 28 100 0.28 1
Pkt 45 160 0.28125 1
Node 29 30 29
Pkt 90 320 0.28125 1
Pkt 90 320 0.28125 1
Node 34 35 21.9317
Pkt 210 750 0.28 1
Pkt 210 750 0.28 1
Node 35 51 15.0333
Pkt 35 125 0.28 1
Pkt 70 250 0.28 1
Rate:560.938
==========
==========68
4 0 2 24000
Node 72 68 28.4253
Pkt 54 192 0.28125 1
Pkt 45 160 0.28125 1
Node 33 49 17.0294
Pkt 84 300 0.28 1
Pkt 105 375 0.28 1
Node 57 70 21.1896
Pkt 224 800 0.28 1
Pkt 224 800 0.28 1
Node 31 40 21.4709
Pkt 35 125 0.28 1
Pkt 35 125 0.28 1
Rate:560.625
==========
==========69
4 0 2 24000
Node 33 25 30.2324
Pkt 56 200 0.28 1
Pkt 56 200 0.28 1
Node 56 67 18.0278
Pkt 90 320 0.28125 1
Pkt 135 480 0.28125 1
Node 26 60 26
Pkt 224 800 0.28 1
Pkt 224 800 0.28 1
Node 59 60 13.4536
Pkt 28 100 0.28 1
Pkt 42 150 0.28 1
Rate:560.625
==========
==========70
4 0 2 24000
Node 40 49 10.0499
Pkt 35 125 0.28 1
Pkt 54 192 0.28125 1
Node 72 65 26.6271
Pkt 112 400 0.28 1
Pkt 112 400 0.28 1
Node 63 53 13.3417
Pkt 224 800 0.28 1
Pkt 210 750 0.28 1
Node 42 69 20.6155
Pkt 68 240 0.283333 1
Pkt 35 125 0.28 1
Rate:561.146
==========
==========71
4 0 2 24000
Node 63 48 13.1529
Pkt 28 100 0.28 1
Pkt 45 160 0.28125 1
Node 51 32 18.0278
Pkt 90 320 0.28125 1
Pkt 84 300 0.28 1
Node 58 49 8.06226
Pkt 224 800 0.28 1
Pkt 224 800 0.28 1
Node 34 55 16.7631
Pkt 54 192 0.28125 1
Pkt 56 200 0.28 1
Rate:560.938
==========
==========72
4 0 2 24000
Node 45 53 5.83095
Pkt 42 150 0.28 1
Pkt 35 125 0.28 1
Node 30 59 21.9317
Pkt 84 300 0.28 1
Pkt 105 375 0.28 1
Node 25 51 25.02
Pkt 224 800 0.28 1
Pkt 224 800 0.28 1
Node 62 58 14.4222
Pkt 28 100 0.28 1
Pkt 56 200 0.28 1
Rate:560
==========
==========73
4 0 2 24000
Node 70 40 22.3607
Pkt 35 125 0.28 1
Pkt 28 100 0.28 1
Node 72 50 22
Pkt 90 320 0.28125 1
Pkt 84 300 0.28 1
Node 73 39 25.4951
Pkt 210 750 0.28 1
Pkt 224 800 0.28 1
Node 51 39 11.0454
Pkt 35 125 0.28 1
Pkt 68 240 0.283333 1
Rate:561.146
==========
==========74
4 0 2 24000
Node 45 49 5.09902
Pkt 42 150 0.28 1
Pkt 56 200 0.28 1
Node 34 47 16.2788
Pkt 90 320 0.28125 1
Pkt 84 300 0.28 1
Node 25 61 27.313
Pkt 210 750 0.28 1
Pkt 224 800 0.28 1
Node 51 64 14.0357
Pkt 70 250 0.28 1
Pkt 42 150 0.28 1
Rate:560.313
==========
==========75
4 0 2 24000
Node 43 65 16.5529
Pkt 56 200 0.28 1
Pkt 68 240 0.283333 1
Node 37 28 25.5539
Pkt 84 300 0.28 1
Pkt 105 375 0.28 1
Node 30 67 26.2488
Pkt 210 750 0.28 1
Pkt 210 750 0.28 1
Node 66 45 16.7631
Pkt 70 250 0.28 1
Pkt 56 200 0.28 1
Rate:560.833
==========
==========76
4 0 2 24000
Node 31 26 30.6105
Pkt 34 120 0.283333 1
Pkt 28 100 0.28 1
Node 63 66 20.6155
Pkt 90 320 0.28125 1
Pkt 135 480 0.28125 1
Node 73 25 33.9706
Pkt 210 750 0.28 1
Pkt 224 800 0.28 1
Node 44 35 16.1555
Pkt 34 120 0.283333 1
Pkt 45 160 0.28125 1
Rate:562.604
==========
==========77
4 0 2 24000
Node 48 32 18.1108
Pkt 70 250 0.28 1
Pkt 34 120 0.283333 1
Node 43 55 8.60233
Pkt 105 375 0.28 1
Pkt 84 300 0.28 1
Node 37 50 13
Pkt 210 750 0.28 1
Pkt 210 750 0.28 1
Node 48 64 14.1421
Pkt 35 125 0.28 1
Pkt 45 160 0.28125 1
Rate:561.146
==========
==========78
4 0 2 24000
Node 64 68 22.8035
Pkt 70 250 0.28 1
Pkt 28 100 0.28 1
Node 50 51 1
Pkt 105 375 0.28 1
Pkt 112 400 0.28 1
Node 71 68 27.6586
Pkt 210 750 0.28 1
Pkt 210 750 0.28 1
Node 70 69 27.5862
Pkt 45 160 0.28125 1
Pkt 34 120 0.283333 1
Rate:561.146
==========
==========79
4 0 2 24000
Node 35 50 15
Pkt 56 200 0.28 1
Pkt 34 120 0.283333 1
Node 73 65 27.4591
Pkt 84 300 0.28 1
Pkt 84 300 0.28 1
Node 72 30 29.7321
Pkt 210 750 0.28 1
Pkt 224 800 0.28 1
Node 69 52 19.105
Pkt 42 150 0.28 1
Pkt 35 125 0.28 1
Rate:560.833
==========
==========80
4 0 2 24000
Node 48 30 20.0998
Pkt 45 160 0.28125 1
Pkt 34 120 0.283333 1
Node 66 65 21.9317
Pkt 90 320 0.28125 1
Pkt 135 480 0.28125 1
Node 35 56 16.1555
Pkt 224 800 0.28 1
Pkt 210 750 0.28 1
Node 52 34 16.1245
Pkt 42 150 0.28 1
Pkt 70 250 0.28 1
Rate:561.771
==========
==========81
4 0 2 24000
Node 58 48 8.24621
Pkt 70 250 0.28 1
Pkt 45 160 0.28125 1
Node 44 26 24.7386
Pkt 105 375 0.28 1
Pkt 135 480 0.28125 1
Node 57 66 17.4642
Pkt 224 800 0.28 1
Pkt 210 750 0.28 1
Node 44 62 13.4164
Pkt 28 100 0.28 1
Pkt 42 150 0.28 1
Rate:560.625
==========
==========82
4 0 2 24000
Node 67 69 25.4951
Pkt 35 125 0.28 1
Pkt 34 120 0.283333 1
Node 26 36 27.7849
Pkt 112 400 0.28 1
Pkt 105 375 0.28 1
Node 43 32 19.3132
Pkt 224 800 0.28 1
Pkt 210 750 0.28 1
Node 32 35 23.4307
Pkt 28 100 0.28 1
Pkt 54 192 0.28125 1
Rate:561.146
==========
==========83
4 0 2 24000
Node 44 70 20.8806
Pkt 68 240 0.283333 1
Pkt 34 120 0.283333 1
Node 74 33 29.4109
Pkt 90 320 0.28125 1
Pkt 135 480 0.28125 1
Node 74 43 25
Pkt 224 800 0.28 1
Pkt 224 800 0.28 1
Node 71 62 24.1868
Pkt 54 192 0.28125 1
Pkt 45 160 0.28125 1
Rate:562.917
==========
==========84
4 0 2 24000
Node 42 61 13.6015
Pkt 35 125 0.28 1
Pkt 28 100 0.28 1
Node 41 34 18.3576
Pkt 112 400 0.28 1
Pkt 135 480 0.28125 1
Node 41 27 24.6982
Pkt 224 800 0.28 1
Pkt 210 750 0.28 1
Node 46 72 22.3607
Pkt 68 240 0.283333 1
Pkt 42 150 0.28 1
Rate:561.146
==========
==========85
4 0 2 24000
Node 29 46 21.3776
Pkt 54 192 0.28125 1
Pkt 42 150 0.28 1
Node 42 37 15.2643
Pkt 90 320 0.28125 1
Pkt 105 375 0.28 1
Node 62 27 25.9422
Pkt 210 750 0.28 1
Pkt 224 800 0.28 1
Node 64 50 14
Pkt 68 240 0.283333 1
Pkt 45 160 0.28125 1
Rate:561.771
==========
==========86
4 0 2 24000
Node 27 62 25.9422
Pkt 54 192 0.28125 1
Pkt 28 100 0.28 1
Node 43 67 18.3848
Pkt 112 400 0.28 1
Pkt 105 375 0.28 1
Node 40 39 14.8661
Pkt 224 800 0.28 1
Pkt 224 800 0.28 1
Node 28 67 27.8029
Pkt 56 200 0.28 1
Pkt 70 250 0.28 1
Rate:560.313
==========
==========87
4 0 2 24000
Node 47 35 15.2971
Pkt 68 240 0.283333 1
Pkt 34 120 0.283333 1
Node 47 35 15.2971
Pkt 84 300 0.28 1
Pkt 90 320 0.28125 1
Node 39 74 26.4008
Pkt 210 750 0.28 1
Pkt 210 750 0.28 1
Node 28 31 29.0689
Pkt 35 125 0.28 1
Pkt 68 240 0.283333 1
Rate:562.813
==========
==========88
4 0 2 24000
Node 41 42 12.0416
Pkt 42 150 0.28 1
Pkt 45 160 0.28125 1
Node 48 37 13.1529
Pkt 105 375 0.28 1
Pkt 90 320 0.28125 1
Node 28 34 27.2029
Pkt 224 800 0.28 1
Pkt 210 750 0.28 1
Node 28 46 22.3607
Pkt 28 100 0.28 1
Pkt 35 125 0.28 1
Rate:560.625
==========
==========89
4 0 2 24000
Node 53 45 5.83095
Pkt 56 200 0.28 1
Pkt 28 100 0.28 1
Node 47 33 17.2627
Pkt 90 320 0.28125 1
Pkt 105 375 0.28 1
Node 45 65 15.8114
Pkt 224 800 0.28 1
Pkt 210 750 0.28 1
Node 73 28 31.8277
Pkt 28 100 0.28 1
Pkt 54 192 0.28125 1
Rate:560.625
==========
==========90
4 0 2 24000
Node 27 55 23.5372
Pkt 56 200 0.28 1
Pkt 28 100 0.28 1
Node 61 65 18.6011
Pkt 105 375 0.28 1
Pkt 84 300 0.28 1
Node 44 37 14.3178
Pkt 210 750 0.28 1
Pkt 224 800 0.28 1
Node 30 41 21.9317
Pkt 35 125 0.28 1
Pkt 56 200 0.28 1
Rate:560
==========
==========91
4 0 2 24000
Node 64 36 19.799
Pkt 70 250 0.28 1
Pkt 34 120 0.283333 1
Node 56 73 23.7697
Pkt 105 375 0.28 1
Pkt 105 375 0.28 1
Node 59 54 9.84886
Pkt 224 800 0.28 1
Pkt 224 800 0.28 1
Node 27 28 31.8277
Pkt 28 100 0.28 1
Pkt 34 120 0.283333 1
Rate:561.667
==========
==========92
4 0 2 24000
Node 25 50 25
Pkt 45 160 0.28125 1
Pkt 35 125 0.28 1
Node 28 33 27.8029
Pkt 105 375 0.28 1
Pkt 84 300 0.28 1
Node 45 45 7.07107
Pkt 224 800 0.28 1
Pkt 224 800 0.28 1
Node 51 56 6.08276
Pkt 28 100 0.28 1
Pkt 42 150 0.28 1
Rate:560.313
==========
==========93
4 0 2 24000
Node 44 57 9.21954
Pkt 70 250 0.28 1
Pkt 56 200 0.28 1
Node 54 51 4.12311
Pkt 84 300 0.28 1
Pkt 135 480 0.28125 1
Node 48 52 2.82843
Pkt 210 750 0.28 1
Pkt 224 800 0.28 1
Node 71 74 31.8904
Pkt 35 125 0.28 1
Pkt 42 150 0.28 1
Rate:560.313
==========
==========94
4 0 2 24000
Node 57 40 12.2066
Pkt 54 192 0.28125 1
Pkt 35 125 0.28 1
Node 50 33 17
Pkt 112 400 0.28 1
Pkt 90 320 0.28125 1
Node 66 58 17.8885
Pkt 210 750 0.28 1
Pkt 210 750 0.28 1
Node 52 46 4.47214
Pkt 35 125 0.28 1
Pkt 70 250 0.28 1
Rate:560.625
==========
==========95
4 0 2 24000
Node 44 50 6
Pkt 45 160 0.28125 1
Pkt 68 240 0.283333 1
Node 69 51 19.0263
Pkt 90 320 0.28125 1
Pkt 135 480 0.28125 1
Node 54 45 6.40312
Pkt 210 750 0.28 1
Pkt 224 800 0.28 1
Node 74 31 30.6105
Pkt 56 200 0.28 1
Pkt 45 160 0.28125 1
Rate:562.083
==========
==========96
4 0 2 24000
Node 44 62 13.4164
Pkt 45 160 0.28125 1
Pkt 28 100 0.28 1
Node 54 57 8.06226
Pkt 84 300 0.28 1
Pkt 90 320 0.28125 1
Node 60 28 24.1661
Pkt 210 750 0.28 1
Pkt 210 750 0.28 1
Node 57 34 17.4642
Pkt 56 200 0.28 1
Pkt 45 160 0.28125 1
Rate:560.938
==========
==========97
4 0 2 24000
Node 73 55 23.5372
Pkt 35 125 0.28 1
Pkt 34 120 0.283333 1
Node 49 28 22.0227
Pkt 105 375 0.28 1
Pkt 90 320 0.28125 1
Node 42 72 23.4094
Pkt 224 800 0.28 1
Pkt 224 800 0.28 1
Node 67 74 29.4109
Pkt 42 150 0.28 1
Pkt 42 150 0.28 1
Rate:561.146
==========
==========98
4 0 2 24000
Node 33 42 18.7883
Pkt 68 240 0.283333 1
Pkt 28 100 0.28 1
Node 25 55 25.4951
Pkt 84 300 0.28 1
Pkt 112 400 0.28 1
Node 38 62 16.9706
Pkt 210 750 0.28 1
Pkt 210 750 0.28 1
Node 66 41 18.3576
Pkt 34 120 0.283333 1
Pkt 28 100 0.28 1
Rate:561.667
==========
==========99
