4 0 2 24000
Node 68 74 30
Pkt 48 150 0.32 1
Pkt 32 100 0.32 1
Node 50 31 19
Pkt 96 300 0.32 1
Pkt 128 400 0.32 1
Node 54 35 15.5242
Pkt 256 800 0.32 1
Pkt 240 750 0.32 1
Node 71 53 21.2132
Pkt 52 160 0.325 1
Pkt 32 100 0.32 1
Rate:641.25
==========
==========0
4 0 2 24000
Node 26 50 24
Pkt 62 192 0.322917 1
Pkt 48 150 0.32 1
Node 46 25 25.318
Pkt 120 375 0.32 1
Pkt 96 300 0.32 1
Node 34 39 19.4165
Pkt 240 750 0.32 1
Pkt 240 750 0.32 1
Node 55 32 18.6815
Pkt 52 160 0.325 1
Pkt 52 160 0.325 1
Rate:643.229
==========
==========1
4 0 2 24000
Node 41 32 20.1246
Pkt 40 125 0.32 1
Pkt 80 250 0.32 1
Node 58 74 25.2982
Pkt 120 375 0.32 1
Pkt 128 400 0.32 1
Node 70 41 21.9317
Pkt 240 750 0.32 1
Pkt 256 800 0.32 1
Node 60 70 22.3607
Pkt 64 200 0.32 1
Pkt 77 240 0.320833 1
Rate:640.208
==========
==========2
4 0 2 24000
Node 32 61 21.095
Pkt 52 160 0.325 1
Pkt 39 120 0.325 1
Node 65 33 22.6716
Pkt 96 300 0.32 1
Pkt 120 375 0.32 1
Node 44 38 13.4164
Pkt 240 750 0.32 1
Pkt 240 750 0.32 1
Node 60 34 18.868
Pkt 40 125 0.32 1
Pkt 32 100 0.32 1
Rate:642.5
==========
==========3
4 0 2 24000
Node 33 74 29.4109
Pkt 32 100 0.32 1
Pkt 64 200 0.32 1
Node 33 37 21.4009
Pkt 154 480 0.320833 1
Pkt 154 480 0.320833 1
Node 26 40 26
Pkt 256 800 0.32 1
Pkt 256 800 0.32 1
Node 58 41 12.0416
Pkt 64 200 0.32 1
Pkt 48 150 0.32 1
Rate:640.417
==========
==========4
4 0 2 24000
Node 28 41 23.7697
Pkt 64 200 0.32 1
Pkt 64 200 0.32 1
Node 62 64 18.4391
Pkt 154 480 0.320833 1
Pkt 103 320 0.321875 1
Node 28 67 27.8029
Pkt 240 750 0.32 1
Pkt 256 800 0.32 1
Node 49 35 15.0333
Pkt 48 150 0.32 1
Pkt 77 240 0.320833 1
Rate:640.885
==========
==========5
4 0 2 24000
Node 40 31 21.4709
Pkt 32 100 0.32 1
Pkt 32 100 0.32 1
Node 43 59 11.4018
Pkt 128 400 0.32 1
Pkt 103 320 0.321875 1
Node 52 70 20.0998
Pkt 256 800 0.32 1
Pkt 256 800 0.32 1
Node 37 25 28.178
Pkt 32 100 0.32 1
Pkt 80 250 0.32 1
Rate:640.469
==========
==========6
4 0 2 24000
Node 30 36 24.4131
Pkt 39 120 0.325 1
Pkt 32 100 0.32 1
Node 53 58 8.544
Pkt 96 300 0.32 1
Pkt 103 320 0.321875 1
Node 72 37 25.5539
Pkt 256 800 0.32 1
Pkt 240 750 0.32 1
Node 58 26 25.2982
Pkt 52 160 0.325 1
Pkt 39 120 0.325 1
Rate:644.219
==========
==========7
4 0 2 24000
Node 72 74 32.5576
Pkt 62 192 0.322917 1
Pkt 77 240 0.320833 1
Node 31 28 29.0689
Pkt 154 480 0.320833 1
Pkt 103 320 0.321875 1
Node 61 56 12.53
Pkt 240 750 0.32 1
Pkt 240 750 0.32 1
Node 46 59 9.84886
Pkt 80 250 0.32 1
Pkt 77 240 0.320833 1
Rate:641.823
==========
==========8
4 0 2 24000
Node 32 73 29.2062
Pkt 64 200 0.32 1
Pkt 80 250 0.32 1
Node 68 59 20.1246
Pkt 120 375 0.32 1
Pkt 103 320 0.321875 1
Node 54 35 15.5242
Pkt 256 800 0.32 1
Pkt 240 750 0.32 1
Node 73 29 31.1448
Pkt 52 160 0.325 1
Pkt 64 200 0.32 1
Rate:641.719
==========
==========9
4 0 2 24000
Node 74 49 24.0208
Pkt 39 120 0.325 1
Pkt 52 160 0.325 1
Node 52 64 14.1421
Pkt 154 480 0.320833 1
Pkt 120 375 0.32 1
Node 51 39 11.0454
Pkt 240 750 0.32 1
Pkt 240 750 0.32 1
Node 48 32 18.1108
Pkt 62 192 0.322917 1
Pkt 77 240 0.320833 1
Rate:643.646
==========
==========10
4 0 2 24000
Node 53 60 10.4403
Pkt 64 200 0.32 1
Pkt 52 160 0.325 1
Node 35 74 28.3019
Pkt 120 375 0.32 1
Pkt 154 480 0.320833 1
Node 27 32 29.2062
Pkt 240 750 0.32 1
Pkt 256 800 0.32 1
Node 32 28 28.4253
Pkt 52 160 0.325 1
Pkt 48 150 0.32 1
Rate:642.708
==========
==========11
4 0 2 24000
Node 29 53 21.2132
Pkt 64 200 0.32 1
Pkt 62 192 0.322917 1
Node 43 31 20.2485
Pkt 120 375 0.32 1
Pkt 128 400 0.32 1
Node 32 68 25.4558
Pkt 240 750 0.32 1
Pkt 256 800 0.32 1
Node 68 28 28.4253
Pkt 39 120 0.325 1
Pkt 52 160 0.325 1
Rate:643.229
==========
==========12
4 0 2 24000
Node 46 39 11.7047
Pkt 77 240 0.320833 1
Pkt 48 150 0.32 1
Node 46 36 14.5602
Pkt 96 300 0.32 1
Pkt 154 480 0.320833 1
Node 28 49 22.0227
Pkt 256 800 0.32 1
Pkt 256 800 0.32 1
Node 25 40 26.9258
Pkt 80 250 0.32 1
Pkt 64 200 0.32 1
Rate:640.417
==========
==========13
4 0 2 24000
Node 65 31 24.2074
Pkt 39 120 0.325 1
Pkt 64 200 0.32 1
Node 62 52 12.1655
Pkt 128 400 0.32 1
Pkt 120 375 0.32 1
Node 59 44 10.8167
Pkt 240 750 0.32 1
Pkt 240 750 0.32 1
Node 42 64 16.1245
Pkt 40 125 0.32 1
Pkt 80 250 0.32 1
Rate:641.25
==========
==========14
4 0 2 24000
Node 50 71 21
Pkt 48 150 0.32 1
Pkt 80 250 0.32 1
Node 40 40 14.1421
Pkt 120 375 0.32 1
Pkt 96 300 0.32 1
Node 52 74 24.0832
Pkt 256 800 0.32 1
Pkt 256 800 0.32 1
Node 51 43 7.07107
Pkt 40 125 0.32 1
Pkt 80 250 0.32 1
Rate:640
==========
==========15
4 0 2 24000
Node 48 25 25.0799
Pkt 77 240 0.320833 1
Pkt 62 192 0.322917 1
Node 32 50 18
Pkt 128 400 0.32 1
Pkt 103 320 0.321875 1
Node 68 58 19.6977
Pkt 256 800 0.32 1
Pkt 256 800 0.32 1
Node 55 34 16.7631
Pkt 32 100 0.32 1
Pkt 64 200 0.32 1
Rate:641.406
==========
==========16
4 0 2 24000
Node 30 47 20.2237
Pkt 77 240 0.320833 1
Pkt 40 125 0.32 1
Node 35 34 21.9317
Pkt 96 300 0.32 1
Pkt 154 480 0.320833 1
Node 25 71 32.6497
Pkt 256 800 0.32 1
Pkt 240 750 0.32 1
Node 62 35 19.2094
Pkt 64 200 0.32 1
Pkt 40 125 0.32 1
Rate:640.417
==========
==========17
4 0 2 24000
Node 40 39 14.8661
Pkt 32 100 0.32 1
Pkt 64 200 0.32 1
Node 63 57 14.7648
Pkt 96 300 0.32 1
Pkt 154 480 0.320833 1
Node 71 36 25.2389
Pkt 240 750 0.32 1
Pkt 256 800 0.32 1
Node 63 39 17.0294
Pkt 62 192 0.322917 1
Pkt 48 150 0.32 1
Rate:640.937
==========
==========18
4 0 2 24000
Node 65 34 21.9317
Pkt 52 160 0.325 1
Pkt 32 100 0.32 1
Node 68 38 21.6333
Pkt 120 375 0.32 1
Pkt 103 320 0.321875 1
Node 28 40 24.1661
Pkt 240 750 0.32 1
Pkt 240 750 0.32 1
Node 35 49 15.0333
Pkt 80 250 0.32 1
Pkt 48 150 0.32 1
Rate:641.719
==========
==========19
4 0 2 24000
Node 58 44 10
Pkt 77 240 0.320833 1
Pkt 62 192 0.322917 1
Node 53 49 3.16228
Pkt 96 300 0.32 1
Pkt 120 375 0.32 1
Node 38 65 19.2094
Pkt 256 800 0.32 1
Pkt 240 750 0.32 1
Node 30 30 28.2843
Pkt 80 250 0.32 1
Pkt 48 150 0.32 1
Rate:640.938
==========
==========20
4 0 2 24000
Node 60 55 11.1803
Pkt 52 160 0.325 1
Pkt 40 125 0.32 1
Node 64 74 27.7849
Pkt 128 400 0.32 1
Pkt 154 480 0.320833 1
Node 54 48 4.47214
Pkt 256 800 0.32 1
Pkt 256 800 0.32 1
Node 69 70 27.5862
Pkt 39 120 0.325 1
Pkt 48 150 0.32 1
Rate:642.708
==========
==========21
4 0 2 24000
Node 71 64 25.2389
Pkt 77 240 0.320833 1
Pkt 52 160 0.325 1
Node 52 37 13.1529
Pkt 103 320 0.321875 1
Pkt 120 375 0.32 1
Node 25 61 27.313
Pkt 256 800 0.32 1
Pkt 240 750 0.32 1
Node 51 63 13.0384
Pkt 64 200 0.32 1
Pkt 40 125 0.32 1
Rate:641.927
==========
==========22
4 0 2 24000
Node 44 49 6.08276
Pkt 52 160 0.325 1
Pkt 39 120 0.325 1
Node 45 50 5
Pkt 103 320 0.321875 1
Pkt 103 320 0.321875 1
Node 48 69 19.105
Pkt 240 750 0.32 1
Pkt 256 800 0.32 1
Node 57 56 9.21954
Pkt 32 100 0.32 1
Pkt 39 120 0.325 1
Rate:644.688
==========
==========23
4 0 2 24000
Node 33 35 22.6716
Pkt 64 200 0.32 1
Pkt 39 120 0.325 1
Node 33 49 17.0294
Pkt 120 375 0.32 1
Pkt 154 480 0.320833 1
Node 57 48 7.28011
Pkt 256 800 0.32 1
Pkt 256 800 0.32 1
Node 50 35 15
Pkt 62 192 0.322917 1
Pkt 62 192 0.322917 1
Rate:642.917
==========
==========24
4 0 2 24000
Node 39 44 12.53
Pkt 32 100 0.32 1
Pkt 62 192 0.322917 1
Node 60 37 16.4012
Pkt 120 375 0.32 1
Pkt 96 300 0.32 1
Node 65 59 17.4929
Pkt 240 750 0.32 1
Pkt 256 800 0.32 1
Node 47 32 18.2483
Pkt 80 250 0.32 1
Pkt 64 200 0.32 1
Rate:640.729
==========
==========25
4 0 2 24000
Node 55 68 18.6815
Pkt 40 125 0.32 1
Pkt 77 240 0.320833 1
Node 42 43 10.6301
Pkt 96 300 0.32 1
Pkt 103 320 0.321875 1
Node 44 74 24.7386
Pkt 256 800 0.32 1
Pkt 240 750 0.32 1
Node 31 44 19.9249
Pkt 48 150 0.32 1
Pkt 62 192 0.322917 1
Rate:641.406
==========
==========26
4 0 2 24000
Node 39 54 11.7047
Pkt 62 192 0.322917 1
Pkt 32 100 0.32 1
Node 65 59 17.4929
Pkt 154 480 0.320833 1
Pkt 120 375 0.32 1
Node 58 65 17
Pkt 256 800 0.32 1
Pkt 256 800 0.32 1
Node 62 53 12.3693
Pkt 62 192 0.322917 1
Pkt 77 240 0.320833 1
Rate:641.875
==========
==========27
4 0 2 24000
Node 73 67 28.6007
Pkt 40 125 0.32 1
Pkt 80 250 0.32 1
Node 40 38 15.6205
Pkt 154 480 0.320833 1
Pkt 103 320 0.321875 1
Node 70 28 29.7321
Pkt 240 750 0.32 1
Pkt 256 800 0.32 1
Node 69 41 21.0238
Pkt 52 160 0.325 1
Pkt 40 125 0.32 1
Rate:641.927
==========
==========28
4 0 2 24000
Node 51 64 14.0357
Pkt 64 200 0.32 1
Pkt 32 100 0.32 1
Node 69 40 21.4709
Pkt 120 375 0.32 1
Pkt 120 375 0.32 1
Node 30 67 26.2488
Pkt 256 800 0.32 1
Pkt 240 750 0.32 1
Node 41 56 10.8167
Pkt 39 120 0.325 1
Pkt 52 160 0.325 1
Rate:642.5
==========
==========29
4 0 2 24000
Node 32 71 27.6586
Pkt 48 150 0.32 1
Pkt 48 150 0.32 1
Node 38 28 25.0599
Pkt 103 320 0.321875 1
Pkt 103 320 0.321875 1
Node 37 51 13.0384
Pkt 256 800 0.32 1
Pkt 256 800 0.32 1
Node 65 51 15.0333
Pkt 77 240 0.320833 1
Pkt 80 250 0.32 1
Rate:641.146
==========
==========30
4 0 2 24000
Node 60 30 22.3607
Pkt 80 250 0.32 1
Pkt 52 160 0.325 1
Node 69 58 20.6155
Pkt 120 375 0.32 1
Pkt 128 400 0.32 1
Node 68 35 23.4307
Pkt 240 750 0.32 1
Pkt 256 800 0.32 1
Node 47 73 23.1948
Pkt 80 250 0.32 1
Pkt 64 200 0.32 1
Rate:641.25
==========
==========31
4 0 2 24000
Node 51 72 22.0227
Pkt 32 100 0.32 1
Pkt 32 100 0.32 1
Node 36 28 26.0768
Pkt 120 375 0.32 1
Pkt 103 320 0.321875 1
Node 59 50 9
Pkt 256 800 0.32 1
Pkt 256 800 0.32 1
Node 45 48 5.38516
Pkt 32 100 0.32 1
Pkt 62 192 0.322917 1
Rate:641.198
==========
==========32
4 0 2 24000
Node 45 72 22.561
Pkt 80 250 0.32 1
Pkt 52 160 0.325 1
Node 38 72 25.0599
Pkt 103 320 0.321875 1
Pkt 128 400 0.32 1
Node 40 53 10.4403
Pkt 256 800 0.32 1
Pkt 256 800 0.32 1
Node 42 60 12.8062
Pkt 52 160 0.325 1
Pkt 48 150 0.32 1
Rate:642.969
==========
==========33
4 0 2 24000
Node 69 29 28.3196
Pkt 32 100 0.32 1
Pkt 64 200 0.32 1
Node 30 47 20.2237
Pkt 103 320 0.321875 1
Pkt 103 320 0.321875 1
Node 72 40 24.1661
Pkt 240 750 0.32 1
Pkt 240 750 0.32 1
Node 60 40 14.1421
Pkt 48 150 0.32 1
Pkt 32 100 0.32 1
Rate:640.937
==========
==========34
4 0 2 24000
Node 40 55 11.1803
Pkt 40 125 0.32 1
Pkt 48 150 0.32 1
Node 49 36 14.0357
Pkt 96 300 0.32 1
Pkt 128 400 0.32 1
Node 74 29 31.8904
Pkt 256 800 0.32 1
Pkt 240 750 0.32 1
Node 42 28 23.4094
Pkt 39 120 0.325 1
Pkt 80 250 0.32 1
Rate:641.25
==========
==========35
4 0 2 24000
Node 51 69 19.0263
Pkt 40 125 0.32 1
Pkt 52 160 0.325 1
Node 43 44 9.21954
Pkt 96 300 0.32 1
Pkt 128 400 0.32 1
Node 35 53 15.2971
Pkt 240 750 0.32 1
Pkt 240 750 0.32 1
Node 70 47 20.2237
Pkt 32 100 0.32 1
Pkt 64 200 0.32 1
Rate:641.25
==========
==========36
4 0 2 24000
Node 48 25 25.0799
Pkt 77 240 0.320833 1
Pkt 80 250 0.32 1
Node 69 54 19.4165
Pkt 128 400 0.32 1
Pkt 154 480 0.320833 1
Node 55 25 25.4951
Pkt 240 750 0.32 1
Pkt 256 800 0.32 1
Node 37 61 17.0294
Pkt 32 100 0.32 1
Pkt 62 192 0.322917 1
Rate:641.146
==========
==========37
4 0 2 24000
Node 25 68 30.8058
Pkt 80 250 0.32 1
Pkt 62 192 0.322917 1
Node 34 52 16.1245
Pkt 96 300 0.32 1
Pkt 154 480 0.320833 1
Node 27 47 23.1948
Pkt 256 800 0.32 1
Pkt 256 800 0.32 1
Node 39 56 12.53
Pkt 32 100 0.32 1
Pkt 40 125 0.32 1
Rate:640.937
==========
==========38
4 0 2 24000
Node 26 56 24.7386
Pkt 52 160 0.325 1
Pkt 39 120 0.325 1
Node 30 25 32.0156
Pkt 128 400 0.32 1
Pkt 128 400 0.32 1
Node 64 26 27.7849
Pkt 256 800 0.32 1
Pkt 256 800 0.32 1
Node 51 73 23.0217
Pkt 62 192 0.322917 1
Pkt 48 150 0.32 1
Rate:643.229
==========
==========39
4 0 2 24000
Node 61 33 20.2485
Pkt 64 200 0.32 1
Pkt 52 160 0.325 1
Node 54 31 19.4165
Pkt 128 400 0.32 1
Pkt 128 400 0.32 1
Node 48 65 15.1327
Pkt 256 800 0.32 1
Pkt 240 750 0.32 1
Node 55 29 21.587
Pkt 39 120 0.325 1
Pkt 40 125 0.32 1
Rate:642.5
==========
==========40
4 0 2 24000
Node 57 71 22.1359
Pkt 48 150 0.32 1
Pkt 32 100 0.32 1
Node 42 26 25.2982
Pkt 103 320 0.321875 1
Pkt 154 480 0.320833 1
Node 53 31 19.2354
Pkt 256 800 0.32 1
Pkt 256 800 0.32 1
Node 44 54 7.2111
Pkt 62 192 0.322917 1
Pkt 62 192 0.322917 1
Rate:642.135
==========
==========41
4 0 2 24000
Node 47 41 9.48683
Pkt 62 192 0.322917 1
Pkt 77 240 0.320833 1
Node 44 50 6
Pkt 96 300 0.32 1
Pkt 154 480 0.320833 1
Node 27 70 30.4795
Pkt 256 800 0.32 1
Pkt 256 800 0.32 1
Node 42 62 14.4222
Pkt 48 150 0.32 1
Pkt 52 160 0.325 1
Rate:642.396
==========
==========42
4 0 2 24000
Node 46 57 8.06226
Pkt 48 150 0.32 1
Pkt 62 192 0.322917 1
Node 37 33 21.4009
Pkt 103 320 0.321875 1
Pkt 128 400 0.32 1
Node 47 31 19.2354
Pkt 240 750 0.32 1
Pkt 240 750 0.32 1
Node 45 65 15.8114
Pkt 77 240 0.320833 1
Pkt 52 160 0.325 1
Rate:642.656
==========
==========43
4 0 2 24000
Node 47 62 12.3693
Pkt 64 200 0.32 1
Pkt 32 100 0.32 1
Node 50 64 14
Pkt 96 300 0.32 1
Pkt 96 300 0.32 1
Node 72 72 31.1127
Pkt 240 750 0.32 1
Pkt 240 750 0.32 1
Node 29 61 23.7065
Pkt 32 100 0.32 1
Pkt 52 160 0.325 1
Rate:641.25
==========
==========44
4 0 2 24000
Node 41 51 9.05539
Pkt 32 100 0.32 1
Pkt 52 160 0.325 1
Node 60 46 10.7703
Pkt 96 300 0.32 1
Pkt 128 400 0.32 1
Node 44 55 7.81025
Pkt 256 800 0.32 1
Pkt 256 800 0.32 1
Node 52 51 2.23607
Pkt 64 200 0.32 1
Pkt 32 100 0.32 1
Rate:641.25
==========
==========45
4 0 2 24000
Node 38 25 27.7308
Pkt 64 200 0.32 1
Pkt 40 125 0.32 1
Node 62 41 15
Pkt 120 375 0.32 1
Pkt 96 300 0.32 1
Node 36 71 25.2389
Pkt 240 750 0.32 1
Pkt 240 750 0.32 1
Node 36 56 15.2315
Pkt 64 200 0.32 1
Pkt 48 150 0.32 1
Rate:640
==========
==========46
4 0 2 24000
Node 72 32 28.4253
Pkt 80 250 0.32 1
Pkt 39 120 0.325 1
Node 74 40 26
Pkt 103 320 0.321875 1
Pkt 120 375 0.32 1
Node 74 52 24.0832
Pkt 240 750 0.32 1
Pkt 240 750 0.32 1
Node 60 70 22.3607
Pkt 64 200 0.32 1
Pkt 32 100 0.32 1
Rate:641.719
==========
==========47
4 0 2 24000
Node 65 39 18.6011
Pkt 80 250 0.32 1
Pkt 48 150 0.32 1
Node 39 68 21.095
Pkt 103 320 0.321875 1
Pkt 103 320 0.321875 1
Node 28 30 29.7321
Pkt 240 750 0.32 1
Pkt 256 800 0.32 1
Node 25 68 30.8058
Pkt 77 240 0.320833 1
Pkt 39 120 0.325 1
Rate:642.396
==========
==========48
4 0 2 24000
Node 63 39 17.0294
Pkt 39 120 0.325 1
Pkt 77 240 0.320833 1
Node 56 36 15.2315
Pkt 96 300 0.32 1
Pkt 103 320 0.321875 1
Node 72 51 22.0227
Pkt 256 800 0.32 1
Pkt 240 750 0.32 1
Node 38 43 13.8924
Pkt 80 250 0.32 1
Pkt 52 160 0.325 1
Rate:643.177
==========
==========49
4 0 2 24000
Node 61 67 20.2485
Pkt 77 240 0.320833 1
Pkt 39 120 0.325 1
Node 68 68 25.4558
Pkt 103 320 0.321875 1
Pkt 120 375 0.32 1
Node 61 69 21.9545
Pkt 256 800 0.32 1
Pkt 240 750 0.32 1
Node 49 46 4.12311
Pkt 77 240 0.320833 1
Pkt 52 160 0.325 1
Rate:643.385
==========
==========50
4 0 2 24000
Node 35 70 25
Pkt 39 120 0.325 1
Pkt 77 240 0.320833 1
Node 65 64 20.5183
Pkt 154 480 0.320833 1
Pkt 103 320 0.321875 1
Node 60 59 13.4536
Pkt 256 800 0.32 1
Pkt 240 750 0.32 1
Node 68 67 24.7588
Pkt 52 160 0.325 1
Pkt 80 250 0.32 1
Rate:643.385
==========
==========51
4 0 2 24000
Node 51 38 12.0416
Pkt 77 240 0.320833 1
Pkt 64 200 0.32 1
Node 74 61 26.4008
Pkt 103 320 0.321875 1
Pkt 103 320 0.321875 1
Node 33 29 27.0185
Pkt 240 750 0.32 1
Pkt 256 800 0.32 1
Node 65 57 16.5529
Pkt 40 125 0.32 1
Pkt 32 100 0.32 1
Rate:641.146
==========
==========52
4 0 2 24000
Node 62 37 17.6918
Pkt 48 150 0.32 1
Pkt 39 120 0.325 1
Node 47 57 7.61577
Pkt 120 375 0.32 1
Pkt 96 300 0.32 1
Node 57 49 7.07107
Pkt 256 800 0.32 1
Pkt 256 800 0.32 1
Node 29 42 22.4722
Pkt 64 200 0.32 1
Pkt 64 200 0.32 1
Rate:641.25
==========
==========53
4 0 2 24000
Node 33 52 17.1172
Pkt 52 160 0.325 1
Pkt 32 100 0.32 1
Node 25 30 32.0156
Pkt 103 320 0.321875 1
Pkt 120 375 0.32 1
Node 26 46 24.3311
Pkt 240 750 0.32 1
Pkt 240 750 0.32 1
Node 55 56 7.81025
Pkt 80 250 0.32 1
Pkt 52 160 0.325 1
Rate:642.969
==========
==========54
4 0 2 24000
Node 55 30 20.6155
Pkt 32 100 0.32 1
Pkt 77 240 0.320833 1
Node 51 38 12.0416
Pkt 128 400 0.32 1
Pkt 128 400 0.32 1
Node 50 74 24
Pkt 240 750 0.32 1
Pkt 256 800 0.32 1
Node 43 57 9.89949
Pkt 77 240 0.320833 1
Pkt 39 120 0.325 1
Rate:641.667
==========
==========55
4 0 2 24000
Node 71 57 22.1359
Pkt 39 120 0.325 1
Pkt 40 125 0.32 1
Node 62 61 16.2788
Pkt 154 480 0.320833 1
Pkt 96 300 0.32 1
Node 47 70 20.2237
Pkt 256 800 0.32 1
Pkt 256 800 0.32 1
Node 28 42 23.4094
Pkt 32 100 0.32 1
Pkt 52 160 0.325 1
Rate:642.708
==========
==========56
4 0 2 24000
Node 45 33 17.72
Pkt 48 150 0.32 1
Pkt 48 150 0.32 1
Node 39 55 12.083
Pkt 128 400 0.32 1
Pkt 128 400 0.32 1
Node 55 50 5
Pkt 256 800 0.32 1
Pkt 256 800 0.32 1
Node 67 36 22.0227
Pkt 40 125 0.32 1
Pkt 64 200 0.32 1
Rate:640
==========
==========57
4 0 2 24000
Node 47 63 13.3417
Pkt 39 120 0.325 1
Pkt 62 192 0.322917 1
Node 55 55 7.07107
Pkt 96 300 0.32 1
Pkt 120 375 0.32 1
Node 54 64 14.5602
Pkt 240 750 0.32 1
Pkt 240 750 0.32 1
Node 74 55 24.5153
Pkt 52 160 0.325 1
Pkt 77 240 0.320833 1
Rate:643.438
==========
==========58
4 0 2 24000
Node 50 41 9
Pkt 48 150 0.32 1
Pkt 77 240 0.320833 1
Node 48 56 6.32456
Pkt 128 400 0.32 1
Pkt 120 375 0.32 1
Node 25 47 25.1794
Pkt 240 750 0.32 1
Pkt 240 750 0.32 1
Node 33 41 19.2354
Pkt 64 200 0.32 1
Pkt 48 150 0.32 1
Rate:640.208
==========
==========59
4 0 2 24000
Node 28 65 26.6271
Pkt 39 120 0.325 1
Pkt 52 160 0.325 1
Node 44 29 21.8403
Pkt 96 300 0.32 1
Pkt 128 400 0.32 1
Node 61 64 17.8045
Pkt 256 800 0.32 1
Pkt 240 750 0.32 1
Node 42 46 8.94427
Pkt 40 125 0.32 1
Pkt 32 100 0.32 1
Rate:642.5
==========
==========60
4 0 2 24000
Node 50 27 23
Pkt 62 192 0.322917 1
Pkt 62 192 0.322917 1
Node 52 37 13.1529
Pkt 103 320 0.321875 1
Pkt 96 300 0.32 1
Node 37 36 19.105
Pkt 256 800 0.32 1
Pkt 256 800 0.32 1
Node 64 29 25.2389
Pkt 80 250 0.32 1
Pkt 40 125 0.32 1
Rate:641.927
==========
==========61
4 0 2 24000
Node 71 70 29
Pkt 64 200 0.32 1
Pkt 52 160 0.325 1
Node 35 50 15
Pkt 128 400 0.32 1
Pkt 120 375 0.32 1
Node 45 74 24.5153
Pkt 256 800 0.32 1
Pkt 240 750 0.32 1
Node 74 46 24.3311
Pkt 48 150 0.32 1
Pkt 39 120 0.325 1
Rate:642.5
==========
==========62
4 0 2 24000
Node 56 51 6.08276
Pkt 40 125 0.32 1
Pkt 80 250 0.32 1
Node 61 53 11.4018
Pkt 103 320 0.321875 1
Pkt 103 320 0.321875 1
Node 45 27 23.5372
Pkt 256 800 0.32 1
Pkt 256 800 0.32 1
Node 31 58 20.6155
Pkt 64 200 0.32 1
Pkt 32 100 0.32 1
Rate:640.937
==========
==========63
4 0 2 24000
Node 46 69 19.4165
Pkt 48 150 0.32 1
Pkt 62 192 0.322917 1
Node 70 34 25.6125
Pkt 154 480 0.320833 1
Pkt 96 300 0.32 1
Node 33 40 19.7231
Pkt 240 750 0.32 1
Pkt 240 750 0.32 1
Node 50 47 3
Pkt 48 150 0.32 1
Pkt 52 160 0.325 1
Rate:642.188
==========
==========64
4 0 2 24000
Node 58 61 13.6015
Pkt 52 160 0.325 1
Pkt 62 192 0.322917 1
Node 43 69 20.2485
Pkt 154 480 0.320833 1
Pkt 120 375 0.32 1
Node 47 66 16.2788
Pkt 256 800 0.32 1
Pkt 240 750 0.32 1
Node 61 68 21.095
Pkt 40 125 0.32 1
Pkt 32 100 0.32 1
Rate:642.188
==========
==========65
4 0 2 24000
Node 51 55 5.09902
Pkt 80 250 0.32 1
Pkt 80 250 0.32 1
Node 26 62 26.8328
Pkt 120 375 0.32 1
Pkt 96 300 0.32 1
Node 49 26 24.0208
Pkt 256 800 0.32 1
Pkt 256 800 0.32 1
Node 69 52 19.105
Pkt 62 192 0.322917 1
Pkt 40 125 0.32 1
Rate:640.729
==========
==========66
4 0 2 24000
Node 63 69 23.0217
Pkt 77 240 0.320833 1
Pkt 80 250 0.32 1
Node 71 74 31.8904
Pkt 96 300 0.32 1
Pkt 154 480 0.320833 1
Node 53 28 22.2036
Pkt 240 750 0.32 1
Pkt 240 750 0.32 1
Node 38 32 21.6333
Pkt 32 100 0.32 1
Pkt 64 200 0.32 1
Rate:640.417
==========
==========67
4 0 2 24000
Node 54 68 18.4391
Pkt 39 120 0.325 1
Pkt 48 150 0.32 1
Node 48 32 18.1108
Pkt 154 480 0.320833 1
Pkt 96 300 0.32 1
Node 38 32 21.6333
Pkt 240 750 0.32 1
Pkt 256 800 0.32 1
Node 31 60 21.4709
Pkt 48 150 0.32 1
Pkt 52 160 0.325 1
Rate:642.708
==========
==========68
4 0 2 24000
Node 38 39 16.2788
Pkt 64 200 0.32 1
Pkt 64 200 0.32 1
Node 30 69 27.5862
Pkt 128 400 0.32 1
Pkt 103 320 0.321875 1
Node 65 54 15.5242
Pkt 256 800 0.32 1
Pkt 240 750 0.32 1
Node 56 37 14.3178
Pkt 64 200 0.32 1
Pkt 77 240 0.320833 1
Rate:640.677
==========
==========69
4 0 2 24000
Node 41 26 25.632
Pkt 64 200 0.32 1
Pkt 39 120 0.325 1
Node 42 52 8.24621
Pkt 103 320 0.321875 1
Pkt 154 480 0.320833 1
Node 72 27 31.8277
Pkt 256 800 0.32 1
Pkt 256 800 0.32 1
Node 72 54 22.3607
Pkt 39 120 0.325 1
Pkt 32 100 0.32 1
Rate:643.177
==========
==========70
4 0 2 24000
Node 38 36 18.4391
Pkt 39 120 0.325 1
Pkt 32 100 0.32 1
Node 54 49 4.12311
Pkt 128 400 0.32 1
Pkt 154 480 0.320833 1
Node 36 52 14.1421
Pkt 240 750 0.32 1
Pkt 240 750 0.32 1
Node 66 52 16.1245
Pkt 52 160 0.325 1
Pkt 48 150 0.32 1
Rate:642.708
==========
==========71
4 0 2 24000
Node 60 36 17.2047
Pkt 48 150 0.32 1
Pkt 62 192 0.322917 1
Node 25 40 26.9258
Pkt 120 375 0.32 1
Pkt 103 320 0.321875 1
Node 38 27 25.9422
Pkt 256 800 0.32 1
Pkt 240 750 0.32 1
Node 37 65 19.8494
Pkt 64 200 0.32 1
Pkt 39 120 0.325 1
Rate:642.448
==========
==========72
4 0 2 24000
Node 34 42 17.8885
Pkt 48 150 0.32 1
Pkt 62 192 0.322917 1
Node 66 56 17.088
Pkt 154 480 0.320833 1
Pkt 128 400 0.32 1
Node 71 60 23.2594
Pkt 240 750 0.32 1
Pkt 240 750 0.32 1
Node 37 25 28.178
Pkt 64 200 0.32 1
Pkt 62 192 0.322917 1
Rate:641.667
==========
==========73
4 0 2 24000
Node 74 56 24.7386
Pkt 48 150 0.32 1
Pkt 80 250 0.32 1
Node 56 51 6.08276
Pkt 154 480 0.320833 1
Pkt 103 320 0.321875 1
Node 37 54 13.6015
Pkt 256 800 0.32 1
Pkt 240 750 0.32 1
Node 29 31 28.3196
Pkt 64 200 0.32 1
Pkt 32 100 0.32 1
Rate:640.677
==========
==========74
4 0 2 24000
Node 67 41 19.2354
Pkt 80 250 0.32 1
Pkt 40 125 0.32 1
Node 49 42 8.06226
Pkt 120 375 0.32 1
Pkt 96 300 0.32 1
Node 62 39 16.2788
Pkt 240 750 0.32 1
Pkt 240 750 0.32 1
Node 67 69 25.4951
Pkt 77 240 0.320833 1
Pkt 62 192 0.322917 1
Rate:640.938
==========
==========75
4 0 2 24000
Node 56 67 18.0278
Pkt 52 160 0.325 1
Pkt 62 192 0.322917 1
Node 65 55 15.8114
Pkt 96 300 0.32 1
Pkt 154 480 0.320833 1
Node 53 68 18.2483
Pkt 256 800 0.32 1
Pkt 240 750 0.32 1
Node 53 73 23.1948
Pkt 64 200 0.32 1
Pkt 32 100 0.32 1
Rate:642.188
==========
==========76
4 0 2 24000
Node 32 32 25.4558
Pkt 80 250 0.32 1
Pkt 52 160 0.325 1
Node 37 31 23.0217
Pkt 103 320 0.321875 1
Pkt 120 375 0.32 1
Node 50 58 8
Pkt 256 800 0.32 1
Pkt 240 750 0.32 1
Node 61 72 24.5967
Pkt 52 160 0.325 1
Pkt 48 150 0.32 1
Rate:642.969
==========
==========77
4 0 2 24000
Node 73 44 23.7697
Pkt 52 160 0.325 1
Pkt 39 120 0.325 1
Node 28 49 22.0227
Pkt 96 300 0.32 1
Pkt 96 300 0.32 1
Node 52 25 25.0799
Pkt 240 750 0.32 1
Pkt 256 800 0.32 1
Node 39 62 16.2788
Pkt 39 120 0.325 1
Pkt 52 160 0.325 1
Rate:645
==========
==========78
4 0 2 24000
Node 58 71 22.4722
Pkt 40 125 0.32 1
Pkt 32 100 0.32 1
Node 41 53 9.48683
Pkt 128 400 0.32 1
Pkt 128 400 0.32 1
Node 49 56 6.08276
Pkt 240 750 0.32 1
Pkt 256 800 0.32 1
Node 27 56 23.7697
Pkt 62 192 0.322917 1
Pkt 48 150 0.32 1
Rate:640.729
==========
==========79
4 0 2 24000
Node 37 60 16.4012
Pkt 62 192 0.322917 1
Pkt 32 100 0.32 1
Node 39 43 13.0384
Pkt 128 400 0.32 1
Pkt 96 300 0.32 1
Node 44 63 14.3178
Pkt 256 800 0.32 1
Pkt 256 800 0.32 1
Node 64 59 16.6433
Pkt 40 125 0.32 1
Pkt 40 125 0.32 1
Rate:640.729
==========
==========80
4 0 2 24000
Node 55 43 8.60233
Pkt 62 192 0.322917 1
Pkt 39 120 0.325 1
Node 52 71 21.095
Pkt 120 375 0.32 1
Pkt 96 300 0.32 1
Node 29 60 23.2594
Pkt 256 800 0.32 1
Pkt 256 800 0.32 1
Node 34 68 24.0832
Pkt 52 160 0.325 1
Pkt 48 150 0.32 1
Rate:643.229
==========
==========81
4 0 2 24000
Node 32 30 26.9072
Pkt 39 120 0.325 1
Pkt 62 192 0.322917 1
Node 62 74 26.8328
Pkt 128 400 0.32 1
Pkt 120 375 0.32 1
Node 44 70 20.8806
Pkt 256 800 0.32 1
Pkt 240 750 0.32 1
Node 43 50 7
Pkt 39 120 0.325 1
Pkt 32 100 0.32 1
Rate:643.229
==========
==========82
4 0 2 24000
Node 44 53 6.7082
Pkt 48 150 0.32 1
Pkt 39 120 0.325 1
Node 32 62 21.6333
Pkt 96 300 0.32 1
Pkt 154 480 0.320833 1
Node 55 25 25.4951
Pkt 240 750 0.32 1
Pkt 256 800 0.32 1
Node 55 54 6.40312
Pkt 39 120 0.325 1
Pkt 40 125 0.32 1
Rate:642.708
==========
==========83
4 0 2 24000
Node 68 27 29.2062
Pkt 52 160 0.325 1
Pkt 80 250 0.32 1
Node 40 47 10.4403
Pkt 103 320 0.321875 1
Pkt 154 480 0.320833 1
Node 54 73 23.3452
Pkt 256 800 0.32 1
Pkt 256 800 0.32 1
Node 68 69 26.1725
Pkt 48 150 0.32 1
Pkt 80 250 0.32 1
Rate:641.927
==========
==========84
4 0 2 24000
Node 50 36 14
Pkt 64 200 0.32 1
Pkt 48 150 0.32 1
Node 28 34 27.2029
Pkt 96 300 0.32 1
Pkt 120 375 0.32 1
Node 38 45 13
Pkt 240 750 0.32 1
Pkt 240 750 0.32 1
Node 46 26 24.3311
Pkt 62 192 0.322917 1
Pkt 40 125 0.32 1
Rate:640.729
==========
==========85
4 0 2 24000
Node 46 60 10.7703
Pkt 80 250 0.32 1
Pkt 77 240 0.320833 1
Node 52 67 17.1172
Pkt 103 320 0.321875 1
Pkt 96 300 0.32 1
Node 43 25 25.9615
Pkt 240 750 0.32 1
Pkt 256 800 0.32 1
Node 57 43 9.89949
Pkt 64 200 0.32 1
Pkt 62 192 0.322917 1
Rate:641.406
==========
==========86
4 0 2 24000
Node 64 70 24.4131
Pkt 62 192 0.322917 1
Pkt 77 240 0.320833 1
Node 28 51 22.0227
Pkt 128 400 0.32 1
Pkt 128 400 0.32 1
Node 31 68 26.1725
Pkt 240 750 0.32 1
Pkt 240 750 0.32 1
Node 32 45 18.6815
Pkt 32 100 0.32 1
Pkt 32 100 0.32 1
Rate:640.938
==========
==========87
4 0 2 24000
Node 52 53 3.60555
Pkt 62 192 0.322917 1
Pkt 32 100 0.32 1
Node 60 30 22.3607
Pkt 120 375 0.32 1
Pkt 120 375 0.32 1
Node 74 38 26.8328
Pkt 240 750 0.32 1
Pkt 240 750 0.32 1
Node 74 37 27.2947
Pkt 40 125 0.32 1
Pkt 40 125 0.32 1
Rate:640.729
==========
==========88
4 0 2 24000
Node 62 36 18.4391
Pkt 52 160 0.325 1
Pkt 52 160 0.325 1
Node 56 45 7.81025
Pkt 96 300 0.32 1
Pkt 154 480 0.320833 1
Node 34 70 25.6125
Pkt 240 750 0.32 1
Pkt 256 800 0.32 1
Node 32 57 19.3132
Pkt 40 125 0.32 1
Pkt 80 250 0.32 1
Rate:642.708
==========
==========89
4 0 2 24000
Node 48 33 17.1172
Pkt 39 120 0.325 1
Pkt 48 150 0.32 1
Node 34 56 17.088
Pkt 128 400 0.32 1
Pkt 103 320 0.321875 1
Node 74 39 26.4008
Pkt 256 800 0.32 1
Pkt 240 750 0.32 1
Node 61 61 15.5563
Pkt 64 200 0.32 1
Pkt 32 100 0.32 1
Rate:641.719
==========
==========90
4 0 2 24000
Node 33 29 27.0185
Pkt 52 160 0.325 1
Pkt 80 250 0.32 1
Node 57 57 9.89949
Pkt 154 480 0.320833 1
Pkt 96 300 0.32 1
Node 61 64 17.8045
Pkt 240 750 0.32 1
Pkt 256 800 0.32 1
Node 48 69 19.105
Pkt 52 160 0.325 1
Pkt 39 120 0.325 1
Rate:643.958
==========
==========91
4 0 2 24000
Node 26 68 30
Pkt 77 240 0.320833 1
Pkt 39 120 0.325 1
Node 69 33 25.4951
Pkt 103 320 0.321875 1
Pkt 96 300 0.32 1
Node 57 72 23.0868
Pkt 240 750 0.32 1
Pkt 240 750 0.32 1
Node 62 32 21.6333
Pkt 77 240 0.320833 1
Pkt 32 100 0.32 1
Rate:642.135
==========
==========92
4 0 2 24000
Node 43 32 19.3132
Pkt 80 250 0.32 1
Pkt 77 240 0.320833 1
Node 44 66 17.088
Pkt 120 375 0.32 1
Pkt 103 320 0.321875 1
Node 44 69 19.9249
Pkt 240 750 0.32 1
Pkt 240 750 0.32 1
Node 39 67 20.2485
Pkt 40 125 0.32 1
Pkt 77 240 0.320833 1
Rate:640.885
==========
==========93
4 0 2 24000
Node 51 34 16.0312
Pkt 62 192 0.322917 1
Pkt 62 192 0.322917 1
Node 62 41 15
Pkt 120 375 0.32 1
Pkt 154 480 0.320833 1
Node 60 39 14.8661
Pkt 256 800 0.32 1
Pkt 256 800 0.32 1
Node 64 55 14.8661
Pkt 80 250 0.32 1
Pkt 40 125 0.32 1
Rate:641.667
==========
==========94
4 0 2 24000
Node 59 67 19.2354
Pkt 80 250 0.32 1
Pkt 77 240 0.320833 1
Node 44 40 11.6619
Pkt 96 300 0.32 1
Pkt 96 300 0.32 1
Node 56 62 13.4164
Pkt 240 750 0.32 1
Pkt 240 750 0.32 1
Node 74 61 26.4008
Pkt 64 200 0.32 1
Pkt 39 120 0.325 1
Rate:641.458
==========
==========95
4 0 2 24000
Node 69 47 19.2354
Pkt 80 250 0.32 1
Pkt 62 192 0.322917 1
Node 70 46 20.3961
Pkt 96 300 0.32 1
Pkt 128 400 0.32 1
Node 52 46 4.47214
Pkt 256 800 0.32 1
Pkt 256 800 0.32 1
Node 25 27 33.9706
Pkt 77 240 0.320833 1
Pkt 32 100 0.32 1
Rate:640.938
==========
==========96
4 0 2 24000
Node 44 57 9.21954
Pkt 80 250 0.32 1
Pkt 48 150 0.32 1
Node 26 52 24.0832
Pkt 103 320 0.321875 1
Pkt 103 320 0.321875 1
Node 42 30 21.5407
Pkt 240 750 0.32 1
Pkt 240 750 0.32 1
Node 53 71 21.2132
Pkt 62 192 0.322917 1
Pkt 80 250 0.32 1
Rate:641.667
==========
==========97
4 0 2 24000
Node 63 44 14.3178
Pkt 80 250 0.32 1
Pkt 52 160 0.325 1
Node 31 28 29.0689
Pkt 103 320 0.321875 1
Pkt 120 375 0.32 1
Node 42 48 8.24621
Pkt 240 750 0.32 1
Pkt 240 750 0.32 1
Node 52 65 15.1327
Pkt 52 160 0.325 1
Pkt 64 200 0.32 1
Rate:642.969
==========
==========98
4 0 2 24000
Node 36 27 26.9258
Pkt 80 250 0.32 1
Pkt 80 250 0.32 1
Node 30 50 20
Pkt 103 320 0.321875 1
Pkt 103 320 0.321875 1
Node 65 34 21.9317
Pkt 240 750 0.32 1
Pkt 256 800 0.32 1
Node 52 72 22.0907
Pkt 48 150 0.32 1
Pkt 80 250 0.32 1
Rate:640.937
==========
==========99
