4 0 2 24000
Node 43 32 19.3132
Pkt 39 150 0.26 1
Pkt 33 125 0.264 1
Node 57 49 7.07107
Pkt 78 300 0.26 1
Pkt 84 320 0.2625 1
Node 65 65 21.2132
Pkt 195 750 0.26 1
Pkt 195 750 0.26 1
Node 73 36 26.9258
Pkt 65 250 0.26 1
Pkt 50 192 0.260417 1
Rate:521.729
==========
==========0
4 0 2 24000
Node 29 67 27.0185
Pkt 26 100 0.26 1
Pkt 63 240 0.2625 1
Node 58 34 17.8885
Pkt 125 480 0.260417 1
Pkt 125 480 0.260417 1
Node 65 52 15.1327
Pkt 195 750 0.26 1
Pkt 195 750 0.26 1
Node 30 47 20.2237
Pkt 32 120 0.266667 1
Pkt 65 250 0.26 1
Rate:522.5
==========
==========1
4 0 2 24000
Node 57 47 7.61577
Pkt 32 120 0.266667 1
Pkt 32 120 0.266667 1
Node 47 33 17.2627
Pkt 78 300 0.26 1
Pkt 104 400 0.26 1
Node 63 45 13.9284
Pkt 208 800 0.26 1
Pkt 208 800 0.26 1
Node 46 48 4.47214
Pkt 63 240 0.2625 1
Pkt 42 160 0.2625 1
Rate:524.583
==========
==========2
4 0 2 24000
Node 38 41 15
Pkt 63 240 0.2625 1
Pkt 50 192 0.260417 1
Node 66 42 17.8885
Pkt 78 300 0.26 1
Pkt 104 400 0.26 1
Node 34 47 16.2788
Pkt 208 800 0.26 1
Pkt 208 800 0.26 1
Node 37 70 23.8537
Pkt 32 120 0.266667 1
Pkt 26 100 0.26 1
Rate:522.396
==========
==========3
4 0 2 24000
Node 65 48 15.1327
Pkt 32 120 0.266667 1
Pkt 50 192 0.260417 1
Node 72 52 22.0907
Pkt 84 320 0.2625 1
Pkt 84 320 0.2625 1
Node 59 73 24.6982
Pkt 195 750 0.26 1
Pkt 208 800 0.26 1
Node 36 44 15.2315
Pkt 42 160 0.2625 1
Pkt 65 250 0.26 1
Rate:523.646
==========
==========4
4 0 2 24000
Node 72 38 25.0599
Pkt 50 192 0.260417 1
Pkt 63 240 0.2625 1
Node 31 64 23.6008
Pkt 125 480 0.260417 1
Pkt 78 300 0.26 1
Node 26 27 33.2415
Pkt 195 750 0.26 1
Pkt 208 800 0.26 1
Node 34 65 21.9317
Pkt 42 160 0.2625 1
Pkt 32 120 0.266667 1
Rate:523.125
==========
==========5
4 0 2 24000
Node 47 32 18.2483
Pkt 50 192 0.260417 1
Pkt 63 240 0.2625 1
Node 71 62 24.1868
Pkt 84 320 0.2625 1
Pkt 125 480 0.260417 1
Node 38 31 22.4722
Pkt 208 800 0.26 1
Pkt 208 800 0.26 1
Node 27 39 25.4951
Pkt 42 160 0.2625 1
Pkt 26 100 0.26 1
Rate:522.083
==========
==========6
4 0 2 24000
Node 66 32 24.0832
Pkt 33 125 0.264 1
Pkt 65 250 0.26 1
Node 38 43 13.8924
Pkt 78 300 0.26 1
Pkt 125 480 0.260417 1
Node 60 34 18.868
Pkt 208 800 0.26 1
Pkt 195 750 0.26 1
Node 34 63 20.6155
Pkt 33 125 0.264 1
Pkt 63 240 0.2625 1
Rate:522.729
==========
==========7
4 0 2 24000
Node 67 72 27.8029
Pkt 26 100 0.26 1
Pkt 50 192 0.260417 1
Node 66 68 24.0832
Pkt 98 375 0.261333 1
Pkt 84 320 0.2625 1
Node 31 30 27.5862
Pkt 195 750 0.26 1
Pkt 208 800 0.26 1
Node 47 59 9.48683
Pkt 65 250 0.26 1
Pkt 63 240 0.2625 1
Rate:521.688
==========
==========8
4 0 2 24000
Node 36 63 19.105
Pkt 42 160 0.2625 1
Pkt 50 192 0.260417 1
Node 74 53 24.1868
Pkt 98 375 0.261333 1
Pkt 125 480 0.260417 1
Node 40 62 15.6205
Pkt 195 750 0.26 1
Pkt 208 800 0.26 1
Node 67 65 22.6716
Pkt 65 250 0.26 1
Pkt 42 160 0.2625 1
Rate:521.792
==========
==========9
4 0 2 24000
Node 46 64 14.5602
Pkt 50 192 0.260417 1
Pkt 42 160 0.2625 1
Node 29 47 21.2132
Pkt 84 320 0.2625 1
Pkt 125 480 0.260417 1
Node 42 50 8
Pkt 208 800 0.26 1
Pkt 195 750 0.26 1
Node 52 63 13.1529
Pkt 63 240 0.2625 1
Pkt 42 160 0.2625 1
Rate:522.708
==========
==========10
4 0 2 24000
Node 56 51 6.08276
Pkt 63 240 0.2625 1
Pkt 65 250 0.26 1
Node 32 61 21.095
Pkt 98 375 0.261333 1
Pkt 125 480 0.260417 1
Node 59 31 21.0238
Pkt 195 750 0.26 1
Pkt 195 750 0.26 1
Node 42 70 21.5407
Pkt 42 160 0.2625 1
Pkt 42 160 0.2625 1
Rate:522.313
==========
==========11
4 0 2 24000
Node 69 69 26.8701
Pkt 42 160 0.2625 1
Pkt 26 100 0.26 1
Node 44 64 15.2315
Pkt 84 320 0.2625 1
Pkt 104 400 0.26 1
Node 31 54 19.4165
Pkt 195 750 0.26 1
Pkt 208 800 0.26 1
Node 34 39 19.4165
Pkt 65 250 0.26 1
Pkt 39 150 0.26 1
Rate:521.25
==========
==========12
4 0 2 24000
Node 40 61 14.8661
Pkt 52 200 0.26 1
Pkt 65 250 0.26 1
Node 42 39 13.6015
Pkt 98 375 0.261333 1
Pkt 98 375 0.261333 1
Node 51 70 20.025
Pkt 195 750 0.26 1
Pkt 208 800 0.26 1
Node 50 57 7
Pkt 32 120 0.266667 1
Pkt 33 125 0.264 1
Rate:523.333
==========
==========13
4 0 2 24000
Node 28 51 22.0227
Pkt 33 125 0.264 1
Pkt 52 200 0.26 1
Node 55 48 5.38516
Pkt 98 375 0.261333 1
Pkt 84 320 0.2625 1
Node 27 43 24.0416
Pkt 195 750 0.26 1
Pkt 195 750 0.26 1
Node 45 69 19.6469
Pkt 50 192 0.260417 1
Pkt 26 100 0.26 1
Rate:522.063
==========
==========14
4 0 2 24000
Node 66 65 21.9317
Pkt 33 125 0.264 1
Pkt 32 120 0.266667 1
Node 67 65 22.6716
Pkt 84 320 0.2625 1
Pkt 78 300 0.26 1
Node 27 36 26.9258
Pkt 195 750 0.26 1
Pkt 208 800 0.26 1
Node 64 60 17.2047
Pkt 26 100 0.26 1
Pkt 33 125 0.264 1
Rate:524.292
==========
==========15
4 0 2 24000
Node 38 29 24.1868
Pkt 42 160 0.2625 1
Pkt 52 200 0.26 1
Node 42 27 24.3516
Pkt 84 320 0.2625 1
Pkt 98 375 0.261333 1
Node 47 60 10.4403
Pkt 208 800 0.26 1
Pkt 208 800 0.26 1
Node 46 27 23.3452
Pkt 63 240 0.2625 1
Pkt 65 250 0.26 1
Rate:522.208
==========
==========16
4 0 2 24000
Node 72 73 31.8277
Pkt 42 160 0.2625 1
Pkt 26 100 0.26 1
Node 74 51 24.0208
Pkt 78 300 0.26 1
Pkt 125 480 0.260417 1
Node 43 48 7.28011
Pkt 208 800 0.26 1
Pkt 195 750 0.26 1
Node 35 30 25
Pkt 39 150 0.26 1
Pkt 50 192 0.260417 1
Rate:520.833
==========
==========17
4 0 2 24000
Node 29 38 24.1868
Pkt 39 150 0.26 1
Pkt 50 192 0.260417 1
Node 31 49 19.0263
Pkt 104 400 0.26 1
Pkt 104 400 0.26 1
Node 50 66 16
Pkt 195 750 0.26 1
Pkt 208 800 0.26 1
Node 42 52 8.24621
Pkt 50 192 0.260417 1
Pkt 26 100 0.26 1
Rate:520.208
==========
==========18
4 0 2 24000
Node 72 60 24.1661
Pkt 52 200 0.26 1
Pkt 32 120 0.266667 1
Node 64 32 22.8035
Pkt 78 300 0.26 1
Pkt 98 375 0.261333 1
Node 61 74 26.4008
Pkt 195 750 0.26 1
Pkt 208 800 0.26 1
Node 48 71 21.095
Pkt 52 200 0.26 1
Pkt 52 200 0.26 1
Rate:522
==========
==========19
4 0 2 24000
Node 38 62 16.9706
Pkt 32 120 0.266667 1
Pkt 26 100 0.26 1
Node 60 60 14.1421
Pkt 98 375 0.261333 1
Pkt 98 375 0.261333 1
Node 44 52 6.32456
Pkt 208 800 0.26 1
Pkt 195 750 0.26 1
Node 61 68 21.095
Pkt 33 125 0.264 1
Pkt 50 192 0.260417 1
Rate:523.438
==========
==========20
4 0 2 24000
Node 67 68 24.7588
Pkt 52 200 0.26 1
Pkt 50 192 0.260417 1
Node 54 49 4.12311
Pkt 125 480 0.260417 1
Pkt 125 480 0.260417 1
Node 52 39 11.1803
Pkt 195 750 0.26 1
Pkt 208 800 0.26 1
Node 61 35 18.6011
Pkt 42 160 0.2625 1
Pkt 52 200 0.26 1
Rate:520.938
==========
==========21
4 0 2 24000
Node 68 44 18.9737
Pkt 65 250 0.26 1
Pkt 33 125 0.264 1
Node 64 69 23.6008
Pkt 84 320 0.2625 1
Pkt 104 400 0.26 1
Node 25 56 25.7099
Pkt 195 750 0.26 1
Pkt 195 750 0.26 1
Node 31 50 19
Pkt 42 160 0.2625 1
Pkt 42 160 0.2625 1
Rate:522.875
==========
==========22
4 0 2 24000
Node 49 57 7.07107
Pkt 63 240 0.2625 1
Pkt 65 250 0.26 1
Node 53 55 5.83095
Pkt 78 300 0.26 1
Pkt 84 320 0.2625 1
Node 54 43 8.06226
Pkt 195 750 0.26 1
Pkt 195 750 0.26 1
Node 38 38 16.9706
Pkt 42 160 0.2625 1
Pkt 63 240 0.2625 1
Rate:522.5
==========
==========23
4 0 2 24000
Node 53 54 5
Pkt 52 200 0.26 1
Pkt 32 120 0.266667 1
Node 26 35 28.3019
Pkt 98 375 0.261333 1
Pkt 104 400 0.26 1
Node 66 41 18.3576
Pkt 208 800 0.26 1
Pkt 195 750 0.26 1
Node 61 34 19.4165
Pkt 52 200 0.26 1
Pkt 52 200 0.26 1
Rate:522
==========
==========24
4 0 2 24000
Node 25 25 35.3553
Pkt 39 150 0.26 1
Pkt 50 192 0.260417 1
Node 46 27 23.3452
Pkt 125 480 0.260417 1
Pkt 98 375 0.261333 1
Node 71 41 22.8473
Pkt 195 750 0.26 1
Pkt 208 800 0.26 1
Node 25 39 27.313
Pkt 26 100 0.26 1
Pkt 26 100 0.26 1
Rate:520.542
==========
==========25
4 0 2 24000
Node 30 47 20.2237
Pkt 26 100 0.26 1
Pkt 52 200 0.26 1
Node 63 69 23.0217
Pkt 104 400 0.26 1
Pkt 98 375 0.261333 1
Node 63 59 15.8114
Pkt 208 800 0.26 1
Pkt 195 750 0.26 1
Node 29 45 21.587
Pkt 52 200 0.26 1
Pkt 52 200 0.26 1
Rate:520.333
==========
==========26
4 0 2 24000
Node 70 38 23.3238
Pkt 39 150 0.26 1
Pkt 39 150 0.26 1
Node 50 40 10
Pkt 98 375 0.261333 1
Pkt 78 300 0.26 1
Node 30 44 20.8806
Pkt 195 750 0.26 1
Pkt 195 750 0.26 1
Node 67 64 22.0227
Pkt 42 160 0.2625 1
Pkt 32 120 0.266667 1
Rate:522.625
==========
==========27
4 0 2 24000
Node 72 25 33.3017
Pkt 26 100 0.26 1
Pkt 63 240 0.2625 1
Node 60 37 16.4012
Pkt 78 300 0.26 1
Pkt 104 400 0.26 1
Node 37 68 22.2036
Pkt 195 750 0.26 1
Pkt 208 800 0.26 1
Node 46 62 12.6491
Pkt 42 160 0.2625 1
Pkt 63 240 0.2625 1
Rate:521.875
==========
==========28
4 0 2 24000
Node 29 47 21.2132
Pkt 52 200 0.26 1
Pkt 26 100 0.26 1
Node 30 62 23.3238
Pkt 98 375 0.261333 1
Pkt 125 480 0.260417 1
Node 66 52 16.1245
Pkt 208 800 0.26 1
Pkt 195 750 0.26 1
Node 35 61 18.6011
Pkt 42 160 0.2625 1
Pkt 52 200 0.26 1
Rate:521.063
==========
==========29
4 0 2 24000
Node 64 59 16.6433
Pkt 42 160 0.2625 1
Pkt 33 125 0.264 1
Node 30 32 26.9072
Pkt 125 480 0.260417 1
Pkt 125 480 0.260417 1
Node 26 39 26.4008
Pkt 195 750 0.26 1
Pkt 208 800 0.26 1
Node 33 43 18.3848
Pkt 63 240 0.2625 1
Pkt 42 160 0.2625 1
Rate:523.083
==========
==========30
4 0 2 24000
Node 62 73 25.9422
Pkt 63 240 0.2625 1
Pkt 63 240 0.2625 1
Node 52 71 21.095
Pkt 78 300 0.26 1
Pkt 84 320 0.2625 1
Node 62 65 19.2094
Pkt 208 800 0.26 1
Pkt 208 800 0.26 1
Node 68 69 26.1725
Pkt 26 100 0.26 1
Pkt 42 160 0.2625 1
Rate:522.5
==========
==========31
4 0 2 24000
Node 51 68 18.0278
Pkt 26 100 0.26 1
Pkt 52 200 0.26 1
Node 50 35 15
Pkt 125 480 0.260417 1
Pkt 78 300 0.26 1
Node 43 69 20.2485
Pkt 195 750 0.26 1
Pkt 208 800 0.26 1
Node 26 63 27.2947
Pkt 26 100 0.26 1
Pkt 26 100 0.26 1
Rate:520.104
==========
==========32
4 0 2 24000
Node 26 32 30
Pkt 32 120 0.266667 1
Pkt 52 200 0.26 1
Node 44 37 14.3178
Pkt 84 320 0.2625 1
Pkt 98 375 0.261333 1
Node 32 29 27.6586
Pkt 195 750 0.26 1
Pkt 195 750 0.26 1
Node 31 70 27.5862
Pkt 32 120 0.266667 1
Pkt 33 125 0.264 1
Rate:525.292
==========
==========33
4 0 2 24000
Node 50 57 7
Pkt 52 200 0.26 1
Pkt 32 120 0.266667 1
Node 30 48 20.0998
Pkt 104 400 0.26 1
Pkt 104 400 0.26 1
Node 31 54 19.4165
Pkt 208 800 0.26 1
Pkt 195 750 0.26 1
Node 43 54 8.06226
Pkt 32 120 0.266667 1
Pkt 26 100 0.26 1
Rate:523.333
==========
==========34
4 0 2 24000
Node 65 57 16.5529
Pkt 32 120 0.266667 1
Pkt 26 100 0.26 1
Node 74 53 24.1868
Pkt 78 300 0.26 1
Pkt 78 300 0.26 1
Node 54 56 7.2111
Pkt 208 800 0.26 1
Pkt 208 800 0.26 1
Node 35 42 17
Pkt 52 200 0.26 1
Pkt 52 200 0.26 1
Rate:521.667
==========
==========35
4 0 2 24000
Node 49 62 12.0416
Pkt 50 192 0.260417 1
Pkt 42 160 0.2625 1
Node 32 72 28.4253
Pkt 104 400 0.26 1
Pkt 98 375 0.261333 1
Node 27 38 25.9422
Pkt 195 750 0.26 1
Pkt 195 750 0.26 1
Node 31 34 24.8395
Pkt 65 250 0.26 1
Pkt 52 200 0.26 1
Rate:521.063
==========
==========36
4 0 2 24000
Node 26 51 24.0208
Pkt 50 192 0.260417 1
Pkt 50 192 0.260417 1
Node 30 32 26.9072
Pkt 104 400 0.26 1
Pkt 125 480 0.260417 1
Node 42 43 10.6301
Pkt 208 800 0.26 1
Pkt 195 750 0.26 1
Node 73 62 25.9422
Pkt 65 250 0.26 1
Pkt 63 240 0.2625 1
Rate:520.938
==========
==========37
4 0 2 24000
Node 40 45 11.1803
Pkt 32 120 0.266667 1
Pkt 42 160 0.2625 1
Node 27 39 25.4951
Pkt 98 375 0.261333 1
Pkt 98 375 0.261333 1
Node 40 27 25.0799
Pkt 195 750 0.26 1
Pkt 208 800 0.26 1
Node 56 35 16.1555
Pkt 52 200 0.26 1
Pkt 63 240 0.2625 1
Rate:523.583
==========
==========38
4 0 2 24000
Node 74 49 24.0208
Pkt 50 192 0.260417 1
Pkt 52 200 0.26 1
Node 45 68 18.6815
Pkt 125 480 0.260417 1
Pkt 104 400 0.26 1
Node 45 25 25.4951
Pkt 208 800 0.26 1
Pkt 208 800 0.26 1
Node 26 50 24
Pkt 63 240 0.2625 1
Pkt 65 250 0.26 1
Rate:520.833
==========
==========39
4 0 2 24000
Node 27 48 23.0868
Pkt 33 125 0.264 1
Pkt 33 125 0.264 1
Node 57 30 21.1896
Pkt 104 400 0.26 1
Pkt 125 480 0.260417 1
Node 49 64 14.0357
Pkt 195 750 0.26 1
Pkt 195 750 0.26 1
Node 66 73 28.0179
Pkt 52 200 0.26 1
Pkt 65 250 0.26 1
Rate:522.104
==========
==========40
4 0 2 24000
Node 64 35 20.5183
Pkt 65 250 0.26 1
Pkt 33 125 0.264 1
Node 57 53 7.61577
Pkt 98 375 0.261333 1
Pkt 125 480 0.260417 1
Node 74 71 31.8904
Pkt 208 800 0.26 1
Pkt 195 750 0.26 1
Node 63 61 17.0294
Pkt 39 150 0.26 1
Pkt 50 192 0.260417 1
Rate:521.542
==========
==========41
4 0 2 24000
Node 68 51 18.0278
Pkt 65 250 0.26 1
Pkt 39 150 0.26 1
Node 46 25 25.318
Pkt 84 320 0.2625 1
Pkt 84 320 0.2625 1
Node 66 47 16.2788
Pkt 208 800 0.26 1
Pkt 208 800 0.26 1
Node 35 42 17
Pkt 33 125 0.264 1
Pkt 39 150 0.26 1
Rate:522.25
==========
==========42
4 0 2 24000
Node 25 32 30.8058
Pkt 50 192 0.260417 1
Pkt 52 200 0.26 1
Node 66 61 19.4165
Pkt 104 400 0.26 1
Pkt 98 375 0.261333 1
Node 63 69 23.0217
Pkt 208 800 0.26 1
Pkt 195 750 0.26 1
Node 51 65 15.0333
Pkt 63 240 0.2625 1
Pkt 32 120 0.266667 1
Rate:522.729
==========
==========43
4 0 2 24000
Node 63 49 13.0384
Pkt 39 150 0.26 1
Pkt 65 250 0.26 1
Node 32 67 24.7588
Pkt 98 375 0.261333 1
Pkt 84 320 0.2625 1
Node 25 74 34.6554
Pkt 195 750 0.26 1
Pkt 195 750 0.26 1
Node 52 40 10.198
Pkt 65 250 0.26 1
Pkt 52 200 0.26 1
Rate:520.958
==========
==========44
4 0 2 24000
Node 49 30 20.025
Pkt 39 150 0.26 1
Pkt 33 125 0.264 1
Node 74 57 25
Pkt 84 320 0.2625 1
Pkt 98 375 0.261333 1
Node 61 53 11.4018
Pkt 195 750 0.26 1
Pkt 195 750 0.26 1
Node 30 49 20.025
Pkt 42 160 0.2625 1
Pkt 50 192 0.260417 1
Rate:522.688
==========
==========45
4 0 2 24000
Node 74 54 24.3311
Pkt 26 100 0.26 1
Pkt 32 120 0.266667 1
Node 49 44 6.08276
Pkt 98 375 0.261333 1
Pkt 98 375 0.261333 1
Node 33 30 26.2488
Pkt 195 750 0.26 1
Pkt 208 800 0.26 1
Node 74 56 24.7386
Pkt 65 250 0.26 1
Pkt 50 192 0.260417 1
Rate:522.438
==========
==========46
4 0 2 24000
Node 34 36 21.2603
Pkt 65 250 0.26 1
Pkt 65 250 0.26 1
Node 27 67 28.6007
Pkt 78 300 0.26 1
Pkt 98 375 0.261333 1
Node 49 25 25.02
Pkt 208 800 0.26 1
Pkt 208 800 0.26 1
Node 62 50 12
Pkt 32 120 0.266667 1
Pkt 65 250 0.26 1
Rate:522
==========
==========47
4 0 2 24000
Node 67 71 27.0185
Pkt 42 160 0.2625 1
Pkt 42 160 0.2625 1
Node 54 40 10.7703
Pkt 78 300 0.26 1
Pkt 78 300 0.26 1
Node 42 74 25.2982
Pkt 208 800 0.26 1
Pkt 208 800 0.26 1
Node 64 51 14.0357
Pkt 52 200 0.26 1
Pkt 50 192 0.260417 1
Rate:521.354
==========
==========48
4 0 2 24000
Node 43 63 14.7648
Pkt 50 192 0.260417 1
Pkt 52 200 0.26 1
Node 42 28 23.4094
Pkt 125 480 0.260417 1
Pkt 125 480 0.260417 1
Node 34 72 27.2029
Pkt 208 800 0.26 1
Pkt 208 800 0.26 1
Node 64 36 19.799
Pkt 65 250 0.26 1
Pkt 32 120 0.266667 1
Rate:521.979
==========
==========49
4 0 2 24000
Node 59 36 16.6433
Pkt 63 240 0.2625 1
Pkt 26 100 0.26 1
Node 39 30 22.8254
Pkt 125 480 0.260417 1
Pkt 98 375 0.261333 1
Node 62 26 26.8328
Pkt 208 800 0.26 1
Pkt 208 800 0.26 1
Node 26 63 27.2947
Pkt 33 125 0.264 1
Pkt 63 240 0.2625 1
Rate:522.688
==========
==========50
4 0 2 24000
Node 59 48 9.21954
Pkt 39 150 0.26 1
Pkt 33 125 0.264 1
Node 44 40 11.6619
Pkt 98 375 0.261333 1
Pkt 104 400 0.26 1
Node 67 74 29.4109
Pkt 208 800 0.26 1
Pkt 195 750 0.26 1
Node 65 54 15.5242
Pkt 33 125 0.264 1
Pkt 42 160 0.2625 1
Rate:522.958
==========
==========51
4 0 2 24000
Node 37 62 17.6918
Pkt 63 240 0.2625 1
Pkt 52 200 0.26 1
Node 66 37 20.6155
Pkt 125 480 0.260417 1
Pkt 104 400 0.26 1
Node 39 56 12.53
Pkt 208 800 0.26 1
Pkt 195 750 0.26 1
Node 68 50 18
Pkt 26 100 0.26 1
Pkt 52 200 0.26 1
Rate:520.729
==========
==========52
4 0 2 24000
Node 36 36 19.799
Pkt 26 100 0.26 1
Pkt 32 120 0.266667 1
Node 70 31 27.5862
Pkt 104 400 0.26 1
Pkt 78 300 0.26 1
Node 33 26 29.4109
Pkt 208 800 0.26 1
Pkt 195 750 0.26 1
Node 58 55 9.43398
Pkt 39 150 0.26 1
Pkt 32 120 0.266667 1
Rate:523.333
==========
==========53
4 0 2 24000
Node 37 35 19.8494
Pkt 33 125 0.264 1
Pkt 52 200 0.26 1
Node 27 71 31.1448
Pkt 84 320 0.2625 1
Pkt 104 400 0.26 1
Node 25 37 28.178
Pkt 195 750 0.26 1
Pkt 195 750 0.26 1
Node 62 30 23.3238
Pkt 42 160 0.2625 1
Pkt 65 250 0.26 1
Rate:522.25
==========
==========54
4 0 2 24000
Node 59 66 18.3576
Pkt 39 150 0.26 1
Pkt 39 150 0.26 1
Node 27 61 25.4951
Pkt 125 480 0.260417 1
Pkt 104 400 0.26 1
Node 42 73 24.3516
Pkt 208 800 0.26 1
Pkt 195 750 0.26 1
Node 35 48 15.1327
Pkt 63 240 0.2625 1
Pkt 26 100 0.26 1
Rate:520.729
==========
==========55
4 0 2 24000
Node 25 43 25.9615
Pkt 42 160 0.2625 1
Pkt 63 240 0.2625 1
Node 33 41 19.2354
Pkt 104 400 0.26 1
Pkt 125 480 0.260417 1
Node 71 65 25.807
Pkt 195 750 0.26 1
Pkt 195 750 0.26 1
Node 61 59 14.2127
Pkt 50 192 0.260417 1
Pkt 50 192 0.260417 1
Rate:521.563
==========
==========56
4 0 2 24000
Node 36 32 22.8035
Pkt 32 120 0.266667 1
Pkt 39 150 0.26 1
Node 29 66 26.4008
Pkt 78 300 0.26 1
Pkt 84 320 0.2625 1
Node 31 35 24.2074
Pkt 195 750 0.26 1
Pkt 208 800 0.26 1
Node 51 56 6.08276
Pkt 33 125 0.264 1
Pkt 32 120 0.266667 1
Rate:524.958
==========
==========57
4 0 2 24000
Node 52 30 20.0998
Pkt 32 120 0.266667 1
Pkt 63 240 0.2625 1
Node 61 61 15.5563
Pkt 84 320 0.2625 1
Pkt 98 375 0.261333 1
Node 50 67 17
Pkt 208 800 0.26 1
Pkt 208 800 0.26 1
Node 61 46 11.7047
Pkt 65 250 0.26 1
Pkt 63 240 0.2625 1
Rate:523.875
==========
==========58
4 0 2 24000
Node 27 44 23.7697
Pkt 32 120 0.266667 1
Pkt 50 192 0.260417 1
Node 44 64 15.2315
Pkt 125 480 0.260417 1
Pkt 104 400 0.26 1
Node 70 64 24.4131
Pkt 195 750 0.26 1
Pkt 208 800 0.26 1
Node 60 65 18.0278
Pkt 32 120 0.266667 1
Pkt 26 100 0.26 1
Rate:523.542
==========
==========59
4 0 2 24000
Node 72 71 30.4138
Pkt 32 120 0.266667 1
Pkt 50 192 0.260417 1
Node 43 74 25
Pkt 125 480 0.260417 1
Pkt 78 300 0.26 1
Node 40 48 10.198
Pkt 208 800 0.26 1
Pkt 208 800 0.26 1
Node 65 40 18.0278
Pkt 52 200 0.26 1
Pkt 63 240 0.2625 1
Rate:522.5
==========
==========60
4 0 2 24000
Node 52 30 20.0998
Pkt 32 120 0.266667 1
Pkt 52 200 0.26 1
Node 61 54 11.7047
Pkt 98 375 0.261333 1
Pkt 84 320 0.2625 1
Node 64 66 21.2603
Pkt 208 800 0.26 1
Pkt 208 800 0.26 1
Node 27 74 33.2415
Pkt 39 150 0.26 1
Pkt 39 150 0.26 1
Rate:522.625
==========
==========61
4 0 2 24000
Node 64 34 21.2603
Pkt 32 120 0.266667 1
Pkt 50 192 0.260417 1
Node 55 33 17.72
Pkt 78 300 0.26 1
Pkt 98 375 0.261333 1
Node 31 70 27.5862
Pkt 208 800 0.26 1
Pkt 208 800 0.26 1
Node 33 63 21.4009
Pkt 26 100 0.26 1
Pkt 65 250 0.26 1
Rate:522.104
==========
==========62
4 0 2 24000
Node 31 67 25.4951
Pkt 39 150 0.26 1
Pkt 26 100 0.26 1
Node 69 40 21.4709
Pkt 78 300 0.26 1
Pkt 125 480 0.260417 1
Node 27 27 32.5269
Pkt 195 750 0.26 1
Pkt 195 750 0.26 1
Node 58 41 12.0416
Pkt 32 120 0.266667 1
Pkt 26 100 0.26 1
Rate:521.771
==========
==========63
4 0 2 24000
Node 61 65 18.6011
Pkt 33 125 0.264 1
Pkt 26 100 0.26 1
Node 31 74 30.6105
Pkt 78 300 0.26 1
Pkt 78 300 0.26 1
Node 67 58 18.7883
Pkt 208 800 0.26 1
Pkt 195 750 0.26 1
Node 67 34 23.3452
Pkt 50 192 0.260417 1
Pkt 33 125 0.264 1
Rate:522.104
==========
==========64
4 0 2 24000
Node 36 45 14.8661
Pkt 50 192 0.260417 1
Pkt 26 100 0.26 1
Node 33 42 18.7883
Pkt 78 300 0.26 1
Pkt 98 375 0.261333 1
Node 45 37 13.9284
Pkt 208 800 0.26 1
Pkt 195 750 0.26 1
Node 57 36 15.6525
Pkt 52 200 0.26 1
Pkt 42 160 0.2625 1
Rate:521.063
==========
==========65
4 0 2 24000
Node 63 48 13.1529
Pkt 26 100 0.26 1
Pkt 65 250 0.26 1
Node 55 38 13
Pkt 98 375 0.261333 1
Pkt 125 480 0.260417 1
Node 31 46 19.4165
Pkt 208 800 0.26 1
Pkt 208 800 0.26 1
Node 57 30 21.1896
Pkt 42 160 0.2625 1
Pkt 63 240 0.2625 1
Rate:521.688
==========
==========66
4 0 2 24000
Node 33 49 17.0294
Pkt 65 250 0.26 1
Pkt 39 150 0.26 1
Node 46 46 5.65685
Pkt 125 480 0.260417 1
Pkt 98 375 0.261333 1
Node 44 53 6.7082
Pkt 195 750 0.26 1
Pkt 208 800 0.26 1
Node 35 48 15.1327
Pkt 33 125 0.264 1
Pkt 65 250 0.26 1
Rate:521.438
==========
==========67
4 0 2 24000
Node 46 46 5.65685
Pkt 50 192 0.260417 1
Pkt 32 120 0.266667 1
Node 52 69 19.105
Pkt 78 300 0.26 1
Pkt 84 320 0.2625 1
Node 67 64 22.0227
Pkt 195 750 0.26 1
Pkt 195 750 0.26 1
Node 52 66 16.1245
Pkt 26 100 0.26 1
Pkt 32 120 0.266667 1
Rate:524.063
==========
==========68
4 0 2 24000
Node 49 68 18.0278
Pkt 33 125 0.264 1
Pkt 42 160 0.2625 1
Node 30 62 23.3238
Pkt 84 320 0.2625 1
Pkt 78 300 0.26 1
Node 25 65 29.1548
Pkt 208 800 0.26 1
Pkt 208 800 0.26 1
Node 58 55 9.43398
Pkt 26 100 0.26 1
Pkt 42 160 0.2625 1
Rate:522.875
==========
==========69
4 0 2 24000
Node 61 28 24.5967
Pkt 65 250 0.26 1
Pkt 42 160 0.2625 1
Node 57 72 23.0868
Pkt 84 320 0.2625 1
Pkt 98 375 0.261333 1
Node 62 35 19.2094
Pkt 195 750 0.26 1
Pkt 195 750 0.26 1
Node 55 60 11.1803
Pkt 32 120 0.266667 1
Pkt 63 240 0.2625 1
Rate:523.875
==========
==========70
4 0 2 24000
Node 26 53 24.1868
Pkt 42 160 0.2625 1
Pkt 32 120 0.266667 1
Node 52 66 16.1245
Pkt 104 400 0.26 1
Pkt 78 300 0.26 1
Node 53 59 9.48683
Pkt 195 750 0.26 1
Pkt 195 750 0.26 1
Node 56 32 18.9737
Pkt 42 160 0.2625 1
Pkt 65 250 0.26 1
Rate:522.917
==========
==========71
4 0 2 24000
Node 25 32 30.8058
Pkt 39 150 0.26 1
Pkt 42 160 0.2625 1
Node 42 41 12.0416
Pkt 125 480 0.260417 1
Pkt 84 320 0.2625 1
Node 51 58 8.06226
Pkt 195 750 0.26 1
Pkt 208 800 0.26 1
Node 58 60 12.8062
Pkt 32 120 0.266667 1
Pkt 26 100 0.26 1
Rate:523.021
==========
==========72
4 0 2 24000
Node 31 62 22.4722
Pkt 39 150 0.26 1
Pkt 26 100 0.26 1
Node 28 59 23.7697
Pkt 84 320 0.2625 1
Pkt 78 300 0.26 1
Node 71 73 31.1448
Pkt 195 750 0.26 1
Pkt 195 750 0.26 1
Node 25 37 28.178
Pkt 32 120 0.266667 1
Pkt 52 200 0.26 1
Rate:522.292
==========
==========73
4 0 2 24000
Node 50 26 24
Pkt 39 150 0.26 1
Pkt 50 192 0.260417 1
Node 70 34 25.6125
Pkt 104 400 0.26 1
Pkt 98 375 0.261333 1
Node 70 73 30.4795
Pkt 208 800 0.26 1
Pkt 208 800 0.26 1
Node 43 60 12.2066
Pkt 32 120 0.266667 1
Pkt 39 150 0.26 1
Rate:522.104
==========
==========74
4 0 2 24000
Node 29 73 31.1448
Pkt 26 100 0.26 1
Pkt 65 250 0.26 1
Node 44 62 13.4164
Pkt 98 375 0.261333 1
Pkt 125 480 0.260417 1
Node 50 74 24
Pkt 208 800 0.26 1
Pkt 208 800 0.26 1
Node 60 32 20.5913
Pkt 32 120 0.266667 1
Pkt 42 160 0.2625 1
Rate:522.729
==========
==========75
4 0 2 24000
Node 36 48 14.1421
Pkt 63 240 0.2625 1
Pkt 39 150 0.26 1
Node 42 29 22.4722
Pkt 78 300 0.26 1
Pkt 84 320 0.2625 1
Node 52 27 23.0868
Pkt 208 800 0.26 1
Pkt 208 800 0.26 1
Node 34 39 19.4165
Pkt 50 192 0.260417 1
Pkt 39 150 0.26 1
Rate:521.354
==========
==========76
4 0 2 24000
Node 73 61 25.4951
Pkt 52 200 0.26 1
Pkt 33 125 0.264 1
Node 71 45 21.587
Pkt 84 320 0.2625 1
Pkt 125 480 0.260417 1
Node 36 72 26.0768
Pkt 208 800 0.26 1
Pkt 208 800 0.26 1
Node 31 60 21.4709
Pkt 39 150 0.26 1
Pkt 65 250 0.26 1
Rate:521.729
==========
==========77
4 0 2 24000
Node 33 51 17.0294
Pkt 39 150 0.26 1
Pkt 33 125 0.264 1
Node 65 58 17
Pkt 104 400 0.26 1
Pkt 78 300 0.26 1
Node 51 64 14.0357
Pkt 208 800 0.26 1
Pkt 195 750 0.26 1
Node 64 59 16.6433
Pkt 42 160 0.2625 1
Pkt 39 150 0.26 1
Rate:521.625
==========
==========78
4 0 2 24000
Node 64 39 17.8045
Pkt 50 192 0.260417 1
Pkt 63 240 0.2625 1
Node 50 42 8
Pkt 78 300 0.26 1
Pkt 78 300 0.26 1
Node 54 27 23.3452
Pkt 208 800 0.26 1
Pkt 195 750 0.26 1
Node 34 72 27.2029
Pkt 33 125 0.264 1
Pkt 42 160 0.2625 1
Rate:522.354
==========
==========79
4 0 2 24000
Node 64 51 14.0357
Pkt 65 250 0.26 1
Pkt 52 200 0.26 1
Node 46 59 9.84886
Pkt 125 480 0.260417 1
Pkt 78 300 0.26 1
Node 45 70 20.6155
Pkt 208 800 0.26 1
Pkt 195 750 0.26 1
Node 26 34 28.8444
Pkt 65 250 0.26 1
Pkt 32 120 0.266667 1
Rate:521.771
==========
==========80
4 0 2 24000
Node 31 28 29.0689
Pkt 63 240 0.2625 1
Pkt 33 125 0.264 1
Node 70 30 28.2843
Pkt 98 375 0.261333 1
Pkt 98 375 0.261333 1
Node 44 29 21.8403
Pkt 208 800 0.26 1
Pkt 208 800 0.26 1
Node 51 74 24.0208
Pkt 50 192 0.260417 1
Pkt 50 192 0.260417 1
Rate:522.5
==========
==========81
4 0 2 24000
Node 38 62 16.9706
Pkt 50 192 0.260417 1
Pkt 33 125 0.264 1
Node 47 74 24.1868
Pkt 104 400 0.26 1
Pkt 78 300 0.26 1
Node 46 58 8.94427
Pkt 208 800 0.26 1
Pkt 195 750 0.26 1
Node 55 38 13
Pkt 63 240 0.2625 1
Pkt 42 160 0.2625 1
Rate:522.354
==========
==========82
4 0 2 24000
Node 28 47 22.2036
Pkt 39 150 0.26 1
Pkt 32 120 0.266667 1
Node 51 31 19.0263
Pkt 78 300 0.26 1
Pkt 78 300 0.26 1
Node 49 57 7.07107
Pkt 195 750 0.26 1
Pkt 208 800 0.26 1
Node 53 52 3.60555
Pkt 26 100 0.26 1
Pkt 32 120 0.266667 1
Rate:523.333
==========
==========83
4 0 2 24000
Node 58 70 21.5407
Pkt 50 192 0.260417 1
Pkt 33 125 0.264 1
Node 70 39 22.8254
Pkt 125 480 0.260417 1
Pkt 78 300 0.26 1
Node 47 65 15.2971
Pkt 195 750 0.26 1
Pkt 208 800 0.26 1
Node 64 66 21.2603
Pkt 26 100 0.26 1
Pkt 26 100 0.26 1
Rate:521.208
==========
==========84
4 0 2 24000
Node 31 56 19.9249
Pkt 32 120 0.266667 1
Pkt 63 240 0.2625 1
Node 61 29 23.7065
Pkt 84 320 0.2625 1
Pkt 98 375 0.261333 1
Node 74 66 28.8444
Pkt 208 800 0.26 1
Pkt 208 800 0.26 1
Node 70 35 25
Pkt 52 200 0.26 1
Pkt 26 100 0.26 1
Rate:523.25
==========
==========85
4 0 2 24000
Node 26 31 30.6105
Pkt 63 240 0.2625 1
Pkt 42 160 0.2625 1
Node 38 36 18.4391
Pkt 104 400 0.26 1
Pkt 78 300 0.26 1
Node 45 36 14.8661
Pkt 195 750 0.26 1
Pkt 208 800 0.26 1
Node 53 39 11.4018
Pkt 32 120 0.266667 1
Pkt 39 150 0.26 1
Rate:522.917
==========
==========86
4 0 2 24000
Node 63 51 13.0384
Pkt 63 240 0.2625 1
Pkt 32 120 0.266667 1
Node 31 26 30.6105
Pkt 98 375 0.261333 1
Pkt 125 480 0.260417 1
Node 33 60 19.7231
Pkt 195 750 0.26 1
Pkt 208 800 0.26 1
Node 65 54 15.5242
Pkt 26 100 0.26 1
Pkt 63 240 0.2625 1
Rate:523.354
==========
==========87
4 0 2 24000
Node 30 73 30.4795
Pkt 33 125 0.264 1
Pkt 52 200 0.26 1
Node 27 29 31.1448
Pkt 104 400 0.26 1
Pkt 98 375 0.261333 1
Node 30 36 24.4131
Pkt 195 750 0.26 1
Pkt 195 750 0.26 1
Node 25 36 28.6531
Pkt 50 192 0.260417 1
Pkt 39 150 0.26 1
Rate:521.438
==========
==========88
4 0 2 24000
Node 39 54 11.7047
Pkt 26 100 0.26 1
Pkt 42 160 0.2625 1
Node 53 27 23.1948
Pkt 98 375 0.261333 1
Pkt 125 480 0.260417 1
Node 57 71 22.1359
Pkt 195 750 0.26 1
Pkt 195 750 0.26 1
Node 36 39 17.8045
Pkt 39 150 0.26 1
Pkt 50 192 0.260417 1
Rate:521.167
==========
==========89
4 0 2 24000
Node 74 70 31.241
Pkt 42 160 0.2625 1
Pkt 39 150 0.26 1
Node 34 27 28.0179
Pkt 125 480 0.260417 1
Pkt 104 400 0.26 1
Node 40 50 10
Pkt 208 800 0.26 1
Pkt 195 750 0.26 1
Node 58 45 9.43398
Pkt 52 200 0.26 1
Pkt 50 192 0.260417 1
Rate:520.833
==========
==========90
4 0 2 24000
Node 55 31 19.6469
Pkt 65 250 0.26 1
Pkt 52 200 0.26 1
Node 38 48 12.1655
Pkt 125 480 0.260417 1
Pkt 125 480 0.260417 1
Node 27 66 28.0179
Pkt 195 750 0.26 1
Pkt 195 750 0.26 1
Node 37 64 19.105
Pkt 32 120 0.266667 1
Pkt 39 150 0.26 1
Rate:521.875
==========
==========91
4 0 2 24000
Node 27 68 29.2062
Pkt 50 192 0.260417 1
Pkt 50 192 0.260417 1
Node 50 54 4
Pkt 125 480 0.260417 1
Pkt 84 320 0.2625 1
Node 43 27 24.0416
Pkt 208 800 0.26 1
Pkt 195 750 0.26 1
Node 50 62 12
Pkt 26 100 0.26 1
Pkt 50 192 0.260417 1
Rate:521.042
==========
==========92
4 0 2 24000
Node 44 32 18.9737
Pkt 42 160 0.2625 1
Pkt 33 125 0.264 1
Node 43 52 7.28011
Pkt 78 300 0.26 1
Pkt 98 375 0.261333 1
Node 60 32 20.5913
Pkt 195 750 0.26 1
Pkt 208 800 0.26 1
Node 32 33 24.7588
Pkt 26 100 0.26 1
Pkt 33 125 0.264 1
Rate:522.958
==========
==========93
4 0 2 24000
Node 48 25 25.0799
Pkt 26 100 0.26 1
Pkt 42 160 0.2625 1
Node 57 44 9.21954
Pkt 125 480 0.260417 1
Pkt 78 300 0.26 1
Node 57 53 7.61577
Pkt 208 800 0.26 1
Pkt 208 800 0.26 1
Node 40 64 17.2047
Pkt 33 125 0.264 1
Pkt 32 120 0.266667 1
Rate:523.396
==========
==========94
4 0 2 24000
Node 67 55 17.72
Pkt 50 192 0.260417 1
Pkt 39 150 0.26 1
Node 49 67 17.0294
Pkt 98 375 0.261333 1
Pkt 104 400 0.26 1
Node 59 33 19.2354
Pkt 208 800 0.26 1
Pkt 195 750 0.26 1
Node 42 37 15.2643
Pkt 32 120 0.266667 1
Pkt 50 192 0.260417 1
Rate:522.208
==========
==========95
4 0 2 24000
Node 48 34 16.1245
Pkt 39 150 0.26 1
Pkt 42 160 0.2625 1
Node 55 52 5.38516
Pkt 84 320 0.2625 1
Pkt 84 320 0.2625 1
Node 60 54 10.7703
Pkt 208 800 0.26 1
Pkt 195 750 0.26 1
Node 29 52 21.095
Pkt 33 125 0.264 1
Pkt 42 160 0.2625 1
Rate:523.5
==========
==========96
4 0 2 24000
Node 59 29 22.8473
Pkt 39 150 0.26 1
Pkt 52 200 0.26 1
Node 45 48 5.38516
Pkt 125 480 0.260417 1
Pkt 78 300 0.26 1
Node 60 57 12.2066
Pkt 208 800 0.26 1
Pkt 195 750 0.26 1
Node 34 48 16.1245
Pkt 39 150 0.26 1
Pkt 42 160 0.2625 1
Rate:520.729
==========
==========97
4 0 2 24000
Node 60 37 16.4012
Pkt 50 192 0.260417 1
Pkt 63 240 0.2625 1
Node 59 25 26.5707
Pkt 104 400 0.26 1
Pkt 125 480 0.260417 1
Node 55 46 6.40312
Pkt 195 750 0.26 1
Pkt 208 800 0.26 1
Node 43 66 17.4642
Pkt 52 200 0.26 1
Pkt 32 120 0.266667 1
Rate:522.5
==========
==========98
4 0 2 24000
Node 36 30 24.4131
Pkt 33 125 0.264 1
Pkt 33 125 0.264 1
Node 44 33 18.0278
Pkt 84 320 0.2625 1
Pkt 125 480 0.260417 1
Node 69 54 19.4165
Pkt 208 800 0.26 1
Pkt 195 750 0.26 1
Node 65 27 27.4591
Pkt 33 125 0.264 1
Pkt 52 200 0.26 1
Rate:523.729
==========
==========99
