4 0 2 24000
Node 36 67 22.0227
Pkt 48 160 0.3 1
Pkt 60 200 0.3 1
Node 28 47 22.2036
Pkt 90 300 0.3 1
Pkt 120 400 0.3 1
Node 56 61 12.53
Pkt 240 800 0.3 1
Pkt 225 750 0.3 1
Node 59 38 15
Pkt 45 150 0.3 1
Pkt 60 200 0.3 1
Rate:600
==========
==========0
4 0 2 24000
Node 56 67 18.0278
Pkt 48 160 0.3 1
Pkt 75 250 0.3 1
Node 36 74 27.7849
Pkt 120 400 0.3 1
Pkt 113 375 0.301333 1
Node 67 74 29.4109
Pkt 225 750 0.3 1
Pkt 240 800 0.3 1
Node 67 31 25.4951
Pkt 45 150 0.3 1
Pkt 38 125 0.304 1
Rate:601.333
==========
==========1
4 0 2 24000
Node 26 62 26.8328
Pkt 45 150 0.3 1
Pkt 30 100 0.3 1
Node 66 34 22.6274
Pkt 96 320 0.3 1
Pkt 120 400 0.3 1
Node 49 64 14.0357
Pkt 225 750 0.3 1
Pkt 240 800 0.3 1
Node 72 67 27.8029
Pkt 38 125 0.304 1
Pkt 30 100 0.3 1
Rate:601
==========
==========2
4 0 2 24000
Node 31 37 23.0217
Pkt 75 250 0.3 1
Pkt 72 240 0.3 1
Node 28 48 22.0907
Pkt 120 400 0.3 1
Pkt 90 300 0.3 1
Node 44 36 15.2315
Pkt 225 750 0.3 1
Pkt 225 750 0.3 1
Node 32 48 18.1108
Pkt 30 100 0.3 1
Pkt 36 120 0.3 1
Rate:600
==========
==========3
4 0 2 24000
Node 38 33 20.8087
Pkt 36 120 0.3 1
Pkt 72 240 0.3 1
Node 51 46 4.12311
Pkt 144 480 0.3 1
Pkt 90 300 0.3 1
Node 50 42 8
Pkt 225 750 0.3 1
Pkt 225 750 0.3 1
Node 37 50 13
Pkt 48 160 0.3 1
Pkt 36 120 0.3 1
Rate:600
==========
==========4
4 0 2 24000
Node 43 60 12.2066
Pkt 48 160 0.3 1
Pkt 72 240 0.3 1
Node 56 72 22.8035
Pkt 120 400 0.3 1
Pkt 113 375 0.301333 1
Node 36 37 19.105
Pkt 225 750 0.3 1
Pkt 225 750 0.3 1
Node 64 67 22.0227
Pkt 36 120 0.3 1
Pkt 36 120 0.3 1
Rate:600.333
==========
==========5
4 0 2 24000
Node 36 37 19.105
Pkt 30 100 0.3 1
Pkt 36 120 0.3 1
Node 69 70 27.5862
Pkt 144 480 0.3 1
Pkt 113 375 0.301333 1
Node 59 64 16.6433
Pkt 225 750 0.3 1
Pkt 225 750 0.3 1
Node 59 59 12.7279
Pkt 30 100 0.3 1
Pkt 36 120 0.3 1
Rate:600.333
==========
==========6
4 0 2 24000
Node 46 33 17.4642
Pkt 72 240 0.3 1
Pkt 72 240 0.3 1
Node 35 55 15.8114
Pkt 90 300 0.3 1
Pkt 90 300 0.3 1
Node 62 58 14.4222
Pkt 225 750 0.3 1
Pkt 225 750 0.3 1
Node 74 58 25.2982
Pkt 30 100 0.3 1
Pkt 58 192 0.302083 1
Rate:600.521
==========
==========7
4 0 2 24000
Node 66 58 17.8885
Pkt 36 120 0.3 1
Pkt 45 150 0.3 1
Node 54 51 4.12311
Pkt 144 480 0.3 1
Pkt 113 375 0.301333 1
Node 61 67 20.2485
Pkt 225 750 0.3 1
Pkt 225 750 0.3 1
Node 40 35 18.0278
Pkt 48 160 0.3 1
Pkt 30 100 0.3 1
Rate:600.333
==========
==========8
4 0 2 24000
Node 68 46 18.4391
Pkt 72 240 0.3 1
Pkt 60 200 0.3 1
Node 33 46 17.4642
Pkt 120 400 0.3 1
Pkt 113 375 0.301333 1
Node 39 62 16.2788
Pkt 225 750 0.3 1
Pkt 240 800 0.3 1
Node 70 42 21.5407
Pkt 30 100 0.3 1
Pkt 38 125 0.304 1
Rate:601.333
==========
==========9
4 0 2 24000
Node 56 66 17.088
Pkt 72 240 0.3 1
Pkt 75 250 0.3 1
Node 36 31 23.6008
Pkt 96 320 0.3 1
Pkt 96 320 0.3 1
Node 55 61 12.083
Pkt 225 750 0.3 1
Pkt 240 800 0.3 1
Node 25 71 32.6497
Pkt 45 150 0.3 1
Pkt 30 100 0.3 1
Rate:600
==========
==========10
4 0 2 24000
Node 73 58 24.3516
Pkt 72 240 0.3 1
Pkt 60 200 0.3 1
Node 42 64 16.1245
Pkt 120 400 0.3 1
Pkt 90 300 0.3 1
Node 28 30 29.7321
Pkt 225 750 0.3 1
Pkt 225 750 0.3 1
Node 32 38 21.6333
Pkt 38 125 0.304 1
Pkt 45 150 0.3 1
Rate:601
==========
==========11
4 0 2 24000
Node 60 58 12.8062
Pkt 36 120 0.3 1
Pkt 38 125 0.304 1
Node 50 51 1
Pkt 144 480 0.3 1
Pkt 90 300 0.3 1
Node 31 57 20.2485
Pkt 240 800 0.3 1
Pkt 240 800 0.3 1
Node 68 34 24.0832
Pkt 45 150 0.3 1
Pkt 48 160 0.3 1
Rate:601
==========
==========12
4 0 2 24000
Node 34 68 24.0832
Pkt 38 125 0.304 1
Pkt 36 120 0.3 1
Node 69 46 19.4165
Pkt 120 400 0.3 1
Pkt 90 300 0.3 1
Node 41 31 21.0238
Pkt 225 750 0.3 1
Pkt 240 800 0.3 1
Node 58 35 17
Pkt 38 125 0.304 1
Pkt 45 150 0.3 1
Rate:602
==========
==========13
4 0 2 24000
Node 46 29 21.3776
Pkt 72 240 0.3 1
Pkt 72 240 0.3 1
Node 55 35 15.8114
Pkt 90 300 0.3 1
Pkt 113 375 0.301333 1
Node 60 34 18.868
Pkt 240 800 0.3 1
Pkt 240 800 0.3 1
Node 63 27 26.4197
Pkt 75 250 0.3 1
Pkt 60 200 0.3 1
Rate:600.333
==========
==========14
4 0 2 24000
Node 69 36 23.6008
Pkt 38 125 0.304 1
Pkt 75 250 0.3 1
Node 64 37 19.105
Pkt 96 320 0.3 1
Pkt 113 375 0.301333 1
Node 58 53 8.544
Pkt 225 750 0.3 1
Pkt 240 800 0.3 1
Node 25 33 30.2324
Pkt 58 192 0.302083 1
Pkt 58 192 0.302083 1
Rate:602.375
==========
==========15
4 0 2 24000
Node 29 69 28.3196
Pkt 72 240 0.3 1
Pkt 30 100 0.3 1
Node 70 49 20.025
Pkt 120 400 0.3 1
Pkt 113 375 0.301333 1
Node 70 45 20.6155
Pkt 240 800 0.3 1
Pkt 240 800 0.3 1
Node 48 60 10.198
Pkt 30 100 0.3 1
Pkt 58 192 0.302083 1
Rate:600.854
==========
==========16
4 0 2 24000
Node 35 73 27.4591
Pkt 72 240 0.3 1
Pkt 38 125 0.304 1
Node 49 26 24.0208
Pkt 144 480 0.3 1
Pkt 90 300 0.3 1
Node 57 67 18.3848
Pkt 225 750 0.3 1
Pkt 225 750 0.3 1
Node 73 38 25.9422
Pkt 48 160 0.3 1
Pkt 48 160 0.3 1
Rate:601
==========
==========17
4 0 2 24000
Node 26 35 28.3019
Pkt 58 192 0.302083 1
Pkt 58 192 0.302083 1
Node 49 56 6.08276
Pkt 120 400 0.3 1
Pkt 113 375 0.301333 1
Node 70 50 20
Pkt 240 800 0.3 1
Pkt 240 800 0.3 1
Node 65 67 22.6716
Pkt 72 240 0.3 1
Pkt 30 100 0.3 1
Rate:601.375
==========
==========18
4 0 2 24000
Node 57 43 9.89949
Pkt 38 125 0.304 1
Pkt 58 192 0.302083 1
Node 66 73 28.0179
Pkt 113 375 0.301333 1
Pkt 96 320 0.3 1
Node 42 67 18.7883
Pkt 225 750 0.3 1
Pkt 225 750 0.3 1
Node 59 73 24.6982
Pkt 58 192 0.302083 1
Pkt 45 150 0.3 1
Rate:602.375
==========
==========19
4 0 2 24000
Node 43 47 7.61577
Pkt 45 150 0.3 1
Pkt 58 192 0.302083 1
Node 54 62 12.6491
Pkt 96 320 0.3 1
Pkt 113 375 0.301333 1
Node 33 25 30.2324
Pkt 225 750 0.3 1
Pkt 225 750 0.3 1
Node 31 25 31.4006
Pkt 75 250 0.3 1
Pkt 72 240 0.3 1
Rate:600.854
==========
==========20
4 0 2 24000
Node 31 36 23.6008
Pkt 36 120 0.3 1
Pkt 38 125 0.304 1
Node 40 33 19.7231
Pkt 96 320 0.3 1
Pkt 144 480 0.3 1
Node 58 69 20.6155
Pkt 225 750 0.3 1
Pkt 240 800 0.3 1
Node 52 51 2.23607
Pkt 48 160 0.3 1
Pkt 60 200 0.3 1
Rate:601
==========
==========21
4 0 2 24000
Node 65 26 28.3019
Pkt 60 200 0.3 1
Pkt 72 240 0.3 1
Node 33 69 25.4951
Pkt 96 320 0.3 1
Pkt 144 480 0.3 1
Node 62 74 26.8328
Pkt 240 800 0.3 1
Pkt 225 750 0.3 1
Node 44 68 18.9737
Pkt 38 125 0.304 1
Pkt 58 192 0.302083 1
Rate:601.521
==========
==========22
4 0 2 24000
Node 29 52 21.095
Pkt 45 150 0.3 1
Pkt 72 240 0.3 1
Node 47 42 8.544
Pkt 144 480 0.3 1
Pkt 120 400 0.3 1
Node 51 55 5.09902
Pkt 240 800 0.3 1
Pkt 240 800 0.3 1
Node 34 26 28.8444
Pkt 45 150 0.3 1
Pkt 36 120 0.3 1
Rate:600
==========
==========23
4 0 2 24000
Node 26 41 25.632
Pkt 36 120 0.3 1
Pkt 45 150 0.3 1
Node 55 56 7.81025
Pkt 144 480 0.3 1
Pkt 90 300 0.3 1
Node 34 25 29.6816
Pkt 225 750 0.3 1
Pkt 240 800 0.3 1
Node 59 57 11.4018
Pkt 60 200 0.3 1
Pkt 30 100 0.3 1
Rate:600
==========
==========24
4 0 2 24000
Node 66 25 29.6816
Pkt 72 240 0.3 1
Pkt 45 150 0.3 1
Node 56 63 14.3178
Pkt 120 400 0.3 1
Pkt 90 300 0.3 1
Node 66 67 23.3452
Pkt 225 750 0.3 1
Pkt 225 750 0.3 1
Node 63 35 19.8494
Pkt 45 150 0.3 1
Pkt 45 150 0.3 1
Rate:600
==========
==========25
4 0 2 24000
Node 33 44 18.0278
Pkt 38 125 0.304 1
Pkt 36 120 0.3 1
Node 30 66 25.6125
Pkt 144 480 0.3 1
Pkt 120 400 0.3 1
Node 69 30 27.5862
Pkt 240 800 0.3 1
Pkt 225 750 0.3 1
Node 28 39 24.5967
Pkt 38 125 0.304 1
Pkt 48 160 0.3 1
Rate:602
==========
==========26
4 0 2 24000
Node 63 40 16.4012
Pkt 48 160 0.3 1
Pkt 75 250 0.3 1
Node 32 52 18.1108
Pkt 120 400 0.3 1
Pkt 96 320 0.3 1
Node 41 69 21.0238
Pkt 225 750 0.3 1
Pkt 240 800 0.3 1
Node 28 48 22.0907
Pkt 58 192 0.302083 1
Pkt 45 150 0.3 1
Rate:600.521
==========
==========27
4 0 2 24000
Node 35 65 21.2132
Pkt 30 100 0.3 1
Pkt 58 192 0.302083 1
Node 26 29 31.8904
Pkt 144 480 0.3 1
Pkt 144 480 0.3 1
Node 71 37 24.6982
Pkt 225 750 0.3 1
Pkt 225 750 0.3 1
Node 57 65 16.5529
Pkt 75 250 0.3 1
Pkt 30 100 0.3 1
Rate:600.521
==========
==========28
4 0 2 24000
Node 45 57 8.60233
Pkt 72 240 0.3 1
Pkt 48 160 0.3 1
Node 73 37 26.4197
Pkt 120 400 0.3 1
Pkt 96 320 0.3 1
Node 58 35 17
Pkt 240 800 0.3 1
Pkt 240 800 0.3 1
Node 55 30 20.6155
Pkt 30 100 0.3 1
Pkt 60 200 0.3 1
Rate:600
==========
==========29
4 0 2 24000
Node 49 26 24.0208
Pkt 36 120 0.3 1
Pkt 75 250 0.3 1
Node 58 54 8.94427
Pkt 120 400 0.3 1
Pkt 96 320 0.3 1
Node 39 51 11.0454
Pkt 240 800 0.3 1
Pkt 225 750 0.3 1
Node 40 53 10.4403
Pkt 30 100 0.3 1
Pkt 45 150 0.3 1
Rate:600
==========
==========30
4 0 2 24000
Node 26 58 25.2982
Pkt 36 120 0.3 1
Pkt 30 100 0.3 1
Node 43 54 8.06226
Pkt 113 375 0.301333 1
Pkt 90 300 0.3 1
Node 36 32 22.8035
Pkt 240 800 0.3 1
Pkt 240 800 0.3 1
Node 70 70 28.2843
Pkt 60 200 0.3 1
Pkt 30 100 0.3 1
Rate:600.333
==========
==========31
4 0 2 24000
Node 69 67 25.4951
Pkt 72 240 0.3 1
Pkt 30 100 0.3 1
Node 44 57 9.21954
Pkt 113 375 0.301333 1
Pkt 120 400 0.3 1
Node 31 65 24.2074
Pkt 225 750 0.3 1
Pkt 240 800 0.3 1
Node 68 68 25.4558
Pkt 60 200 0.3 1
Pkt 45 150 0.3 1
Rate:600.333
==========
==========32
4 0 2 24000
Node 62 61 16.2788
Pkt 38 125 0.304 1
Pkt 38 125 0.304 1
Node 34 68 24.0832
Pkt 144 480 0.3 1
Pkt 90 300 0.3 1
Node 42 42 11.3137
Pkt 240 800 0.3 1
Pkt 225 750 0.3 1
Node 40 45 11.1803
Pkt 36 120 0.3 1
Pkt 60 200 0.3 1
Rate:602
==========
==========33
4 0 2 24000
Node 49 67 17.0294
Pkt 72 240 0.3 1
Pkt 30 100 0.3 1
Node 64 54 14.5602
Pkt 90 300 0.3 1
Pkt 144 480 0.3 1
Node 25 46 25.318
Pkt 225 750 0.3 1
Pkt 225 750 0.3 1
Node 52 61 11.1803
Pkt 75 250 0.3 1
Pkt 45 150 0.3 1
Rate:600
==========
==========34
4 0 2 24000
Node 50 68 18
Pkt 48 160 0.3 1
Pkt 38 125 0.304 1
Node 37 50 13
Pkt 113 375 0.301333 1
Pkt 144 480 0.3 1
Node 38 71 24.1868
Pkt 240 800 0.3 1
Pkt 225 750 0.3 1
Node 71 36 25.2389
Pkt 36 120 0.3 1
Pkt 48 160 0.3 1
Rate:601.333
==========
==========35
4 0 2 24000
Node 26 60 26
Pkt 38 125 0.304 1
Pkt 38 125 0.304 1
Node 34 45 16.7631
Pkt 96 320 0.3 1
Pkt 144 480 0.3 1
Node 71 44 21.8403
Pkt 225 750 0.3 1
Pkt 225 750 0.3 1
Node 31 25 31.4006
Pkt 58 192 0.302083 1
Pkt 36 120 0.3 1
Rate:602.521
==========
==========36
4 0 2 24000
Node 36 56 15.2315
Pkt 72 240 0.3 1
Pkt 58 192 0.302083 1
Node 52 60 10.198
Pkt 90 300 0.3 1
Pkt 113 375 0.301333 1
Node 25 29 32.6497
Pkt 225 750 0.3 1
Pkt 240 800 0.3 1
Node 34 26 28.8444
Pkt 48 160 0.3 1
Pkt 36 120 0.3 1
Rate:600.854
==========
==========37
4 0 2 24000
Node 55 69 19.6469
Pkt 45 150 0.3 1
Pkt 38 125 0.304 1
Node 40 73 25.0799
Pkt 144 480 0.3 1
Pkt 90 300 0.3 1
Node 60 42 12.8062
Pkt 225 750 0.3 1
Pkt 240 800 0.3 1
Node 36 38 18.4391
Pkt 75 250 0.3 1
Pkt 38 125 0.304 1
Rate:602
==========
==========38
4 0 2 24000
Node 28 55 22.561
Pkt 36 120 0.3 1
Pkt 30 100 0.3 1
Node 37 54 13.6015
Pkt 120 400 0.3 1
Pkt 90 300 0.3 1
Node 63 64 19.105
Pkt 225 750 0.3 1
Pkt 240 800 0.3 1
Node 38 32 21.6333
Pkt 30 100 0.3 1
Pkt 36 120 0.3 1
Rate:600
==========
==========39
4 0 2 24000
Node 37 27 26.4197
Pkt 48 160 0.3 1
Pkt 48 160 0.3 1
Node 26 67 29.4109
Pkt 120 400 0.3 1
Pkt 120 400 0.3 1
Node 61 26 26.4008
Pkt 225 750 0.3 1
Pkt 225 750 0.3 1
Node 42 28 23.4094
Pkt 38 125 0.304 1
Pkt 60 200 0.3 1
Rate:601
==========
==========40
4 0 2 24000
Node 63 28 25.5539
Pkt 30 100 0.3 1
Pkt 48 160 0.3 1
Node 46 39 11.7047
Pkt 144 480 0.3 1
Pkt 96 320 0.3 1
Node 68 54 18.4391
Pkt 225 750 0.3 1
Pkt 225 750 0.3 1
Node 48 56 6.32456
Pkt 72 240 0.3 1
Pkt 75 250 0.3 1
Rate:600
==========
==========41
4 0 2 24000
Node 65 74 28.3019
Pkt 72 240 0.3 1
Pkt 45 150 0.3 1
Node 36 45 14.8661
Pkt 96 320 0.3 1
Pkt 90 300 0.3 1
Node 69 32 26.1725
Pkt 225 750 0.3 1
Pkt 240 800 0.3 1
Node 50 39 11
Pkt 45 150 0.3 1
Pkt 36 120 0.3 1
Rate:600
==========
==========42
4 0 2 24000
Node 45 49 5.09902
Pkt 60 200 0.3 1
Pkt 30 100 0.3 1
Node 30 62 23.3238
Pkt 113 375 0.301333 1
Pkt 113 375 0.301333 1
Node 74 37 27.2947
Pkt 240 800 0.3 1
Pkt 225 750 0.3 1
Node 53 53 4.24264
Pkt 72 240 0.3 1
Pkt 45 150 0.3 1
Rate:600.667
==========
==========43
4 0 2 24000
Node 57 45 8.60233
Pkt 75 250 0.3 1
Pkt 30 100 0.3 1
Node 74 65 28.3019
Pkt 144 480 0.3 1
Pkt 96 320 0.3 1
Node 56 63 14.3178
Pkt 240 800 0.3 1
Pkt 225 750 0.3 1
Node 63 30 23.8537
Pkt 38 125 0.304 1
Pkt 72 240 0.3 1
Rate:601
==========
==========44
4 0 2 24000
Node 62 36 18.4391
Pkt 38 125 0.304 1
Pkt 58 192 0.302083 1
Node 54 45 6.40312
Pkt 113 375 0.301333 1
Pkt 96 320 0.3 1
Node 33 54 17.4642
Pkt 240 800 0.3 1
Pkt 240 800 0.3 1
Node 26 38 26.8328
Pkt 75 250 0.3 1
Pkt 60 200 0.3 1
Rate:601.854
==========
==========45
4 0 2 24000
Node 71 46 21.3776
Pkt 36 120 0.3 1
Pkt 45 150 0.3 1
Node 71 59 22.8473
Pkt 144 480 0.3 1
Pkt 90 300 0.3 1
Node 49 72 22.0227
Pkt 240 800 0.3 1
Pkt 240 800 0.3 1
Node 71 54 21.3776
Pkt 60 200 0.3 1
Pkt 36 120 0.3 1
Rate:600
==========
==========46
4 0 2 24000
Node 30 67 26.2488
Pkt 45 150 0.3 1
Pkt 48 160 0.3 1
Node 48 63 13.1529
Pkt 96 320 0.3 1
Pkt 96 320 0.3 1
Node 49 59 9.05539
Pkt 240 800 0.3 1
Pkt 225 750 0.3 1
Node 56 73 23.7697
Pkt 60 200 0.3 1
Pkt 36 120 0.3 1
Rate:600
==========
==========47
4 0 2 24000
Node 74 67 29.4109
Pkt 60 200 0.3 1
Pkt 45 150 0.3 1
Node 32 51 18.0278
Pkt 120 400 0.3 1
Pkt 96 320 0.3 1
Node 61 41 14.2127
Pkt 225 750 0.3 1
Pkt 225 750 0.3 1
Node 47 61 11.4018
Pkt 30 100 0.3 1
Pkt 60 200 0.3 1
Rate:600
==========
==========48
4 0 2 24000
Node 66 74 28.8444
Pkt 38 125 0.304 1
Pkt 45 150 0.3 1
Node 35 73 27.4591
Pkt 144 480 0.3 1
Pkt 144 480 0.3 1
Node 73 43 24.0416
Pkt 240 800 0.3 1
Pkt 225 750 0.3 1
Node 53 69 19.2354
Pkt 58 192 0.302083 1
Pkt 48 160 0.3 1
Rate:601.521
==========
==========49
4 0 2 24000
Node 57 50 7
Pkt 58 192 0.302083 1
Pkt 45 150 0.3 1
Node 42 68 19.6977
Pkt 90 300 0.3 1
Pkt 144 480 0.3 1
Node 32 45 18.6815
Pkt 240 800 0.3 1
Pkt 240 800 0.3 1
Node 70 25 32.0156
Pkt 75 250 0.3 1
Pkt 48 160 0.3 1
Rate:600.521
==========
==========50
4 0 2 24000
Node 65 32 23.4307
Pkt 58 192 0.302083 1
Pkt 75 250 0.3 1
Node 44 27 23.7697
Pkt 90 300 0.3 1
Pkt 96 320 0.3 1
Node 57 28 23.0868
Pkt 225 750 0.3 1
Pkt 240 800 0.3 1
Node 64 69 23.6008
Pkt 58 192 0.302083 1
Pkt 75 250 0.3 1
Rate:601.042
==========
==========51
4 0 2 24000
Node 39 52 11.1803
Pkt 58 192 0.302083 1
Pkt 38 125 0.304 1
Node 57 40 12.2066
Pkt 113 375 0.301333 1
Pkt 90 300 0.3 1
Node 72 63 25.5539
Pkt 225 750 0.3 1
Pkt 240 800 0.3 1
Node 30 68 26.9072
Pkt 38 125 0.304 1
Pkt 58 192 0.302083 1
Rate:603.375
==========
==========52
4 0 2 24000
Node 58 47 8.544
Pkt 58 192 0.302083 1
Pkt 38 125 0.304 1
Node 67 36 22.0227
Pkt 113 375 0.301333 1
Pkt 96 320 0.3 1
Node 71 54 21.3776
Pkt 240 800 0.3 1
Pkt 225 750 0.3 1
Node 65 60 18.0278
Pkt 45 150 0.3 1
Pkt 38 125 0.304 1
Rate:602.854
==========
==========53
4 0 2 24000
Node 48 68 18.1108
Pkt 36 120 0.3 1
Pkt 75 250 0.3 1
Node 25 42 26.2488
Pkt 144 480 0.3 1
Pkt 144 480 0.3 1
Node 57 60 12.2066
Pkt 240 800 0.3 1
Pkt 240 800 0.3 1
Node 26 50 24
Pkt 45 150 0.3 1
Pkt 48 160 0.3 1
Rate:600
==========
==========54
4 0 2 24000
Node 41 70 21.9317
Pkt 30 100 0.3 1
Pkt 72 240 0.3 1
Node 66 31 24.8395
Pkt 113 375 0.301333 1
Pkt 144 480 0.3 1
Node 57 36 15.6525
Pkt 240 800 0.3 1
Pkt 225 750 0.3 1
Node 45 71 21.587
Pkt 48 160 0.3 1
Pkt 45 150 0.3 1
Rate:600.333
==========
==========55
4 0 2 24000
Node 38 55 13
Pkt 60 200 0.3 1
Pkt 38 125 0.304 1
Node 40 47 10.4403
Pkt 96 320 0.3 1
Pkt 90 300 0.3 1
Node 61 71 23.7065
Pkt 225 750 0.3 1
Pkt 240 800 0.3 1
Node 39 34 19.4165
Pkt 60 200 0.3 1
Pkt 58 192 0.302083 1
Rate:601.521
==========
==========56
4 0 2 24000
Node 50 56 6
Pkt 30 100 0.3 1
Pkt 30 100 0.3 1
Node 70 43 21.1896
Pkt 144 480 0.3 1
Pkt 113 375 0.301333 1
Node 28 28 31.1127
Pkt 240 800 0.3 1
Pkt 240 800 0.3 1
Node 46 61 11.7047
Pkt 45 150 0.3 1
Pkt 48 160 0.3 1
Rate:600.333
==========
==========57
4 0 2 24000
Node 26 50 24
Pkt 75 250 0.3 1
Pkt 58 192 0.302083 1
Node 29 57 22.1359
Pkt 113 375 0.301333 1
Pkt 96 320 0.3 1
Node 67 49 17.0294
Pkt 240 800 0.3 1
Pkt 240 800 0.3 1
Node 71 34 26.4008
Pkt 75 250 0.3 1
Pkt 75 250 0.3 1
Rate:600.854
==========
==========58
4 0 2 24000
Node 52 70 20.0998
Pkt 45 150 0.3 1
Pkt 60 200 0.3 1
Node 45 51 5.09902
Pkt 120 400 0.3 1
Pkt 96 320 0.3 1
Node 54 46 5.65685
Pkt 240 800 0.3 1
Pkt 225 750 0.3 1
Node 30 35 25
Pkt 75 250 0.3 1
Pkt 30 100 0.3 1
Rate:600
==========
==========59
4 0 2 24000
Node 71 28 30.4138
Pkt 60 200 0.3 1
Pkt 30 100 0.3 1
Node 25 69 31.4006
Pkt 120 400 0.3 1
Pkt 90 300 0.3 1
Node 37 27 26.4197
Pkt 240 800 0.3 1
Pkt 240 800 0.3 1
Node 58 27 24.3516
Pkt 60 200 0.3 1
Pkt 30 100 0.3 1
Rate:600
==========
==========60
4 0 2 24000
Node 47 73 23.1948
Pkt 36 120 0.3 1
Pkt 58 192 0.302083 1
Node 25 66 29.6816
Pkt 113 375 0.301333 1
Pkt 144 480 0.3 1
Node 49 45 5.09902
Pkt 225 750 0.3 1
Pkt 240 800 0.3 1
Node 74 42 25.2982
Pkt 30 100 0.3 1
Pkt 75 250 0.3 1
Rate:600.854
==========
==========61
4 0 2 24000
Node 37 49 13.0384
Pkt 60 200 0.3 1
Pkt 72 240 0.3 1
Node 44 72 22.8035
Pkt 90 300 0.3 1
Pkt 120 400 0.3 1
Node 48 62 12.1655
Pkt 240 800 0.3 1
Pkt 225 750 0.3 1
Node 36 73 26.9258
Pkt 36 120 0.3 1
Pkt 45 150 0.3 1
Rate:600
==========
==========62
4 0 2 24000
Node 52 66 16.1245
Pkt 45 150 0.3 1
Pkt 48 160 0.3 1
Node 55 35 15.8114
Pkt 120 400 0.3 1
Pkt 113 375 0.301333 1
Node 61 48 11.1803
Pkt 240 800 0.3 1
Pkt 240 800 0.3 1
Node 50 38 12
Pkt 36 120 0.3 1
Pkt 60 200 0.3 1
Rate:600.333
==========
==========63
4 0 2 24000
Node 73 55 23.5372
Pkt 58 192 0.302083 1
Pkt 48 160 0.3 1
Node 59 71 22.8473
Pkt 113 375 0.301333 1
Pkt 113 375 0.301333 1
Node 31 27 29.8329
Pkt 225 750 0.3 1
Pkt 240 800 0.3 1
Node 59 30 21.9317
Pkt 36 120 0.3 1
Pkt 36 120 0.3 1
Rate:601.188
==========
==========64
4 0 2 24000
Node 74 54 24.3311
Pkt 60 200 0.3 1
Pkt 36 120 0.3 1
Node 64 66 21.2603
Pkt 144 480 0.3 1
Pkt 96 320 0.3 1
Node 58 42 11.3137
Pkt 240 800 0.3 1
Pkt 240 800 0.3 1
Node 33 27 28.6007
Pkt 38 125 0.304 1
Pkt 58 192 0.302083 1
Rate:601.521
==========
==========65
4 0 2 24000
Node 69 25 31.4006
Pkt 72 240 0.3 1
Pkt 30 100 0.3 1
Node 62 72 25.0599
Pkt 144 480 0.3 1
Pkt 113 375 0.301333 1
Node 36 27 26.9258
Pkt 240 800 0.3 1
Pkt 225 750 0.3 1
Node 44 69 19.9249
Pkt 60 200 0.3 1
Pkt 30 100 0.3 1
Rate:600.333
==========
==========66
4 0 2 24000
Node 66 37 20.6155
Pkt 48 160 0.3 1
Pkt 36 120 0.3 1
Node 26 52 24.0832
Pkt 96 320 0.3 1
Pkt 96 320 0.3 1
Node 40 59 13.4536
Pkt 225 750 0.3 1
Pkt 225 750 0.3 1
Node 69 73 29.8329
Pkt 48 160 0.3 1
Pkt 60 200 0.3 1
Rate:600
==========
==========67
4 0 2 24000
Node 43 68 19.3132
Pkt 60 200 0.3 1
Pkt 36 120 0.3 1
Node 53 55 5.83095
Pkt 113 375 0.301333 1
Pkt 96 320 0.3 1
Node 35 45 15.8114
Pkt 240 800 0.3 1
Pkt 240 800 0.3 1
Node 38 68 21.6333
Pkt 72 240 0.3 1
Pkt 72 240 0.3 1
Rate:600.333
==========
==========68
4 0 2 24000
Node 73 45 23.5372
Pkt 45 150 0.3 1
Pkt 48 160 0.3 1
Node 35 63 19.8494
Pkt 120 400 0.3 1
Pkt 144 480 0.3 1
Node 33 71 27.0185
Pkt 225 750 0.3 1
Pkt 225 750 0.3 1
Node 27 56 23.7697
Pkt 60 200 0.3 1
Pkt 36 120 0.3 1
Rate:600
==========
==========69
4 0 2 24000
Node 49 69 19.0263
Pkt 75 250 0.3 1
Pkt 72 240 0.3 1
Node 47 58 8.544
Pkt 90 300 0.3 1
Pkt 113 375 0.301333 1
Node 51 29 21.0238
Pkt 225 750 0.3 1
Pkt 225 750 0.3 1
Node 47 39 11.4018
Pkt 60 200 0.3 1
Pkt 48 160 0.3 1
Rate:600.333
==========
==========70
4 0 2 24000
Node 60 29 23.2594
Pkt 38 125 0.304 1
Pkt 36 120 0.3 1
Node 40 72 24.1661
Pkt 120 400 0.3 1
Pkt 120 400 0.3 1
Node 26 39 26.4008
Pkt 240 800 0.3 1
Pkt 240 800 0.3 1
Node 38 72 25.0599
Pkt 48 160 0.3 1
Pkt 60 200 0.3 1
Rate:601
==========
==========71
4 0 2 24000
Node 33 60 19.7231
Pkt 60 200 0.3 1
Pkt 60 200 0.3 1
Node 58 55 9.43398
Pkt 113 375 0.301333 1
Pkt 120 400 0.3 1
Node 35 66 21.9317
Pkt 225 750 0.3 1
Pkt 240 800 0.3 1
Node 39 55 12.083
Pkt 60 200 0.3 1
Pkt 72 240 0.3 1
Rate:600.333
==========
==========72
4 0 2 24000
Node 26 40 26
Pkt 38 125 0.304 1
Pkt 58 192 0.302083 1
Node 36 55 14.8661
Pkt 113 375 0.301333 1
Pkt 113 375 0.301333 1
Node 26 48 24.0832
Pkt 240 800 0.3 1
Pkt 240 800 0.3 1
Node 47 58 8.544
Pkt 58 192 0.302083 1
Pkt 45 150 0.3 1
Rate:602.708
==========
==========73
4 0 2 24000
Node 35 59 17.4929
Pkt 38 125 0.304 1
Pkt 48 160 0.3 1
Node 31 66 24.8395
Pkt 113 375 0.301333 1
Pkt 96 320 0.3 1
Node 69 54 19.4165
Pkt 225 750 0.3 1
Pkt 240 800 0.3 1
Node 68 72 28.4253
Pkt 72 240 0.3 1
Pkt 45 150 0.3 1
Rate:601.333
==========
==========74
4 0 2 24000
Node 40 48 10.198
Pkt 60 200 0.3 1
Pkt 30 100 0.3 1
Node 60 65 18.0278
Pkt 90 300 0.3 1
Pkt 96 320 0.3 1
Node 51 33 17.0294
Pkt 225 750 0.3 1
Pkt 240 800 0.3 1
Node 68 70 26.9072
Pkt 36 120 0.3 1
Pkt 45 150 0.3 1
Rate:600
==========
==========75
4 0 2 24000
Node 27 63 26.4197
Pkt 38 125 0.304 1
Pkt 30 100 0.3 1
Node 64 26 27.7849
Pkt 90 300 0.3 1
Pkt 120 400 0.3 1
Node 29 40 23.2594
Pkt 225 750 0.3 1
Pkt 225 750 0.3 1
Node 65 48 15.1327
Pkt 45 150 0.3 1
Pkt 60 200 0.3 1
Rate:601
==========
==========76
4 0 2 24000
Node 74 72 32.5576
Pkt 60 200 0.3 1
Pkt 72 240 0.3 1
Node 28 37 25.5539
Pkt 113 375 0.301333 1
Pkt 144 480 0.3 1
Node 32 69 26.1725
Pkt 225 750 0.3 1
Pkt 225 750 0.3 1
Node 51 42 8.06226
Pkt 58 192 0.302083 1
Pkt 30 100 0.3 1
Rate:600.854
==========
==========77
4 0 2 24000
Node 29 44 21.8403
Pkt 30 100 0.3 1
Pkt 48 160 0.3 1
Node 60 62 15.6205
Pkt 144 480 0.3 1
Pkt 113 375 0.301333 1
Node 31 31 26.8701
Pkt 240 800 0.3 1
Pkt 240 800 0.3 1
Node 64 30 24.4131
Pkt 38 125 0.304 1
Pkt 75 250 0.3 1
Rate:601.333
==========
==========78
4 0 2 24000
Node 28 47 22.2036
Pkt 60 200 0.3 1
Pkt 30 100 0.3 1
Node 53 54 5
Pkt 144 480 0.3 1
Pkt 144 480 0.3 1
Node 43 27 24.0416
Pkt 240 800 0.3 1
Pkt 240 800 0.3 1
Node 74 60 26
Pkt 72 240 0.3 1
Pkt 72 240 0.3 1
Rate:600
==========
==========79
4 0 2 24000
Node 40 37 16.4012
Pkt 30 100 0.3 1
Pkt 60 200 0.3 1
Node 52 59 9.21954
Pkt 90 300 0.3 1
Pkt 90 300 0.3 1
Node 73 44 23.7697
Pkt 225 750 0.3 1
Pkt 225 750 0.3 1
Node 51 45 5.09902
Pkt 72 240 0.3 1
Pkt 60 200 0.3 1
Rate:600
==========
==========80
4 0 2 24000
Node 59 50 9
Pkt 60 200 0.3 1
Pkt 75 250 0.3 1
Node 50 26 24
Pkt 144 480 0.3 1
Pkt 144 480 0.3 1
Node 71 56 21.8403
Pkt 225 750 0.3 1
Pkt 225 750 0.3 1
Node 39 29 23.7065
Pkt 72 240 0.3 1
Pkt 48 160 0.3 1
Rate:600
==========
==========81
4 0 2 24000
Node 69 33 25.4951
Pkt 58 192 0.302083 1
Pkt 48 160 0.3 1
Node 42 56 10
Pkt 144 480 0.3 1
Pkt 90 300 0.3 1
Node 71 59 22.8473
Pkt 240 800 0.3 1
Pkt 225 750 0.3 1
Node 30 39 22.8254
Pkt 58 192 0.302083 1
Pkt 38 125 0.304 1
Rate:602.042
==========
==========82
4 0 2 24000
Node 61 72 24.5967
Pkt 58 192 0.302083 1
Pkt 72 240 0.3 1
Node 71 58 22.4722
Pkt 96 320 0.3 1
Pkt 144 480 0.3 1
Node 68 27 29.2062
Pkt 240 800 0.3 1
Pkt 225 750 0.3 1
Node 46 45 6.40312
Pkt 30 100 0.3 1
Pkt 45 150 0.3 1
Rate:600.521
==========
==========83
4 0 2 24000
Node 41 41 12.7279
Pkt 48 160 0.3 1
Pkt 48 160 0.3 1
Node 28 33 27.8029
Pkt 144 480 0.3 1
Pkt 90 300 0.3 1
Node 57 69 20.2485
Pkt 225 750 0.3 1
Pkt 225 750 0.3 1
Node 47 56 6.7082
Pkt 48 160 0.3 1
Pkt 36 120 0.3 1
Rate:600
==========
==========84
4 0 2 24000
Node 53 27 23.1948
Pkt 58 192 0.302083 1
Pkt 72 240 0.3 1
Node 29 39 23.7065
Pkt 120 400 0.3 1
Pkt 120 400 0.3 1
Node 34 40 18.868
Pkt 225 750 0.3 1
Pkt 225 750 0.3 1
Node 62 33 20.8087
Pkt 75 250 0.3 1
Pkt 30 100 0.3 1
Rate:600.521
==========
==========85
4 0 2 24000
Node 74 26 33.9411
Pkt 75 250 0.3 1
Pkt 58 192 0.302083 1
Node 48 25 25.0799
Pkt 90 300 0.3 1
Pkt 113 375 0.301333 1
Node 67 32 24.7588
Pkt 240 800 0.3 1
Pkt 225 750 0.3 1
Node 70 29 29
Pkt 75 250 0.3 1
Pkt 30 100 0.3 1
Rate:600.854
==========
==========86
4 0 2 24000
Node 44 56 8.48528
Pkt 58 192 0.302083 1
Pkt 45 150 0.3 1
Node 57 29 22.1359
Pkt 144 480 0.3 1
Pkt 144 480 0.3 1
Node 57 47 7.61577
Pkt 225 750 0.3 1
Pkt 240 800 0.3 1
Node 66 35 21.9317
Pkt 75 250 0.3 1
Pkt 75 250 0.3 1
Rate:600.521
==========
==========87
4 0 2 24000
Node 55 74 24.5153
Pkt 58 192 0.302083 1
Pkt 30 100 0.3 1
Node 58 58 11.3137
Pkt 113 375 0.301333 1
Pkt 113 375 0.301333 1
Node 41 62 15
Pkt 240 800 0.3 1
Pkt 240 800 0.3 1
Node 30 47 20.2237
Pkt 36 120 0.3 1
Pkt 60 200 0.3 1
Rate:601.188
==========
==========88
4 0 2 24000
Node 63 38 17.6918
Pkt 45 150 0.3 1
Pkt 45 150 0.3 1
Node 63 46 13.6015
Pkt 96 320 0.3 1
Pkt 96 320 0.3 1
Node 57 55 8.60233
Pkt 225 750 0.3 1
Pkt 225 750 0.3 1
Node 30 55 20.6155
Pkt 75 250 0.3 1
Pkt 48 160 0.3 1
Rate:600
==========
==========89
4 0 2 24000
Node 63 44 14.3178
Pkt 60 200 0.3 1
Pkt 58 192 0.302083 1
Node 45 46 6.40312
Pkt 144 480 0.3 1
Pkt 96 320 0.3 1
Node 37 65 19.8494
Pkt 225 750 0.3 1
Pkt 225 750 0.3 1
Node 67 54 17.4642
Pkt 45 150 0.3 1
Pkt 72 240 0.3 1
Rate:600.521
==========
==========90
4 0 2 24000
Node 59 60 13.4536
Pkt 45 150 0.3 1
Pkt 75 250 0.3 1
Node 56 74 24.7386
Pkt 96 320 0.3 1
Pkt 90 300 0.3 1
Node 26 73 33.2415
Pkt 240 800 0.3 1
Pkt 225 750 0.3 1
Node 64 29 25.2389
Pkt 60 200 0.3 1
Pkt 48 160 0.3 1
Rate:600
==========
==========91
4 0 2 24000
Node 28 57 23.0868
Pkt 38 125 0.304 1
Pkt 75 250 0.3 1
Node 31 40 21.4709
Pkt 120 400 0.3 1
Pkt 144 480 0.3 1
Node 61 62 16.2788
Pkt 240 800 0.3 1
Pkt 225 750 0.3 1
Node 56 68 18.9737
Pkt 48 160 0.3 1
Pkt 58 192 0.302083 1
Rate:601.521
==========
==========92
4 0 2 24000
Node 30 41 21.9317
Pkt 48 160 0.3 1
Pkt 38 125 0.304 1
Node 66 52 16.1245
Pkt 144 480 0.3 1
Pkt 90 300 0.3 1
Node 70 40 22.3607
Pkt 240 800 0.3 1
Pkt 225 750 0.3 1
Node 63 62 17.6918
Pkt 75 250 0.3 1
Pkt 60 200 0.3 1
Rate:601
==========
==========93
4 0 2 24000
Node 52 25 25.0799
Pkt 38 125 0.304 1
Pkt 30 100 0.3 1
Node 46 71 21.3776
Pkt 144 480 0.3 1
Pkt 144 480 0.3 1
Node 40 50 10
Pkt 240 800 0.3 1
Pkt 225 750 0.3 1
Node 30 53 20.2237
Pkt 36 120 0.3 1
Pkt 60 200 0.3 1
Rate:601
==========
==========94
4 0 2 24000
Node 38 60 15.6205
Pkt 38 125 0.304 1
Pkt 45 150 0.3 1
Node 57 73 24.0416
Pkt 96 320 0.3 1
Pkt 90 300 0.3 1
Node 45 69 19.6469
Pkt 225 750 0.3 1
Pkt 225 750 0.3 1
Node 51 56 6.08276
Pkt 48 160 0.3 1
Pkt 58 192 0.302083 1
Rate:601.521
==========
==========95
4 0 2 24000
Node 54 56 7.2111
Pkt 48 160 0.3 1
Pkt 60 200 0.3 1
Node 45 28 22.561
Pkt 144 480 0.3 1
Pkt 96 320 0.3 1
Node 50 42 8
Pkt 240 800 0.3 1
Pkt 240 800 0.3 1
Node 49 34 16.0312
Pkt 30 100 0.3 1
Pkt 60 200 0.3 1
Rate:600
==========
==========96
4 0 2 24000
Node 71 64 25.2389
Pkt 72 240 0.3 1
Pkt 58 192 0.302083 1
Node 54 66 16.4924
Pkt 120 400 0.3 1
Pkt 96 320 0.3 1
Node 26 33 29.4109
Pkt 240 800 0.3 1
Pkt 225 750 0.3 1
Node 36 56 15.2315
Pkt 58 192 0.302083 1
Pkt 75 250 0.3 1
Rate:601.042
==========
==========97
4 0 2 24000
Node 64 30 24.4131
Pkt 36 120 0.3 1
Pkt 72 240 0.3 1
Node 66 74 28.8444
Pkt 113 375 0.301333 1
Pkt 144 480 0.3 1
Node 42 32 19.6977
Pkt 240 800 0.3 1
Pkt 225 750 0.3 1
Node 42 35 17
Pkt 72 240 0.3 1
Pkt 58 192 0.302083 1
Rate:600.854
==========
==========98
4 0 2 24000
Node 42 66 17.8885
Pkt 30 100 0.3 1
Pkt 48 160 0.3 1
Node 59 33 19.2354
Pkt 144 480 0.3 1
Pkt 120 400 0.3 1
Node 50 40 10
Pkt 225 750 0.3 1
Pkt 240 800 0.3 1
Node 58 67 18.7883
Pkt 58 192 0.302083 1
Pkt 30 100 0.3 1
Rate:600.521
==========
==========99
