4 0 2 24000
Node 35 49 15.0333
Pkt 15 125 0.12 1
Pkt 15 120 0.125 1
Node 45 46 6.40312
Pkt 58 480 0.120833 1
Pkt 48 400 0.12 1
Node 49 54 4.12311
Pkt 96 800 0.12 1
Pkt 90 750 0.12 1
Node 29 40 23.2594
Pkt 29 240 0.120833 1
Pkt 20 160 0.125 1
Rate:242.917
==========
==========0
4 0 2 24000
Node 59 45 10.2956
Pkt 24 200 0.12 1
Pkt 24 200 0.12 1
Node 40 61 14.8661
Pkt 36 300 0.12 1
Pkt 58 480 0.120833 1
Node 73 52 23.0868
Pkt 96 800 0.12 1
Pkt 90 750 0.12 1
Node 66 69 24.8395
Pkt 24 192 0.125 1
Pkt 24 192 0.125 1
Rate:242.708
==========
==========1
4 0 2 24000
Node 32 49 18.0278
Pkt 29 240 0.120833 1
Pkt 12 100 0.12 1
Node 63 64 19.105
Pkt 58 480 0.120833 1
Pkt 45 375 0.12 1
Node 37 51 13.0384
Pkt 96 800 0.12 1
Pkt 96 800 0.12 1
Node 66 69 24.8395
Pkt 12 100 0.12 1
Pkt 15 125 0.12 1
Rate:240.417
==========
==========2
4 0 2 24000
Node 73 60 25.0799
Pkt 24 192 0.125 1
Pkt 15 125 0.12 1
Node 68 52 18.1108
Pkt 36 300 0.12 1
Pkt 39 320 0.121875 1
Node 50 63 13
Pkt 96 800 0.12 1
Pkt 90 750 0.12 1
Node 58 59 12.0416
Pkt 24 200 0.12 1
Pkt 15 120 0.125 1
Rate:242.969
==========
==========3
4 0 2 24000
Node 25 64 28.6531
Pkt 15 120 0.125 1
Pkt 24 192 0.125 1
Node 60 43 12.2066
Pkt 39 320 0.121875 1
Pkt 45 375 0.12 1
Node 43 48 7.28011
Pkt 90 750 0.12 1
Pkt 96 800 0.12 1
Node 69 37 23.0217
Pkt 15 125 0.12 1
Pkt 15 125 0.12 1
Rate:242.969
==========
==========4
4 0 2 24000
Node 60 50 10
Pkt 24 200 0.12 1
Pkt 29 240 0.120833 1
Node 46 67 17.4642
Pkt 48 400 0.12 1
Pkt 39 320 0.121875 1
Node 48 29 21.095
Pkt 96 800 0.12 1
Pkt 96 800 0.12 1
Node 48 26 24.0832
Pkt 15 120 0.125 1
Pkt 24 192 0.125 1
Rate:243.177
==========
==========5
4 0 2 24000
Node 32 48 18.1108
Pkt 29 240 0.120833 1
Pkt 12 100 0.12 1
Node 38 46 12.6491
Pkt 48 400 0.12 1
Pkt 36 300 0.12 1
Node 33 41 19.2354
Pkt 90 750 0.12 1
Pkt 90 750 0.12 1
Node 64 35 20.5183
Pkt 30 250 0.12 1
Pkt 18 150 0.12 1
Rate:240.208
==========
==========6
4 0 2 24000
Node 31 72 29.0689
Pkt 18 150 0.12 1
Pkt 12 100 0.12 1
Node 58 39 13.6015
Pkt 58 480 0.120833 1
Pkt 39 320 0.121875 1
Node 25 46 25.318
Pkt 96 800 0.12 1
Pkt 90 750 0.12 1
Node 61 71 23.7065
Pkt 15 120 0.125 1
Pkt 24 200 0.12 1
Rate:241.927
==========
==========7
4 0 2 24000
Node 54 42 8.94427
Pkt 12 100 0.12 1
Pkt 12 100 0.12 1
Node 40 71 23.2594
Pkt 36 300 0.12 1
Pkt 58 480 0.120833 1
Node 43 44 9.21954
Pkt 90 750 0.12 1
Pkt 90 750 0.12 1
Node 39 49 11.0454
Pkt 24 192 0.125 1
Pkt 15 125 0.12 1
Rate:241.458
==========
==========8
4 0 2 24000
Node 62 37 17.6918
Pkt 20 160 0.125 1
Pkt 29 240 0.120833 1
Node 55 60 11.1803
Pkt 45 375 0.12 1
Pkt 48 400 0.12 1
Node 29 51 21.0238
Pkt 96 800 0.12 1
Pkt 90 750 0.12 1
Node 31 28 29.0689
Pkt 24 192 0.125 1
Pkt 24 192 0.125 1
Rate:243.958
==========
==========9
4 0 2 24000
Node 69 68 26.1725
Pkt 18 150 0.12 1
Pkt 18 150 0.12 1
Node 61 26 26.4008
Pkt 45 375 0.12 1
Pkt 36 300 0.12 1
Node 37 73 26.4197
Pkt 90 750 0.12 1
Pkt 96 800 0.12 1
Node 64 31 23.6008
Pkt 15 120 0.125 1
Pkt 24 192 0.125 1
Rate:242.5
==========
==========10
4 0 2 24000
Node 28 42 23.4094
Pkt 30 250 0.12 1
Pkt 18 150 0.12 1
Node 30 58 21.5407
Pkt 58 480 0.120833 1
Pkt 36 300 0.12 1
Node 37 65 19.8494
Pkt 96 800 0.12 1
Pkt 90 750 0.12 1
Node 51 28 22.0227
Pkt 15 125 0.12 1
Pkt 18 150 0.12 1
Rate:240.208
==========
==========11
4 0 2 24000
Node 61 29 23.7065
Pkt 29 240 0.120833 1
Pkt 15 120 0.125 1
Node 29 74 31.8904
Pkt 45 375 0.12 1
Pkt 45 375 0.12 1
Node 71 27 31.1448
Pkt 96 800 0.12 1
Pkt 90 750 0.12 1
Node 68 50 18
Pkt 30 250 0.12 1
Pkt 20 160 0.125 1
Rate:242.708
==========
==========12
4 0 2 24000
Node 27 32 29.2062
Pkt 18 150 0.12 1
Pkt 24 192 0.125 1
Node 62 36 18.4391
Pkt 58 480 0.120833 1
Pkt 39 320 0.121875 1
Node 68 55 18.6815
Pkt 96 800 0.12 1
Pkt 90 750 0.12 1
Node 68 57 19.3132
Pkt 24 192 0.125 1
Pkt 24 192 0.125 1
Rate:244.427
==========
==========13
4 0 2 24000
Node 37 39 17.0294
Pkt 15 125 0.12 1
Pkt 18 150 0.12 1
Node 29 30 29
Pkt 48 400 0.12 1
Pkt 45 375 0.12 1
Node 28 26 32.5576
Pkt 90 750 0.12 1
Pkt 90 750 0.12 1
Node 51 50 1
Pkt 30 250 0.12 1
Pkt 15 120 0.125 1
Rate:241.25
==========
==========14
4 0 2 24000
Node 57 34 17.4642
Pkt 18 150 0.12 1
Pkt 18 150 0.12 1
Node 32 28 28.4253
Pkt 58 480 0.120833 1
Pkt 36 300 0.12 1
Node 33 56 18.0278
Pkt 96 800 0.12 1
Pkt 90 750 0.12 1
Node 38 71 24.1868
Pkt 12 100 0.12 1
Pkt 24 192 0.125 1
Rate:241.458
==========
==========15
4 0 2 24000
Node 59 59 12.7279
Pkt 24 200 0.12 1
Pkt 30 250 0.12 1
Node 74 28 32.5576
Pkt 36 300 0.12 1
Pkt 39 320 0.121875 1
Node 47 47 4.24264
Pkt 90 750 0.12 1
Pkt 90 750 0.12 1
Node 68 44 18.9737
Pkt 15 125 0.12 1
Pkt 18 150 0.12 1
Rate:240.469
==========
==========16
4 0 2 24000
Node 66 56 17.088
Pkt 29 240 0.120833 1
Pkt 24 192 0.125 1
Node 55 45 7.07107
Pkt 45 375 0.12 1
Pkt 58 480 0.120833 1
Node 65 60 18.0278
Pkt 90 750 0.12 1
Pkt 96 800 0.12 1
Node 74 60 26
Pkt 24 200 0.12 1
Pkt 20 160 0.125 1
Rate:242.917
==========
==========17
4 0 2 24000
Node 33 57 18.3848
Pkt 20 160 0.125 1
Pkt 30 250 0.12 1
Node 69 29 28.3196
Pkt 58 480 0.120833 1
Pkt 48 400 0.12 1
Node 70 71 29
Pkt 90 750 0.12 1
Pkt 96 800 0.12 1
Node 71 30 29
Pkt 12 100 0.12 1
Pkt 29 240 0.120833 1
Rate:241.667
==========
==========18
4 0 2 24000
Node 69 61 21.9545
Pkt 15 120 0.125 1
Pkt 20 160 0.125 1
Node 48 26 24.0832
Pkt 39 320 0.121875 1
Pkt 36 300 0.12 1
Node 49 43 7.07107
Pkt 96 800 0.12 1
Pkt 90 750 0.12 1
Node 33 33 24.0416
Pkt 12 100 0.12 1
Pkt 24 200 0.12 1
Rate:242.969
==========
==========19
4 0 2 24000
Node 39 34 19.4165
Pkt 30 250 0.12 1
Pkt 20 160 0.125 1
Node 38 70 23.3238
Pkt 58 480 0.120833 1
Pkt 58 480 0.120833 1
Node 50 38 12
Pkt 96 800 0.12 1
Pkt 90 750 0.12 1
Node 45 27 23.5372
Pkt 30 250 0.12 1
Pkt 15 120 0.125 1
Rate:242.917
==========
==========20
4 0 2 24000
Node 66 66 22.6274
Pkt 15 120 0.125 1
Pkt 20 160 0.125 1
Node 52 62 12.1655
Pkt 39 320 0.121875 1
Pkt 45 375 0.12 1
Node 43 64 15.6525
Pkt 96 800 0.12 1
Pkt 90 750 0.12 1
Node 57 56 9.21954
Pkt 15 120 0.125 1
Pkt 24 192 0.125 1
Rate:245.469
==========
==========21
4 0 2 24000
Node 64 34 21.2603
Pkt 12 100 0.12 1
Pkt 30 250 0.12 1
Node 59 29 22.8473
Pkt 39 320 0.121875 1
Pkt 36 300 0.12 1
Node 41 56 10.8167
Pkt 96 800 0.12 1
Pkt 96 800 0.12 1
Node 38 26 26.8328
Pkt 12 100 0.12 1
Pkt 15 125 0.12 1
Rate:240.469
==========
==========22
4 0 2 24000
Node 54 42 8.94427
Pkt 20 160 0.125 1
Pkt 24 192 0.125 1
Node 39 46 11.7047
Pkt 36 300 0.12 1
Pkt 45 375 0.12 1
Node 43 51 7.07107
Pkt 96 800 0.12 1
Pkt 90 750 0.12 1
Node 56 33 18.0278
Pkt 15 120 0.125 1
Pkt 20 160 0.125 1
Rate:245
==========
==========23
4 0 2 24000
Node 57 39 13.0384
Pkt 24 192 0.125 1
Pkt 24 192 0.125 1
Node 43 32 19.3132
Pkt 58 480 0.120833 1
Pkt 58 480 0.120833 1
Node 59 68 20.1246
Pkt 96 800 0.12 1
Pkt 90 750 0.12 1
Node 70 47 20.2237
Pkt 29 240 0.120833 1
Pkt 24 200 0.12 1
Rate:243.125
==========
==========24
4 0 2 24000
Node 33 49 17.0294
Pkt 15 120 0.125 1
Pkt 30 250 0.12 1
Node 26 72 32.5576
Pkt 45 375 0.12 1
Pkt 45 375 0.12 1
Node 74 64 27.7849
Pkt 96 800 0.12 1
Pkt 96 800 0.12 1
Node 64 62 18.4391
Pkt 20 160 0.125 1
Pkt 24 200 0.12 1
Rate:242.5
==========
==========25
4 0 2 24000
Node 61 68 21.095
Pkt 20 160 0.125 1
Pkt 12 100 0.12 1
Node 69 68 26.1725
Pkt 36 300 0.12 1
Pkt 39 320 0.121875 1
Node 68 74 30
Pkt 96 800 0.12 1
Pkt 90 750 0.12 1
Node 62 31 22.4722
Pkt 18 150 0.12 1
Pkt 24 192 0.125 1
Rate:242.969
==========
==========26
4 0 2 24000
Node 43 52 7.28011
Pkt 15 125 0.12 1
Pkt 15 120 0.125 1
Node 43 65 16.5529
Pkt 36 300 0.12 1
Pkt 36 300 0.12 1
Node 59 45 10.2956
Pkt 90 750 0.12 1
Pkt 96 800 0.12 1
Node 55 34 16.7631
Pkt 15 120 0.125 1
Pkt 30 250 0.12 1
Rate:242.5
==========
==========27
4 0 2 24000
Node 61 34 19.4165
Pkt 15 120 0.125 1
Pkt 24 192 0.125 1
Node 52 45 5.38516
Pkt 48 400 0.12 1
Pkt 48 400 0.12 1
Node 30 72 29.7321
Pkt 90 750 0.12 1
Pkt 90 750 0.12 1
Node 51 54 4.12311
Pkt 12 100 0.12 1
Pkt 24 192 0.125 1
Rate:243.75
==========
==========28
4 0 2 24000
Node 34 27 28.0179
Pkt 24 192 0.125 1
Pkt 24 192 0.125 1
Node 36 40 17.2047
Pkt 48 400 0.12 1
Pkt 39 320 0.121875 1
Node 44 52 6.32456
Pkt 96 800 0.12 1
Pkt 90 750 0.12 1
Node 46 66 16.4924
Pkt 29 240 0.120833 1
Pkt 15 125 0.12 1
Rate:243.177
==========
==========29
4 0 2 24000
Node 27 49 23.0217
Pkt 30 250 0.12 1
Pkt 20 160 0.125 1
Node 52 59 9.21954
Pkt 58 480 0.120833 1
Pkt 48 400 0.12 1
Node 31 46 19.4165
Pkt 90 750 0.12 1
Pkt 96 800 0.12 1
Node 35 63 19.8494
Pkt 24 200 0.12 1
Pkt 20 160 0.125 1
Rate:242.708
==========
==========30
4 0 2 24000
Node 37 60 16.4012
Pkt 24 192 0.125 1
Pkt 18 150 0.12 1
Node 64 66 21.2603
Pkt 39 320 0.121875 1
Pkt 48 400 0.12 1
Node 49 55 5.09902
Pkt 90 750 0.12 1
Pkt 96 800 0.12 1
Node 53 61 11.4018
Pkt 24 192 0.125 1
Pkt 24 192 0.125 1
Rate:244.219
==========
==========31
4 0 2 24000
Node 73 39 25.4951
Pkt 12 100 0.12 1
Pkt 12 100 0.12 1
Node 74 37 27.2947
Pkt 58 480 0.120833 1
Pkt 36 300 0.12 1
Node 25 42 26.2488
Pkt 96 800 0.12 1
Pkt 90 750 0.12 1
Node 38 39 16.2788
Pkt 18 150 0.12 1
Pkt 24 200 0.12 1
Rate:240.208
==========
==========32
4 0 2 24000
Node 71 41 22.8473
Pkt 30 250 0.12 1
Pkt 12 100 0.12 1
Node 71 26 31.8904
Pkt 45 375 0.12 1
Pkt 45 375 0.12 1
Node 67 28 27.8029
Pkt 90 750 0.12 1
Pkt 90 750 0.12 1
Node 70 37 23.8537
Pkt 29 240 0.120833 1
Pkt 15 125 0.12 1
Rate:240.208
==========
==========33
4 0 2 24000
Node 26 56 24.7386
Pkt 12 100 0.12 1
Pkt 24 192 0.125 1
Node 65 30 25
Pkt 36 300 0.12 1
Pkt 58 480 0.120833 1
Node 59 40 13.4536
Pkt 96 800 0.12 1
Pkt 96 800 0.12 1
Node 38 34 20
Pkt 18 150 0.12 1
Pkt 20 160 0.125 1
Rate:242.708
==========
==========34
4 0 2 24000
Node 41 65 17.4929
Pkt 29 240 0.120833 1
Pkt 30 250 0.12 1
Node 30 52 20.0998
Pkt 48 400 0.12 1
Pkt 36 300 0.12 1
Node 31 30 27.5862
Pkt 96 800 0.12 1
Pkt 90 750 0.12 1
Node 41 54 9.84886
Pkt 29 240 0.120833 1
Pkt 15 120 0.125 1
Rate:241.667
==========
==========35
4 0 2 24000
Node 64 64 19.799
Pkt 12 100 0.12 1
Pkt 15 125 0.12 1
Node 38 63 17.6918
Pkt 58 480 0.120833 1
Pkt 36 300 0.12 1
Node 67 68 24.7588
Pkt 96 800 0.12 1
Pkt 96 800 0.12 1
Node 71 51 21.0238
Pkt 18 150 0.12 1
Pkt 20 160 0.125 1
Rate:241.458
==========
==========36
4 0 2 24000
Node 31 54 19.4165
Pkt 24 192 0.125 1
Pkt 24 200 0.12 1
Node 26 67 29.4109
Pkt 36 300 0.12 1
Pkt 58 480 0.120833 1
Node 62 42 14.4222
Pkt 90 750 0.12 1
Pkt 96 800 0.12 1
Node 28 44 22.8035
Pkt 12 100 0.12 1
Pkt 18 150 0.12 1
Rate:241.458
==========
==========37
4 0 2 24000
Node 31 67 25.4951
Pkt 29 240 0.120833 1
Pkt 29 240 0.120833 1
Node 69 39 21.9545
Pkt 39 320 0.121875 1
Pkt 36 300 0.12 1
Node 43 29 22.1359
Pkt 90 750 0.12 1
Pkt 90 750 0.12 1
Node 28 32 28.4253
Pkt 20 160 0.125 1
Pkt 24 192 0.125 1
Rate:243.385
==========
==========38
4 0 2 24000
Node 37 48 13.1529
Pkt 18 150 0.12 1
Pkt 24 200 0.12 1
Node 29 68 27.6586
Pkt 58 480 0.120833 1
Pkt 58 480 0.120833 1
Node 47 49 3.16228
Pkt 90 750 0.12 1
Pkt 90 750 0.12 1
Node 48 48 2.82843
Pkt 30 250 0.12 1
Pkt 12 100 0.12 1
Rate:240.417
==========
==========39
4 0 2 24000
Node 59 43 11.4018
Pkt 15 125 0.12 1
Pkt 24 192 0.125 1
Node 68 43 19.3132
Pkt 48 400 0.12 1
Pkt 45 375 0.12 1
Node 37 51 13.0384
Pkt 96 800 0.12 1
Pkt 90 750 0.12 1
Node 60 41 13.4536
Pkt 12 100 0.12 1
Pkt 18 150 0.12 1
Rate:241.25
==========
==========40
4 0 2 24000
Node 50 49 1
Pkt 18 150 0.12 1
Pkt 20 160 0.125 1
Node 34 73 28.0179
Pkt 58 480 0.120833 1
Pkt 58 480 0.120833 1
Node 42 45 9.43398
Pkt 96 800 0.12 1
Pkt 96 800 0.12 1
Node 56 43 9.21954
Pkt 15 120 0.125 1
Pkt 18 150 0.12 1
Rate:242.917
==========
==========41
4 0 2 24000
Node 31 67 25.4951
Pkt 12 100 0.12 1
Pkt 29 240 0.120833 1
Node 41 34 18.3576
Pkt 36 300 0.12 1
Pkt 48 400 0.12 1
Node 50 48 2
Pkt 90 750 0.12 1
Pkt 90 750 0.12 1
Node 36 37 19.105
Pkt 15 125 0.12 1
Pkt 18 150 0.12 1
Rate:240.208
==========
==========42
4 0 2 24000
Node 27 47 23.1948
Pkt 12 100 0.12 1
Pkt 29 240 0.120833 1
Node 45 38 13
Pkt 36 300 0.12 1
Pkt 36 300 0.12 1
Node 51 52 2.23607
Pkt 96 800 0.12 1
Pkt 96 800 0.12 1
Node 54 72 22.3607
Pkt 12 100 0.12 1
Pkt 24 200 0.12 1
Rate:240.208
==========
==========43
4 0 2 24000
Node 55 55 7.07107
Pkt 24 192 0.125 1
Pkt 29 240 0.120833 1
Node 74 35 28.3019
Pkt 36 300 0.12 1
Pkt 48 400 0.12 1
Node 42 38 14.4222
Pkt 96 800 0.12 1
Pkt 96 800 0.12 1
Node 25 68 30.8058
Pkt 30 250 0.12 1
Pkt 18 150 0.12 1
Rate:241.458
==========
==========44
4 0 2 24000
Node 72 58 23.4094
Pkt 30 250 0.12 1
Pkt 12 100 0.12 1
Node 43 28 23.0868
Pkt 39 320 0.121875 1
Pkt 58 480 0.120833 1
Node 70 68 26.9072
Pkt 90 750 0.12 1
Pkt 90 750 0.12 1
Node 61 65 18.6011
Pkt 24 200 0.12 1
Pkt 24 192 0.125 1
Rate:241.927
==========
==========45
4 0 2 24000
Node 66 37 20.6155
Pkt 15 125 0.12 1
Pkt 15 125 0.12 1
Node 63 55 13.9284
Pkt 48 400 0.12 1
Pkt 39 320 0.121875 1
Node 29 25 32.6497
Pkt 96 800 0.12 1
Pkt 96 800 0.12 1
Node 30 44 20.8806
Pkt 24 192 0.125 1
Pkt 18 150 0.12 1
Rate:241.719
==========
==========46
4 0 2 24000
Node 37 34 20.6155
Pkt 15 125 0.12 1
Pkt 24 200 0.12 1
Node 61 43 13.0384
Pkt 58 480 0.120833 1
Pkt 36 300 0.12 1
Node 56 53 6.7082
Pkt 96 800 0.12 1
Pkt 96 800 0.12 1
Node 27 31 29.8329
Pkt 24 192 0.125 1
Pkt 24 192 0.125 1
Rate:242.708
==========
==========47
4 0 2 24000
Node 47 71 21.2132
Pkt 18 150 0.12 1
Pkt 24 200 0.12 1
Node 74 41 25.632
Pkt 39 320 0.121875 1
Pkt 45 375 0.12 1
Node 42 30 21.5407
Pkt 96 800 0.12 1
Pkt 96 800 0.12 1
Node 40 37 16.4012
Pkt 15 120 0.125 1
Pkt 24 192 0.125 1
Rate:242.969
==========
==========48
4 0 2 24000
Node 48 25 25.0799
Pkt 29 240 0.120833 1
Pkt 18 150 0.12 1
Node 66 59 18.3576
Pkt 48 400 0.12 1
Pkt 39 320 0.121875 1
Node 28 38 25.0599
Pkt 90 750 0.12 1
Pkt 90 750 0.12 1
Node 64 40 17.2047
Pkt 12 100 0.12 1
Pkt 15 125 0.12 1
Rate:240.677
==========
==========49
4 0 2 24000
Node 64 72 26.0768
Pkt 15 120 0.125 1
Pkt 24 192 0.125 1
Node 64 30 24.4131
Pkt 48 400 0.12 1
Pkt 36 300 0.12 1
Node 65 32 23.4307
Pkt 96 800 0.12 1
Pkt 96 800 0.12 1
Node 32 29 27.6586
Pkt 12 100 0.12 1
Pkt 18 150 0.12 1
Rate:242.5
==========
==========50
4 0 2 24000
Node 45 51 5.09902
Pkt 30 250 0.12 1
Pkt 30 250 0.12 1
Node 47 56 6.7082
Pkt 36 300 0.12 1
Pkt 58 480 0.120833 1
Node 33 25 30.2324
Pkt 96 800 0.12 1
Pkt 90 750 0.12 1
Node 36 36 19.799
Pkt 18 150 0.12 1
Pkt 15 125 0.12 1
Rate:240.208
==========
==========51
4 0 2 24000
Node 48 62 12.1655
Pkt 24 192 0.125 1
Pkt 18 150 0.12 1
Node 60 63 16.4012
Pkt 36 300 0.12 1
Pkt 58 480 0.120833 1
Node 66 32 24.0832
Pkt 96 800 0.12 1
Pkt 90 750 0.12 1
Node 33 69 25.4951
Pkt 20 160 0.125 1
Pkt 18 150 0.12 1
Rate:242.708
==========
==========52
4 0 2 24000
Node 30 63 23.8537
Pkt 18 150 0.12 1
Pkt 15 120 0.125 1
Node 66 32 24.0832
Pkt 45 375 0.12 1
Pkt 36 300 0.12 1
Node 66 50 16
Pkt 90 750 0.12 1
Pkt 90 750 0.12 1
Node 39 30 22.8254
Pkt 18 150 0.12 1
Pkt 29 240 0.120833 1
Rate:241.458
==========
==========53
4 0 2 24000
Node 70 55 20.6155
Pkt 18 150 0.12 1
Pkt 15 125 0.12 1
Node 55 43 8.60233
Pkt 39 320 0.121875 1
Pkt 39 320 0.121875 1
Node 72 59 23.7697
Pkt 96 800 0.12 1
Pkt 96 800 0.12 1
Node 42 63 15.2643
Pkt 15 120 0.125 1
Pkt 15 125 0.12 1
Rate:242.188
==========
==========54
4 0 2 24000
Node 39 72 24.5967
Pkt 15 125 0.12 1
Pkt 15 120 0.125 1
Node 39 38 16.2788
Pkt 45 375 0.12 1
Pkt 36 300 0.12 1
Node 57 55 8.60233
Pkt 90 750 0.12 1
Pkt 96 800 0.12 1
Node 41 27 24.6982
Pkt 29 240 0.120833 1
Pkt 24 200 0.12 1
Rate:241.458
==========
==========55
4 0 2 24000
Node 70 43 21.1896
Pkt 12 100 0.12 1
Pkt 29 240 0.120833 1
Node 35 29 25.807
Pkt 39 320 0.121875 1
Pkt 36 300 0.12 1
Node 49 29 21.0238
Pkt 90 750 0.12 1
Pkt 96 800 0.12 1
Node 55 64 14.8661
Pkt 30 250 0.12 1
Pkt 24 200 0.12 1
Rate:240.677
==========
==========56
4 0 2 24000
Node 35 29 25.807
Pkt 15 120 0.125 1
Pkt 20 160 0.125 1
Node 63 41 15.8114
Pkt 48 400 0.12 1
Pkt 58 480 0.120833 1
Node 62 67 20.8087
Pkt 96 800 0.12 1
Pkt 96 800 0.12 1
Node 50 44 6
Pkt 29 240 0.120833 1
Pkt 30 250 0.12 1
Rate:242.917
==========
==========57
4 0 2 24000
Node 68 28 28.4253
Pkt 18 150 0.12 1
Pkt 12 100 0.12 1
Node 44 36 15.2315
Pkt 36 300 0.12 1
Pkt 36 300 0.12 1
Node 67 63 21.4009
Pkt 90 750 0.12 1
Pkt 90 750 0.12 1
Node 46 65 15.5242
Pkt 30 250 0.12 1
Pkt 30 250 0.12 1
Rate:240
==========
==========58
4 0 2 24000
Node 42 31 20.6155
Pkt 15 120 0.125 1
Pkt 20 160 0.125 1
Node 74 28 32.5576
Pkt 58 480 0.120833 1
Pkt 58 480 0.120833 1
Node 44 41 10.8167
Pkt 96 800 0.12 1
Pkt 90 750 0.12 1
Node 48 36 14.1421
Pkt 15 125 0.12 1
Pkt 15 120 0.125 1
Rate:244.167
==========
==========59
4 0 2 24000
Node 43 51 7.07107
Pkt 12 100 0.12 1
Pkt 24 192 0.125 1
Node 72 26 32.5576
Pkt 45 375 0.12 1
Pkt 36 300 0.12 1
Node 66 68 24.0832
Pkt 96 800 0.12 1
Pkt 96 800 0.12 1
Node 29 47 21.2132
Pkt 12 100 0.12 1
Pkt 24 200 0.12 1
Rate:241.25
==========
==========60
4 0 2 24000
Node 34 52 16.1245
Pkt 18 150 0.12 1
Pkt 15 125 0.12 1
Node 62 37 17.6918
Pkt 48 400 0.12 1
Pkt 36 300 0.12 1
Node 71 47 21.2132
Pkt 90 750 0.12 1
Pkt 90 750 0.12 1
Node 37 62 17.6918
Pkt 12 100 0.12 1
Pkt 12 100 0.12 1
Rate:240
==========
==========61
4 0 2 24000
Node 62 36 18.4391
Pkt 18 150 0.12 1
Pkt 15 120 0.125 1
Node 62 28 25.0599
Pkt 36 300 0.12 1
Pkt 48 400 0.12 1
Node 54 28 22.3607
Pkt 96 800 0.12 1
Pkt 90 750 0.12 1
Node 54 55 6.40312
Pkt 15 120 0.125 1
Pkt 30 250 0.12 1
Rate:242.5
==========
==========62
4 0 2 24000
Node 54 51 4.12311
Pkt 18 150 0.12 1
Pkt 15 120 0.125 1
Node 28 44 22.8035
Pkt 39 320 0.121875 1
Pkt 39 320 0.121875 1
Node 56 33 18.0278
Pkt 90 750 0.12 1
Pkt 90 750 0.12 1
Node 45 53 5.83095
Pkt 30 250 0.12 1
Pkt 24 200 0.12 1
Rate:242.188
==========
==========63
4 0 2 24000
Node 37 58 15.2643
Pkt 30 250 0.12 1
Pkt 30 250 0.12 1
Node 27 60 25.0799
Pkt 45 375 0.12 1
Pkt 58 480 0.120833 1
Node 43 42 10.6301
Pkt 90 750 0.12 1
Pkt 90 750 0.12 1
Node 58 37 15.2643
Pkt 20 160 0.125 1
Pkt 15 125 0.12 1
Rate:241.458
==========
==========64
4 0 2 24000
Node 37 25 28.178
Pkt 24 192 0.125 1
Pkt 24 200 0.12 1
Node 56 42 10
Pkt 36 300 0.12 1
Pkt 58 480 0.120833 1
Node 61 51 11.0454
Pkt 96 800 0.12 1
Pkt 90 750 0.12 1
Node 30 65 25
Pkt 15 120 0.125 1
Pkt 18 150 0.12 1
Rate:242.708
==========
==========65
4 0 2 24000
Node 57 65 16.5529
Pkt 24 200 0.12 1
Pkt 12 100 0.12 1
Node 37 66 20.6155
Pkt 48 400 0.12 1
Pkt 45 375 0.12 1
Node 26 45 24.5153
Pkt 90 750 0.12 1
Pkt 90 750 0.12 1
Node 60 61 14.8661
Pkt 18 150 0.12 1
Pkt 24 200 0.12 1
Rate:240
==========
==========66
4 0 2 24000
Node 67 49 17.0294
Pkt 15 125 0.12 1
Pkt 18 150 0.12 1
Node 45 35 15.8114
Pkt 58 480 0.120833 1
Pkt 58 480 0.120833 1
Node 40 74 26
Pkt 96 800 0.12 1
Pkt 96 800 0.12 1
Node 53 56 6.7082
Pkt 12 100 0.12 1
Pkt 15 125 0.12 1
Rate:240.417
==========
==========67
4 0 2 24000
Node 39 25 27.313
Pkt 15 125 0.12 1
Pkt 24 192 0.125 1
Node 31 54 19.4165
Pkt 36 300 0.12 1
Pkt 39 320 0.121875 1
Node 71 62 24.1868
Pkt 90 750 0.12 1
Pkt 90 750 0.12 1
Node 65 42 17
Pkt 30 250 0.12 1
Pkt 24 200 0.12 1
Rate:241.719
==========
==========68
4 0 2 24000
Node 73 54 23.3452
Pkt 30 250 0.12 1
Pkt 12 100 0.12 1
Node 40 59 13.4536
Pkt 58 480 0.120833 1
Pkt 58 480 0.120833 1
Node 28 57 23.0868
Pkt 90 750 0.12 1
Pkt 90 750 0.12 1
Node 62 31 22.4722
Pkt 12 100 0.12 1
Pkt 30 250 0.12 1
Rate:240.417
==========
==========69
4 0 2 24000
Node 56 66 17.088
Pkt 30 250 0.12 1
Pkt 30 250 0.12 1
Node 67 59 19.2354
Pkt 45 375 0.12 1
Pkt 39 320 0.121875 1
Node 65 67 22.6716
Pkt 90 750 0.12 1
Pkt 96 800 0.12 1
Node 26 32 30
Pkt 30 250 0.12 1
Pkt 15 120 0.125 1
Rate:241.719
==========
==========70
4 0 2 24000
Node 47 27 23.1948
Pkt 12 100 0.12 1
Pkt 20 160 0.125 1
Node 44 71 21.8403
Pkt 45 375 0.12 1
Pkt 45 375 0.12 1
Node 58 40 12.8062
Pkt 90 750 0.12 1
Pkt 96 800 0.12 1
Node 42 29 22.4722
Pkt 29 240 0.120833 1
Pkt 15 125 0.12 1
Rate:241.458
==========
==========71
4 0 2 24000
Node 41 29 22.8473
Pkt 18 150 0.12 1
Pkt 15 120 0.125 1
Node 52 45 5.38516
Pkt 39 320 0.121875 1
Pkt 39 320 0.121875 1
Node 63 65 19.8494
Pkt 90 750 0.12 1
Pkt 90 750 0.12 1
Node 56 26 24.7386
Pkt 15 120 0.125 1
Pkt 18 150 0.12 1
Rate:243.438
==========
==========72
4 0 2 24000
Node 69 61 21.9545
Pkt 24 200 0.12 1
Pkt 15 120 0.125 1
Node 28 50 22
Pkt 48 400 0.12 1
Pkt 58 480 0.120833 1
Node 43 46 8.06226
Pkt 90 750 0.12 1
Pkt 96 800 0.12 1
Node 45 35 15.8114
Pkt 15 125 0.12 1
Pkt 15 120 0.125 1
Rate:242.708
==========
==========73
4 0 2 24000
Node 63 48 13.1529
Pkt 29 240 0.120833 1
Pkt 20 160 0.125 1
Node 43 67 18.3848
Pkt 48 400 0.12 1
Pkt 39 320 0.121875 1
Node 40 51 10.0499
Pkt 96 800 0.12 1
Pkt 90 750 0.12 1
Node 42 60 12.8062
Pkt 12 100 0.12 1
Pkt 18 150 0.12 1
Rate:241.927
==========
==========74
4 0 2 24000
Node 57 37 14.7648
Pkt 30 250 0.12 1
Pkt 12 100 0.12 1
Node 68 32 25.4558
Pkt 45 375 0.12 1
Pkt 48 400 0.12 1
Node 72 66 27.2029
Pkt 90 750 0.12 1
Pkt 90 750 0.12 1
Node 31 30 27.5862
Pkt 15 125 0.12 1
Pkt 29 240 0.120833 1
Rate:240.208
==========
==========75
4 0 2 24000
Node 52 34 16.1245
Pkt 12 100 0.12 1
Pkt 18 150 0.12 1
Node 72 26 32.5576
Pkt 45 375 0.12 1
Pkt 36 300 0.12 1
Node 54 32 18.4391
Pkt 96 800 0.12 1
Pkt 96 800 0.12 1
Node 50 41 9
Pkt 18 150 0.12 1
Pkt 15 120 0.125 1
Rate:241.25
==========
==========76
4 0 2 24000
Node 71 47 21.2132
Pkt 24 200 0.12 1
Pkt 29 240 0.120833 1
Node 57 32 19.3132
Pkt 48 400 0.12 1
Pkt 48 400 0.12 1
Node 42 37 15.2643
Pkt 90 750 0.12 1
Pkt 96 800 0.12 1
Node 57 41 11.4018
Pkt 24 200 0.12 1
Pkt 30 250 0.12 1
Rate:240.208
==========
==========77
4 0 2 24000
Node 26 68 30
Pkt 18 150 0.12 1
Pkt 15 120 0.125 1
Node 30 35 25
Pkt 39 320 0.121875 1
Pkt 48 400 0.12 1
Node 34 67 23.3452
Pkt 96 800 0.12 1
Pkt 96 800 0.12 1
Node 46 49 4.12311
Pkt 24 192 0.125 1
Pkt 29 240 0.120833 1
Rate:243.177
==========
==========78
4 0 2 24000
Node 59 33 19.2354
Pkt 15 125 0.12 1
Pkt 15 120 0.125 1
Node 27 62 25.9422
Pkt 48 400 0.12 1
Pkt 58 480 0.120833 1
Node 51 38 12.0416
Pkt 90 750 0.12 1
Pkt 90 750 0.12 1
Node 66 60 18.868
Pkt 30 250 0.12 1
Pkt 30 250 0.12 1
Rate:241.458
==========
==========79
4 0 2 24000
Node 38 29 24.1868
Pkt 24 200 0.12 1
Pkt 15 120 0.125 1
Node 68 41 20.1246
Pkt 45 375 0.12 1
Pkt 45 375 0.12 1
Node 53 33 17.2627
Pkt 90 750 0.12 1
Pkt 96 800 0.12 1
Node 59 30 21.9317
Pkt 29 240 0.120833 1
Pkt 15 120 0.125 1
Rate:242.708
==========
==========80
4 0 2 24000
Node 55 67 17.72
Pkt 24 192 0.125 1
Pkt 24 192 0.125 1
Node 44 46 7.2111
Pkt 45 375 0.12 1
Pkt 36 300 0.12 1
Node 71 69 28.3196
Pkt 90 750 0.12 1
Pkt 90 750 0.12 1
Node 45 56 7.81025
Pkt 24 200 0.12 1
Pkt 30 250 0.12 1
Rate:242.5
==========
==========81
4 0 2 24000
Node 54 74 24.3311
Pkt 24 200 0.12 1
Pkt 12 100 0.12 1
Node 51 51 1.41421
Pkt 48 400 0.12 1
Pkt 48 400 0.12 1
Node 54 52 4.47214
Pkt 90 750 0.12 1
Pkt 96 800 0.12 1
Node 57 48 7.28011
Pkt 30 250 0.12 1
Pkt 18 150 0.12 1
Rate:240
==========
==========82
4 0 2 24000
Node 37 59 15.8114
Pkt 24 200 0.12 1
Pkt 24 192 0.125 1
Node 56 42 10
Pkt 58 480 0.120833 1
Pkt 48 400 0.12 1
Node 37 52 13.1529
Pkt 90 750 0.12 1
Pkt 90 750 0.12 1
Node 40 46 10.7703
Pkt 24 200 0.12 1
Pkt 18 150 0.12 1
Rate:241.458
==========
==========83
4 0 2 24000
Node 28 50 22
Pkt 30 250 0.12 1
Pkt 15 120 0.125 1
Node 73 32 29.2062
Pkt 36 300 0.12 1
Pkt 36 300 0.12 1
Node 37 63 18.3848
Pkt 96 800 0.12 1
Pkt 96 800 0.12 1
Node 49 26 24.0208
Pkt 29 240 0.120833 1
Pkt 24 192 0.125 1
Rate:242.708
==========
==========84
4 0 2 24000
Node 35 58 17
Pkt 12 100 0.12 1
Pkt 15 120 0.125 1
Node 59 55 10.2956
Pkt 45 375 0.12 1
Pkt 39 320 0.121875 1
Node 28 59 23.7697
Pkt 90 750 0.12 1
Pkt 90 750 0.12 1
Node 30 59 21.9317
Pkt 18 150 0.12 1
Pkt 24 192 0.125 1
Rate:242.969
==========
==========85
4 0 2 24000
Node 45 69 19.6469
Pkt 29 240 0.120833 1
Pkt 18 150 0.12 1
Node 41 27 24.6982
Pkt 39 320 0.121875 1
Pkt 39 320 0.121875 1
Node 61 70 22.8254
Pkt 96 800 0.12 1
Pkt 90 750 0.12 1
Node 70 72 29.7321
Pkt 12 100 0.12 1
Pkt 18 150 0.12 1
Rate:241.146
==========
==========86
4 0 2 24000
Node 65 53 15.2971
Pkt 24 192 0.125 1
Pkt 29 240 0.120833 1
Node 37 66 20.6155
Pkt 45 375 0.12 1
Pkt 58 480 0.120833 1
Node 50 30 20
Pkt 90 750 0.12 1
Pkt 96 800 0.12 1
Node 73 39 25.4951
Pkt 30 250 0.12 1
Pkt 12 100 0.12 1
Rate:241.667
==========
==========87
4 0 2 24000
Node 70 40 22.3607
Pkt 29 240 0.120833 1
Pkt 29 240 0.120833 1
Node 43 56 9.21954
Pkt 39 320 0.121875 1
Pkt 58 480 0.120833 1
Node 64 52 14.1421
Pkt 90 750 0.12 1
Pkt 96 800 0.12 1
Node 31 31 26.8701
Pkt 15 125 0.12 1
Pkt 29 240 0.120833 1
Rate:241.302
==========
==========88
4 0 2 24000
Node 74 36 27.7849
Pkt 24 192 0.125 1
Pkt 15 125 0.12 1
Node 63 35 19.8494
Pkt 48 400 0.12 1
Pkt 48 400 0.12 1
Node 66 26 28.8444
Pkt 90 750 0.12 1
Pkt 90 750 0.12 1
Node 63 30 23.8537
Pkt 30 250 0.12 1
Pkt 15 120 0.125 1
Rate:242.5
==========
==========89
4 0 2 24000
Node 54 57 8.06226
Pkt 29 240 0.120833 1
Pkt 20 160 0.125 1
Node 25 36 28.6531
Pkt 48 400 0.12 1
Pkt 45 375 0.12 1
Node 29 63 24.6982
Pkt 96 800 0.12 1
Pkt 96 800 0.12 1
Node 51 62 12.0416
Pkt 30 250 0.12 1
Pkt 30 250 0.12 1
Rate:241.458
==========
==========90
4 0 2 24000
Node 35 52 15.1327
Pkt 15 125 0.12 1
Pkt 30 250 0.12 1
Node 62 38 16.9706
Pkt 58 480 0.120833 1
Pkt 45 375 0.12 1
Node 26 60 26
Pkt 96 800 0.12 1
Pkt 90 750 0.12 1
Node 62 63 17.6918
Pkt 15 120 0.125 1
Pkt 18 150 0.12 1
Rate:241.458
==========
==========91
4 0 2 24000
Node 33 62 20.8087
Pkt 24 192 0.125 1
Pkt 30 250 0.12 1
Node 48 59 9.21954
Pkt 58 480 0.120833 1
Pkt 39 320 0.121875 1
Node 41 57 11.4018
Pkt 90 750 0.12 1
Pkt 96 800 0.12 1
Node 32 31 26.1725
Pkt 20 160 0.125 1
Pkt 24 192 0.125 1
Rate:244.427
==========
==========92
4 0 2 24000
Node 52 25 25.0799
Pkt 18 150 0.12 1
Pkt 12 100 0.12 1
Node 38 26 26.8328
Pkt 48 400 0.12 1
Pkt 39 320 0.121875 1
Node 54 32 18.4391
Pkt 96 800 0.12 1
Pkt 96 800 0.12 1
Node 54 48 4.47214
Pkt 24 200 0.12 1
Pkt 29 240 0.120833 1
Rate:240.677
==========
==========93
4 0 2 24000
Node 69 26 30.6105
Pkt 24 200 0.12 1
Pkt 30 250 0.12 1
Node 32 50 18
Pkt 39 320 0.121875 1
Pkt 45 375 0.12 1
Node 71 34 26.4008
Pkt 96 800 0.12 1
Pkt 96 800 0.12 1
Node 60 40 14.1421
Pkt 18 150 0.12 1
Pkt 20 160 0.125 1
Rate:241.719
==========
==========94
4 0 2 24000
Node 44 64 15.2315
Pkt 15 125 0.12 1
Pkt 30 250 0.12 1
Node 32 46 18.4391
Pkt 48 400 0.12 1
Pkt 36 300 0.12 1
Node 65 28 26.6271
Pkt 90 750 0.12 1
Pkt 96 800 0.12 1
Node 69 43 20.2485
Pkt 24 192 0.125 1
Pkt 24 192 0.125 1
Rate:242.5
==========
==========95
4 0 2 24000
Node 72 25 33.3017
Pkt 24 192 0.125 1
Pkt 30 250 0.12 1
Node 74 30 31.241
Pkt 45 375 0.12 1
Pkt 39 320 0.121875 1
Node 27 29 31.1448
Pkt 90 750 0.12 1
Pkt 96 800 0.12 1
Node 58 67 18.7883
Pkt 24 192 0.125 1
Pkt 12 100 0.12 1
Rate:242.969
==========
==========96
4 0 2 24000
Node 32 35 23.4307
Pkt 15 125 0.12 1
Pkt 15 120 0.125 1
Node 56 43 9.21954
Pkt 36 300 0.12 1
Pkt 36 300 0.12 1
Node 39 40 14.8661
Pkt 90 750 0.12 1
Pkt 90 750 0.12 1
Node 69 37 23.0217
Pkt 15 120 0.125 1
Pkt 18 150 0.12 1
Rate:242.5
==========
==========97
4 0 2 24000
Node 71 54 21.3776
Pkt 24 192 0.125 1
Pkt 30 250 0.12 1
Node 50 64 14
Pkt 45 375 0.12 1
Pkt 36 300 0.12 1
Node 60 41 13.4536
Pkt 90 750 0.12 1
Pkt 96 800 0.12 1
Node 27 35 27.4591
Pkt 24 192 0.125 1
Pkt 15 125 0.12 1
Rate:242.5
==========
==========98
4 0 2 24000
Node 57 33 18.3848
Pkt 15 120 0.125 1
Pkt 18 150 0.12 1
Node 45 43 8.60233
Pkt 58 480 0.120833 1
Pkt 39 320 0.121875 1
Node 38 55 13
Pkt 90 750 0.12 1
Pkt 96 800 0.12 1
Node 40 70 22.3607
Pkt 29 240 0.120833 1
Pkt 24 200 0.12 1
Rate:242.135
==========
==========99
