4 0 2 24000
Node 58 31 20.6155
Pkt 8 192 0.0416667 1
Pkt 8 192 0.0416667 1
Node 48 28 22.0907
Pkt 13 320 0.040625 1
Pkt 16 400 0.04 1
Node 46 57 8.06226
Pkt 30 750 0.04 1
Pkt 30 750 0.04 1
Node 73 46 23.3452
Pkt 6 150 0.04 1
Pkt 7 160 0.04375 1
Rate:81.9271
==========
==========0
4 0 2 24000
Node 34 26 28.8444
Pkt 4 100 0.04 1
Pkt 5 125 0.04 1
Node 25 61 27.313
Pkt 16 400 0.04 1
Pkt 12 300 0.04 1
Node 37 62 17.6918
Pkt 32 800 0.04 1
Pkt 30 750 0.04 1
Node 40 32 20.5913
Pkt 5 125 0.04 1
Pkt 10 240 0.0416667 1
Rate:80.4167
==========
==========1
4 0 2 24000
Node 48 36 14.1421
Pkt 10 240 0.0416667 1
Pkt 10 250 0.04 1
Node 55 41 10.2956
Pkt 13 320 0.040625 1
Pkt 16 400 0.04 1
Node 30 58 21.5407
Pkt 32 800 0.04 1
Pkt 30 750 0.04 1
Node 27 38 25.9422
Pkt 10 240 0.0416667 1
Pkt 5 120 0.0416667 1
Rate:81.4063
==========
==========2
4 0 2 24000
Node 47 52 3.60555
Pkt 10 250 0.04 1
Pkt 5 120 0.0416667 1
Node 38 44 13.4164
Pkt 12 300 0.04 1
Pkt 20 480 0.0416667 1
Node 54 46 5.65685
Pkt 30 750 0.04 1
Pkt 32 800 0.04 1
Node 60 50 10
Pkt 5 120 0.0416667 1
Pkt 8 192 0.0416667 1
Rate:81.6667
==========
==========3
4 0 2 24000
Node 70 44 20.8806
Pkt 10 240 0.0416667 1
Pkt 5 125 0.04 1
Node 50 37 13
Pkt 15 375 0.04 1
Pkt 20 480 0.0416667 1
Node 67 60 19.7231
Pkt 32 800 0.04 1
Pkt 32 800 0.04 1
Node 32 61 21.095
Pkt 4 100 0.04 1
Pkt 5 125 0.04 1
Rate:80.8333
==========
==========4
4 0 2 24000
Node 39 37 17.0294
Pkt 10 240 0.0416667 1
Pkt 10 240 0.0416667 1
Node 51 42 8.06226
Pkt 12 300 0.04 1
Pkt 15 375 0.04 1
Node 62 43 13.8924
Pkt 32 800 0.04 1
Pkt 32 800 0.04 1
Node 34 68 24.0832
Pkt 8 200 0.04 1
Pkt 8 192 0.0416667 1
Rate:81.25
==========
==========5
4 0 2 24000
Node 64 63 19.105
Pkt 10 240 0.0416667 1
Pkt 8 192 0.0416667 1
Node 54 61 11.7047
Pkt 20 480 0.0416667 1
Pkt 13 320 0.040625 1
Node 50 44 6
Pkt 30 750 0.04 1
Pkt 32 800 0.04 1
Node 25 71 32.6497
Pkt 8 192 0.0416667 1
Pkt 10 250 0.04 1
Rate:81.8229
==========
==========6
4 0 2 24000
Node 30 72 29.7321
Pkt 6 150 0.04 1
Pkt 10 250 0.04 1
Node 65 69 24.2074
Pkt 20 480 0.0416667 1
Pkt 16 400 0.04 1
Node 73 66 28.0179
Pkt 32 800 0.04 1
Pkt 32 800 0.04 1
Node 37 30 23.8537
Pkt 5 120 0.0416667 1
Pkt 5 120 0.0416667 1
Rate:81.25
==========
==========7
4 0 2 24000
Node 73 54 23.3452
Pkt 8 200 0.04 1
Pkt 5 125 0.04 1
Node 61 36 17.8045
Pkt 15 375 0.04 1
Pkt 15 375 0.04 1
Node 25 42 26.2488
Pkt 32 800 0.04 1
Pkt 30 750 0.04 1
Node 45 31 19.6469
Pkt 5 120 0.0416667 1
Pkt 6 150 0.04 1
Rate:80.4167
==========
==========8
4 0 2 24000
Node 67 63 21.4009
Pkt 10 240 0.0416667 1
Pkt 7 160 0.04375 1
Node 55 48 5.38516
Pkt 20 480 0.0416667 1
Pkt 15 375 0.04 1
Node 48 43 7.28011
Pkt 32 800 0.04 1
Pkt 32 800 0.04 1
Node 53 69 19.2354
Pkt 5 125 0.04 1
Pkt 5 120 0.0416667 1
Rate:82.1875
==========
==========9
4 0 2 24000
Node 36 34 21.2603
Pkt 10 250 0.04 1
Pkt 8 200 0.04 1
Node 37 36 19.105
Pkt 12 300 0.04 1
Pkt 15 375 0.04 1
Node 36 35 20.5183
Pkt 32 800 0.04 1
Pkt 32 800 0.04 1
Node 51 57 7.07107
Pkt 8 192 0.0416667 1
Pkt 4 100 0.04 1
Rate:80.4167
==========
==========10
4 0 2 24000
Node 53 38 12.3693
Pkt 7 160 0.04375 1
Pkt 8 192 0.0416667 1
Node 41 61 14.2127
Pkt 15 375 0.04 1
Pkt 12 300 0.04 1
Node 72 46 22.3607
Pkt 32 800 0.04 1
Pkt 30 750 0.04 1
Node 27 71 31.1448
Pkt 5 120 0.0416667 1
Pkt 4 100 0.04 1
Rate:81.7708
==========
==========11
4 0 2 24000
Node 60 51 10.0499
Pkt 8 200 0.04 1
Pkt 8 192 0.0416667 1
Node 38 29 24.1868
Pkt 20 480 0.0416667 1
Pkt 20 480 0.0416667 1
Node 29 65 25.807
Pkt 32 800 0.04 1
Pkt 32 800 0.04 1
Node 32 54 18.4391
Pkt 5 125 0.04 1
Pkt 4 100 0.04 1
Rate:81.25
==========
==========12
4 0 2 24000
Node 50 41 9
Pkt 8 192 0.0416667 1
Pkt 5 120 0.0416667 1
Node 62 73 25.9422
Pkt 12 300 0.04 1
Pkt 13 320 0.040625 1
Node 38 42 14.4222
Pkt 30 750 0.04 1
Pkt 32 800 0.04 1
Node 37 70 23.8537
Pkt 7 160 0.04375 1
Pkt 4 100 0.04 1
Rate:81.9271
==========
==========13
4 0 2 24000
Node 29 33 27.0185
Pkt 4 100 0.04 1
Pkt 10 240 0.0416667 1
Node 69 29 28.3196
Pkt 15 375 0.04 1
Pkt 15 375 0.04 1
Node 42 27 24.3516
Pkt 30 750 0.04 1
Pkt 32 800 0.04 1
Node 43 41 11.4018
Pkt 10 240 0.0416667 1
Pkt 8 192 0.0416667 1
Rate:81.25
==========
==========14
4 0 2 24000
Node 65 71 25.807
Pkt 10 240 0.0416667 1
Pkt 7 160 0.04375 1
Node 51 73 23.0217
Pkt 16 400 0.04 1
Pkt 12 300 0.04 1
Node 56 58 10
Pkt 30 750 0.04 1
Pkt 30 750 0.04 1
Node 37 37 18.3848
Pkt 4 100 0.04 1
Pkt 7 160 0.04375 1
Rate:82.2917
==========
==========15
4 0 2 24000
Node 52 35 15.1327
Pkt 6 150 0.04 1
Pkt 10 240 0.0416667 1
Node 44 57 9.21954
Pkt 13 320 0.040625 1
Pkt 16 400 0.04 1
Node 65 73 27.4591
Pkt 32 800 0.04 1
Pkt 30 750 0.04 1
Node 50 37 13
Pkt 8 200 0.04 1
Pkt 5 125 0.04 1
Rate:80.5729
==========
==========16
4 0 2 24000
Node 69 68 26.1725
Pkt 8 192 0.0416667 1
Pkt 4 100 0.04 1
Node 60 34 18.868
Pkt 12 300 0.04 1
Pkt 13 320 0.040625 1
Node 63 63 18.3848
Pkt 30 750 0.04 1
Pkt 30 750 0.04 1
Node 59 39 14.2127
Pkt 5 125 0.04 1
Pkt 7 160 0.04375 1
Rate:81.5104
==========
==========17
4 0 2 24000
Node 63 41 15.8114
Pkt 5 120 0.0416667 1
Pkt 8 200 0.04 1
Node 53 73 23.1948
Pkt 15 375 0.04 1
Pkt 15 375 0.04 1
Node 59 64 16.6433
Pkt 32 800 0.04 1
Pkt 30 750 0.04 1
Node 50 51 1
Pkt 5 120 0.0416667 1
Pkt 5 120 0.0416667 1
Rate:81.25
==========
==========18
4 0 2 24000
Node 47 44 6.7082
Pkt 4 100 0.04 1
Pkt 8 192 0.0416667 1
Node 43 35 16.5529
Pkt 13 320 0.040625 1
Pkt 12 300 0.04 1
Node 37 42 15.2643
Pkt 30 750 0.04 1
Pkt 30 750 0.04 1
Node 49 74 24.0208
Pkt 10 240 0.0416667 1
Pkt 8 192 0.0416667 1
Rate:81.4063
==========
==========19
4 0 2 24000
Node 47 71 21.2132
Pkt 7 160 0.04375 1
Pkt 5 125 0.04 1
Node 56 32 18.9737
Pkt 20 480 0.0416667 1
Pkt 20 480 0.0416667 1
Node 61 38 16.2788
Pkt 30 750 0.04 1
Pkt 32 800 0.04 1
Node 55 54 6.40312
Pkt 7 160 0.04375 1
Pkt 10 250 0.04 1
Rate:82.7083
==========
==========20
4 0 2 24000
Node 55 32 18.6815
Pkt 6 150 0.04 1
Pkt 10 240 0.0416667 1
Node 34 41 18.3576
Pkt 20 480 0.0416667 1
Pkt 13 320 0.040625 1
Node 32 66 24.0832
Pkt 32 800 0.04 1
Pkt 32 800 0.04 1
Node 33 44 18.0278
Pkt 8 200 0.04 1
Pkt 4 100 0.04 1
Rate:80.9896
==========
==========21
4 0 2 24000
Node 63 36 19.105
Pkt 5 125 0.04 1
Pkt 8 200 0.04 1
Node 68 27 29.2062
Pkt 15 375 0.04 1
Pkt 12 300 0.04 1
Node 31 73 29.8329
Pkt 30 750 0.04 1
Pkt 30 750 0.04 1
Node 58 57 10.6301
Pkt 10 250 0.04 1
Pkt 10 240 0.0416667 1
Rate:80.4167
==========
==========22
4 0 2 24000
Node 43 63 14.7648
Pkt 4 100 0.04 1
Pkt 7 160 0.04375 1
Node 62 56 13.4164
Pkt 12 300 0.04 1
Pkt 20 480 0.0416667 1
Node 40 62 15.6205
Pkt 30 750 0.04 1
Pkt 32 800 0.04 1
Node 38 70 23.3238
Pkt 7 160 0.04375 1
Pkt 6 150 0.04 1
Rate:82.2917
==========
==========23
4 0 2 24000
Node 50 41 9
Pkt 10 240 0.0416667 1
Pkt 8 192 0.0416667 1
Node 30 68 26.9072
Pkt 13 320 0.040625 1
Pkt 12 300 0.04 1
Node 65 53 15.2971
Pkt 32 800 0.04 1
Pkt 32 800 0.04 1
Node 59 72 23.7697
Pkt 5 120 0.0416667 1
Pkt 10 240 0.0416667 1
Rate:81.8229
==========
==========24
4 0 2 24000
Node 42 64 16.1245
Pkt 8 192 0.0416667 1
Pkt 7 160 0.04375 1
Node 35 74 28.3019
Pkt 12 300 0.04 1
Pkt 20 480 0.0416667 1
Node 48 26 24.0832
Pkt 32 800 0.04 1
Pkt 30 750 0.04 1
Node 26 70 31.241
Pkt 10 240 0.0416667 1
Pkt 8 192 0.0416667 1
Rate:82.6042
==========
==========25
4 0 2 24000
Node 41 45 10.2956
Pkt 5 125 0.04 1
Pkt 7 160 0.04375 1
Node 73 39 25.4951
Pkt 20 480 0.0416667 1
Pkt 15 375 0.04 1
Node 66 28 27.2029
Pkt 30 750 0.04 1
Pkt 30 750 0.04 1
Node 74 30 31.241
Pkt 5 125 0.04 1
Pkt 8 192 0.0416667 1
Rate:81.7708
==========
==========26
4 0 2 24000
Node 72 50 22
Pkt 5 120 0.0416667 1
Pkt 10 250 0.04 1
Node 54 68 18.4391
Pkt 12 300 0.04 1
Pkt 12 300 0.04 1
Node 37 47 13.3417
Pkt 30 750 0.04 1
Pkt 30 750 0.04 1
Node 60 39 14.8661
Pkt 10 240 0.0416667 1
Pkt 5 120 0.0416667 1
Rate:81.25
==========
==========27
4 0 2 24000
Node 36 25 28.6531
Pkt 10 250 0.04 1
Pkt 8 192 0.0416667 1
Node 61 62 16.2788
Pkt 16 400 0.04 1
Pkt 16 400 0.04 1
Node 68 26 30
Pkt 32 800 0.04 1
Pkt 32 800 0.04 1
Node 25 41 26.5707
Pkt 10 240 0.0416667 1
Pkt 4 100 0.04 1
Rate:80.8333
==========
==========28
4 0 2 24000
Node 61 53 11.4018
Pkt 5 120 0.0416667 1
Pkt 8 200 0.04 1
Node 37 51 13.0384
Pkt 20 480 0.0416667 1
Pkt 13 320 0.040625 1
Node 34 47 16.2788
Pkt 32 800 0.04 1
Pkt 30 750 0.04 1
Node 27 46 23.3452
Pkt 6 150 0.04 1
Pkt 8 200 0.04 1
Rate:80.9896
==========
==========29
4 0 2 24000
Node 55 48 5.38516
Pkt 5 125 0.04 1
Pkt 6 150 0.04 1
Node 46 36 14.5602
Pkt 16 400 0.04 1
Pkt 13 320 0.040625 1
Node 55 66 16.7631
Pkt 30 750 0.04 1
Pkt 32 800 0.04 1
Node 35 32 23.4307
Pkt 6 150 0.04 1
Pkt 8 192 0.0416667 1
Rate:80.5729
==========
==========30
4 0 2 24000
Node 49 53 3.16228
Pkt 4 100 0.04 1
Pkt 8 200 0.04 1
Node 32 38 21.6333
Pkt 12 300 0.04 1
Pkt 16 400 0.04 1
Node 49 73 23.0217
Pkt 32 800 0.04 1
Pkt 30 750 0.04 1
Node 34 63 20.6155
Pkt 8 200 0.04 1
Pkt 4 100 0.04 1
Rate:80
==========
==========31
4 0 2 24000
Node 39 42 13.6015
Pkt 8 192 0.0416667 1
Pkt 5 125 0.04 1
Node 35 56 16.1555
Pkt 15 375 0.04 1
Pkt 20 480 0.0416667 1
Node 64 32 22.8035
Pkt 30 750 0.04 1
Pkt 30 750 0.04 1
Node 36 36 19.799
Pkt 10 250 0.04 1
Pkt 8 200 0.04 1
Rate:80.8333
==========
==========32
4 0 2 24000
Node 36 54 14.5602
Pkt 5 120 0.0416667 1
Pkt 7 160 0.04375 1
Node 60 30 22.3607
Pkt 16 400 0.04 1
Pkt 15 375 0.04 1
Node 58 29 22.4722
Pkt 32 800 0.04 1
Pkt 30 750 0.04 1
Node 61 36 17.8045
Pkt 4 100 0.04 1
Pkt 6 150 0.04 1
Rate:81.3542
==========
==========33
4 0 2 24000
Node 28 25 33.3017
Pkt 5 120 0.0416667 1
Pkt 10 250 0.04 1
Node 42 66 17.8885
Pkt 13 320 0.040625 1
Pkt 12 300 0.04 1
Node 64 35 20.5183
Pkt 30 750 0.04 1
Pkt 32 800 0.04 1
Node 36 55 14.8661
Pkt 7 160 0.04375 1
Pkt 7 160 0.04375 1
Rate:82.4479
==========
==========34
4 0 2 24000
Node 66 43 17.4642
Pkt 10 250 0.04 1
Pkt 10 250 0.04 1
Node 72 62 25.0599
Pkt 20 480 0.0416667 1
Pkt 13 320 0.040625 1
Node 68 47 18.2483
Pkt 32 800 0.04 1
Pkt 30 750 0.04 1
Node 73 47 23.1948
Pkt 5 125 0.04 1
Pkt 8 200 0.04 1
Rate:80.5729
==========
==========35
4 0 2 24000
Node 66 44 17.088
Pkt 4 100 0.04 1
Pkt 10 240 0.0416667 1
Node 55 29 21.587
Pkt 13 320 0.040625 1
Pkt 13 320 0.040625 1
Node 51 52 2.23607
Pkt 32 800 0.04 1
Pkt 30 750 0.04 1
Node 31 53 19.2354
Pkt 5 120 0.0416667 1
Pkt 5 120 0.0416667 1
Rate:81.5625
==========
==========36
4 0 2 24000
Node 25 57 25.9615
Pkt 5 120 0.0416667 1
Pkt 6 150 0.04 1
Node 32 64 22.8035
Pkt 20 480 0.0416667 1
Pkt 20 480 0.0416667 1
Node 72 72 31.1127
Pkt 32 800 0.04 1
Pkt 32 800 0.04 1
Node 32 56 18.9737
Pkt 7 160 0.04375 1
Pkt 8 192 0.0416667 1
Rate:82.6042
==========
==========37
4 0 2 24000
Node 52 70 20.0998
Pkt 5 120 0.0416667 1
Pkt 8 200 0.04 1
Node 41 39 14.2127
Pkt 13 320 0.040625 1
Pkt 16 400 0.04 1
Node 63 34 20.6155
Pkt 32 800 0.04 1
Pkt 30 750 0.04 1
Node 36 61 17.8045
Pkt 8 200 0.04 1
Pkt 8 200 0.04 1
Rate:80.5729
==========
==========38
4 0 2 24000
Node 27 70 30.4795
Pkt 10 240 0.0416667 1
Pkt 4 100 0.04 1
Node 71 32 27.6586
Pkt 20 480 0.0416667 1
Pkt 16 400 0.04 1
Node 60 66 18.868
Pkt 30 750 0.04 1
Pkt 32 800 0.04 1
Node 70 34 25.6125
Pkt 10 250 0.04 1
Pkt 8 200 0.04 1
Rate:80.8333
==========
==========39
4 0 2 24000
Node 33 29 27.0185
Pkt 6 150 0.04 1
Pkt 6 150 0.04 1
Node 68 69 26.1725
Pkt 13 320 0.040625 1
Pkt 12 300 0.04 1
Node 29 69 28.3196
Pkt 32 800 0.04 1
Pkt 32 800 0.04 1
Node 74 52 24.0832
Pkt 7 160 0.04375 1
Pkt 10 240 0.0416667 1
Rate:81.5104
==========
==========40
4 0 2 24000
Node 52 42 8.24621
Pkt 5 120 0.0416667 1
Pkt 7 160 0.04375 1
Node 58 72 23.4094
Pkt 13 320 0.040625 1
Pkt 16 400 0.04 1
Node 49 63 13.0384
Pkt 32 800 0.04 1
Pkt 30 750 0.04 1
Node 55 39 12.083
Pkt 10 250 0.04 1
Pkt 10 240 0.0416667 1
Rate:81.9271
==========
==========41
4 0 2 24000
Node 67 41 19.2354
Pkt 7 160 0.04375 1
Pkt 8 200 0.04 1
Node 31 74 30.6105
Pkt 20 480 0.0416667 1
Pkt 12 300 0.04 1
Node 62 26 26.8328
Pkt 30 750 0.04 1
Pkt 30 750 0.04 1
Node 65 34 21.9317
Pkt 7 160 0.04375 1
Pkt 6 150 0.04 1
Rate:82.2917
==========
==========42
4 0 2 24000
Node 54 36 14.5602
Pkt 10 250 0.04 1
Pkt 7 160 0.04375 1
Node 70 66 25.6125
Pkt 16 400 0.04 1
Pkt 20 480 0.0416667 1
Node 63 58 15.2643
Pkt 30 750 0.04 1
Pkt 32 800 0.04 1
Node 64 60 17.2047
Pkt 8 200 0.04 1
Pkt 10 240 0.0416667 1
Rate:81.7708
==========
==========43
4 0 2 24000
Node 65 63 19.8494
Pkt 6 150 0.04 1
Pkt 8 192 0.0416667 1
Node 57 71 22.1359
Pkt 12 300 0.04 1
Pkt 20 480 0.0416667 1
Node 39 49 11.0454
Pkt 32 800 0.04 1
Pkt 30 750 0.04 1
Node 39 52 11.1803
Pkt 8 192 0.0416667 1
Pkt 8 200 0.04 1
Rate:81.25
==========
==========44
4 0 2 24000
Node 70 49 20.025
Pkt 6 150 0.04 1
Pkt 5 125 0.04 1
Node 60 51 10.0499
Pkt 20 480 0.0416667 1
Pkt 13 320 0.040625 1
Node 70 39 22.8254
Pkt 30 750 0.04 1
Pkt 30 750 0.04 1
Node 37 71 24.6982
Pkt 5 120 0.0416667 1
Pkt 6 150 0.04 1
Rate:80.9896
==========
==========45
4 0 2 24000
Node 27 73 32.5269
Pkt 10 250 0.04 1
Pkt 6 150 0.04 1
Node 50 37 13
Pkt 12 300 0.04 1
Pkt 16 400 0.04 1
Node 62 70 23.3238
Pkt 32 800 0.04 1
Pkt 30 750 0.04 1
Node 68 50 18
Pkt 6 150 0.04 1
Pkt 10 250 0.04 1
Rate:80
==========
==========46
4 0 2 24000
Node 27 69 29.8329
Pkt 8 192 0.0416667 1
Pkt 8 192 0.0416667 1
Node 25 46 25.318
Pkt 12 300 0.04 1
Pkt 12 300 0.04 1
Node 44 71 21.8403
Pkt 30 750 0.04 1
Pkt 32 800 0.04 1
Node 45 37 13.9284
Pkt 5 125 0.04 1
Pkt 6 150 0.04 1
Rate:80.8333
==========
==========47
4 0 2 24000
Node 71 66 26.4008
Pkt 10 240 0.0416667 1
Pkt 6 150 0.04 1
Node 74 60 26
Pkt 15 375 0.04 1
Pkt 20 480 0.0416667 1
Node 68 27 29.2062
Pkt 30 750 0.04 1
Pkt 30 750 0.04 1
Node 42 33 18.7883
Pkt 10 240 0.0416667 1
Pkt 5 125 0.04 1
Rate:81.25
==========
==========48
4 0 2 24000
Node 42 30 21.5407
Pkt 7 160 0.04375 1
Pkt 8 192 0.0416667 1
Node 74 58 25.2982
Pkt 15 375 0.04 1
Pkt 13 320 0.040625 1
Node 53 25 25.1794
Pkt 32 800 0.04 1
Pkt 30 750 0.04 1
Node 70 68 26.9072
Pkt 7 160 0.04375 1
Pkt 10 240 0.0416667 1
Rate:82.8646
==========
==========49
4 0 2 24000
Node 42 55 9.43398
Pkt 10 250 0.04 1
Pkt 10 250 0.04 1
Node 71 44 21.8403
Pkt 15 375 0.04 1
Pkt 13 320 0.040625 1
Node 44 42 10
Pkt 30 750 0.04 1
Pkt 32 800 0.04 1
Node 63 67 21.4009
Pkt 6 150 0.04 1
Pkt 8 192 0.0416667 1
Rate:80.5729
==========
==========50
4 0 2 24000
Node 59 60 13.4536
Pkt 5 120 0.0416667 1
Pkt 5 125 0.04 1
Node 72 36 26.0768
Pkt 15 375 0.04 1
Pkt 15 375 0.04 1
Node 39 32 21.095
Pkt 32 800 0.04 1
Pkt 32 800 0.04 1
Node 60 56 11.6619
Pkt 10 250 0.04 1
Pkt 8 192 0.0416667 1
Rate:80.8333
==========
==========51
4 0 2 24000
Node 42 71 22.4722
Pkt 6 150 0.04 1
Pkt 8 192 0.0416667 1
Node 68 32 25.4558
Pkt 12 300 0.04 1
Pkt 12 300 0.04 1
Node 34 25 29.6816
Pkt 32 800 0.04 1
Pkt 32 800 0.04 1
Node 33 33 24.0416
Pkt 6 150 0.04 1
Pkt 8 200 0.04 1
Rate:80.4167
==========
==========52
4 0 2 24000
Node 38 73 25.9422
Pkt 7 160 0.04375 1
Pkt 10 240 0.0416667 1
Node 48 26 24.0832
Pkt 13 320 0.040625 1
Pkt 13 320 0.040625 1
Node 42 48 8.24621
Pkt 30 750 0.04 1
Pkt 32 800 0.04 1
Node 50 32 18
Pkt 5 120 0.0416667 1
Pkt 8 192 0.0416667 1
Rate:82.5
==========
==========53
4 0 2 24000
Node 65 34 21.9317
Pkt 7 160 0.04375 1
Pkt 5 120 0.0416667 1
Node 42 33 18.7883
Pkt 16 400 0.04 1
Pkt 13 320 0.040625 1
Node 37 66 20.6155
Pkt 30 750 0.04 1
Pkt 32 800 0.04 1
Node 70 37 23.8537
Pkt 10 250 0.04 1
Pkt 7 160 0.04375 1
Rate:82.4479
==========
==========54
4 0 2 24000
Node 69 29 28.3196
Pkt 10 240 0.0416667 1
Pkt 5 120 0.0416667 1
Node 27 43 24.0416
Pkt 15 375 0.04 1
Pkt 20 480 0.0416667 1
Node 30 31 27.5862
Pkt 30 750 0.04 1
Pkt 32 800 0.04 1
Node 62 65 19.2094
Pkt 6 150 0.04 1
Pkt 6 150 0.04 1
Rate:81.25
==========
==========55
4 0 2 24000
Node 56 47 6.7082
Pkt 5 125 0.04 1
Pkt 5 125 0.04 1
Node 30 65 25
Pkt 12 300 0.04 1
Pkt 13 320 0.040625 1
Node 62 47 12.3693
Pkt 30 750 0.04 1
Pkt 30 750 0.04 1
Node 46 67 17.4642
Pkt 8 192 0.0416667 1
Pkt 5 120 0.0416667 1
Rate:80.9896
==========
==========56
4 0 2 24000
Node 38 40 15.6205
Pkt 7 160 0.04375 1
Pkt 6 150 0.04 1
Node 49 57 7.07107
Pkt 13 320 0.040625 1
Pkt 12 300 0.04 1
Node 48 43 7.28011
Pkt 32 800 0.04 1
Pkt 30 750 0.04 1
Node 68 55 18.6815
Pkt 4 100 0.04 1
Pkt 5 120 0.0416667 1
Rate:81.5104
==========
==========57
4 0 2 24000
Node 38 50 12
Pkt 7 160 0.04375 1
Pkt 6 150 0.04 1
Node 73 67 28.6007
Pkt 15 375 0.04 1
Pkt 13 320 0.040625 1
Node 53 41 9.48683
Pkt 32 800 0.04 1
Pkt 30 750 0.04 1
Node 32 50 18
Pkt 4 100 0.04 1
Pkt 7 160 0.04375 1
Rate:82.0313
==========
==========58
4 0 2 24000
Node 68 33 24.7588
Pkt 10 240 0.0416667 1
Pkt 8 200 0.04 1
Node 52 46 4.47214
Pkt 13 320 0.040625 1
Pkt 16 400 0.04 1
Node 32 32 25.4558
Pkt 32 800 0.04 1
Pkt 30 750 0.04 1
Node 42 51 8.06226
Pkt 10 240 0.0416667 1
Pkt 8 200 0.04 1
Rate:80.9896
==========
==========59
4 0 2 24000
Node 70 39 22.8254
Pkt 10 240 0.0416667 1
Pkt 6 150 0.04 1
Node 42 57 10.6301
Pkt 20 480 0.0416667 1
Pkt 13 320 0.040625 1
Node 25 50 25
Pkt 30 750 0.04 1
Pkt 32 800 0.04 1
Node 35 36 20.5183
Pkt 6 150 0.04 1
Pkt 5 125 0.04 1
Rate:80.9896
==========
==========60
4 0 2 24000
Node 27 45 23.5372
Pkt 8 192 0.0416667 1
Pkt 5 125 0.04 1
Node 31 66 24.8395
Pkt 20 480 0.0416667 1
Pkt 20 480 0.0416667 1
Node 47 27 23.1948
Pkt 32 800 0.04 1
Pkt 30 750 0.04 1
Node 28 36 26.0768
Pkt 5 125 0.04 1
Pkt 10 250 0.04 1
Rate:81.25
==========
==========61
4 0 2 24000
Node 38 64 18.4391
Pkt 5 120 0.0416667 1
Pkt 4 100 0.04 1
Node 55 60 11.1803
Pkt 15 375 0.04 1
Pkt 20 480 0.0416667 1
Node 62 60 15.6205
Pkt 32 800 0.04 1
Pkt 30 750 0.04 1
Node 44 39 12.53
Pkt 6 150 0.04 1
Pkt 4 100 0.04 1
Rate:80.8333
==========
==========62
4 0 2 24000
Node 52 60 10.198
Pkt 10 240 0.0416667 1
Pkt 6 150 0.04 1
Node 51 55 5.09902
Pkt 20 480 0.0416667 1
Pkt 12 300 0.04 1
Node 48 38 12.1655
Pkt 30 750 0.04 1
Pkt 30 750 0.04 1
Node 29 68 27.6586
Pkt 8 192 0.0416667 1
Pkt 5 125 0.04 1
Rate:81.25
==========
==========63
4 0 2 24000
Node 38 53 12.3693
Pkt 5 125 0.04 1
Pkt 4 100 0.04 1
Node 54 27 23.3452
Pkt 20 480 0.0416667 1
Pkt 12 300 0.04 1
Node 37 26 27.2947
Pkt 32 800 0.04 1
Pkt 32 800 0.04 1
Node 72 72 31.1127
Pkt 8 192 0.0416667 1
Pkt 7 160 0.04375 1
Rate:81.7708
==========
==========64
4 0 2 24000
Node 68 66 24.0832
Pkt 5 120 0.0416667 1
Pkt 5 120 0.0416667 1
Node 53 42 8.544
Pkt 20 480 0.0416667 1
Pkt 15 375 0.04 1
Node 35 38 19.2094
Pkt 30 750 0.04 1
Pkt 30 750 0.04 1
Node 65 26 28.3019
Pkt 5 120 0.0416667 1
Pkt 8 192 0.0416667 1
Rate:82.0833
==========
==========65
4 0 2 24000
Node 54 26 24.3311
Pkt 10 250 0.04 1
Pkt 7 160 0.04375 1
Node 69 59 21.0238
Pkt 16 400 0.04 1
Pkt 15 375 0.04 1
Node 71 59 22.8473
Pkt 30 750 0.04 1
Pkt 32 800 0.04 1
Node 74 49 24.0208
Pkt 10 240 0.0416667 1
Pkt 8 200 0.04 1
Rate:81.3542
==========
==========66
4 0 2 24000
Node 41 52 9.21954
Pkt 10 240 0.0416667 1
Pkt 6 150 0.04 1
Node 67 34 23.3452
Pkt 13 320 0.040625 1
Pkt 20 480 0.0416667 1
Node 67 51 17.0294
Pkt 30 750 0.04 1
Pkt 30 750 0.04 1
Node 58 57 10.6301
Pkt 8 192 0.0416667 1
Pkt 5 120 0.0416667 1
Rate:81.8229
==========
==========67
4 0 2 24000
Node 39 69 21.9545
Pkt 10 240 0.0416667 1
Pkt 10 240 0.0416667 1
Node 60 27 25.0799
Pkt 12 300 0.04 1
Pkt 20 480 0.0416667 1
Node 27 48 23.0868
Pkt 32 800 0.04 1
Pkt 30 750 0.04 1
Node 72 58 23.4094
Pkt 6 150 0.04 1
Pkt 4 100 0.04 1
Rate:81.25
==========
==========68
4 0 2 24000
Node 26 25 34.6554
Pkt 5 125 0.04 1
Pkt 8 192 0.0416667 1
Node 62 42 14.4222
Pkt 15 375 0.04 1
Pkt 20 480 0.0416667 1
Node 74 69 30.6105
Pkt 30 750 0.04 1
Pkt 30 750 0.04 1
Node 35 56 16.1555
Pkt 7 160 0.04375 1
Pkt 4 100 0.04 1
Rate:81.7708
==========
==========69
4 0 2 24000
Node 36 54 14.5602
Pkt 10 240 0.0416667 1
Pkt 8 192 0.0416667 1
Node 40 35 18.0278
Pkt 20 480 0.0416667 1
Pkt 20 480 0.0416667 1
Node 54 69 19.4165
Pkt 30 750 0.04 1
Pkt 32 800 0.04 1
Node 71 32 27.6586
Pkt 8 200 0.04 1
Pkt 4 100 0.04 1
Rate:81.6667
==========
==========70
4 0 2 24000
Node 47 38 12.3693
Pkt 4 100 0.04 1
Pkt 8 200 0.04 1
Node 66 50 16
Pkt 15 375 0.04 1
Pkt 20 480 0.0416667 1
Node 57 26 25
Pkt 32 800 0.04 1
Pkt 30 750 0.04 1
Node 36 67 22.0227
Pkt 10 240 0.0416667 1
Pkt 8 200 0.04 1
Rate:80.8333
==========
==========71
4 0 2 24000
Node 37 54 13.6015
Pkt 8 200 0.04 1
Pkt 10 250 0.04 1
Node 69 48 19.105
Pkt 16 400 0.04 1
Pkt 13 320 0.040625 1
Node 40 49 10.0499
Pkt 30 750 0.04 1
Pkt 32 800 0.04 1
Node 30 68 26.9072
Pkt 5 120 0.0416667 1
Pkt 7 160 0.04375 1
Rate:81.5104
==========
==========72
4 0 2 24000
Node 26 51 24.0208
Pkt 8 200 0.04 1
Pkt 10 250 0.04 1
Node 69 68 26.1725
Pkt 15 375 0.04 1
Pkt 15 375 0.04 1
Node 69 48 19.105
Pkt 32 800 0.04 1
Pkt 32 800 0.04 1
Node 42 45 9.43398
Pkt 8 192 0.0416667 1
Pkt 8 200 0.04 1
Rate:80.4167
==========
==========73
4 0 2 24000
Node 54 70 20.3961
Pkt 5 120 0.0416667 1
Pkt 10 250 0.04 1
Node 61 70 22.8254
Pkt 20 480 0.0416667 1
Pkt 13 320 0.040625 1
Node 56 52 6.32456
Pkt 32 800 0.04 1
Pkt 30 750 0.04 1
Node 52 29 21.095
Pkt 5 120 0.0416667 1
Pkt 4 100 0.04 1
Rate:81.4063
==========
==========74
4 0 2 24000
Node 67 45 17.72
Pkt 8 200 0.04 1
Pkt 10 250 0.04 1
Node 46 45 6.40312
Pkt 20 480 0.0416667 1
Pkt 16 400 0.04 1
Node 64 61 17.8045
Pkt 30 750 0.04 1
Pkt 32 800 0.04 1
Node 63 67 21.4009
Pkt 7 160 0.04375 1
Pkt 10 250 0.04 1
Rate:81.3542
==========
==========75
4 0 2 24000
Node 65 54 15.5242
Pkt 8 192 0.0416667 1
Pkt 5 125 0.04 1
Node 48 68 18.1108
Pkt 15 375 0.04 1
Pkt 12 300 0.04 1
Node 35 45 15.8114
Pkt 32 800 0.04 1
Pkt 30 750 0.04 1
Node 54 74 24.3311
Pkt 5 125 0.04 1
Pkt 8 192 0.0416667 1
Rate:80.8333
==========
==========76
4 0 2 24000
Node 69 43 20.2485
Pkt 6 150 0.04 1
Pkt 5 125 0.04 1
Node 63 55 13.9284
Pkt 13 320 0.040625 1
Pkt 13 320 0.040625 1
Node 53 71 21.2132
Pkt 30 750 0.04 1
Pkt 32 800 0.04 1
Node 50 48 2
Pkt 6 150 0.04 1
Pkt 4 100 0.04 1
Rate:80.3125
==========
==========77
4 0 2 24000
Node 44 32 18.9737
Pkt 6 150 0.04 1
Pkt 8 200 0.04 1
Node 35 62 19.2094
Pkt 15 375 0.04 1
Pkt 16 400 0.04 1
Node 31 33 25.4951
Pkt 30 750 0.04 1
Pkt 32 800 0.04 1
Node 41 35 17.4929
Pkt 5 120 0.0416667 1
Pkt 10 250 0.04 1
Rate:80.4167
==========
==========78
4 0 2 24000
Node 60 70 22.3607
Pkt 5 120 0.0416667 1
Pkt 10 250 0.04 1
Node 64 54 14.5602
Pkt 13 320 0.040625 1
Pkt 15 375 0.04 1
Node 54 55 6.40312
Pkt 30 750 0.04 1
Pkt 30 750 0.04 1
Node 55 44 7.81025
Pkt 8 192 0.0416667 1
Pkt 5 125 0.04 1
Rate:80.9896
==========
==========79
4 0 2 24000
Node 71 54 21.3776
Pkt 5 125 0.04 1
Pkt 10 250 0.04 1
Node 67 28 27.8029
Pkt 13 320 0.040625 1
Pkt 12 300 0.04 1
Node 71 41 22.8473
Pkt 32 800 0.04 1
Pkt 30 750 0.04 1
Node 72 45 22.561
Pkt 10 240 0.0416667 1
Pkt 5 120 0.0416667 1
Rate:80.9896
==========
==========80
4 0 2 24000
Node 45 67 17.72
Pkt 8 192 0.0416667 1
Pkt 8 192 0.0416667 1
Node 32 48 18.1108
Pkt 12 300 0.04 1
Pkt 13 320 0.040625 1
Node 66 43 17.4642
Pkt 32 800 0.04 1
Pkt 32 800 0.04 1
Node 74 70 31.241
Pkt 8 192 0.0416667 1
Pkt 5 125 0.04 1
Rate:81.4063
==========
==========81
4 0 2 24000
Node 66 41 18.3576
Pkt 4 100 0.04 1
Pkt 10 250 0.04 1
Node 31 41 21.0238
Pkt 13 320 0.040625 1
Pkt 13 320 0.040625 1
Node 48 63 13.1529
Pkt 32 800 0.04 1
Pkt 30 750 0.04 1
Node 32 62 21.6333
Pkt 10 250 0.04 1
Pkt 10 250 0.04 1
Rate:80.3125
==========
==========82
4 0 2 24000
Node 40 40 14.1421
Pkt 5 120 0.0416667 1
Pkt 8 192 0.0416667 1
Node 37 42 15.2643
Pkt 13 320 0.040625 1
Pkt 15 375 0.04 1
Node 33 54 17.4642
Pkt 30 750 0.04 1
Pkt 32 800 0.04 1
Node 34 51 16.0312
Pkt 10 240 0.0416667 1
Pkt 5 125 0.04 1
Rate:81.4063
==========
==========83
4 0 2 24000
Node 51 63 13.0384
Pkt 7 160 0.04375 1
Pkt 5 125 0.04 1
Node 46 58 8.94427
Pkt 20 480 0.0416667 1
Pkt 15 375 0.04 1
Node 26 66 28.8444
Pkt 30 750 0.04 1
Pkt 32 800 0.04 1
Node 27 36 26.9258
Pkt 8 192 0.0416667 1
Pkt 6 150 0.04 1
Rate:81.7708
==========
==========84
4 0 2 24000
Node 44 33 18.0278
Pkt 6 150 0.04 1
Pkt 5 120 0.0416667 1
Node 46 59 9.84886
Pkt 13 320 0.040625 1
Pkt 12 300 0.04 1
Node 68 69 26.1725
Pkt 32 800 0.04 1
Pkt 32 800 0.04 1
Node 65 62 19.2094
Pkt 10 250 0.04 1
Pkt 6 150 0.04 1
Rate:80.5729
==========
==========85
4 0 2 24000
Node 44 56 8.48528
Pkt 6 150 0.04 1
Pkt 8 200 0.04 1
Node 47 29 21.2132
Pkt 15 375 0.04 1
Pkt 15 375 0.04 1
Node 30 42 21.5407
Pkt 32 800 0.04 1
Pkt 30 750 0.04 1
Node 27 70 30.4795
Pkt 5 125 0.04 1
Pkt 8 192 0.0416667 1
Rate:80.4167
==========
==========86
4 0 2 24000
Node 60 65 18.0278
Pkt 4 100 0.04 1
Pkt 8 192 0.0416667 1
Node 33 48 17.1172
Pkt 12 300 0.04 1
Pkt 16 400 0.04 1
Node 73 25 33.9706
Pkt 32 800 0.04 1
Pkt 30 750 0.04 1
Node 66 66 22.6274
Pkt 5 125 0.04 1
Pkt 4 100 0.04 1
Rate:80.4167
==========
==========87
4 0 2 24000
Node 29 35 25.807
Pkt 4 100 0.04 1
Pkt 6 150 0.04 1
Node 56 64 15.2315
Pkt 13 320 0.040625 1
Pkt 20 480 0.0416667 1
Node 71 30 29
Pkt 32 800 0.04 1
Pkt 30 750 0.04 1
Node 31 73 29.8329
Pkt 8 200 0.04 1
Pkt 7 160 0.04375 1
Rate:81.5104
==========
==========88
4 0 2 24000
Node 64 49 14.0357
Pkt 10 250 0.04 1
Pkt 4 100 0.04 1
Node 73 72 31.8277
Pkt 20 480 0.0416667 1
Pkt 16 400 0.04 1
Node 38 68 21.6333
Pkt 32 800 0.04 1
Pkt 30 750 0.04 1
Node 40 64 17.2047
Pkt 8 192 0.0416667 1
Pkt 5 120 0.0416667 1
Rate:81.25
==========
==========89
4 0 2 24000
Node 65 25 29.1548
Pkt 8 200 0.04 1
Pkt 10 250 0.04 1
Node 47 39 11.4018
Pkt 20 480 0.0416667 1
Pkt 15 375 0.04 1
Node 74 29 31.8904
Pkt 32 800 0.04 1
Pkt 32 800 0.04 1
Node 26 41 25.632
Pkt 5 120 0.0416667 1
Pkt 6 150 0.04 1
Rate:80.8333
==========
==========90
4 0 2 24000
Node 50 56 6
Pkt 5 125 0.04 1
Pkt 8 192 0.0416667 1
Node 40 29 23.2594
Pkt 13 320 0.040625 1
Pkt 15 375 0.04 1
Node 57 71 22.1359
Pkt 30 750 0.04 1
Pkt 32 800 0.04 1
Node 47 34 16.2788
Pkt 6 150 0.04 1
Pkt 4 100 0.04 1
Rate:80.5729
==========
==========91
4 0 2 24000
Node 42 42 11.3137
Pkt 6 150 0.04 1
Pkt 10 240 0.0416667 1
Node 53 65 15.2971
Pkt 15 375 0.04 1
Pkt 15 375 0.04 1
Node 63 69 23.0217
Pkt 32 800 0.04 1
Pkt 32 800 0.04 1
Node 63 41 15.8114
Pkt 7 160 0.04375 1
Pkt 5 125 0.04 1
Rate:81.3542
==========
==========92
4 0 2 24000
Node 26 27 33.2415
Pkt 10 250 0.04 1
Pkt 10 250 0.04 1
Node 57 30 21.1896
Pkt 20 480 0.0416667 1
Pkt 20 480 0.0416667 1
Node 71 60 23.2594
Pkt 32 800 0.04 1
Pkt 30 750 0.04 1
Node 33 55 17.72
Pkt 6 150 0.04 1
Pkt 8 192 0.0416667 1
Rate:81.25
==========
==========93
4 0 2 24000
Node 73 34 28.0179
Pkt 8 200 0.04 1
Pkt 8 192 0.0416667 1
Node 65 27 27.4591
Pkt 20 480 0.0416667 1
Pkt 20 480 0.0416667 1
Node 41 34 18.3576
Pkt 32 800 0.04 1
Pkt 30 750 0.04 1
Node 61 37 17.0294
Pkt 5 120 0.0416667 1
Pkt 6 150 0.04 1
Rate:81.6667
==========
==========94
4 0 2 24000
Node 41 57 11.4018
Pkt 7 160 0.04375 1
Pkt 7 160 0.04375 1
Node 39 46 11.7047
Pkt 16 400 0.04 1
Pkt 15 375 0.04 1
Node 60 25 26.9258
Pkt 30 750 0.04 1
Pkt 30 750 0.04 1
Node 28 32 28.4253
Pkt 5 120 0.0416667 1
Pkt 5 125 0.04 1
Rate:82.2917
==========
==========95
4 0 2 24000
Node 70 28 29.7321
Pkt 10 250 0.04 1
Pkt 7 160 0.04375 1
Node 25 62 27.7308
Pkt 15 375 0.04 1
Pkt 12 300 0.04 1
Node 71 58 22.4722
Pkt 30 750 0.04 1
Pkt 30 750 0.04 1
Node 49 41 9.05539
Pkt 5 120 0.0416667 1
Pkt 6 150 0.04 1
Rate:81.3542
==========
==========96
4 0 2 24000
Node 29 40 23.2594
Pkt 4 100 0.04 1
Pkt 4 100 0.04 1
Node 55 30 20.6155
Pkt 12 300 0.04 1
Pkt 13 320 0.040625 1
Node 51 41 9.05539
Pkt 30 750 0.04 1
Pkt 32 800 0.04 1
Node 57 34 17.4642
Pkt 10 250 0.04 1
Pkt 8 200 0.04 1
Rate:80.1563
==========
==========97
4 0 2 24000
Node 40 40 14.1421
Pkt 5 120 0.0416667 1
Pkt 6 150 0.04 1
Node 33 27 28.6007
Pkt 20 480 0.0416667 1
Pkt 13 320 0.040625 1
Node 69 29 28.3196
Pkt 32 800 0.04 1
Pkt 30 750 0.04 1
Node 31 59 21.0238
Pkt 6 150 0.04 1
Pkt 10 250 0.04 1
Rate:80.9896
==========
==========98
4 0 2 24000
Node 61 41 14.2127
Pkt 4 100 0.04 1
Pkt 7 160 0.04375 1
Node 62 69 22.4722
Pkt 15 375 0.04 1
Pkt 12 300 0.04 1
Node 52 74 24.0832
Pkt 30 750 0.04 1
Pkt 30 750 0.04 1
Node 49 42 8.06226
Pkt 10 250 0.04 1
Pkt 10 250 0.04 1
Rate:80.9375
==========
==========99
