4 0 2 24000
Node 49 35 15.0333
Pkt 95 250 0.38 1
Pkt 73 192 0.380208 1
Node 57 38 13.8924
Pkt 143 375 0.381333 1
Pkt 143 375 0.381333 1
Node 69 33 25.4951
Pkt 304 800 0.38 1
Pkt 285 750 0.38 1
Node 40 55 11.1803
Pkt 61 160 0.38125 1
Pkt 61 160 0.38125 1
Rate:761.344
==========
==========0
4 0 2 24000
Node 48 66 16.1245
Pkt 95 250 0.38 1
Pkt 61 160 0.38125 1
Node 61 61 15.5563
Pkt 152 400 0.38 1
Pkt 152 400 0.38 1
Node 27 67 28.6007
Pkt 304 800 0.38 1
Pkt 304 800 0.38 1
Node 36 64 19.799
Pkt 73 192 0.380208 1
Pkt 48 125 0.384 1
Rate:761.365
==========
==========1
4 0 2 24000
Node 36 45 14.8661
Pkt 61 160 0.38125 1
Pkt 95 250 0.38 1
Node 47 67 17.2627
Pkt 152 400 0.38 1
Pkt 114 300 0.38 1
Node 31 48 19.105
Pkt 304 800 0.38 1
Pkt 304 800 0.38 1
Node 28 48 22.0907
Pkt 76 200 0.38 1
Pkt 73 192 0.380208 1
Rate:760.365
==========
==========2
4 0 2 24000
Node 44 28 22.8035
Pkt 95 250 0.38 1
Pkt 76 200 0.38 1
Node 43 50 7
Pkt 152 400 0.38 1
Pkt 114 300 0.38 1
Node 44 69 19.9249
Pkt 304 800 0.38 1
Pkt 304 800 0.38 1
Node 73 26 33.2415
Pkt 95 250 0.38 1
Pkt 61 160 0.38125 1
Rate:760.313
==========
==========3
4 0 2 24000
Node 61 50 11
Pkt 48 125 0.384 1
Pkt 73 192 0.380208 1
Node 38 52 12.1655
Pkt 114 300 0.38 1
Pkt 152 400 0.38 1
Node 62 46 12.6491
Pkt 285 750 0.38 1
Pkt 285 750 0.38 1
Node 37 45 13.9284
Pkt 92 240 0.383333 1
Pkt 48 125 0.384 1
Rate:762.885
==========
==========4
4 0 2 24000
Node 48 45 5.38516
Pkt 48 125 0.384 1
Pkt 48 125 0.384 1
Node 41 31 21.0238
Pkt 122 320 0.38125 1
Pkt 183 480 0.38125 1
Node 38 42 14.4222
Pkt 304 800 0.38 1
Pkt 304 800 0.38 1
Node 57 68 19.3132
Pkt 38 100 0.38 1
Pkt 76 200 0.38 1
Rate:762.625
==========
==========5
4 0 2 24000
Node 73 60 25.0799
Pkt 61 160 0.38125 1
Pkt 38 100 0.38 1
Node 33 72 27.8029
Pkt 122 320 0.38125 1
Pkt 114 300 0.38 1
Node 39 71 23.7065
Pkt 304 800 0.38 1
Pkt 304 800 0.38 1
Node 36 36 19.799
Pkt 73 192 0.380208 1
Pkt 46 120 0.383333 1
Rate:761.51
==========
==========6
4 0 2 24000
Node 56 30 20.8806
Pkt 73 192 0.380208 1
Pkt 38 100 0.38 1
Node 71 25 32.6497
Pkt 152 400 0.38 1
Pkt 114 300 0.38 1
Node 26 69 30.6105
Pkt 285 750 0.38 1
Pkt 285 750 0.38 1
Node 64 69 23.6008
Pkt 73 192 0.380208 1
Pkt 73 192 0.380208 1
Rate:760.156
==========
==========7
4 0 2 24000
Node 73 30 30.4795
Pkt 73 192 0.380208 1
Pkt 57 150 0.38 1
Node 42 69 20.6155
Pkt 152 400 0.38 1
Pkt 152 400 0.38 1
Node 58 72 23.4094
Pkt 285 750 0.38 1
Pkt 285 750 0.38 1
Node 26 50 24
Pkt 92 240 0.383333 1
Pkt 92 240 0.383333 1
Rate:761.719
==========
==========8
4 0 2 24000
Node 73 49 23.0217
Pkt 92 240 0.383333 1
Pkt 73 192 0.380208 1
Node 52 41 9.21954
Pkt 114 300 0.38 1
Pkt 143 375 0.381333 1
Node 61 51 11.0454
Pkt 304 800 0.38 1
Pkt 304 800 0.38 1
Node 64 25 28.6531
Pkt 57 150 0.38 1
Pkt 95 250 0.38 1
Rate:761.219
==========
==========9
4 0 2 24000
Node 44 44 8.48528
Pkt 57 150 0.38 1
Pkt 95 250 0.38 1
Node 46 65 15.5242
Pkt 152 400 0.38 1
Pkt 143 375 0.381333 1
Node 67 35 22.6716
Pkt 304 800 0.38 1
Pkt 304 800 0.38 1
Node 68 64 22.8035
Pkt 46 120 0.383333 1
Pkt 76 200 0.38 1
Rate:761.167
==========
==========10
4 0 2 24000
Node 71 47 21.2132
Pkt 61 160 0.38125 1
Pkt 95 250 0.38 1
Node 60 50 10
Pkt 114 300 0.38 1
Pkt 114 300 0.38 1
Node 26 43 25
Pkt 304 800 0.38 1
Pkt 285 750 0.38 1
Node 61 26 26.4008
Pkt 57 150 0.38 1
Pkt 92 240 0.383333 1
Rate:761.146
==========
==========11
4 0 2 24000
Node 65 42 17
Pkt 48 125 0.384 1
Pkt 61 160 0.38125 1
Node 34 52 16.1245
Pkt 143 375 0.381333 1
Pkt 152 400 0.38 1
Node 39 66 19.4165
Pkt 304 800 0.38 1
Pkt 304 800 0.38 1
Node 45 45 7.07107
Pkt 61 160 0.38125 1
Pkt 48 125 0.384 1
Rate:762.958
==========
==========12
4 0 2 24000
Node 57 31 20.2485
Pkt 48 125 0.384 1
Pkt 76 200 0.38 1
Node 62 39 16.2788
Pkt 122 320 0.38125 1
Pkt 143 375 0.381333 1
Node 64 28 26.0768
Pkt 285 750 0.38 1
Pkt 285 750 0.38 1
Node 66 51 16.0312
Pkt 38 100 0.38 1
Pkt 38 100 0.38 1
Rate:761.646
==========
==========13
4 0 2 24000
Node 60 45 11.1803
Pkt 61 160 0.38125 1
Pkt 46 120 0.383333 1
Node 61 31 21.9545
Pkt 122 320 0.38125 1
Pkt 152 400 0.38 1
Node 49 42 8.06226
Pkt 304 800 0.38 1
Pkt 304 800 0.38 1
Node 70 25 32.0156
Pkt 48 125 0.384 1
Pkt 61 160 0.38125 1
Rate:762.771
==========
==========14
4 0 2 24000
Node 46 68 18.4391
Pkt 38 100 0.38 1
Pkt 76 200 0.38 1
Node 26 63 27.2947
Pkt 183 480 0.38125 1
Pkt 152 400 0.38 1
Node 54 50 4
Pkt 285 750 0.38 1
Pkt 285 750 0.38 1
Node 40 31 21.4709
Pkt 48 125 0.384 1
Pkt 48 125 0.384 1
Rate:762.312
==========
==========15
4 0 2 24000
Node 38 73 25.9422
Pkt 57 150 0.38 1
Pkt 76 200 0.38 1
Node 49 26 24.0208
Pkt 143 375 0.381333 1
Pkt 122 320 0.38125 1
Node 45 28 22.561
Pkt 285 750 0.38 1
Pkt 304 800 0.38 1
Node 52 47 3.60555
Pkt 61 160 0.38125 1
Pkt 73 192 0.380208 1
Rate:761.01
==========
==========16
4 0 2 24000
Node 25 58 26.2488
Pkt 73 192 0.380208 1
Pkt 92 240 0.383333 1
Node 57 33 18.3848
Pkt 122 320 0.38125 1
Pkt 152 400 0.38 1
Node 40 52 10.198
Pkt 304 800 0.38 1
Pkt 285 750 0.38 1
Node 73 68 29.2062
Pkt 61 160 0.38125 1
Pkt 95 250 0.38 1
Rate:761.51
==========
==========17
4 0 2 24000
Node 67 40 19.7231
Pkt 92 240 0.383333 1
Pkt 48 125 0.384 1
Node 26 49 24.0208
Pkt 152 400 0.38 1
Pkt 114 300 0.38 1
Node 55 42 9.43398
Pkt 285 750 0.38 1
Pkt 304 800 0.38 1
Node 43 40 12.2066
Pkt 38 100 0.38 1
Pkt 73 192 0.380208 1
Rate:761.885
==========
==========18
4 0 2 24000
Node 39 60 14.8661
Pkt 46 120 0.383333 1
Pkt 46 120 0.383333 1
Node 59 27 24.6982
Pkt 183 480 0.38125 1
Pkt 114 300 0.38 1
Node 29 54 21.3776
Pkt 304 800 0.38 1
Pkt 304 800 0.38 1
Node 39 44 12.53
Pkt 48 125 0.384 1
Pkt 61 160 0.38125 1
Rate:763.292
==========
==========19
4 0 2 24000
Node 30 43 21.1896
Pkt 61 160 0.38125 1
Pkt 61 160 0.38125 1
Node 47 58 8.544
Pkt 152 400 0.38 1
Pkt 152 400 0.38 1
Node 50 35 15
Pkt 285 750 0.38 1
Pkt 285 750 0.38 1
Node 72 53 22.2036
Pkt 95 250 0.38 1
Pkt 46 120 0.383333 1
Rate:761.458
==========
==========20
4 0 2 24000
Node 53 43 7.61577
Pkt 95 250 0.38 1
Pkt 61 160 0.38125 1
Node 31 72 29.0689
Pkt 114 300 0.38 1
Pkt 183 480 0.38125 1
Node 37 36 19.105
Pkt 304 800 0.38 1
Pkt 304 800 0.38 1
Node 45 45 7.07107
Pkt 46 120 0.383333 1
Pkt 73 192 0.380208 1
Rate:761.51
==========
==========21
4 0 2 24000
Node 49 44 6.08276
Pkt 92 240 0.383333 1
Pkt 61 160 0.38125 1
Node 58 44 10
Pkt 143 375 0.381333 1
Pkt 183 480 0.38125 1
Node 49 50 1
Pkt 304 800 0.38 1
Pkt 304 800 0.38 1
Node 52 26 24.0832
Pkt 46 120 0.383333 1
Pkt 95 250 0.38 1
Rate:762.625
==========
==========22
4 0 2 24000
Node 25 40 26.9258
Pkt 76 200 0.38 1
Pkt 48 125 0.384 1
Node 60 56 11.6619
Pkt 152 400 0.38 1
Pkt 114 300 0.38 1
Node 38 58 14.4222
Pkt 285 750 0.38 1
Pkt 304 800 0.38 1
Node 67 38 20.8087
Pkt 76 200 0.38 1
Pkt 38 100 0.38 1
Rate:761
==========
==========23
4 0 2 24000
Node 26 32 30
Pkt 61 160 0.38125 1
Pkt 61 160 0.38125 1
Node 51 64 14.0357
Pkt 152 400 0.38 1
Pkt 143 375 0.381333 1
Node 44 25 25.7099
Pkt 285 750 0.38 1
Pkt 304 800 0.38 1
Node 52 57 7.28011
Pkt 73 192 0.380208 1
Pkt 73 192 0.380208 1
Rate:761.063
==========
==========24
4 0 2 24000
Node 59 50 9
Pkt 95 250 0.38 1
Pkt 92 240 0.383333 1
Node 37 69 23.0217
Pkt 143 375 0.381333 1
Pkt 143 375 0.381333 1
Node 61 59 14.2127
Pkt 304 800 0.38 1
Pkt 304 800 0.38 1
Node 64 59 16.6433
Pkt 92 240 0.383333 1
Pkt 61 160 0.38125 1
Rate:762.646
==========
==========25
4 0 2 24000
Node 34 42 17.8885
Pkt 95 250 0.38 1
Pkt 73 192 0.380208 1
Node 64 36 19.799
Pkt 143 375 0.381333 1
Pkt 122 320 0.38125 1
Node 33 61 20.2485
Pkt 304 800 0.38 1
Pkt 304 800 0.38 1
Node 72 33 27.8029
Pkt 95 250 0.38 1
Pkt 46 120 0.383333 1
Rate:761.531
==========
==========26
4 0 2 24000
Node 26 67 29.4109
Pkt 73 192 0.380208 1
Pkt 48 125 0.384 1
Node 57 54 8.06226
Pkt 152 400 0.38 1
Pkt 152 400 0.38 1
Node 37 50 13
Pkt 285 750 0.38 1
Pkt 304 800 0.38 1
Node 59 50 9
Pkt 46 120 0.383333 1
Pkt 61 160 0.38125 1
Rate:762.198
==========
==========27
4 0 2 24000
Node 33 36 22.0227
Pkt 38 100 0.38 1
Pkt 92 240 0.383333 1
Node 68 67 24.7588
Pkt 122 320 0.38125 1
Pkt 143 375 0.381333 1
Node 26 51 24.0208
Pkt 304 800 0.38 1
Pkt 304 800 0.38 1
Node 43 47 7.61577
Pkt 38 100 0.38 1
Pkt 95 250 0.38 1
Rate:761.479
==========
==========28
4 0 2 24000
Node 42 26 25.2982
Pkt 95 250 0.38 1
Pkt 92 240 0.383333 1
Node 57 44 9.21954
Pkt 114 300 0.38 1
Pkt 183 480 0.38125 1
Node 29 49 21.0238
Pkt 285 750 0.38 1
Pkt 285 750 0.38 1
Node 42 26 25.2982
Pkt 95 250 0.38 1
Pkt 46 120 0.383333 1
Rate:761.979
==========
==========29
4 0 2 24000
Node 53 43 7.61577
Pkt 92 240 0.383333 1
Pkt 61 160 0.38125 1
Node 58 61 13.6015
Pkt 143 375 0.381333 1
Pkt 114 300 0.38 1
Node 67 26 29.4109
Pkt 285 750 0.38 1
Pkt 285 750 0.38 1
Node 59 69 21.0238
Pkt 46 120 0.383333 1
Pkt 46 120 0.383333 1
Rate:763.146
==========
==========30
4 0 2 24000
Node 39 74 26.4008
Pkt 73 192 0.380208 1
Pkt 92 240 0.383333 1
Node 61 35 18.6011
Pkt 143 375 0.381333 1
Pkt 122 320 0.38125 1
Node 46 26 24.3311
Pkt 285 750 0.38 1
Pkt 304 800 0.38 1
Node 54 32 18.4391
Pkt 73 192 0.380208 1
Pkt 95 250 0.38 1
Rate:761.583
==========
==========31
4 0 2 24000
Node 50 40 10
Pkt 73 192 0.380208 1
Pkt 95 250 0.38 1
Node 28 42 23.4094
Pkt 114 300 0.38 1
Pkt 152 400 0.38 1
Node 32 66 24.0832
Pkt 304 800 0.38 1
Pkt 304 800 0.38 1
Node 58 73 24.3516
Pkt 73 192 0.380208 1
Pkt 95 250 0.38 1
Rate:760.104
==========
==========32
4 0 2 24000
Node 27 52 23.0868
Pkt 73 192 0.380208 1
Pkt 48 125 0.384 1
Node 68 28 28.4253
Pkt 114 300 0.38 1
Pkt 114 300 0.38 1
Node 27 53 23.1948
Pkt 304 800 0.38 1
Pkt 304 800 0.38 1
Node 40 56 11.6619
Pkt 73 192 0.380208 1
Pkt 92 240 0.383333 1
Rate:761.937
==========
==========33
4 0 2 24000
Node 25 37 28.178
Pkt 92 240 0.383333 1
Pkt 73 192 0.380208 1
Node 70 28 29.7321
Pkt 152 400 0.38 1
Pkt 122 320 0.38125 1
Node 45 69 19.6469
Pkt 285 750 0.38 1
Pkt 304 800 0.38 1
Node 25 34 29.6816
Pkt 46 120 0.383333 1
Pkt 46 120 0.383333 1
Rate:762.865
==========
==========34
4 0 2 24000
Node 58 40 12.8062
Pkt 73 192 0.380208 1
Pkt 38 100 0.38 1
Node 56 26 24.7386
Pkt 122 320 0.38125 1
Pkt 122 320 0.38125 1
Node 58 61 13.6015
Pkt 285 750 0.38 1
Pkt 285 750 0.38 1
Node 69 41 21.0238
Pkt 92 240 0.383333 1
Pkt 95 250 0.38 1
Rate:761.51
==========
==========35
4 0 2 24000
Node 47 27 23.1948
Pkt 46 120 0.383333 1
Pkt 46 120 0.383333 1
Node 68 45 18.6815
Pkt 183 480 0.38125 1
Pkt 143 375 0.381333 1
Node 70 60 22.3607
Pkt 285 750 0.38 1
Pkt 285 750 0.38 1
Node 65 45 15.8114
Pkt 73 192 0.380208 1
Pkt 61 160 0.38125 1
Rate:762.677
==========
==========36
4 0 2 24000
Node 56 42 10
Pkt 57 150 0.38 1
Pkt 95 250 0.38 1
Node 56 73 23.7697
Pkt 183 480 0.38125 1
Pkt 143 375 0.381333 1
Node 25 61 27.313
Pkt 285 750 0.38 1
Pkt 304 800 0.38 1
Node 66 68 24.0832
Pkt 57 150 0.38 1
Pkt 61 160 0.38125 1
Rate:760.958
==========
==========37
4 0 2 24000
Node 30 44 20.8806
Pkt 38 100 0.38 1
Pkt 61 160 0.38125 1
Node 31 48 19.105
Pkt 183 480 0.38125 1
Pkt 122 320 0.38125 1
Node 55 61 12.083
Pkt 304 800 0.38 1
Pkt 304 800 0.38 1
Node 48 44 6.32456
Pkt 73 192 0.380208 1
Pkt 95 250 0.38 1
Rate:760.99
==========
==========38
4 0 2 24000
Node 42 69 20.6155
Pkt 95 250 0.38 1
Pkt 38 100 0.38 1
Node 47 36 14.3178
Pkt 152 400 0.38 1
Pkt 143 375 0.381333 1
Node 25 34 29.6816
Pkt 285 750 0.38 1
Pkt 304 800 0.38 1
Node 66 66 22.6274
Pkt 76 200 0.38 1
Pkt 92 240 0.383333 1
Rate:761.167
==========
==========39
4 0 2 24000
Node 69 55 19.6469
Pkt 95 250 0.38 1
Pkt 57 150 0.38 1
Node 26 47 24.1868
Pkt 122 320 0.38125 1
Pkt 114 300 0.38 1
Node 28 72 31.1127
Pkt 304 800 0.38 1
Pkt 304 800 0.38 1
Node 30 37 23.8537
Pkt 73 192 0.380208 1
Pkt 57 150 0.38 1
Rate:760.365
==========
==========40
4 0 2 24000
Node 74 73 33.2415
Pkt 95 250 0.38 1
Pkt 92 240 0.383333 1
Node 57 28 23.0868
Pkt 183 480 0.38125 1
Pkt 143 375 0.381333 1
Node 39 57 13.0384
Pkt 304 800 0.38 1
Pkt 304 800 0.38 1
Node 33 26 29.4109
Pkt 38 100 0.38 1
Pkt 48 125 0.384 1
Rate:762.479
==========
==========41
4 0 2 24000
Node 25 50 25
Pkt 61 160 0.38125 1
Pkt 73 192 0.380208 1
Node 61 49 11.0454
Pkt 183 480 0.38125 1
Pkt 122 320 0.38125 1
Node 37 40 16.4012
Pkt 285 750 0.38 1
Pkt 304 800 0.38 1
Node 46 43 8.06226
Pkt 95 250 0.38 1
Pkt 92 240 0.383333 1
Rate:761.823
==========
==========42
4 0 2 24000
Node 46 74 24.3311
Pkt 57 150 0.38 1
Pkt 61 160 0.38125 1
Node 53 38 12.3693
Pkt 183 480 0.38125 1
Pkt 183 480 0.38125 1
Node 36 66 21.2603
Pkt 285 750 0.38 1
Pkt 285 750 0.38 1
Node 74 73 33.2415
Pkt 38 100 0.38 1
Pkt 61 160 0.38125 1
Rate:761.25
==========
==========43
4 0 2 24000
Node 64 48 14.1421
Pkt 57 150 0.38 1
Pkt 46 120 0.383333 1
Node 59 70 21.9317
Pkt 114 300 0.38 1
Pkt 143 375 0.381333 1
Node 71 70 29
Pkt 285 750 0.38 1
Pkt 285 750 0.38 1
Node 63 32 22.2036
Pkt 92 240 0.383333 1
Pkt 73 192 0.380208 1
Rate:762.052
==========
==========44
4 0 2 24000
Node 43 62 13.8924
Pkt 95 250 0.38 1
Pkt 76 200 0.38 1
Node 66 27 28.0179
Pkt 152 400 0.38 1
Pkt 122 320 0.38125 1
Node 71 69 28.3196
Pkt 285 750 0.38 1
Pkt 304 800 0.38 1
Node 30 27 30.4795
Pkt 57 150 0.38 1
Pkt 48 125 0.384 1
Rate:761.313
==========
==========45
4 0 2 24000
Node 52 48 2.82843
Pkt 57 150 0.38 1
Pkt 57 150 0.38 1
Node 62 66 20
Pkt 122 320 0.38125 1
Pkt 114 300 0.38 1
Node 64 66 21.2603
Pkt 285 750 0.38 1
Pkt 304 800 0.38 1
Node 36 40 17.2047
Pkt 38 100 0.38 1
Pkt 76 200 0.38 1
Rate:760.312
==========
==========46
4 0 2 24000
Node 66 44 17.088
Pkt 76 200 0.38 1
Pkt 57 150 0.38 1
Node 36 44 15.2315
Pkt 143 375 0.381333 1
Pkt 122 320 0.38125 1
Node 28 67 27.8029
Pkt 304 800 0.38 1
Pkt 304 800 0.38 1
Node 27 54 23.3452
Pkt 57 150 0.38 1
Pkt 57 150 0.38 1
Rate:760.646
==========
==========47
4 0 2 24000
Node 61 66 19.4165
Pkt 57 150 0.38 1
Pkt 38 100 0.38 1
Node 55 48 5.38516
Pkt 114 300 0.38 1
Pkt 122 320 0.38125 1
Node 69 51 19.0263
Pkt 304 800 0.38 1
Pkt 285 750 0.38 1
Node 59 53 9.48683
Pkt 61 160 0.38125 1
Pkt 73 192 0.380208 1
Rate:760.677
==========
==========48
4 0 2 24000
Node 30 71 29
Pkt 46 120 0.383333 1
Pkt 76 200 0.38 1
Node 74 37 27.2947
Pkt 114 300 0.38 1
Pkt 183 480 0.38125 1
Node 58 35 17
Pkt 285 750 0.38 1
Pkt 304 800 0.38 1
Node 63 62 17.6918
Pkt 57 150 0.38 1
Pkt 95 250 0.38 1
Rate:761.146
==========
==========49
4 0 2 24000
Node 45 72 22.561
Pkt 57 150 0.38 1
Pkt 95 250 0.38 1
Node 55 39 12.083
Pkt 114 300 0.38 1
Pkt 152 400 0.38 1
Node 49 55 5.09902
Pkt 304 800 0.38 1
Pkt 285 750 0.38 1
Node 59 52 9.21954
Pkt 57 150 0.38 1
Pkt 61 160 0.38125 1
Rate:760.313
==========
==========50
4 0 2 24000
Node 58 37 15.2643
Pkt 38 100 0.38 1
Pkt 57 150 0.38 1
Node 29 68 27.6586
Pkt 152 400 0.38 1
Pkt 183 480 0.38125 1
Node 27 25 33.9706
Pkt 304 800 0.38 1
Pkt 285 750 0.38 1
Node 51 74 24.0208
Pkt 61 160 0.38125 1
Pkt 76 200 0.38 1
Rate:760.625
==========
==========51
4 0 2 24000
Node 62 51 12.0416
Pkt 92 240 0.383333 1
Pkt 46 120 0.383333 1
Node 70 45 20.6155
Pkt 122 320 0.38125 1
Pkt 114 300 0.38 1
Node 69 54 19.4165
Pkt 304 800 0.38 1
Pkt 285 750 0.38 1
Node 26 28 32.5576
Pkt 46 120 0.383333 1
Pkt 92 240 0.383333 1
Rate:763.646
==========
==========52
4 0 2 24000
Node 66 45 16.7631
Pkt 57 150 0.38 1
Pkt 92 240 0.383333 1
Node 31 30 27.5862
Pkt 152 400 0.38 1
Pkt 114 300 0.38 1
Node 40 43 12.2066
Pkt 304 800 0.38 1
Pkt 304 800 0.38 1
Node 69 62 22.4722
Pkt 61 160 0.38125 1
Pkt 57 150 0.38 1
Rate:761.146
==========
==========53
4 0 2 24000
Node 48 29 21.095
Pkt 48 125 0.384 1
Pkt 61 160 0.38125 1
Node 67 50 17
Pkt 143 375 0.381333 1
Pkt 152 400 0.38 1
Node 38 71 24.1868
Pkt 304 800 0.38 1
Pkt 285 750 0.38 1
Node 36 68 22.8035
Pkt 46 120 0.383333 1
Pkt 48 125 0.384 1
Rate:763.479
==========
==========54
4 0 2 24000
Node 43 31 20.2485
Pkt 92 240 0.383333 1
Pkt 38 100 0.38 1
Node 32 50 18
Pkt 114 300 0.38 1
Pkt 122 320 0.38125 1
Node 51 48 2.23607
Pkt 285 750 0.38 1
Pkt 285 750 0.38 1
Node 55 34 16.7631
Pkt 76 200 0.38 1
Pkt 38 100 0.38 1
Rate:761.146
==========
==========55
4 0 2 24000
Node 66 51 16.0312
Pkt 46 120 0.383333 1
Pkt 76 200 0.38 1
Node 40 68 20.5913
Pkt 143 375 0.381333 1
Pkt 114 300 0.38 1
Node 66 73 28.0179
Pkt 304 800 0.38 1
Pkt 285 750 0.38 1
Node 72 39 24.5967
Pkt 46 120 0.383333 1
Pkt 92 240 0.383333 1
Rate:762.833
==========
==========56
4 0 2 24000
Node 42 74 25.2982
Pkt 61 160 0.38125 1
Pkt 38 100 0.38 1
Node 31 68 26.1725
Pkt 122 320 0.38125 1
Pkt 152 400 0.38 1
Node 65 34 21.9317
Pkt 285 750 0.38 1
Pkt 304 800 0.38 1
Node 60 56 11.6619
Pkt 57 150 0.38 1
Pkt 48 125 0.384 1
Rate:761.625
==========
==========57
4 0 2 24000
Node 71 27 31.1448
Pkt 73 192 0.380208 1
Pkt 92 240 0.383333 1
Node 38 25 27.7308
Pkt 114 300 0.38 1
Pkt 114 300 0.38 1
Node 43 51 7.07107
Pkt 304 800 0.38 1
Pkt 285 750 0.38 1
Node 59 71 22.8473
Pkt 95 250 0.38 1
Pkt 73 192 0.380208 1
Rate:760.937
==========
==========58
4 0 2 24000
Node 73 62 25.9422
Pkt 46 120 0.383333 1
Pkt 38 100 0.38 1
Node 29 58 22.4722
Pkt 114 300 0.38 1
Pkt 122 320 0.38125 1
Node 52 67 17.1172
Pkt 285 750 0.38 1
Pkt 304 800 0.38 1
Node 57 56 9.21954
Pkt 92 240 0.383333 1
Pkt 76 200 0.38 1
Rate:761.979
==========
==========59
4 0 2 24000
Node 61 52 11.1803
Pkt 48 125 0.384 1
Pkt 57 150 0.38 1
Node 59 70 21.9317
Pkt 122 320 0.38125 1
Pkt 143 375 0.381333 1
Node 42 68 19.6977
Pkt 304 800 0.38 1
Pkt 285 750 0.38 1
Node 65 55 15.8114
Pkt 61 160 0.38125 1
Pkt 76 200 0.38 1
Rate:761.958
==========
==========60
4 0 2 24000
Node 54 69 19.4165
Pkt 46 120 0.383333 1
Pkt 92 240 0.383333 1
Node 35 46 15.5242
Pkt 122 320 0.38125 1
Pkt 143 375 0.381333 1
Node 54 65 15.5242
Pkt 304 800 0.38 1
Pkt 304 800 0.38 1
Node 48 50 2
Pkt 38 100 0.38 1
Pkt 48 125 0.384 1
Rate:763.313
==========
==========61
4 0 2 24000
Node 52 39 11.1803
Pkt 92 240 0.383333 1
Pkt 57 150 0.38 1
Node 28 43 23.0868
Pkt 122 320 0.38125 1
Pkt 152 400 0.38 1
Node 25 64 28.6531
Pkt 304 800 0.38 1
Pkt 304 800 0.38 1
Node 58 38 14.4222
Pkt 95 250 0.38 1
Pkt 46 120 0.383333 1
Rate:761.979
==========
==========62
4 0 2 24000
Node 36 68 22.8035
Pkt 48 125 0.384 1
Pkt 57 150 0.38 1
Node 28 29 30.4138
Pkt 143 375 0.381333 1
Pkt 152 400 0.38 1
Node 71 69 28.3196
Pkt 304 800 0.38 1
Pkt 304 800 0.38 1
Node 70 67 26.2488
Pkt 38 100 0.38 1
Pkt 61 160 0.38125 1
Rate:761.646
==========
==========63
4 0 2 24000
Node 60 31 21.4709
Pkt 38 100 0.38 1
Pkt 76 200 0.38 1
Node 50 67 17
Pkt 114 300 0.38 1
Pkt 122 320 0.38125 1
Node 36 40 17.2047
Pkt 285 750 0.38 1
Pkt 285 750 0.38 1
Node 56 42 10
Pkt 95 250 0.38 1
Pkt 76 200 0.38 1
Rate:760.313
==========
==========64
4 0 2 24000
Node 27 26 33.2415
Pkt 46 120 0.383333 1
Pkt 46 120 0.383333 1
Node 65 58 17
Pkt 122 320 0.38125 1
Pkt 143 375 0.381333 1
Node 32 71 27.6586
Pkt 304 800 0.38 1
Pkt 304 800 0.38 1
Node 51 69 19.0263
Pkt 57 150 0.38 1
Pkt 95 250 0.38 1
Rate:762.313
==========
==========65
4 0 2 24000
Node 27 37 26.4197
Pkt 57 150 0.38 1
Pkt 57 150 0.38 1
Node 38 59 15
Pkt 152 400 0.38 1
Pkt 122 320 0.38125 1
Node 71 39 23.7065
Pkt 304 800 0.38 1
Pkt 304 800 0.38 1
Node 71 38 24.1868
Pkt 38 100 0.38 1
Pkt 57 150 0.38 1
Rate:760.313
==========
==========66
4 0 2 24000
Node 37 37 18.3848
Pkt 76 200 0.38 1
Pkt 48 125 0.384 1
Node 39 74 26.4008
Pkt 114 300 0.38 1
Pkt 114 300 0.38 1
Node 48 59 9.21954
Pkt 304 800 0.38 1
Pkt 304 800 0.38 1
Node 39 32 21.095
Pkt 61 160 0.38125 1
Pkt 38 100 0.38 1
Rate:761.313
==========
==========67
4 0 2 24000
Node 53 43 7.61577
Pkt 95 250 0.38 1
Pkt 76 200 0.38 1
Node 40 57 12.2066
Pkt 152 400 0.38 1
Pkt 143 375 0.381333 1
Node 43 40 12.2066
Pkt 304 800 0.38 1
Pkt 304 800 0.38 1
Node 30 64 24.4131
Pkt 38 100 0.38 1
Pkt 48 125 0.384 1
Rate:761.333
==========
==========68
4 0 2 24000
Node 54 35 15.5242
Pkt 46 120 0.383333 1
Pkt 38 100 0.38 1
Node 71 48 21.095
Pkt 114 300 0.38 1
Pkt 152 400 0.38 1
Node 52 38 12.1655
Pkt 304 800 0.38 1
Pkt 304 800 0.38 1
Node 50 43 7
Pkt 38 100 0.38 1
Pkt 95 250 0.38 1
Rate:760.833
==========
==========69
4 0 2 24000
Node 48 30 20.0998
Pkt 76 200 0.38 1
Pkt 73 192 0.380208 1
Node 63 39 17.0294
Pkt 152 400 0.38 1
Pkt 183 480 0.38125 1
Node 37 62 17.6918
Pkt 285 750 0.38 1
Pkt 285 750 0.38 1
Node 49 73 23.0217
Pkt 92 240 0.383333 1
Pkt 57 150 0.38 1
Rate:761.198
==========
==========70
4 0 2 24000
Node 46 36 14.5602
Pkt 73 192 0.380208 1
Pkt 95 250 0.38 1
Node 41 72 23.7697
Pkt 114 300 0.38 1
Pkt 114 300 0.38 1
Node 37 50 13
Pkt 304 800 0.38 1
Pkt 304 800 0.38 1
Node 67 62 20.8087
Pkt 48 125 0.384 1
Pkt 61 160 0.38125 1
Rate:761.365
==========
==========71
4 0 2 24000
Node 41 35 17.4929
Pkt 61 160 0.38125 1
Pkt 48 125 0.384 1
Node 67 54 17.4642
Pkt 183 480 0.38125 1
Pkt 114 300 0.38 1
Node 50 45 5
Pkt 304 800 0.38 1
Pkt 304 800 0.38 1
Node 28 48 22.0907
Pkt 76 200 0.38 1
Pkt 38 100 0.38 1
Rate:761.625
==========
==========72
4 0 2 24000
Node 54 49 4.12311
Pkt 46 120 0.383333 1
Pkt 48 125 0.384 1
Node 67 71 27.0185
Pkt 122 320 0.38125 1
Pkt 122 320 0.38125 1
Node 33 66 23.3452
Pkt 285 750 0.38 1
Pkt 285 750 0.38 1
Node 51 68 18.0278
Pkt 46 120 0.383333 1
Pkt 76 200 0.38 1
Rate:763.292
==========
==========73
4 0 2 24000
Node 65 69 24.2074
Pkt 76 200 0.38 1
Pkt 76 200 0.38 1
Node 64 58 16.1245
Pkt 152 400 0.38 1
Pkt 114 300 0.38 1
Node 45 67 17.72
Pkt 304 800 0.38 1
Pkt 285 750 0.38 1
Node 34 37 20.6155
Pkt 46 120 0.383333 1
Pkt 57 150 0.38 1
Rate:760.833
==========
==========74
4 0 2 24000
Node 29 73 31.1448
Pkt 57 150 0.38 1
Pkt 73 192 0.380208 1
Node 73 58 24.3516
Pkt 183 480 0.38125 1
Pkt 114 300 0.38 1
Node 74 45 24.5153
Pkt 304 800 0.38 1
Pkt 285 750 0.38 1
Node 32 51 18.0278
Pkt 61 160 0.38125 1
Pkt 38 100 0.38 1
Rate:760.677
==========
==========75
4 0 2 24000
Node 58 71 22.4722
Pkt 76 200 0.38 1
Pkt 48 125 0.384 1
Node 62 31 22.4722
Pkt 183 480 0.38125 1
Pkt 114 300 0.38 1
Node 49 54 4.12311
Pkt 304 800 0.38 1
Pkt 304 800 0.38 1
Node 34 70 25.6125
Pkt 57 150 0.38 1
Pkt 38 100 0.38 1
Rate:761.312
==========
==========76
4 0 2 24000
Node 28 59 23.7697
Pkt 46 120 0.383333 1
Pkt 46 120 0.383333 1
Node 45 70 20.6155
Pkt 183 480 0.38125 1
Pkt 114 300 0.38 1
Node 61 25 27.313
Pkt 285 750 0.38 1
Pkt 304 800 0.38 1
Node 31 29 28.3196
Pkt 46 120 0.383333 1
Pkt 57 150 0.38 1
Rate:762.812
==========
==========77
4 0 2 24000
Node 28 42 23.4094
Pkt 48 125 0.384 1
Pkt 57 150 0.38 1
Node 69 72 29.0689
Pkt 143 375 0.381333 1
Pkt 122 320 0.38125 1
Node 33 49 17.0294
Pkt 285 750 0.38 1
Pkt 285 750 0.38 1
Node 59 73 24.6982
Pkt 48 125 0.384 1
Pkt 38 100 0.38 1
Rate:762.646
==========
==========78
4 0 2 24000
Node 43 31 20.2485
Pkt 73 192 0.380208 1
Pkt 76 200 0.38 1
Node 59 68 20.1246
Pkt 143 375 0.381333 1
Pkt 114 300 0.38 1
Node 70 31 27.5862
Pkt 285 750 0.38 1
Pkt 304 800 0.38 1
Node 56 28 22.8035
Pkt 61 160 0.38125 1
Pkt 95 250 0.38 1
Rate:760.698
==========
==========79
4 0 2 24000
Node 56 36 15.2315
Pkt 38 100 0.38 1
Pkt 48 125 0.384 1
Node 63 46 13.6015
Pkt 143 375 0.381333 1
Pkt 122 320 0.38125 1
Node 71 62 24.1868
Pkt 285 750 0.38 1
Pkt 285 750 0.38 1
Node 49 25 25.02
Pkt 38 100 0.38 1
Pkt 92 240 0.383333 1
Rate:762.479
==========
==========80
4 0 2 24000
Node 41 61 14.2127
Pkt 76 200 0.38 1
Pkt 46 120 0.383333 1
Node 50 52 2
Pkt 122 320 0.38125 1
Pkt 183 480 0.38125 1
Node 61 56 12.53
Pkt 304 800 0.38 1
Pkt 285 750 0.38 1
Node 67 29 27.0185
Pkt 48 125 0.384 1
Pkt 46 120 0.383333 1
Rate:763.292
==========
==========81
4 0 2 24000
Node 32 30 26.9072
Pkt 48 125 0.384 1
Pkt 38 100 0.38 1
Node 36 62 18.4391
Pkt 122 320 0.38125 1
Pkt 143 375 0.381333 1
Node 33 29 27.0185
Pkt 285 750 0.38 1
Pkt 285 750 0.38 1
Node 53 66 16.2788
Pkt 38 100 0.38 1
Pkt 38 100 0.38 1
Rate:761.646
==========
==========82
4 0 2 24000
Node 31 26 30.6105
Pkt 61 160 0.38125 1
Pkt 61 160 0.38125 1
Node 26 37 27.2947
Pkt 152 400 0.38 1
Pkt 143 375 0.381333 1
Node 70 25 32.0156
Pkt 304 800 0.38 1
Pkt 285 750 0.38 1
Node 40 68 20.5913
Pkt 92 240 0.383333 1
Pkt 46 120 0.383333 1
Rate:762.625
==========
==========83
4 0 2 24000
Node 39 64 17.8045
Pkt 38 100 0.38 1
Pkt 61 160 0.38125 1
Node 50 59 9
Pkt 114 300 0.38 1
Pkt 122 320 0.38125 1
Node 45 58 9.43398
Pkt 304 800 0.38 1
Pkt 285 750 0.38 1
Node 62 36 18.4391
Pkt 76 200 0.38 1
Pkt 57 150 0.38 1
Rate:760.625
==========
==========84
4 0 2 24000
Node 36 68 22.8035
Pkt 38 100 0.38 1
Pkt 57 150 0.38 1
Node 58 29 22.4722
Pkt 114 300 0.38 1
Pkt 122 320 0.38125 1
Node 68 33 24.7588
Pkt 304 800 0.38 1
Pkt 304 800 0.38 1
Node 64 44 15.2315
Pkt 38 100 0.38 1
Pkt 61 160 0.38125 1
Rate:760.625
==========
==========85
4 0 2 24000
Node 30 48 20.0998
Pkt 92 240 0.383333 1
Pkt 46 120 0.383333 1
Node 59 26 25.632
Pkt 114 300 0.38 1
Pkt 114 300 0.38 1
Node 35 41 17.4929
Pkt 285 750 0.38 1
Pkt 304 800 0.38 1
Node 49 27 23.0217
Pkt 38 100 0.38 1
Pkt 95 250 0.38 1
Rate:761.667
==========
==========86
4 0 2 24000
Node 35 52 15.1327
Pkt 92 240 0.383333 1
Pkt 92 240 0.383333 1
Node 74 53 24.1868
Pkt 122 320 0.38125 1
Pkt 122 320 0.38125 1
Node 67 55 17.72
Pkt 285 750 0.38 1
Pkt 285 750 0.38 1
Node 45 42 9.43398
Pkt 92 240 0.383333 1
Pkt 95 250 0.38 1
Rate:763.125
==========
==========87
4 0 2 24000
Node 70 52 20.0998
Pkt 73 192 0.380208 1
Pkt 61 160 0.38125 1
Node 36 55 14.8661
Pkt 114 300 0.38 1
Pkt 114 300 0.38 1
Node 37 66 20.6155
Pkt 285 750 0.38 1
Pkt 304 800 0.38 1
Node 29 57 22.1359
Pkt 95 250 0.38 1
Pkt 38 100 0.38 1
Rate:760.365
==========
==========88
4 0 2 24000
Node 66 37 20.6155
Pkt 76 200 0.38 1
Pkt 38 100 0.38 1
Node 65 68 23.4307
Pkt 122 320 0.38125 1
Pkt 114 300 0.38 1
Node 33 68 24.7588
Pkt 304 800 0.38 1
Pkt 304 800 0.38 1
Node 37 71 24.6982
Pkt 48 125 0.384 1
Pkt 38 100 0.38 1
Rate:761.312
==========
==========89
4 0 2 24000
Node 72 60 24.1661
Pkt 76 200 0.38 1
Pkt 73 192 0.380208 1
Node 71 30 29
Pkt 152 400 0.38 1
Pkt 143 375 0.381333 1
Node 32 43 19.3132
Pkt 304 800 0.38 1
Pkt 285 750 0.38 1
Node 68 74 30
Pkt 48 125 0.384 1
Pkt 76 200 0.38 1
Rate:761.385
==========
==========90
4 0 2 24000
Node 28 66 27.2029
Pkt 73 192 0.380208 1
Pkt 92 240 0.383333 1
Node 44 61 12.53
Pkt 122 320 0.38125 1
Pkt 143 375 0.381333 1
Node 69 44 19.9249
Pkt 285 750 0.38 1
Pkt 304 800 0.38 1
Node 36 66 21.2603
Pkt 46 120 0.383333 1
Pkt 61 160 0.38125 1
Rate:762.677
==========
==========91
4 0 2 24000
Node 64 31 23.6008
Pkt 61 160 0.38125 1
Pkt 76 200 0.38 1
Node 60 44 11.6619
Pkt 152 400 0.38 1
Pkt 114 300 0.38 1
Node 47 47 4.24264
Pkt 304 800 0.38 1
Pkt 304 800 0.38 1
Node 53 62 12.3693
Pkt 76 200 0.38 1
Pkt 46 120 0.383333 1
Rate:761.146
==========
==========92
4 0 2 24000
Node 56 34 17.088
Pkt 38 100 0.38 1
Pkt 46 120 0.383333 1
Node 61 37 17.0294
Pkt 122 320 0.38125 1
Pkt 183 480 0.38125 1
Node 35 50 15
Pkt 304 800 0.38 1
Pkt 285 750 0.38 1
Node 37 66 20.6155
Pkt 92 240 0.383333 1
Pkt 38 100 0.38 1
Rate:762.292
==========
==========93
4 0 2 24000
Node 46 37 13.6015
Pkt 46 120 0.383333 1
Pkt 57 150 0.38 1
Node 52 62 12.1655
Pkt 152 400 0.38 1
Pkt 183 480 0.38125 1
Node 62 30 23.3238
Pkt 285 750 0.38 1
Pkt 304 800 0.38 1
Node 38 56 13.4164
Pkt 46 120 0.383333 1
Pkt 76 200 0.38 1
Rate:761.979
==========
==========94
4 0 2 24000
Node 43 43 9.89949
Pkt 38 100 0.38 1
Pkt 48 125 0.384 1
Node 66 25 29.6816
Pkt 114 300 0.38 1
Pkt 152 400 0.38 1
Node 52 62 12.1655
Pkt 285 750 0.38 1
Pkt 304 800 0.38 1
Node 51 66 16.0312
Pkt 61 160 0.38125 1
Pkt 61 160 0.38125 1
Rate:761.625
==========
==========95
4 0 2 24000
Node 37 37 18.3848
Pkt 73 192 0.380208 1
Pkt 76 200 0.38 1
Node 55 64 14.8661
Pkt 143 375 0.381333 1
Pkt 122 320 0.38125 1
Node 62 63 17.6918
Pkt 285 750 0.38 1
Pkt 285 750 0.38 1
Node 43 28 23.0868
Pkt 73 192 0.380208 1
Pkt 95 250 0.38 1
Rate:760.75
==========
==========96
4 0 2 24000
Node 57 43 9.89949
Pkt 57 150 0.38 1
Pkt 61 160 0.38125 1
Node 31 30 27.5862
Pkt 152 400 0.38 1
Pkt 152 400 0.38 1
Node 68 55 18.6815
Pkt 285 750 0.38 1
Pkt 304 800 0.38 1
Node 58 68 19.6977
Pkt 92 240 0.383333 1
Pkt 76 200 0.38 1
Rate:761.146
==========
==========97
4 0 2 24000
Node 33 53 17.2627
Pkt 73 192 0.380208 1
Pkt 48 125 0.384 1
Node 74 67 29.4109
Pkt 152 400 0.38 1
Pkt 152 400 0.38 1
Node 42 62 14.4222
Pkt 285 750 0.38 1
Pkt 285 750 0.38 1
Node 30 61 22.8254
Pkt 57 150 0.38 1
Pkt 57 150 0.38 1
Rate:761.052
==========
==========98
4 0 2 24000
Node 54 61 11.7047
Pkt 95 250 0.38 1
Pkt 61 160 0.38125 1
Node 52 36 14.1421
Pkt 143 375 0.381333 1
Pkt 183 480 0.38125 1
Node 48 29 21.095
Pkt 304 800 0.38 1
Pkt 285 750 0.38 1
Node 45 46 6.40312
Pkt 76 200 0.38 1
Pkt 38 100 0.38 1
Rate:760.958
==========
==========99
