4 0 2 24000
Node 55 41 10.2956
Pkt 72 200 0.36 1
Pkt 87 240 0.3625 1
Node 38 36 18.4391
Pkt 144 400 0.36 1
Pkt 144 400 0.36 1
Node 45 38 13
Pkt 270 750 0.36 1
Pkt 270 750 0.36 1
Node 69 33 25.4951
Pkt 44 120 0.366667 1
Pkt 54 150 0.36 1
Rate:722.292
==========
==========0
4 0 2 24000
Node 34 45 16.7631
Pkt 54 150 0.36 1
Pkt 90 250 0.36 1
Node 31 57 20.2485
Pkt 144 400 0.36 1
Pkt 173 480 0.360417 1
Node 31 51 19.0263
Pkt 288 800 0.36 1
Pkt 288 800 0.36 1
Node 54 69 19.4165
Pkt 58 160 0.3625 1
Pkt 36 100 0.36 1
Rate:720.729
==========
==========1
4 0 2 24000
Node 73 45 23.5372
Pkt 58 160 0.3625 1
Pkt 54 150 0.36 1
Node 29 55 21.587
Pkt 144 400 0.36 1
Pkt 144 400 0.36 1
Node 56 37 14.3178
Pkt 270 750 0.36 1
Pkt 270 750 0.36 1
Node 30 41 21.9317
Pkt 87 240 0.3625 1
Pkt 87 240 0.3625 1
Rate:721.875
==========
==========2
4 0 2 24000
Node 57 48 7.28011
Pkt 58 160 0.3625 1
Pkt 90 250 0.36 1
Node 54 25 25.318
Pkt 116 320 0.3625 1
Pkt 135 375 0.36 1
Node 43 57 9.89949
Pkt 270 750 0.36 1
Pkt 288 800 0.36 1
Node 45 36 14.8661
Pkt 72 200 0.36 1
Pkt 36 100 0.36 1
Rate:721.25
==========
==========3
4 0 2 24000
Node 43 68 19.3132
Pkt 58 160 0.3625 1
Pkt 90 250 0.36 1
Node 61 44 12.53
Pkt 108 300 0.36 1
Pkt 173 480 0.360417 1
Node 54 34 16.4924
Pkt 288 800 0.36 1
Pkt 270 750 0.36 1
Node 49 67 17.0294
Pkt 44 120 0.366667 1
Pkt 70 192 0.364583 1
Rate:723.542
==========
==========4
4 0 2 24000
Node 70 58 21.5407
Pkt 54 150 0.36 1
Pkt 44 120 0.366667 1
Node 57 66 17.4642
Pkt 173 480 0.360417 1
Pkt 135 375 0.36 1
Node 74 42 25.2982
Pkt 288 800 0.36 1
Pkt 288 800 0.36 1
Node 44 72 22.8035
Pkt 45 125 0.36 1
Pkt 36 100 0.36 1
Rate:721.771
==========
==========5
4 0 2 24000
Node 30 65 25
Pkt 54 150 0.36 1
Pkt 72 200 0.36 1
Node 28 63 25.5539
Pkt 108 300 0.36 1
Pkt 116 320 0.3625 1
Node 34 39 19.4165
Pkt 288 800 0.36 1
Pkt 270 750 0.36 1
Node 29 49 21.0238
Pkt 90 250 0.36 1
Pkt 45 125 0.36 1
Rate:720.625
==========
==========6
4 0 2 24000
Node 51 34 16.0312
Pkt 90 250 0.36 1
Pkt 54 150 0.36 1
Node 43 34 17.4642
Pkt 108 300 0.36 1
Pkt 108 300 0.36 1
Node 56 39 12.53
Pkt 288 800 0.36 1
Pkt 288 800 0.36 1
Node 45 63 13.9284
Pkt 70 192 0.364583 1
Pkt 36 100 0.36 1
Rate:721.146
==========
==========7
4 0 2 24000
Node 52 54 4.47214
Pkt 36 100 0.36 1
Pkt 44 120 0.366667 1
Node 59 58 12.0416
Pkt 108 300 0.36 1
Pkt 144 400 0.36 1
Node 72 69 29.0689
Pkt 288 800 0.36 1
Pkt 270 750 0.36 1
Node 52 70 20.0998
Pkt 54 150 0.36 1
Pkt 90 250 0.36 1
Rate:721.667
==========
==========8
4 0 2 24000
Node 31 62 22.4722
Pkt 58 160 0.3625 1
Pkt 54 150 0.36 1
Node 47 29 21.2132
Pkt 173 480 0.360417 1
Pkt 144 400 0.36 1
Node 73 48 23.0868
Pkt 270 750 0.36 1
Pkt 270 750 0.36 1
Node 36 60 17.2047
Pkt 54 150 0.36 1
Pkt 54 150 0.36 1
Rate:720.729
==========
==========9
4 0 2 24000
Node 46 33 17.4642
Pkt 72 200 0.36 1
Pkt 90 250 0.36 1
Node 26 28 32.5576
Pkt 116 320 0.3625 1
Pkt 116 320 0.3625 1
Node 71 43 22.1359
Pkt 288 800 0.36 1
Pkt 288 800 0.36 1
Node 64 37 19.105
Pkt 45 125 0.36 1
Pkt 90 250 0.36 1
Rate:721.25
==========
==========10
4 0 2 24000
Node 41 44 10.8167
Pkt 36 100 0.36 1
Pkt 58 160 0.3625 1
Node 40 36 17.2047
Pkt 108 300 0.36 1
Pkt 144 400 0.36 1
Node 68 48 18.1108
Pkt 288 800 0.36 1
Pkt 270 750 0.36 1
Node 59 38 15
Pkt 58 160 0.3625 1
Pkt 45 125 0.36 1
Rate:721.25
==========
==========11
4 0 2 24000
Node 52 54 4.47214
Pkt 87 240 0.3625 1
Pkt 90 250 0.36 1
Node 44 32 18.9737
Pkt 135 375 0.36 1
Pkt 108 300 0.36 1
Node 25 46 25.318
Pkt 288 800 0.36 1
Pkt 270 750 0.36 1
Node 25 61 27.313
Pkt 58 160 0.3625 1
Pkt 45 125 0.36 1
Rate:721.25
==========
==========12
4 0 2 24000
Node 73 63 26.4197
Pkt 70 192 0.364583 1
Pkt 44 120 0.366667 1
Node 36 59 16.6433
Pkt 173 480 0.360417 1
Pkt 173 480 0.360417 1
Node 54 54 5.65685
Pkt 288 800 0.36 1
Pkt 270 750 0.36 1
Node 26 27 33.2415
Pkt 87 240 0.3625 1
Pkt 54 150 0.36 1
Rate:723.646
==========
==========13
4 0 2 24000
Node 73 66 28.0179
Pkt 36 100 0.36 1
Pkt 44 120 0.366667 1
Node 26 69 30.6105
Pkt 173 480 0.360417 1
Pkt 108 300 0.36 1
Node 60 73 25.0799
Pkt 288 800 0.36 1
Pkt 288 800 0.36 1
Node 47 70 20.2237
Pkt 44 120 0.366667 1
Pkt 58 160 0.3625 1
Rate:724.062
==========
==========14
4 0 2 24000
Node 49 39 11.0454
Pkt 54 150 0.36 1
Pkt 54 150 0.36 1
Node 54 68 18.4391
Pkt 108 300 0.36 1
Pkt 108 300 0.36 1
Node 25 35 29.1548
Pkt 270 750 0.36 1
Pkt 288 800 0.36 1
Node 54 68 18.4391
Pkt 54 150 0.36 1
Pkt 90 250 0.36 1
Rate:720
==========
==========15
4 0 2 24000
Node 68 36 22.8035
Pkt 72 200 0.36 1
Pkt 87 240 0.3625 1
Node 57 62 13.8924
Pkt 116 320 0.3625 1
Pkt 144 400 0.36 1
Node 26 61 26.4008
Pkt 288 800 0.36 1
Pkt 288 800 0.36 1
Node 30 61 22.8254
Pkt 58 160 0.3625 1
Pkt 45 125 0.36 1
Rate:721.875
==========
==========16
4 0 2 24000
Node 38 33 20.8087
Pkt 70 192 0.364583 1
Pkt 58 160 0.3625 1
Node 52 45 5.38516
Pkt 135 375 0.36 1
Pkt 144 400 0.36 1
Node 74 44 24.7386
Pkt 270 750 0.36 1
Pkt 288 800 0.36 1
Node 48 50 2
Pkt 36 100 0.36 1
Pkt 70 192 0.364583 1
Rate:722.917
==========
==========17
4 0 2 24000
Node 28 53 22.2036
Pkt 58 160 0.3625 1
Pkt 54 150 0.36 1
Node 67 29 27.0185
Pkt 116 320 0.3625 1
Pkt 116 320 0.3625 1
Node 39 72 24.5967
Pkt 270 750 0.36 1
Pkt 288 800 0.36 1
Node 55 60 11.1803
Pkt 36 100 0.36 1
Pkt 70 192 0.364583 1
Rate:723.021
==========
==========18
4 0 2 24000
Node 58 49 8.06226
Pkt 90 250 0.36 1
Pkt 44 120 0.366667 1
Node 46 52 4.47214
Pkt 108 300 0.36 1
Pkt 116 320 0.3625 1
Node 74 50 24
Pkt 270 750 0.36 1
Pkt 270 750 0.36 1
Node 25 27 33.9706
Pkt 58 160 0.3625 1
Pkt 44 120 0.366667 1
Rate:724.583
==========
==========19
4 0 2 24000
Node 41 38 15
Pkt 44 120 0.366667 1
Pkt 72 200 0.36 1
Node 34 67 23.3452
Pkt 108 300 0.36 1
Pkt 116 320 0.3625 1
Node 71 61 23.7065
Pkt 288 800 0.36 1
Pkt 288 800 0.36 1
Node 56 25 25.7099
Pkt 70 192 0.364583 1
Pkt 90 250 0.36 1
Rate:723.438
==========
==========20
4 0 2 24000
Node 65 33 22.6716
Pkt 45 125 0.36 1
Pkt 90 250 0.36 1
Node 27 29 31.1448
Pkt 173 480 0.360417 1
Pkt 144 400 0.36 1
Node 50 66 16
Pkt 288 800 0.36 1
Pkt 270 750 0.36 1
Node 28 26 32.5576
Pkt 87 240 0.3625 1
Pkt 72 200 0.36 1
Rate:720.729
==========
==========21
4 0 2 24000
Node 64 65 20.5183
Pkt 72 200 0.36 1
Pkt 58 160 0.3625 1
Node 27 47 23.1948
Pkt 108 300 0.36 1
Pkt 144 400 0.36 1
Node 69 63 23.0217
Pkt 270 750 0.36 1
Pkt 288 800 0.36 1
Node 55 63 13.9284
Pkt 36 100 0.36 1
Pkt 87 240 0.3625 1
Rate:721.25
==========
==========22
4 0 2 24000
Node 56 56 8.48528
Pkt 44 120 0.366667 1
Pkt 90 250 0.36 1
Node 40 26 26
Pkt 144 400 0.36 1
Pkt 135 375 0.36 1
Node 34 28 27.2029
Pkt 288 800 0.36 1
Pkt 288 800 0.36 1
Node 71 36 25.2389
Pkt 87 240 0.3625 1
Pkt 70 192 0.364583 1
Rate:723.437
==========
==========23
4 0 2 24000
Node 25 55 25.4951
Pkt 44 120 0.366667 1
Pkt 54 150 0.36 1
Node 54 74 24.3311
Pkt 135 375 0.36 1
Pkt 108 300 0.36 1
Node 62 62 16.9706
Pkt 270 750 0.36 1
Pkt 270 750 0.36 1
Node 64 63 19.105
Pkt 44 120 0.366667 1
Pkt 58 160 0.3625 1
Rate:723.958
==========
==========24
4 0 2 24000
Node 30 54 20.3961
Pkt 70 192 0.364583 1
Pkt 58 160 0.3625 1
Node 32 59 20.1246
Pkt 173 480 0.360417 1
Pkt 144 400 0.36 1
Node 71 57 22.1359
Pkt 288 800 0.36 1
Pkt 270 750 0.36 1
Node 40 47 10.4403
Pkt 72 200 0.36 1
Pkt 72 200 0.36 1
Rate:721.875
==========
==========25
4 0 2 24000
Node 31 62 22.4722
Pkt 90 250 0.36 1
Pkt 36 100 0.36 1
Node 54 69 19.4165
Pkt 108 300 0.36 1
Pkt 108 300 0.36 1
Node 40 37 16.4012
Pkt 270 750 0.36 1
Pkt 288 800 0.36 1
Node 50 42 8
Pkt 36 100 0.36 1
Pkt 58 160 0.3625 1
Rate:720.625
==========
==========26
4 0 2 24000
Node 27 59 24.6982
Pkt 36 100 0.36 1
Pkt 54 150 0.36 1
Node 61 39 15.5563
Pkt 116 320 0.3625 1
Pkt 173 480 0.360417 1
Node 53 38 12.3693
Pkt 288 800 0.36 1
Pkt 288 800 0.36 1
Node 35 49 15.0333
Pkt 44 120 0.366667 1
Pkt 72 200 0.36 1
Rate:722.396
==========
==========27
4 0 2 24000
Node 41 66 18.3576
Pkt 72 200 0.36 1
Pkt 36 100 0.36 1
Node 40 36 17.2047
Pkt 144 400 0.36 1
Pkt 135 375 0.36 1
Node 61 43 13.0384
Pkt 288 800 0.36 1
Pkt 288 800 0.36 1
Node 63 33 21.4009
Pkt 70 192 0.364583 1
Pkt 36 100 0.36 1
Rate:721.146
==========
==========28
4 0 2 24000
Node 52 52 2.82843
Pkt 70 192 0.364583 1
Pkt 72 200 0.36 1
Node 70 57 21.1896
Pkt 135 375 0.36 1
Pkt 116 320 0.3625 1
Node 47 54 5
Pkt 270 750 0.36 1
Pkt 270 750 0.36 1
Node 45 41 10.2956
Pkt 54 150 0.36 1
Pkt 70 192 0.364583 1
Rate:722.917
==========
==========29
4 0 2 24000
Node 33 73 28.6007
Pkt 70 192 0.364583 1
Pkt 70 192 0.364583 1
Node 65 38 19.2094
Pkt 144 400 0.36 1
Pkt 173 480 0.360417 1
Node 35 39 18.6011
Pkt 270 750 0.36 1
Pkt 288 800 0.36 1
Node 61 34 19.4165
Pkt 87 240 0.3625 1
Pkt 36 100 0.36 1
Rate:723.021
==========
==========30
4 0 2 24000
Node 40 34 18.868
Pkt 90 250 0.36 1
Pkt 87 240 0.3625 1
Node 68 46 18.4391
Pkt 173 480 0.360417 1
Pkt 144 400 0.36 1
Node 38 61 16.2788
Pkt 270 750 0.36 1
Pkt 288 800 0.36 1
Node 64 44 15.2315
Pkt 90 250 0.36 1
Pkt 87 240 0.3625 1
Rate:721.354
==========
==========31
4 0 2 24000
Node 30 28 29.7321
Pkt 58 160 0.3625 1
Pkt 36 100 0.36 1
Node 27 48 23.0868
Pkt 135 375 0.36 1
Pkt 135 375 0.36 1
Node 36 59 16.6433
Pkt 270 750 0.36 1
Pkt 270 750 0.36 1
Node 36 36 19.799
Pkt 36 100 0.36 1
Pkt 90 250 0.36 1
Rate:720.625
==========
==========32
4 0 2 24000
Node 54 46 5.65685
Pkt 72 200 0.36 1
Pkt 72 200 0.36 1
Node 65 64 20.5183
Pkt 108 300 0.36 1
Pkt 144 400 0.36 1
Node 64 35 20.5183
Pkt 270 750 0.36 1
Pkt 270 750 0.36 1
Node 37 36 19.105
Pkt 87 240 0.3625 1
Pkt 44 120 0.366667 1
Rate:722.292
==========
==========33
4 0 2 24000
Node 50 55 5
Pkt 90 250 0.36 1
Pkt 70 192 0.364583 1
Node 54 36 14.5602
Pkt 144 400 0.36 1
Pkt 144 400 0.36 1
Node 68 56 18.9737
Pkt 288 800 0.36 1
Pkt 270 750 0.36 1
Node 31 51 19.0263
Pkt 54 150 0.36 1
Pkt 45 125 0.36 1
Rate:721.146
==========
==========34
4 0 2 24000
Node 59 43 11.4018
Pkt 36 100 0.36 1
Pkt 87 240 0.3625 1
Node 47 68 18.2483
Pkt 116 320 0.3625 1
Pkt 144 400 0.36 1
Node 71 69 28.3196
Pkt 270 750 0.36 1
Pkt 288 800 0.36 1
Node 66 42 17.8885
Pkt 36 100 0.36 1
Pkt 45 125 0.36 1
Rate:721.25
==========
==========35
4 0 2 24000
Node 63 25 28.178
Pkt 44 120 0.366667 1
Pkt 36 100 0.36 1
Node 37 37 18.3848
Pkt 144 400 0.36 1
Pkt 144 400 0.36 1
Node 66 26 28.8444
Pkt 270 750 0.36 1
Pkt 270 750 0.36 1
Node 35 31 24.2074
Pkt 58 160 0.3625 1
Pkt 44 120 0.366667 1
Rate:723.958
==========
==========36
4 0 2 24000
Node 35 52 15.1327
Pkt 44 120 0.366667 1
Pkt 58 160 0.3625 1
Node 60 74 26
Pkt 173 480 0.360417 1
Pkt 108 300 0.36 1
Node 34 26 28.8444
Pkt 288 800 0.36 1
Pkt 270 750 0.36 1
Node 27 73 32.5269
Pkt 45 125 0.36 1
Pkt 87 240 0.3625 1
Rate:723.021
==========
==========37
4 0 2 24000
Node 46 47 5
Pkt 54 150 0.36 1
Pkt 58 160 0.3625 1
Node 50 72 22
Pkt 135 375 0.36 1
Pkt 108 300 0.36 1
Node 44 25 25.7099
Pkt 270 750 0.36 1
Pkt 288 800 0.36 1
Node 66 58 17.8885
Pkt 44 120 0.366667 1
Pkt 90 250 0.36 1
Rate:722.292
==========
==========38
4 0 2 24000
Node 72 56 22.8035
Pkt 44 120 0.366667 1
Pkt 87 240 0.3625 1
Node 58 44 10
Pkt 108 300 0.36 1
Pkt 116 320 0.3625 1
Node 41 35 17.4929
Pkt 288 800 0.36 1
Pkt 288 800 0.36 1
Node 35 61 18.6011
Pkt 72 200 0.36 1
Pkt 54 150 0.36 1
Rate:722.917
==========
==========39
4 0 2 24000
Node 38 40 15.6205
Pkt 87 240 0.3625 1
Pkt 36 100 0.36 1
Node 63 33 21.4009
Pkt 108 300 0.36 1
Pkt 173 480 0.360417 1
Node 43 42 10.6301
Pkt 288 800 0.36 1
Pkt 288 800 0.36 1
Node 51 44 6.08276
Pkt 70 192 0.364583 1
Pkt 36 100 0.36 1
Rate:721.875
==========
==========40
4 0 2 24000
Node 69 52 19.105
Pkt 90 250 0.36 1
Pkt 58 160 0.3625 1
Node 53 61 11.4018
Pkt 135 375 0.36 1
Pkt 116 320 0.3625 1
Node 29 39 23.7065
Pkt 288 800 0.36 1
Pkt 288 800 0.36 1
Node 33 39 20.2485
Pkt 36 100 0.36 1
Pkt 90 250 0.36 1
Rate:721.25
==========
==========41
4 0 2 24000
Node 51 68 18.0278
Pkt 44 120 0.366667 1
Pkt 45 125 0.36 1
Node 59 37 15.8114
Pkt 144 400 0.36 1
Pkt 135 375 0.36 1
Node 32 40 20.5913
Pkt 288 800 0.36 1
Pkt 288 800 0.36 1
Node 68 29 27.6586
Pkt 54 150 0.36 1
Pkt 58 160 0.3625 1
Rate:722.292
==========
==========42
4 0 2 24000
Node 33 29 27.0185
Pkt 58 160 0.3625 1
Pkt 54 150 0.36 1
Node 32 32 25.4558
Pkt 135 375 0.36 1
Pkt 108 300 0.36 1
Node 55 72 22.561
Pkt 288 800 0.36 1
Pkt 270 750 0.36 1
Node 30 30 28.2843
Pkt 70 192 0.364583 1
Pkt 70 192 0.364583 1
Rate:722.917
==========
==========43
4 0 2 24000
Node 69 36 23.6008
Pkt 36 100 0.36 1
Pkt 87 240 0.3625 1
Node 25 64 28.6531
Pkt 135 375 0.36 1
Pkt 108 300 0.36 1
Node 43 59 11.4018
Pkt 270 750 0.36 1
Pkt 288 800 0.36 1
Node 62 36 18.4391
Pkt 58 160 0.3625 1
Pkt 58 160 0.3625 1
Rate:721.875
==========
==========44
4 0 2 24000
Node 43 70 21.1896
Pkt 36 100 0.36 1
Pkt 87 240 0.3625 1
Node 65 59 17.4929
Pkt 116 320 0.3625 1
Pkt 144 400 0.36 1
Node 71 44 21.8403
Pkt 288 800 0.36 1
Pkt 288 800 0.36 1
Node 27 41 24.6982
Pkt 72 200 0.36 1
Pkt 70 192 0.364583 1
Rate:722.396
==========
==========45
4 0 2 24000
Node 56 65 16.1555
Pkt 58 160 0.3625 1
Pkt 44 120 0.366667 1
Node 62 36 18.4391
Pkt 144 400 0.36 1
Pkt 173 480 0.360417 1
Node 70 28 29.7321
Pkt 270 750 0.36 1
Pkt 288 800 0.36 1
Node 33 26 29.4109
Pkt 70 192 0.364583 1
Pkt 36 100 0.36 1
Rate:723.542
==========
==========46
4 0 2 24000
Node 68 72 28.4253
Pkt 90 250 0.36 1
Pkt 36 100 0.36 1
Node 40 49 10.0499
Pkt 144 400 0.36 1
Pkt 173 480 0.360417 1
Node 56 39 12.53
Pkt 288 800 0.36 1
Pkt 270 750 0.36 1
Node 61 32 21.095
Pkt 58 160 0.3625 1
Pkt 58 160 0.3625 1
Rate:721.354
==========
==========47
4 0 2 24000
Node 62 25 27.7308
Pkt 72 200 0.36 1
Pkt 58 160 0.3625 1
Node 31 38 22.4722
Pkt 173 480 0.360417 1
Pkt 135 375 0.36 1
Node 47 64 14.3178
Pkt 270 750 0.36 1
Pkt 288 800 0.36 1
Node 42 38 14.4222
Pkt 45 125 0.36 1
Pkt 58 160 0.3625 1
Rate:721.354
==========
==========48
4 0 2 24000
Node 72 45 22.561
Pkt 54 150 0.36 1
Pkt 72 200 0.36 1
Node 45 26 24.5153
Pkt 144 400 0.36 1
Pkt 116 320 0.3625 1
Node 58 29 22.4722
Pkt 288 800 0.36 1
Pkt 270 750 0.36 1
Node 60 42 12.8062
Pkt 72 200 0.36 1
Pkt 72 200 0.36 1
Rate:720.625
==========
==========49
4 0 2 24000
Node 34 59 18.3576
Pkt 45 125 0.36 1
Pkt 36 100 0.36 1
Node 52 52 2.82843
Pkt 108 300 0.36 1
Pkt 144 400 0.36 1
Node 27 68 29.2062
Pkt 288 800 0.36 1
Pkt 270 750 0.36 1
Node 59 71 22.8473
Pkt 54 150 0.36 1
Pkt 58 160 0.3625 1
Rate:720.625
==========
==========50
4 0 2 24000
Node 37 64 19.105
Pkt 70 192 0.364583 1
Pkt 54 150 0.36 1
Node 58 64 16.1245
Pkt 116 320 0.3625 1
Pkt 173 480 0.360417 1
Node 71 71 29.6985
Pkt 288 800 0.36 1
Pkt 288 800 0.36 1
Node 28 45 22.561
Pkt 45 125 0.36 1
Pkt 36 100 0.36 1
Rate:721.875
==========
==========51
4 0 2 24000
Node 41 34 18.3576
Pkt 58 160 0.3625 1
Pkt 90 250 0.36 1
Node 65 62 19.2094
Pkt 108 300 0.36 1
Pkt 144 400 0.36 1
Node 40 65 18.0278
Pkt 288 800 0.36 1
Pkt 288 800 0.36 1
Node 28 67 27.8029
Pkt 90 250 0.36 1
Pkt 87 240 0.3625 1
Rate:721.25
==========
==========52
4 0 2 24000
Node 42 28 23.4094
Pkt 44 120 0.366667 1
Pkt 44 120 0.366667 1
Node 46 32 18.4391
Pkt 135 375 0.36 1
Pkt 116 320 0.3625 1
Node 53 62 12.3693
Pkt 270 750 0.36 1
Pkt 288 800 0.36 1
Node 63 68 22.2036
Pkt 90 250 0.36 1
Pkt 90 250 0.36 1
Rate:723.958
==========
==========53
4 0 2 24000
Node 30 54 20.3961
Pkt 90 250 0.36 1
Pkt 70 192 0.364583 1
Node 64 35 20.5183
Pkt 108 300 0.36 1
Pkt 108 300 0.36 1
Node 41 59 12.7279
Pkt 270 750 0.36 1
Pkt 270 750 0.36 1
Node 49 42 8.06226
Pkt 54 150 0.36 1
Pkt 72 200 0.36 1
Rate:721.146
==========
==========54
4 0 2 24000
Node 63 50 13
Pkt 87 240 0.3625 1
Pkt 90 250 0.36 1
Node 28 28 31.1127
Pkt 144 400 0.36 1
Pkt 144 400 0.36 1
Node 36 51 14.0357
Pkt 270 750 0.36 1
Pkt 288 800 0.36 1
Node 28 61 24.5967
Pkt 58 160 0.3625 1
Pkt 45 125 0.36 1
Rate:721.25
==========
==========55
4 0 2 24000
Node 50 66 16
Pkt 36 100 0.36 1
Pkt 44 120 0.366667 1
Node 45 49 5.09902
Pkt 144 400 0.36 1
Pkt 108 300 0.36 1
Node 43 63 14.7648
Pkt 288 800 0.36 1
Pkt 288 800 0.36 1
Node 66 26 28.8444
Pkt 72 200 0.36 1
Pkt 45 125 0.36 1
Rate:721.667
==========
==========56
4 0 2 24000
Node 74 74 33.9411
Pkt 70 192 0.364583 1
Pkt 58 160 0.3625 1
Node 43 57 9.89949
Pkt 173 480 0.360417 1
Pkt 144 400 0.36 1
Node 52 50 2
Pkt 288 800 0.36 1
Pkt 270 750 0.36 1
Node 63 48 13.1529
Pkt 87 240 0.3625 1
Pkt 70 192 0.364583 1
Rate:723.646
==========
==========57
4 0 2 24000
Node 53 57 7.61577
Pkt 58 160 0.3625 1
Pkt 87 240 0.3625 1
Node 32 28 28.4253
Pkt 108 300 0.36 1
Pkt 116 320 0.3625 1
Node 48 42 8.24621
Pkt 288 800 0.36 1
Pkt 288 800 0.36 1
Node 39 47 11.4018
Pkt 70 192 0.364583 1
Pkt 87 240 0.3625 1
Rate:723.646
==========
==========58
4 0 2 24000
Node 50 31 19
Pkt 72 200 0.36 1
Pkt 54 150 0.36 1
Node 63 70 23.8537
Pkt 116 320 0.3625 1
Pkt 173 480 0.360417 1
Node 57 34 17.4642
Pkt 288 800 0.36 1
Pkt 288 800 0.36 1
Node 48 38 12.1655
Pkt 45 125 0.36 1
Pkt 70 192 0.364583 1
Rate:721.875
==========
==========59
4 0 2 24000
Node 65 70 25
Pkt 45 125 0.36 1
Pkt 72 200 0.36 1
Node 41 68 20.1246
Pkt 173 480 0.360417 1
Pkt 116 320 0.3625 1
Node 29 46 21.3776
Pkt 270 750 0.36 1
Pkt 288 800 0.36 1
Node 56 56 8.48528
Pkt 45 125 0.36 1
Pkt 44 120 0.366667 1
Rate:722.396
==========
==========60
4 0 2 24000
Node 32 34 24.0832
Pkt 36 100 0.36 1
Pkt 70 192 0.364583 1
Node 47 54 5
Pkt 144 400 0.36 1
Pkt 116 320 0.3625 1
Node 47 49 3.16228
Pkt 270 750 0.36 1
Pkt 270 750 0.36 1
Node 74 68 30
Pkt 36 100 0.36 1
Pkt 72 200 0.36 1
Rate:721.771
==========
==========61
4 0 2 24000
Node 61 60 14.8661
Pkt 54 150 0.36 1
Pkt 58 160 0.3625 1
Node 28 58 23.4094
Pkt 173 480 0.360417 1
Pkt 144 400 0.36 1
Node 47 35 15.2971
Pkt 288 800 0.36 1
Pkt 270 750 0.36 1
Node 60 54 10.7703
Pkt 45 125 0.36 1
Pkt 44 120 0.366667 1
Rate:722.396
==========
==========62
4 0 2 24000
Node 37 55 13.9284
Pkt 72 200 0.36 1
Pkt 90 250 0.36 1
Node 71 45 21.587
Pkt 144 400 0.36 1
Pkt 116 320 0.3625 1
Node 52 46 4.47214
Pkt 288 800 0.36 1
Pkt 270 750 0.36 1
Node 34 63 20.6155
Pkt 70 192 0.364583 1
Pkt 58 160 0.3625 1
Rate:722.396
==========
==========63
4 0 2 24000
Node 28 28 31.1127
Pkt 72 200 0.36 1
Pkt 87 240 0.3625 1
Node 33 51 17.0294
Pkt 144 400 0.36 1
Pkt 116 320 0.3625 1
Node 30 70 28.2843
Pkt 288 800 0.36 1
Pkt 288 800 0.36 1
Node 54 34 16.4924
Pkt 45 125 0.36 1
Pkt 90 250 0.36 1
Rate:721.25
==========
==========64
4 0 2 24000
Node 44 66 17.088
Pkt 36 100 0.36 1
Pkt 72 200 0.36 1
Node 67 48 17.1172
Pkt 173 480 0.360417 1
Pkt 144 400 0.36 1
Node 50 37 13
Pkt 288 800 0.36 1
Pkt 288 800 0.36 1
Node 32 57 19.3132
Pkt 90 250 0.36 1
Pkt 44 120 0.366667 1
Rate:721.771
==========
==========65
4 0 2 24000
Node 72 66 27.2029
Pkt 36 100 0.36 1
Pkt 54 150 0.36 1
Node 48 69 19.105
Pkt 108 300 0.36 1
Pkt 135 375 0.36 1
Node 67 42 18.7883
Pkt 270 750 0.36 1
Pkt 270 750 0.36 1
Node 43 26 25
Pkt 58 160 0.3625 1
Pkt 44 120 0.366667 1
Rate:722.292
==========
==========66
4 0 2 24000
Node 60 53 10.4403
Pkt 87 240 0.3625 1
Pkt 36 100 0.36 1
Node 29 51 21.0238
Pkt 144 400 0.36 1
Pkt 135 375 0.36 1
Node 58 57 10.6301
Pkt 270 750 0.36 1
Pkt 288 800 0.36 1
Node 28 60 24.1661
Pkt 36 100 0.36 1
Pkt 54 150 0.36 1
Rate:720.625
==========
==========67
4 0 2 24000
Node 34 68 24.0832
Pkt 44 120 0.366667 1
Pkt 45 125 0.36 1
Node 52 25 25.0799
Pkt 144 400 0.36 1
Pkt 108 300 0.36 1
Node 62 54 12.6491
Pkt 288 800 0.36 1
Pkt 270 750 0.36 1
Node 55 27 23.5372
Pkt 44 120 0.366667 1
Pkt 87 240 0.3625 1
Rate:723.958
==========
==========68
4 0 2 24000
Node 50 73 23
Pkt 87 240 0.3625 1
Pkt 45 125 0.36 1
Node 40 61 14.8661
Pkt 116 320 0.3625 1
Pkt 108 300 0.36 1
Node 32 28 28.4253
Pkt 270 750 0.36 1
Pkt 270 750 0.36 1
Node 38 41 15
Pkt 58 160 0.3625 1
Pkt 58 160 0.3625 1
Rate:722.5
==========
==========69
4 0 2 24000
Node 72 55 22.561
Pkt 44 120 0.366667 1
Pkt 87 240 0.3625 1
Node 25 39 27.313
Pkt 108 300 0.36 1
Pkt 144 400 0.36 1
Node 40 61 14.8661
Pkt 288 800 0.36 1
Pkt 288 800 0.36 1
Node 68 58 19.6977
Pkt 54 150 0.36 1
Pkt 70 192 0.364583 1
Rate:723.438
==========
==========70
4 0 2 24000
Node 40 29 23.2594
Pkt 70 192 0.364583 1
Pkt 90 250 0.36 1
Node 51 28 22.0227
Pkt 173 480 0.360417 1
Pkt 135 375 0.36 1
Node 39 32 21.095
Pkt 270 750 0.36 1
Pkt 288 800 0.36 1
Node 66 34 22.6274
Pkt 70 192 0.364583 1
Pkt 70 192 0.364583 1
Rate:723.542
==========
==========71
4 0 2 24000
Node 66 43 17.4642
Pkt 36 100 0.36 1
Pkt 70 192 0.364583 1
Node 59 37 15.8114
Pkt 108 300 0.36 1
Pkt 108 300 0.36 1
Node 28 63 25.5539
Pkt 270 750 0.36 1
Pkt 270 750 0.36 1
Node 28 63 25.5539
Pkt 36 100 0.36 1
Pkt 45 125 0.36 1
Rate:721.146
==========
==========72
4 0 2 24000
Node 48 26 24.0832
Pkt 44 120 0.366667 1
Pkt 58 160 0.3625 1
Node 26 49 24.0208
Pkt 116 320 0.3625 1
Pkt 173 480 0.360417 1
Node 52 54 4.47214
Pkt 288 800 0.36 1
Pkt 270 750 0.36 1
Node 55 49 5.09902
Pkt 87 240 0.3625 1
Pkt 36 100 0.36 1
Rate:723.646
==========
==========73
4 0 2 24000
Node 46 70 20.3961
Pkt 87 240 0.3625 1
Pkt 87 240 0.3625 1
Node 53 65 15.2971
Pkt 135 375 0.36 1
Pkt 173 480 0.360417 1
Node 33 34 23.3452
Pkt 288 800 0.36 1
Pkt 288 800 0.36 1
Node 54 40 10.7703
Pkt 58 160 0.3625 1
Pkt 87 240 0.3625 1
Rate:722.604
==========
==========74
4 0 2 24000
Node 60 35 18.0278
Pkt 87 240 0.3625 1
Pkt 36 100 0.36 1
Node 67 39 20.2485
Pkt 116 320 0.3625 1
Pkt 108 300 0.36 1
Node 58 59 12.0416
Pkt 288 800 0.36 1
Pkt 270 750 0.36 1
Node 61 50 11
Pkt 45 125 0.36 1
Pkt 45 125 0.36 1
Rate:721.25
==========
==========75
4 0 2 24000
Node 31 46 19.4165
Pkt 44 120 0.366667 1
Pkt 70 192 0.364583 1
Node 68 48 18.1108
Pkt 144 400 0.36 1
Pkt 108 300 0.36 1
Node 63 37 18.3848
Pkt 288 800 0.36 1
Pkt 270 750 0.36 1
Node 69 59 21.0238
Pkt 58 160 0.3625 1
Pkt 54 150 0.36 1
Rate:723.437
==========
==========76
4 0 2 24000
Node 60 47 10.4403
Pkt 45 125 0.36 1
Pkt 90 250 0.36 1
Node 39 43 13.0384
Pkt 108 300 0.36 1
Pkt 144 400 0.36 1
Node 63 32 22.2036
Pkt 288 800 0.36 1
Pkt 270 750 0.36 1
Node 36 59 16.6433
Pkt 87 240 0.3625 1
Pkt 90 250 0.36 1
Rate:720.625
==========
==========77
4 0 2 24000
Node 61 34 19.4165
Pkt 44 120 0.366667 1
Pkt 58 160 0.3625 1
Node 68 65 23.4307
Pkt 173 480 0.360417 1
Pkt 173 480 0.360417 1
Node 61 69 21.9545
Pkt 270 750 0.36 1
Pkt 270 750 0.36 1
Node 70 27 30.4795
Pkt 90 250 0.36 1
Pkt 36 100 0.36 1
Rate:722.5
==========
==========78
4 0 2 24000
Node 25 51 25.02
Pkt 58 160 0.3625 1
Pkt 70 192 0.364583 1
Node 51 38 12.0416
Pkt 144 400 0.36 1
Pkt 144 400 0.36 1
Node 73 49 23.0217
Pkt 270 750 0.36 1
Pkt 270 750 0.36 1
Node 48 41 9.21954
Pkt 87 240 0.3625 1
Pkt 70 192 0.364583 1
Rate:723.542
==========
==========79
4 0 2 24000
Node 47 68 18.2483
Pkt 54 150 0.36 1
Pkt 45 125 0.36 1
Node 42 40 12.8062
Pkt 108 300 0.36 1
Pkt 173 480 0.360417 1
Node 45 45 7.07107
Pkt 270 750 0.36 1
Pkt 270 750 0.36 1
Node 67 36 22.0227
Pkt 58 160 0.3625 1
Pkt 70 192 0.364583 1
Rate:721.875
==========
==========80
4 0 2 24000
Node 31 50 19
Pkt 44 120 0.366667 1
Pkt 87 240 0.3625 1
Node 25 63 28.178
Pkt 173 480 0.360417 1
Pkt 144 400 0.36 1
Node 41 31 21.0238
Pkt 288 800 0.36 1
Pkt 288 800 0.36 1
Node 40 47 10.4403
Pkt 90 250 0.36 1
Pkt 58 160 0.3625 1
Rate:723.021
==========
==========81
4 0 2 24000
Node 72 66 27.2029
Pkt 72 200 0.36 1
Pkt 44 120 0.366667 1
Node 67 47 17.2627
Pkt 173 480 0.360417 1
Pkt 108 300 0.36 1
Node 65 57 16.5529
Pkt 288 800 0.36 1
Pkt 288 800 0.36 1
Node 50 49 1
Pkt 44 120 0.366667 1
Pkt 58 160 0.3625 1
Rate:724.062
==========
==========82
4 0 2 24000
Node 47 40 10.4403
Pkt 45 125 0.36 1
Pkt 36 100 0.36 1
Node 33 72 27.8029
Pkt 116 320 0.3625 1
Pkt 135 375 0.36 1
Node 45 35 15.8114
Pkt 288 800 0.36 1
Pkt 288 800 0.36 1
Node 67 69 25.4951
Pkt 36 100 0.36 1
Pkt 44 120 0.366667 1
Rate:722.292
==========
==========83
4 0 2 24000
Node 58 41 12.0416
Pkt 44 120 0.366667 1
Pkt 58 160 0.3625 1
Node 51 26 24.0208
Pkt 135 375 0.36 1
Pkt 108 300 0.36 1
Node 43 62 13.8924
Pkt 270 750 0.36 1
Pkt 288 800 0.36 1
Node 55 53 5.83095
Pkt 87 240 0.3625 1
Pkt 70 192 0.364583 1
Rate:724.062
==========
==========84
4 0 2 24000
Node 31 66 24.8395
Pkt 70 192 0.364583 1
Pkt 54 150 0.36 1
Node 67 56 18.0278
Pkt 108 300 0.36 1
Pkt 116 320 0.3625 1
Node 32 53 18.2483
Pkt 270 750 0.36 1
Pkt 270 750 0.36 1
Node 25 68 30.8058
Pkt 45 125 0.36 1
Pkt 45 125 0.36 1
Rate:721.771
==========
==========85
4 0 2 24000
Node 36 33 22.0227
Pkt 36 100 0.36 1
Pkt 44 120 0.366667 1
Node 70 53 20.2237
Pkt 108 300 0.36 1
Pkt 144 400 0.36 1
Node 49 40 10.0499
Pkt 270 750 0.36 1
Pkt 288 800 0.36 1
Node 67 34 23.3452
Pkt 36 100 0.36 1
Pkt 58 160 0.3625 1
Rate:722.292
==========
==========86
4 0 2 24000
Node 50 62 12
Pkt 54 150 0.36 1
Pkt 90 250 0.36 1
Node 28 57 23.0868
Pkt 135 375 0.36 1
Pkt 135 375 0.36 1
Node 73 42 24.3516
Pkt 288 800 0.36 1
Pkt 270 750 0.36 1
Node 65 35 21.2132
Pkt 90 250 0.36 1
Pkt 90 250 0.36 1
Rate:720
==========
==========87
4 0 2 24000
Node 51 32 18.0278
Pkt 72 200 0.36 1
Pkt 44 120 0.366667 1
Node 72 55 22.561
Pkt 144 400 0.36 1
Pkt 135 375 0.36 1
Node 52 34 16.1245
Pkt 270 750 0.36 1
Pkt 270 750 0.36 1
Node 40 59 13.4536
Pkt 54 150 0.36 1
Pkt 58 160 0.3625 1
Rate:722.292
==========
==========88
4 0 2 24000
Node 64 40 17.2047
Pkt 87 240 0.3625 1
Pkt 72 200 0.36 1
Node 65 54 15.5242
Pkt 173 480 0.360417 1
Pkt 108 300 0.36 1
Node 61 44 12.53
Pkt 270 750 0.36 1
Pkt 288 800 0.36 1
Node 49 45 5.09902
Pkt 36 100 0.36 1
Pkt 72 200 0.36 1
Rate:720.729
==========
==========89
4 0 2 24000
Node 42 26 25.2982
Pkt 90 250 0.36 1
Pkt 45 125 0.36 1
Node 63 66 20.6155
Pkt 144 400 0.36 1
Pkt 144 400 0.36 1
Node 50 46 4
Pkt 288 800 0.36 1
Pkt 270 750 0.36 1
Node 71 49 21.0238
Pkt 90 250 0.36 1
Pkt 72 200 0.36 1
Rate:720
==========
==========90
4 0 2 24000
Node 55 33 17.72
Pkt 58 160 0.3625 1
Pkt 44 120 0.366667 1
Node 52 48 2.82843
Pkt 108 300 0.36 1
Pkt 116 320 0.3625 1
Node 59 58 12.0416
Pkt 270 750 0.36 1
Pkt 270 750 0.36 1
Node 26 48 24.0832
Pkt 87 240 0.3625 1
Pkt 54 150 0.36 1
Rate:723.542
==========
==========91
4 0 2 24000
Node 25 60 26.9258
Pkt 70 192 0.364583 1
Pkt 58 160 0.3625 1
Node 64 37 19.105
Pkt 116 320 0.3625 1
Pkt 108 300 0.36 1
Node 69 32 26.1725
Pkt 288 800 0.36 1
Pkt 270 750 0.36 1
Node 47 61 11.4018
Pkt 36 100 0.36 1
Pkt 70 192 0.364583 1
Rate:723.542
==========
==========92
4 0 2 24000
Node 60 40 14.1421
Pkt 87 240 0.3625 1
Pkt 87 240 0.3625 1
Node 49 29 21.0238
Pkt 144 400 0.36 1
Pkt 108 300 0.36 1
Node 30 67 26.2488
Pkt 270 750 0.36 1
Pkt 288 800 0.36 1
Node 72 51 22.0227
Pkt 90 250 0.36 1
Pkt 44 120 0.366667 1
Rate:722.917
==========
==========93
4 0 2 24000
Node 64 52 14.1421
Pkt 58 160 0.3625 1
Pkt 36 100 0.36 1
Node 58 48 8.24621
Pkt 108 300 0.36 1
Pkt 173 480 0.360417 1
Node 68 74 30
Pkt 288 800 0.36 1
Pkt 270 750 0.36 1
Node 34 55 16.7631
Pkt 44 120 0.366667 1
Pkt 72 200 0.36 1
Rate:722.396
==========
==========94
4 0 2 24000
Node 26 60 26
Pkt 58 160 0.3625 1
Pkt 87 240 0.3625 1
Node 36 70 24.4131
Pkt 108 300 0.36 1
Pkt 135 375 0.36 1
Node 25 42 26.2488
Pkt 288 800 0.36 1
Pkt 270 750 0.36 1
Node 58 51 8.06226
Pkt 36 100 0.36 1
Pkt 90 250 0.36 1
Rate:721.25
==========
==========95
4 0 2 24000
Node 37 56 14.3178
Pkt 58 160 0.3625 1
Pkt 44 120 0.366667 1
Node 26 58 25.2982
Pkt 135 375 0.36 1
Pkt 135 375 0.36 1
Node 30 28 29.7321
Pkt 288 800 0.36 1
Pkt 270 750 0.36 1
Node 71 26 31.8904
Pkt 87 240 0.3625 1
Pkt 44 120 0.366667 1
Rate:724.583
==========
==========96
4 0 2 24000
Node 55 70 20.6155
Pkt 87 240 0.3625 1
Pkt 58 160 0.3625 1
Node 74 30 31.241
Pkt 116 320 0.3625 1
Pkt 135 375 0.36 1
Node 56 32 18.9737
Pkt 270 750 0.36 1
Pkt 270 750 0.36 1
Node 33 59 19.2354
Pkt 36 100 0.36 1
Pkt 54 150 0.36 1
Rate:721.875
==========
==========97
4 0 2 24000
Node 34 67 23.3452
Pkt 54 150 0.36 1
Pkt 72 200 0.36 1
Node 47 67 17.2627
Pkt 135 375 0.36 1
Pkt 108 300 0.36 1
Node 44 45 7.81025
Pkt 270 750 0.36 1
Pkt 270 750 0.36 1
Node 39 67 20.2485
Pkt 44 120 0.366667 1
Pkt 45 125 0.36 1
Rate:721.667
==========
==========98
4 0 2 24000
Node 29 30 29
Pkt 54 150 0.36 1
Pkt 72 200 0.36 1
Node 38 67 20.8087
Pkt 135 375 0.36 1
Pkt 173 480 0.360417 1
Node 65 74 28.3019
Pkt 288 800 0.36 1
Pkt 270 750 0.36 1
Node 60 25 26.9258
Pkt 90 250 0.36 1
Pkt 54 150 0.36 1
Rate:720.104
==========
==========99
