4 0 2 24000
Node 62 27 25.9422
Pkt 8 120 0.0666667 1
Pkt 9 150 0.06 1
Node 36 30 24.4131
Pkt 20 320 0.0625 1
Pkt 23 375 0.0613333 1
Node 73 49 23.0217
Pkt 45 750 0.06 1
Pkt 45 750 0.06 1
Node 55 48 5.38516
Pkt 15 240 0.0625 1
Pkt 12 200 0.06 1
Rate:123.25
==========
==========0
4 0 2 24000
Node 58 49 8.06226
Pkt 6 100 0.06 1
Pkt 12 200 0.06 1
Node 45 52 5.38516
Pkt 23 375 0.0613333 1
Pkt 20 320 0.0625 1
Node 39 40 14.8661
Pkt 45 750 0.06 1
Pkt 48 800 0.06 1
Node 57 37 14.7648
Pkt 12 200 0.06 1
Pkt 12 192 0.0625 1
Rate:121.583
==========
==========1
4 0 2 24000
Node 52 33 17.1172
Pkt 12 200 0.06 1
Pkt 8 120 0.0666667 1
Node 32 71 27.6586
Pkt 23 375 0.0613333 1
Pkt 18 300 0.06 1
Node 55 53 5.83095
Pkt 48 800 0.06 1
Pkt 48 800 0.06 1
Node 53 72 22.2036
Pkt 9 150 0.06 1
Pkt 12 200 0.06 1
Rate:122
==========
==========2
4 0 2 24000
Node 33 52 17.1172
Pkt 12 200 0.06 1
Pkt 15 240 0.0625 1
Node 67 58 18.7883
Pkt 20 320 0.0625 1
Pkt 24 400 0.06 1
Node 73 27 32.5269
Pkt 45 750 0.06 1
Pkt 45 750 0.06 1
Node 66 72 27.2029
Pkt 15 240 0.0625 1
Pkt 9 150 0.06 1
Rate:121.875
==========
==========3
4 0 2 24000
Node 60 41 13.4536
Pkt 6 100 0.06 1
Pkt 9 150 0.06 1
Node 61 32 21.095
Pkt 24 400 0.06 1
Pkt 29 480 0.0604167 1
Node 65 28 26.6271
Pkt 48 800 0.06 1
Pkt 45 750 0.06 1
Node 47 49 3.16228
Pkt 15 240 0.0625 1
Pkt 10 160 0.0625 1
Rate:121.354
==========
==========4
4 0 2 24000
Node 42 61 13.6015
Pkt 15 250 0.06 1
Pkt 15 250 0.06 1
Node 45 43 8.60233
Pkt 18 300 0.06 1
Pkt 20 320 0.0625 1
Node 74 30 31.241
Pkt 48 800 0.06 1
Pkt 45 750 0.06 1
Node 70 29 29
Pkt 6 100 0.06 1
Pkt 9 150 0.06 1
Rate:120.625
==========
==========5
4 0 2 24000
Node 45 25 25.4951
Pkt 12 192 0.0625 1
Pkt 8 120 0.0666667 1
Node 50 37 13
Pkt 24 400 0.06 1
Pkt 29 480 0.0604167 1
Node 65 70 25
Pkt 48 800 0.06 1
Pkt 48 800 0.06 1
Node 69 51 19.0263
Pkt 12 200 0.06 1
Pkt 15 240 0.0625 1
Rate:123.021
==========
==========6
4 0 2 24000
Node 46 30 20.3961
Pkt 6 100 0.06 1
Pkt 10 160 0.0625 1
Node 64 49 14.0357
Pkt 24 400 0.06 1
Pkt 23 375 0.0613333 1
Node 50 41 9
Pkt 45 750 0.06 1
Pkt 48 800 0.06 1
Node 36 47 14.3178
Pkt 8 125 0.064 1
Pkt 6 100 0.06 1
Rate:121.958
==========
==========7
4 0 2 24000
Node 36 27 26.9258
Pkt 8 120 0.0666667 1
Pkt 6 100 0.06 1
Node 44 42 10
Pkt 18 300 0.06 1
Pkt 24 400 0.06 1
Node 52 63 13.1529
Pkt 48 800 0.06 1
Pkt 45 750 0.06 1
Node 34 63 20.6155
Pkt 15 250 0.06 1
Pkt 8 125 0.064 1
Rate:122.667
==========
==========8
4 0 2 24000
Node 39 35 18.6011
Pkt 6 100 0.06 1
Pkt 12 200 0.06 1
Node 70 72 29.7321
Pkt 29 480 0.0604167 1
Pkt 20 320 0.0625 1
Node 49 56 6.08276
Pkt 45 750 0.06 1
Pkt 45 750 0.06 1
Node 27 25 33.9706
Pkt 10 160 0.0625 1
Pkt 15 250 0.06 1
Rate:121.354
==========
==========9
4 0 2 24000
Node 34 52 16.1245
Pkt 8 125 0.064 1
Pkt 12 200 0.06 1
Node 66 27 28.0179
Pkt 23 375 0.0613333 1
Pkt 29 480 0.0604167 1
Node 44 44 8.48528
Pkt 45 750 0.06 1
Pkt 45 750 0.06 1
Node 71 71 29.6985
Pkt 10 160 0.0625 1
Pkt 15 250 0.06 1
Rate:122.062
==========
==========10
4 0 2 24000
Node 67 55 17.72
Pkt 12 200 0.06 1
Pkt 15 250 0.06 1
Node 46 41 9.84886
Pkt 29 480 0.0604167 1
Pkt 29 480 0.0604167 1
Node 48 57 7.28011
Pkt 48 800 0.06 1
Pkt 48 800 0.06 1
Node 36 37 19.105
Pkt 12 200 0.06 1
Pkt 8 125 0.064 1
Rate:121.208
==========
==========11
4 0 2 24000
Node 68 61 21.095
Pkt 12 192 0.0625 1
Pkt 8 125 0.064 1
Node 67 61 20.2485
Pkt 24 400 0.06 1
Pkt 18 300 0.06 1
Node 58 67 18.7883
Pkt 48 800 0.06 1
Pkt 45 750 0.06 1
Node 61 67 20.2485
Pkt 15 250 0.06 1
Pkt 9 150 0.06 1
Rate:121.625
==========
==========12
4 0 2 24000
Node 45 49 5.09902
Pkt 15 250 0.06 1
Pkt 8 120 0.0666667 1
Node 31 31 26.8701
Pkt 18 300 0.06 1
Pkt 18 300 0.06 1
Node 69 46 19.4165
Pkt 45 750 0.06 1
Pkt 48 800 0.06 1
Node 70 67 26.2488
Pkt 15 240 0.0625 1
Pkt 15 240 0.0625 1
Rate:122.917
==========
==========13
4 0 2 24000
Node 45 33 17.72
Pkt 15 240 0.0625 1
Pkt 10 160 0.0625 1
Node 64 68 22.8035
Pkt 23 375 0.0613333 1
Pkt 24 400 0.06 1
Node 52 28 22.0907
Pkt 45 750 0.06 1
Pkt 45 750 0.06 1
Node 41 72 23.7697
Pkt 8 120 0.0666667 1
Pkt 8 125 0.064 1
Rate:124.25
==========
==========14
4 0 2 24000
Node 25 49 25.02
Pkt 12 192 0.0625 1
Pkt 9 150 0.06 1
Node 66 32 24.0832
Pkt 20 320 0.0625 1
Pkt 29 480 0.0604167 1
Node 30 33 26.2488
Pkt 45 750 0.06 1
Pkt 48 800 0.06 1
Node 35 38 19.2094
Pkt 12 192 0.0625 1
Pkt 6 100 0.06 1
Rate:121.979
==========
==========15
4 0 2 24000
Node 50 73 23
Pkt 12 200 0.06 1
Pkt 10 160 0.0625 1
Node 66 25 29.6816
Pkt 23 375 0.0613333 1
Pkt 24 400 0.06 1
Node 59 27 24.6982
Pkt 48 800 0.06 1
Pkt 48 800 0.06 1
Node 72 50 22
Pkt 12 200 0.06 1
Pkt 15 240 0.0625 1
Rate:121.583
==========
==========16
4 0 2 24000
Node 67 69 25.4951
Pkt 15 240 0.0625 1
Pkt 15 240 0.0625 1
Node 36 72 26.0768
Pkt 18 300 0.06 1
Pkt 18 300 0.06 1
Node 52 72 22.0907
Pkt 45 750 0.06 1
Pkt 48 800 0.06 1
Node 58 64 16.1245
Pkt 8 120 0.0666667 1
Pkt 12 200 0.06 1
Rate:122.917
==========
==========17
4 0 2 24000
Node 48 73 23.0868
Pkt 15 250 0.06 1
Pkt 8 120 0.0666667 1
Node 26 38 26.8328
Pkt 29 480 0.0604167 1
Pkt 18 300 0.06 1
Node 48 46 4.47214
Pkt 48 800 0.06 1
Pkt 45 750 0.06 1
Node 52 48 2.82843
Pkt 12 192 0.0625 1
Pkt 12 192 0.0625 1
Rate:123.021
==========
==========18
4 0 2 24000
Node 45 47 5.83095
Pkt 15 240 0.0625 1
Pkt 12 200 0.06 1
Node 70 46 20.3961
Pkt 29 480 0.0604167 1
Pkt 24 400 0.06 1
Node 50 30 20
Pkt 45 750 0.06 1
Pkt 45 750 0.06 1
Node 43 72 23.0868
Pkt 6 100 0.06 1
Pkt 15 240 0.0625 1
Rate:121.354
==========
==========19
4 0 2 24000
Node 51 64 14.0357
Pkt 15 250 0.06 1
Pkt 8 125 0.064 1
Node 62 44 13.4164
Pkt 23 375 0.0613333 1
Pkt 24 400 0.06 1
Node 35 32 23.4307
Pkt 45 750 0.06 1
Pkt 45 750 0.06 1
Node 53 57 7.61577
Pkt 12 192 0.0625 1
Pkt 15 240 0.0625 1
Rate:122.583
==========
==========20
4 0 2 24000
Node 32 67 24.7588
Pkt 12 200 0.06 1
Pkt 10 160 0.0625 1
Node 27 32 29.2062
Pkt 24 400 0.06 1
Pkt 18 300 0.06 1
Node 39 28 24.5967
Pkt 48 800 0.06 1
Pkt 45 750 0.06 1
Node 25 37 28.178
Pkt 8 125 0.064 1
Pkt 15 250 0.06 1
Rate:121.625
==========
==========21
4 0 2 24000
Node 34 61 19.4165
Pkt 8 125 0.064 1
Pkt 8 120 0.0666667 1
Node 66 71 26.4008
Pkt 23 375 0.0613333 1
Pkt 24 400 0.06 1
Node 63 71 24.6982
Pkt 48 800 0.06 1
Pkt 48 800 0.06 1
Node 47 52 3.60555
Pkt 9 150 0.06 1
Pkt 9 150 0.06 1
Rate:123
==========
==========22
4 0 2 24000
Node 44 73 23.7697
Pkt 10 160 0.0625 1
Pkt 6 100 0.06 1
Node 39 67 20.2485
Pkt 20 320 0.0625 1
Pkt 20 320 0.0625 1
Node 67 60 19.7231
Pkt 48 800 0.06 1
Pkt 48 800 0.06 1
Node 33 66 23.3452
Pkt 10 160 0.0625 1
Pkt 10 160 0.0625 1
Rate:123.125
==========
==========23
4 0 2 24000
Node 60 47 10.4403
Pkt 10 160 0.0625 1
Pkt 12 192 0.0625 1
Node 69 36 23.6008
Pkt 20 320 0.0625 1
Pkt 24 400 0.06 1
Node 68 71 27.6586
Pkt 45 750 0.06 1
Pkt 45 750 0.06 1
Node 71 47 21.2132
Pkt 9 150 0.06 1
Pkt 15 240 0.0625 1
Rate:122.5
==========
==========24
4 0 2 24000
Node 33 47 17.2627
Pkt 6 100 0.06 1
Pkt 15 250 0.06 1
Node 49 55 5.09902
Pkt 18 300 0.06 1
Pkt 24 400 0.06 1
Node 69 73 29.8329
Pkt 45 750 0.06 1
Pkt 45 750 0.06 1
Node 70 40 22.3607
Pkt 12 200 0.06 1
Pkt 6 100 0.06 1
Rate:120
==========
==========25
4 0 2 24000
Node 59 45 10.2956
Pkt 8 120 0.0666667 1
Pkt 12 200 0.06 1
Node 57 37 14.7648
Pkt 24 400 0.06 1
Pkt 18 300 0.06 1
Node 46 29 21.3776
Pkt 45 750 0.06 1
Pkt 48 800 0.06 1
Node 73 36 26.9258
Pkt 10 160 0.0625 1
Pkt 8 125 0.064 1
Rate:123.292
==========
==========26
4 0 2 24000
Node 48 72 22.0907
Pkt 8 120 0.0666667 1
Pkt 15 250 0.06 1
Node 73 59 24.6982
Pkt 24 400 0.06 1
Pkt 20 320 0.0625 1
Node 74 48 24.0832
Pkt 45 750 0.06 1
Pkt 45 750 0.06 1
Node 50 35 15
Pkt 8 120 0.0666667 1
Pkt 8 125 0.064 1
Rate:124.958
==========
==========27
4 0 2 24000
Node 69 33 25.4951
Pkt 12 192 0.0625 1
Pkt 15 250 0.06 1
Node 63 57 14.7648
Pkt 20 320 0.0625 1
Pkt 20 320 0.0625 1
Node 29 39 23.7065
Pkt 45 750 0.06 1
Pkt 48 800 0.06 1
Node 39 47 11.4018
Pkt 12 200 0.06 1
Pkt 12 192 0.0625 1
Rate:122.5
==========
==========28
4 0 2 24000
Node 54 30 20.3961
Pkt 9 150 0.06 1
Pkt 12 192 0.0625 1
Node 44 27 23.7697
Pkt 18 300 0.06 1
Pkt 18 300 0.06 1
Node 25 37 28.178
Pkt 48 800 0.06 1
Pkt 48 800 0.06 1
Node 56 61 12.53
Pkt 8 120 0.0666667 1
Pkt 12 200 0.06 1
Rate:122.292
==========
==========29
4 0 2 24000
Node 65 51 15.0333
Pkt 6 100 0.06 1
Pkt 10 160 0.0625 1
Node 25 31 31.4006
Pkt 23 375 0.0613333 1
Pkt 29 480 0.0604167 1
Node 68 33 24.7588
Pkt 48 800 0.06 1
Pkt 48 800 0.06 1
Node 63 53 13.3417
Pkt 6 100 0.06 1
Pkt 15 250 0.06 1
Rate:121.063
==========
==========30
4 0 2 24000
Node 71 35 25.807
Pkt 10 160 0.0625 1
Pkt 8 120 0.0666667 1
Node 74 65 28.3019
Pkt 18 300 0.06 1
Pkt 24 400 0.06 1
Node 33 33 24.0416
Pkt 45 750 0.06 1
Pkt 48 800 0.06 1
Node 67 46 17.4642
Pkt 15 250 0.06 1
Pkt 8 120 0.0666667 1
Rate:123.958
==========
==========31
4 0 2 24000
Node 55 61 12.083
Pkt 6 100 0.06 1
Pkt 8 120 0.0666667 1
Node 25 32 30.8058
Pkt 23 375 0.0613333 1
Pkt 23 375 0.0613333 1
Node 25 63 28.178
Pkt 45 750 0.06 1
Pkt 48 800 0.06 1
Node 61 32 21.095
Pkt 10 160 0.0625 1
Pkt 10 160 0.0625 1
Rate:123.583
==========
==========32
4 0 2 24000
Node 71 71 29.6985
Pkt 6 100 0.06 1
Pkt 8 120 0.0666667 1
Node 63 73 26.4197
Pkt 18 300 0.06 1
Pkt 29 480 0.0604167 1
Node 51 47 3.16228
Pkt 48 800 0.06 1
Pkt 48 800 0.06 1
Node 48 72 22.0907
Pkt 8 120 0.0666667 1
Pkt 12 200 0.06 1
Rate:123.437
==========
==========33
4 0 2 24000
Node 57 46 8.06226
Pkt 9 150 0.06 1
Pkt 8 120 0.0666667 1
Node 63 25 28.178
Pkt 29 480 0.0604167 1
Pkt 23 375 0.0613333 1
Node 33 46 17.4642
Pkt 45 750 0.06 1
Pkt 45 750 0.06 1
Node 73 30 30.4795
Pkt 12 200 0.06 1
Pkt 12 200 0.06 1
Rate:122.104
==========
==========34
4 0 2 24000
Node 53 30 20.2237
Pkt 6 100 0.06 1
Pkt 12 200 0.06 1
Node 32 48 18.1108
Pkt 24 400 0.06 1
Pkt 24 400 0.06 1
Node 43 67 18.3848
Pkt 48 800 0.06 1
Pkt 48 800 0.06 1
Node 70 36 24.4131
Pkt 10 160 0.0625 1
Pkt 8 120 0.0666667 1
Rate:122.292
==========
==========35
4 0 2 24000
Node 71 33 27.0185
Pkt 8 125 0.064 1
Pkt 15 250 0.06 1
Node 67 53 17.2627
Pkt 24 400 0.06 1
Pkt 24 400 0.06 1
Node 68 36 22.8035
Pkt 45 750 0.06 1
Pkt 48 800 0.06 1
Node 41 72 23.7697
Pkt 8 125 0.064 1
Pkt 12 192 0.0625 1
Rate:122.625
==========
==========36
4 0 2 24000
Node 66 60 18.868
Pkt 9 150 0.06 1
Pkt 6 100 0.06 1
Node 31 48 19.105
Pkt 29 480 0.0604167 1
Pkt 24 400 0.06 1
Node 39 35 18.6011
Pkt 45 750 0.06 1
Pkt 45 750 0.06 1
Node 30 27 30.4795
Pkt 10 160 0.0625 1
Pkt 8 125 0.064 1
Rate:121.729
==========
==========37
4 0 2 24000
Node 42 44 10
Pkt 6 100 0.06 1
Pkt 8 120 0.0666667 1
Node 60 52 10.198
Pkt 23 375 0.0613333 1
Pkt 29 480 0.0604167 1
Node 26 41 25.632
Pkt 48 800 0.06 1
Pkt 45 750 0.06 1
Node 53 36 14.3178
Pkt 8 125 0.064 1
Pkt 12 200 0.06 1
Rate:123.104
==========
==========38
4 0 2 24000
Node 28 64 26.0768
Pkt 15 250 0.06 1
Pkt 15 250 0.06 1
Node 30 29 29
Pkt 20 320 0.0625 1
Pkt 20 320 0.0625 1
Node 66 43 17.4642
Pkt 45 750 0.06 1
Pkt 48 800 0.06 1
Node 48 65 15.1327
Pkt 6 100 0.06 1
Pkt 15 250 0.06 1
Rate:121.25
==========
==========39
4 0 2 24000
Node 65 61 18.6011
Pkt 8 125 0.064 1
Pkt 8 120 0.0666667 1
Node 43 55 8.60233
Pkt 20 320 0.0625 1
Pkt 18 300 0.06 1
Node 47 43 7.61577
Pkt 45 750 0.06 1
Pkt 45 750 0.06 1
Node 66 31 24.8395
Pkt 9 150 0.06 1
Pkt 12 192 0.0625 1
Rate:123.917
==========
==========40
4 0 2 24000
Node 41 32 20.1246
Pkt 6 100 0.06 1
Pkt 12 192 0.0625 1
Node 52 46 4.47214
Pkt 29 480 0.0604167 1
Pkt 18 300 0.06 1
Node 31 65 24.2074
Pkt 45 750 0.06 1
Pkt 45 750 0.06 1
Node 46 71 21.3776
Pkt 15 250 0.06 1
Pkt 12 200 0.06 1
Rate:120.729
==========
==========41
4 0 2 24000
Node 52 49 2.23607
Pkt 15 250 0.06 1
Pkt 15 240 0.0625 1
Node 60 28 24.1661
Pkt 29 480 0.0604167 1
Pkt 20 320 0.0625 1
Node 47 39 11.4018
Pkt 45 750 0.06 1
Pkt 45 750 0.06 1
Node 72 54 22.3607
Pkt 6 100 0.06 1
Pkt 12 192 0.0625 1
Rate:121.979
==========
==========42
4 0 2 24000
Node 43 70 21.1896
Pkt 10 160 0.0625 1
Pkt 12 192 0.0625 1
Node 62 27 25.9422
Pkt 20 320 0.0625 1
Pkt 23 375 0.0613333 1
Node 45 65 15.8114
Pkt 48 800 0.06 1
Pkt 45 750 0.06 1
Node 63 64 19.105
Pkt 12 200 0.06 1
Pkt 12 200 0.06 1
Rate:122.208
==========
==========43
4 0 2 24000
Node 69 46 19.4165
Pkt 6 100 0.06 1
Pkt 10 160 0.0625 1
Node 49 28 22.0227
Pkt 29 480 0.0604167 1
Pkt 23 375 0.0613333 1
Node 69 72 29.0689
Pkt 48 800 0.06 1
Pkt 48 800 0.06 1
Node 56 42 10
Pkt 9 150 0.06 1
Pkt 6 100 0.06 1
Rate:121.063
==========
==========44
4 0 2 24000
Node 60 35 18.0278
Pkt 12 200 0.06 1
Pkt 8 120 0.0666667 1
Node 73 68 29.2062
Pkt 24 400 0.06 1
Pkt 24 400 0.06 1
Node 62 27 25.9422
Pkt 48 800 0.06 1
Pkt 48 800 0.06 1
Node 68 42 19.6977
Pkt 6 100 0.06 1
Pkt 8 120 0.0666667 1
Rate:123.333
==========
==========45
4 0 2 24000
Node 69 48 19.105
Pkt 15 240 0.0625 1
Pkt 6 100 0.06 1
Node 29 38 24.1868
Pkt 24 400 0.06 1
Pkt 23 375 0.0613333 1
Node 50 30 20
Pkt 48 800 0.06 1
Pkt 48 800 0.06 1
Node 27 59 24.6982
Pkt 9 150 0.06 1
Pkt 8 125 0.064 1
Rate:121.958
==========
==========46
4 0 2 24000
Node 28 66 27.2029
Pkt 10 160 0.0625 1
Pkt 10 160 0.0625 1
Node 71 54 21.3776
Pkt 24 400 0.06 1
Pkt 29 480 0.0604167 1
Node 73 68 29.2062
Pkt 48 800 0.06 1
Pkt 48 800 0.06 1
Node 53 41 9.48683
Pkt 15 250 0.06 1
Pkt 15 240 0.0625 1
Rate:121.979
==========
==========47
4 0 2 24000
Node 33 41 19.2354
Pkt 10 160 0.0625 1
Pkt 12 200 0.06 1
Node 66 71 26.4008
Pkt 18 300 0.06 1
Pkt 23 375 0.0613333 1
Node 70 33 26.2488
Pkt 45 750 0.06 1
Pkt 48 800 0.06 1
Node 28 73 31.8277
Pkt 6 100 0.06 1
Pkt 15 240 0.0625 1
Rate:121.583
==========
==========48
4 0 2 24000
Node 28 57 23.0868
Pkt 8 125 0.064 1
Pkt 9 150 0.06 1
Node 57 57 9.89949
Pkt 29 480 0.0604167 1
Pkt 23 375 0.0613333 1
Node 67 31 25.4951
Pkt 45 750 0.06 1
Pkt 48 800 0.06 1
Node 67 68 24.7588
Pkt 8 125 0.064 1
Pkt 10 160 0.0625 1
Rate:123.062
==========
==========49
4 0 2 24000
Node 47 61 11.4018
Pkt 6 100 0.06 1
Pkt 12 200 0.06 1
Node 49 38 12.0416
Pkt 24 400 0.06 1
Pkt 29 480 0.0604167 1
Node 41 35 17.4929
Pkt 48 800 0.06 1
Pkt 45 750 0.06 1
Node 66 35 21.9317
Pkt 12 200 0.06 1
Pkt 12 200 0.06 1
Rate:120.104
==========
==========50
4 0 2 24000
Node 36 62 18.4391
Pkt 15 240 0.0625 1
Pkt 10 160 0.0625 1
Node 71 43 22.1359
Pkt 20 320 0.0625 1
Pkt 24 400 0.06 1
Node 71 42 22.4722
Pkt 48 800 0.06 1
Pkt 48 800 0.06 1
Node 40 56 11.6619
Pkt 12 200 0.06 1
Pkt 15 240 0.0625 1
Rate:122.5
==========
==========51
4 0 2 24000
Node 65 53 15.2971
Pkt 10 160 0.0625 1
Pkt 12 200 0.06 1
Node 67 29 27.0185
Pkt 18 300 0.06 1
Pkt 24 400 0.06 1
Node 45 29 21.587
Pkt 48 800 0.06 1
Pkt 45 750 0.06 1
Node 58 53 8.544
Pkt 15 240 0.0625 1
Pkt 12 200 0.06 1
Rate:121.25
==========
==========52
4 0 2 24000
Node 59 49 9.05539
Pkt 12 192 0.0625 1
Pkt 12 200 0.06 1
Node 45 40 11.1803
Pkt 24 400 0.06 1
Pkt 18 300 0.06 1
Node 37 69 23.0217
Pkt 45 750 0.06 1
Pkt 45 750 0.06 1
Node 25 54 25.318
Pkt 10 160 0.0625 1
Pkt 15 240 0.0625 1
Rate:121.875
==========
==========53
4 0 2 24000
Node 31 27 29.8329
Pkt 8 125 0.064 1
Pkt 10 160 0.0625 1
Node 72 35 26.6271
Pkt 18 300 0.06 1
Pkt 20 320 0.0625 1
Node 63 55 13.9284
Pkt 48 800 0.06 1
Pkt 45 750 0.06 1
Node 28 72 31.1127
Pkt 8 120 0.0666667 1
Pkt 12 200 0.06 1
Rate:123.917
==========
==========54
4 0 2 24000
Node 64 66 21.2603
Pkt 8 125 0.064 1
Pkt 8 120 0.0666667 1
Node 41 37 15.8114
Pkt 29 480 0.0604167 1
Pkt 24 400 0.06 1
Node 43 42 10.6301
Pkt 48 800 0.06 1
Pkt 48 800 0.06 1
Node 29 30 29
Pkt 15 240 0.0625 1
Pkt 15 240 0.0625 1
Rate:124.021
==========
==========55
4 0 2 24000
Node 62 44 13.4164
Pkt 10 160 0.0625 1
Pkt 8 125 0.064 1
Node 62 38 16.9706
Pkt 24 400 0.06 1
Pkt 20 320 0.0625 1
Node 28 37 25.5539
Pkt 48 800 0.06 1
Pkt 45 750 0.06 1
Node 38 59 15
Pkt 15 250 0.06 1
Pkt 8 120 0.0666667 1
Rate:123.917
==========
==========56
4 0 2 24000
Node 40 63 16.4012
Pkt 12 200 0.06 1
Pkt 8 120 0.0666667 1
Node 53 37 13.3417
Pkt 29 480 0.0604167 1
Pkt 24 400 0.06 1
Node 72 32 28.4253
Pkt 45 750 0.06 1
Pkt 45 750 0.06 1
Node 46 50 4
Pkt 8 120 0.0666667 1
Pkt 12 192 0.0625 1
Rate:124.062
==========
==========57
4 0 2 24000
Node 30 72 29.7321
Pkt 12 200 0.06 1
Pkt 6 100 0.06 1
Node 43 62 13.8924
Pkt 20 320 0.0625 1
Pkt 24 400 0.06 1
Node 41 49 9.05539
Pkt 45 750 0.06 1
Pkt 48 800 0.06 1
Node 66 55 16.7631
Pkt 12 192 0.0625 1
Pkt 15 240 0.0625 1
Rate:121.875
==========
==========58
4 0 2 24000
Node 43 50 7
Pkt 8 120 0.0666667 1
Pkt 15 250 0.06 1
Node 38 48 12.1655
Pkt 23 375 0.0613333 1
Pkt 29 480 0.0604167 1
Node 71 58 22.4722
Pkt 45 750 0.06 1
Pkt 48 800 0.06 1
Node 70 38 23.3238
Pkt 12 192 0.0625 1
Pkt 12 192 0.0625 1
Rate:123.354
==========
==========59
4 0 2 24000
Node 70 71 29
Pkt 10 160 0.0625 1
Pkt 15 240 0.0625 1
Node 73 53 23.1948
Pkt 29 480 0.0604167 1
Pkt 20 320 0.0625 1
Node 35 66 21.9317
Pkt 48 800 0.06 1
Pkt 45 750 0.06 1
Node 64 35 20.5183
Pkt 15 240 0.0625 1
Pkt 6 100 0.06 1
Rate:122.604
==========
==========60
4 0 2 24000
Node 68 34 24.0832
Pkt 9 150 0.06 1
Pkt 6 100 0.06 1
Node 57 49 7.07107
Pkt 18 300 0.06 1
Pkt 29 480 0.0604167 1
Node 32 36 22.8035
Pkt 48 800 0.06 1
Pkt 48 800 0.06 1
Node 50 30 20
Pkt 9 150 0.06 1
Pkt 9 150 0.06 1
Rate:120.104
==========
==========61
4 0 2 24000
Node 51 37 13.0384
Pkt 10 160 0.0625 1
Pkt 10 160 0.0625 1
Node 71 60 23.2594
Pkt 20 320 0.0625 1
Pkt 24 400 0.06 1
Node 53 50 3
Pkt 48 800 0.06 1
Pkt 48 800 0.06 1
Node 47 39 11.4018
Pkt 12 200 0.06 1
Pkt 12 200 0.06 1
Rate:121.875
==========
==========62
4 0 2 24000
Node 53 49 3.16228
Pkt 15 250 0.06 1
Pkt 15 240 0.0625 1
Node 32 61 21.095
Pkt 18 300 0.06 1
Pkt 20 320 0.0625 1
Node 35 32 23.4307
Pkt 48 800 0.06 1
Pkt 48 800 0.06 1
Node 68 25 30.8058
Pkt 8 125 0.064 1
Pkt 6 100 0.06 1
Rate:122.25
==========
==========63
4 0 2 24000
Node 65 25 29.1548
Pkt 10 160 0.0625 1
Pkt 8 125 0.064 1
Node 58 53 8.544
Pkt 29 480 0.0604167 1
Pkt 24 400 0.06 1
Node 48 58 8.24621
Pkt 48 800 0.06 1
Pkt 45 750 0.06 1
Node 36 47 14.3178
Pkt 9 150 0.06 1
Pkt 12 200 0.06 1
Rate:121.729
==========
==========64
4 0 2 24000
Node 71 36 25.2389
Pkt 12 200 0.06 1
Pkt 15 240 0.0625 1
Node 26 34 28.8444
Pkt 18 300 0.06 1
Pkt 24 400 0.06 1
Node 67 31 25.4951
Pkt 45 750 0.06 1
Pkt 48 800 0.06 1
Node 32 40 20.5913
Pkt 12 200 0.06 1
Pkt 12 200 0.06 1
Rate:120.625
==========
==========65
4 0 2 24000
Node 43 52 7.28011
Pkt 12 192 0.0625 1
Pkt 10 160 0.0625 1
Node 40 45 11.1803
Pkt 20 320 0.0625 1
Pkt 23 375 0.0613333 1
Node 64 32 22.8035
Pkt 48 800 0.06 1
Pkt 45 750 0.06 1
Node 25 70 32.0156
Pkt 9 150 0.06 1
Pkt 8 120 0.0666667 1
Rate:123.875
==========
==========66
4 0 2 24000
Node 72 65 26.6271
Pkt 9 150 0.06 1
Pkt 6 100 0.06 1
Node 37 38 17.6918
Pkt 29 480 0.0604167 1
Pkt 29 480 0.0604167 1
Node 64 62 18.4391
Pkt 48 800 0.06 1
Pkt 45 750 0.06 1
Node 34 41 18.3576
Pkt 15 250 0.06 1
Pkt 15 240 0.0625 1
Rate:120.833
==========
==========67
4 0 2 24000
Node 65 28 26.6271
Pkt 8 120 0.0666667 1
Pkt 8 125 0.064 1
Node 43 26 25
Pkt 29 480 0.0604167 1
Pkt 24 400 0.06 1
Node 34 70 25.6125
Pkt 48 800 0.06 1
Pkt 45 750 0.06 1
Node 25 48 25.0799
Pkt 10 160 0.0625 1
Pkt 15 240 0.0625 1
Rate:124.021
==========
==========68
4 0 2 24000
Node 60 49 10.0499
Pkt 10 160 0.0625 1
Pkt 15 240 0.0625 1
Node 74 72 32.5576
Pkt 24 400 0.06 1
Pkt 29 480 0.0604167 1
Node 63 45 13.9284
Pkt 48 800 0.06 1
Pkt 48 800 0.06 1
Node 39 64 17.8045
Pkt 9 150 0.06 1
Pkt 8 120 0.0666667 1
Rate:123.021
==========
==========69
4 0 2 24000
Node 43 57 9.89949
Pkt 6 100 0.06 1
Pkt 8 125 0.064 1
Node 74 66 28.8444
Pkt 24 400 0.06 1
Pkt 23 375 0.0613333 1
Node 43 68 19.3132
Pkt 45 750 0.06 1
Pkt 48 800 0.06 1
Node 37 58 15.2643
Pkt 12 200 0.06 1
Pkt 9 150 0.06 1
Rate:121.333
==========
==========70
4 0 2 24000
Node 43 57 9.89949
Pkt 15 240 0.0625 1
Pkt 15 240 0.0625 1
Node 65 44 16.1555
Pkt 20 320 0.0625 1
Pkt 20 320 0.0625 1
Node 69 51 19.0263
Pkt 45 750 0.06 1
Pkt 45 750 0.06 1
Node 71 58 22.4722
Pkt 15 240 0.0625 1
Pkt 6 100 0.06 1
Rate:123.125
==========
==========71
4 0 2 24000
Node 38 45 13
Pkt 8 120 0.0666667 1
Pkt 8 120 0.0666667 1
Node 43 35 16.5529
Pkt 18 300 0.06 1
Pkt 23 375 0.0613333 1
Node 36 63 19.105
Pkt 45 750 0.06 1
Pkt 48 800 0.06 1
Node 46 64 14.5602
Pkt 8 125 0.064 1
Pkt 10 160 0.0625 1
Rate:125.292
==========
==========72
4 0 2 24000
Node 31 51 19.0263
Pkt 15 240 0.0625 1
Pkt 12 200 0.06 1
Node 45 65 15.8114
Pkt 29 480 0.0604167 1
Pkt 18 300 0.06 1
Node 68 56 18.9737
Pkt 45 750 0.06 1
Pkt 48 800 0.06 1
Node 57 64 15.6525
Pkt 12 200 0.06 1
Pkt 15 250 0.06 1
Rate:120.729
==========
==========73
4 0 2 24000
Node 34 62 20
Pkt 15 240 0.0625 1
Pkt 15 250 0.06 1
Node 47 58 8.544
Pkt 20 320 0.0625 1
Pkt 29 480 0.0604167 1
Node 72 45 22.561
Pkt 48 800 0.06 1
Pkt 45 750 0.06 1
Node 70 47 20.2237
Pkt 8 120 0.0666667 1
Pkt 9 150 0.06 1
Rate:123.021
==========
==========74
4 0 2 24000
Node 59 33 19.2354
Pkt 6 100 0.06 1
Pkt 8 125 0.064 1
Node 58 50 8
Pkt 29 480 0.0604167 1
Pkt 20 320 0.0625 1
Node 62 28 25.0599
Pkt 48 800 0.06 1
Pkt 48 800 0.06 1
Node 28 52 22.0907
Pkt 15 240 0.0625 1
Pkt 15 250 0.06 1
Rate:122.354
==========
==========75
4 0 2 24000
Node 66 66 22.6274
Pkt 10 160 0.0625 1
Pkt 15 240 0.0625 1
Node 51 33 17.0294
Pkt 18 300 0.06 1
Pkt 23 375 0.0613333 1
Node 66 52 16.1245
Pkt 48 800 0.06 1
Pkt 45 750 0.06 1
Node 51 30 20.025
Pkt 6 100 0.06 1
Pkt 12 200 0.06 1
Rate:121.583
==========
==========76
4 0 2 24000
Node 53 40 10.4403
Pkt 8 125 0.064 1
Pkt 6 100 0.06 1
Node 58 65 17
Pkt 18 300 0.06 1
Pkt 20 320 0.0625 1
Node 38 62 16.9706
Pkt 48 800 0.06 1
Pkt 45 750 0.06 1
Node 36 33 22.0227
Pkt 6 100 0.06 1
Pkt 6 100 0.06 1
Rate:121.625
==========
==========77
4 0 2 24000
Node 71 51 21.0238
Pkt 10 160 0.0625 1
Pkt 8 120 0.0666667 1
Node 37 61 17.0294
Pkt 20 320 0.0625 1
Pkt 23 375 0.0613333 1
Node 27 52 23.0868
Pkt 45 750 0.06 1
Pkt 45 750 0.06 1
Node 47 59 9.48683
Pkt 12 200 0.06 1
Pkt 12 192 0.0625 1
Rate:123.875
==========
==========78
4 0 2 24000
Node 51 68 18.0278
Pkt 8 125 0.064 1
Pkt 15 240 0.0625 1
Node 66 29 26.4008
Pkt 24 400 0.06 1
Pkt 18 300 0.06 1
Node 69 31 26.8701
Pkt 45 750 0.06 1
Pkt 48 800 0.06 1
Node 61 65 18.6011
Pkt 6 100 0.06 1
Pkt 10 160 0.0625 1
Rate:122.25
==========
==========79
4 0 2 24000
Node 57 61 13.0384
Pkt 10 160 0.0625 1
Pkt 15 240 0.0625 1
Node 61 60 14.8661
Pkt 24 400 0.06 1
Pkt 24 400 0.06 1
Node 41 40 13.4536
Pkt 48 800 0.06 1
Pkt 48 800 0.06 1
Node 26 70 31.241
Pkt 12 200 0.06 1
Pkt 12 200 0.06 1
Rate:121.25
==========
==========80
4 0 2 24000
Node 56 26 24.7386
Pkt 8 125 0.064 1
Pkt 15 240 0.0625 1
Node 69 36 23.6008
Pkt 20 320 0.0625 1
Pkt 18 300 0.06 1
Node 58 57 10.6301
Pkt 48 800 0.06 1
Pkt 45 750 0.06 1
Node 38 61 16.2788
Pkt 8 120 0.0666667 1
Pkt 6 100 0.06 1
Rate:123.917
==========
==========81
4 0 2 24000
Node 61 45 12.083
Pkt 6 100 0.06 1
Pkt 8 120 0.0666667 1
Node 55 42 9.43398
Pkt 18 300 0.06 1
Pkt 18 300 0.06 1
Node 69 73 29.8329
Pkt 48 800 0.06 1
Pkt 48 800 0.06 1
Node 54 64 14.5602
Pkt 12 192 0.0625 1
Pkt 12 200 0.06 1
Rate:122.292
==========
==========82
4 0 2 24000
Node 74 59 25.632
Pkt 8 120 0.0666667 1
Pkt 12 200 0.06 1
Node 44 64 15.2315
Pkt 20 320 0.0625 1
Pkt 29 480 0.0604167 1
Node 63 35 19.8494
Pkt 48 800 0.06 1
Pkt 45 750 0.06 1
Node 43 73 24.0416
Pkt 15 250 0.06 1
Pkt 12 192 0.0625 1
Rate:123.021
==========
==========83
4 0 2 24000
Node 27 52 23.0868
Pkt 6 100 0.06 1
Pkt 9 150 0.06 1
Node 45 58 9.43398
Pkt 24 400 0.06 1
Pkt 24 400 0.06 1
Node 71 33 27.0185
Pkt 45 750 0.06 1
Pkt 45 750 0.06 1
Node 33 35 22.6716
Pkt 8 120 0.0666667 1
Pkt 12 200 0.06 1
Rate:121.667
==========
==========84
4 0 2 24000
Node 38 55 13
Pkt 6 100 0.06 1
Pkt 15 250 0.06 1
Node 59 26 25.632
Pkt 18 300 0.06 1
Pkt 18 300 0.06 1
Node 62 34 20
Pkt 48 800 0.06 1
Pkt 48 800 0.06 1
Node 29 26 31.8904
Pkt 9 150 0.06 1
Pkt 15 250 0.06 1
Rate:120
==========
==========85
4 0 2 24000
Node 27 54 23.3452
Pkt 12 192 0.0625 1
Pkt 10 160 0.0625 1
Node 74 26 33.9411
Pkt 23 375 0.0613333 1
Pkt 29 480 0.0604167 1
Node 54 72 22.3607
Pkt 45 750 0.06 1
Pkt 45 750 0.06 1
Node 55 34 16.7631
Pkt 12 192 0.0625 1
Pkt 8 120 0.0666667 1
Rate:123.979
==========
==========86
4 0 2 24000
Node 56 55 7.81025
Pkt 15 250 0.06 1
Pkt 6 100 0.06 1
Node 36 72 26.0768
Pkt 18 300 0.06 1
Pkt 18 300 0.06 1
Node 35 25 29.1548
Pkt 48 800 0.06 1
Pkt 45 750 0.06 1
Node 49 31 19.0263
Pkt 6 100 0.06 1
Pkt 8 125 0.064 1
Rate:121
==========
==========87
4 0 2 24000
Node 32 72 28.4253
Pkt 6 100 0.06 1
Pkt 8 120 0.0666667 1
Node 68 56 18.9737
Pkt 24 400 0.06 1
Pkt 23 375 0.0613333 1
Node 62 53 12.3693
Pkt 45 750 0.06 1
Pkt 45 750 0.06 1
Node 40 32 20.5913
Pkt 15 250 0.06 1
Pkt 15 250 0.06 1
Rate:122
==========
==========88
4 0 2 24000
Node 35 56 16.1555
Pkt 9 150 0.06 1
Pkt 8 125 0.064 1
Node 43 63 14.7648
Pkt 20 320 0.0625 1
Pkt 18 300 0.06 1
Node 50 44 6
Pkt 45 750 0.06 1
Pkt 45 750 0.06 1
Node 64 43 15.6525
Pkt 12 200 0.06 1
Pkt 12 192 0.0625 1
Rate:122.25
==========
==========89
4 0 2 24000
Node 67 31 25.4951
Pkt 12 192 0.0625 1
Pkt 8 120 0.0666667 1
Node 71 50 21
Pkt 18 300 0.06 1
Pkt 29 480 0.0604167 1
Node 28 63 25.5539
Pkt 45 750 0.06 1
Pkt 48 800 0.06 1
Node 41 28 23.7697
Pkt 8 125 0.064 1
Pkt 8 120 0.0666667 1
Rate:125.063
==========
==========90
4 0 2 24000
Node 30 39 22.8254
Pkt 12 200 0.06 1
Pkt 8 125 0.064 1
Node 44 57 9.21954
Pkt 20 320 0.0625 1
Pkt 29 480 0.0604167 1
Node 31 27 29.8329
Pkt 45 750 0.06 1
Pkt 48 800 0.06 1
Node 41 40 13.4536
Pkt 15 240 0.0625 1
Pkt 15 240 0.0625 1
Rate:122.979
==========
==========91
4 0 2 24000
Node 71 71 29.6985
Pkt 12 200 0.06 1
Pkt 8 120 0.0666667 1
Node 26 57 25
Pkt 24 400 0.06 1
Pkt 29 480 0.0604167 1
Node 34 44 17.088
Pkt 45 750 0.06 1
Pkt 45 750 0.06 1
Node 50 28 22
Pkt 6 100 0.06 1
Pkt 10 160 0.0625 1
Rate:122.396
==========
==========92
4 0 2 24000
Node 40 31 21.4709
Pkt 6 100 0.06 1
Pkt 9 150 0.06 1
Node 30 39 22.8254
Pkt 23 375 0.0613333 1
Pkt 18 300 0.06 1
Node 67 34 23.3452
Pkt 48 800 0.06 1
Pkt 48 800 0.06 1
Node 39 40 14.8661
Pkt 12 192 0.0625 1
Pkt 9 150 0.06 1
Rate:120.958
==========
==========93
4 0 2 24000
Node 49 33 17.0294
Pkt 12 200 0.06 1
Pkt 9 150 0.06 1
Node 68 47 18.2483
Pkt 23 375 0.0613333 1
Pkt 29 480 0.0604167 1
Node 41 41 12.7279
Pkt 48 800 0.06 1
Pkt 45 750 0.06 1
Node 73 53 23.1948
Pkt 8 125 0.064 1
Pkt 8 120 0.0666667 1
Rate:123.104
==========
==========94
4 0 2 24000
Node 32 55 18.6815
Pkt 9 150 0.06 1
Pkt 12 192 0.0625 1
Node 55 73 23.5372
Pkt 29 480 0.0604167 1
Pkt 23 375 0.0613333 1
Node 71 67 27.0185
Pkt 45 750 0.06 1
Pkt 48 800 0.06 1
Node 69 35 24.2074
Pkt 15 250 0.06 1
Pkt 6 100 0.06 1
Rate:121.063
==========
==========95
4 0 2 24000
Node 67 53 17.2627
Pkt 8 125 0.064 1
Pkt 9 150 0.06 1
Node 48 55 5.38516
Pkt 24 400 0.06 1
Pkt 29 480 0.0604167 1
Node 62 53 12.3693
Pkt 48 800 0.06 1
Pkt 45 750 0.06 1
Node 48 26 24.0832
Pkt 15 240 0.0625 1
Pkt 6 100 0.06 1
Rate:121.729
==========
==========96
4 0 2 24000
Node 40 43 12.2066
Pkt 15 250 0.06 1
Pkt 12 200 0.06 1
Node 47 50 3
Pkt 18 300 0.06 1
Pkt 24 400 0.06 1
Node 53 29 21.2132
Pkt 48 800 0.06 1
Pkt 45 750 0.06 1
Node 44 30 20.8806
Pkt 15 250 0.06 1
Pkt 8 125 0.064 1
Rate:121
==========
==========97
4 0 2 24000
Node 69 52 19.105
Pkt 15 240 0.0625 1
Pkt 15 240 0.0625 1
Node 61 55 12.083
Pkt 20 320 0.0625 1
Pkt 24 400 0.06 1
Node 70 34 25.6125
Pkt 45 750 0.06 1
Pkt 48 800 0.06 1
Node 48 59 9.21954
Pkt 15 250 0.06 1
Pkt 12 200 0.06 1
Rate:121.875
==========
==========98
4 0 2 24000
Node 28 31 29.0689
Pkt 8 120 0.0666667 1
Pkt 12 200 0.06 1
Node 49 55 5.09902
Pkt 18 300 0.06 1
Pkt 24 400 0.06 1
Node 33 59 19.2354
Pkt 45 750 0.06 1
Pkt 48 800 0.06 1
Node 41 27 24.6982
Pkt 12 200 0.06 1
Pkt 10 160 0.0625 1
Rate:122.292
==========
==========99
