4 0 2 24000
Node 55 42 9.43398
Pkt 16 100 0.16 1
Pkt 16 100 0.16 1
Node 71 72 30.4138
Pkt 48 300 0.16 1
Pkt 60 375 0.16 1
Node 69 68 26.1725
Pkt 128 800 0.16 1
Pkt 120 750 0.16 1
Node 49 52 2.23607
Pkt 31 192 0.161458 1
Pkt 26 160 0.1625 1
Rate:320.99
==========
==========0
4 0 2 24000
Node 41 70 21.9317
Pkt 31 192 0.161458 1
Pkt 16 100 0.16 1
Node 26 64 27.7849
Pkt 64 400 0.16 1
Pkt 48 300 0.16 1
Node 49 35 15.0333
Pkt 128 800 0.16 1
Pkt 120 750 0.16 1
Node 64 25 28.6531
Pkt 26 160 0.1625 1
Pkt 20 120 0.166667 1
Rate:322.656
==========
==========1
4 0 2 24000
Node 57 65 16.5529
Pkt 20 120 0.166667 1
Pkt 40 250 0.16 1
Node 32 53 18.2483
Pkt 52 320 0.1625 1
Pkt 52 320 0.1625 1
Node 43 39 13.0384
Pkt 128 800 0.16 1
Pkt 128 800 0.16 1
Node 70 62 23.3238
Pkt 40 250 0.16 1
Pkt 32 200 0.16 1
Rate:322.917
==========
==========2
4 0 2 24000
Node 26 73 33.2415
Pkt 24 150 0.16 1
Pkt 31 192 0.161458 1
Node 53 64 14.3178
Pkt 48 300 0.16 1
Pkt 48 300 0.16 1
Node 48 30 20.0998
Pkt 120 750 0.16 1
Pkt 128 800 0.16 1
Node 42 62 14.4222
Pkt 31 192 0.161458 1
Pkt 24 150 0.16 1
Rate:320.729
==========
==========3
4 0 2 24000
Node 49 44 6.08276
Pkt 16 100 0.16 1
Pkt 20 125 0.16 1
Node 69 53 19.2354
Pkt 48 300 0.16 1
Pkt 48 300 0.16 1
Node 71 41 22.8473
Pkt 128 800 0.16 1
Pkt 128 800 0.16 1
Node 53 40 10.4403
Pkt 26 160 0.1625 1
Pkt 31 192 0.161458 1
Rate:320.99
==========
==========4
4 0 2 24000
Node 53 48 3.60555
Pkt 20 125 0.16 1
Pkt 39 240 0.1625 1
Node 49 52 2.23607
Pkt 64 400 0.16 1
Pkt 60 375 0.16 1
Node 42 33 18.7883
Pkt 120 750 0.16 1
Pkt 128 800 0.16 1
Node 69 44 19.9249
Pkt 32 200 0.16 1
Pkt 24 150 0.16 1
Rate:320.625
==========
==========5
4 0 2 24000
Node 27 32 29.2062
Pkt 16 100 0.16 1
Pkt 16 100 0.16 1
Node 40 61 14.8661
Pkt 52 320 0.1625 1
Pkt 64 400 0.16 1
Node 54 39 11.7047
Pkt 128 800 0.16 1
Pkt 120 750 0.16 1
Node 45 71 21.587
Pkt 32 200 0.16 1
Pkt 39 240 0.1625 1
Rate:321.25
==========
==========6
4 0 2 24000
Node 38 58 14.4222
Pkt 20 125 0.16 1
Pkt 39 240 0.1625 1
Node 70 47 20.2237
Pkt 60 375 0.16 1
Pkt 64 400 0.16 1
Node 37 49 13.0384
Pkt 120 750 0.16 1
Pkt 120 750 0.16 1
Node 41 72 23.7697
Pkt 20 125 0.16 1
Pkt 16 100 0.16 1
Rate:320.625
==========
==========7
4 0 2 24000
Node 56 55 7.81025
Pkt 32 200 0.16 1
Pkt 32 200 0.16 1
Node 60 56 11.6619
Pkt 60 375 0.16 1
Pkt 60 375 0.16 1
Node 73 50 23
Pkt 128 800 0.16 1
Pkt 128 800 0.16 1
Node 30 53 20.2237
Pkt 31 192 0.161458 1
Pkt 20 120 0.166667 1
Rate:322.031
==========
==========8
4 0 2 24000
Node 33 64 22.0227
Pkt 20 125 0.16 1
Pkt 20 120 0.166667 1
Node 44 68 18.9737
Pkt 60 375 0.16 1
Pkt 77 480 0.160417 1
Node 54 43 8.06226
Pkt 128 800 0.16 1
Pkt 120 750 0.16 1
Node 72 49 22.0227
Pkt 39 240 0.1625 1
Pkt 32 200 0.16 1
Rate:322.396
==========
==========9
4 0 2 24000
Node 73 41 24.6982
Pkt 16 100 0.16 1
Pkt 16 100 0.16 1
Node 46 57 8.06226
Pkt 52 320 0.1625 1
Pkt 77 480 0.160417 1
Node 26 29 31.8904
Pkt 128 800 0.16 1
Pkt 128 800 0.16 1
Node 33 42 18.7883
Pkt 32 200 0.16 1
Pkt 16 100 0.16 1
Rate:320.729
==========
==========10
4 0 2 24000
Node 71 26 31.8904
Pkt 32 200 0.16 1
Pkt 40 250 0.16 1
Node 59 72 23.7697
Pkt 64 400 0.16 1
Pkt 52 320 0.1625 1
Node 46 64 14.5602
Pkt 128 800 0.16 1
Pkt 120 750 0.16 1
Node 27 42 24.3516
Pkt 39 240 0.1625 1
Pkt 32 200 0.16 1
Rate:321.25
==========
==========11
4 0 2 24000
Node 38 37 17.6918
Pkt 39 240 0.1625 1
Pkt 39 240 0.1625 1
Node 66 47 16.2788
Pkt 64 400 0.16 1
Pkt 60 375 0.16 1
Node 54 66 16.4924
Pkt 128 800 0.16 1
Pkt 128 800 0.16 1
Node 43 60 12.2066
Pkt 31 192 0.161458 1
Pkt 32 200 0.16 1
Rate:321.615
==========
==========12
4 0 2 24000
Node 70 43 21.1896
Pkt 40 250 0.16 1
Pkt 24 150 0.16 1
Node 40 37 16.4012
Pkt 60 375 0.16 1
Pkt 52 320 0.1625 1
Node 25 34 29.6816
Pkt 120 750 0.16 1
Pkt 120 750 0.16 1
Node 34 25 29.6816
Pkt 40 250 0.16 1
Pkt 39 240 0.1625 1
Rate:321.25
==========
==========13
4 0 2 24000
Node 46 51 4.12311
Pkt 31 192 0.161458 1
Pkt 39 240 0.1625 1
Node 46 44 7.2111
Pkt 64 400 0.16 1
Pkt 60 375 0.16 1
Node 54 55 6.40312
Pkt 128 800 0.16 1
Pkt 128 800 0.16 1
Node 54 25 25.318
Pkt 32 200 0.16 1
Pkt 16 100 0.16 1
Rate:320.99
==========
==========14
4 0 2 24000
Node 27 61 25.4951
Pkt 26 160 0.1625 1
Pkt 31 192 0.161458 1
Node 29 52 21.095
Pkt 77 480 0.160417 1
Pkt 64 400 0.16 1
Node 38 34 20
Pkt 120 750 0.16 1
Pkt 128 800 0.16 1
Node 52 46 4.47214
Pkt 24 150 0.16 1
Pkt 24 150 0.16 1
Rate:321.094
==========
==========15
4 0 2 24000
Node 67 43 18.3848
Pkt 32 200 0.16 1
Pkt 31 192 0.161458 1
Node 53 69 19.2354
Pkt 64 400 0.16 1
Pkt 77 480 0.160417 1
Node 28 38 25.0599
Pkt 128 800 0.16 1
Pkt 120 750 0.16 1
Node 56 64 15.2315
Pkt 26 160 0.1625 1
Pkt 16 100 0.16 1
Rate:321.094
==========
==========16
4 0 2 24000
Node 37 59 15.8114
Pkt 32 200 0.16 1
Pkt 31 192 0.161458 1
Node 39 40 14.8661
Pkt 64 400 0.16 1
Pkt 48 300 0.16 1
Node 51 38 12.0416
Pkt 120 750 0.16 1
Pkt 120 750 0.16 1
Node 49 71 21.0238
Pkt 20 125 0.16 1
Pkt 32 200 0.16 1
Rate:320.365
==========
==========17
4 0 2 24000
Node 27 52 23.0868
Pkt 31 192 0.161458 1
Pkt 32 200 0.16 1
Node 49 46 4.12311
Pkt 77 480 0.160417 1
Pkt 48 300 0.16 1
Node 57 48 7.28011
Pkt 128 800 0.16 1
Pkt 128 800 0.16 1
Node 72 48 22.0907
Pkt 40 250 0.16 1
Pkt 20 125 0.16 1
Rate:320.469
==========
==========18
4 0 2 24000
Node 63 71 24.6982
Pkt 32 200 0.16 1
Pkt 26 160 0.1625 1
Node 61 29 23.7065
Pkt 77 480 0.160417 1
Pkt 64 400 0.16 1
Node 69 25 31.4006
Pkt 120 750 0.16 1
Pkt 128 800 0.16 1
Node 35 48 15.1327
Pkt 20 125 0.16 1
Pkt 40 250 0.16 1
Rate:320.729
==========
==========19
4 0 2 24000
Node 36 33 22.0227
Pkt 32 200 0.16 1
Pkt 31 192 0.161458 1
Node 48 37 13.1529
Pkt 52 320 0.1625 1
Pkt 52 320 0.1625 1
Node 37 74 27.2947
Pkt 120 750 0.16 1
Pkt 120 750 0.16 1
Node 56 25 25.7099
Pkt 32 200 0.16 1
Pkt 39 240 0.1625 1
Rate:322.24
==========
==========20
4 0 2 24000
Node 40 48 10.198
Pkt 39 240 0.1625 1
Pkt 31 192 0.161458 1
Node 61 56 12.53
Pkt 52 320 0.1625 1
Pkt 77 480 0.160417 1
Node 67 52 17.1172
Pkt 128 800 0.16 1
Pkt 120 750 0.16 1
Node 27 49 23.0217
Pkt 26 160 0.1625 1
Pkt 16 100 0.16 1
Rate:322.344
==========
==========21
4 0 2 24000
Node 54 54 5.65685
Pkt 20 125 0.16 1
Pkt 26 160 0.1625 1
Node 45 30 20.6155
Pkt 60 375 0.16 1
Pkt 48 300 0.16 1
Node 73 49 23.0217
Pkt 120 750 0.16 1
Pkt 120 750 0.16 1
Node 38 30 23.3238
Pkt 32 200 0.16 1
Pkt 40 250 0.16 1
Rate:320.625
==========
==========22
4 0 2 24000
Node 70 72 29.7321
Pkt 39 240 0.1625 1
Pkt 20 120 0.166667 1
Node 57 51 7.07107
Pkt 48 300 0.16 1
Pkt 60 375 0.16 1
Node 34 31 24.8395
Pkt 128 800 0.16 1
Pkt 120 750 0.16 1
Node 28 44 22.8035
Pkt 24 150 0.16 1
Pkt 26 160 0.1625 1
Rate:322.917
==========
==========23
4 0 2 24000
Node 42 42 11.3137
Pkt 16 100 0.16 1
Pkt 40 250 0.16 1
Node 42 74 25.2982
Pkt 52 320 0.1625 1
Pkt 77 480 0.160417 1
Node 74 45 24.5153
Pkt 128 800 0.16 1
Pkt 120 750 0.16 1
Node 41 56 10.8167
Pkt 16 100 0.16 1
Pkt 26 160 0.1625 1
Rate:321.354
==========
==========24
4 0 2 24000
Node 51 25 25.02
Pkt 39 240 0.1625 1
Pkt 20 120 0.166667 1
Node 47 67 17.2627
Pkt 52 320 0.1625 1
Pkt 48 300 0.16 1
Node 27 31 29.8329
Pkt 128 800 0.16 1
Pkt 128 800 0.16 1
Node 53 71 21.2132
Pkt 24 150 0.16 1
Pkt 40 250 0.16 1
Rate:322.917
==========
==========25
4 0 2 24000
Node 39 71 23.7065
Pkt 24 150 0.16 1
Pkt 40 250 0.16 1
Node 28 39 24.5967
Pkt 64 400 0.16 1
Pkt 77 480 0.160417 1
Node 36 39 17.8045
Pkt 128 800 0.16 1
Pkt 120 750 0.16 1
Node 53 70 20.2237
Pkt 16 100 0.16 1
Pkt 20 125 0.16 1
Rate:320.104
==========
==========26
4 0 2 24000
Node 37 63 18.3848
Pkt 20 125 0.16 1
Pkt 26 160 0.1625 1
Node 37 72 25.5539
Pkt 64 400 0.16 1
Pkt 77 480 0.160417 1
Node 28 70 29.7321
Pkt 128 800 0.16 1
Pkt 128 800 0.16 1
Node 31 61 21.9545
Pkt 31 192 0.161458 1
Pkt 24 150 0.16 1
Rate:321.094
==========
==========27
4 0 2 24000
Node 72 42 23.4094
Pkt 24 150 0.16 1
Pkt 24 150 0.16 1
Node 55 42 9.43398
Pkt 77 480 0.160417 1
Pkt 60 375 0.16 1
Node 40 36 17.2047
Pkt 128 800 0.16 1
Pkt 128 800 0.16 1
Node 66 39 19.4165
Pkt 24 150 0.16 1
Pkt 31 192 0.161458 1
Rate:320.469
==========
==========28
4 0 2 24000
Node 47 53 4.24264
Pkt 40 250 0.16 1
Pkt 39 240 0.1625 1
Node 26 42 25.2982
Pkt 48 300 0.16 1
Pkt 48 300 0.16 1
Node 39 55 12.083
Pkt 120 750 0.16 1
Pkt 128 800 0.16 1
Node 43 25 25.9615
Pkt 39 240 0.1625 1
Pkt 26 160 0.1625 1
Rate:321.875
==========
==========29
4 0 2 24000
Node 71 43 22.1359
Pkt 31 192 0.161458 1
Pkt 31 192 0.161458 1
Node 37 74 27.2947
Pkt 52 320 0.1625 1
Pkt 64 400 0.16 1
Node 30 64 24.4131
Pkt 128 800 0.16 1
Pkt 120 750 0.16 1
Node 46 57 8.06226
Pkt 20 120 0.166667 1
Pkt 26 160 0.1625 1
Rate:323.646
==========
==========30
4 0 2 24000
Node 41 53 9.48683
Pkt 20 125 0.16 1
Pkt 24 150 0.16 1
Node 51 50 1
Pkt 48 300 0.16 1
Pkt 77 480 0.160417 1
Node 34 32 24.0832
Pkt 128 800 0.16 1
Pkt 128 800 0.16 1
Node 54 33 17.4642
Pkt 20 120 0.166667 1
Pkt 20 120 0.166667 1
Rate:323.438
==========
==========31
4 0 2 24000
Node 35 58 17
Pkt 20 125 0.16 1
Pkt 20 125 0.16 1
Node 61 36 17.8045
Pkt 64 400 0.16 1
Pkt 60 375 0.16 1
Node 63 62 17.6918
Pkt 128 800 0.16 1
Pkt 128 800 0.16 1
Node 67 70 26.2488
Pkt 16 100 0.16 1
Pkt 31 192 0.161458 1
Rate:320.365
==========
==========32
4 0 2 24000
Node 65 27 27.4591
Pkt 32 200 0.16 1
Pkt 32 200 0.16 1
Node 63 63 18.3848
Pkt 64 400 0.16 1
Pkt 77 480 0.160417 1
Node 68 67 24.7588
Pkt 120 750 0.16 1
Pkt 128 800 0.16 1
Node 29 66 26.4008
Pkt 31 192 0.161458 1
Pkt 20 125 0.16 1
Rate:320.469
==========
==========33
4 0 2 24000
Node 63 74 27.2947
Pkt 24 150 0.16 1
Pkt 32 200 0.16 1
Node 55 59 10.2956
Pkt 60 375 0.16 1
Pkt 60 375 0.16 1
Node 47 65 15.2971
Pkt 120 750 0.16 1
Pkt 128 800 0.16 1
Node 29 51 21.0238
Pkt 40 250 0.16 1
Pkt 20 120 0.166667 1
Rate:321.667
==========
==========34
4 0 2 24000
Node 61 43 13.0384
Pkt 26 160 0.1625 1
Pkt 24 150 0.16 1
Node 54 59 9.84886
Pkt 60 375 0.16 1
Pkt 52 320 0.1625 1
Node 67 66 23.3452
Pkt 128 800 0.16 1
Pkt 120 750 0.16 1
Node 63 36 19.105
Pkt 39 240 0.1625 1
Pkt 31 192 0.161458 1
Rate:322.24
==========
==========35
4 0 2 24000
Node 73 38 25.9422
Pkt 31 192 0.161458 1
Pkt 20 125 0.16 1
Node 55 28 22.561
Pkt 64 400 0.16 1
Pkt 77 480 0.160417 1
Node 35 25 29.1548
Pkt 120 750 0.16 1
Pkt 128 800 0.16 1
Node 55 70 20.6155
Pkt 20 120 0.166667 1
Pkt 32 200 0.16 1
Rate:322.135
==========
==========36
4 0 2 24000
Node 40 45 11.1803
Pkt 40 250 0.16 1
Pkt 20 125 0.16 1
Node 61 42 13.6015
Pkt 52 320 0.1625 1
Pkt 60 375 0.16 1
Node 66 60 18.868
Pkt 120 750 0.16 1
Pkt 128 800 0.16 1
Node 34 67 23.3452
Pkt 26 160 0.1625 1
Pkt 24 150 0.16 1
Rate:321.25
==========
==========37
4 0 2 24000
Node 57 48 7.28011
Pkt 26 160 0.1625 1
Pkt 16 100 0.16 1
Node 56 46 7.2111
Pkt 64 400 0.16 1
Pkt 60 375 0.16 1
Node 57 57 9.89949
Pkt 128 800 0.16 1
Pkt 128 800 0.16 1
Node 63 74 27.2947
Pkt 20 120 0.166667 1
Pkt 20 120 0.166667 1
Rate:323.958
==========
==========38
4 0 2 24000
Node 40 64 17.2047
Pkt 16 100 0.16 1
Pkt 39 240 0.1625 1
Node 32 46 18.4391
Pkt 77 480 0.160417 1
Pkt 64 400 0.16 1
Node 65 52 15.1327
Pkt 120 750 0.16 1
Pkt 120 750 0.16 1
Node 72 33 27.8029
Pkt 26 160 0.1625 1
Pkt 26 160 0.1625 1
Rate:321.979
==========
==========39
4 0 2 24000
Node 43 53 7.61577
Pkt 32 200 0.16 1
Pkt 39 240 0.1625 1
Node 68 29 27.6586
Pkt 64 400 0.16 1
Pkt 48 300 0.16 1
Node 53 72 22.2036
Pkt 120 750 0.16 1
Pkt 120 750 0.16 1
Node 50 53 3
Pkt 39 240 0.1625 1
Pkt 40 250 0.16 1
Rate:321.25
==========
==========40
4 0 2 24000
Node 48 72 22.0907
Pkt 26 160 0.1625 1
Pkt 26 160 0.1625 1
Node 58 35 17
Pkt 48 300 0.16 1
Pkt 77 480 0.160417 1
Node 50 52 2
Pkt 128 800 0.16 1
Pkt 128 800 0.16 1
Node 38 40 15.6205
Pkt 20 125 0.16 1
Pkt 24 150 0.16 1
Rate:321.354
==========
==========41
4 0 2 24000
Node 53 71 21.2132
Pkt 39 240 0.1625 1
Pkt 39 240 0.1625 1
Node 32 26 30
Pkt 77 480 0.160417 1
Pkt 60 375 0.16 1
Node 66 41 18.3576
Pkt 128 800 0.16 1
Pkt 120 750 0.16 1
Node 70 61 22.8254
Pkt 40 250 0.16 1
Pkt 32 200 0.16 1
Rate:321.354
==========
==========42
4 0 2 24000
Node 71 56 21.8403
Pkt 20 120 0.166667 1
Pkt 31 192 0.161458 1
Node 55 73 23.5372
Pkt 64 400 0.16 1
Pkt 77 480 0.160417 1
Node 40 43 12.2066
Pkt 128 800 0.16 1
Pkt 120 750 0.16 1
Node 60 72 24.1661
Pkt 20 125 0.16 1
Pkt 32 200 0.16 1
Rate:322.135
==========
==========43
4 0 2 24000
Node 71 57 22.1359
Pkt 32 200 0.16 1
Pkt 40 250 0.16 1
Node 53 36 14.3178
Pkt 77 480 0.160417 1
Pkt 52 320 0.1625 1
Node 66 68 24.0832
Pkt 120 750 0.16 1
Pkt 120 750 0.16 1
Node 36 37 19.105
Pkt 16 100 0.16 1
Pkt 20 120 0.166667 1
Rate:322.396
==========
==========44
4 0 2 24000
Node 39 36 17.8045
Pkt 20 125 0.16 1
Pkt 31 192 0.161458 1
Node 43 38 13.8924
Pkt 77 480 0.160417 1
Pkt 48 300 0.16 1
Node 56 49 6.08276
Pkt 128 800 0.16 1
Pkt 120 750 0.16 1
Node 43 52 7.28011
Pkt 16 100 0.16 1
Pkt 16 100 0.16 1
Rate:320.469
==========
==========45
4 0 2 24000
Node 29 73 31.1448
Pkt 16 100 0.16 1
Pkt 16 100 0.16 1
Node 60 43 12.2066
Pkt 77 480 0.160417 1
Pkt 77 480 0.160417 1
Node 64 64 19.799
Pkt 128 800 0.16 1
Pkt 120 750 0.16 1
Node 71 42 22.4722
Pkt 26 160 0.1625 1
Pkt 16 100 0.16 1
Rate:320.833
==========
==========46
4 0 2 24000
Node 46 73 23.3452
Pkt 32 200 0.16 1
Pkt 39 240 0.1625 1
Node 43 50 7
Pkt 48 300 0.16 1
Pkt 64 400 0.16 1
Node 64 34 21.2603
Pkt 120 750 0.16 1
Pkt 120 750 0.16 1
Node 72 70 29.7321
Pkt 16 100 0.16 1
Pkt 20 125 0.16 1
Rate:320.625
==========
==========47
4 0 2 24000
Node 25 68 30.8058
Pkt 40 250 0.16 1
Pkt 26 160 0.1625 1
Node 34 46 16.4924
Pkt 48 300 0.16 1
Pkt 77 480 0.160417 1
Node 50 56 6
Pkt 120 750 0.16 1
Pkt 128 800 0.16 1
Node 61 25 27.313
Pkt 31 192 0.161458 1
Pkt 16 100 0.16 1
Rate:321.094
==========
==========48
4 0 2 24000
Node 34 34 22.6274
Pkt 39 240 0.1625 1
Pkt 32 200 0.16 1
Node 63 47 13.3417
Pkt 60 375 0.16 1
Pkt 52 320 0.1625 1
Node 48 25 25.0799
Pkt 128 800 0.16 1
Pkt 120 750 0.16 1
Node 41 71 22.8473
Pkt 40 250 0.16 1
Pkt 32 200 0.16 1
Rate:321.25
==========
==========49
4 0 2 24000
Node 48 55 5.38516
Pkt 24 150 0.16 1
Pkt 31 192 0.161458 1
Node 40 35 18.0278
Pkt 48 300 0.16 1
Pkt 64 400 0.16 1
Node 31 41 21.0238
Pkt 128 800 0.16 1
Pkt 120 750 0.16 1
Node 38 71 24.1868
Pkt 39 240 0.1625 1
Pkt 24 150 0.16 1
Rate:320.99
==========
==========50
4 0 2 24000
Node 71 73 31.1448
Pkt 24 150 0.16 1
Pkt 24 150 0.16 1
Node 50 71 21
Pkt 48 300 0.16 1
Pkt 77 480 0.160417 1
Node 71 49 21.0238
Pkt 120 750 0.16 1
Pkt 128 800 0.16 1
Node 34 26 28.8444
Pkt 31 192 0.161458 1
Pkt 24 150 0.16 1
Rate:320.469
==========
==========51
4 0 2 24000
Node 55 74 24.5153
Pkt 32 200 0.16 1
Pkt 24 150 0.16 1
Node 43 52 7.28011
Pkt 64 400 0.16 1
Pkt 60 375 0.16 1
Node 32 42 19.6977
Pkt 128 800 0.16 1
Pkt 128 800 0.16 1
Node 32 62 21.6333
Pkt 32 200 0.16 1
Pkt 32 200 0.16 1
Rate:320
==========
==========52
4 0 2 24000
Node 46 56 7.2111
Pkt 24 150 0.16 1
Pkt 24 150 0.16 1
Node 70 61 22.8254
Pkt 52 320 0.1625 1
Pkt 64 400 0.16 1
Node 47 29 21.2132
Pkt 120 750 0.16 1
Pkt 128 800 0.16 1
Node 59 39 14.2127
Pkt 26 160 0.1625 1
Pkt 24 150 0.16 1
Rate:321.25
==========
==========53
4 0 2 24000
Node 27 37 26.4197
Pkt 20 125 0.16 1
Pkt 40 250 0.16 1
Node 34 42 17.8885
Pkt 60 375 0.16 1
Pkt 64 400 0.16 1
Node 27 72 31.8277
Pkt 128 800 0.16 1
Pkt 128 800 0.16 1
Node 58 57 10.6301
Pkt 40 250 0.16 1
Pkt 31 192 0.161458 1
Rate:320.365
==========
==========54
4 0 2 24000
Node 54 25 25.318
Pkt 20 120 0.166667 1
Pkt 24 150 0.16 1
Node 40 38 15.6205
Pkt 60 375 0.16 1
Pkt 52 320 0.1625 1
Node 43 45 8.60233
Pkt 128 800 0.16 1
Pkt 120 750 0.16 1
Node 48 69 19.105
Pkt 31 192 0.161458 1
Pkt 31 192 0.161458 1
Rate:323.021
==========
==========55
4 0 2 24000
Node 44 58 10
Pkt 40 250 0.16 1
Pkt 16 100 0.16 1
Node 71 60 23.2594
Pkt 64 400 0.16 1
Pkt 52 320 0.1625 1
Node 61 33 20.2485
Pkt 120 750 0.16 1
Pkt 128 800 0.16 1
Node 55 71 21.587
Pkt 32 200 0.16 1
Pkt 26 160 0.1625 1
Rate:321.25
==========
==========56
4 0 2 24000
Node 68 67 24.7588
Pkt 40 250 0.16 1
Pkt 39 240 0.1625 1
Node 39 67 20.2485
Pkt 48 300 0.16 1
Pkt 64 400 0.16 1
Node 60 43 12.2066
Pkt 128 800 0.16 1
Pkt 128 800 0.16 1
Node 28 39 24.5967
Pkt 32 200 0.16 1
Pkt 20 125 0.16 1
Rate:320.625
==========
==========57
4 0 2 24000
Node 37 72 25.5539
Pkt 31 192 0.161458 1
Pkt 24 150 0.16 1
Node 74 30 31.241
Pkt 77 480 0.160417 1
Pkt 60 375 0.16 1
Node 29 67 27.0185
Pkt 128 800 0.16 1
Pkt 128 800 0.16 1
Node 27 29 31.1448
Pkt 26 160 0.1625 1
Pkt 32 200 0.16 1
Rate:321.094
==========
==========58
4 0 2 24000
Node 53 38 12.3693
Pkt 31 192 0.161458 1
Pkt 24 150 0.16 1
Node 43 27 24.0416
Pkt 77 480 0.160417 1
Pkt 64 400 0.16 1
Node 53 58 8.544
Pkt 120 750 0.16 1
Pkt 128 800 0.16 1
Node 56 34 17.088
Pkt 20 125 0.16 1
Pkt 26 160 0.1625 1
Rate:321.094
==========
==========59
4 0 2 24000
Node 32 63 22.2036
Pkt 40 250 0.16 1
Pkt 40 250 0.16 1
Node 60 70 22.3607
Pkt 64 400 0.16 1
Pkt 48 300 0.16 1
Node 45 29 21.587
Pkt 120 750 0.16 1
Pkt 128 800 0.16 1
Node 50 56 6
Pkt 32 200 0.16 1
Pkt 31 192 0.161458 1
Rate:320.365
==========
==========60
4 0 2 24000
Node 66 62 20
Pkt 31 192 0.161458 1
Pkt 26 160 0.1625 1
Node 25 28 33.3017
Pkt 48 300 0.16 1
Pkt 52 320 0.1625 1
Node 29 55 21.587
Pkt 120 750 0.16 1
Pkt 120 750 0.16 1
Node 34 53 16.2788
Pkt 32 200 0.16 1
Pkt 20 120 0.166667 1
Rate:323.281
==========
==========61
4 0 2 24000
Node 68 64 22.8035
Pkt 16 100 0.16 1
Pkt 16 100 0.16 1
Node 34 44 17.088
Pkt 64 400 0.16 1
Pkt 77 480 0.160417 1
Node 34 46 16.4924
Pkt 128 800 0.16 1
Pkt 128 800 0.16 1
Node 66 53 16.2788
Pkt 16 100 0.16 1
Pkt 16 100 0.16 1
Rate:320.104
==========
==========62
4 0 2 24000
Node 73 31 29.8329
Pkt 31 192 0.161458 1
Pkt 26 160 0.1625 1
Node 71 55 21.587
Pkt 64 400 0.16 1
Pkt 77 480 0.160417 1
Node 56 57 9.21954
Pkt 128 800 0.16 1
Pkt 128 800 0.16 1
Node 61 44 12.53
Pkt 24 150 0.16 1
Pkt 20 125 0.16 1
Rate:321.094
==========
==========63
4 0 2 24000
Node 26 69 30.6105
Pkt 24 150 0.16 1
Pkt 39 240 0.1625 1
Node 42 70 21.5407
Pkt 60 375 0.16 1
Pkt 48 300 0.16 1
Node 31 67 25.4951
Pkt 120 750 0.16 1
Pkt 120 750 0.16 1
Node 62 35 19.2094
Pkt 31 192 0.161458 1
Pkt 32 200 0.16 1
Rate:320.99
==========
==========64
4 0 2 24000
Node 58 72 23.4094
Pkt 32 200 0.16 1
Pkt 20 120 0.166667 1
Node 65 54 15.5242
Pkt 60 375 0.16 1
Pkt 48 300 0.16 1
Node 62 68 21.6333
Pkt 120 750 0.16 1
Pkt 128 800 0.16 1
Node 61 48 11.1803
Pkt 39 240 0.1625 1
Pkt 40 250 0.16 1
Rate:322.292
==========
==========65
4 0 2 24000
Node 59 37 15.8114
Pkt 40 250 0.16 1
Pkt 16 100 0.16 1
Node 37 55 13.9284
Pkt 60 375 0.16 1
Pkt 48 300 0.16 1
Node 58 73 24.3516
Pkt 128 800 0.16 1
Pkt 128 800 0.16 1
Node 69 61 21.9545
Pkt 26 160 0.1625 1
Pkt 20 120 0.166667 1
Rate:322.292
==========
==========66
4 0 2 24000
Node 49 70 20.025
Pkt 26 160 0.1625 1
Pkt 26 160 0.1625 1
Node 47 59 9.48683
Pkt 64 400 0.16 1
Pkt 77 480 0.160417 1
Node 50 44 6
Pkt 128 800 0.16 1
Pkt 120 750 0.16 1
Node 33 26 29.4109
Pkt 31 192 0.161458 1
Pkt 31 192 0.161458 1
Rate:322.083
==========
==========67
4 0 2 24000
Node 32 42 19.6977
Pkt 40 250 0.16 1
Pkt 24 150 0.16 1
Node 31 39 21.9545
Pkt 64 400 0.16 1
Pkt 77 480 0.160417 1
Node 28 69 29.0689
Pkt 128 800 0.16 1
Pkt 120 750 0.16 1
Node 31 34 24.8395
Pkt 40 250 0.16 1
Pkt 24 150 0.16 1
Rate:320.104
==========
==========68
4 0 2 24000
Node 42 49 8.06226
Pkt 20 120 0.166667 1
Pkt 20 120 0.166667 1
Node 46 30 20.3961
Pkt 64 400 0.16 1
Pkt 60 375 0.16 1
Node 73 48 23.0868
Pkt 120 750 0.16 1
Pkt 120 750 0.16 1
Node 39 61 15.5563
Pkt 32 200 0.16 1
Pkt 26 160 0.1625 1
Rate:323.958
==========
==========69
4 0 2 24000
Node 53 74 24.1868
Pkt 26 160 0.1625 1
Pkt 16 100 0.16 1
Node 64 32 22.8035
Pkt 77 480 0.160417 1
Pkt 60 375 0.16 1
Node 31 71 28.3196
Pkt 120 750 0.16 1
Pkt 128 800 0.16 1
Node 58 43 10.6301
Pkt 26 160 0.1625 1
Pkt 39 240 0.1625 1
Rate:321.979
==========
==========70
4 0 2 24000
Node 68 34 24.0832
Pkt 32 200 0.16 1
Pkt 39 240 0.1625 1
Node 43 60 12.2066
Pkt 60 375 0.16 1
Pkt 77 480 0.160417 1
Node 33 63 21.4009
Pkt 128 800 0.16 1
Pkt 120 750 0.16 1
Node 67 50 17
Pkt 16 100 0.16 1
Pkt 20 120 0.166667 1
Rate:322.396
==========
==========71
4 0 2 24000
Node 49 47 3.16228
Pkt 40 250 0.16 1
Pkt 39 240 0.1625 1
Node 49 69 19.0263
Pkt 77 480 0.160417 1
Pkt 52 320 0.1625 1
Node 67 66 23.3452
Pkt 120 750 0.16 1
Pkt 120 750 0.16 1
Node 67 45 17.72
Pkt 40 250 0.16 1
Pkt 32 200 0.16 1
Rate:321.354
==========
==========72
4 0 2 24000
Node 33 74 29.4109
Pkt 39 240 0.1625 1
Pkt 20 120 0.166667 1
Node 59 35 17.4929
Pkt 52 320 0.1625 1
Pkt 48 300 0.16 1
Node 48 61 11.1803
Pkt 128 800 0.16 1
Pkt 128 800 0.16 1
Node 53 59 9.48683
Pkt 20 125 0.16 1
Pkt 31 192 0.161458 1
Rate:323.281
==========
==========73
4 0 2 24000
Node 42 39 13.6015
Pkt 26 160 0.1625 1
Pkt 32 200 0.16 1
Node 67 72 27.8029
Pkt 60 375 0.16 1
Pkt 48 300 0.16 1
Node 45 61 12.083
Pkt 120 750 0.16 1
Pkt 120 750 0.16 1
Node 42 44 10
Pkt 40 250 0.16 1
Pkt 20 120 0.166667 1
Rate:322.292
==========
==========74
4 0 2 24000
Node 49 30 20.025
Pkt 20 125 0.16 1
Pkt 32 200 0.16 1
Node 64 69 23.6008
Pkt 60 375 0.16 1
Pkt 48 300 0.16 1
Node 57 38 13.8924
Pkt 128 800 0.16 1
Pkt 120 750 0.16 1
Node 61 27 25.4951
Pkt 20 125 0.16 1
Pkt 20 120 0.166667 1
Rate:321.667
==========
==========75
4 0 2 24000
Node 60 53 10.4403
Pkt 20 120 0.166667 1
Pkt 20 120 0.166667 1
Node 70 43 21.1896
Pkt 52 320 0.1625 1
Pkt 64 400 0.16 1
Node 51 32 18.0278
Pkt 128 800 0.16 1
Pkt 128 800 0.16 1
Node 60 28 24.1661
Pkt 16 100 0.16 1
Pkt 16 100 0.16 1
Rate:323.958
==========
==========76
4 0 2 24000
Node 39 31 21.9545
Pkt 39 240 0.1625 1
Pkt 24 150 0.16 1
Node 30 41 21.9317
Pkt 60 375 0.16 1
Pkt 64 400 0.16 1
Node 57 25 25.9615
Pkt 120 750 0.16 1
Pkt 128 800 0.16 1
Node 43 57 9.89949
Pkt 20 120 0.166667 1
Pkt 39 240 0.1625 1
Rate:322.917
==========
==========77
4 0 2 24000
Node 46 45 6.40312
Pkt 24 150 0.16 1
Pkt 39 240 0.1625 1
Node 40 26 26
Pkt 52 320 0.1625 1
Pkt 60 375 0.16 1
Node 38 60 15.6205
Pkt 120 750 0.16 1
Pkt 120 750 0.16 1
Node 35 34 21.9317
Pkt 20 125 0.16 1
Pkt 16 100 0.16 1
Rate:321.25
==========
==========78
4 0 2 24000
Node 48 38 12.1655
Pkt 26 160 0.1625 1
Pkt 26 160 0.1625 1
Node 30 70 28.2843
Pkt 60 375 0.16 1
Pkt 48 300 0.16 1
Node 69 50 19
Pkt 120 750 0.16 1
Pkt 120 750 0.16 1
Node 64 36 19.799
Pkt 24 150 0.16 1
Pkt 32 200 0.16 1
Rate:321.25
==========
==========79
4 0 2 24000
Node 59 67 19.2354
Pkt 39 240 0.1625 1
Pkt 16 100 0.16 1
Node 46 40 10.7703
Pkt 52 320 0.1625 1
Pkt 60 375 0.16 1
Node 26 30 31.241
Pkt 120 750 0.16 1
Pkt 128 800 0.16 1
Node 60 46 10.7703
Pkt 26 160 0.1625 1
Pkt 20 125 0.16 1
Rate:321.875
==========
==========80
4 0 2 24000
Node 54 73 23.3452
Pkt 32 200 0.16 1
Pkt 31 192 0.161458 1
Node 65 72 26.6271
Pkt 48 300 0.16 1
Pkt 64 400 0.16 1
Node 47 58 8.544
Pkt 128 800 0.16 1
Pkt 120 750 0.16 1
Node 68 30 26.9072
Pkt 26 160 0.1625 1
Pkt 26 160 0.1625 1
Rate:321.615
==========
==========81
4 0 2 24000
Node 48 42 8.24621
Pkt 16 100 0.16 1
Pkt 20 120 0.166667 1
Node 47 43 7.61577
Pkt 52 320 0.1625 1
Pkt 52 320 0.1625 1
Node 31 67 25.4951
Pkt 128 800 0.16 1
Pkt 120 750 0.16 1
Node 55 31 19.6469
Pkt 31 192 0.161458 1
Pkt 24 150 0.16 1
Rate:323.281
==========
==========82
4 0 2 24000
Node 58 32 19.6977
Pkt 31 192 0.161458 1
Pkt 39 240 0.1625 1
Node 71 34 26.4008
Pkt 60 375 0.16 1
Pkt 48 300 0.16 1
Node 43 70 21.1896
Pkt 120 750 0.16 1
Pkt 120 750 0.16 1
Node 72 43 23.0868
Pkt 26 160 0.1625 1
Pkt 24 150 0.16 1
Rate:321.615
==========
==========83
4 0 2 24000
Node 53 33 17.2627
Pkt 32 200 0.16 1
Pkt 20 125 0.16 1
Node 66 33 23.3452
Pkt 64 400 0.16 1
Pkt 52 320 0.1625 1
Node 53 48 3.60555
Pkt 120 750 0.16 1
Pkt 128 800 0.16 1
Node 51 40 10.0499
Pkt 16 100 0.16 1
Pkt 20 125 0.16 1
Rate:320.625
==========
==========84
4 0 2 24000
Node 42 29 22.4722
Pkt 20 125 0.16 1
Pkt 31 192 0.161458 1
Node 73 30 30.4795
Pkt 52 320 0.1625 1
Pkt 64 400 0.16 1
Node 57 29 22.1359
Pkt 128 800 0.16 1
Pkt 128 800 0.16 1
Node 61 61 15.5563
Pkt 24 150 0.16 1
Pkt 20 125 0.16 1
Rate:320.99
==========
==========85
4 0 2 24000
Node 29 65 25.807
Pkt 39 240 0.1625 1
Pkt 20 120 0.166667 1
Node 62 47 12.3693
Pkt 60 375 0.16 1
Pkt 77 480 0.160417 1
Node 73 47 23.1948
Pkt 128 800 0.16 1
Pkt 120 750 0.16 1
Node 36 34 21.2603
Pkt 26 160 0.1625 1
Pkt 16 100 0.16 1
Rate:323.021
==========
==========86
4 0 2 24000
Node 30 42 21.5407
Pkt 32 200 0.16 1
Pkt 40 250 0.16 1
Node 28 35 26.6271
Pkt 77 480 0.160417 1
Pkt 52 320 0.1625 1
Node 40 54 10.7703
Pkt 128 800 0.16 1
Pkt 120 750 0.16 1
Node 55 36 14.8661
Pkt 32 200 0.16 1
Pkt 24 150 0.16 1
Rate:320.729
==========
==========87
4 0 2 24000
Node 66 37 20.6155
Pkt 20 125 0.16 1
Pkt 31 192 0.161458 1
Node 43 26 25
Pkt 60 375 0.16 1
Pkt 77 480 0.160417 1
Node 45 66 16.7631
Pkt 128 800 0.16 1
Pkt 128 800 0.16 1
Node 43 42 10.6301
Pkt 20 120 0.166667 1
Pkt 20 120 0.166667 1
Rate:323.802
==========
==========88
4 0 2 24000
Node 27 44 23.7697
Pkt 39 240 0.1625 1
Pkt 16 100 0.16 1
Node 59 32 20.1246
Pkt 64 400 0.16 1
Pkt 52 320 0.1625 1
Node 31 32 26.1725
Pkt 120 750 0.16 1
Pkt 120 750 0.16 1
Node 32 48 18.1108
Pkt 31 192 0.161458 1
Pkt 40 250 0.16 1
Rate:321.615
==========
==========89
4 0 2 24000
Node 36 56 15.2315
Pkt 40 250 0.16 1
Pkt 16 100 0.16 1
Node 59 53 9.48683
Pkt 52 320 0.1625 1
Pkt 52 320 0.1625 1
Node 64 56 15.2315
Pkt 128 800 0.16 1
Pkt 128 800 0.16 1
Node 49 26 24.0208
Pkt 40 250 0.16 1
Pkt 26 160 0.1625 1
Rate:321.875
==========
==========90
4 0 2 24000
Node 41 47 9.48683
Pkt 31 192 0.161458 1
Pkt 20 120 0.166667 1
Node 56 29 21.8403
Pkt 64 400 0.16 1
Pkt 52 320 0.1625 1
Node 37 29 24.6982
Pkt 128 800 0.16 1
Pkt 128 800 0.16 1
Node 58 59 12.0416
Pkt 20 125 0.16 1
Pkt 32 200 0.16 1
Rate:322.656
==========
==========91
4 0 2 24000
Node 47 29 21.2132
Pkt 31 192 0.161458 1
Pkt 39 240 0.1625 1
Node 63 63 18.3848
Pkt 77 480 0.160417 1
Pkt 60 375 0.16 1
Node 47 27 23.1948
Pkt 128 800 0.16 1
Pkt 128 800 0.16 1
Node 73 62 25.9422
Pkt 20 125 0.16 1
Pkt 39 240 0.1625 1
Rate:321.719
==========
==========92
4 0 2 24000
Node 34 57 17.4642
Pkt 26 160 0.1625 1
Pkt 32 200 0.16 1
Node 43 66 17.4642
Pkt 60 375 0.16 1
Pkt 77 480 0.160417 1
Node 73 34 28.0179
Pkt 128 800 0.16 1
Pkt 128 800 0.16 1
Node 39 53 11.4018
Pkt 26 160 0.1625 1
Pkt 40 250 0.16 1
Rate:321.354
==========
==========93
4 0 2 24000
Node 33 62 20.8087
Pkt 26 160 0.1625 1
Pkt 16 100 0.16 1
Node 50 63 13
Pkt 52 320 0.1625 1
Pkt 52 320 0.1625 1
Node 43 53 7.61577
Pkt 128 800 0.16 1
Pkt 120 750 0.16 1
Node 27 49 23.0217
Pkt 26 160 0.1625 1
Pkt 31 192 0.161458 1
Rate:322.865
==========
==========94
4 0 2 24000
Node 43 42 10.6301
Pkt 16 100 0.16 1
Pkt 20 120 0.166667 1
Node 70 38 23.3238
Pkt 60 375 0.16 1
Pkt 48 300 0.16 1
Node 69 60 21.4709
Pkt 120 750 0.16 1
Pkt 120 750 0.16 1
Node 33 31 25.4951
Pkt 39 240 0.1625 1
Pkt 16 100 0.16 1
Rate:322.292
==========
==========95
4 0 2 24000
Node 63 40 16.4012
Pkt 26 160 0.1625 1
Pkt 16 100 0.16 1
Node 28 63 25.5539
Pkt 77 480 0.160417 1
Pkt 48 300 0.16 1
Node 51 69 19.0263
Pkt 120 750 0.16 1
Pkt 128 800 0.16 1
Node 72 53 22.2036
Pkt 32 200 0.16 1
Pkt 32 200 0.16 1
Rate:320.729
==========
==========96
4 0 2 24000
Node 65 34 21.9317
Pkt 20 125 0.16 1
Pkt 39 240 0.1625 1
Node 46 58 8.94427
Pkt 52 320 0.1625 1
Pkt 77 480 0.160417 1
Node 29 69 28.3196
Pkt 128 800 0.16 1
Pkt 128 800 0.16 1
Node 48 69 19.105
Pkt 16 100 0.16 1
Pkt 39 240 0.1625 1
Rate:321.979
==========
==========97
4 0 2 24000
Node 40 58 12.8062
Pkt 31 192 0.161458 1
Pkt 31 192 0.161458 1
Node 25 46 25.318
Pkt 64 400 0.16 1
Pkt 52 320 0.1625 1
Node 33 65 22.6716
Pkt 128 800 0.16 1
Pkt 128 800 0.16 1
Node 40 43 12.2066
Pkt 32 200 0.16 1
Pkt 32 200 0.16 1
Rate:321.354
==========
==========98
4 0 2 24000
Node 48 48 2.82843
Pkt 40 250 0.16 1
Pkt 20 125 0.16 1
Node 63 66 20.6155
Pkt 64 400 0.16 1
Pkt 60 375 0.16 1
Node 32 26 30
Pkt 120 750 0.16 1
Pkt 128 800 0.16 1
Node 49 68 18.0278
Pkt 20 125 0.16 1
Pkt 16 100 0.16 1
Rate:320
==========
==========99
