4 0 2 24000
Node 47 70 20.2237
Pkt 69 150 0.46 1
Pkt 115 250 0.46 1
Node 58 66 17.8885
Pkt 221 480 0.460417 1
Pkt 221 480 0.460417 1
Node 56 54 7.2111
Pkt 368 800 0.46 1
Pkt 345 750 0.46 1
Node 48 62 12.1655
Pkt 115 250 0.46 1
Pkt 115 250 0.46 1
Rate:920.208
==========
==========0
4 0 2 24000
Node 50 39 11
Pkt 111 240 0.4625 1
Pkt 56 120 0.466667 1
Node 46 70 20.3961
Pkt 221 480 0.460417 1
Pkt 138 300 0.46 1
Node 37 25 28.178
Pkt 345 750 0.46 1
Pkt 368 800 0.46 1
Node 28 73 31.8277
Pkt 89 192 0.463542 1
Pkt 89 192 0.463542 1
Rate:924.167
==========
==========1
4 0 2 24000
Node 48 66 16.1245
Pkt 89 192 0.463542 1
Pkt 115 250 0.46 1
Node 56 67 18.0278
Pkt 148 320 0.4625 1
Pkt 138 300 0.46 1
Node 33 43 18.3848
Pkt 368 800 0.46 1
Pkt 345 750 0.46 1
Node 29 62 24.1868
Pkt 111 240 0.4625 1
Pkt 115 250 0.46 1
Rate:922.135
==========
==========2
4 0 2 24000
Node 65 52 15.1327
Pkt 46 100 0.46 1
Pkt 89 192 0.463542 1
Node 55 71 21.587
Pkt 138 300 0.46 1
Pkt 148 320 0.4625 1
Node 68 30 26.9072
Pkt 368 800 0.46 1
Pkt 345 750 0.46 1
Node 33 43 18.3848
Pkt 92 200 0.46 1
Pkt 69 150 0.46 1
Rate:921.51
==========
==========3
4 0 2 24000
Node 66 70 25.6125
Pkt 69 150 0.46 1
Pkt 89 192 0.463542 1
Node 53 32 18.2483
Pkt 184 400 0.46 1
Pkt 221 480 0.460417 1
Node 65 63 19.8494
Pkt 345 750 0.46 1
Pkt 345 750 0.46 1
Node 64 44 15.2315
Pkt 111 240 0.4625 1
Pkt 115 250 0.46 1
Rate:921.615
==========
==========4
4 0 2 24000
Node 45 52 5.38516
Pkt 74 160 0.4625 1
Pkt 58 125 0.464 1
Node 41 66 18.3576
Pkt 173 375 0.461333 1
Pkt 148 320 0.4625 1
Node 55 27 23.5372
Pkt 368 800 0.46 1
Pkt 368 800 0.46 1
Node 62 63 17.6918
Pkt 46 100 0.46 1
Pkt 58 125 0.464 1
Rate:923.583
==========
==========5
4 0 2 24000
Node 35 58 17
Pkt 58 125 0.464 1
Pkt 74 160 0.4625 1
Node 48 71 21.095
Pkt 138 300 0.46 1
Pkt 173 375 0.461333 1
Node 65 38 19.2094
Pkt 345 750 0.46 1
Pkt 345 750 0.46 1
Node 61 66 19.4165
Pkt 89 192 0.463542 1
Pkt 46 100 0.46 1
Rate:922.844
==========
==========6
4 0 2 24000
Node 37 36 19.105
Pkt 69 150 0.46 1
Pkt 92 200 0.46 1
Node 49 29 21.0238
Pkt 138 300 0.46 1
Pkt 173 375 0.461333 1
Node 60 41 13.4536
Pkt 368 800 0.46 1
Pkt 368 800 0.46 1
Node 44 53 6.7082
Pkt 115 250 0.46 1
Pkt 92 200 0.46 1
Rate:920.333
==========
==========7
4 0 2 24000
Node 72 56 22.8035
Pkt 74 160 0.4625 1
Pkt 92 200 0.46 1
Node 26 62 26.8328
Pkt 138 300 0.46 1
Pkt 184 400 0.46 1
Node 25 31 31.4006
Pkt 368 800 0.46 1
Pkt 368 800 0.46 1
Node 57 63 14.7648
Pkt 69 150 0.46 1
Pkt 92 200 0.46 1
Rate:920.625
==========
==========8
4 0 2 24000
Node 35 51 15.0333
Pkt 74 160 0.4625 1
Pkt 46 100 0.46 1
Node 63 64 19.105
Pkt 138 300 0.46 1
Pkt 138 300 0.46 1
Node 52 38 12.1655
Pkt 345 750 0.46 1
Pkt 368 800 0.46 1
Node 59 74 25.632
Pkt 69 150 0.46 1
Pkt 89 192 0.463542 1
Rate:921.51
==========
==========9
4 0 2 24000
Node 28 55 22.561
Pkt 92 200 0.46 1
Pkt 74 160 0.4625 1
Node 38 70 23.3238
Pkt 148 320 0.4625 1
Pkt 138 300 0.46 1
Node 43 68 19.3132
Pkt 368 800 0.46 1
Pkt 368 800 0.46 1
Node 73 32 29.2062
Pkt 92 200 0.46 1
Pkt 58 125 0.464 1
Rate:922.25
==========
==========10
4 0 2 24000
Node 49 73 23.0217
Pkt 111 240 0.4625 1
Pkt 89 192 0.463542 1
Node 31 50 19
Pkt 184 400 0.46 1
Pkt 138 300 0.46 1
Node 51 68 18.0278
Pkt 345 750 0.46 1
Pkt 345 750 0.46 1
Node 49 28 22.0227
Pkt 111 240 0.4625 1
Pkt 46 100 0.46 1
Rate:922.135
==========
==========11
4 0 2 24000
Node 73 64 26.9258
Pkt 69 150 0.46 1
Pkt 69 150 0.46 1
Node 66 63 20.6155
Pkt 221 480 0.460417 1
Pkt 221 480 0.460417 1
Node 53 61 11.4018
Pkt 345 750 0.46 1
Pkt 368 800 0.46 1
Node 32 25 30.8058
Pkt 58 125 0.464 1
Pkt 115 250 0.46 1
Rate:921.208
==========
==========12
4 0 2 24000
Node 38 64 18.4391
Pkt 58 125 0.464 1
Pkt 115 250 0.46 1
Node 61 67 20.2485
Pkt 173 375 0.461333 1
Pkt 148 320 0.4625 1
Node 70 36 24.4131
Pkt 345 750 0.46 1
Pkt 368 800 0.46 1
Node 55 45 7.07107
Pkt 92 200 0.46 1
Pkt 89 192 0.463542 1
Rate:922.844
==========
==========13
4 0 2 24000
Node 68 30 26.9072
Pkt 111 240 0.4625 1
Pkt 89 192 0.463542 1
Node 45 47 5.83095
Pkt 173 375 0.461333 1
Pkt 173 375 0.461333 1
Node 54 48 4.47214
Pkt 368 800 0.46 1
Pkt 368 800 0.46 1
Node 35 46 15.5242
Pkt 58 125 0.464 1
Pkt 115 250 0.46 1
Rate:923.177
==========
==========14
4 0 2 24000
Node 60 29 23.2594
Pkt 111 240 0.4625 1
Pkt 92 200 0.46 1
Node 33 44 18.0278
Pkt 184 400 0.46 1
Pkt 148 320 0.4625 1
Node 59 28 23.7697
Pkt 368 800 0.46 1
Pkt 368 800 0.46 1
Node 60 58 12.8062
Pkt 89 192 0.463542 1
Pkt 69 150 0.46 1
Rate:922.135
==========
==========15
4 0 2 24000
Node 36 41 16.6433
Pkt 58 125 0.464 1
Pkt 56 120 0.466667 1
Node 60 58 12.8062
Pkt 173 375 0.461333 1
Pkt 173 375 0.461333 1
Node 42 72 23.4094
Pkt 345 750 0.46 1
Pkt 345 750 0.46 1
Node 45 42 9.43398
Pkt 92 200 0.46 1
Pkt 111 240 0.4625 1
Rate:923.958
==========
==========16
4 0 2 24000
Node 67 37 21.4009
Pkt 89 192 0.463542 1
Pkt 56 120 0.466667 1
Node 51 34 16.0312
Pkt 173 375 0.461333 1
Pkt 221 480 0.460417 1
Node 74 47 24.1868
Pkt 345 750 0.46 1
Pkt 368 800 0.46 1
Node 56 46 7.2111
Pkt 69 150 0.46 1
Pkt 89 192 0.463542 1
Rate:923.875
==========
==========17
4 0 2 24000
Node 72 44 22.8035
Pkt 89 192 0.463542 1
Pkt 115 250 0.46 1
Node 38 60 15.6205
Pkt 138 300 0.46 1
Pkt 148 320 0.4625 1
Node 44 26 24.7386
Pkt 345 750 0.46 1
Pkt 345 750 0.46 1
Node 71 62 24.1868
Pkt 56 120 0.466667 1
Pkt 92 200 0.46 1
Rate:923.177
==========
==========18
4 0 2 24000
Node 25 48 25.0799
Pkt 46 100 0.46 1
Pkt 56 120 0.466667 1
Node 67 71 27.0185
Pkt 173 375 0.461333 1
Pkt 173 375 0.461333 1
Node 47 51 3.16228
Pkt 368 800 0.46 1
Pkt 368 800 0.46 1
Node 36 57 15.6525
Pkt 115 250 0.46 1
Pkt 56 120 0.466667 1
Rate:924
==========
==========19
4 0 2 24000
Node 61 45 12.083
Pkt 111 240 0.4625 1
Pkt 56 120 0.466667 1
Node 66 49 16.0312
Pkt 221 480 0.460417 1
Pkt 148 320 0.4625 1
Node 38 53 12.3693
Pkt 345 750 0.46 1
Pkt 368 800 0.46 1
Node 28 46 22.3607
Pkt 69 150 0.46 1
Pkt 56 120 0.466667 1
Rate:924.688
==========
==========20
4 0 2 24000
Node 37 40 16.4012
Pkt 58 125 0.464 1
Pkt 58 125 0.464 1
Node 65 40 18.0278
Pkt 138 300 0.46 1
Pkt 148 320 0.4625 1
Node 61 49 11.0454
Pkt 368 800 0.46 1
Pkt 345 750 0.46 1
Node 61 35 18.6011
Pkt 56 120 0.466667 1
Pkt 92 200 0.46 1
Rate:924.292
==========
==========21
4 0 2 24000
Node 29 26 31.8904
Pkt 69 150 0.46 1
Pkt 89 192 0.463542 1
Node 38 39 16.2788
Pkt 138 300 0.46 1
Pkt 221 480 0.460417 1
Node 27 69 29.8329
Pkt 368 800 0.46 1
Pkt 368 800 0.46 1
Node 55 50 5
Pkt 46 100 0.46 1
Pkt 69 150 0.46 1
Rate:920.99
==========
==========22
4 0 2 24000
Node 67 61 20.2485
Pkt 69 150 0.46 1
Pkt 58 125 0.464 1
Node 45 41 10.2956
Pkt 148 320 0.4625 1
Pkt 138 300 0.46 1
Node 69 34 24.8395
Pkt 368 800 0.46 1
Pkt 345 750 0.46 1
Node 30 73 30.4795
Pkt 115 250 0.46 1
Pkt 58 125 0.464 1
Rate:922.625
==========
==========23
4 0 2 24000
Node 61 64 17.8045
Pkt 89 192 0.463542 1
Pkt 89 192 0.463542 1
Node 50 41 9
Pkt 138 300 0.46 1
Pkt 221 480 0.460417 1
Node 73 29 31.1448
Pkt 368 800 0.46 1
Pkt 345 750 0.46 1
Node 48 62 12.1655
Pkt 115 250 0.46 1
Pkt 74 160 0.4625 1
Rate:922.5
==========
==========24
4 0 2 24000
Node 27 37 26.4197
Pkt 58 125 0.464 1
Pkt 111 240 0.4625 1
Node 36 55 14.8661
Pkt 184 400 0.46 1
Pkt 148 320 0.4625 1
Node 39 52 11.1803
Pkt 345 750 0.46 1
Pkt 368 800 0.46 1
Node 61 73 25.4951
Pkt 56 120 0.466667 1
Pkt 58 125 0.464 1
Rate:924.917
==========
==========25
4 0 2 24000
Node 32 71 27.6586
Pkt 58 125 0.464 1
Pkt 89 192 0.463542 1
Node 42 42 11.3137
Pkt 221 480 0.460417 1
Pkt 184 400 0.46 1
Node 74 61 26.4008
Pkt 345 750 0.46 1
Pkt 345 750 0.46 1
Node 64 45 14.8661
Pkt 115 250 0.46 1
Pkt 46 100 0.46 1
Rate:921.99
==========
==========26
4 0 2 24000
Node 40 26 26
Pkt 115 250 0.46 1
Pkt 56 120 0.466667 1
Node 26 55 24.5153
Pkt 148 320 0.4625 1
Pkt 173 375 0.461333 1
Node 51 48 2.23607
Pkt 368 800 0.46 1
Pkt 368 800 0.46 1
Node 58 65 17
Pkt 74 160 0.4625 1
Pkt 69 150 0.46 1
Rate:923.25
==========
==========27
4 0 2 24000
Node 28 29 30.4138
Pkt 115 250 0.46 1
Pkt 111 240 0.4625 1
Node 66 31 24.8395
Pkt 138 300 0.46 1
Pkt 173 375 0.461333 1
Node 30 67 26.2488
Pkt 368 800 0.46 1
Pkt 368 800 0.46 1
Node 67 37 21.4009
Pkt 69 150 0.46 1
Pkt 69 150 0.46 1
Rate:920.958
==========
==========28
4 0 2 24000
Node 73 70 30.4795
Pkt 111 240 0.4625 1
Pkt 46 100 0.46 1
Node 64 55 14.8661
Pkt 173 375 0.461333 1
Pkt 138 300 0.46 1
Node 39 28 24.5967
Pkt 368 800 0.46 1
Pkt 345 750 0.46 1
Node 53 44 6.7082
Pkt 74 160 0.4625 1
Pkt 56 120 0.466667 1
Rate:923.25
==========
==========29
4 0 2 24000
Node 56 36 15.2315
Pkt 69 150 0.46 1
Pkt 69 150 0.46 1
Node 72 46 22.3607
Pkt 184 400 0.46 1
Pkt 221 480 0.460417 1
Node 30 56 20.8806
Pkt 345 750 0.46 1
Pkt 368 800 0.46 1
Node 54 61 11.7047
Pkt 69 150 0.46 1
Pkt 111 240 0.4625 1
Rate:920.729
==========
==========30
4 0 2 24000
Node 64 34 21.2603
Pkt 115 250 0.46 1
Pkt 74 160 0.4625 1
Node 46 46 5.65685
Pkt 173 375 0.461333 1
Pkt 184 400 0.46 1
Node 43 61 13.0384
Pkt 368 800 0.46 1
Pkt 345 750 0.46 1
Node 29 27 31.1448
Pkt 115 250 0.46 1
Pkt 111 240 0.4625 1
Rate:921.583
==========
==========31
4 0 2 24000
Node 71 74 31.8904
Pkt 89 192 0.463542 1
Pkt 92 200 0.46 1
Node 68 62 21.6333
Pkt 221 480 0.460417 1
Pkt 138 300 0.46 1
Node 29 71 29.6985
Pkt 368 800 0.46 1
Pkt 345 750 0.46 1
Node 62 60 15.6205
Pkt 69 150 0.46 1
Pkt 92 200 0.46 1
Rate:920.99
==========
==========32
4 0 2 24000
Node 38 74 26.8328
Pkt 111 240 0.4625 1
Pkt 58 125 0.464 1
Node 62 48 12.1655
Pkt 138 300 0.46 1
Pkt 184 400 0.46 1
Node 60 53 10.4403
Pkt 345 750 0.46 1
Pkt 345 750 0.46 1
Node 32 34 24.0832
Pkt 46 100 0.46 1
Pkt 89 192 0.463542 1
Rate:922.51
==========
==========33
4 0 2 24000
Node 37 27 26.4197
Pkt 58 125 0.464 1
Pkt 92 200 0.46 1
Node 27 31 29.8329
Pkt 221 480 0.460417 1
Pkt 148 320 0.4625 1
Node 41 58 12.0416
Pkt 345 750 0.46 1
Pkt 368 800 0.46 1
Node 45 63 13.9284
Pkt 46 100 0.46 1
Pkt 58 125 0.464 1
Rate:922.729
==========
==========34
4 0 2 24000
Node 41 62 15
Pkt 89 192 0.463542 1
Pkt 56 120 0.466667 1
Node 63 32 22.2036
Pkt 221 480 0.460417 1
Pkt 138 300 0.46 1
Node 66 31 24.8395
Pkt 345 750 0.46 1
Pkt 345 750 0.46 1
Node 31 54 19.4165
Pkt 56 120 0.466667 1
Pkt 115 250 0.46 1
Rate:924.323
==========
==========35
4 0 2 24000
Node 71 52 21.095
Pkt 111 240 0.4625 1
Pkt 69 150 0.46 1
Node 36 27 26.9258
Pkt 221 480 0.460417 1
Pkt 138 300 0.46 1
Node 66 33 23.3452
Pkt 345 750 0.46 1
Pkt 368 800 0.46 1
Node 55 41 10.2956
Pkt 111 240 0.4625 1
Pkt 74 160 0.4625 1
Rate:921.979
==========
==========36
4 0 2 24000
Node 66 64 21.2603
Pkt 111 240 0.4625 1
Pkt 58 125 0.464 1
Node 31 26 30.6105
Pkt 184 400 0.46 1
Pkt 221 480 0.460417 1
Node 66 41 18.3576
Pkt 368 800 0.46 1
Pkt 345 750 0.46 1
Node 74 52 24.0832
Pkt 92 200 0.46 1
Pkt 115 250 0.46 1
Rate:921.729
==========
==========37
4 0 2 24000
Node 51 47 3.16228
Pkt 111 240 0.4625 1
Pkt 92 200 0.46 1
Node 51 31 19.0263
Pkt 173 375 0.461333 1
Pkt 138 300 0.46 1
Node 47 53 4.24264
Pkt 345 750 0.46 1
Pkt 368 800 0.46 1
Node 69 36 23.6008
Pkt 46 100 0.46 1
Pkt 111 240 0.4625 1
Rate:921.583
==========
==========38
4 0 2 24000
Node 47 33 17.2627
Pkt 58 125 0.464 1
Pkt 111 240 0.4625 1
Node 69 68 26.1725
Pkt 138 300 0.46 1
Pkt 138 300 0.46 1
Node 53 70 20.2237
Pkt 368 800 0.46 1
Pkt 368 800 0.46 1
Node 56 27 23.7697
Pkt 69 150 0.46 1
Pkt 111 240 0.4625 1
Rate:922.25
==========
==========39
4 0 2 24000
Node 57 37 14.7648
Pkt 111 240 0.4625 1
Pkt 58 125 0.464 1
Node 40 66 18.868
Pkt 148 320 0.4625 1
Pkt 138 300 0.46 1
Node 51 25 25.02
Pkt 345 750 0.46 1
Pkt 345 750 0.46 1
Node 34 46 16.4924
Pkt 92 200 0.46 1
Pkt 46 100 0.46 1
Rate:922.25
==========
==========40
4 0 2 24000
Node 49 61 11.0454
Pkt 58 125 0.464 1
Pkt 89 192 0.463542 1
Node 40 65 18.0278
Pkt 138 300 0.46 1
Pkt 148 320 0.4625 1
Node 44 65 16.1555
Pkt 345 750 0.46 1
Pkt 345 750 0.46 1
Node 39 73 25.4951
Pkt 46 100 0.46 1
Pkt 89 192 0.463542 1
Rate:923.396
==========
==========41
4 0 2 24000
Node 73 46 23.3452
Pkt 56 120 0.466667 1
Pkt 111 240 0.4625 1
Node 41 74 25.632
Pkt 173 375 0.461333 1
Pkt 173 375 0.461333 1
Node 49 43 7.07107
Pkt 345 750 0.46 1
Pkt 368 800 0.46 1
Node 50 73 23
Pkt 69 150 0.46 1
Pkt 74 160 0.4625 1
Rate:923.583
==========
==========42
4 0 2 24000
Node 71 35 25.807
Pkt 56 120 0.466667 1
Pkt 111 240 0.4625 1
Node 34 72 27.2029
Pkt 148 320 0.4625 1
Pkt 184 400 0.46 1
Node 43 47 7.61577
Pkt 368 800 0.46 1
Pkt 345 750 0.46 1
Node 53 69 19.2354
Pkt 89 192 0.463542 1
Pkt 89 192 0.463542 1
Rate:924.687
==========
==========43
4 0 2 24000
Node 26 53 24.1868
Pkt 92 200 0.46 1
Pkt 46 100 0.46 1
Node 73 57 24.0416
Pkt 221 480 0.460417 1
Pkt 173 375 0.461333 1
Node 37 27 26.4197
Pkt 345 750 0.46 1
Pkt 368 800 0.46 1
Node 70 62 23.3238
Pkt 46 100 0.46 1
Pkt 69 150 0.46 1
Rate:920.438
==========
==========44
4 0 2 24000
Node 42 61 13.6015
Pkt 46 100 0.46 1
Pkt 111 240 0.4625 1
Node 42 63 15.2643
Pkt 173 375 0.461333 1
Pkt 138 300 0.46 1
Node 41 37 15.8114
Pkt 368 800 0.46 1
Pkt 345 750 0.46 1
Node 37 54 13.6015
Pkt 89 192 0.463542 1
Pkt 69 150 0.46 1
Rate:921.844
==========
==========45
4 0 2 24000
Node 32 59 20.1246
Pkt 69 150 0.46 1
Pkt 74 160 0.4625 1
Node 65 33 22.6716
Pkt 138 300 0.46 1
Pkt 221 480 0.460417 1
Node 55 31 19.6469
Pkt 368 800 0.46 1
Pkt 368 800 0.46 1
Node 47 34 16.2788
Pkt 89 192 0.463542 1
Pkt 92 200 0.46 1
Rate:921.615
==========
==========46
4 0 2 24000
Node 46 68 18.4391
Pkt 46 100 0.46 1
Pkt 46 100 0.46 1
Node 32 71 27.6586
Pkt 138 300 0.46 1
Pkt 148 320 0.4625 1
Node 47 25 25.1794
Pkt 368 800 0.46 1
Pkt 368 800 0.46 1
Node 43 49 7.07107
Pkt 115 250 0.46 1
Pkt 74 160 0.4625 1
Rate:921.25
==========
==========47
4 0 2 24000
Node 46 34 16.4924
Pkt 58 125 0.464 1
Pkt 69 150 0.46 1
Node 48 53 3.60555
Pkt 148 320 0.4625 1
Pkt 173 375 0.461333 1
Node 57 74 25
Pkt 345 750 0.46 1
Pkt 345 750 0.46 1
Node 43 30 21.1896
Pkt 69 150 0.46 1
Pkt 69 150 0.46 1
Rate:921.958
==========
==========48
4 0 2 24000
Node 55 61 12.083
Pkt 74 160 0.4625 1
Pkt 69 150 0.46 1
Node 64 35 20.5183
Pkt 221 480 0.460417 1
Pkt 184 400 0.46 1
Node 63 26 27.2947
Pkt 345 750 0.46 1
Pkt 345 750 0.46 1
Node 54 50 4
Pkt 89 192 0.463542 1
Pkt 111 240 0.4625 1
Rate:922.24
==========
==========49
4 0 2 24000
Node 42 55 9.43398
Pkt 115 250 0.46 1
Pkt 69 150 0.46 1
Node 47 69 19.2354
Pkt 221 480 0.460417 1
Pkt 184 400 0.46 1
Node 32 38 21.6333
Pkt 368 800 0.46 1
Pkt 345 750 0.46 1
Node 35 67 22.6716
Pkt 56 120 0.466667 1
Pkt 56 120 0.466667 1
Rate:923.438
==========
==========50
4 0 2 24000
Node 37 72 25.5539
Pkt 115 250 0.46 1
Pkt 115 250 0.46 1
Node 62 74 26.8328
Pkt 184 400 0.46 1
Pkt 138 300 0.46 1
Node 43 30 21.1896
Pkt 345 750 0.46 1
Pkt 345 750 0.46 1
Node 64 39 17.8045
Pkt 89 192 0.463542 1
Pkt 69 150 0.46 1
Rate:920.885
==========
==========51
4 0 2 24000
Node 74 26 33.9411
Pkt 115 250 0.46 1
Pkt 74 160 0.4625 1
Node 44 53 6.7082
Pkt 221 480 0.460417 1
Pkt 221 480 0.460417 1
Node 67 44 18.0278
Pkt 345 750 0.46 1
Pkt 345 750 0.46 1
Node 65 72 26.6271
Pkt 111 240 0.4625 1
Pkt 89 192 0.463542 1
Rate:922.344
==========
==========52
4 0 2 24000
Node 57 68 19.3132
Pkt 74 160 0.4625 1
Pkt 46 100 0.46 1
Node 72 27 31.8277
Pkt 148 320 0.4625 1
Pkt 138 300 0.46 1
Node 49 25 25.02
Pkt 368 800 0.46 1
Pkt 345 750 0.46 1
Node 67 56 18.0278
Pkt 69 150 0.46 1
Pkt 56 120 0.466667 1
Rate:922.917
==========
==========53
4 0 2 24000
Node 63 74 27.2947
Pkt 92 200 0.46 1
Pkt 115 250 0.46 1
Node 72 56 22.8035
Pkt 138 300 0.46 1
Pkt 173 375 0.461333 1
Node 33 37 21.4009
Pkt 368 800 0.46 1
Pkt 345 750 0.46 1
Node 72 27 31.8277
Pkt 46 100 0.46 1
Pkt 92 200 0.46 1
Rate:920.333
==========
==========54
4 0 2 24000
Node 46 71 21.3776
Pkt 58 125 0.464 1
Pkt 58 125 0.464 1
Node 27 41 24.6982
Pkt 221 480 0.460417 1
Pkt 173 375 0.461333 1
Node 74 63 27.2947
Pkt 345 750 0.46 1
Pkt 368 800 0.46 1
Node 40 57 12.2066
Pkt 111 240 0.4625 1
Pkt 56 120 0.466667 1
Rate:924.729
==========
==========55
4 0 2 24000
Node 47 60 10.4403
Pkt 46 100 0.46 1
Pkt 46 100 0.46 1
Node 60 71 23.2594
Pkt 138 300 0.46 1
Pkt 148 320 0.4625 1
Node 50 38 12
Pkt 345 750 0.46 1
Pkt 345 750 0.46 1
Node 37 32 22.2036
Pkt 74 160 0.4625 1
Pkt 111 240 0.4625 1
Rate:921.875
==========
==========56
4 0 2 24000
Node 65 36 20.5183
Pkt 74 160 0.4625 1
Pkt 69 150 0.46 1
Node 42 65 17
Pkt 148 320 0.4625 1
Pkt 221 480 0.460417 1
Node 40 55 11.1803
Pkt 345 750 0.46 1
Pkt 368 800 0.46 1
Node 51 45 5.09902
Pkt 115 250 0.46 1
Pkt 115 250 0.46 1
Rate:921.354
==========
==========57
4 0 2 24000
Node 50 26 24
Pkt 69 150 0.46 1
Pkt 69 150 0.46 1
Node 65 74 28.3019
Pkt 184 400 0.46 1
Pkt 138 300 0.46 1
Node 31 48 19.105
Pkt 345 750 0.46 1
Pkt 368 800 0.46 1
Node 41 43 11.4018
Pkt 58 125 0.464 1
Pkt 92 200 0.46 1
Rate:921
==========
==========58
4 0 2 24000
Node 73 74 33.2415
Pkt 58 125 0.464 1
Pkt 46 100 0.46 1
Node 37 52 13.1529
Pkt 148 320 0.4625 1
Pkt 221 480 0.460417 1
Node 28 61 24.5967
Pkt 368 800 0.46 1
Pkt 345 750 0.46 1
Node 36 50 14
Pkt 46 100 0.46 1
Pkt 111 240 0.4625 1
Rate:922.354
==========
==========59
4 0 2 24000
Node 71 33 27.0185
Pkt 69 150 0.46 1
Pkt 74 160 0.4625 1
Node 57 74 25
Pkt 138 300 0.46 1
Pkt 148 320 0.4625 1
Node 70 45 20.6155
Pkt 368 800 0.46 1
Pkt 345 750 0.46 1
Node 73 72 31.8277
Pkt 46 100 0.46 1
Pkt 69 150 0.46 1
Rate:921.25
==========
==========60
4 0 2 24000
Node 58 46 8.94427
Pkt 69 150 0.46 1
Pkt 115 250 0.46 1
Node 63 74 27.2947
Pkt 221 480 0.460417 1
Pkt 138 300 0.46 1
Node 51 43 7.07107
Pkt 345 750 0.46 1
Pkt 368 800 0.46 1
Node 52 57 7.28011
Pkt 46 100 0.46 1
Pkt 111 240 0.4625 1
Rate:920.729
==========
==========61
4 0 2 24000
Node 74 51 24.0208
Pkt 58 125 0.464 1
Pkt 89 192 0.463542 1
Node 49 70 20.025
Pkt 184 400 0.46 1
Pkt 173 375 0.461333 1
Node 64 67 22.0227
Pkt 368 800 0.46 1
Pkt 368 800 0.46 1
Node 61 57 13.0384
Pkt 58 125 0.464 1
Pkt 56 120 0.466667 1
Rate:924.885
==========
==========62
4 0 2 24000
Node 74 52 24.0832
Pkt 115 250 0.46 1
Pkt 111 240 0.4625 1
Node 29 69 28.3196
Pkt 221 480 0.460417 1
Pkt 138 300 0.46 1
Node 58 33 18.7883
Pkt 345 750 0.46 1
Pkt 368 800 0.46 1
Node 44 28 22.8035
Pkt 115 250 0.46 1
Pkt 56 120 0.466667 1
Rate:922.396
==========
==========63
4 0 2 24000
Node 28 40 24.1661
Pkt 69 150 0.46 1
Pkt 69 150 0.46 1
Node 66 68 24.0832
Pkt 184 400 0.46 1
Pkt 184 400 0.46 1
Node 29 67 27.0185
Pkt 345 750 0.46 1
Pkt 368 800 0.46 1
Node 27 55 23.5372
Pkt 69 150 0.46 1
Pkt 115 250 0.46 1
Rate:920
==========
==========64
4 0 2 24000
Node 47 47 4.24264
Pkt 115 250 0.46 1
Pkt 115 250 0.46 1
Node 52 41 9.21954
Pkt 138 300 0.46 1
Pkt 173 375 0.461333 1
Node 53 42 8.544
Pkt 368 800 0.46 1
Pkt 368 800 0.46 1
Node 58 53 8.544
Pkt 89 192 0.463542 1
Pkt 111 240 0.4625 1
Rate:921.844
==========
==========65
4 0 2 24000
Node 59 33 19.2354
Pkt 58 125 0.464 1
Pkt 46 100 0.46 1
Node 53 67 17.2627
Pkt 148 320 0.4625 1
Pkt 138 300 0.46 1
Node 26 62 26.8328
Pkt 345 750 0.46 1
Pkt 345 750 0.46 1
Node 47 73 23.1948
Pkt 111 240 0.4625 1
Pkt 111 240 0.4625 1
Rate:922.875
==========
==========66
4 0 2 24000
Node 36 53 14.3178
Pkt 74 160 0.4625 1
Pkt 58 125 0.464 1
Node 25 50 25
Pkt 138 300 0.46 1
Pkt 173 375 0.461333 1
Node 61 42 13.6015
Pkt 368 800 0.46 1
Pkt 345 750 0.46 1
Node 56 28 22.8035
Pkt 69 150 0.46 1
Pkt 89 192 0.463542 1
Rate:922.844
==========
==========67
4 0 2 24000
Node 39 52 11.1803
Pkt 74 160 0.4625 1
Pkt 69 150 0.46 1
Node 64 62 18.4391
Pkt 138 300 0.46 1
Pkt 221 480 0.460417 1
Node 72 26 32.5576
Pkt 345 750 0.46 1
Pkt 368 800 0.46 1
Node 54 43 8.06226
Pkt 56 120 0.466667 1
Pkt 74 160 0.4625 1
Rate:923.021
==========
==========68
4 0 2 24000
Node 69 39 21.9545
Pkt 111 240 0.4625 1
Pkt 46 100 0.46 1
Node 46 47 5
Pkt 221 480 0.460417 1
Pkt 148 320 0.4625 1
Node 72 69 29.0689
Pkt 368 800 0.46 1
Pkt 345 750 0.46 1
Node 71 29 29.6985
Pkt 92 200 0.46 1
Pkt 74 160 0.4625 1
Rate:921.979
==========
==========69
4 0 2 24000
Node 62 60 15.6205
Pkt 89 192 0.463542 1
Pkt 111 240 0.4625 1
Node 26 47 24.1868
Pkt 138 300 0.46 1
Pkt 148 320 0.4625 1
Node 25 42 26.2488
Pkt 345 750 0.46 1
Pkt 345 750 0.46 1
Node 41 67 19.2354
Pkt 115 250 0.46 1
Pkt 46 100 0.46 1
Rate:922.135
==========
==========70
4 0 2 24000
Node 74 65 28.3019
Pkt 56 120 0.466667 1
Pkt 69 150 0.46 1
Node 72 47 22.2036
Pkt 221 480 0.460417 1
Pkt 184 400 0.46 1
Node 42 59 12.0416
Pkt 368 800 0.46 1
Pkt 368 800 0.46 1
Node 31 59 21.0238
Pkt 74 160 0.4625 1
Pkt 89 192 0.463542 1
Rate:923.281
==========
==========71
4 0 2 24000
Node 70 58 21.5407
Pkt 89 192 0.463542 1
Pkt 56 120 0.466667 1
Node 44 52 6.32456
Pkt 173 375 0.461333 1
Pkt 173 375 0.461333 1
Node 50 43 7
Pkt 345 750 0.46 1
Pkt 345 750 0.46 1
Node 62 31 22.4722
Pkt 111 240 0.4625 1
Pkt 115 250 0.46 1
Rate:923.844
==========
==========72
4 0 2 24000
Node 56 37 14.3178
Pkt 92 200 0.46 1
Pkt 46 100 0.46 1
Node 61 68 21.095
Pkt 148 320 0.4625 1
Pkt 138 300 0.46 1
Node 51 42 8.06226
Pkt 345 750 0.46 1
Pkt 345 750 0.46 1
Node 70 28 29.7321
Pkt 111 240 0.4625 1
Pkt 58 125 0.464 1
Rate:922.25
==========
==========73
4 0 2 24000
Node 59 54 9.84886
Pkt 92 200 0.46 1
Pkt 115 250 0.46 1
Node 35 27 27.4591
Pkt 138 300 0.46 1
Pkt 184 400 0.46 1
Node 54 49 4.12311
Pkt 368 800 0.46 1
Pkt 368 800 0.46 1
Node 49 46 4.12311
Pkt 89 192 0.463542 1
Pkt 92 200 0.46 1
Rate:920.885
==========
==========74
4 0 2 24000
Node 59 33 19.2354
Pkt 56 120 0.466667 1
Pkt 111 240 0.4625 1
Node 62 29 24.1868
Pkt 221 480 0.460417 1
Pkt 138 300 0.46 1
Node 34 47 16.2788
Pkt 368 800 0.46 1
Pkt 345 750 0.46 1
Node 65 51 15.0333
Pkt 69 150 0.46 1
Pkt 56 120 0.466667 1
Rate:924.063
==========
==========75
4 0 2 24000
Node 34 51 16.0312
Pkt 74 160 0.4625 1
Pkt 58 125 0.464 1
Node 62 66 20
Pkt 173 375 0.461333 1
Pkt 221 480 0.460417 1
Node 45 74 24.5153
Pkt 345 750 0.46 1
Pkt 368 800 0.46 1
Node 74 69 30.6105
Pkt 69 150 0.46 1
Pkt 74 160 0.4625 1
Rate:922.688
==========
==========76
4 0 2 24000
Node 31 47 19.2354
Pkt 58 125 0.464 1
Pkt 115 250 0.46 1
Node 32 50 18
Pkt 148 320 0.4625 1
Pkt 173 375 0.461333 1
Node 70 52 20.0998
Pkt 368 800 0.46 1
Pkt 345 750 0.46 1
Node 26 44 24.7386
Pkt 69 150 0.46 1
Pkt 115 250 0.46 1
Rate:921.958
==========
==========77
4 0 2 24000
Node 59 65 17.4929
Pkt 74 160 0.4625 1
Pkt 46 100 0.46 1
Node 70 30 28.2843
Pkt 148 320 0.4625 1
Pkt 173 375 0.461333 1
Node 68 57 19.3132
Pkt 368 800 0.46 1
Pkt 345 750 0.46 1
Node 36 71 25.2389
Pkt 58 125 0.464 1
Pkt 89 192 0.463542 1
Rate:923.469
==========
==========78
4 0 2 24000
Node 47 64 14.3178
Pkt 92 200 0.46 1
Pkt 56 120 0.466667 1
Node 39 62 16.2788
Pkt 173 375 0.461333 1
Pkt 148 320 0.4625 1
Node 41 35 17.4929
Pkt 368 800 0.46 1
Pkt 345 750 0.46 1
Node 42 32 19.6977
Pkt 89 192 0.463542 1
Pkt 58 125 0.464 1
Rate:924.51
==========
==========79
4 0 2 24000
Node 72 33 27.8029
Pkt 56 120 0.466667 1
Pkt 56 120 0.466667 1
Node 74 68 30
Pkt 221 480 0.460417 1
Pkt 221 480 0.460417 1
Node 64 32 22.8035
Pkt 368 800 0.46 1
Pkt 345 750 0.46 1
Node 33 33 24.0416
Pkt 115 250 0.46 1
Pkt 111 240 0.4625 1
Rate:924.167
==========
==========80
4 0 2 24000
Node 67 44 18.0278
Pkt 111 240 0.4625 1
Pkt 89 192 0.463542 1
Node 46 59 9.84886
Pkt 173 375 0.461333 1
Pkt 148 320 0.4625 1
Node 53 33 17.2627
Pkt 368 800 0.46 1
Pkt 345 750 0.46 1
Node 44 73 23.7697
Pkt 74 160 0.4625 1
Pkt 58 125 0.464 1
Rate:924.094
==========
==========81
4 0 2 24000
Node 25 73 33.9706
Pkt 115 250 0.46 1
Pkt 74 160 0.4625 1
Node 71 25 32.6497
Pkt 138 300 0.46 1
Pkt 184 400 0.46 1
Node 68 45 18.6815
Pkt 368 800 0.46 1
Pkt 368 800 0.46 1
Node 28 45 22.561
Pkt 46 100 0.46 1
Pkt 74 160 0.4625 1
Rate:921.25
==========
==========82
4 0 2 24000
Node 60 31 21.4709
Pkt 69 150 0.46 1
Pkt 56 120 0.466667 1
Node 69 29 28.3196
Pkt 148 320 0.4625 1
Pkt 184 400 0.46 1
Node 55 50 5
Pkt 368 800 0.46 1
Pkt 368 800 0.46 1
Node 47 43 7.61577
Pkt 74 160 0.4625 1
Pkt 111 240 0.4625 1
Rate:923.542
==========
==========83
4 0 2 24000
Node 39 38 16.2788
Pkt 46 100 0.46 1
Pkt 89 192 0.463542 1
Node 43 60 12.2066
Pkt 221 480 0.460417 1
Pkt 148 320 0.4625 1
Node 47 27 23.1948
Pkt 368 800 0.46 1
Pkt 368 800 0.46 1
Node 59 50 9
Pkt 111 240 0.4625 1
Pkt 115 250 0.46 1
Rate:922.24
==========
==========84
4 0 2 24000
Node 36 66 21.2603
Pkt 74 160 0.4625 1
Pkt 69 150 0.46 1
Node 31 34 24.8395
Pkt 184 400 0.46 1
Pkt 221 480 0.460417 1
Node 31 58 20.6155
Pkt 345 750 0.46 1
Pkt 345 750 0.46 1
Node 61 62 16.2788
Pkt 92 200 0.46 1
Pkt 74 160 0.4625 1
Rate:921.354
==========
==========85
4 0 2 24000
Node 48 67 17.1172
Pkt 69 150 0.46 1
Pkt 74 160 0.4625 1
Node 72 65 26.6271
Pkt 148 320 0.4625 1
Pkt 148 320 0.4625 1
Node 57 28 23.0868
Pkt 368 800 0.46 1
Pkt 345 750 0.46 1
Node 64 57 15.6525
Pkt 46 100 0.46 1
Pkt 89 192 0.463542 1
Rate:922.76
==========
==========86
4 0 2 24000
Node 31 40 21.4709
Pkt 69 150 0.46 1
Pkt 89 192 0.463542 1
Node 27 66 28.0179
Pkt 138 300 0.46 1
Pkt 221 480 0.460417 1
Node 44 68 18.9737
Pkt 368 800 0.46 1
Pkt 368 800 0.46 1
Node 62 30 23.3238
Pkt 115 250 0.46 1
Pkt 89 192 0.463542 1
Rate:921.875
==========
==========87
4 0 2 24000
Node 27 34 28.0179
Pkt 56 120 0.466667 1
Pkt 58 125 0.464 1
Node 26 26 33.9411
Pkt 184 400 0.46 1
Pkt 184 400 0.46 1
Node 43 71 22.1359
Pkt 368 800 0.46 1
Pkt 368 800 0.46 1
Node 55 41 10.2956
Pkt 89 192 0.463542 1
Pkt 58 125 0.464 1
Rate:924.552
==========
==========88
4 0 2 24000
Node 37 27 26.4197
Pkt 69 150 0.46 1
Pkt 74 160 0.4625 1
Node 67 40 19.7231
Pkt 184 400 0.46 1
Pkt 148 320 0.4625 1
Node 46 54 5.65685
Pkt 345 750 0.46 1
Pkt 368 800 0.46 1
Node 70 31 27.5862
Pkt 92 200 0.46 1
Pkt 89 192 0.463542 1
Rate:922.135
==========
==========89
4 0 2 24000
Node 61 35 18.6011
Pkt 89 192 0.463542 1
Pkt 115 250 0.46 1
Node 58 73 24.3516
Pkt 184 400 0.46 1
Pkt 184 400 0.46 1
Node 27 66 28.0179
Pkt 368 800 0.46 1
Pkt 368 800 0.46 1
Node 61 73 25.4951
Pkt 89 192 0.463542 1
Pkt 92 200 0.46 1
Rate:921.771
==========
==========90
4 0 2 24000
Node 65 38 19.2094
Pkt 89 192 0.463542 1
Pkt 89 192 0.463542 1
Node 37 38 17.6918
Pkt 138 300 0.46 1
Pkt 138 300 0.46 1
Node 43 74 25
Pkt 345 750 0.46 1
Pkt 368 800 0.46 1
Node 39 68 21.095
Pkt 56 120 0.466667 1
Pkt 89 192 0.463542 1
Rate:924.323
==========
==========91
4 0 2 24000
Node 58 58 11.3137
Pkt 111 240 0.4625 1
Pkt 89 192 0.463542 1
Node 64 67 22.0227
Pkt 173 375 0.461333 1
Pkt 221 480 0.460417 1
Node 68 34 24.0832
Pkt 368 800 0.46 1
Pkt 345 750 0.46 1
Node 27 30 30.4795
Pkt 89 192 0.463542 1
Pkt 58 125 0.464 1
Rate:923.833
==========
==========92
4 0 2 24000
Node 56 32 18.9737
Pkt 111 240 0.4625 1
Pkt 58 125 0.464 1
Node 61 49 11.0454
Pkt 184 400 0.46 1
Pkt 138 300 0.46 1
Node 70 30 28.2843
Pkt 368 800 0.46 1
Pkt 345 750 0.46 1
Node 44 64 15.2315
Pkt 56 120 0.466667 1
Pkt 111 240 0.4625 1
Rate:923.917
==========
==========93
4 0 2 24000
Node 64 38 18.4391
Pkt 89 192 0.463542 1
Pkt 92 200 0.46 1
Node 46 71 21.3776
Pkt 138 300 0.46 1
Pkt 148 320 0.4625 1
Node 65 65 21.2132
Pkt 345 750 0.46 1
Pkt 345 750 0.46 1
Node 58 63 15.2643
Pkt 111 240 0.4625 1
Pkt 111 240 0.4625 1
Rate:922.76
==========
==========94
4 0 2 24000
Node 48 27 23.0868
Pkt 46 100 0.46 1
Pkt 92 200 0.46 1
Node 73 44 23.7697
Pkt 173 375 0.461333 1
Pkt 138 300 0.46 1
Node 40 32 20.5913
Pkt 368 800 0.46 1
Pkt 368 800 0.46 1
Node 34 53 16.2788
Pkt 46 100 0.46 1
Pkt 58 125 0.464 1
Rate:921.333
==========
==========95
4 0 2 24000
Node 50 31 19
Pkt 111 240 0.4625 1
Pkt 111 240 0.4625 1
Node 33 50 17
Pkt 221 480 0.460417 1
Pkt 221 480 0.460417 1
Node 42 34 17.8885
Pkt 368 800 0.46 1
Pkt 368 800 0.46 1
Node 50 25 25
Pkt 111 240 0.4625 1
Pkt 111 240 0.4625 1
Rate:922.708
==========
==========96
4 0 2 24000
Node 35 59 17.4929
Pkt 56 120 0.466667 1
Pkt 92 200 0.46 1
Node 39 35 18.6011
Pkt 148 320 0.4625 1
Pkt 221 480 0.460417 1
Node 30 73 30.4795
Pkt 345 750 0.46 1
Pkt 345 750 0.46 1
Node 29 59 22.8473
Pkt 92 200 0.46 1
Pkt 58 125 0.464 1
Rate:923.396
==========
==========97
4 0 2 24000
Node 71 70 29
Pkt 56 120 0.466667 1
Pkt 92 200 0.46 1
Node 39 65 18.6011
Pkt 221 480 0.460417 1
Pkt 173 375 0.461333 1
Node 31 56 19.9249
Pkt 368 800 0.46 1
Pkt 345 750 0.46 1
Node 59 31 21.0238
Pkt 111 240 0.4625 1
Pkt 74 160 0.4625 1
Rate:923.354
==========
==========98
4 0 2 24000
Node 65 25 29.1548
Pkt 115 250 0.46 1
Pkt 89 192 0.463542 1
Node 69 30 27.5862
Pkt 173 375 0.461333 1
Pkt 173 375 0.461333 1
Node 25 32 30.8058
Pkt 345 750 0.46 1
Pkt 345 750 0.46 1
Node 59 35 17.4929
Pkt 58 125 0.464 1
Pkt 92 200 0.46 1
Rate:922.552
==========
==========99
