4 0 2 24000
Node 34 66 22.6274
Pkt 50 125 0.4 1
Pkt 60 150 0.4 1
Node 25 57 25.9615
Pkt 192 480 0.4 1
Pkt 192 480 0.4 1
Node 29 55 21.587
Pkt 320 800 0.4 1
Pkt 320 800 0.4 1
Node 49 67 17.0294
Pkt 40 100 0.4 1
Pkt 40 100 0.4 1
Rate:800
==========
==========0
4 0 2 24000
Node 44 56 8.48528
Pkt 96 240 0.4 1
Pkt 96 240 0.4 1
Node 46 41 9.84886
Pkt 120 300 0.4 1
Pkt 120 300 0.4 1
Node 66 41 18.3576
Pkt 320 800 0.4 1
Pkt 320 800 0.4 1
Node 49 32 18.0278
Pkt 60 150 0.4 1
Pkt 40 100 0.4 1
Rate:800
==========
==========1
4 0 2 24000
Node 55 41 10.2956
Pkt 48 120 0.4 1
Pkt 96 240 0.4 1
Node 42 57 10.6301
Pkt 150 375 0.4 1
Pkt 160 400 0.4 1
Node 51 56 6.08276
Pkt 300 750 0.4 1
Pkt 320 800 0.4 1
Node 67 50 17
Pkt 40 100 0.4 1
Pkt 48 120 0.4 1
Rate:800
==========
==========2
4 0 2 24000
Node 33 41 19.2354
Pkt 48 120 0.4 1
Pkt 80 200 0.4 1
Node 37 60 16.4012
Pkt 128 320 0.4 1
Pkt 128 320 0.4 1
Node 74 74 33.9411
Pkt 320 800 0.4 1
Pkt 300 750 0.4 1
Node 45 72 22.561
Pkt 80 200 0.4 1
Pkt 96 240 0.4 1
Rate:800
==========
==========3
4 0 2 24000
Node 62 71 24.1868
Pkt 64 160 0.4 1
Pkt 80 200 0.4 1
Node 72 73 31.8277
Pkt 160 400 0.4 1
Pkt 150 375 0.4 1
Node 66 73 28.0179
Pkt 300 750 0.4 1
Pkt 300 750 0.4 1
Node 61 52 11.1803
Pkt 64 160 0.4 1
Pkt 100 250 0.4 1
Rate:800
==========
==========4
4 0 2 24000
Node 64 59 16.6433
Pkt 77 192 0.401042 1
Pkt 48 120 0.4 1
Node 46 44 7.2111
Pkt 192 480 0.4 1
Pkt 192 480 0.4 1
Node 43 51 7.07107
Pkt 300 750 0.4 1
Pkt 300 750 0.4 1
Node 40 38 15.6205
Pkt 100 250 0.4 1
Pkt 40 100 0.4 1
Rate:800.26
==========
==========5
4 0 2 24000
Node 46 48 4.47214
Pkt 64 160 0.4 1
Pkt 96 240 0.4 1
Node 42 60 12.8062
Pkt 192 480 0.4 1
Pkt 192 480 0.4 1
Node 48 41 9.21954
Pkt 320 800 0.4 1
Pkt 300 750 0.4 1
Node 37 73 26.4197
Pkt 80 200 0.4 1
Pkt 64 160 0.4 1
Rate:800
==========
==========6
4 0 2 24000
Node 61 69 21.9545
Pkt 77 192 0.401042 1
Pkt 50 125 0.4 1
Node 64 50 14
Pkt 160 400 0.4 1
Pkt 128 320 0.4 1
Node 53 52 3.60555
Pkt 300 750 0.4 1
Pkt 300 750 0.4 1
Node 62 33 20.8087
Pkt 64 160 0.4 1
Pkt 96 240 0.4 1
Rate:800.26
==========
==========7
4 0 2 24000
Node 51 39 11.0454
Pkt 80 200 0.4 1
Pkt 77 192 0.401042 1
Node 69 43 20.2485
Pkt 120 300 0.4 1
Pkt 192 480 0.4 1
Node 37 74 27.2947
Pkt 320 800 0.4 1
Pkt 300 750 0.4 1
Node 59 45 10.2956
Pkt 64 160 0.4 1
Pkt 64 160 0.4 1
Rate:800.26
==========
==========8
4 0 2 24000
Node 55 63 13.9284
Pkt 48 120 0.4 1
Pkt 60 150 0.4 1
Node 42 71 22.4722
Pkt 192 480 0.4 1
Pkt 192 480 0.4 1
Node 38 33 20.8087
Pkt 320 800 0.4 1
Pkt 320 800 0.4 1
Node 57 42 10.6301
Pkt 50 125 0.4 1
Pkt 50 125 0.4 1
Rate:800
==========
==========9
4 0 2 24000
Node 72 32 28.4253
Pkt 80 200 0.4 1
Pkt 40 100 0.4 1
Node 58 55 9.43398
Pkt 150 375 0.4 1
Pkt 150 375 0.4 1
Node 31 57 20.2485
Pkt 300 750 0.4 1
Pkt 300 750 0.4 1
Node 63 52 13.1529
Pkt 60 150 0.4 1
Pkt 40 100 0.4 1
Rate:800
==========
==========10
4 0 2 24000
Node 35 29 25.807
Pkt 100 250 0.4 1
Pkt 60 150 0.4 1
Node 45 72 22.561
Pkt 192 480 0.4 1
Pkt 150 375 0.4 1
Node 30 25 32.0156
Pkt 320 800 0.4 1
Pkt 300 750 0.4 1
Node 66 59 18.3576
Pkt 64 160 0.4 1
Pkt 40 100 0.4 1
Rate:800
==========
==========11
4 0 2 24000
Node 42 25 26.2488
Pkt 50 125 0.4 1
Pkt 48 120 0.4 1
Node 60 74 26
Pkt 192 480 0.4 1
Pkt 160 400 0.4 1
Node 43 56 9.21954
Pkt 300 750 0.4 1
Pkt 300 750 0.4 1
Node 48 43 7.28011
Pkt 60 150 0.4 1
Pkt 40 100 0.4 1
Rate:800
==========
==========12
4 0 2 24000
Node 45 55 7.07107
Pkt 77 192 0.401042 1
Pkt 48 120 0.4 1
Node 64 59 16.6433
Pkt 120 300 0.4 1
Pkt 192 480 0.4 1
Node 45 45 7.07107
Pkt 320 800 0.4 1
Pkt 300 750 0.4 1
Node 37 57 14.7648
Pkt 96 240 0.4 1
Pkt 64 160 0.4 1
Rate:800.26
==========
==========13
4 0 2 24000
Node 47 42 8.544
Pkt 100 250 0.4 1
Pkt 40 100 0.4 1
Node 41 42 12.0416
Pkt 160 400 0.4 1
Pkt 160 400 0.4 1
Node 64 36 19.799
Pkt 300 750 0.4 1
Pkt 300 750 0.4 1
Node 74 61 26.4008
Pkt 100 250 0.4 1
Pkt 64 160 0.4 1
Rate:800
==========
==========14
4 0 2 24000
Node 45 49 5.09902
Pkt 64 160 0.4 1
Pkt 50 125 0.4 1
Node 74 68 30
Pkt 192 480 0.4 1
Pkt 192 480 0.4 1
Node 29 69 28.3196
Pkt 320 800 0.4 1
Pkt 320 800 0.4 1
Node 64 45 14.8661
Pkt 64 160 0.4 1
Pkt 50 125 0.4 1
Rate:800
==========
==========15
4 0 2 24000
Node 69 63 23.0217
Pkt 64 160 0.4 1
Pkt 50 125 0.4 1
Node 35 42 17
Pkt 120 300 0.4 1
Pkt 128 320 0.4 1
Node 47 51 3.16228
Pkt 300 750 0.4 1
Pkt 300 750 0.4 1
Node 39 61 15.5563
Pkt 48 120 0.4 1
Pkt 64 160 0.4 1
Rate:800
==========
==========16
4 0 2 24000
Node 52 41 9.21954
Pkt 100 250 0.4 1
Pkt 64 160 0.4 1
Node 60 57 12.2066
Pkt 192 480 0.4 1
Pkt 160 400 0.4 1
Node 34 48 16.1245
Pkt 300 750 0.4 1
Pkt 320 800 0.4 1
Node 49 50 1
Pkt 40 100 0.4 1
Pkt 77 192 0.401042 1
Rate:800.26
==========
==========17
4 0 2 24000
Node 37 34 20.6155
Pkt 40 100 0.4 1
Pkt 80 200 0.4 1
Node 35 68 23.4307
Pkt 120 300 0.4 1
Pkt 150 375 0.4 1
Node 26 71 31.8904
Pkt 300 750 0.4 1
Pkt 300 750 0.4 1
Node 39 43 13.0384
Pkt 40 100 0.4 1
Pkt 80 200 0.4 1
Rate:800
==========
==========18
4 0 2 24000
Node 60 56 11.6619
Pkt 40 100 0.4 1
Pkt 96 240 0.4 1
Node 69 45 19.6469
Pkt 120 300 0.4 1
Pkt 128 320 0.4 1
Node 44 41 10.8167
Pkt 320 800 0.4 1
Pkt 300 750 0.4 1
Node 53 55 5.83095
Pkt 80 200 0.4 1
Pkt 60 150 0.4 1
Rate:800
==========
==========19
4 0 2 24000
Node 69 28 29.0689
Pkt 96 240 0.4 1
Pkt 80 200 0.4 1
Node 58 46 8.94427
Pkt 128 320 0.4 1
Pkt 192 480 0.4 1
Node 29 55 21.587
Pkt 300 750 0.4 1
Pkt 300 750 0.4 1
Node 26 29 31.8904
Pkt 77 192 0.401042 1
Pkt 77 192 0.401042 1
Rate:800.521
==========
==========20
4 0 2 24000
Node 27 28 31.8277
Pkt 100 250 0.4 1
Pkt 80 200 0.4 1
Node 63 60 16.4012
Pkt 128 320 0.4 1
Pkt 192 480 0.4 1
Node 68 43 19.3132
Pkt 300 750 0.4 1
Pkt 300 750 0.4 1
Node 35 61 18.6011
Pkt 50 125 0.4 1
Pkt 40 100 0.4 1
Rate:800
==========
==========21
4 0 2 24000
Node 60 47 10.4403
Pkt 64 160 0.4 1
Pkt 77 192 0.401042 1
Node 55 74 24.5153
Pkt 150 375 0.4 1
Pkt 150 375 0.4 1
Node 51 31 19.0263
Pkt 320 800 0.4 1
Pkt 300 750 0.4 1
Node 53 52 3.60555
Pkt 77 192 0.401042 1
Pkt 100 250 0.4 1
Rate:800.521
==========
==========22
4 0 2 24000
Node 32 62 21.6333
Pkt 64 160 0.4 1
Pkt 40 100 0.4 1
Node 69 71 28.3196
Pkt 160 400 0.4 1
Pkt 120 300 0.4 1
Node 57 42 10.6301
Pkt 320 800 0.4 1
Pkt 300 750 0.4 1
Node 34 56 17.088
Pkt 48 120 0.4 1
Pkt 96 240 0.4 1
Rate:800
==========
==========23
4 0 2 24000
Node 40 56 11.6619
Pkt 96 240 0.4 1
Pkt 40 100 0.4 1
Node 40 45 11.1803
Pkt 192 480 0.4 1
Pkt 150 375 0.4 1
Node 68 74 30
Pkt 300 750 0.4 1
Pkt 320 800 0.4 1
Node 71 53 21.2132
Pkt 96 240 0.4 1
Pkt 48 120 0.4 1
Rate:800
==========
==========24
4 0 2 24000
Node 66 59 18.3576
Pkt 48 120 0.4 1
Pkt 60 150 0.4 1
Node 65 67 22.6716
Pkt 150 375 0.4 1
Pkt 192 480 0.4 1
Node 60 65 18.0278
Pkt 320 800 0.4 1
Pkt 300 750 0.4 1
Node 35 35 21.2132
Pkt 77 192 0.401042 1
Pkt 50 125 0.4 1
Rate:800.26
==========
==========25
4 0 2 24000
Node 68 56 18.9737
Pkt 77 192 0.401042 1
Pkt 100 250 0.4 1
Node 43 54 8.06226
Pkt 120 300 0.4 1
Pkt 160 400 0.4 1
Node 34 54 16.4924
Pkt 320 800 0.4 1
Pkt 300 750 0.4 1
Node 72 62 25.0599
Pkt 64 160 0.4 1
Pkt 96 240 0.4 1
Rate:800.26
==========
==========26
4 0 2 24000
Node 49 53 3.16228
Pkt 100 250 0.4 1
Pkt 80 200 0.4 1
Node 65 45 15.8114
Pkt 160 400 0.4 1
Pkt 128 320 0.4 1
Node 54 41 9.84886
Pkt 320 800 0.4 1
Pkt 320 800 0.4 1
Node 61 48 11.1803
Pkt 77 192 0.401042 1
Pkt 96 240 0.4 1
Rate:800.26
==========
==========27
4 0 2 24000
Node 53 60 10.4403
Pkt 80 200 0.4 1
Pkt 40 100 0.4 1
Node 31 39 21.9545
Pkt 120 300 0.4 1
Pkt 150 375 0.4 1
Node 74 44 24.7386
Pkt 320 800 0.4 1
Pkt 300 750 0.4 1
Node 32 61 21.095
Pkt 60 150 0.4 1
Pkt 50 125 0.4 1
Rate:800
==========
==========28
4 0 2 24000
Node 68 46 18.4391
Pkt 77 192 0.401042 1
Pkt 60 150 0.4 1
Node 38 64 18.4391
Pkt 192 480 0.4 1
Pkt 160 400 0.4 1
Node 35 48 15.1327
Pkt 300 750 0.4 1
Pkt 300 750 0.4 1
Node 68 71 27.6586
Pkt 100 250 0.4 1
Pkt 100 250 0.4 1
Rate:800.26
==========
==========29
4 0 2 24000
Node 71 68 27.6586
Pkt 100 250 0.4 1
Pkt 64 160 0.4 1
Node 34 34 22.6274
Pkt 192 480 0.4 1
Pkt 128 320 0.4 1
Node 61 72 24.5967
Pkt 300 750 0.4 1
Pkt 320 800 0.4 1
Node 28 43 23.0868
Pkt 100 250 0.4 1
Pkt 100 250 0.4 1
Rate:800
==========
==========30
4 0 2 24000
Node 62 74 26.8328
Pkt 77 192 0.401042 1
Pkt 40 100 0.4 1
Node 44 31 19.9249
Pkt 150 375 0.4 1
Pkt 160 400 0.4 1
Node 49 29 21.0238
Pkt 300 750 0.4 1
Pkt 300 750 0.4 1
Node 34 45 16.7631
Pkt 96 240 0.4 1
Pkt 64 160 0.4 1
Rate:800.26
==========
==========31
4 0 2 24000
Node 49 72 22.0227
Pkt 50 125 0.4 1
Pkt 80 200 0.4 1
Node 41 70 21.9317
Pkt 150 375 0.4 1
Pkt 128 320 0.4 1
Node 59 57 11.4018
Pkt 300 750 0.4 1
Pkt 300 750 0.4 1
Node 53 62 12.3693
Pkt 64 160 0.4 1
Pkt 40 100 0.4 1
Rate:800
==========
==========32
4 0 2 24000
Node 50 74 24
Pkt 50 125 0.4 1
Pkt 48 120 0.4 1
Node 26 61 26.4008
Pkt 128 320 0.4 1
Pkt 150 375 0.4 1
Node 51 45 5.09902
Pkt 300 750 0.4 1
Pkt 320 800 0.4 1
Node 33 70 26.2488
Pkt 100 250 0.4 1
Pkt 60 150 0.4 1
Rate:800
==========
==========33
4 0 2 24000
Node 48 70 20.0998
Pkt 77 192 0.401042 1
Pkt 60 150 0.4 1
Node 27 48 23.0868
Pkt 120 300 0.4 1
Pkt 160 400 0.4 1
Node 52 49 2.23607
Pkt 320 800 0.4 1
Pkt 300 750 0.4 1
Node 65 45 15.8114
Pkt 80 200 0.4 1
Pkt 40 100 0.4 1
Rate:800.26
==========
==========34
4 0 2 24000
Node 72 74 32.5576
Pkt 80 200 0.4 1
Pkt 50 125 0.4 1
Node 70 59 21.9317
Pkt 150 375 0.4 1
Pkt 150 375 0.4 1
Node 32 73 29.2062
Pkt 300 750 0.4 1
Pkt 320 800 0.4 1
Node 50 33 17
Pkt 60 150 0.4 1
Pkt 60 150 0.4 1
Rate:800
==========
==========35
4 0 2 24000
Node 26 45 24.5153
Pkt 96 240 0.4 1
Pkt 80 200 0.4 1
Node 58 67 18.7883
Pkt 128 320 0.4 1
Pkt 128 320 0.4 1
Node 53 30 20.2237
Pkt 300 750 0.4 1
Pkt 320 800 0.4 1
Node 65 36 20.5183
Pkt 40 100 0.4 1
Pkt 77 192 0.401042 1
Rate:800.26
==========
==========36
4 0 2 24000
Node 31 38 22.4722
Pkt 77 192 0.401042 1
Pkt 100 250 0.4 1
Node 29 60 23.2594
Pkt 128 320 0.4 1
Pkt 120 300 0.4 1
Node 74 51 24.0208
Pkt 300 750 0.4 1
Pkt 320 800 0.4 1
Node 39 33 20.2485
Pkt 77 192 0.401042 1
Pkt 77 192 0.401042 1
Rate:800.781
==========
==========37
4 0 2 24000
Node 52 47 3.60555
Pkt 80 200 0.4 1
Pkt 77 192 0.401042 1
Node 40 34 18.868
Pkt 128 320 0.4 1
Pkt 192 480 0.4 1
Node 41 37 15.8114
Pkt 300 750 0.4 1
Pkt 320 800 0.4 1
Node 34 39 19.4165
Pkt 80 200 0.4 1
Pkt 100 250 0.4 1
Rate:800.26
==========
==========38
4 0 2 24000
Node 65 28 26.6271
Pkt 60 150 0.4 1
Pkt 96 240 0.4 1
Node 61 59 14.2127
Pkt 120 300 0.4 1
Pkt 128 320 0.4 1
Node 34 48 16.1245
Pkt 320 800 0.4 1
Pkt 300 750 0.4 1
Node 35 33 22.6716
Pkt 64 160 0.4 1
Pkt 77 192 0.401042 1
Rate:800.26
==========
==========39
4 0 2 24000
Node 63 35 19.8494
Pkt 48 120 0.4 1
Pkt 96 240 0.4 1
Node 49 71 21.0238
Pkt 192 480 0.4 1
Pkt 150 375 0.4 1
Node 67 42 18.7883
Pkt 320 800 0.4 1
Pkt 300 750 0.4 1
Node 45 64 14.8661
Pkt 96 240 0.4 1
Pkt 96 240 0.4 1
Rate:800
==========
==========40
4 0 2 24000
Node 45 34 16.7631
Pkt 40 100 0.4 1
Pkt 100 250 0.4 1
Node 46 60 10.7703
Pkt 120 300 0.4 1
Pkt 160 400 0.4 1
Node 63 51 13.0384
Pkt 300 750 0.4 1
Pkt 300 750 0.4 1
Node 55 36 14.8661
Pkt 100 250 0.4 1
Pkt 80 200 0.4 1
Rate:800
==========
==========41
4 0 2 24000
Node 59 72 23.7697
Pkt 100 250 0.4 1
Pkt 50 125 0.4 1
Node 28 62 25.0599
Pkt 120 300 0.4 1
Pkt 192 480 0.4 1
Node 51 25 25.02
Pkt 320 800 0.4 1
Pkt 320 800 0.4 1
Node 62 55 13
Pkt 96 240 0.4 1
Pkt 100 250 0.4 1
Rate:800
==========
==========42
4 0 2 24000
Node 39 25 27.313
Pkt 96 240 0.4 1
Pkt 50 125 0.4 1
Node 73 71 31.1448
Pkt 120 300 0.4 1
Pkt 160 400 0.4 1
Node 34 30 25.6125
Pkt 300 750 0.4 1
Pkt 320 800 0.4 1
Node 29 47 21.2132
Pkt 40 100 0.4 1
Pkt 50 125 0.4 1
Rate:800
==========
==========43
4 0 2 24000
Node 73 44 23.7697
Pkt 60 150 0.4 1
Pkt 80 200 0.4 1
Node 67 58 18.7883
Pkt 160 400 0.4 1
Pkt 192 480 0.4 1
Node 57 25 25.9615
Pkt 320 800 0.4 1
Pkt 300 750 0.4 1
Node 31 29 28.3196
Pkt 64 160 0.4 1
Pkt 50 125 0.4 1
Rate:800
==========
==========44
4 0 2 24000
Node 63 64 19.105
Pkt 77 192 0.401042 1
Pkt 64 160 0.4 1
Node 48 45 5.38516
Pkt 128 320 0.4 1
Pkt 128 320 0.4 1
Node 27 64 26.9258
Pkt 320 800 0.4 1
Pkt 320 800 0.4 1
Node 69 44 19.9249
Pkt 60 150 0.4 1
Pkt 50 125 0.4 1
Rate:800.26
==========
==========45
4 0 2 24000
Node 27 42 24.3516
Pkt 60 150 0.4 1
Pkt 77 192 0.401042 1
Node 54 49 4.12311
Pkt 120 300 0.4 1
Pkt 128 320 0.4 1
Node 30 33 26.2488
Pkt 320 800 0.4 1
Pkt 320 800 0.4 1
Node 62 46 12.6491
Pkt 80 200 0.4 1
Pkt 64 160 0.4 1
Rate:800.26
==========
==========46
4 0 2 24000
Node 27 31 29.8329
Pkt 60 150 0.4 1
Pkt 60 150 0.4 1
Node 27 43 24.0416
Pkt 120 300 0.4 1
Pkt 160 400 0.4 1
Node 37 59 15.8114
Pkt 320 800 0.4 1
Pkt 320 800 0.4 1
Node 74 56 24.7386
Pkt 64 160 0.4 1
Pkt 80 200 0.4 1
Rate:800
==========
==========47
4 0 2 24000
Node 33 62 20.8087
Pkt 48 120 0.4 1
Pkt 40 100 0.4 1
Node 35 46 15.5242
Pkt 160 400 0.4 1
Pkt 160 400 0.4 1
Node 41 43 11.4018
Pkt 320 800 0.4 1
Pkt 320 800 0.4 1
Node 55 30 20.6155
Pkt 48 120 0.4 1
Pkt 96 240 0.4 1
Rate:800
==========
==========48
4 0 2 24000
Node 68 56 18.9737
Pkt 40 100 0.4 1
Pkt 100 250 0.4 1
Node 67 66 23.3452
Pkt 150 375 0.4 1
Pkt 150 375 0.4 1
Node 27 67 28.6007
Pkt 320 800 0.4 1
Pkt 320 800 0.4 1
Node 44 66 17.088
Pkt 60 150 0.4 1
Pkt 80 200 0.4 1
Rate:800
==========
==========49
4 0 2 24000
Node 40 39 14.8661
Pkt 64 160 0.4 1
Pkt 80 200 0.4 1
Node 35 59 17.4929
Pkt 160 400 0.4 1
Pkt 160 400 0.4 1
Node 26 31 30.6105
Pkt 300 750 0.4 1
Pkt 320 800 0.4 1
Node 27 69 29.8329
Pkt 77 192 0.401042 1
Pkt 50 125 0.4 1
Rate:800.26
==========
==========50
4 0 2 24000
Node 30 31 27.5862
Pkt 40 100 0.4 1
Pkt 80 200 0.4 1
Node 42 69 20.6155
Pkt 192 480 0.4 1
Pkt 120 300 0.4 1
Node 25 29 32.6497
Pkt 300 750 0.4 1
Pkt 300 750 0.4 1
Node 65 68 23.4307
Pkt 50 125 0.4 1
Pkt 64 160 0.4 1
Rate:800
==========
==========51
4 0 2 24000
Node 55 37 13.9284
Pkt 100 250 0.4 1
Pkt 77 192 0.401042 1
Node 55 47 5.83095
Pkt 150 375 0.4 1
Pkt 128 320 0.4 1
Node 47 57 7.61577
Pkt 320 800 0.4 1
Pkt 320 800 0.4 1
Node 43 67 18.3848
Pkt 64 160 0.4 1
Pkt 64 160 0.4 1
Rate:800.26
==========
==========52
4 0 2 24000
Node 59 63 15.8114
Pkt 50 125 0.4 1
Pkt 64 160 0.4 1
Node 42 51 8.06226
Pkt 120 300 0.4 1
Pkt 128 320 0.4 1
Node 61 30 22.8254
Pkt 320 800 0.4 1
Pkt 320 800 0.4 1
Node 67 72 27.8029
Pkt 100 250 0.4 1
Pkt 60 150 0.4 1
Rate:800
==========
==========53
4 0 2 24000
Node 41 28 23.7697
Pkt 80 200 0.4 1
Pkt 77 192 0.401042 1
Node 71 58 22.4722
Pkt 128 320 0.4 1
Pkt 192 480 0.4 1
Node 62 67 20.8087
Pkt 320 800 0.4 1
Pkt 320 800 0.4 1
Node 58 56 10
Pkt 50 125 0.4 1
Pkt 48 120 0.4 1
Rate:800.26
==========
==========54
4 0 2 24000
Node 73 55 23.5372
Pkt 50 125 0.4 1
Pkt 50 125 0.4 1
Node 44 34 17.088
Pkt 120 300 0.4 1
Pkt 160 400 0.4 1
Node 40 73 25.0799
Pkt 320 800 0.4 1
Pkt 320 800 0.4 1
Node 74 41 25.632
Pkt 64 160 0.4 1
Pkt 77 192 0.401042 1
Rate:800.26
==========
==========55
4 0 2 24000
Node 53 54 5
Pkt 96 240 0.4 1
Pkt 77 192 0.401042 1
Node 66 62 20
Pkt 192 480 0.4 1
Pkt 192 480 0.4 1
Node 31 71 28.3196
Pkt 300 750 0.4 1
Pkt 300 750 0.4 1
Node 59 53 9.48683
Pkt 80 200 0.4 1
Pkt 40 100 0.4 1
Rate:800.26
==========
==========56
4 0 2 24000
Node 69 57 20.2485
Pkt 96 240 0.4 1
Pkt 40 100 0.4 1
Node 67 45 17.72
Pkt 192 480 0.4 1
Pkt 192 480 0.4 1
Node 53 45 5.83095
Pkt 300 750 0.4 1
Pkt 300 750 0.4 1
Node 68 46 18.4391
Pkt 80 200 0.4 1
Pkt 64 160 0.4 1
Rate:800
==========
==========57
4 0 2 24000
Node 31 47 19.2354
Pkt 50 125 0.4 1
Pkt 40 100 0.4 1
Node 63 56 14.3178
Pkt 192 480 0.4 1
Pkt 192 480 0.4 1
Node 25 25 35.3553
Pkt 320 800 0.4 1
Pkt 300 750 0.4 1
Node 35 52 15.1327
Pkt 60 150 0.4 1
Pkt 60 150 0.4 1
Rate:800
==========
==========58
4 0 2 24000
Node 32 60 20.5913
Pkt 96 240 0.4 1
Pkt 60 150 0.4 1
Node 74 59 25.632
Pkt 150 375 0.4 1
Pkt 192 480 0.4 1
Node 59 71 22.8473
Pkt 300 750 0.4 1
Pkt 320 800 0.4 1
Node 44 25 25.7099
Pkt 80 200 0.4 1
Pkt 77 192 0.401042 1
Rate:800.26
==========
==========59
4 0 2 24000
Node 46 72 22.3607
Pkt 50 125 0.4 1
Pkt 77 192 0.401042 1
Node 70 41 21.9317
Pkt 120 300 0.4 1
Pkt 160 400 0.4 1
Node 38 27 25.9422
Pkt 320 800 0.4 1
Pkt 300 750 0.4 1
Node 38 69 22.4722
Pkt 77 192 0.401042 1
Pkt 64 160 0.4 1
Rate:800.521
==========
==========60
4 0 2 24000
Node 52 49 2.23607
Pkt 100 250 0.4 1
Pkt 64 160 0.4 1
Node 61 31 21.9545
Pkt 150 375 0.4 1
Pkt 120 300 0.4 1
Node 46 35 15.5242
Pkt 320 800 0.4 1
Pkt 320 800 0.4 1
Node 51 55 5.09902
Pkt 77 192 0.401042 1
Pkt 48 120 0.4 1
Rate:800.26
==========
==========61
4 0 2 24000
Node 48 39 11.1803
Pkt 40 100 0.4 1
Pkt 96 240 0.4 1
Node 31 71 28.3196
Pkt 150 375 0.4 1
Pkt 128 320 0.4 1
Node 61 54 11.7047
Pkt 300 750 0.4 1
Pkt 320 800 0.4 1
Node 72 74 32.5576
Pkt 50 125 0.4 1
Pkt 60 150 0.4 1
Rate:800
==========
==========62
4 0 2 24000
Node 53 42 8.544
Pkt 40 100 0.4 1
Pkt 77 192 0.401042 1
Node 56 70 20.8806
Pkt 128 320 0.4 1
Pkt 150 375 0.4 1
Node 49 67 17.0294
Pkt 320 800 0.4 1
Pkt 320 800 0.4 1
Node 33 56 18.0278
Pkt 96 240 0.4 1
Pkt 64 160 0.4 1
Rate:800.26
==========
==========63
4 0 2 24000
Node 48 33 17.1172
Pkt 96 240 0.4 1
Pkt 60 150 0.4 1
Node 74 54 24.3311
Pkt 150 375 0.4 1
Pkt 192 480 0.4 1
Node 58 39 13.6015
Pkt 300 750 0.4 1
Pkt 320 800 0.4 1
Node 26 57 25
Pkt 40 100 0.4 1
Pkt 50 125 0.4 1
Rate:800
==========
==========64
4 0 2 24000
Node 61 41 14.2127
Pkt 60 150 0.4 1
Pkt 80 200 0.4 1
Node 63 54 13.6015
Pkt 192 480 0.4 1
Pkt 120 300 0.4 1
Node 47 71 21.2132
Pkt 320 800 0.4 1
Pkt 300 750 0.4 1
Node 41 25 26.5707
Pkt 40 100 0.4 1
Pkt 48 120 0.4 1
Rate:800
==========
==========65
4 0 2 24000
Node 65 38 19.2094
Pkt 64 160 0.4 1
Pkt 40 100 0.4 1
Node 48 64 14.1421
Pkt 120 300 0.4 1
Pkt 192 480 0.4 1
Node 51 37 13.0384
Pkt 300 750 0.4 1
Pkt 320 800 0.4 1
Node 34 64 21.2603
Pkt 80 200 0.4 1
Pkt 77 192 0.401042 1
Rate:800.26
==========
==========66
4 0 2 24000
Node 64 70 24.4131
Pkt 77 192 0.401042 1
Pkt 77 192 0.401042 1
Node 73 70 30.4795
Pkt 192 480 0.4 1
Pkt 120 300 0.4 1
Node 65 31 24.2074
Pkt 320 800 0.4 1
Pkt 320 800 0.4 1
Node 28 34 27.2029
Pkt 60 150 0.4 1
Pkt 64 160 0.4 1
Rate:800.521
==========
==========67
4 0 2 24000
Node 45 63 13.9284
Pkt 80 200 0.4 1
Pkt 77 192 0.401042 1
Node 26 28 32.5576
Pkt 150 375 0.4 1
Pkt 120 300 0.4 1
Node 67 39 20.2485
Pkt 300 750 0.4 1
Pkt 300 750 0.4 1
Node 36 40 17.2047
Pkt 96 240 0.4 1
Pkt 60 150 0.4 1
Rate:800.26
==========
==========68
4 0 2 24000
Node 53 58 8.544
Pkt 64 160 0.4 1
Pkt 50 125 0.4 1
Node 51 70 20.025
Pkt 120 300 0.4 1
Pkt 160 400 0.4 1
Node 29 37 24.6982
Pkt 300 750 0.4 1
Pkt 320 800 0.4 1
Node 58 70 21.5407
Pkt 50 125 0.4 1
Pkt 48 120 0.4 1
Rate:800
==========
==========69
4 0 2 24000
Node 57 60 12.2066
Pkt 80 200 0.4 1
Pkt 96 240 0.4 1
Node 26 71 31.8904
Pkt 150 375 0.4 1
Pkt 150 375 0.4 1
Node 65 46 15.5242
Pkt 320 800 0.4 1
Pkt 300 750 0.4 1
Node 62 62 16.9706
Pkt 100 250 0.4 1
Pkt 48 120 0.4 1
Rate:800
==========
==========70
4 0 2 24000
Node 31 66 24.8395
Pkt 77 192 0.401042 1
Pkt 77 192 0.401042 1
Node 60 25 26.9258
Pkt 150 375 0.4 1
Pkt 150 375 0.4 1
Node 53 73 23.1948
Pkt 300 750 0.4 1
Pkt 320 800 0.4 1
Node 52 49 2.23607
Pkt 77 192 0.401042 1
Pkt 77 192 0.401042 1
Rate:801.042
==========
==========71
4 0 2 24000
Node 64 38 18.4391
Pkt 100 250 0.4 1
Pkt 60 150 0.4 1
Node 68 47 18.2483
Pkt 160 400 0.4 1
Pkt 192 480 0.4 1
Node 28 68 28.4253
Pkt 320 800 0.4 1
Pkt 300 750 0.4 1
Node 60 39 14.8661
Pkt 64 160 0.4 1
Pkt 60 150 0.4 1
Rate:800
==========
==========72
4 0 2 24000
Node 33 37 21.4009
Pkt 77 192 0.401042 1
Pkt 100 250 0.4 1
Node 48 44 6.32456
Pkt 120 300 0.4 1
Pkt 160 400 0.4 1
Node 54 39 11.7047
Pkt 320 800 0.4 1
Pkt 300 750 0.4 1
Node 70 61 22.8254
Pkt 40 100 0.4 1
Pkt 40 100 0.4 1
Rate:800.26
==========
==========73
4 0 2 24000
Node 74 36 27.7849
Pkt 60 150 0.4 1
Pkt 40 100 0.4 1
Node 70 30 28.2843
Pkt 192 480 0.4 1
Pkt 150 375 0.4 1
Node 26 40 26
Pkt 300 750 0.4 1
Pkt 300 750 0.4 1
Node 71 30 29
Pkt 100 250 0.4 1
Pkt 100 250 0.4 1
Rate:800
==========
==========74
4 0 2 24000
Node 25 44 25.7099
Pkt 64 160 0.4 1
Pkt 100 250 0.4 1
Node 46 60 10.7703
Pkt 150 375 0.4 1
Pkt 160 400 0.4 1
Node 61 31 21.9545
Pkt 300 750 0.4 1
Pkt 300 750 0.4 1
Node 32 37 22.2036
Pkt 60 150 0.4 1
Pkt 48 120 0.4 1
Rate:800
==========
==========75
4 0 2 24000
Node 25 71 32.6497
Pkt 77 192 0.401042 1
Pkt 48 120 0.4 1
Node 40 63 16.4012
Pkt 150 375 0.4 1
Pkt 120 300 0.4 1
Node 47 60 10.4403
Pkt 300 750 0.4 1
Pkt 320 800 0.4 1
Node 40 34 18.868
Pkt 40 100 0.4 1
Pkt 80 200 0.4 1
Rate:800.26
==========
==========76
4 0 2 24000
Node 55 70 20.6155
Pkt 100 250 0.4 1
Pkt 60 150 0.4 1
Node 74 25 34.6554
Pkt 120 300 0.4 1
Pkt 128 320 0.4 1
Node 65 37 19.8494
Pkt 320 800 0.4 1
Pkt 300 750 0.4 1
Node 54 30 20.3961
Pkt 64 160 0.4 1
Pkt 77 192 0.401042 1
Rate:800.26
==========
==========77
4 0 2 24000
Node 61 33 20.2485
Pkt 96 240 0.4 1
Pkt 48 120 0.4 1
Node 30 40 22.3607
Pkt 128 320 0.4 1
Pkt 120 300 0.4 1
Node 58 46 8.94427
Pkt 320 800 0.4 1
Pkt 300 750 0.4 1
Node 50 65 15
Pkt 50 125 0.4 1
Pkt 80 200 0.4 1
Rate:800
==========
==========78
4 0 2 24000
Node 46 48 4.47214
Pkt 77 192 0.401042 1
Pkt 80 200 0.4 1
Node 50 59 9
Pkt 160 400 0.4 1
Pkt 150 375 0.4 1
Node 28 33 27.8029
Pkt 300 750 0.4 1
Pkt 320 800 0.4 1
Node 66 60 18.868
Pkt 80 200 0.4 1
Pkt 40 100 0.4 1
Rate:800.26
==========
==========79
4 0 2 24000
Node 71 42 22.4722
Pkt 60 150 0.4 1
Pkt 50 125 0.4 1
Node 27 59 24.6982
Pkt 192 480 0.4 1
Pkt 128 320 0.4 1
Node 34 71 26.4008
Pkt 300 750 0.4 1
Pkt 300 750 0.4 1
Node 35 73 27.4591
Pkt 60 150 0.4 1
Pkt 100 250 0.4 1
Rate:800
==========
==========80
4 0 2 24000
Node 40 27 25.0799
Pkt 100 250 0.4 1
Pkt 100 250 0.4 1
Node 58 48 8.24621
Pkt 150 375 0.4 1
Pkt 128 320 0.4 1
Node 59 42 12.0416
Pkt 300 750 0.4 1
Pkt 320 800 0.4 1
Node 29 31 28.3196
Pkt 64 160 0.4 1
Pkt 40 100 0.4 1
Rate:800
==========
==========81
4 0 2 24000
Node 35 44 16.1555
Pkt 80 200 0.4 1
Pkt 77 192 0.401042 1
Node 27 29 31.1448
Pkt 128 320 0.4 1
Pkt 128 320 0.4 1
Node 44 56 8.48528
Pkt 320 800 0.4 1
Pkt 320 800 0.4 1
Node 44 52 6.32456
Pkt 77 192 0.401042 1
Pkt 96 240 0.4 1
Rate:800.521
==========
==========82
4 0 2 24000
Node 72 55 22.561
Pkt 50 125 0.4 1
Pkt 50 125 0.4 1
Node 68 39 21.095
Pkt 120 300 0.4 1
Pkt 150 375 0.4 1
Node 51 38 12.0416
Pkt 300 750 0.4 1
Pkt 320 800 0.4 1
Node 73 54 23.3452
Pkt 40 100 0.4 1
Pkt 77 192 0.401042 1
Rate:800.26
==========
==========83
4 0 2 24000
Node 60 56 11.6619
Pkt 80 200 0.4 1
Pkt 48 120 0.4 1
Node 72 63 25.5539
Pkt 120 300 0.4 1
Pkt 150 375 0.4 1
Node 69 68 26.1725
Pkt 300 750 0.4 1
Pkt 320 800 0.4 1
Node 45 51 5.09902
Pkt 96 240 0.4 1
Pkt 40 100 0.4 1
Rate:800
==========
==========84
4 0 2 24000
Node 34 53 16.2788
Pkt 40 100 0.4 1
Pkt 100 250 0.4 1
Node 62 59 15
Pkt 150 375 0.4 1
Pkt 150 375 0.4 1
Node 51 26 24.0208
Pkt 320 800 0.4 1
Pkt 320 800 0.4 1
Node 41 63 15.8114
Pkt 60 150 0.4 1
Pkt 77 192 0.401042 1
Rate:800.26
==========
==========85
4 0 2 24000
Node 45 68 18.6815
Pkt 60 150 0.4 1
Pkt 64 160 0.4 1
Node 29 34 26.4008
Pkt 120 300 0.4 1
Pkt 128 320 0.4 1
Node 27 42 24.3516
Pkt 300 750 0.4 1
Pkt 320 800 0.4 1
Node 32 34 24.0832
Pkt 50 125 0.4 1
Pkt 50 125 0.4 1
Rate:800
==========
==========86
4 0 2 24000
Node 55 34 16.7631
Pkt 77 192 0.401042 1
Pkt 60 150 0.4 1
Node 66 74 28.8444
Pkt 128 320 0.4 1
Pkt 120 300 0.4 1
Node 38 74 26.8328
Pkt 320 800 0.4 1
Pkt 320 800 0.4 1
Node 25 42 26.2488
Pkt 48 120 0.4 1
Pkt 100 250 0.4 1
Rate:800.26
==========
==========87
4 0 2 24000
Node 53 30 20.2237
Pkt 96 240 0.4 1
Pkt 100 250 0.4 1
Node 68 39 21.095
Pkt 160 400 0.4 1
Pkt 160 400 0.4 1
Node 48 31 19.105
Pkt 320 800 0.4 1
Pkt 320 800 0.4 1
Node 68 66 24.0832
Pkt 60 150 0.4 1
Pkt 80 200 0.4 1
Rate:800
==========
==========88
4 0 2 24000
Node 29 34 26.4008
Pkt 50 125 0.4 1
Pkt 80 200 0.4 1
Node 28 34 27.2029
Pkt 128 320 0.4 1
Pkt 120 300 0.4 1
Node 60 45 11.1803
Pkt 300 750 0.4 1
Pkt 320 800 0.4 1
Node 43 67 18.3848
Pkt 100 250 0.4 1
Pkt 77 192 0.401042 1
Rate:800.26
==========
==========89
4 0 2 24000
Node 49 30 20.025
Pkt 64 160 0.4 1
Pkt 40 100 0.4 1
Node 53 54 5
Pkt 150 375 0.4 1
Pkt 128 320 0.4 1
Node 52 71 21.095
Pkt 320 800 0.4 1
Pkt 300 750 0.4 1
Node 63 72 25.5539
Pkt 48 120 0.4 1
Pkt 77 192 0.401042 1
Rate:800.26
==========
==========90
4 0 2 24000
Node 63 66 20.6155
Pkt 77 192 0.401042 1
Pkt 40 100 0.4 1
Node 39 57 13.0384
Pkt 192 480 0.4 1
Pkt 128 320 0.4 1
Node 55 53 5.83095
Pkt 300 750 0.4 1
Pkt 320 800 0.4 1
Node 53 31 19.2354
Pkt 48 120 0.4 1
Pkt 64 160 0.4 1
Rate:800.26
==========
==========91
4 0 2 24000
Node 41 69 21.0238
Pkt 77 192 0.401042 1
Pkt 80 200 0.4 1
Node 71 40 23.2594
Pkt 150 375 0.4 1
Pkt 150 375 0.4 1
Node 58 59 12.0416
Pkt 320 800 0.4 1
Pkt 320 800 0.4 1
Node 44 50 6
Pkt 50 125 0.4 1
Pkt 50 125 0.4 1
Rate:800.26
==========
==========92
4 0 2 24000
Node 59 31 21.0238
Pkt 100 250 0.4 1
Pkt 60 150 0.4 1
Node 43 35 16.5529
Pkt 160 400 0.4 1
Pkt 160 400 0.4 1
Node 38 59 15
Pkt 300 750 0.4 1
Pkt 300 750 0.4 1
Node 27 43 24.0416
Pkt 64 160 0.4 1
Pkt 50 125 0.4 1
Rate:800
==========
==========93
4 0 2 24000
Node 37 45 13.9284
Pkt 77 192 0.401042 1
Pkt 77 192 0.401042 1
Node 57 54 8.06226
Pkt 160 400 0.4 1
Pkt 128 320 0.4 1
Node 35 56 16.1555
Pkt 300 750 0.4 1
Pkt 300 750 0.4 1
Node 57 40 12.2066
Pkt 40 100 0.4 1
Pkt 80 200 0.4 1
Rate:800.521
==========
==========94
4 0 2 24000
Node 61 28 24.5967
Pkt 80 200 0.4 1
Pkt 64 160 0.4 1
Node 34 35 21.9317
Pkt 120 300 0.4 1
Pkt 192 480 0.4 1
Node 55 41 10.2956
Pkt 320 800 0.4 1
Pkt 320 800 0.4 1
Node 73 44 23.7697
Pkt 80 200 0.4 1
Pkt 64 160 0.4 1
Rate:800
==========
==========95
4 0 2 24000
Node 58 72 23.4094
Pkt 96 240 0.4 1
Pkt 48 120 0.4 1
Node 62 30 23.3238
Pkt 128 320 0.4 1
Pkt 150 375 0.4 1
Node 41 52 9.21954
Pkt 300 750 0.4 1
Pkt 300 750 0.4 1
Node 38 69 22.4722
Pkt 40 100 0.4 1
Pkt 64 160 0.4 1
Rate:800
==========
==========96
4 0 2 24000
Node 56 45 7.81025
Pkt 100 250 0.4 1
Pkt 40 100 0.4 1
Node 67 66 23.3452
Pkt 120 300 0.4 1
Pkt 128 320 0.4 1
Node 68 39 21.095
Pkt 300 750 0.4 1
Pkt 320 800 0.4 1
Node 74 50 24
Pkt 50 125 0.4 1
Pkt 50 125 0.4 1
Rate:800
==========
==========97
4 0 2 24000
Node 44 65 16.1555
Pkt 100 250 0.4 1
Pkt 96 240 0.4 1
Node 57 30 21.1896
Pkt 120 300 0.4 1
Pkt 150 375 0.4 1
Node 72 33 27.8029
Pkt 320 800 0.4 1
Pkt 300 750 0.4 1
Node 31 48 19.105
Pkt 77 192 0.401042 1
Pkt 48 120 0.4 1
Rate:800.26
==========
==========98
4 0 2 24000
Node 53 55 5.83095
Pkt 40 100 0.4 1
Pkt 40 100 0.4 1
Node 43 41 11.4018
Pkt 160 400 0.4 1
Pkt 192 480 0.4 1
Node 36 27 26.9258
Pkt 320 800 0.4 1
Pkt 300 750 0.4 1
Node 44 41 10.8167
Pkt 96 240 0.4 1
Pkt 48 120 0.4 1
Rate:800
==========
==========99
