4 0 2 24000
Node 28 63 25.5539
Pkt 116 240 0.483333 1
Pkt 120 250 0.48 1
Node 72 72 31.1127
Pkt 144 300 0.48 1
Pkt 231 480 0.48125 1
Node 29 31 28.3196
Pkt 360 750 0.48 1
Pkt 384 800 0.48 1
Node 26 72 32.5576
Pkt 72 150 0.48 1
Pkt 120 250 0.48 1
Rate:961.146
==========
==========0
4 0 2 24000
Node 68 52 18.1108
Pkt 60 125 0.48 1
Pkt 116 240 0.483333 1
Node 27 62 25.9422
Pkt 180 375 0.48 1
Pkt 180 375 0.48 1
Node 74 25 34.6554
Pkt 384 800 0.48 1
Pkt 360 750 0.48 1
Node 35 35 21.2132
Pkt 60 125 0.48 1
Pkt 58 120 0.483333 1
Rate:961.667
==========
==========1
4 0 2 24000
Node 71 73 31.1448
Pkt 60 125 0.48 1
Pkt 72 150 0.48 1
Node 39 61 15.5563
Pkt 180 375 0.48 1
Pkt 180 375 0.48 1
Node 66 66 22.6274
Pkt 384 800 0.48 1
Pkt 360 750 0.48 1
Node 59 50 9
Pkt 93 192 0.484375 1
Pkt 120 250 0.48 1
Rate:961.094
==========
==========2
4 0 2 24000
Node 61 45 12.083
Pkt 96 200 0.48 1
Pkt 58 120 0.483333 1
Node 27 66 28.0179
Pkt 231 480 0.48125 1
Pkt 154 320 0.48125 1
Node 33 26 29.4109
Pkt 384 800 0.48 1
Pkt 360 750 0.48 1
Node 36 65 20.5183
Pkt 58 120 0.483333 1
Pkt 48 100 0.48 1
Rate:962.292
==========
==========3
4 0 2 24000
Node 27 60 25.0799
Pkt 72 150 0.48 1
Pkt 116 240 0.483333 1
Node 74 70 31.241
Pkt 154 320 0.48125 1
Pkt 192 400 0.48 1
Node 35 67 22.6716
Pkt 360 750 0.48 1
Pkt 360 750 0.48 1
Node 25 49 25.02
Pkt 120 250 0.48 1
Pkt 58 120 0.483333 1
Rate:961.979
==========
==========4
4 0 2 24000
Node 58 28 23.4094
Pkt 60 125 0.48 1
Pkt 58 120 0.483333 1
Node 44 66 17.088
Pkt 144 300 0.48 1
Pkt 192 400 0.48 1
Node 67 72 27.8029
Pkt 360 750 0.48 1
Pkt 384 800 0.48 1
Node 65 74 28.3019
Pkt 60 125 0.48 1
Pkt 93 192 0.484375 1
Rate:961.927
==========
==========5
4 0 2 24000
Node 59 53 9.48683
Pkt 116 240 0.483333 1
Pkt 116 240 0.483333 1
Node 49 74 24.0208
Pkt 231 480 0.48125 1
Pkt 192 400 0.48 1
Node 58 63 15.2643
Pkt 360 750 0.48 1
Pkt 384 800 0.48 1
Node 54 33 17.4642
Pkt 58 120 0.483333 1
Pkt 58 120 0.483333 1
Rate:963.646
==========
==========6
4 0 2 24000
Node 38 63 17.6918
Pkt 58 120 0.483333 1
Pkt 96 200 0.48 1
Node 46 35 15.5242
Pkt 144 300 0.48 1
Pkt 231 480 0.48125 1
Node 64 38 18.4391
Pkt 360 750 0.48 1
Pkt 384 800 0.48 1
Node 39 38 16.2788
Pkt 58 120 0.483333 1
Pkt 120 250 0.48 1
Rate:961.979
==========
==========7
4 0 2 24000
Node 73 46 23.3452
Pkt 96 200 0.48 1
Pkt 96 200 0.48 1
Node 28 61 24.5967
Pkt 180 375 0.48 1
Pkt 154 320 0.48125 1
Node 27 63 26.4197
Pkt 384 800 0.48 1
Pkt 384 800 0.48 1
Node 48 50 2
Pkt 72 150 0.48 1
Pkt 96 200 0.48 1
Rate:960.313
==========
==========8
4 0 2 24000
Node 28 35 26.6271
Pkt 60 125 0.48 1
Pkt 60 125 0.48 1
Node 62 38 16.9706
Pkt 231 480 0.48125 1
Pkt 192 400 0.48 1
Node 29 49 21.0238
Pkt 384 800 0.48 1
Pkt 384 800 0.48 1
Node 66 40 18.868
Pkt 116 240 0.483333 1
Pkt 77 160 0.48125 1
Rate:961.458
==========
==========9
4 0 2 24000
Node 35 28 26.6271
Pkt 77 160 0.48125 1
Pkt 72 150 0.48 1
Node 54 70 20.3961
Pkt 154 320 0.48125 1
Pkt 154 320 0.48125 1
Node 27 54 23.3452
Pkt 360 750 0.48 1
Pkt 384 800 0.48 1
Node 32 65 23.4307
Pkt 60 125 0.48 1
Pkt 93 192 0.484375 1
Rate:962.031
==========
==========10
4 0 2 24000
Node 49 73 23.0217
Pkt 116 240 0.483333 1
Pkt 96 200 0.48 1
Node 60 32 20.5913
Pkt 192 400 0.48 1
Pkt 144 300 0.48 1
Node 47 74 24.1868
Pkt 384 800 0.48 1
Pkt 384 800 0.48 1
Node 29 28 30.4138
Pkt 96 200 0.48 1
Pkt 60 125 0.48 1
Rate:960.833
==========
==========11
4 0 2 24000
Node 34 30 25.6125
Pkt 58 120 0.483333 1
Pkt 77 160 0.48125 1
Node 70 60 22.3607
Pkt 144 300 0.48 1
Pkt 180 375 0.48 1
Node 32 64 22.8035
Pkt 384 800 0.48 1
Pkt 360 750 0.48 1
Node 37 57 14.7648
Pkt 58 120 0.483333 1
Pkt 48 100 0.48 1
Rate:961.979
==========
==========12
4 0 2 24000
Node 51 73 23.0217
Pkt 116 240 0.483333 1
Pkt 72 150 0.48 1
Node 34 54 16.4924
Pkt 192 400 0.48 1
Pkt 144 300 0.48 1
Node 28 30 29.7321
Pkt 360 750 0.48 1
Pkt 360 750 0.48 1
Node 31 54 19.4165
Pkt 77 160 0.48125 1
Pkt 120 250 0.48 1
Rate:961.146
==========
==========13
4 0 2 24000
Node 72 29 30.4138
Pkt 58 120 0.483333 1
Pkt 77 160 0.48125 1
Node 36 33 22.0227
Pkt 154 320 0.48125 1
Pkt 154 320 0.48125 1
Node 71 34 26.4008
Pkt 360 750 0.48 1
Pkt 360 750 0.48 1
Node 47 65 15.2971
Pkt 77 160 0.48125 1
Pkt 58 120 0.483333 1
Rate:962.917
==========
==========14
4 0 2 24000
Node 74 58 25.2982
Pkt 120 250 0.48 1
Pkt 48 100 0.48 1
Node 53 71 21.2132
Pkt 144 300 0.48 1
Pkt 154 320 0.48125 1
Node 60 25 26.9258
Pkt 384 800 0.48 1
Pkt 360 750 0.48 1
Node 28 30 29.7321
Pkt 72 150 0.48 1
Pkt 120 250 0.48 1
Rate:960.313
==========
==========15
4 0 2 24000
Node 40 44 11.6619
Pkt 116 240 0.483333 1
Pkt 116 240 0.483333 1
Node 64 58 16.1245
Pkt 144 300 0.48 1
Pkt 180 375 0.48 1
Node 64 51 14.0357
Pkt 384 800 0.48 1
Pkt 360 750 0.48 1
Node 30 35 25
Pkt 96 200 0.48 1
Pkt 77 160 0.48125 1
Rate:961.979
==========
==========16
4 0 2 24000
Node 34 56 17.088
Pkt 116 240 0.483333 1
Pkt 120 250 0.48 1
Node 30 66 25.6125
Pkt 180 375 0.48 1
Pkt 154 320 0.48125 1
Node 66 29 26.4008
Pkt 384 800 0.48 1
Pkt 384 800 0.48 1
Node 69 64 23.6008
Pkt 116 240 0.483333 1
Pkt 58 120 0.483333 1
Rate:962.813
==========
==========17
4 0 2 24000
Node 31 55 19.6469
Pkt 116 240 0.483333 1
Pkt 58 120 0.483333 1
Node 46 32 18.4391
Pkt 231 480 0.48125 1
Pkt 180 375 0.48 1
Node 36 61 17.8045
Pkt 384 800 0.48 1
Pkt 360 750 0.48 1
Node 33 28 27.8029
Pkt 72 150 0.48 1
Pkt 77 160 0.48125 1
Rate:962.292
==========
==========18
4 0 2 24000
Node 53 40 10.4403
Pkt 116 240 0.483333 1
Pkt 120 250 0.48 1
Node 46 43 8.06226
Pkt 192 400 0.48 1
Pkt 180 375 0.48 1
Node 73 40 25.0799
Pkt 384 800 0.48 1
Pkt 360 750 0.48 1
Node 38 70 23.3238
Pkt 58 120 0.483333 1
Pkt 116 240 0.483333 1
Rate:962.5
==========
==========19
4 0 2 24000
Node 72 55 22.561
Pkt 60 125 0.48 1
Pkt 96 200 0.48 1
Node 30 43 21.1896
Pkt 144 300 0.48 1
Pkt 154 320 0.48125 1
Node 68 56 18.9737
Pkt 384 800 0.48 1
Pkt 360 750 0.48 1
Node 31 45 19.6469
Pkt 60 125 0.48 1
Pkt 60 125 0.48 1
Rate:960.313
==========
==========20
4 0 2 24000
Node 36 27 26.9258
Pkt 93 192 0.484375 1
Pkt 48 100 0.48 1
Node 72 36 26.0768
Pkt 192 400 0.48 1
Pkt 180 375 0.48 1
Node 44 62 13.4164
Pkt 384 800 0.48 1
Pkt 360 750 0.48 1
Node 59 44 10.8167
Pkt 60 125 0.48 1
Pkt 120 250 0.48 1
Rate:961.094
==========
==========21
4 0 2 24000
Node 25 63 28.178
Pkt 77 160 0.48125 1
Pkt 116 240 0.483333 1
Node 66 47 16.2788
Pkt 192 400 0.48 1
Pkt 144 300 0.48 1
Node 31 70 27.5862
Pkt 360 750 0.48 1
Pkt 384 800 0.48 1
Node 60 31 21.4709
Pkt 96 200 0.48 1
Pkt 77 160 0.48125 1
Rate:961.458
==========
==========22
4 0 2 24000
Node 53 36 14.3178
Pkt 58 120 0.483333 1
Pkt 93 192 0.484375 1
Node 58 46 8.94427
Pkt 180 375 0.48 1
Pkt 154 320 0.48125 1
Node 41 45 10.2956
Pkt 384 800 0.48 1
Pkt 384 800 0.48 1
Node 57 36 15.6525
Pkt 58 120 0.483333 1
Pkt 93 192 0.484375 1
Rate:964.167
==========
==========23
4 0 2 24000
Node 44 63 14.3178
Pkt 120 250 0.48 1
Pkt 120 250 0.48 1
Node 53 74 24.1868
Pkt 154 320 0.48125 1
Pkt 154 320 0.48125 1
Node 54 31 19.4165
Pkt 384 800 0.48 1
Pkt 360 750 0.48 1
Node 60 61 14.8661
Pkt 58 120 0.483333 1
Pkt 77 160 0.48125 1
Rate:961.771
==========
==========24
4 0 2 24000
Node 72 40 24.1661
Pkt 77 160 0.48125 1
Pkt 96 200 0.48 1
Node 30 66 25.6125
Pkt 192 400 0.48 1
Pkt 192 400 0.48 1
Node 71 26 31.8904
Pkt 360 750 0.48 1
Pkt 384 800 0.48 1
Node 64 55 14.8661
Pkt 77 160 0.48125 1
Pkt 48 100 0.48 1
Rate:960.625
==========
==========25
4 0 2 24000
Node 40 53 10.4403
Pkt 60 125 0.48 1
Pkt 77 160 0.48125 1
Node 29 57 22.1359
Pkt 192 400 0.48 1
Pkt 144 300 0.48 1
Node 57 55 8.60233
Pkt 360 750 0.48 1
Pkt 384 800 0.48 1
Node 43 61 13.0384
Pkt 93 192 0.484375 1
Pkt 48 100 0.48 1
Rate:961.406
==========
==========26
4 0 2 24000
Node 28 27 31.8277
Pkt 93 192 0.484375 1
Pkt 77 160 0.48125 1
Node 45 60 11.1803
Pkt 154 320 0.48125 1
Pkt 144 300 0.48 1
Node 47 37 13.3417
Pkt 360 750 0.48 1
Pkt 384 800 0.48 1
Node 52 45 5.38516
Pkt 120 250 0.48 1
Pkt 60 125 0.48 1
Rate:961.719
==========
==========27
4 0 2 24000
Node 31 70 27.5862
Pkt 77 160 0.48125 1
Pkt 96 200 0.48 1
Node 37 40 16.4012
Pkt 231 480 0.48125 1
Pkt 154 320 0.48125 1
Node 30 34 25.6125
Pkt 384 800 0.48 1
Pkt 384 800 0.48 1
Node 36 60 17.2047
Pkt 120 250 0.48 1
Pkt 116 240 0.483333 1
Rate:961.771
==========
==========28
4 0 2 24000
Node 56 47 6.7082
Pkt 116 240 0.483333 1
Pkt 60 125 0.48 1
Node 43 39 13.0384
Pkt 192 400 0.48 1
Pkt 144 300 0.48 1
Node 66 67 23.3452
Pkt 384 800 0.48 1
Pkt 360 750 0.48 1
Node 53 61 11.4018
Pkt 116 240 0.483333 1
Pkt 120 250 0.48 1
Rate:961.667
==========
==========29
4 0 2 24000
Node 41 27 24.6982
Pkt 116 240 0.483333 1
Pkt 120 250 0.48 1
Node 35 48 15.1327
Pkt 231 480 0.48125 1
Pkt 180 375 0.48 1
Node 68 39 21.095
Pkt 360 750 0.48 1
Pkt 384 800 0.48 1
Node 66 28 27.2029
Pkt 72 150 0.48 1
Pkt 120 250 0.48 1
Rate:961.146
==========
==========30
4 0 2 24000
Node 42 46 8.94427
Pkt 58 120 0.483333 1
Pkt 77 160 0.48125 1
Node 66 74 28.8444
Pkt 144 300 0.48 1
Pkt 192 400 0.48 1
Node 39 31 21.9545
Pkt 384 800 0.48 1
Pkt 384 800 0.48 1
Node 28 30 29.7321
Pkt 93 192 0.484375 1
Pkt 116 240 0.483333 1
Rate:963.073
==========
==========31
4 0 2 24000
Node 51 31 19.0263
Pkt 77 160 0.48125 1
Pkt 48 100 0.48 1
Node 69 43 20.2485
Pkt 180 375 0.48 1
Pkt 231 480 0.48125 1
Node 35 29 25.807
Pkt 384 800 0.48 1
Pkt 384 800 0.48 1
Node 37 74 27.2947
Pkt 77 160 0.48125 1
Pkt 60 125 0.48 1
Rate:960.938
==========
==========32
4 0 2 24000
Node 72 39 24.5967
Pkt 77 160 0.48125 1
Pkt 58 120 0.483333 1
Node 54 54 5.65685
Pkt 180 375 0.48 1
Pkt 154 320 0.48125 1
Node 49 37 13.0384
Pkt 384 800 0.48 1
Pkt 360 750 0.48 1
Node 57 41 11.4018
Pkt 96 200 0.48 1
Pkt 72 150 0.48 1
Rate:961.458
==========
==========33
4 0 2 24000
Node 72 70 29.7321
Pkt 58 120 0.483333 1
Pkt 96 200 0.48 1
Node 61 61 15.5563
Pkt 231 480 0.48125 1
Pkt 192 400 0.48 1
Node 32 51 18.0278
Pkt 360 750 0.48 1
Pkt 384 800 0.48 1
Node 43 31 20.2485
Pkt 96 200 0.48 1
Pkt 58 120 0.483333 1
Rate:961.979
==========
==========34
4 0 2 24000
Node 48 68 18.1108
Pkt 58 120 0.483333 1
Pkt 96 200 0.48 1
Node 38 49 12.0416
Pkt 180 375 0.48 1
Pkt 192 400 0.48 1
Node 67 67 24.0416
Pkt 360 750 0.48 1
Pkt 384 800 0.48 1
Node 66 54 16.4924
Pkt 93 192 0.484375 1
Pkt 93 192 0.484375 1
Rate:963.021
==========
==========35
4 0 2 24000
Node 53 37 13.3417
Pkt 96 200 0.48 1
Pkt 58 120 0.483333 1
Node 48 27 23.0868
Pkt 144 300 0.48 1
Pkt 180 375 0.48 1
Node 69 39 21.9545
Pkt 384 800 0.48 1
Pkt 384 800 0.48 1
Node 65 36 20.5183
Pkt 60 125 0.48 1
Pkt 60 125 0.48 1
Rate:960.833
==========
==========36
4 0 2 24000
Node 28 43 23.0868
Pkt 93 192 0.484375 1
Pkt 58 120 0.483333 1
Node 38 38 16.9706
Pkt 192 400 0.48 1
Pkt 144 300 0.48 1
Node 48 34 16.1245
Pkt 384 800 0.48 1
Pkt 360 750 0.48 1
Node 35 56 16.1555
Pkt 48 100 0.48 1
Pkt 77 160 0.48125 1
Rate:962.24
==========
==========37
4 0 2 24000
Node 63 28 25.5539
Pkt 96 200 0.48 1
Pkt 58 120 0.483333 1
Node 52 74 24.0832
Pkt 192 400 0.48 1
Pkt 154 320 0.48125 1
Node 57 40 12.2066
Pkt 384 800 0.48 1
Pkt 384 800 0.48 1
Node 43 38 13.8924
Pkt 72 150 0.48 1
Pkt 93 192 0.484375 1
Rate:962.24
==========
==========38
4 0 2 24000
Node 40 66 18.868
Pkt 48 100 0.48 1
Pkt 48 100 0.48 1
Node 32 60 20.5913
Pkt 180 375 0.48 1
Pkt 144 300 0.48 1
Node 48 46 4.47214
Pkt 360 750 0.48 1
Pkt 360 750 0.48 1
Node 25 34 29.6816
Pkt 120 250 0.48 1
Pkt 48 100 0.48 1
Rate:960
==========
==========39
4 0 2 24000
Node 74 27 33.2415
Pkt 116 240 0.483333 1
Pkt 60 125 0.48 1
Node 71 53 21.2132
Pkt 192 400 0.48 1
Pkt 154 320 0.48125 1
Node 26 73 33.2415
Pkt 384 800 0.48 1
Pkt 360 750 0.48 1
Node 51 71 21.0238
Pkt 116 240 0.483333 1
Pkt 93 192 0.484375 1
Rate:963.073
==========
==========40
4 0 2 24000
Node 28 61 24.5967
Pkt 60 125 0.48 1
Pkt 48 100 0.48 1
Node 58 48 8.24621
Pkt 192 400 0.48 1
Pkt 192 400 0.48 1
Node 54 31 19.4165
Pkt 384 800 0.48 1
Pkt 360 750 0.48 1
Node 57 32 19.3132
Pkt 116 240 0.483333 1
Pkt 120 250 0.48 1
Rate:960.833
==========
==========41
4 0 2 24000
Node 35 48 15.1327
Pkt 93 192 0.484375 1
Pkt 120 250 0.48 1
Node 56 36 15.2315
Pkt 180 375 0.48 1
Pkt 192 400 0.48 1
Node 43 55 8.60233
Pkt 384 800 0.48 1
Pkt 360 750 0.48 1
Node 41 44 10.8167
Pkt 116 240 0.483333 1
Pkt 60 125 0.48 1
Rate:961.927
==========
==========42
4 0 2 24000
Node 26 59 25.632
Pkt 96 200 0.48 1
Pkt 58 120 0.483333 1
Node 39 42 13.6015
Pkt 180 375 0.48 1
Pkt 192 400 0.48 1
Node 66 35 21.9317
Pkt 360 750 0.48 1
Pkt 384 800 0.48 1
Node 52 42 8.24621
Pkt 93 192 0.484375 1
Pkt 72 150 0.48 1
Rate:961.927
==========
==========43
4 0 2 24000
Node 57 45 8.60233
Pkt 116 240 0.483333 1
Pkt 96 200 0.48 1
Node 34 49 16.0312
Pkt 231 480 0.48125 1
Pkt 231 480 0.48125 1
Node 48 39 11.1803
Pkt 360 750 0.48 1
Pkt 360 750 0.48 1
Node 60 34 18.868
Pkt 96 200 0.48 1
Pkt 58 120 0.483333 1
Rate:962.292
==========
==========44
4 0 2 24000
Node 42 64 16.1245
Pkt 96 200 0.48 1
Pkt 96 200 0.48 1
Node 50 43 7
Pkt 231 480 0.48125 1
Pkt 192 400 0.48 1
Node 48 32 18.1108
Pkt 360 750 0.48 1
Pkt 384 800 0.48 1
Node 70 60 22.3607
Pkt 58 120 0.483333 1
Pkt 72 150 0.48 1
Rate:961.146
==========
==========45
4 0 2 24000
Node 42 37 15.2643
Pkt 48 100 0.48 1
Pkt 72 150 0.48 1
Node 58 65 17
Pkt 192 400 0.48 1
Pkt 231 480 0.48125 1
Node 63 36 19.105
Pkt 360 750 0.48 1
Pkt 360 750 0.48 1
Node 51 66 16.0312
Pkt 93 192 0.484375 1
Pkt 77 160 0.48125 1
Rate:961.719
==========
==========46
4 0 2 24000
Node 59 58 12.0416
Pkt 77 160 0.48125 1
Pkt 120 250 0.48 1
Node 27 28 31.8277
Pkt 192 400 0.48 1
Pkt 231 480 0.48125 1
Node 41 69 21.0238
Pkt 360 750 0.48 1
Pkt 384 800 0.48 1
Node 26 41 25.632
Pkt 48 100 0.48 1
Pkt 93 192 0.484375 1
Rate:961.719
==========
==========47
4 0 2 24000
Node 45 51 5.09902
Pkt 120 250 0.48 1
Pkt 96 200 0.48 1
Node 49 66 16.0312
Pkt 231 480 0.48125 1
Pkt 144 300 0.48 1
Node 69 26 30.6105
Pkt 360 750 0.48 1
Pkt 360 750 0.48 1
Node 71 57 22.1359
Pkt 58 120 0.483333 1
Pkt 96 200 0.48 1
Rate:961.146
==========
==========48
4 0 2 24000
Node 33 49 17.0294
Pkt 58 120 0.483333 1
Pkt 72 150 0.48 1
Node 40 33 19.7231
Pkt 192 400 0.48 1
Pkt 180 375 0.48 1
Node 63 49 13.0384
Pkt 360 750 0.48 1
Pkt 384 800 0.48 1
Node 44 69 19.9249
Pkt 93 192 0.484375 1
Pkt 96 200 0.48 1
Rate:961.927
==========
==========49
4 0 2 24000
Node 44 43 9.21954
Pkt 60 125 0.48 1
Pkt 93 192 0.484375 1
Node 38 39 16.2788
Pkt 144 300 0.48 1
Pkt 144 300 0.48 1
Node 61 44 12.53
Pkt 360 750 0.48 1
Pkt 360 750 0.48 1
Node 33 59 19.2354
Pkt 93 192 0.484375 1
Pkt 58 120 0.483333 1
Rate:963.021
==========
==========50
4 0 2 24000
Node 56 61 12.53
Pkt 60 125 0.48 1
Pkt 93 192 0.484375 1
Node 28 35 26.6271
Pkt 180 375 0.48 1
Pkt 154 320 0.48125 1
Node 30 29 29
Pkt 360 750 0.48 1
Pkt 384 800 0.48 1
Node 38 57 13.8924
Pkt 60 125 0.48 1
Pkt 120 250 0.48 1
Rate:961.406
==========
==========51
4 0 2 24000
Node 56 65 16.1555
Pkt 48 100 0.48 1
Pkt 96 200 0.48 1
Node 57 46 8.06226
Pkt 231 480 0.48125 1
Pkt 180 375 0.48 1
Node 64 38 18.4391
Pkt 360 750 0.48 1
Pkt 360 750 0.48 1
Node 41 64 16.6433
Pkt 116 240 0.483333 1
Pkt 58 120 0.483333 1
Rate:961.979
==========
==========52
4 0 2 24000
Node 70 69 27.5862
Pkt 77 160 0.48125 1
Pkt 48 100 0.48 1
Node 45 60 11.1803
Pkt 231 480 0.48125 1
Pkt 154 320 0.48125 1
Node 49 39 11.0454
Pkt 360 750 0.48 1
Pkt 360 750 0.48 1
Node 63 44 14.3178
Pkt 60 125 0.48 1
Pkt 77 160 0.48125 1
Rate:961.25
==========
==========53
4 0 2 24000
Node 28 41 23.7697
Pkt 72 150 0.48 1
Pkt 116 240 0.483333 1
Node 56 56 8.48528
Pkt 192 400 0.48 1
Pkt 154 320 0.48125 1
Node 31 35 24.2074
Pkt 384 800 0.48 1
Pkt 384 800 0.48 1
Node 43 71 22.1359
Pkt 60 125 0.48 1
Pkt 93 192 0.484375 1
Rate:962.24
==========
==========54
4 0 2 24000
Node 47 71 21.2132
Pkt 60 125 0.48 1
Pkt 120 250 0.48 1
Node 50 33 17
Pkt 231 480 0.48125 1
Pkt 144 300 0.48 1
Node 70 65 25
Pkt 360 750 0.48 1
Pkt 384 800 0.48 1
Node 35 62 19.2094
Pkt 58 120 0.483333 1
Pkt 58 120 0.483333 1
Rate:961.979
==========
==========55
4 0 2 24000
Node 67 33 24.0416
Pkt 58 120 0.483333 1
Pkt 96 200 0.48 1
Node 40 55 11.1803
Pkt 180 375 0.48 1
Pkt 180 375 0.48 1
Node 43 26 25
Pkt 384 800 0.48 1
Pkt 384 800 0.48 1
Node 63 40 16.4012
Pkt 72 150 0.48 1
Pkt 77 160 0.48125 1
Rate:961.146
==========
==========56
4 0 2 24000
Node 71 25 32.6497
Pkt 120 250 0.48 1
Pkt 120 250 0.48 1
Node 44 62 13.4164
Pkt 144 300 0.48 1
Pkt 192 400 0.48 1
Node 41 47 9.48683
Pkt 360 750 0.48 1
Pkt 360 750 0.48 1
Node 53 62 12.3693
Pkt 96 200 0.48 1
Pkt 96 200 0.48 1
Rate:960
==========
==========57
4 0 2 24000
Node 43 35 16.5529
Pkt 58 120 0.483333 1
Pkt 77 160 0.48125 1
Node 32 61 21.095
Pkt 180 375 0.48 1
Pkt 231 480 0.48125 1
Node 73 71 31.1448
Pkt 360 750 0.48 1
Pkt 384 800 0.48 1
Node 39 65 18.6011
Pkt 120 250 0.48 1
Pkt 72 150 0.48 1
Rate:961.458
==========
==========58
4 0 2 24000
Node 30 74 31.241
Pkt 77 160 0.48125 1
Pkt 58 120 0.483333 1
Node 60 62 15.6205
Pkt 154 320 0.48125 1
Pkt 154 320 0.48125 1
Node 56 63 14.3178
Pkt 384 800 0.48 1
Pkt 384 800 0.48 1
Node 64 55 14.8661
Pkt 48 100 0.48 1
Pkt 116 240 0.483333 1
Rate:962.604
==========
==========59
4 0 2 24000
Node 25 51 25.02
Pkt 60 125 0.48 1
Pkt 116 240 0.483333 1
Node 34 56 17.088
Pkt 144 300 0.48 1
Pkt 154 320 0.48125 1
Node 43 69 20.2485
Pkt 360 750 0.48 1
Pkt 384 800 0.48 1
Node 61 69 21.9545
Pkt 77 160 0.48125 1
Pkt 96 200 0.48 1
Rate:961.458
==========
==========60
4 0 2 24000
Node 57 37 14.7648
Pkt 120 250 0.48 1
Pkt 77 160 0.48125 1
Node 67 44 18.0278
Pkt 154 320 0.48125 1
Pkt 231 480 0.48125 1
Node 52 66 16.1245
Pkt 384 800 0.48 1
Pkt 360 750 0.48 1
Node 72 62 25.0599
Pkt 93 192 0.484375 1
Pkt 72 150 0.48 1
Rate:962.031
==========
==========61
4 0 2 24000
Node 57 61 13.0384
Pkt 77 160 0.48125 1
Pkt 93 192 0.484375 1
Node 28 64 26.0768
Pkt 180 375 0.48 1
Pkt 144 300 0.48 1
Node 63 72 25.5539
Pkt 384 800 0.48 1
Pkt 384 800 0.48 1
Node 29 32 27.6586
Pkt 60 125 0.48 1
Pkt 72 150 0.48 1
Rate:961.406
==========
==========62
4 0 2 24000
Node 67 48 17.1172
Pkt 72 150 0.48 1
Pkt 77 160 0.48125 1
Node 42 60 12.8062
Pkt 231 480 0.48125 1
Pkt 180 375 0.48 1
Node 58 67 18.7883
Pkt 384 800 0.48 1
Pkt 360 750 0.48 1
Node 63 51 13.0384
Pkt 48 100 0.48 1
Pkt 96 200 0.48 1
Rate:960.625
==========
==========63
4 0 2 24000
Node 68 68 25.4558
Pkt 96 200 0.48 1
Pkt 58 120 0.483333 1
Node 29 60 23.2594
Pkt 180 375 0.48 1
Pkt 180 375 0.48 1
Node 70 40 22.3607
Pkt 360 750 0.48 1
Pkt 384 800 0.48 1
Node 41 69 21.0238
Pkt 77 160 0.48125 1
Pkt 116 240 0.483333 1
Rate:961.979
==========
==========64
4 0 2 24000
Node 26 65 28.3019
Pkt 93 192 0.484375 1
Pkt 77 160 0.48125 1
Node 61 72 24.5967
Pkt 154 320 0.48125 1
Pkt 231 480 0.48125 1
Node 69 31 26.8701
Pkt 360 750 0.48 1
Pkt 360 750 0.48 1
Node 38 67 20.8087
Pkt 60 125 0.48 1
Pkt 72 150 0.48 1
Rate:962.031
==========
==========65
4 0 2 24000
Node 25 59 26.5707
Pkt 120 250 0.48 1
Pkt 48 100 0.48 1
Node 53 49 3.16228
Pkt 154 320 0.48125 1
Pkt 231 480 0.48125 1
Node 28 42 23.4094
Pkt 384 800 0.48 1
Pkt 360 750 0.48 1
Node 27 68 29.2062
Pkt 58 120 0.483333 1
Pkt 116 240 0.483333 1
Rate:962.292
==========
==========66
4 0 2 24000
Node 30 57 21.1896
Pkt 58 120 0.483333 1
Pkt 116 240 0.483333 1
Node 40 50 10
Pkt 231 480 0.48125 1
Pkt 180 375 0.48 1
Node 51 30 20.025
Pkt 360 750 0.48 1
Pkt 360 750 0.48 1
Node 38 32 21.6333
Pkt 58 120 0.483333 1
Pkt 93 192 0.484375 1
Rate:963.906
==========
==========67
4 0 2 24000
Node 48 35 15.1327
Pkt 72 150 0.48 1
Pkt 120 250 0.48 1
Node 36 42 16.1245
Pkt 231 480 0.48125 1
Pkt 180 375 0.48 1
Node 28 73 31.8277
Pkt 384 800 0.48 1
Pkt 360 750 0.48 1
Node 35 43 16.5529
Pkt 58 120 0.483333 1
Pkt 120 250 0.48 1
Rate:961.146
==========
==========68
4 0 2 24000
Node 36 37 19.105
Pkt 60 125 0.48 1
Pkt 116 240 0.483333 1
Node 37 52 13.1529
Pkt 231 480 0.48125 1
Pkt 192 400 0.48 1
Node 27 68 29.2062
Pkt 384 800 0.48 1
Pkt 360 750 0.48 1
Node 69 67 25.4951
Pkt 120 250 0.48 1
Pkt 96 200 0.48 1
Rate:961.146
==========
==========69
4 0 2 24000
Node 45 42 9.43398
Pkt 77 160 0.48125 1
Pkt 93 192 0.484375 1
Node 30 27 30.4795
Pkt 154 320 0.48125 1
Pkt 192 400 0.48 1
Node 52 39 11.1803
Pkt 384 800 0.48 1
Pkt 384 800 0.48 1
Node 42 72 23.4094
Pkt 96 200 0.48 1
Pkt 77 160 0.48125 1
Rate:962.031
==========
==========70
4 0 2 24000
Node 46 47 5
Pkt 96 200 0.48 1
Pkt 77 160 0.48125 1
Node 61 53 11.4018
Pkt 154 320 0.48125 1
Pkt 192 400 0.48 1
Node 65 41 17.4929
Pkt 360 750 0.48 1
Pkt 384 800 0.48 1
Node 31 52 19.105
Pkt 120 250 0.48 1
Pkt 93 192 0.484375 1
Rate:961.719
==========
==========71
4 0 2 24000
Node 45 55 7.07107
Pkt 72 150 0.48 1
Pkt 60 125 0.48 1
Node 35 57 16.5529
Pkt 231 480 0.48125 1
Pkt 192 400 0.48 1
Node 29 45 21.587
Pkt 360 750 0.48 1
Pkt 360 750 0.48 1
Node 25 67 30.2324
Pkt 60 125 0.48 1
Pkt 48 100 0.48 1
Rate:960.313
==========
==========72
4 0 2 24000
Node 63 54 13.6015
Pkt 72 150 0.48 1
Pkt 96 200 0.48 1
Node 42 55 9.43398
Pkt 154 320 0.48125 1
Pkt 180 375 0.48 1
Node 26 69 30.6105
Pkt 360 750 0.48 1
Pkt 384 800 0.48 1
Node 39 35 18.6011
Pkt 60 125 0.48 1
Pkt 48 100 0.48 1
Rate:960.313
==========
==========73
4 0 2 24000
Node 64 27 26.9258
Pkt 72 150 0.48 1
Pkt 60 125 0.48 1
Node 34 62 20
Pkt 144 300 0.48 1
Pkt 180 375 0.48 1
Node 68 62 21.6333
Pkt 360 750 0.48 1
Pkt 384 800 0.48 1
Node 31 58 20.6155
Pkt 72 150 0.48 1
Pkt 96 200 0.48 1
Rate:960
==========
==========74
4 0 2 24000
Node 45 31 19.6469
Pkt 93 192 0.484375 1
Pkt 96 200 0.48 1
Node 50 33 17
Pkt 231 480 0.48125 1
Pkt 231 480 0.48125 1
Node 54 53 5
Pkt 360 750 0.48 1
Pkt 360 750 0.48 1
Node 68 53 18.2483
Pkt 77 160 0.48125 1
Pkt 116 240 0.483333 1
Rate:962.865
==========
==========75
4 0 2 24000
Node 42 48 8.24621
Pkt 93 192 0.484375 1
Pkt 116 240 0.483333 1
Node 32 55 18.6815
Pkt 192 400 0.48 1
Pkt 180 375 0.48 1
Node 28 50 22
Pkt 360 750 0.48 1
Pkt 360 750 0.48 1
Node 63 31 23.0217
Pkt 120 250 0.48 1
Pkt 77 160 0.48125 1
Rate:962.24
==========
==========76
4 0 2 24000
Node 56 39 12.53
Pkt 77 160 0.48125 1
Pkt 72 150 0.48 1
Node 42 50 8
Pkt 180 375 0.48 1
Pkt 180 375 0.48 1
Node 67 35 22.6716
Pkt 384 800 0.48 1
Pkt 384 800 0.48 1
Node 31 34 24.8395
Pkt 93 192 0.484375 1
Pkt 60 125 0.48 1
Rate:961.406
==========
==========77
4 0 2 24000
Node 57 29 22.1359
Pkt 116 240 0.483333 1
Pkt 116 240 0.483333 1
Node 57 30 21.1896
Pkt 192 400 0.48 1
Pkt 144 300 0.48 1
Node 31 29 28.3196
Pkt 360 750 0.48 1
Pkt 360 750 0.48 1
Node 60 28 24.1661
Pkt 77 160 0.48125 1
Pkt 60 125 0.48 1
Rate:961.979
==========
==========78
4 0 2 24000
Node 47 41 9.48683
Pkt 120 250 0.48 1
Pkt 96 200 0.48 1
Node 26 47 24.1868
Pkt 180 375 0.48 1
Pkt 144 300 0.48 1
Node 42 32 19.6977
Pkt 360 750 0.48 1
Pkt 384 800 0.48 1
Node 57 25 25.9615
Pkt 77 160 0.48125 1
Pkt 77 160 0.48125 1
Rate:960.625
==========
==========79
4 0 2 24000
Node 74 57 25
Pkt 48 100 0.48 1
Pkt 60 125 0.48 1
Node 72 35 26.6271
Pkt 231 480 0.48125 1
Pkt 154 320 0.48125 1
Node 54 44 7.2111
Pkt 384 800 0.48 1
Pkt 384 800 0.48 1
Node 50 54 4
Pkt 93 192 0.484375 1
Pkt 48 100 0.48 1
Rate:961.719
==========
==========80
4 0 2 24000
Node 50 25 25
Pkt 58 120 0.483333 1
Pkt 58 120 0.483333 1
Node 43 42 10.6301
Pkt 144 300 0.48 1
Pkt 144 300 0.48 1
Node 74 44 24.7386
Pkt 360 750 0.48 1
Pkt 384 800 0.48 1
Node 34 34 22.6274
Pkt 120 250 0.48 1
Pkt 48 100 0.48 1
Rate:961.667
==========
==========81
4 0 2 24000
Node 31 27 29.8329
Pkt 120 250 0.48 1
Pkt 116 240 0.483333 1
Node 41 34 18.3576
Pkt 192 400 0.48 1
Pkt 231 480 0.48125 1
Node 43 30 21.1896
Pkt 360 750 0.48 1
Pkt 384 800 0.48 1
Node 73 51 23.0217
Pkt 72 150 0.48 1
Pkt 96 200 0.48 1
Rate:961.146
==========
==========82
4 0 2 24000
Node 36 63 19.105
Pkt 96 200 0.48 1
Pkt 116 240 0.483333 1
Node 50 66 16
Pkt 154 320 0.48125 1
Pkt 180 375 0.48 1
Node 73 32 29.2062
Pkt 360 750 0.48 1
Pkt 384 800 0.48 1
Node 68 48 18.1108
Pkt 58 120 0.483333 1
Pkt 60 125 0.48 1
Rate:961.979
==========
==========83
4 0 2 24000
Node 71 58 22.4722
Pkt 77 160 0.48125 1
Pkt 77 160 0.48125 1
Node 28 59 23.7697
Pkt 231 480 0.48125 1
Pkt 231 480 0.48125 1
Node 40 37 16.4012
Pkt 360 750 0.48 1
Pkt 384 800 0.48 1
Node 33 34 23.3452
Pkt 48 100 0.48 1
Pkt 48 100 0.48 1
Rate:961.25
==========
==========84
4 0 2 24000
Node 74 51 24.0208
Pkt 93 192 0.484375 1
Pkt 60 125 0.48 1
Node 38 44 13.4164
Pkt 154 320 0.48125 1
Pkt 180 375 0.48 1
Node 29 56 21.8403
Pkt 384 800 0.48 1
Pkt 384 800 0.48 1
Node 42 27 24.3516
Pkt 120 250 0.48 1
Pkt 77 160 0.48125 1
Rate:961.719
==========
==========85
4 0 2 24000
Node 25 64 28.6531
Pkt 77 160 0.48125 1
Pkt 48 100 0.48 1
Node 37 49 13.0384
Pkt 144 300 0.48 1
Pkt 231 480 0.48125 1
Node 43 56 9.21954
Pkt 384 800 0.48 1
Pkt 384 800 0.48 1
Node 71 55 21.587
Pkt 72 150 0.48 1
Pkt 116 240 0.483333 1
Rate:961.458
==========
==========86
4 0 2 24000
Node 70 34 25.6125
Pkt 48 100 0.48 1
Pkt 58 120 0.483333 1
Node 38 40 15.6205
Pkt 180 375 0.48 1
Pkt 192 400 0.48 1
Node 54 65 15.5242
Pkt 384 800 0.48 1
Pkt 360 750 0.48 1
Node 67 57 18.3848
Pkt 120 250 0.48 1
Pkt 72 150 0.48 1
Rate:960.833
==========
==========87
4 0 2 24000
Node 54 69 19.4165
Pkt 93 192 0.484375 1
Pkt 116 240 0.483333 1
Node 67 29 27.0185
Pkt 180 375 0.48 1
Pkt 154 320 0.48125 1
Node 46 40 10.7703
Pkt 360 750 0.48 1
Pkt 360 750 0.48 1
Node 53 53 4.24264
Pkt 58 120 0.483333 1
Pkt 60 125 0.48 1
Rate:963.073
==========
==========88
4 0 2 24000
Node 42 53 8.544
Pkt 48 100 0.48 1
Pkt 96 200 0.48 1
Node 64 27 26.9258
Pkt 231 480 0.48125 1
Pkt 192 400 0.48 1
Node 33 45 17.72
Pkt 360 750 0.48 1
Pkt 360 750 0.48 1
Node 38 41 15
Pkt 48 100 0.48 1
Pkt 48 100 0.48 1
Rate:960.313
==========
==========89
4 0 2 24000
Node 44 69 19.9249
Pkt 60 125 0.48 1
Pkt 77 160 0.48125 1
Node 35 52 15.1327
Pkt 192 400 0.48 1
Pkt 144 300 0.48 1
Node 49 43 7.07107
Pkt 360 750 0.48 1
Pkt 384 800 0.48 1
Node 30 39 22.8254
Pkt 48 100 0.48 1
Pkt 48 100 0.48 1
Rate:960.313
==========
==========90
4 0 2 24000
Node 35 32 23.4307
Pkt 120 250 0.48 1
Pkt 60 125 0.48 1
Node 44 46 7.2111
Pkt 192 400 0.48 1
Pkt 180 375 0.48 1
Node 73 65 27.4591
Pkt 384 800 0.48 1
Pkt 360 750 0.48 1
Node 73 45 23.5372
Pkt 72 150 0.48 1
Pkt 116 240 0.483333 1
Rate:960.833
==========
==========91
4 0 2 24000
Node 49 50 1
Pkt 72 150 0.48 1
Pkt 60 125 0.48 1
Node 63 48 13.1529
Pkt 192 400 0.48 1
Pkt 154 320 0.48125 1
Node 58 62 14.4222
Pkt 384 800 0.48 1
Pkt 360 750 0.48 1
Node 69 34 24.8395
Pkt 60 125 0.48 1
Pkt 116 240 0.483333 1
Rate:961.146
==========
==========92
4 0 2 24000
Node 58 30 21.5407
Pkt 58 120 0.483333 1
Pkt 96 200 0.48 1
Node 55 25 25.4951
Pkt 231 480 0.48125 1
Pkt 192 400 0.48 1
Node 65 68 23.4307
Pkt 384 800 0.48 1
Pkt 360 750 0.48 1
Node 41 38 15
Pkt 77 160 0.48125 1
Pkt 120 250 0.48 1
Rate:961.458
==========
==========93
4 0 2 24000
Node 49 59 9.05539
Pkt 93 192 0.484375 1
Pkt 120 250 0.48 1
Node 56 49 6.08276
Pkt 180 375 0.48 1
Pkt 154 320 0.48125 1
Node 69 68 26.1725
Pkt 384 800 0.48 1
Pkt 384 800 0.48 1
Node 42 64 16.1245
Pkt 96 200 0.48 1
Pkt 120 250 0.48 1
Rate:961.406
==========
==========94
4 0 2 24000
Node 33 60 19.7231
Pkt 120 250 0.48 1
Pkt 120 250 0.48 1
Node 73 64 26.9258
Pkt 180 375 0.48 1
Pkt 144 300 0.48 1
Node 25 28 33.3017
Pkt 384 800 0.48 1
Pkt 360 750 0.48 1
Node 29 29 29.6985
Pkt 93 192 0.484375 1
Pkt 93 192 0.484375 1
Rate:962.188
==========
==========95
4 0 2 24000
Node 63 59 15.8114
Pkt 120 250 0.48 1
Pkt 77 160 0.48125 1
Node 26 30 31.241
Pkt 144 300 0.48 1
Pkt 154 320 0.48125 1
Node 31 62 22.4722
Pkt 384 800 0.48 1
Pkt 384 800 0.48 1
Node 71 36 25.2389
Pkt 93 192 0.484375 1
Pkt 48 100 0.48 1
Rate:961.719
==========
==========96
4 0 2 24000
Node 53 60 10.4403
Pkt 60 125 0.48 1
Pkt 48 100 0.48 1
Node 37 28 25.5539
Pkt 192 400 0.48 1
Pkt 231 480 0.48125 1
Node 28 39 24.5967
Pkt 360 750 0.48 1
Pkt 384 800 0.48 1
Node 51 73 23.0217
Pkt 116 240 0.483333 1
Pkt 72 150 0.48 1
Rate:961.146
==========
==========97
4 0 2 24000
Node 47 63 13.3417
Pkt 120 250 0.48 1
Pkt 96 200 0.48 1
Node 63 46 13.6015
Pkt 154 320 0.48125 1
Pkt 231 480 0.48125 1
Node 64 69 23.6008
Pkt 384 800 0.48 1
Pkt 384 800 0.48 1
Node 45 42 9.43398
Pkt 58 120 0.483333 1
Pkt 116 240 0.483333 1
Rate:962.292
==========
==========98
4 0 2 24000
Node 49 58 8.06226
Pkt 120 250 0.48 1
Pkt 72 150 0.48 1
Node 64 61 17.8045
Pkt 192 400 0.48 1
Pkt 154 320 0.48125 1
Node 47 52 3.60555
Pkt 384 800 0.48 1
Pkt 360 750 0.48 1
Node 25 40 26.9258
Pkt 77 160 0.48125 1
Pkt 93 192 0.484375 1
Rate:961.719
==========
==========99
