4 0 2 24000
Node 30 63 23.8537
Pkt 25 125 0.2 1
Pkt 30 150 0.2 1
Node 46 42 8.94427
Pkt 60 300 0.2 1
Pkt 80 400 0.2 1
Node 65 47 15.2971
Pkt 150 750 0.2 1
Pkt 160 800 0.2 1
Node 57 30 21.1896
Pkt 24 120 0.2 1
Pkt 50 250 0.2 1
Rate:400
==========
==========0
4 0 2 24000
Node 37 50 13
Pkt 48 240 0.2 1
Pkt 39 192 0.203125 1
Node 46 26 24.3311
Pkt 60 300 0.2 1
Pkt 80 400 0.2 1
Node 66 64 21.2603
Pkt 160 800 0.2 1
Pkt 150 750 0.2 1
Node 46 68 18.4391
Pkt 25 125 0.2 1
Pkt 24 120 0.2 1
Rate:400.781
==========
==========1
4 0 2 24000
Node 45 29 21.587
Pkt 20 100 0.2 1
Pkt 20 100 0.2 1
Node 34 72 27.2029
Pkt 64 320 0.2 1
Pkt 64 320 0.2 1
Node 47 42 8.544
Pkt 150 750 0.2 1
Pkt 160 800 0.2 1
Node 51 74 24.0208
Pkt 48 240 0.2 1
Pkt 32 160 0.2 1
Rate:400
==========
==========2
4 0 2 24000
Node 66 60 18.868
Pkt 30 150 0.2 1
Pkt 30 150 0.2 1
Node 35 62 19.2094
Pkt 60 300 0.2 1
Pkt 60 300 0.2 1
Node 30 31 27.5862
Pkt 150 750 0.2 1
Pkt 150 750 0.2 1
Node 74 54 24.3311
Pkt 25 125 0.2 1
Pkt 50 250 0.2 1
Rate:400
==========
==========3
4 0 2 24000
Node 35 33 22.6716
Pkt 24 120 0.2 1
Pkt 48 240 0.2 1
Node 41 50 9
Pkt 60 300 0.2 1
Pkt 60 300 0.2 1
Node 33 53 17.2627
Pkt 160 800 0.2 1
Pkt 160 800 0.2 1
Node 25 48 25.0799
Pkt 25 125 0.2 1
Pkt 48 240 0.2 1
Rate:400
==========
==========4
4 0 2 24000
Node 66 57 17.4642
Pkt 32 160 0.2 1
Pkt 48 240 0.2 1
Node 28 51 22.0227
Pkt 75 375 0.2 1
Pkt 60 300 0.2 1
Node 26 47 24.1868
Pkt 160 800 0.2 1
Pkt 150 750 0.2 1
Node 47 31 19.2354
Pkt 39 192 0.203125 1
Pkt 25 125 0.2 1
Rate:400.781
==========
==========5
4 0 2 24000
Node 72 55 22.561
Pkt 24 120 0.2 1
Pkt 24 120 0.2 1
Node 46 71 21.3776
Pkt 96 480 0.2 1
Pkt 80 400 0.2 1
Node 25 72 33.3017
Pkt 160 800 0.2 1
Pkt 160 800 0.2 1
Node 54 43 8.06226
Pkt 20 100 0.2 1
Pkt 39 192 0.203125 1
Rate:400.781
==========
==========6
4 0 2 24000
Node 47 57 7.61577
Pkt 20 100 0.2 1
Pkt 25 125 0.2 1
Node 48 40 10.198
Pkt 80 400 0.2 1
Pkt 75 375 0.2 1
Node 29 59 22.8473
Pkt 150 750 0.2 1
Pkt 160 800 0.2 1
Node 49 55 5.09902
Pkt 40 200 0.2 1
Pkt 30 150 0.2 1
Rate:400
==========
==========7
4 0 2 24000
Node 45 28 22.561
Pkt 30 150 0.2 1
Pkt 40 200 0.2 1
Node 37 35 19.8494
Pkt 80 400 0.2 1
Pkt 96 480 0.2 1
Node 43 51 7.07107
Pkt 150 750 0.2 1
Pkt 150 750 0.2 1
Node 68 57 19.3132
Pkt 48 240 0.2 1
Pkt 50 250 0.2 1
Rate:400
==========
==========8
4 0 2 24000
Node 26 27 33.2415
Pkt 25 125 0.2 1
Pkt 25 125 0.2 1
Node 48 74 24.0832
Pkt 60 300 0.2 1
Pkt 75 375 0.2 1
Node 36 71 25.2389
Pkt 160 800 0.2 1
Pkt 160 800 0.2 1
Node 28 60 24.1661
Pkt 30 150 0.2 1
Pkt 30 150 0.2 1
Rate:400
==========
==========9
4 0 2 24000
Node 67 58 18.7883
Pkt 20 100 0.2 1
Pkt 30 150 0.2 1
Node 33 52 17.1172
Pkt 60 300 0.2 1
Pkt 75 375 0.2 1
Node 42 57 10.6301
Pkt 150 750 0.2 1
Pkt 150 750 0.2 1
Node 53 54 5
Pkt 50 250 0.2 1
Pkt 50 250 0.2 1
Rate:400
==========
==========10
4 0 2 24000
Node 41 33 19.2354
Pkt 48 240 0.2 1
Pkt 48 240 0.2 1
Node 68 66 24.0832
Pkt 75 375 0.2 1
Pkt 60 300 0.2 1
Node 26 62 26.8328
Pkt 150 750 0.2 1
Pkt 150 750 0.2 1
Node 55 62 13
Pkt 50 250 0.2 1
Pkt 20 100 0.2 1
Rate:400
==========
==========11
4 0 2 24000
Node 47 32 18.2483
Pkt 25 125 0.2 1
Pkt 39 192 0.203125 1
Node 51 43 7.07107
Pkt 80 400 0.2 1
Pkt 96 480 0.2 1
Node 27 52 23.0868
Pkt 160 800 0.2 1
Pkt 150 750 0.2 1
Node 74 48 24.0832
Pkt 25 125 0.2 1
Pkt 30 150 0.2 1
Rate:400.781
==========
==========12
4 0 2 24000
Node 51 55 5.09902
Pkt 39 192 0.203125 1
Pkt 50 250 0.2 1
Node 29 47 21.2132
Pkt 64 320 0.2 1
Pkt 75 375 0.2 1
Node 70 67 26.2488
Pkt 150 750 0.2 1
Pkt 160 800 0.2 1
Node 27 35 27.4591
Pkt 20 100 0.2 1
Pkt 24 120 0.2 1
Rate:400.781
==========
==========13
4 0 2 24000
Node 68 39 21.095
Pkt 39 192 0.203125 1
Pkt 40 200 0.2 1
Node 48 54 4.47214
Pkt 80 400 0.2 1
Pkt 80 400 0.2 1
Node 47 67 17.2627
Pkt 150 750 0.2 1
Pkt 150 750 0.2 1
Node 55 46 6.40312
Pkt 24 120 0.2 1
Pkt 25 125 0.2 1
Rate:400.781
==========
==========14
4 0 2 24000
Node 53 47 4.24264
Pkt 24 120 0.2 1
Pkt 40 200 0.2 1
Node 39 28 24.5967
Pkt 75 375 0.2 1
Pkt 64 320 0.2 1
Node 57 47 7.61577
Pkt 150 750 0.2 1
Pkt 160 800 0.2 1
Node 69 38 22.4722
Pkt 32 160 0.2 1
Pkt 40 200 0.2 1
Rate:400
==========
==========15
4 0 2 24000
Node 74 28 32.5576
Pkt 40 200 0.2 1
Pkt 25 125 0.2 1
Node 33 31 25.4951
Pkt 64 320 0.2 1
Pkt 60 300 0.2 1
Node 66 37 20.6155
Pkt 150 750 0.2 1
Pkt 150 750 0.2 1
Node 65 48 15.1327
Pkt 32 160 0.2 1
Pkt 30 150 0.2 1
Rate:400
==========
==========16
4 0 2 24000
Node 50 54 4
Pkt 39 192 0.203125 1
Pkt 30 150 0.2 1
Node 47 58 8.544
Pkt 60 300 0.2 1
Pkt 75 375 0.2 1
Node 39 51 11.0454
Pkt 160 800 0.2 1
Pkt 160 800 0.2 1
Node 28 46 22.3607
Pkt 39 192 0.203125 1
Pkt 25 125 0.2 1
Rate:401.563
==========
==========17
4 0 2 24000
Node 44 30 20.8806
Pkt 24 120 0.2 1
Pkt 24 120 0.2 1
Node 66 39 19.4165
Pkt 96 480 0.2 1
Pkt 80 400 0.2 1
Node 37 43 14.7648
Pkt 160 800 0.2 1
Pkt 150 750 0.2 1
Node 68 57 19.3132
Pkt 48 240 0.2 1
Pkt 30 150 0.2 1
Rate:400
==========
==========18
4 0 2 24000
Node 31 40 21.4709
Pkt 20 100 0.2 1
Pkt 24 120 0.2 1
Node 45 38 13
Pkt 80 400 0.2 1
Pkt 80 400 0.2 1
Node 66 52 16.1245
Pkt 150 750 0.2 1
Pkt 160 800 0.2 1
Node 60 64 17.2047
Pkt 40 200 0.2 1
Pkt 20 100 0.2 1
Rate:400
==========
==========19
4 0 2 24000
Node 35 42 17
Pkt 50 250 0.2 1
Pkt 20 100 0.2 1
Node 40 38 15.6205
Pkt 64 320 0.2 1
Pkt 75 375 0.2 1
Node 70 54 20.3961
Pkt 160 800 0.2 1
Pkt 150 750 0.2 1
Node 66 33 23.3452
Pkt 39 192 0.203125 1
Pkt 48 240 0.2 1
Rate:400.781
==========
==========20
4 0 2 24000
Node 37 57 14.7648
Pkt 48 240 0.2 1
Pkt 32 160 0.2 1
Node 45 40 11.1803
Pkt 75 375 0.2 1
Pkt 96 480 0.2 1
Node 37 64 19.105
Pkt 150 750 0.2 1
Pkt 150 750 0.2 1
Node 60 70 22.3607
Pkt 24 120 0.2 1
Pkt 40 200 0.2 1
Rate:400
==========
==========21
4 0 2 24000
Node 68 47 18.2483
Pkt 50 250 0.2 1
Pkt 20 100 0.2 1
Node 26 61 26.4008
Pkt 96 480 0.2 1
Pkt 80 400 0.2 1
Node 40 65 18.0278
Pkt 160 800 0.2 1
Pkt 160 800 0.2 1
Node 26 60 26
Pkt 20 100 0.2 1
Pkt 20 100 0.2 1
Rate:400
==========
==========22
4 0 2 24000
Node 64 54 14.5602
Pkt 32 160 0.2 1
Pkt 30 150 0.2 1
Node 61 26 26.4008
Pkt 96 480 0.2 1
Pkt 96 480 0.2 1
Node 62 53 12.3693
Pkt 160 800 0.2 1
Pkt 160 800 0.2 1
Node 60 47 10.4403
Pkt 40 200 0.2 1
Pkt 40 200 0.2 1
Rate:400
==========
==========23
4 0 2 24000
Node 39 73 25.4951
Pkt 50 250 0.2 1
Pkt 20 100 0.2 1
Node 40 36 17.2047
Pkt 64 320 0.2 1
Pkt 75 375 0.2 1
Node 37 53 13.3417
Pkt 150 750 0.2 1
Pkt 150 750 0.2 1
Node 57 51 7.07107
Pkt 50 250 0.2 1
Pkt 20 100 0.2 1
Rate:400
==========
==========24
4 0 2 24000
Node 29 29 29.6985
Pkt 50 250 0.2 1
Pkt 39 192 0.203125 1
Node 42 74 25.2982
Pkt 96 480 0.2 1
Pkt 60 300 0.2 1
Node 42 70 21.5407
Pkt 160 800 0.2 1
Pkt 150 750 0.2 1
Node 53 74 24.1868
Pkt 20 100 0.2 1
Pkt 20 100 0.2 1
Rate:400.781
==========
==========25
4 0 2 24000
Node 60 64 17.2047
Pkt 40 200 0.2 1
Pkt 32 160 0.2 1
Node 72 62 25.0599
Pkt 80 400 0.2 1
Pkt 60 300 0.2 1
Node 56 65 16.1555
Pkt 160 800 0.2 1
Pkt 150 750 0.2 1
Node 68 36 22.8035
Pkt 25 125 0.2 1
Pkt 39 192 0.203125 1
Rate:400.781
==========
==========26
4 0 2 24000
Node 45 58 9.43398
Pkt 39 192 0.203125 1
Pkt 25 125 0.2 1
Node 74 48 24.0832
Pkt 96 480 0.2 1
Pkt 60 300 0.2 1
Node 69 57 20.2485
Pkt 150 750 0.2 1
Pkt 160 800 0.2 1
Node 67 25 30.2324
Pkt 30 150 0.2 1
Pkt 25 125 0.2 1
Rate:400.781
==========
==========27
4 0 2 24000
Node 30 35 25
Pkt 50 250 0.2 1
Pkt 20 100 0.2 1
Node 28 43 23.0868
Pkt 96 480 0.2 1
Pkt 80 400 0.2 1
Node 63 34 20.6155
Pkt 150 750 0.2 1
Pkt 160 800 0.2 1
Node 68 68 25.4558
Pkt 50 250 0.2 1
Pkt 48 240 0.2 1
Rate:400
==========
==========28
4 0 2 24000
Node 59 52 9.21954
Pkt 30 150 0.2 1
Pkt 24 120 0.2 1
Node 31 47 19.2354
Pkt 64 320 0.2 1
Pkt 96 480 0.2 1
Node 63 25 28.178
Pkt 160 800 0.2 1
Pkt 160 800 0.2 1
Node 42 46 8.94427
Pkt 24 120 0.2 1
Pkt 39 192 0.203125 1
Rate:400.781
==========
==========29
4 0 2 24000
Node 40 28 24.1661
Pkt 24 120 0.2 1
Pkt 39 192 0.203125 1
Node 25 49 25.02
Pkt 96 480 0.2 1
Pkt 75 375 0.2 1
Node 26 70 31.241
Pkt 160 800 0.2 1
Pkt 150 750 0.2 1
Node 47 49 3.16228
Pkt 24 120 0.2 1
Pkt 39 192 0.203125 1
Rate:401.563
==========
==========30
4 0 2 24000
Node 72 59 23.7697
Pkt 30 150 0.2 1
Pkt 39 192 0.203125 1
Node 58 72 23.4094
Pkt 96 480 0.2 1
Pkt 75 375 0.2 1
Node 70 61 22.8254
Pkt 160 800 0.2 1
Pkt 160 800 0.2 1
Node 61 31 21.9545
Pkt 48 240 0.2 1
Pkt 48 240 0.2 1
Rate:400.781
==========
==========31
4 0 2 24000
Node 43 73 24.0416
Pkt 48 240 0.2 1
Pkt 50 250 0.2 1
Node 68 54 18.4391
Pkt 80 400 0.2 1
Pkt 80 400 0.2 1
Node 44 34 17.088
Pkt 160 800 0.2 1
Pkt 160 800 0.2 1
Node 45 69 19.6469
Pkt 20 100 0.2 1
Pkt 24 120 0.2 1
Rate:400
==========
==========32
4 0 2 24000
Node 42 53 8.544
Pkt 50 250 0.2 1
Pkt 50 250 0.2 1
Node 26 41 25.632
Pkt 60 300 0.2 1
Pkt 64 320 0.2 1
Node 36 39 17.8045
Pkt 160 800 0.2 1
Pkt 160 800 0.2 1
Node 65 71 25.807
Pkt 39 192 0.203125 1
Pkt 25 125 0.2 1
Rate:400.781
==========
==========33
4 0 2 24000
Node 73 69 29.8329
Pkt 48 240 0.2 1
Pkt 20 100 0.2 1
Node 42 41 12.0416
Pkt 75 375 0.2 1
Pkt 75 375 0.2 1
Node 49 33 17.0294
Pkt 160 800 0.2 1
Pkt 150 750 0.2 1
Node 44 41 10.8167
Pkt 20 100 0.2 1
Pkt 20 100 0.2 1
Rate:400
==========
==========34
4 0 2 24000
Node 62 56 13.4164
Pkt 25 125 0.2 1
Pkt 30 150 0.2 1
Node 59 41 12.7279
Pkt 75 375 0.2 1
Pkt 64 320 0.2 1
Node 41 32 20.1246
Pkt 160 800 0.2 1
Pkt 150 750 0.2 1
Node 32 30 26.9072
Pkt 24 120 0.2 1
Pkt 32 160 0.2 1
Rate:400
==========
==========35
4 0 2 24000
Node 71 31 28.3196
Pkt 20 100 0.2 1
Pkt 48 240 0.2 1
Node 63 55 13.9284
Pkt 64 320 0.2 1
Pkt 60 300 0.2 1
Node 66 26 28.8444
Pkt 160 800 0.2 1
Pkt 160 800 0.2 1
Node 46 31 19.4165
Pkt 32 160 0.2 1
Pkt 39 192 0.203125 1
Rate:400.781
==========
==========36
4 0 2 24000
Node 70 34 25.6125
Pkt 50 250 0.2 1
Pkt 48 240 0.2 1
Node 51 69 19.0263
Pkt 80 400 0.2 1
Pkt 64 320 0.2 1
Node 49 40 10.0499
Pkt 160 800 0.2 1
Pkt 160 800 0.2 1
Node 49 61 11.0454
Pkt 40 200 0.2 1
Pkt 30 150 0.2 1
Rate:400
==========
==========37
4 0 2 24000
Node 56 52 6.32456
Pkt 24 120 0.2 1
Pkt 25 125 0.2 1
Node 37 36 19.105
Pkt 60 300 0.2 1
Pkt 75 375 0.2 1
Node 65 27 27.4591
Pkt 150 750 0.2 1
Pkt 150 750 0.2 1
Node 33 52 17.1172
Pkt 50 250 0.2 1
Pkt 30 150 0.2 1
Rate:400
==========
==========38
4 0 2 24000
Node 54 47 5
Pkt 25 125 0.2 1
Pkt 25 125 0.2 1
Node 49 64 14.0357
Pkt 60 300 0.2 1
Pkt 96 480 0.2 1
Node 71 43 22.1359
Pkt 160 800 0.2 1
Pkt 150 750 0.2 1
Node 30 53 20.2237
Pkt 50 250 0.2 1
Pkt 50 250 0.2 1
Rate:400
==========
==========39
4 0 2 24000
Node 41 39 14.2127
Pkt 32 160 0.2 1
Pkt 24 120 0.2 1
Node 55 52 5.38516
Pkt 60 300 0.2 1
Pkt 75 375 0.2 1
Node 38 26 26.8328
Pkt 150 750 0.2 1
Pkt 160 800 0.2 1
Node 29 62 24.1868
Pkt 20 100 0.2 1
Pkt 25 125 0.2 1
Rate:400
==========
==========40
4 0 2 24000
Node 46 44 7.2111
Pkt 30 150 0.2 1
Pkt 25 125 0.2 1
Node 69 34 24.8395
Pkt 80 400 0.2 1
Pkt 96 480 0.2 1
Node 69 48 19.105
Pkt 150 750 0.2 1
Pkt 160 800 0.2 1
Node 39 55 12.083
Pkt 30 150 0.2 1
Pkt 32 160 0.2 1
Rate:400
==========
==========41
4 0 2 24000
Node 43 58 10.6301
Pkt 50 250 0.2 1
Pkt 20 100 0.2 1
Node 63 50 13
Pkt 60 300 0.2 1
Pkt 64 320 0.2 1
Node 64 53 14.3178
Pkt 150 750 0.2 1
Pkt 160 800 0.2 1
Node 61 71 23.7065
Pkt 25 125 0.2 1
Pkt 48 240 0.2 1
Rate:400
==========
==========42
4 0 2 24000
Node 42 36 16.1245
Pkt 30 150 0.2 1
Pkt 30 150 0.2 1
Node 52 70 20.0998
Pkt 80 400 0.2 1
Pkt 60 300 0.2 1
Node 33 45 17.72
Pkt 160 800 0.2 1
Pkt 160 800 0.2 1
Node 27 69 29.8329
Pkt 25 125 0.2 1
Pkt 48 240 0.2 1
Rate:400
==========
==========43
4 0 2 24000
Node 69 60 21.4709
Pkt 24 120 0.2 1
Pkt 39 192 0.203125 1
Node 37 55 13.9284
Pkt 96 480 0.2 1
Pkt 64 320 0.2 1
Node 39 66 19.4165
Pkt 150 750 0.2 1
Pkt 160 800 0.2 1
Node 40 30 22.3607
Pkt 20 100 0.2 1
Pkt 25 125 0.2 1
Rate:400.781
==========
==========44
4 0 2 24000
Node 64 27 26.9258
Pkt 48 240 0.2 1
Pkt 32 160 0.2 1
Node 33 28 27.8029
Pkt 64 320 0.2 1
Pkt 75 375 0.2 1
Node 55 49 5.09902
Pkt 160 800 0.2 1
Pkt 160 800 0.2 1
Node 39 67 20.2485
Pkt 25 125 0.2 1
Pkt 30 150 0.2 1
Rate:400
==========
==========45
4 0 2 24000
Node 51 64 14.0357
Pkt 50 250 0.2 1
Pkt 40 200 0.2 1
Node 38 64 18.4391
Pkt 80 400 0.2 1
Pkt 80 400 0.2 1
Node 41 63 15.8114
Pkt 150 750 0.2 1
Pkt 160 800 0.2 1
Node 40 47 10.4403
Pkt 24 120 0.2 1
Pkt 48 240 0.2 1
Rate:400
==========
==========46
4 0 2 24000
Node 34 44 17.088
Pkt 48 240 0.2 1
Pkt 25 125 0.2 1
Node 29 56 21.8403
Pkt 60 300 0.2 1
Pkt 60 300 0.2 1
Node 74 32 30
Pkt 160 800 0.2 1
Pkt 160 800 0.2 1
Node 48 59 9.21954
Pkt 39 192 0.203125 1
Pkt 30 150 0.2 1
Rate:400.781
==========
==========47
4 0 2 24000
Node 61 35 18.6011
Pkt 48 240 0.2 1
Pkt 20 100 0.2 1
Node 63 62 17.6918
Pkt 64 320 0.2 1
Pkt 64 320 0.2 1
Node 34 31 24.8395
Pkt 150 750 0.2 1
Pkt 160 800 0.2 1
Node 67 73 28.6007
Pkt 40 200 0.2 1
Pkt 39 192 0.203125 1
Rate:400.781
==========
==========48
4 0 2 24000
Node 60 67 19.7231
Pkt 48 240 0.2 1
Pkt 25 125 0.2 1
Node 72 29 30.4138
Pkt 80 400 0.2 1
Pkt 64 320 0.2 1
Node 49 26 24.0208
Pkt 150 750 0.2 1
Pkt 160 800 0.2 1
Node 64 35 20.5183
Pkt 50 250 0.2 1
Pkt 25 125 0.2 1
Rate:400
==========
==========49
4 0 2 24000
Node 55 52 5.38516
Pkt 40 200 0.2 1
Pkt 39 192 0.203125 1
Node 31 56 19.9249
Pkt 60 300 0.2 1
Pkt 75 375 0.2 1
Node 52 51 2.23607
Pkt 160 800 0.2 1
Pkt 160 800 0.2 1
Node 30 48 20.0998
Pkt 48 240 0.2 1
Pkt 50 250 0.2 1
Rate:400.781
==========
==========50
4 0 2 24000
Node 62 44 13.4164
Pkt 40 200 0.2 1
Pkt 30 150 0.2 1
Node 25 33 30.2324
Pkt 60 300 0.2 1
Pkt 80 400 0.2 1
Node 26 41 25.632
Pkt 150 750 0.2 1
Pkt 160 800 0.2 1
Node 73 28 31.8277
Pkt 30 150 0.2 1
Pkt 40 200 0.2 1
Rate:400
==========
==========51
4 0 2 24000
Node 73 61 25.4951
Pkt 39 192 0.203125 1
Pkt 50 250 0.2 1
Node 69 51 19.0263
Pkt 60 300 0.2 1
Pkt 64 320 0.2 1
Node 72 73 31.8277
Pkt 160 800 0.2 1
Pkt 150 750 0.2 1
Node 49 36 14.0357
Pkt 20 100 0.2 1
Pkt 40 200 0.2 1
Rate:400.781
==========
==========52
4 0 2 24000
Node 61 47 11.4018
Pkt 48 240 0.2 1
Pkt 30 150 0.2 1
Node 38 40 15.6205
Pkt 64 320 0.2 1
Pkt 80 400 0.2 1
Node 49 52 2.23607
Pkt 150 750 0.2 1
Pkt 160 800 0.2 1
Node 73 63 26.4197
Pkt 40 200 0.2 1
Pkt 39 192 0.203125 1
Rate:400.781
==========
==========53
4 0 2 24000
Node 57 63 14.7648
Pkt 39 192 0.203125 1
Pkt 32 160 0.2 1
Node 47 56 6.7082
Pkt 80 400 0.2 1
Pkt 96 480 0.2 1
Node 74 53 24.1868
Pkt 150 750 0.2 1
Pkt 150 750 0.2 1
Node 64 40 17.2047
Pkt 48 240 0.2 1
Pkt 48 240 0.2 1
Rate:400.781
==========
==========54
4 0 2 24000
Node 72 67 27.8029
Pkt 24 120 0.2 1
Pkt 20 100 0.2 1
Node 39 62 16.2788
Pkt 64 320 0.2 1
Pkt 60 300 0.2 1
Node 64 39 17.8045
Pkt 160 800 0.2 1
Pkt 150 750 0.2 1
Node 53 61 11.4018
Pkt 48 240 0.2 1
Pkt 50 250 0.2 1
Rate:400
==========
==========55
4 0 2 24000
Node 52 32 18.1108
Pkt 24 120 0.2 1
Pkt 50 250 0.2 1
Node 58 46 8.94427
Pkt 64 320 0.2 1
Pkt 80 400 0.2 1
Node 48 53 3.60555
Pkt 150 750 0.2 1
Pkt 150 750 0.2 1
Node 70 73 30.4795
Pkt 50 250 0.2 1
Pkt 50 250 0.2 1
Rate:400
==========
==========56
4 0 2 24000
Node 69 66 24.8395
Pkt 20 100 0.2 1
Pkt 40 200 0.2 1
Node 43 67 18.3848
Pkt 75 375 0.2 1
Pkt 60 300 0.2 1
Node 54 73 23.3452
Pkt 150 750 0.2 1
Pkt 160 800 0.2 1
Node 69 72 29.0689
Pkt 40 200 0.2 1
Pkt 40 200 0.2 1
Rate:400
==========
==========57
4 0 2 24000
Node 51 56 6.08276
Pkt 24 120 0.2 1
Pkt 24 120 0.2 1
Node 73 53 23.1948
Pkt 75 375 0.2 1
Pkt 75 375 0.2 1
Node 48 61 11.1803
Pkt 160 800 0.2 1
Pkt 150 750 0.2 1
Node 64 69 23.6008
Pkt 20 100 0.2 1
Pkt 20 100 0.2 1
Rate:400
==========
==========58
4 0 2 24000
Node 65 72 26.6271
Pkt 39 192 0.203125 1
Pkt 32 160 0.2 1
Node 45 34 16.7631
Pkt 80 400 0.2 1
Pkt 75 375 0.2 1
Node 72 65 26.6271
Pkt 160 800 0.2 1
Pkt 150 750 0.2 1
Node 31 51 19.0263
Pkt 39 192 0.203125 1
Pkt 24 120 0.2 1
Rate:401.563
==========
==========59
4 0 2 24000
Node 25 72 33.3017
Pkt 20 100 0.2 1
Pkt 32 160 0.2 1
Node 71 39 23.7065
Pkt 75 375 0.2 1
Pkt 64 320 0.2 1
Node 29 64 25.2389
Pkt 150 750 0.2 1
Pkt 150 750 0.2 1
Node 26 45 24.5153
Pkt 24 120 0.2 1
Pkt 32 160 0.2 1
Rate:400
==========
==========60
4 0 2 24000
Node 73 28 31.8277
Pkt 32 160 0.2 1
Pkt 39 192 0.203125 1
Node 47 53 4.24264
Pkt 64 320 0.2 1
Pkt 64 320 0.2 1
Node 34 39 19.4165
Pkt 150 750 0.2 1
Pkt 150 750 0.2 1
Node 61 25 27.313
Pkt 32 160 0.2 1
Pkt 50 250 0.2 1
Rate:400.781
==========
==========61
4 0 2 24000
Node 54 50 4
Pkt 30 150 0.2 1
Pkt 50 250 0.2 1
Node 36 71 25.2389
Pkt 60 300 0.2 1
Pkt 64 320 0.2 1
Node 66 50 16
Pkt 150 750 0.2 1
Pkt 150 750 0.2 1
Node 65 37 19.8494
Pkt 24 120 0.2 1
Pkt 40 200 0.2 1
Rate:400
==========
==========62
4 0 2 24000
Node 68 69 26.1725
Pkt 39 192 0.203125 1
Pkt 48 240 0.2 1
Node 55 26 24.5153
Pkt 80 400 0.2 1
Pkt 64 320 0.2 1
Node 59 63 15.8114
Pkt 150 750 0.2 1
Pkt 160 800 0.2 1
Node 28 56 22.8035
Pkt 20 100 0.2 1
Pkt 20 100 0.2 1
Rate:400.781
==========
==========63
4 0 2 24000
Node 47 42 8.544
Pkt 20 100 0.2 1
Pkt 48 240 0.2 1
Node 28 52 22.0907
Pkt 80 400 0.2 1
Pkt 96 480 0.2 1
Node 51 29 21.0238
Pkt 150 750 0.2 1
Pkt 160 800 0.2 1
Node 38 52 12.1655
Pkt 30 150 0.2 1
Pkt 25 125 0.2 1
Rate:400
==========
==========64
4 0 2 24000
Node 40 42 12.8062
Pkt 24 120 0.2 1
Pkt 25 125 0.2 1
Node 52 73 23.0868
Pkt 80 400 0.2 1
Pkt 64 320 0.2 1
Node 73 53 23.1948
Pkt 150 750 0.2 1
Pkt 150 750 0.2 1
Node 28 32 28.4253
Pkt 25 125 0.2 1
Pkt 48 240 0.2 1
Rate:400
==========
==========65
4 0 2 24000
Node 55 55 7.07107
Pkt 30 150 0.2 1
Pkt 32 160 0.2 1
Node 63 55 13.9284
Pkt 60 300 0.2 1
Pkt 80 400 0.2 1
Node 57 62 13.8924
Pkt 160 800 0.2 1
Pkt 160 800 0.2 1
Node 64 45 14.8661
Pkt 50 250 0.2 1
Pkt 39 192 0.203125 1
Rate:400.781
==========
==========66
4 0 2 24000
Node 48 33 17.1172
Pkt 30 150 0.2 1
Pkt 50 250 0.2 1
Node 56 46 7.2111
Pkt 96 480 0.2 1
Pkt 96 480 0.2 1
Node 68 49 18.0278
Pkt 160 800 0.2 1
Pkt 150 750 0.2 1
Node 36 71 25.2389
Pkt 48 240 0.2 1
Pkt 50 250 0.2 1
Rate:400
==========
==========67
4 0 2 24000
Node 48 43 7.28011
Pkt 39 192 0.203125 1
Pkt 40 200 0.2 1
Node 33 36 22.0227
Pkt 80 400 0.2 1
Pkt 60 300 0.2 1
Node 48 46 4.47214
Pkt 150 750 0.2 1
Pkt 150 750 0.2 1
Node 72 63 25.5539
Pkt 25 125 0.2 1
Pkt 25 125 0.2 1
Rate:400.781
==========
==========68
4 0 2 24000
Node 67 62 20.8087
Pkt 32 160 0.2 1
Pkt 24 120 0.2 1
Node 64 28 26.0768
Pkt 60 300 0.2 1
Pkt 75 375 0.2 1
Node 72 33 27.8029
Pkt 150 750 0.2 1
Pkt 160 800 0.2 1
Node 64 45 14.8661
Pkt 48 240 0.2 1
Pkt 25 125 0.2 1
Rate:400
==========
==========69
4 0 2 24000
Node 32 25 30.8058
Pkt 30 150 0.2 1
Pkt 32 160 0.2 1
Node 52 57 7.28011
Pkt 60 300 0.2 1
Pkt 96 480 0.2 1
Node 30 46 20.3961
Pkt 160 800 0.2 1
Pkt 150 750 0.2 1
Node 30 27 30.4795
Pkt 20 100 0.2 1
Pkt 40 200 0.2 1
Rate:400
==========
==========70
4 0 2 24000
Node 65 43 16.5529
Pkt 20 100 0.2 1
Pkt 50 250 0.2 1
Node 45 62 13
Pkt 80 400 0.2 1
Pkt 64 320 0.2 1
Node 31 48 19.105
Pkt 150 750 0.2 1
Pkt 150 750 0.2 1
Node 52 31 19.105
Pkt 24 120 0.2 1
Pkt 39 192 0.203125 1
Rate:400.781
==========
==========71
4 0 2 24000
Node 53 59 9.48683
Pkt 30 150 0.2 1
Pkt 30 150 0.2 1
Node 62 74 26.8328
Pkt 75 375 0.2 1
Pkt 80 400 0.2 1
Node 71 38 24.1868
Pkt 160 800 0.2 1
Pkt 160 800 0.2 1
Node 46 60 10.7703
Pkt 48 240 0.2 1
Pkt 40 200 0.2 1
Rate:400
==========
==========72
4 0 2 24000
Node 30 71 29
Pkt 20 100 0.2 1
Pkt 39 192 0.203125 1
Node 72 72 31.1127
Pkt 96 480 0.2 1
Pkt 80 400 0.2 1
Node 42 65 17
Pkt 160 800 0.2 1
Pkt 150 750 0.2 1
Node 33 66 23.3452
Pkt 39 192 0.203125 1
Pkt 50 250 0.2 1
Rate:401.563
==========
==========73
4 0 2 24000
Node 37 67 21.4009
Pkt 39 192 0.203125 1
Pkt 48 240 0.2 1
Node 40 30 22.3607
Pkt 75 375 0.2 1
Pkt 60 300 0.2 1
Node 35 66 21.9317
Pkt 150 750 0.2 1
Pkt 150 750 0.2 1
Node 70 40 22.3607
Pkt 48 240 0.2 1
Pkt 48 240 0.2 1
Rate:400.781
==========
==========74
4 0 2 24000
Node 45 41 10.2956
Pkt 50 250 0.2 1
Pkt 48 240 0.2 1
Node 31 29 28.3196
Pkt 60 300 0.2 1
Pkt 96 480 0.2 1
Node 66 59 18.3576
Pkt 150 750 0.2 1
Pkt 150 750 0.2 1
Node 54 32 18.4391
Pkt 40 200 0.2 1
Pkt 20 100 0.2 1
Rate:400
==========
==========75
4 0 2 24000
Node 63 74 27.2947
Pkt 25 125 0.2 1
Pkt 32 160 0.2 1
Node 30 39 22.8254
Pkt 96 480 0.2 1
Pkt 60 300 0.2 1
Node 38 58 14.4222
Pkt 160 800 0.2 1
Pkt 160 800 0.2 1
Node 53 66 16.2788
Pkt 24 120 0.2 1
Pkt 20 100 0.2 1
Rate:400
==========
==========76
4 0 2 24000
Node 65 66 21.9317
Pkt 39 192 0.203125 1
Pkt 50 250 0.2 1
Node 49 67 17.0294
Pkt 96 480 0.2 1
Pkt 75 375 0.2 1
Node 74 26 33.9411
Pkt 160 800 0.2 1
Pkt 160 800 0.2 1
Node 59 67 19.2354
Pkt 32 160 0.2 1
Pkt 40 200 0.2 1
Rate:400.781
==========
==========77
4 0 2 24000
Node 39 48 11.1803
Pkt 40 200 0.2 1
Pkt 40 200 0.2 1
Node 47 43 7.61577
Pkt 96 480 0.2 1
Pkt 75 375 0.2 1
Node 45 35 15.8114
Pkt 160 800 0.2 1
Pkt 160 800 0.2 1
Node 41 37 15.8114
Pkt 20 100 0.2 1
Pkt 48 240 0.2 1
Rate:400
==========
==========78
4 0 2 24000
Node 57 52 7.28011
Pkt 32 160 0.2 1
Pkt 39 192 0.203125 1
Node 62 63 17.6918
Pkt 75 375 0.2 1
Pkt 64 320 0.2 1
Node 53 47 4.24264
Pkt 160 800 0.2 1
Pkt 150 750 0.2 1
Node 49 45 5.09902
Pkt 25 125 0.2 1
Pkt 32 160 0.2 1
Rate:400.781
==========
==========79
4 0 2 24000
Node 73 66 28.0179
Pkt 48 240 0.2 1
Pkt 25 125 0.2 1
Node 38 46 12.6491
Pkt 80 400 0.2 1
Pkt 64 320 0.2 1
Node 37 50 13
Pkt 150 750 0.2 1
Pkt 160 800 0.2 1
Node 55 59 10.2956
Pkt 24 120 0.2 1
Pkt 30 150 0.2 1
Rate:400
==========
==========80
4 0 2 24000
Node 72 48 22.0907
Pkt 20 100 0.2 1
Pkt 48 240 0.2 1
Node 33 33 24.0416
Pkt 60 300 0.2 1
Pkt 60 300 0.2 1
Node 32 61 21.095
Pkt 150 750 0.2 1
Pkt 150 750 0.2 1
Node 58 51 8.06226
Pkt 32 160 0.2 1
Pkt 39 192 0.203125 1
Rate:400.781
==========
==========81
4 0 2 24000
Node 55 35 15.8114
Pkt 48 240 0.2 1
Pkt 50 250 0.2 1
Node 63 35 19.8494
Pkt 80 400 0.2 1
Pkt 75 375 0.2 1
Node 64 37 19.105
Pkt 150 750 0.2 1
Pkt 160 800 0.2 1
Node 38 28 25.0599
Pkt 32 160 0.2 1
Pkt 50 250 0.2 1
Rate:400
==========
==========82
4 0 2 24000
Node 57 70 21.1896
Pkt 32 160 0.2 1
Pkt 39 192 0.203125 1
Node 60 58 12.8062
Pkt 60 300 0.2 1
Pkt 75 375 0.2 1
Node 34 40 18.868
Pkt 150 750 0.2 1
Pkt 150 750 0.2 1
Node 37 27 26.4197
Pkt 30 150 0.2 1
Pkt 24 120 0.2 1
Rate:400.781
==========
==========83
4 0 2 24000
Node 40 63 16.4012
Pkt 25 125 0.2 1
Pkt 48 240 0.2 1
Node 45 55 7.07107
Pkt 64 320 0.2 1
Pkt 75 375 0.2 1
Node 50 27 23
Pkt 150 750 0.2 1
Pkt 150 750 0.2 1
Node 66 48 16.1245
Pkt 25 125 0.2 1
Pkt 40 200 0.2 1
Rate:400
==========
==========84
4 0 2 24000
Node 67 47 17.2627
Pkt 40 200 0.2 1
Pkt 39 192 0.203125 1
Node 56 54 7.2111
Pkt 60 300 0.2 1
Pkt 75 375 0.2 1
Node 57 66 17.4642
Pkt 150 750 0.2 1
Pkt 160 800 0.2 1
Node 50 67 17
Pkt 40 200 0.2 1
Pkt 30 150 0.2 1
Rate:400.781
==========
==========85
4 0 2 24000
Node 64 40 17.2047
Pkt 24 120 0.2 1
Pkt 24 120 0.2 1
Node 28 64 26.0768
Pkt 64 320 0.2 1
Pkt 64 320 0.2 1
Node 38 34 20
Pkt 160 800 0.2 1
Pkt 160 800 0.2 1
Node 30 71 29
Pkt 39 192 0.203125 1
Pkt 48 240 0.2 1
Rate:400.781
==========
==========86
4 0 2 24000
Node 70 50 20
Pkt 39 192 0.203125 1
Pkt 25 125 0.2 1
Node 25 56 25.7099
Pkt 60 300 0.2 1
Pkt 60 300 0.2 1
Node 44 63 14.3178
Pkt 160 800 0.2 1
Pkt 150 750 0.2 1
Node 62 48 12.1655
Pkt 20 100 0.2 1
Pkt 48 240 0.2 1
Rate:400.781
==========
==========87
4 0 2 24000
Node 52 26 24.0832
Pkt 30 150 0.2 1
Pkt 48 240 0.2 1
Node 32 45 18.6815
Pkt 80 400 0.2 1
Pkt 75 375 0.2 1
Node 34 35 21.9317
Pkt 160 800 0.2 1
Pkt 160 800 0.2 1
Node 36 69 23.6008
Pkt 25 125 0.2 1
Pkt 24 120 0.2 1
Rate:400
==========
==========88
4 0 2 24000
Node 72 38 25.0599
Pkt 48 240 0.2 1
Pkt 25 125 0.2 1
Node 58 46 8.94427
Pkt 64 320 0.2 1
Pkt 60 300 0.2 1
Node 56 66 17.088
Pkt 160 800 0.2 1
Pkt 160 800 0.2 1
Node 39 73 25.4951
Pkt 25 125 0.2 1
Pkt 30 150 0.2 1
Rate:400
==========
==========89
4 0 2 24000
Node 71 35 25.807
Pkt 50 250 0.2 1
Pkt 39 192 0.203125 1
Node 46 34 16.4924
Pkt 96 480 0.2 1
Pkt 64 320 0.2 1
Node 35 50 15
Pkt 160 800 0.2 1
Pkt 160 800 0.2 1
Node 26 43 25
Pkt 50 250 0.2 1
Pkt 40 200 0.2 1
Rate:400.781
==========
==========90
4 0 2 24000
Node 43 60 12.2066
Pkt 50 250 0.2 1
Pkt 32 160 0.2 1
Node 51 61 11.0454
Pkt 96 480 0.2 1
Pkt 60 300 0.2 1
Node 49 30 20.025
Pkt 150 750 0.2 1
Pkt 160 800 0.2 1
Node 39 31 21.9545
Pkt 39 192 0.203125 1
Pkt 24 120 0.2 1
Rate:400.781
==========
==========91
4 0 2 24000
Node 28 30 29.7321
Pkt 24 120 0.2 1
Pkt 40 200 0.2 1
Node 46 73 23.3452
Pkt 64 320 0.2 1
Pkt 75 375 0.2 1
Node 41 41 12.7279
Pkt 160 800 0.2 1
Pkt 160 800 0.2 1
Node 35 39 18.6011
Pkt 39 192 0.203125 1
Pkt 30 150 0.2 1
Rate:400.781
==========
==========92
4 0 2 24000
Node 56 42 10
Pkt 50 250 0.2 1
Pkt 50 250 0.2 1
Node 53 33 17.2627
Pkt 60 300 0.2 1
Pkt 64 320 0.2 1
Node 26 43 25
Pkt 160 800 0.2 1
Pkt 160 800 0.2 1
Node 46 61 11.7047
Pkt 48 240 0.2 1
Pkt 20 100 0.2 1
Rate:400
==========
==========93
4 0 2 24000
Node 52 36 14.1421
Pkt 30 150 0.2 1
Pkt 24 120 0.2 1
Node 42 32 19.6977
Pkt 60 300 0.2 1
Pkt 80 400 0.2 1
Node 54 40 10.7703
Pkt 150 750 0.2 1
Pkt 160 800 0.2 1
Node 39 36 17.8045
Pkt 30 150 0.2 1
Pkt 32 160 0.2 1
Rate:400
==========
==========94
4 0 2 24000
Node 73 47 23.1948
Pkt 25 125 0.2 1
Pkt 24 120 0.2 1
Node 70 34 25.6125
Pkt 75 375 0.2 1
Pkt 96 480 0.2 1
Node 27 52 23.0868
Pkt 160 800 0.2 1
Pkt 150 750 0.2 1
Node 65 32 23.4307
Pkt 20 100 0.2 1
Pkt 50 250 0.2 1
Rate:400
==========
==========95
4 0 2 24000
Node 35 50 15
Pkt 25 125 0.2 1
Pkt 25 125 0.2 1
Node 57 45 8.60233
Pkt 96 480 0.2 1
Pkt 60 300 0.2 1
Node 35 47 15.2971
Pkt 150 750 0.2 1
Pkt 150 750 0.2 1
Node 72 49 22.0227
Pkt 50 250 0.2 1
Pkt 20 100 0.2 1
Rate:400
==========
==========96
4 0 2 24000
Node 47 30 20.2237
Pkt 32 160 0.2 1
Pkt 50 250 0.2 1
Node 27 55 23.5372
Pkt 96 480 0.2 1
Pkt 64 320 0.2 1
Node 45 51 5.09902
Pkt 150 750 0.2 1
Pkt 160 800 0.2 1
Node 51 32 18.0278
Pkt 32 160 0.2 1
Pkt 50 250 0.2 1
Rate:400
==========
==========97
4 0 2 24000
Node 56 64 15.2315
Pkt 30 150 0.2 1
Pkt 25 125 0.2 1
Node 42 45 9.43398
Pkt 60 300 0.2 1
Pkt 96 480 0.2 1
Node 54 32 18.4391
Pkt 150 750 0.2 1
Pkt 150 750 0.2 1
Node 39 59 14.2127
Pkt 32 160 0.2 1
Pkt 48 240 0.2 1
Rate:400
==========
==========98
4 0 2 24000
Node 56 47 6.7082
Pkt 24 120 0.2 1
Pkt 50 250 0.2 1
Node 47 70 20.2237
Pkt 64 320 0.2 1
Pkt 96 480 0.2 1
Node 47 61 11.4018
Pkt 150 750 0.2 1
Pkt 160 800 0.2 1
Node 44 53 6.7082
Pkt 24 120 0.2 1
Pkt 50 250 0.2 1
Rate:400
==========
==========99
