4 0 2 24000
Node 65 58 17
Pkt 10 100 0.1 1
Pkt 13 125 0.104 1
Node 64 38 18.4391
Pkt 30 300 0.1 1
Pkt 48 480 0.1 1
Node 63 26 27.2947
Pkt 80 800 0.1 1
Pkt 75 750 0.1 1
Node 71 36 25.2389
Pkt 12 120 0.1 1
Pkt 15 150 0.1 1
Rate:201
==========
==========0
4 0 2 24000
Node 27 37 26.4197
Pkt 12 120 0.1 1
Pkt 16 160 0.1 1
Node 44 47 6.7082
Pkt 48 480 0.1 1
Pkt 40 400 0.1 1
Node 34 50 16
Pkt 75 750 0.1 1
Pkt 75 750 0.1 1
Node 65 47 15.2971
Pkt 12 120 0.1 1
Pkt 16 160 0.1 1
Rate:200
==========
==========1
4 0 2 24000
Node 53 54 5
Pkt 20 192 0.104167 1
Pkt 24 240 0.1 1
Node 62 44 13.4164
Pkt 32 320 0.1 1
Pkt 48 480 0.1 1
Node 66 31 24.8395
Pkt 75 750 0.1 1
Pkt 75 750 0.1 1
Node 48 37 13.1529
Pkt 20 192 0.104167 1
Pkt 13 125 0.104 1
Rate:203.083
==========
==========2
4 0 2 24000
Node 25 37 28.178
Pkt 10 100 0.1 1
Pkt 12 120 0.1 1
Node 45 36 14.8661
Pkt 30 300 0.1 1
Pkt 48 480 0.1 1
Node 40 34 18.868
Pkt 75 750 0.1 1
Pkt 80 800 0.1 1
Node 33 56 18.0278
Pkt 24 240 0.1 1
Pkt 20 192 0.104167 1
Rate:201.042
==========
==========3
4 0 2 24000
Node 43 32 19.3132
Pkt 16 160 0.1 1
Pkt 16 160 0.1 1
Node 30 44 20.8806
Pkt 38 375 0.101333 1
Pkt 38 375 0.101333 1
Node 45 44 7.81025
Pkt 75 750 0.1 1
Pkt 75 750 0.1 1
Node 65 46 15.5242
Pkt 24 240 0.1 1
Pkt 20 200 0.1 1
Rate:200.667
==========
==========4
4 0 2 24000
Node 28 25 33.3017
Pkt 12 120 0.1 1
Pkt 13 125 0.104 1
Node 27 58 24.3516
Pkt 48 480 0.1 1
Pkt 30 300 0.1 1
Node 25 67 30.2324
Pkt 80 800 0.1 1
Pkt 80 800 0.1 1
Node 54 60 10.7703
Pkt 16 160 0.1 1
Pkt 16 160 0.1 1
Rate:201
==========
==========5
4 0 2 24000
Node 29 53 21.2132
Pkt 25 250 0.1 1
Pkt 20 200 0.1 1
Node 52 30 20.0998
Pkt 30 300 0.1 1
Pkt 48 480 0.1 1
Node 74 62 26.8328
Pkt 75 750 0.1 1
Pkt 80 800 0.1 1
Node 35 25 29.1548
Pkt 15 150 0.1 1
Pkt 25 250 0.1 1
Rate:200
==========
==========6
4 0 2 24000
Node 72 44 22.8035
Pkt 20 192 0.104167 1
Pkt 15 150 0.1 1
Node 70 71 29
Pkt 32 320 0.1 1
Pkt 40 400 0.1 1
Node 28 33 27.8029
Pkt 80 800 0.1 1
Pkt 80 800 0.1 1
Node 50 62 12
Pkt 10 100 0.1 1
Pkt 20 200 0.1 1
Rate:201.042
==========
==========7
4 0 2 24000
Node 71 44 21.8403
Pkt 12 120 0.1 1
Pkt 10 100 0.1 1
Node 44 73 23.7697
Pkt 32 320 0.1 1
Pkt 32 320 0.1 1
Node 39 74 26.4008
Pkt 80 800 0.1 1
Pkt 80 800 0.1 1
Node 52 63 13.1529
Pkt 25 250 0.1 1
Pkt 10 100 0.1 1
Rate:200
==========
==========8
4 0 2 24000
Node 50 57 7
Pkt 24 240 0.1 1
Pkt 20 200 0.1 1
Node 35 73 27.4591
Pkt 38 375 0.101333 1
Pkt 38 375 0.101333 1
Node 38 55 13
Pkt 80 800 0.1 1
Pkt 80 800 0.1 1
Node 33 63 21.4009
Pkt 25 250 0.1 1
Pkt 24 240 0.1 1
Rate:200.667
==========
==========9
4 0 2 24000
Node 27 61 25.4951
Pkt 24 240 0.1 1
Pkt 16 160 0.1 1
Node 60 50 10
Pkt 32 320 0.1 1
Pkt 38 375 0.101333 1
Node 65 53 15.2971
Pkt 75 750 0.1 1
Pkt 75 750 0.1 1
Node 48 69 19.105
Pkt 24 240 0.1 1
Pkt 12 120 0.1 1
Rate:200.333
==========
==========10
4 0 2 24000
Node 58 40 12.8062
Pkt 20 200 0.1 1
Pkt 12 120 0.1 1
Node 45 44 7.81025
Pkt 38 375 0.101333 1
Pkt 30 300 0.1 1
Node 53 35 15.2971
Pkt 75 750 0.1 1
Pkt 75 750 0.1 1
Node 64 37 19.105
Pkt 10 100 0.1 1
Pkt 20 200 0.1 1
Rate:200.333
==========
==========11
4 0 2 24000
Node 56 36 15.2315
Pkt 16 160 0.1 1
Pkt 12 120 0.1 1
Node 46 73 23.3452
Pkt 32 320 0.1 1
Pkt 40 400 0.1 1
Node 66 30 25.6125
Pkt 75 750 0.1 1
Pkt 75 750 0.1 1
Node 27 67 28.6007
Pkt 25 250 0.1 1
Pkt 13 125 0.104 1
Rate:201
==========
==========12
4 0 2 24000
Node 35 42 17
Pkt 20 200 0.1 1
Pkt 20 192 0.104167 1
Node 56 63 14.3178
Pkt 32 320 0.1 1
Pkt 48 480 0.1 1
Node 27 49 23.0217
Pkt 75 750 0.1 1
Pkt 80 800 0.1 1
Node 55 44 7.81025
Pkt 24 240 0.1 1
Pkt 20 192 0.104167 1
Rate:202.083
==========
==========13
4 0 2 24000
Node 71 62 24.1868
Pkt 16 160 0.1 1
Pkt 16 160 0.1 1
Node 43 55 8.60233
Pkt 40 400 0.1 1
Pkt 38 375 0.101333 1
Node 63 69 23.0217
Pkt 75 750 0.1 1
Pkt 75 750 0.1 1
Node 58 54 8.94427
Pkt 25 250 0.1 1
Pkt 25 250 0.1 1
Rate:200.333
==========
==========14
4 0 2 24000
Node 39 42 13.6015
Pkt 25 250 0.1 1
Pkt 12 120 0.1 1
Node 46 68 18.4391
Pkt 48 480 0.1 1
Pkt 48 480 0.1 1
Node 33 39 20.2485
Pkt 75 750 0.1 1
Pkt 80 800 0.1 1
Node 53 37 13.3417
Pkt 20 192 0.104167 1
Pkt 15 150 0.1 1
Rate:201.042
==========
==========15
4 0 2 24000
Node 64 54 14.5602
Pkt 12 120 0.1 1
Pkt 12 120 0.1 1
Node 60 71 23.2594
Pkt 40 400 0.1 1
Pkt 40 400 0.1 1
Node 47 28 22.2036
Pkt 80 800 0.1 1
Pkt 75 750 0.1 1
Node 52 66 16.1245
Pkt 15 150 0.1 1
Pkt 12 120 0.1 1
Rate:200
==========
==========16
4 0 2 24000
Node 54 71 21.3776
Pkt 16 160 0.1 1
Pkt 10 100 0.1 1
Node 30 59 21.9317
Pkt 32 320 0.1 1
Pkt 32 320 0.1 1
Node 52 29 21.095
Pkt 75 750 0.1 1
Pkt 75 750 0.1 1
Node 48 47 3.60555
Pkt 20 200 0.1 1
Pkt 20 192 0.104167 1
Rate:201.042
==========
==========17
4 0 2 24000
Node 33 74 29.4109
Pkt 20 200 0.1 1
Pkt 25 250 0.1 1
Node 31 49 19.0263
Pkt 38 375 0.101333 1
Pkt 32 320 0.1 1
Node 68 25 30.8058
Pkt 75 750 0.1 1
Pkt 75 750 0.1 1
Node 32 62 21.6333
Pkt 20 200 0.1 1
Pkt 15 150 0.1 1
Rate:200.333
==========
==========18
4 0 2 24000
Node 50 66 16
Pkt 20 200 0.1 1
Pkt 10 100 0.1 1
Node 60 61 14.8661
Pkt 48 480 0.1 1
Pkt 38 375 0.101333 1
Node 52 63 13.1529
Pkt 75 750 0.1 1
Pkt 80 800 0.1 1
Node 34 50 16
Pkt 20 192 0.104167 1
Pkt 15 150 0.1 1
Rate:201.375
==========
==========19
4 0 2 24000
Node 42 64 16.1245
Pkt 10 100 0.1 1
Pkt 13 125 0.104 1
Node 51 48 2.23607
Pkt 30 300 0.1 1
Pkt 48 480 0.1 1
Node 29 26 31.8904
Pkt 75 750 0.1 1
Pkt 75 750 0.1 1
Node 63 48 13.1529
Pkt 24 240 0.1 1
Pkt 20 192 0.104167 1
Rate:202.042
==========
==========20
4 0 2 24000
Node 74 72 32.5576
Pkt 10 100 0.1 1
Pkt 20 192 0.104167 1
Node 28 32 28.4253
Pkt 32 320 0.1 1
Pkt 40 400 0.1 1
Node 54 33 17.4642
Pkt 80 800 0.1 1
Pkt 75 750 0.1 1
Node 64 38 18.4391
Pkt 24 240 0.1 1
Pkt 24 240 0.1 1
Rate:201.042
==========
==========21
4 0 2 24000
Node 61 33 20.2485
Pkt 25 250 0.1 1
Pkt 15 150 0.1 1
Node 27 28 31.8277
Pkt 38 375 0.101333 1
Pkt 30 300 0.1 1
Node 47 27 23.1948
Pkt 75 750 0.1 1
Pkt 80 800 0.1 1
Node 44 59 10.8167
Pkt 13 125 0.104 1
Pkt 12 120 0.1 1
Rate:201.333
==========
==========22
4 0 2 24000
Node 66 28 27.2029
Pkt 16 160 0.1 1
Pkt 10 100 0.1 1
Node 31 28 29.0689
Pkt 32 320 0.1 1
Pkt 48 480 0.1 1
Node 63 45 13.9284
Pkt 75 750 0.1 1
Pkt 80 800 0.1 1
Node 66 56 17.088
Pkt 10 100 0.1 1
Pkt 15 150 0.1 1
Rate:200
==========
==========23
4 0 2 24000
Node 68 64 22.8035
Pkt 16 160 0.1 1
Pkt 20 200 0.1 1
Node 27 29 31.1448
Pkt 32 320 0.1 1
Pkt 40 400 0.1 1
Node 63 26 27.2947
Pkt 75 750 0.1 1
Pkt 80 800 0.1 1
Node 51 59 9.05539
Pkt 25 250 0.1 1
Pkt 16 160 0.1 1
Rate:200
==========
==========24
4 0 2 24000
Node 70 73 30.4795
Pkt 10 100 0.1 1
Pkt 15 150 0.1 1
Node 44 56 8.48528
Pkt 38 375 0.101333 1
Pkt 48 480 0.1 1
Node 55 63 13.9284
Pkt 75 750 0.1 1
Pkt 80 800 0.1 1
Node 70 55 20.6155
Pkt 24 240 0.1 1
Pkt 25 250 0.1 1
Rate:200.333
==========
==========25
4 0 2 24000
Node 40 61 14.8661
Pkt 24 240 0.1 1
Pkt 20 200 0.1 1
Node 25 40 26.9258
Pkt 30 300 0.1 1
Pkt 38 375 0.101333 1
Node 67 50 17
Pkt 80 800 0.1 1
Pkt 80 800 0.1 1
Node 26 58 25.2982
Pkt 12 120 0.1 1
Pkt 12 120 0.1 1
Rate:200.333
==========
==========26
4 0 2 24000
Node 40 26 26
Pkt 20 200 0.1 1
Pkt 13 125 0.104 1
Node 56 35 16.1555
Pkt 40 400 0.1 1
Pkt 30 300 0.1 1
Node 37 66 20.6155
Pkt 80 800 0.1 1
Pkt 80 800 0.1 1
Node 73 30 30.4795
Pkt 13 125 0.104 1
Pkt 12 120 0.1 1
Rate:202
==========
==========27
4 0 2 24000
Node 69 47 19.2354
Pkt 20 200 0.1 1
Pkt 20 200 0.1 1
Node 74 48 24.0832
Pkt 32 320 0.1 1
Pkt 32 320 0.1 1
Node 29 38 24.1868
Pkt 80 800 0.1 1
Pkt 75 750 0.1 1
Node 31 59 21.0238
Pkt 20 200 0.1 1
Pkt 16 160 0.1 1
Rate:200
==========
==========28
4 0 2 24000
Node 28 34 27.2029
Pkt 24 240 0.1 1
Pkt 15 150 0.1 1
Node 35 54 15.5242
Pkt 30 300 0.1 1
Pkt 38 375 0.101333 1
Node 41 36 16.6433
Pkt 75 750 0.1 1
Pkt 80 800 0.1 1
Node 74 58 25.2982
Pkt 20 192 0.104167 1
Pkt 13 125 0.104 1
Rate:202.375
==========
==========29
4 0 2 24000
Node 36 51 14.0357
Pkt 13 125 0.104 1
Pkt 15 150 0.1 1
Node 29 40 23.2594
Pkt 30 300 0.1 1
Pkt 32 320 0.1 1
Node 34 35 21.9317
Pkt 75 750 0.1 1
Pkt 75 750 0.1 1
Node 56 69 19.9249
Pkt 20 200 0.1 1
Pkt 13 125 0.104 1
Rate:202
==========
==========30
4 0 2 24000
Node 31 46 19.4165
Pkt 25 250 0.1 1
Pkt 16 160 0.1 1
Node 69 70 27.5862
Pkt 48 480 0.1 1
Pkt 38 375 0.101333 1
Node 46 65 15.5242
Pkt 80 800 0.1 1
Pkt 75 750 0.1 1
Node 54 70 20.3961
Pkt 15 150 0.1 1
Pkt 16 160 0.1 1
Rate:200.333
==========
==========31
4 0 2 24000
Node 60 60 14.1421
Pkt 13 125 0.104 1
Pkt 15 150 0.1 1
Node 68 35 23.4307
Pkt 40 400 0.1 1
Pkt 40 400 0.1 1
Node 50 34 16
Pkt 80 800 0.1 1
Pkt 75 750 0.1 1
Node 67 58 18.7883
Pkt 25 250 0.1 1
Pkt 20 192 0.104167 1
Rate:202.042
==========
==========32
4 0 2 24000
Node 51 70 20.025
Pkt 25 250 0.1 1
Pkt 24 240 0.1 1
Node 70 30 28.2843
Pkt 38 375 0.101333 1
Pkt 32 320 0.1 1
Node 48 57 7.28011
Pkt 80 800 0.1 1
Pkt 75 750 0.1 1
Node 27 44 23.7697
Pkt 24 240 0.1 1
Pkt 20 192 0.104167 1
Rate:201.375
==========
==========33
4 0 2 24000
Node 34 53 16.2788
Pkt 20 192 0.104167 1
Pkt 10 100 0.1 1
Node 67 43 18.3848
Pkt 40 400 0.1 1
Pkt 30 300 0.1 1
Node 34 58 17.8885
Pkt 75 750 0.1 1
Pkt 80 800 0.1 1
Node 36 50 14
Pkt 12 120 0.1 1
Pkt 25 250 0.1 1
Rate:201.042
==========
==========34
4 0 2 24000
Node 51 50 1
Pkt 25 250 0.1 1
Pkt 25 250 0.1 1
Node 65 35 21.2132
Pkt 38 375 0.101333 1
Pkt 40 400 0.1 1
Node 73 36 26.9258
Pkt 80 800 0.1 1
Pkt 80 800 0.1 1
Node 51 36 14.0357
Pkt 10 100 0.1 1
Pkt 16 160 0.1 1
Rate:200.333
==========
==========35
4 0 2 24000
Node 72 35 26.6271
Pkt 16 160 0.1 1
Pkt 10 100 0.1 1
Node 54 28 22.3607
Pkt 40 400 0.1 1
Pkt 38 375 0.101333 1
Node 29 71 29.6985
Pkt 80 800 0.1 1
Pkt 80 800 0.1 1
Node 64 33 22.0227
Pkt 16 160 0.1 1
Pkt 13 125 0.104 1
Rate:201.333
==========
==========36
4 0 2 24000
Node 73 31 29.8329
Pkt 20 200 0.1 1
Pkt 24 240 0.1 1
Node 45 68 18.6815
Pkt 40 400 0.1 1
Pkt 38 375 0.101333 1
Node 29 55 21.587
Pkt 75 750 0.1 1
Pkt 80 800 0.1 1
Node 45 57 8.60233
Pkt 20 200 0.1 1
Pkt 20 192 0.104167 1
Rate:201.375
==========
==========37
4 0 2 24000
Node 39 27 25.4951
Pkt 16 160 0.1 1
Pkt 25 250 0.1 1
Node 66 65 21.9317
Pkt 32 320 0.1 1
Pkt 40 400 0.1 1
Node 59 67 19.2354
Pkt 75 750 0.1 1
Pkt 80 800 0.1 1
Node 53 62 12.3693
Pkt 25 250 0.1 1
Pkt 20 200 0.1 1
Rate:200
==========
==========38
4 0 2 24000
Node 60 71 23.2594
Pkt 12 120 0.1 1
Pkt 15 150 0.1 1
Node 68 60 20.5913
Pkt 38 375 0.101333 1
Pkt 30 300 0.1 1
Node 34 60 18.868
Pkt 80 800 0.1 1
Pkt 75 750 0.1 1
Node 44 74 24.7386
Pkt 15 150 0.1 1
Pkt 20 192 0.104167 1
Rate:201.375
==========
==========39
4 0 2 24000
Node 50 57 7
Pkt 10 100 0.1 1
Pkt 24 240 0.1 1
Node 73 70 30.4795
Pkt 48 480 0.1 1
Pkt 38 375 0.101333 1
Node 31 40 21.4709
Pkt 75 750 0.1 1
Pkt 75 750 0.1 1
Node 35 32 23.4307
Pkt 25 250 0.1 1
Pkt 15 150 0.1 1
Rate:200.333
==========
==========40
4 0 2 24000
Node 73 38 25.9422
Pkt 13 125 0.104 1
Pkt 24 240 0.1 1
Node 58 70 21.5407
Pkt 40 400 0.1 1
Pkt 38 375 0.101333 1
Node 56 55 7.81025
Pkt 80 800 0.1 1
Pkt 80 800 0.1 1
Node 57 27 24.0416
Pkt 10 100 0.1 1
Pkt 20 192 0.104167 1
Rate:202.375
==========
==========41
4 0 2 24000
Node 62 64 18.4391
Pkt 25 250 0.1 1
Pkt 20 200 0.1 1
Node 70 59 21.9317
Pkt 32 320 0.1 1
Pkt 38 375 0.101333 1
Node 63 74 27.2947
Pkt 75 750 0.1 1
Pkt 80 800 0.1 1
Node 50 34 16
Pkt 24 240 0.1 1
Pkt 13 125 0.104 1
Rate:201.333
==========
==========42
4 0 2 24000
Node 33 70 26.2488
Pkt 16 160 0.1 1
Pkt 10 100 0.1 1
Node 47 56 6.7082
Pkt 40 400 0.1 1
Pkt 40 400 0.1 1
Node 52 71 21.095
Pkt 75 750 0.1 1
Pkt 75 750 0.1 1
Node 52 58 8.24621
Pkt 25 250 0.1 1
Pkt 20 200 0.1 1
Rate:200
==========
==========43
4 0 2 24000
Node 39 47 11.4018
Pkt 25 250 0.1 1
Pkt 20 200 0.1 1
Node 41 73 24.6982
Pkt 30 300 0.1 1
Pkt 48 480 0.1 1
Node 40 55 11.1803
Pkt 80 800 0.1 1
Pkt 75 750 0.1 1
Node 37 26 27.2947
Pkt 20 192 0.104167 1
Pkt 10 100 0.1 1
Rate:201.042
==========
==========44
4 0 2 24000
Node 56 39 12.53
Pkt 20 192 0.104167 1
Pkt 24 240 0.1 1
Node 28 73 31.8277
Pkt 38 375 0.101333 1
Pkt 30 300 0.1 1
Node 29 53 21.2132
Pkt 80 800 0.1 1
Pkt 75 750 0.1 1
Node 65 34 21.9317
Pkt 24 240 0.1 1
Pkt 20 200 0.1 1
Rate:201.375
==========
==========45
4 0 2 24000
Node 42 70 21.5407
Pkt 13 125 0.104 1
Pkt 25 250 0.1 1
Node 45 60 11.1803
Pkt 40 400 0.1 1
Pkt 38 375 0.101333 1
Node 30 41 21.9317
Pkt 80 800 0.1 1
Pkt 75 750 0.1 1
Node 74 39 26.4008
Pkt 10 100 0.1 1
Pkt 24 240 0.1 1
Rate:201.333
==========
==========46
4 0 2 24000
Node 47 36 14.3178
Pkt 16 160 0.1 1
Pkt 15 150 0.1 1
Node 44 46 7.2111
Pkt 48 480 0.1 1
Pkt 38 375 0.101333 1
Node 43 42 10.6301
Pkt 80 800 0.1 1
Pkt 80 800 0.1 1
Node 57 28 23.0868
Pkt 25 250 0.1 1
Pkt 10 100 0.1 1
Rate:200.333
==========
==========47
4 0 2 24000
Node 46 29 21.3776
Pkt 12 120 0.1 1
Pkt 24 240 0.1 1
Node 31 52 19.105
Pkt 38 375 0.101333 1
Pkt 30 300 0.1 1
Node 25 50 25
Pkt 80 800 0.1 1
Pkt 80 800 0.1 1
Node 72 45 22.561
Pkt 16 160 0.1 1
Pkt 12 120 0.1 1
Rate:200.333
==========
==========48
4 0 2 24000
Node 57 36 15.6525
Pkt 16 160 0.1 1
Pkt 24 240 0.1 1
Node 32 52 18.1108
Pkt 32 320 0.1 1
Pkt 40 400 0.1 1
Node 69 68 26.1725
Pkt 80 800 0.1 1
Pkt 75 750 0.1 1
Node 31 62 22.4722
Pkt 10 100 0.1 1
Pkt 20 200 0.1 1
Rate:200
==========
==========49
4 0 2 24000
Node 43 42 10.6301
Pkt 13 125 0.104 1
Pkt 16 160 0.1 1
Node 38 58 14.4222
Pkt 32 320 0.1 1
Pkt 32 320 0.1 1
Node 48 63 13.1529
Pkt 75 750 0.1 1
Pkt 75 750 0.1 1
Node 51 38 12.0416
Pkt 12 120 0.1 1
Pkt 20 200 0.1 1
Rate:201
==========
==========50
4 0 2 24000
Node 68 32 25.4558
Pkt 15 150 0.1 1
Pkt 25 250 0.1 1
Node 50 32 18
Pkt 30 300 0.1 1
Pkt 48 480 0.1 1
Node 36 35 20.5183
Pkt 75 750 0.1 1
Pkt 80 800 0.1 1
Node 74 35 28.3019
Pkt 20 192 0.104167 1
Pkt 13 125 0.104 1
Rate:202.042
==========
==========51
4 0 2 24000
Node 40 37 16.4012
Pkt 24 240 0.1 1
Pkt 10 100 0.1 1
Node 72 31 29.0689
Pkt 38 375 0.101333 1
Pkt 30 300 0.1 1
Node 45 45 7.07107
Pkt 80 800 0.1 1
Pkt 80 800 0.1 1
Node 60 25 26.9258
Pkt 13 125 0.104 1
Pkt 10 100 0.1 1
Rate:201.333
==========
==========52
4 0 2 24000
Node 69 57 20.2485
Pkt 15 150 0.1 1
Pkt 25 250 0.1 1
Node 31 65 24.2074
Pkt 48 480 0.1 1
Pkt 38 375 0.101333 1
Node 45 48 5.38516
Pkt 75 750 0.1 1
Pkt 80 800 0.1 1
Node 61 25 27.313
Pkt 20 200 0.1 1
Pkt 13 125 0.104 1
Rate:201.333
==========
==========53
4 0 2 24000
Node 46 68 18.4391
Pkt 25 250 0.1 1
Pkt 20 200 0.1 1
Node 40 26 26
Pkt 40 400 0.1 1
Pkt 48 480 0.1 1
Node 39 57 13.0384
Pkt 80 800 0.1 1
Pkt 80 800 0.1 1
Node 65 37 19.8494
Pkt 15 150 0.1 1
Pkt 25 250 0.1 1
Rate:200
==========
==========54
4 0 2 24000
Node 58 25 26.2488
Pkt 20 200 0.1 1
Pkt 13 125 0.104 1
Node 30 64 24.4131
Pkt 32 320 0.1 1
Pkt 32 320 0.1 1
Node 40 64 17.2047
Pkt 80 800 0.1 1
Pkt 75 750 0.1 1
Node 66 45 16.7631
Pkt 12 120 0.1 1
Pkt 13 125 0.104 1
Rate:202
==========
==========55
4 0 2 24000
Node 55 40 11.1803
Pkt 15 150 0.1 1
Pkt 10 100 0.1 1
Node 54 71 21.3776
Pkt 40 400 0.1 1
Pkt 32 320 0.1 1
Node 54 62 12.6491
Pkt 75 750 0.1 1
Pkt 75 750 0.1 1
Node 70 32 26.9072
Pkt 13 125 0.104 1
Pkt 15 150 0.1 1
Rate:201
==========
==========56
4 0 2 24000
Node 41 51 9.05539
Pkt 13 125 0.104 1
Pkt 20 200 0.1 1
Node 69 52 19.105
Pkt 48 480 0.1 1
Pkt 38 375 0.101333 1
Node 50 49 1
Pkt 75 750 0.1 1
Pkt 75 750 0.1 1
Node 60 31 21.4709
Pkt 16 160 0.1 1
Pkt 20 192 0.104167 1
Rate:202.375
==========
==========57
4 0 2 24000
Node 31 35 24.2074
Pkt 25 250 0.1 1
Pkt 15 150 0.1 1
Node 63 35 19.8494
Pkt 30 300 0.1 1
Pkt 32 320 0.1 1
Node 47 50 3
Pkt 80 800 0.1 1
Pkt 75 750 0.1 1
Node 60 40 14.1421
Pkt 25 250 0.1 1
Pkt 25 250 0.1 1
Rate:200
==========
==========58
4 0 2 24000
Node 26 69 30.6105
Pkt 25 250 0.1 1
Pkt 20 200 0.1 1
Node 47 36 14.3178
Pkt 40 400 0.1 1
Pkt 38 375 0.101333 1
Node 38 55 13
Pkt 75 750 0.1 1
Pkt 80 800 0.1 1
Node 44 71 21.8403
Pkt 13 125 0.104 1
Pkt 20 200 0.1 1
Rate:201.333
==========
==========59
4 0 2 24000
Node 49 70 20.025
Pkt 24 240 0.1 1
Pkt 16 160 0.1 1
Node 61 66 19.4165
Pkt 30 300 0.1 1
Pkt 38 375 0.101333 1
Node 54 54 5.65685
Pkt 80 800 0.1 1
Pkt 75 750 0.1 1
Node 55 26 24.5153
Pkt 15 150 0.1 1
Pkt 16 160 0.1 1
Rate:200.333
==========
==========60
4 0 2 24000
Node 44 33 18.0278
Pkt 16 160 0.1 1
Pkt 13 125 0.104 1
Node 46 60 10.7703
Pkt 48 480 0.1 1
Pkt 38 375 0.101333 1
Node 61 37 17.0294
Pkt 75 750 0.1 1
Pkt 80 800 0.1 1
Node 55 53 5.83095
Pkt 12 120 0.1 1
Pkt 13 125 0.104 1
Rate:202.333
==========
==========61
4 0 2 24000
Node 38 67 20.8087
Pkt 20 200 0.1 1
Pkt 20 200 0.1 1
Node 46 40 10.7703
Pkt 38 375 0.101333 1
Pkt 40 400 0.1 1
Node 59 26 25.632
Pkt 80 800 0.1 1
Pkt 80 800 0.1 1
Node 62 63 17.6918
Pkt 12 120 0.1 1
Pkt 13 125 0.104 1
Rate:201.333
==========
==========62
4 0 2 24000
Node 25 43 25.9615
Pkt 25 250 0.1 1
Pkt 10 100 0.1 1
Node 30 54 20.3961
Pkt 40 400 0.1 1
Pkt 30 300 0.1 1
Node 50 63 13
Pkt 75 750 0.1 1
Pkt 80 800 0.1 1
Node 39 63 17.0294
Pkt 16 160 0.1 1
Pkt 15 150 0.1 1
Rate:200
==========
==========63
4 0 2 24000
Node 28 74 32.5576
Pkt 16 160 0.1 1
Pkt 20 192 0.104167 1
Node 62 51 12.0416
Pkt 48 480 0.1 1
Pkt 40 400 0.1 1
Node 35 59 17.4929
Pkt 75 750 0.1 1
Pkt 75 750 0.1 1
Node 39 30 22.8254
Pkt 24 240 0.1 1
Pkt 24 240 0.1 1
Rate:201.042
==========
==========64
4 0 2 24000
Node 28 73 31.8277
Pkt 10 100 0.1 1
Pkt 24 240 0.1 1
Node 61 57 13.0384
Pkt 48 480 0.1 1
Pkt 48 480 0.1 1
Node 45 46 6.40312
Pkt 80 800 0.1 1
Pkt 80 800 0.1 1
Node 29 37 24.6982
Pkt 24 240 0.1 1
Pkt 24 240 0.1 1
Rate:200
==========
==========65
4 0 2 24000
Node 63 25 28.178
Pkt 15 150 0.1 1
Pkt 20 192 0.104167 1
Node 44 62 13.4164
Pkt 30 300 0.1 1
Pkt 30 300 0.1 1
Node 67 66 23.3452
Pkt 80 800 0.1 1
Pkt 75 750 0.1 1
Node 56 66 17.088
Pkt 12 120 0.1 1
Pkt 13 125 0.104 1
Rate:202.042
==========
==========66
4 0 2 24000
Node 36 62 18.4391
Pkt 10 100 0.1 1
Pkt 13 125 0.104 1
Node 44 25 25.7099
Pkt 40 400 0.1 1
Pkt 30 300 0.1 1
Node 49 67 17.0294
Pkt 80 800 0.1 1
Pkt 75 750 0.1 1
Node 38 33 20.8087
Pkt 24 240 0.1 1
Pkt 15 150 0.1 1
Rate:201
==========
==========67
4 0 2 24000
Node 74 37 27.2947
Pkt 13 125 0.104 1
Pkt 15 150 0.1 1
Node 54 63 13.6015
Pkt 40 400 0.1 1
Pkt 48 480 0.1 1
Node 25 70 32.0156
Pkt 80 800 0.1 1
Pkt 75 750 0.1 1
Node 41 37 15.8114
Pkt 24 240 0.1 1
Pkt 20 192 0.104167 1
Rate:202.042
==========
==========68
4 0 2 24000
Node 56 39 12.53
Pkt 25 250 0.1 1
Pkt 12 120 0.1 1
Node 66 26 28.8444
Pkt 30 300 0.1 1
Pkt 38 375 0.101333 1
Node 56 37 14.3178
Pkt 80 800 0.1 1
Pkt 75 750 0.1 1
Node 32 52 18.1108
Pkt 24 240 0.1 1
Pkt 15 150 0.1 1
Rate:200.333
==========
==========69
4 0 2 24000
Node 74 26 33.9411
Pkt 24 240 0.1 1
Pkt 24 240 0.1 1
Node 41 43 11.4018
Pkt 30 300 0.1 1
Pkt 38 375 0.101333 1
Node 25 65 29.1548
Pkt 80 800 0.1 1
Pkt 80 800 0.1 1
Node 50 28 22
Pkt 13 125 0.104 1
Pkt 16 160 0.1 1
Rate:201.333
==========
==========70
4 0 2 24000
Node 31 52 19.105
Pkt 10 100 0.1 1
Pkt 13 125 0.104 1
Node 68 69 26.1725
Pkt 30 300 0.1 1
Pkt 40 400 0.1 1
Node 74 57 25
Pkt 75 750 0.1 1
Pkt 75 750 0.1 1
Node 67 64 22.0227
Pkt 25 250 0.1 1
Pkt 20 192 0.104167 1
Rate:202.042
==========
==========71
4 0 2 24000
Node 36 70 24.4131
Pkt 10 100 0.1 1
Pkt 10 100 0.1 1
Node 32 66 24.0832
Pkt 30 300 0.1 1
Pkt 30 300 0.1 1
Node 73 61 25.4951
Pkt 80 800 0.1 1
Pkt 80 800 0.1 1
Node 43 65 16.5529
Pkt 20 200 0.1 1
Pkt 24 240 0.1 1
Rate:200
==========
==========72
4 0 2 24000
Node 49 32 18.0278
Pkt 20 192 0.104167 1
Pkt 20 192 0.104167 1
Node 52 27 23.0868
Pkt 40 400 0.1 1
Pkt 48 480 0.1 1
Node 60 69 21.4709
Pkt 75 750 0.1 1
Pkt 80 800 0.1 1
Node 66 61 19.4165
Pkt 12 120 0.1 1
Pkt 16 160 0.1 1
Rate:202.083
==========
==========73
4 0 2 24000
Node 73 30 30.4795
Pkt 13 125 0.104 1
Pkt 16 160 0.1 1
Node 47 64 14.3178
Pkt 32 320 0.1 1
Pkt 30 300 0.1 1
Node 35 25 29.1548
Pkt 75 750 0.1 1
Pkt 80 800 0.1 1
Node 51 54 4.12311
Pkt 15 150 0.1 1
Pkt 12 120 0.1 1
Rate:201
==========
==========74
4 0 2 24000
Node 56 57 9.21954
Pkt 16 160 0.1 1
Pkt 24 240 0.1 1
Node 67 29 27.0185
Pkt 38 375 0.101333 1
Pkt 38 375 0.101333 1
Node 38 33 20.8087
Pkt 80 800 0.1 1
Pkt 80 800 0.1 1
Node 73 27 32.5269
Pkt 20 200 0.1 1
Pkt 20 200 0.1 1
Rate:200.667
==========
==========75
4 0 2 24000
Node 52 56 6.32456
Pkt 24 240 0.1 1
Pkt 20 192 0.104167 1
Node 66 58 17.8885
Pkt 32 320 0.1 1
Pkt 38 375 0.101333 1
Node 38 30 23.3238
Pkt 75 750 0.1 1
Pkt 80 800 0.1 1
Node 44 41 10.8167
Pkt 13 125 0.104 1
Pkt 12 120 0.1 1
Rate:202.375
==========
==========76
4 0 2 24000
Node 40 43 12.2066
Pkt 12 120 0.1 1
Pkt 20 192 0.104167 1
Node 44 64 15.2315
Pkt 30 300 0.1 1
Pkt 38 375 0.101333 1
Node 44 35 16.1555
Pkt 80 800 0.1 1
Pkt 75 750 0.1 1
Node 41 63 15.8114
Pkt 24 240 0.1 1
Pkt 25 250 0.1 1
Rate:201.375
==========
==========77
4 0 2 24000
Node 52 59 9.21954
Pkt 12 120 0.1 1
Pkt 10 100 0.1 1
Node 62 59 15
Pkt 38 375 0.101333 1
Pkt 48 480 0.1 1
Node 35 61 18.6011
Pkt 75 750 0.1 1
Pkt 75 750 0.1 1
Node 64 70 24.4131
Pkt 20 192 0.104167 1
Pkt 15 150 0.1 1
Rate:201.375
==========
==========78
4 0 2 24000
Node 34 71 26.4008
Pkt 20 200 0.1 1
Pkt 20 200 0.1 1
Node 42 65 17
Pkt 30 300 0.1 1
Pkt 32 320 0.1 1
Node 54 58 8.94427
Pkt 75 750 0.1 1
Pkt 75 750 0.1 1
Node 28 41 23.7697
Pkt 12 120 0.1 1
Pkt 24 240 0.1 1
Rate:200
==========
==========79
4 0 2 24000
Node 28 41 23.7697
Pkt 20 200 0.1 1
Pkt 20 200 0.1 1
Node 47 36 14.3178
Pkt 38 375 0.101333 1
Pkt 48 480 0.1 1
Node 28 55 22.561
Pkt 80 800 0.1 1
Pkt 75 750 0.1 1
Node 42 74 25.2982
Pkt 10 100 0.1 1
Pkt 10 100 0.1 1
Rate:200.333
==========
==========80
4 0 2 24000
Node 33 34 23.3452
Pkt 24 240 0.1 1
Pkt 25 250 0.1 1
Node 49 41 9.05539
Pkt 48 480 0.1 1
Pkt 40 400 0.1 1
Node 48 73 23.0868
Pkt 80 800 0.1 1
Pkt 80 800 0.1 1
Node 70 42 21.5407
Pkt 10 100 0.1 1
Pkt 15 150 0.1 1
Rate:200
==========
==========81
4 0 2 24000
Node 59 44 10.8167
Pkt 20 200 0.1 1
Pkt 16 160 0.1 1
Node 35 73 27.4591
Pkt 30 300 0.1 1
Pkt 30 300 0.1 1
Node 44 32 18.9737
Pkt 80 800 0.1 1
Pkt 75 750 0.1 1
Node 31 28 29.0689
Pkt 15 150 0.1 1
Pkt 10 100 0.1 1
Rate:200
==========
==========82
4 0 2 24000
Node 42 59 12.0416
Pkt 12 120 0.1 1
Pkt 20 192 0.104167 1
Node 41 26 25.632
Pkt 30 300 0.1 1
Pkt 30 300 0.1 1
Node 61 68 21.095
Pkt 80 800 0.1 1
Pkt 75 750 0.1 1
Node 40 30 22.3607
Pkt 20 200 0.1 1
Pkt 25 250 0.1 1
Rate:201.042
==========
==========83
4 0 2 24000
Node 65 40 18.0278
Pkt 24 240 0.1 1
Pkt 20 200 0.1 1
Node 41 31 21.0238
Pkt 30 300 0.1 1
Pkt 48 480 0.1 1
Node 35 71 25.807
Pkt 75 750 0.1 1
Pkt 80 800 0.1 1
Node 46 62 12.6491
Pkt 16 160 0.1 1
Pkt 13 125 0.104 1
Rate:201
==========
==========84
4 0 2 24000
Node 28 41 23.7697
Pkt 16 160 0.1 1
Pkt 15 150 0.1 1
Node 44 32 18.9737
Pkt 30 300 0.1 1
Pkt 30 300 0.1 1
Node 51 45 5.09902
Pkt 80 800 0.1 1
Pkt 80 800 0.1 1
Node 51 74 24.0208
Pkt 16 160 0.1 1
Pkt 16 160 0.1 1
Rate:200
==========
==========85
4 0 2 24000
Node 35 67 22.6716
Pkt 16 160 0.1 1
Pkt 16 160 0.1 1
Node 32 66 24.0832
Pkt 48 480 0.1 1
Pkt 48 480 0.1 1
Node 60 50 10
Pkt 80 800 0.1 1
Pkt 75 750 0.1 1
Node 73 68 29.2062
Pkt 13 125 0.104 1
Pkt 24 240 0.1 1
Rate:201
==========
==========86
4 0 2 24000
Node 27 45 23.5372
Pkt 24 240 0.1 1
Pkt 15 150 0.1 1
Node 29 54 21.3776
Pkt 30 300 0.1 1
Pkt 38 375 0.101333 1
Node 51 27 23.0217
Pkt 75 750 0.1 1
Pkt 75 750 0.1 1
Node 25 70 32.0156
Pkt 24 240 0.1 1
Pkt 20 200 0.1 1
Rate:200.333
==========
==========87
4 0 2 24000
Node 42 51 8.06226
Pkt 13 125 0.104 1
Pkt 20 192 0.104167 1
Node 43 25 25.9615
Pkt 38 375 0.101333 1
Pkt 48 480 0.1 1
Node 31 73 29.8329
Pkt 80 800 0.1 1
Pkt 80 800 0.1 1
Node 34 41 18.3576
Pkt 25 250 0.1 1
Pkt 10 100 0.1 1
Rate:202.375
==========
==========88
4 0 2 24000
Node 55 70 20.6155
Pkt 20 192 0.104167 1
Pkt 25 250 0.1 1
Node 41 71 22.8473
Pkt 40 400 0.1 1
Pkt 48 480 0.1 1
Node 56 56 8.48528
Pkt 80 800 0.1 1
Pkt 75 750 0.1 1
Node 63 62 17.6918
Pkt 20 200 0.1 1
Pkt 25 250 0.1 1
Rate:201.042
==========
==========89
4 0 2 24000
Node 34 42 17.8885
Pkt 10 100 0.1 1
Pkt 25 250 0.1 1
Node 63 58 15.2643
Pkt 40 400 0.1 1
Pkt 30 300 0.1 1
Node 41 48 9.21954
Pkt 75 750 0.1 1
Pkt 75 750 0.1 1
Node 33 33 24.0416
Pkt 16 160 0.1 1
Pkt 24 240 0.1 1
Rate:200
==========
==========90
4 0 2 24000
Node 62 59 15
Pkt 25 250 0.1 1
Pkt 15 150 0.1 1
Node 43 55 8.60233
Pkt 30 300 0.1 1
Pkt 30 300 0.1 1
Node 50 45 5
Pkt 80 800 0.1 1
Pkt 80 800 0.1 1
Node 70 62 23.3238
Pkt 20 192 0.104167 1
Pkt 24 240 0.1 1
Rate:201.042
==========
==========91
4 0 2 24000
Node 43 63 14.7648
Pkt 15 150 0.1 1
Pkt 25 250 0.1 1
Node 50 37 13
Pkt 40 400 0.1 1
Pkt 32 320 0.1 1
Node 65 39 18.6011
Pkt 75 750 0.1 1
Pkt 75 750 0.1 1
Node 60 26 26
Pkt 13 125 0.104 1
Pkt 25 250 0.1 1
Rate:201
==========
==========92
4 0 2 24000
Node 49 51 1.41421
Pkt 10 100 0.1 1
Pkt 20 200 0.1 1
Node 55 57 8.60233
Pkt 38 375 0.101333 1
Pkt 38 375 0.101333 1
Node 33 26 29.4109
Pkt 75 750 0.1 1
Pkt 75 750 0.1 1
Node 44 51 6.08276
Pkt 13 125 0.104 1
Pkt 12 120 0.1 1
Rate:201.667
==========
==========93
4 0 2 24000
Node 52 47 3.60555
Pkt 12 120 0.1 1
Pkt 20 200 0.1 1
Node 72 39 24.5967
Pkt 32 320 0.1 1
Pkt 30 300 0.1 1
Node 36 61 17.8045
Pkt 75 750 0.1 1
Pkt 80 800 0.1 1
Node 51 37 13.0384
Pkt 13 125 0.104 1
Pkt 24 240 0.1 1
Rate:201
==========
==========94
4 0 2 24000
Node 59 37 15.8114
Pkt 15 150 0.1 1
Pkt 20 200 0.1 1
Node 39 38 16.2788
Pkt 38 375 0.101333 1
Pkt 48 480 0.1 1
Node 53 66 16.2788
Pkt 75 750 0.1 1
Pkt 80 800 0.1 1
Node 73 55 23.5372
Pkt 12 120 0.1 1
Pkt 10 100 0.1 1
Rate:200.333
==========
==========95
4 0 2 24000
Node 31 40 21.4709
Pkt 16 160 0.1 1
Pkt 16 160 0.1 1
Node 51 68 18.0278
Pkt 30 300 0.1 1
Pkt 30 300 0.1 1
Node 46 33 17.4642
Pkt 80 800 0.1 1
Pkt 75 750 0.1 1
Node 45 65 15.8114
Pkt 20 192 0.104167 1
Pkt 16 160 0.1 1
Rate:201.042
==========
==========96
4 0 2 24000
Node 59 44 10.8167
Pkt 16 160 0.1 1
Pkt 10 100 0.1 1
Node 36 34 21.2603
Pkt 48 480 0.1 1
Pkt 40 400 0.1 1
Node 70 47 20.2237
Pkt 75 750 0.1 1
Pkt 80 800 0.1 1
Node 67 68 24.7588
Pkt 10 100 0.1 1
Pkt 25 250 0.1 1
Rate:200
==========
==========97
4 0 2 24000
Node 32 55 18.6815
Pkt 20 200 0.1 1
Pkt 24 240 0.1 1
Node 43 71 22.1359
Pkt 48 480 0.1 1
Pkt 40 400 0.1 1
Node 46 26 24.3311
Pkt 75 750 0.1 1
Pkt 80 800 0.1 1
Node 56 30 20.8806
Pkt 20 192 0.104167 1
Pkt 12 120 0.1 1
Rate:201.042
==========
==========98
4 0 2 24000
Node 35 63 19.8494
Pkt 20 200 0.1 1
Pkt 10 100 0.1 1
Node 39 26 26.4008
Pkt 38 375 0.101333 1
Pkt 32 320 0.1 1
Node 45 72 22.561
Pkt 75 750 0.1 1
Pkt 75 750 0.1 1
Node 52 49 2.23607
Pkt 10 100 0.1 1
Pkt 20 200 0.1 1
Rate:200.333
==========
==========99
