4 0 2 24000
Node 30 29 29
Pkt 18 125 0.144 1
Pkt 28 200 0.14 1
Node 28 29 30.4138
Pkt 53 375 0.141333 1
Pkt 45 320 0.140625 1
Node 61 69 21.9545
Pkt 105 750 0.14 1
Pkt 112 800 0.14 1
Node 52 72 22.0907
Pkt 28 200 0.14 1
Pkt 21 150 0.14 1
Rate:281.49
==========
==========0
4 0 2 24000
Node 64 61 17.8045
Pkt 27 192 0.140625 1
Pkt 23 160 0.14375 1
Node 38 67 20.8087
Pkt 42 300 0.14 1
Pkt 42 300 0.14 1
Node 61 58 13.6015
Pkt 105 750 0.14 1
Pkt 112 800 0.14 1
Node 34 70 25.6125
Pkt 34 240 0.141667 1
Pkt 28 200 0.14 1
Rate:281.51
==========
==========1
4 0 2 24000
Node 32 43 19.3132
Pkt 28 200 0.14 1
Pkt 14 100 0.14 1
Node 44 34 17.088
Pkt 53 375 0.141333 1
Pkt 42 300 0.14 1
Node 72 40 24.1661
Pkt 105 750 0.14 1
Pkt 112 800 0.14 1
Node 47 34 16.2788
Pkt 28 200 0.14 1
Pkt 27 192 0.140625 1
Rate:280.49
==========
==========2
4 0 2 24000
Node 67 42 18.7883
Pkt 34 240 0.141667 1
Pkt 34 240 0.141667 1
Node 52 63 13.1529
Pkt 42 300 0.14 1
Pkt 53 375 0.141333 1
Node 54 66 16.4924
Pkt 112 800 0.14 1
Pkt 105 750 0.14 1
Node 59 40 13.4536
Pkt 27 192 0.140625 1
Pkt 18 125 0.144 1
Rate:282.323
==========
==========3
4 0 2 24000
Node 33 29 27.0185
Pkt 35 250 0.14 1
Pkt 35 250 0.14 1
Node 41 59 12.7279
Pkt 45 320 0.140625 1
Pkt 42 300 0.14 1
Node 28 73 31.8277
Pkt 105 750 0.14 1
Pkt 105 750 0.14 1
Node 62 43 13.8924
Pkt 18 125 0.144 1
Pkt 14 100 0.14 1
Rate:281.156
==========
==========4
4 0 2 24000
Node 62 68 21.6333
Pkt 27 192 0.140625 1
Pkt 34 240 0.141667 1
Node 33 29 27.0185
Pkt 42 300 0.14 1
Pkt 53 375 0.141333 1
Node 47 62 12.3693
Pkt 105 750 0.14 1
Pkt 105 750 0.14 1
Node 53 53 4.24264
Pkt 35 250 0.14 1
Pkt 23 160 0.14375 1
Rate:281.844
==========
==========5
4 0 2 24000
Node 43 36 15.6525
Pkt 35 250 0.14 1
Pkt 23 160 0.14375 1
Node 70 67 26.2488
Pkt 56 400 0.14 1
Pkt 53 375 0.141333 1
Node 48 64 14.1421
Pkt 105 750 0.14 1
Pkt 112 800 0.14 1
Node 61 41 14.2127
Pkt 34 240 0.141667 1
Pkt 28 200 0.14 1
Rate:281.688
==========
==========6
4 0 2 24000
Node 35 58 17
Pkt 23 160 0.14375 1
Pkt 14 100 0.14 1
Node 57 72 23.0868
Pkt 68 480 0.141667 1
Pkt 53 375 0.141333 1
Node 56 37 14.3178
Pkt 105 750 0.14 1
Pkt 112 800 0.14 1
Node 68 66 24.0832
Pkt 28 200 0.14 1
Pkt 34 240 0.141667 1
Rate:282.104
==========
==========7
4 0 2 24000
Node 36 37 19.105
Pkt 21 150 0.14 1
Pkt 14 100 0.14 1
Node 41 74 25.632
Pkt 53 375 0.141333 1
Pkt 53 375 0.141333 1
Node 70 52 20.0998
Pkt 112 800 0.14 1
Pkt 112 800 0.14 1
Node 60 73 25.0799
Pkt 17 120 0.141667 1
Pkt 21 150 0.14 1
Rate:281.083
==========
==========8
4 0 2 24000
Node 59 52 9.21954
Pkt 27 192 0.140625 1
Pkt 18 125 0.144 1
Node 37 60 16.4012
Pkt 42 300 0.14 1
Pkt 45 320 0.140625 1
Node 52 58 8.24621
Pkt 105 750 0.14 1
Pkt 112 800 0.14 1
Node 41 40 13.4536
Pkt 28 200 0.14 1
Pkt 14 100 0.14 1
Rate:281.313
==========
==========9
4 0 2 24000
Node 61 60 14.8661
Pkt 14 100 0.14 1
Pkt 28 200 0.14 1
Node 40 50 10
Pkt 45 320 0.140625 1
Pkt 45 320 0.140625 1
Node 69 44 19.9249
Pkt 112 800 0.14 1
Pkt 112 800 0.14 1
Node 73 72 31.8277
Pkt 28 200 0.14 1
Pkt 27 192 0.140625 1
Rate:280.469
==========
==========10
4 0 2 24000
Node 70 61 22.8254
Pkt 14 100 0.14 1
Pkt 27 192 0.140625 1
Node 59 51 9.05539
Pkt 42 300 0.14 1
Pkt 42 300 0.14 1
Node 66 65 21.9317
Pkt 105 750 0.14 1
Pkt 112 800 0.14 1
Node 25 66 29.6816
Pkt 17 120 0.141667 1
Pkt 18 125 0.144 1
Rate:281.573
==========
==========11
4 0 2 24000
Node 63 35 19.8494
Pkt 28 200 0.14 1
Pkt 18 125 0.144 1
Node 55 49 5.09902
Pkt 42 300 0.14 1
Pkt 68 480 0.141667 1
Node 55 50 5
Pkt 112 800 0.14 1
Pkt 105 750 0.14 1
Node 48 71 21.095
Pkt 21 150 0.14 1
Pkt 21 150 0.14 1
Rate:281.417
==========
==========12
4 0 2 24000
Node 26 39 26.4008
Pkt 21 150 0.14 1
Pkt 14 100 0.14 1
Node 40 67 19.7231
Pkt 53 375 0.141333 1
Pkt 45 320 0.140625 1
Node 57 45 8.60233
Pkt 105 750 0.14 1
Pkt 112 800 0.14 1
Node 48 57 7.28011
Pkt 35 250 0.14 1
Pkt 28 200 0.14 1
Rate:280.49
==========
==========13
4 0 2 24000
Node 56 67 18.0278
Pkt 28 200 0.14 1
Pkt 28 200 0.14 1
Node 74 37 27.2947
Pkt 56 400 0.14 1
Pkt 68 480 0.141667 1
Node 73 38 25.9422
Pkt 112 800 0.14 1
Pkt 105 750 0.14 1
Node 58 55 9.43398
Pkt 27 192 0.140625 1
Pkt 34 240 0.141667 1
Rate:280.99
==========
==========14
4 0 2 24000
Node 39 56 12.53
Pkt 27 192 0.140625 1
Pkt 17 120 0.141667 1
Node 68 65 23.4307
Pkt 56 400 0.14 1
Pkt 68 480 0.141667 1
Node 34 48 16.1245
Pkt 105 750 0.14 1
Pkt 105 750 0.14 1
Node 51 46 4.12311
Pkt 21 150 0.14 1
Pkt 34 240 0.141667 1
Rate:281.406
==========
==========15
4 0 2 24000
Node 35 72 26.6271
Pkt 27 192 0.140625 1
Pkt 23 160 0.14375 1
Node 70 44 20.8806
Pkt 45 320 0.140625 1
Pkt 68 480 0.141667 1
Node 29 35 25.807
Pkt 105 750 0.14 1
Pkt 112 800 0.14 1
Node 26 60 26
Pkt 35 250 0.14 1
Pkt 34 240 0.141667 1
Rate:282.083
==========
==========16
4 0 2 24000
Node 44 26 24.7386
Pkt 27 192 0.140625 1
Pkt 23 160 0.14375 1
Node 34 73 28.0179
Pkt 42 300 0.14 1
Pkt 53 375 0.141333 1
Node 64 46 14.5602
Pkt 112 800 0.14 1
Pkt 112 800 0.14 1
Node 71 29 29.6985
Pkt 28 200 0.14 1
Pkt 34 240 0.141667 1
Rate:281.844
==========
==========17
4 0 2 24000
Node 51 25 25.02
Pkt 14 100 0.14 1
Pkt 21 150 0.14 1
Node 26 74 33.9411
Pkt 68 480 0.141667 1
Pkt 45 320 0.140625 1
Node 36 53 14.3178
Pkt 112 800 0.14 1
Pkt 105 750 0.14 1
Node 25 30 32.0156
Pkt 18 125 0.144 1
Pkt 17 120 0.141667 1
Rate:281.99
==========
==========18
4 0 2 24000
Node 52 62 12.1655
Pkt 21 150 0.14 1
Pkt 35 250 0.14 1
Node 30 68 26.9072
Pkt 45 320 0.140625 1
Pkt 56 400 0.14 1
Node 49 41 9.05539
Pkt 112 800 0.14 1
Pkt 112 800 0.14 1
Node 33 39 20.2485
Pkt 17 120 0.141667 1
Pkt 27 192 0.140625 1
Rate:280.729
==========
==========19
4 0 2 24000
Node 41 40 13.4536
Pkt 21 150 0.14 1
Pkt 21 150 0.14 1
Node 46 36 14.5602
Pkt 68 480 0.141667 1
Pkt 42 300 0.14 1
Node 52 49 2.23607
Pkt 112 800 0.14 1
Pkt 105 750 0.14 1
Node 54 50 4
Pkt 28 200 0.14 1
Pkt 34 240 0.141667 1
Rate:280.833
==========
==========20
4 0 2 24000
Node 53 40 10.4403
Pkt 34 240 0.141667 1
Pkt 35 250 0.14 1
Node 31 39 21.9545
Pkt 68 480 0.141667 1
Pkt 42 300 0.14 1
Node 29 60 23.2594
Pkt 112 800 0.14 1
Pkt 112 800 0.14 1
Node 70 53 20.2237
Pkt 17 120 0.141667 1
Pkt 14 100 0.14 1
Rate:281.25
==========
==========21
4 0 2 24000
Node 29 50 21
Pkt 21 150 0.14 1
Pkt 14 100 0.14 1
Node 61 62 16.2788
Pkt 68 480 0.141667 1
Pkt 53 375 0.141333 1
Node 66 71 26.4008
Pkt 105 750 0.14 1
Pkt 112 800 0.14 1
Node 34 67 23.3452
Pkt 18 125 0.144 1
Pkt 21 150 0.14 1
Rate:281.75
==========
==========22
4 0 2 24000
Node 33 39 20.2485
Pkt 34 240 0.141667 1
Pkt 14 100 0.14 1
Node 72 73 31.8277
Pkt 53 375 0.141333 1
Pkt 68 480 0.141667 1
Node 67 63 21.4009
Pkt 112 800 0.14 1
Pkt 112 800 0.14 1
Node 64 45 14.8661
Pkt 27 192 0.140625 1
Pkt 14 100 0.14 1
Rate:281.323
==========
==========23
4 0 2 24000
Node 61 35 18.6011
Pkt 23 160 0.14375 1
Pkt 34 240 0.141667 1
Node 44 66 17.088
Pkt 53 375 0.141333 1
Pkt 56 400 0.14 1
Node 63 53 13.3417
Pkt 105 750 0.14 1
Pkt 112 800 0.14 1
Node 34 27 28.0179
Pkt 27 192 0.140625 1
Pkt 17 120 0.141667 1
Rate:282.26
==========
==========24
4 0 2 24000
Node 45 53 5.83095
Pkt 18 125 0.144 1
Pkt 35 250 0.14 1
Node 71 34 26.4008
Pkt 42 300 0.14 1
Pkt 68 480 0.141667 1
Node 32 47 18.2483
Pkt 112 800 0.14 1
Pkt 112 800 0.14 1
Node 37 40 16.4012
Pkt 28 200 0.14 1
Pkt 21 150 0.14 1
Rate:281.417
==========
==========25
4 0 2 24000
Node 60 65 18.0278
Pkt 17 120 0.141667 1
Pkt 23 160 0.14375 1
Node 43 69 20.2485
Pkt 53 375 0.141333 1
Pkt 53 375 0.141333 1
Node 54 40 10.7703
Pkt 105 750 0.14 1
Pkt 112 800 0.14 1
Node 62 62 16.9706
Pkt 27 192 0.140625 1
Pkt 18 125 0.144 1
Rate:283.177
==========
==========26
4 0 2 24000
Node 38 43 13.8924
Pkt 27 192 0.140625 1
Pkt 23 160 0.14375 1
Node 63 72 25.5539
Pkt 53 375 0.141333 1
Pkt 68 480 0.141667 1
Node 59 74 25.632
Pkt 112 800 0.14 1
Pkt 105 750 0.14 1
Node 43 54 8.06226
Pkt 14 100 0.14 1
Pkt 28 200 0.14 1
Rate:281.844
==========
==========27
4 0 2 24000
Node 31 60 21.4709
Pkt 27 192 0.140625 1
Pkt 14 100 0.14 1
Node 57 73 24.0416
Pkt 68 480 0.141667 1
Pkt 68 480 0.141667 1
Node 54 36 14.5602
Pkt 105 750 0.14 1
Pkt 105 750 0.14 1
Node 72 39 24.5967
Pkt 27 192 0.140625 1
Pkt 23 160 0.14375 1
Rate:282.083
==========
==========28
4 0 2 24000
Node 32 73 29.2062
Pkt 27 192 0.140625 1
Pkt 17 120 0.141667 1
Node 51 66 16.0312
Pkt 45 320 0.140625 1
Pkt 56 400 0.14 1
Node 67 63 21.4009
Pkt 105 750 0.14 1
Pkt 105 750 0.14 1
Node 54 27 23.3452
Pkt 27 192 0.140625 1
Pkt 17 120 0.141667 1
Rate:281.302
==========
==========29
4 0 2 24000
Node 40 58 12.8062
Pkt 21 150 0.14 1
Pkt 23 160 0.14375 1
Node 40 62 15.6205
Pkt 56 400 0.14 1
Pkt 68 480 0.141667 1
Node 25 62 27.7308
Pkt 105 750 0.14 1
Pkt 112 800 0.14 1
Node 69 40 21.4709
Pkt 21 150 0.14 1
Pkt 35 250 0.14 1
Rate:281.354
==========
==========30
4 0 2 24000
Node 64 59 16.6433
Pkt 34 240 0.141667 1
Pkt 14 100 0.14 1
Node 39 66 19.4165
Pkt 45 320 0.140625 1
Pkt 42 300 0.14 1
Node 50 49 1
Pkt 112 800 0.14 1
Pkt 112 800 0.14 1
Node 36 67 22.0227
Pkt 27 192 0.140625 1
Pkt 23 160 0.14375 1
Rate:281.667
==========
==========31
4 0 2 24000
Node 68 59 20.1246
Pkt 23 160 0.14375 1
Pkt 17 120 0.141667 1
Node 50 27 23
Pkt 42 300 0.14 1
Pkt 53 375 0.141333 1
Node 62 37 17.6918
Pkt 112 800 0.14 1
Pkt 112 800 0.14 1
Node 30 66 25.6125
Pkt 18 125 0.144 1
Pkt 21 150 0.14 1
Rate:282.688
==========
==========32
4 0 2 24000
Node 30 64 24.4131
Pkt 35 250 0.14 1
Pkt 34 240 0.141667 1
Node 51 40 10.0499
Pkt 56 400 0.14 1
Pkt 53 375 0.141333 1
Node 74 38 26.8328
Pkt 105 750 0.14 1
Pkt 105 750 0.14 1
Node 40 25 26.9258
Pkt 35 250 0.14 1
Pkt 35 250 0.14 1
Rate:280.75
==========
==========33
4 0 2 24000
Node 31 43 20.2485
Pkt 14 100 0.14 1
Pkt 34 240 0.141667 1
Node 56 73 23.7697
Pkt 68 480 0.141667 1
Pkt 56 400 0.14 1
Node 52 30 20.0998
Pkt 105 750 0.14 1
Pkt 112 800 0.14 1
Node 48 63 13.1529
Pkt 14 100 0.14 1
Pkt 28 200 0.14 1
Rate:280.833
==========
==========34
4 0 2 24000
Node 25 55 25.4951
Pkt 23 160 0.14375 1
Pkt 21 150 0.14 1
Node 67 44 18.0278
Pkt 45 320 0.140625 1
Pkt 56 400 0.14 1
Node 51 36 14.0357
Pkt 112 800 0.14 1
Pkt 112 800 0.14 1
Node 50 66 16
Pkt 23 160 0.14375 1
Pkt 21 150 0.14 1
Rate:282.031
==========
==========35
4 0 2 24000
Node 63 62 17.6918
Pkt 35 250 0.14 1
Pkt 18 125 0.144 1
Node 60 54 10.7703
Pkt 45 320 0.140625 1
Pkt 68 480 0.141667 1
Node 34 48 16.1245
Pkt 105 750 0.14 1
Pkt 112 800 0.14 1
Node 51 55 5.09902
Pkt 23 160 0.14375 1
Pkt 18 125 0.144 1
Rate:283.51
==========
==========36
4 0 2 24000
Node 29 52 21.095
Pkt 21 150 0.14 1
Pkt 28 200 0.14 1
Node 73 55 23.5372
Pkt 42 300 0.14 1
Pkt 68 480 0.141667 1
Node 26 27 33.2415
Pkt 112 800 0.14 1
Pkt 112 800 0.14 1
Node 72 71 30.4138
Pkt 34 240 0.141667 1
Pkt 14 100 0.14 1
Rate:280.833
==========
==========37
4 0 2 24000
Node 41 45 10.2956
Pkt 17 120 0.141667 1
Pkt 14 100 0.14 1
Node 33 39 20.2485
Pkt 68 480 0.141667 1
Pkt 45 320 0.140625 1
Node 37 73 26.4197
Pkt 112 800 0.14 1
Pkt 105 750 0.14 1
Node 25 50 25
Pkt 35 250 0.14 1
Pkt 14 100 0.14 1
Rate:280.99
==========
==========38
4 0 2 24000
Node 26 70 31.241
Pkt 17 120 0.141667 1
Pkt 23 160 0.14375 1
Node 56 52 6.32456
Pkt 68 480 0.141667 1
Pkt 68 480 0.141667 1
Node 38 64 18.4391
Pkt 105 750 0.14 1
Pkt 105 750 0.14 1
Node 25 70 32.0156
Pkt 23 160 0.14375 1
Pkt 28 200 0.14 1
Rate:283.125
==========
==========39
4 0 2 24000
Node 73 35 27.4591
Pkt 17 120 0.141667 1
Pkt 34 240 0.141667 1
Node 27 71 31.1448
Pkt 56 400 0.14 1
Pkt 53 375 0.141333 1
Node 51 59 9.05539
Pkt 105 750 0.14 1
Pkt 105 750 0.14 1
Node 54 31 19.4165
Pkt 35 250 0.14 1
Pkt 23 160 0.14375 1
Rate:282.104
==========
==========40
4 0 2 24000
Node 53 55 5.83095
Pkt 21 150 0.14 1
Pkt 35 250 0.14 1
Node 46 69 19.4165
Pkt 45 320 0.140625 1
Pkt 42 300 0.14 1
Node 73 33 28.6007
Pkt 105 750 0.14 1
Pkt 105 750 0.14 1
Node 29 39 23.7065
Pkt 18 125 0.144 1
Pkt 14 100 0.14 1
Rate:281.156
==========
==========41
4 0 2 24000
Node 66 27 28.0179
Pkt 34 240 0.141667 1
Pkt 34 240 0.141667 1
Node 33 67 24.0416
Pkt 45 320 0.140625 1
Pkt 68 480 0.141667 1
Node 57 34 17.4642
Pkt 112 800 0.14 1
Pkt 112 800 0.14 1
Node 43 39 13.0384
Pkt 17 120 0.141667 1
Pkt 27 192 0.140625 1
Rate:281.979
==========
==========42
4 0 2 24000
Node 54 66 16.4924
Pkt 23 160 0.14375 1
Pkt 21 150 0.14 1
Node 72 40 24.1661
Pkt 45 320 0.140625 1
Pkt 53 375 0.141333 1
Node 65 59 17.4929
Pkt 105 750 0.14 1
Pkt 112 800 0.14 1
Node 74 41 25.632
Pkt 35 250 0.14 1
Pkt 17 120 0.141667 1
Rate:281.844
==========
==========43
4 0 2 24000
Node 59 57 11.4018
Pkt 17 120 0.141667 1
Pkt 28 200 0.14 1
Node 70 38 23.3238
Pkt 68 480 0.141667 1
Pkt 56 400 0.14 1
Node 73 39 25.4951
Pkt 105 750 0.14 1
Pkt 105 750 0.14 1
Node 25 39 27.313
Pkt 21 150 0.14 1
Pkt 34 240 0.141667 1
Rate:281.25
==========
==========44
4 0 2 24000
Node 33 65 22.6716
Pkt 27 192 0.140625 1
Pkt 17 120 0.141667 1
Node 52 38 12.1655
Pkt 68 480 0.141667 1
Pkt 45 320 0.140625 1
Node 69 30 27.5862
Pkt 105 750 0.14 1
Pkt 105 750 0.14 1
Node 55 57 8.60233
Pkt 21 150 0.14 1
Pkt 28 200 0.14 1
Rate:281.146
==========
==========45
4 0 2 24000
Node 72 60 24.1661
Pkt 34 240 0.141667 1
Pkt 27 192 0.140625 1
Node 66 40 18.868
Pkt 45 320 0.140625 1
Pkt 68 480 0.141667 1
Node 50 69 19
Pkt 105 750 0.14 1
Pkt 105 750 0.14 1
Node 57 25 25.9615
Pkt 35 250 0.14 1
Pkt 34 240 0.141667 1
Rate:281.563
==========
==========46
4 0 2 24000
Node 32 34 24.0832
Pkt 21 150 0.14 1
Pkt 35 250 0.14 1
Node 67 38 20.8087
Pkt 42 300 0.14 1
Pkt 68 480 0.141667 1
Node 74 66 28.8444
Pkt 112 800 0.14 1
Pkt 105 750 0.14 1
Node 64 70 24.4131
Pkt 34 240 0.141667 1
Pkt 21 150 0.14 1
Rate:280.833
==========
==========47
4 0 2 24000
Node 33 53 17.2627
Pkt 28 200 0.14 1
Pkt 23 160 0.14375 1
Node 67 72 27.8029
Pkt 53 375 0.141333 1
Pkt 68 480 0.141667 1
Node 28 28 31.1127
Pkt 105 750 0.14 1
Pkt 105 750 0.14 1
Node 73 67 28.6007
Pkt 17 120 0.141667 1
Pkt 23 160 0.14375 1
Rate:283.042
==========
==========48
4 0 2 24000
Node 44 46 7.2111
Pkt 21 150 0.14 1
Pkt 17 120 0.141667 1
Node 29 57 22.1359
Pkt 45 320 0.140625 1
Pkt 42 300 0.14 1
Node 47 26 24.1868
Pkt 112 800 0.14 1
Pkt 105 750 0.14 1
Node 36 62 18.4391
Pkt 34 240 0.141667 1
Pkt 35 250 0.14 1
Rate:280.99
==========
==========49
4 0 2 24000
Node 68 31 26.1725
Pkt 14 100 0.14 1
Pkt 18 125 0.144 1
Node 28 60 24.1661
Pkt 56 400 0.14 1
Pkt 53 375 0.141333 1
Node 53 52 3.60555
Pkt 112 800 0.14 1
Pkt 112 800 0.14 1
Node 40 39 14.8661
Pkt 14 100 0.14 1
Pkt 35 250 0.14 1
Rate:281.333
==========
==========50
4 0 2 24000
Node 46 29 21.3776
Pkt 34 240 0.141667 1
Pkt 14 100 0.14 1
Node 67 48 17.1172
Pkt 45 320 0.140625 1
Pkt 42 300 0.14 1
Node 29 56 21.8403
Pkt 105 750 0.14 1
Pkt 105 750 0.14 1
Node 45 58 9.43398
Pkt 18 125 0.144 1
Pkt 21 150 0.14 1
Rate:281.573
==========
==========51
4 0 2 24000
Node 35 45 15.8114
Pkt 18 125 0.144 1
Pkt 21 150 0.14 1
Node 65 41 17.4929
Pkt 45 320 0.140625 1
Pkt 42 300 0.14 1
Node 60 36 17.2047
Pkt 112 800 0.14 1
Pkt 112 800 0.14 1
Node 27 66 28.0179
Pkt 14 100 0.14 1
Pkt 35 250 0.14 1
Rate:281.156
==========
==========52
4 0 2 24000
Node 58 64 16.1245
Pkt 34 240 0.141667 1
Pkt 23 160 0.14375 1
Node 26 59 25.632
Pkt 68 480 0.141667 1
Pkt 53 375 0.141333 1
Node 65 36 20.5183
Pkt 112 800 0.14 1
Pkt 105 750 0.14 1
Node 46 25 25.318
Pkt 28 200 0.14 1
Pkt 18 125 0.144 1
Rate:283.104
==========
==========53
4 0 2 24000
Node 74 36 27.7849
Pkt 18 125 0.144 1
Pkt 27 192 0.140625 1
Node 31 37 23.0217
Pkt 45 320 0.140625 1
Pkt 68 480 0.141667 1
Node 55 45 7.07107
Pkt 105 750 0.14 1
Pkt 105 750 0.14 1
Node 73 62 25.9422
Pkt 21 150 0.14 1
Pkt 35 250 0.14 1
Rate:281.729
==========
==========54
4 0 2 24000
Node 73 62 25.9422
Pkt 23 160 0.14375 1
Pkt 23 160 0.14375 1
Node 53 61 11.4018
Pkt 68 480 0.141667 1
Pkt 53 375 0.141333 1
Node 34 50 16
Pkt 112 800 0.14 1
Pkt 112 800 0.14 1
Node 57 34 17.4642
Pkt 28 200 0.14 1
Pkt 18 125 0.144 1
Rate:283.625
==========
==========55
4 0 2 24000
Node 29 55 21.587
Pkt 28 200 0.14 1
Pkt 17 120 0.141667 1
Node 41 47 9.48683
Pkt 68 480 0.141667 1
Pkt 45 320 0.140625 1
Node 74 49 24.0208
Pkt 105 750 0.14 1
Pkt 105 750 0.14 1
Node 40 41 13.4536
Pkt 28 200 0.14 1
Pkt 34 240 0.141667 1
Rate:281.406
==========
==========56
4 0 2 24000
Node 58 61 13.6015
Pkt 14 100 0.14 1
Pkt 23 160 0.14375 1
Node 31 63 23.0217
Pkt 45 320 0.140625 1
Pkt 56 400 0.14 1
Node 54 71 21.3776
Pkt 112 800 0.14 1
Pkt 105 750 0.14 1
Node 60 59 13.4536
Pkt 21 150 0.14 1
Pkt 21 150 0.14 1
Rate:281.094
==========
==========57
4 0 2 24000
Node 36 35 20.5183
Pkt 14 100 0.14 1
Pkt 23 160 0.14375 1
Node 44 52 6.32456
Pkt 68 480 0.141667 1
Pkt 56 400 0.14 1
Node 43 52 7.28011
Pkt 112 800 0.14 1
Pkt 105 750 0.14 1
Node 68 33 24.7588
Pkt 17 120 0.141667 1
Pkt 34 240 0.141667 1
Rate:282.188
==========
==========58
4 0 2 24000
Node 54 37 13.6015
Pkt 21 150 0.14 1
Pkt 21 150 0.14 1
Node 53 69 19.2354
Pkt 42 300 0.14 1
Pkt 45 320 0.140625 1
Node 25 33 30.2324
Pkt 105 750 0.14 1
Pkt 112 800 0.14 1
Node 32 64 22.8035
Pkt 23 160 0.14375 1
Pkt 35 250 0.14 1
Rate:281.094
==========
==========59
4 0 2 24000
Node 54 36 14.5602
Pkt 34 240 0.141667 1
Pkt 21 150 0.14 1
Node 44 42 10
Pkt 42 300 0.14 1
Pkt 42 300 0.14 1
Node 73 69 29.8329
Pkt 112 800 0.14 1
Pkt 112 800 0.14 1
Node 41 44 10.8167
Pkt 18 125 0.144 1
Pkt 34 240 0.141667 1
Rate:281.833
==========
==========60
4 0 2 24000
Node 53 62 12.3693
Pkt 18 125 0.144 1
Pkt 27 192 0.140625 1
Node 70 70 28.2843
Pkt 56 400 0.14 1
Pkt 56 400 0.14 1
Node 36 65 20.5183
Pkt 105 750 0.14 1
Pkt 112 800 0.14 1
Node 29 26 31.8904
Pkt 17 120 0.141667 1
Pkt 28 200 0.14 1
Rate:281.573
==========
==========61
4 0 2 24000
Node 33 39 20.2485
Pkt 27 192 0.140625 1
Pkt 34 240 0.141667 1
Node 28 46 22.3607
Pkt 42 300 0.14 1
Pkt 56 400 0.14 1
Node 48 68 18.1108
Pkt 105 750 0.14 1
Pkt 112 800 0.14 1
Node 45 73 23.5372
Pkt 17 120 0.141667 1
Pkt 14 100 0.14 1
Rate:280.99
==========
==========62
4 0 2 24000
Node 48 40 10.198
Pkt 35 250 0.14 1
Pkt 28 200 0.14 1
Node 36 48 14.1421
Pkt 53 375 0.141333 1
Pkt 42 300 0.14 1
Node 34 65 21.9317
Pkt 112 800 0.14 1
Pkt 112 800 0.14 1
Node 73 70 30.4795
Pkt 17 120 0.141667 1
Pkt 18 125 0.144 1
Rate:281.75
==========
==========63
4 0 2 24000
Node 59 49 9.05539
Pkt 23 160 0.14375 1
Pkt 14 100 0.14 1
Node 56 39 12.53
Pkt 45 320 0.140625 1
Pkt 53 375 0.141333 1
Node 36 74 27.7849
Pkt 112 800 0.14 1
Pkt 105 750 0.14 1
Node 65 59 17.4929
Pkt 23 160 0.14375 1
Pkt 17 120 0.141667 1
Rate:282.781
==========
==========64
4 0 2 24000
Node 42 54 8.94427
Pkt 23 160 0.14375 1
Pkt 34 240 0.141667 1
Node 33 66 23.3452
Pkt 68 480 0.141667 1
Pkt 45 320 0.140625 1
Node 26 35 28.3019
Pkt 105 750 0.14 1
Pkt 112 800 0.14 1
Node 43 69 20.2485
Pkt 35 250 0.14 1
Pkt 21 150 0.14 1
Rate:281.927
==========
==========65
4 0 2 24000
Node 33 49 17.0294
Pkt 21 150 0.14 1
Pkt 14 100 0.14 1
Node 57 36 15.6525
Pkt 68 480 0.141667 1
Pkt 45 320 0.140625 1
Node 62 48 12.1655
Pkt 112 800 0.14 1
Pkt 112 800 0.14 1
Node 57 69 20.2485
Pkt 27 192 0.140625 1
Pkt 35 250 0.14 1
Rate:280.729
==========
==========66
4 0 2 24000
Node 45 39 12.083
Pkt 18 125 0.144 1
Pkt 35 250 0.14 1
Node 57 73 24.0416
Pkt 56 400 0.14 1
Pkt 56 400 0.14 1
Node 29 31 28.3196
Pkt 112 800 0.14 1
Pkt 105 750 0.14 1
Node 68 30 26.9072
Pkt 18 125 0.144 1
Pkt 34 240 0.141667 1
Rate:282.417
==========
==========67
4 0 2 24000
Node 53 48 3.60555
Pkt 23 160 0.14375 1
Pkt 27 192 0.140625 1
Node 41 35 17.4929
Pkt 42 300 0.14 1
Pkt 56 400 0.14 1
Node 67 46 17.4642
Pkt 112 800 0.14 1
Pkt 105 750 0.14 1
Node 50 61 11
Pkt 18 125 0.144 1
Pkt 23 160 0.14375 1
Rate:283.031
==========
==========68
4 0 2 24000
Node 33 31 25.4951
Pkt 21 150 0.14 1
Pkt 18 125 0.144 1
Node 58 72 23.4094
Pkt 53 375 0.141333 1
Pkt 68 480 0.141667 1
Node 52 44 6.32456
Pkt 112 800 0.14 1
Pkt 105 750 0.14 1
Node 57 57 9.89949
Pkt 35 250 0.14 1
Pkt 21 150 0.14 1
Rate:281.75
==========
==========69
4 0 2 24000
Node 39 65 18.6011
Pkt 18 125 0.144 1
Pkt 34 240 0.141667 1
Node 56 64 15.2315
Pkt 53 375 0.141333 1
Pkt 68 480 0.141667 1
Node 62 48 12.1655
Pkt 112 800 0.14 1
Pkt 112 800 0.14 1
Node 60 69 21.4709
Pkt 21 150 0.14 1
Pkt 27 192 0.140625 1
Rate:282.323
==========
==========70
4 0 2 24000
Node 31 41 21.0238
Pkt 14 100 0.14 1
Pkt 27 192 0.140625 1
Node 74 54 24.3311
Pkt 45 320 0.140625 1
Pkt 53 375 0.141333 1
Node 59 69 21.0238
Pkt 112 800 0.14 1
Pkt 105 750 0.14 1
Node 47 38 12.3693
Pkt 34 240 0.141667 1
Pkt 35 250 0.14 1
Rate:281.063
==========
==========71
4 0 2 24000
Node 56 58 10
Pkt 23 160 0.14375 1
Pkt 14 100 0.14 1
Node 41 39 14.2127
Pkt 45 320 0.140625 1
Pkt 53 375 0.141333 1
Node 50 29 21
Pkt 105 750 0.14 1
Pkt 105 750 0.14 1
Node 37 49 13.0384
Pkt 21 150 0.14 1
Pkt 27 192 0.140625 1
Rate:281.583
==========
==========72
4 0 2 24000
Node 41 49 9.05539
Pkt 27 192 0.140625 1
Pkt 14 100 0.14 1
Node 67 42 18.7883
Pkt 56 400 0.14 1
Pkt 56 400 0.14 1
Node 45 56 7.81025
Pkt 112 800 0.14 1
Pkt 105 750 0.14 1
Node 67 26 29.4109
Pkt 27 192 0.140625 1
Pkt 28 200 0.14 1
Rate:280.313
==========
==========73
4 0 2 24000
Node 60 71 23.2594
Pkt 14 100 0.14 1
Pkt 18 125 0.144 1
Node 36 33 22.0227
Pkt 68 480 0.141667 1
Pkt 42 300 0.14 1
Node 47 29 21.2132
Pkt 112 800 0.14 1
Pkt 112 800 0.14 1
Node 71 58 22.4722
Pkt 35 250 0.14 1
Pkt 28 200 0.14 1
Rate:281.417
==========
==========74
4 0 2 24000
Node 41 54 9.84886
Pkt 17 120 0.141667 1
Pkt 17 120 0.141667 1
Node 68 72 28.4253
Pkt 56 400 0.14 1
Pkt 56 400 0.14 1
Node 35 51 15.0333
Pkt 105 750 0.14 1
Pkt 112 800 0.14 1
Node 55 45 7.07107
Pkt 14 100 0.14 1
Pkt 17 120 0.141667 1
Rate:281.25
==========
==========75
4 0 2 24000
Node 34 74 28.8444
Pkt 27 192 0.140625 1
Pkt 34 240 0.141667 1
Node 68 32 25.4558
Pkt 42 300 0.14 1
Pkt 45 320 0.140625 1
Node 25 31 31.4006
Pkt 105 750 0.14 1
Pkt 112 800 0.14 1
Node 73 38 25.9422
Pkt 35 250 0.14 1
Pkt 23 160 0.14375 1
Rate:281.667
==========
==========76
4 0 2 24000
Node 57 73 24.0416
Pkt 28 200 0.14 1
Pkt 35 250 0.14 1
Node 67 64 22.0227
Pkt 45 320 0.140625 1
Pkt 42 300 0.14 1
Node 68 72 28.4253
Pkt 105 750 0.14 1
Pkt 105 750 0.14 1
Node 69 50 19
Pkt 27 192 0.140625 1
Pkt 14 100 0.14 1
Rate:280.313
==========
==========77
4 0 2 24000
Node 27 37 26.4197
Pkt 35 250 0.14 1
Pkt 18 125 0.144 1
Node 45 39 12.083
Pkt 56 400 0.14 1
Pkt 45 320 0.140625 1
Node 25 59 26.5707
Pkt 105 750 0.14 1
Pkt 112 800 0.14 1
Node 70 39 22.8254
Pkt 34 240 0.141667 1
Pkt 27 192 0.140625 1
Rate:281.729
==========
==========78
4 0 2 24000
Node 49 51 1.41421
Pkt 27 192 0.140625 1
Pkt 21 150 0.14 1
Node 68 42 19.6977
Pkt 68 480 0.141667 1
Pkt 53 375 0.141333 1
Node 34 41 18.3576
Pkt 105 750 0.14 1
Pkt 112 800 0.14 1
Node 56 28 22.8035
Pkt 35 250 0.14 1
Pkt 21 150 0.14 1
Rate:280.906
==========
==========79
4 0 2 24000
Node 27 26 33.2415
Pkt 34 240 0.141667 1
Pkt 28 200 0.14 1
Node 29 25 32.6497
Pkt 45 320 0.140625 1
Pkt 53 375 0.141333 1
Node 31 48 19.105
Pkt 112 800 0.14 1
Pkt 105 750 0.14 1
Node 69 64 23.6008
Pkt 35 250 0.14 1
Pkt 18 125 0.144 1
Rate:281.906
==========
==========80
4 0 2 24000
Node 70 67 26.2488
Pkt 18 125 0.144 1
Pkt 35 250 0.14 1
Node 73 60 25.0799
Pkt 53 375 0.141333 1
Pkt 42 300 0.14 1
Node 26 58 25.2982
Pkt 105 750 0.14 1
Pkt 112 800 0.14 1
Node 37 54 13.6015
Pkt 21 150 0.14 1
Pkt 34 240 0.141667 1
Rate:281.75
==========
==========81
4 0 2 24000
Node 34 26 28.8444
Pkt 35 250 0.14 1
Pkt 18 125 0.144 1
Node 40 46 10.7703
Pkt 68 480 0.141667 1
Pkt 53 375 0.141333 1
Node 62 43 13.8924
Pkt 105 750 0.14 1
Pkt 112 800 0.14 1
Node 51 44 6.08276
Pkt 27 192 0.140625 1
Pkt 28 200 0.14 1
Rate:281.906
==========
==========82
4 0 2 24000
Node 45 37 13.9284
Pkt 27 192 0.140625 1
Pkt 18 125 0.144 1
Node 25 27 33.9706
Pkt 68 480 0.141667 1
Pkt 53 375 0.141333 1
Node 48 42 8.24621
Pkt 112 800 0.14 1
Pkt 105 750 0.14 1
Node 69 39 21.9545
Pkt 17 120 0.141667 1
Pkt 18 125 0.144 1
Rate:283.323
==========
==========83
4 0 2 24000
Node 53 73 23.1948
Pkt 23 160 0.14375 1
Pkt 23 160 0.14375 1
Node 47 39 11.4018
Pkt 42 300 0.14 1
Pkt 68 480 0.141667 1
Node 73 42 24.3516
Pkt 105 750 0.14 1
Pkt 112 800 0.14 1
Node 71 59 22.8473
Pkt 34 240 0.141667 1
Pkt 23 160 0.14375 1
Rate:283.646
==========
==========84
4 0 2 24000
Node 57 40 12.2066
Pkt 35 250 0.14 1
Pkt 35 250 0.14 1
Node 36 39 17.8045
Pkt 42 300 0.14 1
Pkt 45 320 0.140625 1
Node 64 35 20.5183
Pkt 105 750 0.14 1
Pkt 105 750 0.14 1
Node 37 38 17.6918
Pkt 14 100 0.14 1
Pkt 34 240 0.141667 1
Rate:280.573
==========
==========85
4 0 2 24000
Node 43 55 8.60233
Pkt 34 240 0.141667 1
Pkt 17 120 0.141667 1
Node 68 38 21.6333
Pkt 56 400 0.14 1
Pkt 53 375 0.141333 1
Node 57 43 9.89949
Pkt 105 750 0.14 1
Pkt 112 800 0.14 1
Node 65 31 24.2074
Pkt 35 250 0.14 1
Pkt 21 150 0.14 1
Rate:281.167
==========
==========86
4 0 2 24000
Node 68 41 20.1246
Pkt 14 100 0.14 1
Pkt 28 200 0.14 1
Node 71 57 22.1359
Pkt 45 320 0.140625 1
Pkt 56 400 0.14 1
Node 55 49 5.09902
Pkt 105 750 0.14 1
Pkt 112 800 0.14 1
Node 65 26 28.3019
Pkt 27 192 0.140625 1
Pkt 18 125 0.144 1
Rate:281.313
==========
==========87
4 0 2 24000
Node 35 67 22.6716
Pkt 17 120 0.141667 1
Pkt 27 192 0.140625 1
Node 64 26 27.7849
Pkt 42 300 0.14 1
Pkt 42 300 0.14 1
Node 61 37 17.0294
Pkt 112 800 0.14 1
Pkt 105 750 0.14 1
Node 71 73 31.1448
Pkt 27 192 0.140625 1
Pkt 21 150 0.14 1
Rate:280.729
==========
==========88
4 0 2 24000
Node 68 69 26.1725
Pkt 18 125 0.144 1
Pkt 18 125 0.144 1
Node 25 28 33.3017
Pkt 45 320 0.140625 1
Pkt 68 480 0.141667 1
Node 40 51 10.0499
Pkt 105 750 0.14 1
Pkt 112 800 0.14 1
Node 66 44 17.088
Pkt 34 240 0.141667 1
Pkt 35 250 0.14 1
Rate:282.99
==========
==========89
4 0 2 24000
Node 55 32 18.6815
Pkt 34 240 0.141667 1
Pkt 14 100 0.14 1
Node 42 41 12.0416
Pkt 42 300 0.14 1
Pkt 68 480 0.141667 1
Node 73 58 24.3516
Pkt 105 750 0.14 1
Pkt 112 800 0.14 1
Node 58 49 8.06226
Pkt 17 120 0.141667 1
Pkt 23 160 0.14375 1
Rate:282.188
==========
==========90
4 0 2 24000
Node 46 34 16.4924
Pkt 35 250 0.14 1
Pkt 34 240 0.141667 1
Node 55 63 13.9284
Pkt 42 300 0.14 1
Pkt 68 480 0.141667 1
Node 54 54 5.65685
Pkt 112 800 0.14 1
Pkt 112 800 0.14 1
Node 66 32 24.0832
Pkt 28 200 0.14 1
Pkt 34 240 0.141667 1
Rate:281.25
==========
==========91
4 0 2 24000
Node 30 33 26.2488
Pkt 21 150 0.14 1
Pkt 21 150 0.14 1
Node 43 69 20.2485
Pkt 56 400 0.14 1
Pkt 56 400 0.14 1
Node 38 70 23.3238
Pkt 105 750 0.14 1
Pkt 112 800 0.14 1
Node 72 64 26.0768
Pkt 35 250 0.14 1
Pkt 14 100 0.14 1
Rate:280
==========
==========92
4 0 2 24000
Node 53 72 22.2036
Pkt 21 150 0.14 1
Pkt 21 150 0.14 1
Node 36 32 22.8035
Pkt 56 400 0.14 1
Pkt 53 375 0.141333 1
Node 42 31 20.6155
Pkt 112 800 0.14 1
Pkt 105 750 0.14 1
Node 74 30 31.241
Pkt 27 192 0.140625 1
Pkt 23 160 0.14375 1
Rate:281.427
==========
==========93
4 0 2 24000
Node 57 54 8.06226
Pkt 27 192 0.140625 1
Pkt 18 125 0.144 1
Node 63 38 17.6918
Pkt 53 375 0.141333 1
Pkt 53 375 0.141333 1
Node 51 33 17.0294
Pkt 112 800 0.14 1
Pkt 112 800 0.14 1
Node 50 47 3
Pkt 21 150 0.14 1
Pkt 17 120 0.141667 1
Rate:282.24
==========
==========94
4 0 2 24000
Node 66 61 19.4165
Pkt 14 100 0.14 1
Pkt 17 120 0.141667 1
Node 44 68 18.9737
Pkt 45 320 0.140625 1
Pkt 53 375 0.141333 1
Node 55 28 22.561
Pkt 105 750 0.14 1
Pkt 112 800 0.14 1
Node 70 43 21.1896
Pkt 23 160 0.14375 1
Pkt 18 125 0.144 1
Rate:282.844
==========
==========95
4 0 2 24000
Node 43 25 25.9615
Pkt 17 120 0.141667 1
Pkt 34 240 0.141667 1
Node 37 42 15.2643
Pkt 56 400 0.14 1
Pkt 68 480 0.141667 1
Node 33 41 19.2354
Pkt 112 800 0.14 1
Pkt 112 800 0.14 1
Node 48 36 14.1421
Pkt 27 192 0.140625 1
Pkt 27 192 0.140625 1
Rate:281.563
==========
==========96
4 0 2 24000
Node 44 64 15.2315
Pkt 17 120 0.141667 1
Pkt 14 100 0.14 1
Node 46 43 8.06226
Pkt 42 300 0.14 1
Pkt 56 400 0.14 1
Node 50 39 11
Pkt 105 750 0.14 1
Pkt 105 750 0.14 1
Node 42 57 10.6301
Pkt 27 192 0.140625 1
Pkt 28 200 0.14 1
Rate:280.573
==========
==========97
4 0 2 24000
Node 45 49 5.09902
Pkt 35 250 0.14 1
Pkt 18 125 0.144 1
Node 67 46 17.4642
Pkt 45 320 0.140625 1
Pkt 53 375 0.141333 1
Node 26 34 28.8444
Pkt 112 800 0.14 1
Pkt 112 800 0.14 1
Node 72 32 28.4253
Pkt 34 240 0.141667 1
Pkt 28 200 0.14 1
Rate:281.906
==========
==========98
4 0 2 24000
Node 53 46 5
Pkt 23 160 0.14375 1
Pkt 27 192 0.140625 1
Node 37 52 13.1529
Pkt 68 480 0.141667 1
Pkt 56 400 0.14 1
Node 37 40 16.4012
Pkt 105 750 0.14 1
Pkt 112 800 0.14 1
Node 68 47 18.2483
Pkt 21 150 0.14 1
Pkt 27 192 0.140625 1
Rate:281.667
==========
==========99
