4 0 2 24000
Node 52 64 14.1421
Pkt 58 240 0.241667 1
Pkt 36 150 0.24 1
Node 39 28 24.5967
Pkt 116 480 0.241667 1
Pkt 96 400 0.24 1
Node 70 27 30.4795
Pkt 192 800 0.24 1
Pkt 180 750 0.24 1
Node 61 36 17.8045
Pkt 29 120 0.241667 1
Pkt 47 192 0.244792 1
Rate:482.448
==========
==========0
4 0 2 24000
Node 48 56 6.32456
Pkt 36 150 0.24 1
Pkt 30 125 0.24 1
Node 59 69 21.0238
Pkt 96 400 0.24 1
Pkt 72 300 0.24 1
Node 50 57 7
Pkt 192 800 0.24 1
Pkt 192 800 0.24 1
Node 64 40 17.2047
Pkt 58 240 0.241667 1
Pkt 29 120 0.241667 1
Rate:480.833
==========
==========1
4 0 2 24000
Node 67 64 22.0227
Pkt 24 100 0.24 1
Pkt 24 100 0.24 1
Node 28 38 25.0599
Pkt 77 320 0.240625 1
Pkt 116 480 0.241667 1
Node 73 58 24.3516
Pkt 180 750 0.24 1
Pkt 192 800 0.24 1
Node 72 51 22.0227
Pkt 24 100 0.24 1
Pkt 29 120 0.241667 1
Rate:480.99
==========
==========2
4 0 2 24000
Node 26 28 32.5576
Pkt 47 192 0.244792 1
Pkt 39 160 0.24375 1
Node 52 49 2.23607
Pkt 77 320 0.240625 1
Pkt 96 400 0.24 1
Node 57 32 19.3132
Pkt 192 800 0.24 1
Pkt 180 750 0.24 1
Node 69 25 31.4006
Pkt 58 240 0.241667 1
Pkt 30 125 0.24 1
Rate:482.708
==========
==========3
4 0 2 24000
Node 31 58 20.6155
Pkt 58 240 0.241667 1
Pkt 60 250 0.24 1
Node 28 73 31.8277
Pkt 96 400 0.24 1
Pkt 116 480 0.241667 1
Node 55 68 18.6815
Pkt 180 750 0.24 1
Pkt 192 800 0.24 1
Node 72 31 29.0689
Pkt 47 192 0.244792 1
Pkt 36 150 0.24 1
Rate:482.031
==========
==========4
4 0 2 24000
Node 27 34 28.0179
Pkt 60 250 0.24 1
Pkt 30 125 0.24 1
Node 63 27 26.4197
Pkt 77 320 0.240625 1
Pkt 90 375 0.24 1
Node 64 64 19.799
Pkt 192 800 0.24 1
Pkt 180 750 0.24 1
Node 39 38 16.2788
Pkt 29 120 0.241667 1
Pkt 58 240 0.241667 1
Rate:480.99
==========
==========5
4 0 2 24000
Node 60 69 21.4709
Pkt 24 100 0.24 1
Pkt 48 200 0.24 1
Node 63 29 24.6982
Pkt 72 300 0.24 1
Pkt 72 300 0.24 1
Node 74 61 26.4008
Pkt 180 750 0.24 1
Pkt 192 800 0.24 1
Node 51 72 22.0227
Pkt 58 240 0.241667 1
Pkt 39 160 0.24375 1
Rate:481.354
==========
==========6
4 0 2 24000
Node 69 26 30.6105
Pkt 29 120 0.241667 1
Pkt 24 100 0.24 1
Node 49 29 21.0238
Pkt 116 480 0.241667 1
Pkt 116 480 0.241667 1
Node 39 52 11.1803
Pkt 180 750 0.24 1
Pkt 192 800 0.24 1
Node 38 71 24.1868
Pkt 29 120 0.241667 1
Pkt 47 192 0.244792 1
Rate:482.865
==========
==========7
4 0 2 24000
Node 53 50 3
Pkt 58 240 0.241667 1
Pkt 39 160 0.24375 1
Node 70 46 20.3961
Pkt 77 320 0.240625 1
Pkt 77 320 0.240625 1
Node 61 59 14.2127
Pkt 180 750 0.24 1
Pkt 192 800 0.24 1
Node 64 72 26.0768
Pkt 48 200 0.24 1
Pkt 58 240 0.241667 1
Rate:482.083
==========
==========8
4 0 2 24000
Node 73 44 23.7697
Pkt 39 160 0.24375 1
Pkt 29 120 0.241667 1
Node 57 62 13.8924
Pkt 72 300 0.24 1
Pkt 90 375 0.24 1
Node 36 56 15.2315
Pkt 192 800 0.24 1
Pkt 180 750 0.24 1
Node 54 69 19.4165
Pkt 60 250 0.24 1
Pkt 29 120 0.241667 1
Rate:481.771
==========
==========9
4 0 2 24000
Node 45 43 8.60233
Pkt 39 160 0.24375 1
Pkt 58 240 0.241667 1
Node 68 58 19.6977
Pkt 77 320 0.240625 1
Pkt 72 300 0.24 1
Node 37 32 22.2036
Pkt 180 750 0.24 1
Pkt 192 800 0.24 1
Node 50 68 18
Pkt 36 150 0.24 1
Pkt 24 100 0.24 1
Rate:481.51
==========
==========10
4 0 2 24000
Node 58 70 21.5407
Pkt 29 120 0.241667 1
Pkt 30 125 0.24 1
Node 26 72 32.5576
Pkt 96 400 0.24 1
Pkt 77 320 0.240625 1
Node 30 58 21.5407
Pkt 192 800 0.24 1
Pkt 192 800 0.24 1
Node 26 27 33.2415
Pkt 58 240 0.241667 1
Pkt 36 150 0.24 1
Rate:480.99
==========
==========11
4 0 2 24000
Node 56 64 15.2315
Pkt 58 240 0.241667 1
Pkt 29 120 0.241667 1
Node 70 28 29.7321
Pkt 72 300 0.24 1
Pkt 96 400 0.24 1
Node 56 72 22.8035
Pkt 192 800 0.24 1
Pkt 180 750 0.24 1
Node 40 48 10.198
Pkt 36 150 0.24 1
Pkt 60 250 0.24 1
Rate:480.833
==========
==========12
4 0 2 24000
Node 57 72 23.0868
Pkt 36 150 0.24 1
Pkt 48 200 0.24 1
Node 53 53 4.24264
Pkt 72 300 0.24 1
Pkt 96 400 0.24 1
Node 33 69 25.4951
Pkt 180 750 0.24 1
Pkt 180 750 0.24 1
Node 62 46 12.6491
Pkt 30 125 0.24 1
Pkt 60 250 0.24 1
Rate:480
==========
==========13
4 0 2 24000
Node 48 64 14.1421
Pkt 30 125 0.24 1
Pkt 36 150 0.24 1
Node 42 26 25.2982
Pkt 72 300 0.24 1
Pkt 96 400 0.24 1
Node 51 57 7.07107
Pkt 192 800 0.24 1
Pkt 192 800 0.24 1
Node 44 29 21.8403
Pkt 29 120 0.241667 1
Pkt 47 192 0.244792 1
Rate:481.615
==========
==========14
4 0 2 24000
Node 47 62 12.3693
Pkt 29 120 0.241667 1
Pkt 47 192 0.244792 1
Node 71 70 29
Pkt 96 400 0.24 1
Pkt 96 400 0.24 1
Node 31 74 30.6105
Pkt 180 750 0.24 1
Pkt 192 800 0.24 1
Node 55 47 5.83095
Pkt 58 240 0.241667 1
Pkt 39 160 0.24375 1
Rate:482.969
==========
==========15
4 0 2 24000
Node 41 27 24.6982
Pkt 48 200 0.24 1
Pkt 24 100 0.24 1
Node 43 30 21.1896
Pkt 77 320 0.240625 1
Pkt 72 300 0.24 1
Node 39 64 17.8045
Pkt 192 800 0.24 1
Pkt 180 750 0.24 1
Node 46 72 22.3607
Pkt 48 200 0.24 1
Pkt 58 240 0.241667 1
Rate:480.573
==========
==========16
4 0 2 24000
Node 59 61 14.2127
Pkt 47 192 0.244792 1
Pkt 39 160 0.24375 1
Node 58 73 24.3516
Pkt 90 375 0.24 1
Pkt 96 400 0.24 1
Node 47 28 22.2036
Pkt 192 800 0.24 1
Pkt 180 750 0.24 1
Node 64 49 14.0357
Pkt 48 200 0.24 1
Pkt 30 125 0.24 1
Rate:482.135
==========
==========17
4 0 2 24000
Node 33 72 27.8029
Pkt 48 200 0.24 1
Pkt 36 150 0.24 1
Node 30 33 26.2488
Pkt 96 400 0.24 1
Pkt 90 375 0.24 1
Node 34 25 29.6816
Pkt 192 800 0.24 1
Pkt 192 800 0.24 1
Node 29 49 21.0238
Pkt 39 160 0.24375 1
Pkt 24 100 0.24 1
Rate:480.937
==========
==========18
4 0 2 24000
Node 28 43 23.0868
Pkt 60 250 0.24 1
Pkt 48 200 0.24 1
Node 40 53 10.4403
Pkt 116 480 0.241667 1
Pkt 72 300 0.24 1
Node 57 71 22.1359
Pkt 192 800 0.24 1
Pkt 180 750 0.24 1
Node 37 67 21.4009
Pkt 60 250 0.24 1
Pkt 24 100 0.24 1
Rate:480.417
==========
==========19
4 0 2 24000
Node 60 53 10.4403
Pkt 60 250 0.24 1
Pkt 36 150 0.24 1
Node 47 57 7.61577
Pkt 72 300 0.24 1
Pkt 96 400 0.24 1
Node 31 35 24.2074
Pkt 192 800 0.24 1
Pkt 180 750 0.24 1
Node 48 58 8.24621
Pkt 48 200 0.24 1
Pkt 48 200 0.24 1
Rate:480
==========
==========20
4 0 2 24000
Node 48 32 18.1108
Pkt 36 150 0.24 1
Pkt 30 125 0.24 1
Node 26 26 33.9411
Pkt 72 300 0.24 1
Pkt 116 480 0.241667 1
Node 51 35 15.0333
Pkt 180 750 0.24 1
Pkt 192 800 0.24 1
Node 32 41 20.1246
Pkt 48 200 0.24 1
Pkt 36 150 0.24 1
Rate:480.417
==========
==========21
4 0 2 24000
Node 66 66 22.6274
Pkt 47 192 0.244792 1
Pkt 30 125 0.24 1
Node 51 29 21.0238
Pkt 116 480 0.241667 1
Pkt 96 400 0.24 1
Node 28 27 31.8277
Pkt 192 800 0.24 1
Pkt 192 800 0.24 1
Node 31 60 21.4709
Pkt 29 120 0.241667 1
Pkt 47 192 0.244792 1
Rate:483.229
==========
==========22
4 0 2 24000
Node 64 68 22.8035
Pkt 47 192 0.244792 1
Pkt 48 200 0.24 1
Node 67 63 21.4009
Pkt 90 375 0.24 1
Pkt 77 320 0.240625 1
Node 66 71 26.4008
Pkt 180 750 0.24 1
Pkt 180 750 0.24 1
Node 31 33 25.4951
Pkt 47 192 0.244792 1
Pkt 39 160 0.24375 1
Rate:483.49
==========
==========23
4 0 2 24000
Node 50 40 10
Pkt 39 160 0.24375 1
Pkt 48 200 0.24 1
Node 41 39 14.2127
Pkt 96 400 0.24 1
Pkt 90 375 0.24 1
Node 63 56 14.3178
Pkt 192 800 0.24 1
Pkt 180 750 0.24 1
Node 42 40 12.8062
Pkt 58 240 0.241667 1
Pkt 36 150 0.24 1
Rate:481.354
==========
==========24
4 0 2 24000
Node 27 27 32.5269
Pkt 24 100 0.24 1
Pkt 24 100 0.24 1
Node 26 34 28.8444
Pkt 72 300 0.24 1
Pkt 90 375 0.24 1
Node 37 57 14.7648
Pkt 192 800 0.24 1
Pkt 192 800 0.24 1
Node 46 60 10.7703
Pkt 30 125 0.24 1
Pkt 48 200 0.24 1
Rate:480
==========
==========25
4 0 2 24000
Node 68 69 26.1725
Pkt 60 250 0.24 1
Pkt 58 240 0.241667 1
Node 26 47 24.1868
Pkt 90 375 0.24 1
Pkt 72 300 0.24 1
Node 25 42 26.2488
Pkt 192 800 0.24 1
Pkt 192 800 0.24 1
Node 69 41 21.0238
Pkt 48 200 0.24 1
Pkt 36 150 0.24 1
Rate:480.417
==========
==========26
4 0 2 24000
Node 67 71 27.0185
Pkt 36 150 0.24 1
Pkt 60 250 0.24 1
Node 54 64 14.5602
Pkt 77 320 0.240625 1
Pkt 116 480 0.241667 1
Node 57 30 21.1896
Pkt 180 750 0.24 1
Pkt 192 800 0.24 1
Node 50 29 21
Pkt 30 125 0.24 1
Pkt 30 125 0.24 1
Rate:480.573
==========
==========27
4 0 2 24000
Node 65 38 19.2094
Pkt 47 192 0.244792 1
Pkt 39 160 0.24375 1
Node 49 25 25.02
Pkt 77 320 0.240625 1
Pkt 77 320 0.240625 1
Node 61 55 12.083
Pkt 180 750 0.24 1
Pkt 192 800 0.24 1
Node 42 29 22.4722
Pkt 36 150 0.24 1
Pkt 30 125 0.24 1
Rate:482.448
==========
==========28
4 0 2 24000
Node 44 57 9.21954
Pkt 30 125 0.24 1
Pkt 48 200 0.24 1
Node 53 25 25.1794
Pkt 77 320 0.240625 1
Pkt 116 480 0.241667 1
Node 32 28 28.4253
Pkt 180 750 0.24 1
Pkt 192 800 0.24 1
Node 25 28 33.3017
Pkt 24 100 0.24 1
Pkt 60 250 0.24 1
Rate:480.573
==========
==========29
4 0 2 24000
Node 59 39 14.2127
Pkt 39 160 0.24375 1
Pkt 60 250 0.24 1
Node 46 63 13.6015
Pkt 90 375 0.24 1
Pkt 72 300 0.24 1
Node 44 57 9.21954
Pkt 180 750 0.24 1
Pkt 192 800 0.24 1
Node 52 70 20.0998
Pkt 48 200 0.24 1
Pkt 47 192 0.244792 1
Rate:482.135
==========
==========30
4 0 2 24000
Node 70 36 24.4131
Pkt 39 160 0.24375 1
Pkt 39 160 0.24375 1
Node 48 51 2.23607
Pkt 72 300 0.24 1
Pkt 72 300 0.24 1
Node 40 42 12.8062
Pkt 192 800 0.24 1
Pkt 180 750 0.24 1
Node 69 30 27.5862
Pkt 48 200 0.24 1
Pkt 39 160 0.24375 1
Rate:482.813
==========
==========31
4 0 2 24000
Node 39 27 25.4951
Pkt 48 200 0.24 1
Pkt 29 120 0.241667 1
Node 70 48 20.0998
Pkt 96 400 0.24 1
Pkt 96 400 0.24 1
Node 74 26 33.9411
Pkt 192 800 0.24 1
Pkt 180 750 0.24 1
Node 74 40 26
Pkt 29 120 0.241667 1
Pkt 30 125 0.24 1
Rate:480.833
==========
==========32
4 0 2 24000
Node 56 34 17.088
Pkt 58 240 0.241667 1
Pkt 24 100 0.24 1
Node 33 28 27.8029
Pkt 116 480 0.241667 1
Pkt 77 320 0.240625 1
Node 66 51 16.0312
Pkt 180 750 0.24 1
Pkt 180 750 0.24 1
Node 57 31 20.2485
Pkt 58 240 0.241667 1
Pkt 58 240 0.241667 1
Rate:481.823
==========
==========33
4 0 2 24000
Node 56 29 21.8403
Pkt 47 192 0.244792 1
Pkt 47 192 0.244792 1
Node 74 50 24
Pkt 116 480 0.241667 1
Pkt 116 480 0.241667 1
Node 73 52 23.0868
Pkt 192 800 0.24 1
Pkt 180 750 0.24 1
Node 59 30 21.9317
Pkt 47 192 0.244792 1
Pkt 39 160 0.24375 1
Rate:485.365
==========
==========34
4 0 2 24000
Node 43 49 7.07107
Pkt 48 200 0.24 1
Pkt 24 100 0.24 1
Node 33 62 20.8087
Pkt 96 400 0.24 1
Pkt 72 300 0.24 1
Node 57 32 19.3132
Pkt 192 800 0.24 1
Pkt 192 800 0.24 1
Node 67 69 25.4951
Pkt 47 192 0.244792 1
Pkt 36 150 0.24 1
Rate:481.198
==========
==========35
4 0 2 24000
Node 51 51 1.41421
Pkt 39 160 0.24375 1
Pkt 60 250 0.24 1
Node 49 64 14.0357
Pkt 96 400 0.24 1
Pkt 90 375 0.24 1
Node 38 61 16.2788
Pkt 192 800 0.24 1
Pkt 192 800 0.24 1
Node 49 36 14.0357
Pkt 58 240 0.241667 1
Pkt 60 250 0.24 1
Rate:481.354
==========
==========36
4 0 2 24000
Node 65 61 18.6011
Pkt 39 160 0.24375 1
Pkt 60 250 0.24 1
Node 73 31 29.8329
Pkt 72 300 0.24 1
Pkt 77 320 0.240625 1
Node 41 41 12.7279
Pkt 180 750 0.24 1
Pkt 180 750 0.24 1
Node 67 41 19.2354
Pkt 29 120 0.241667 1
Pkt 60 250 0.24 1
Rate:481.51
==========
==========37
4 0 2 24000
Node 54 67 17.4642
Pkt 24 100 0.24 1
Pkt 30 125 0.24 1
Node 36 35 20.5183
Pkt 96 400 0.24 1
Pkt 96 400 0.24 1
Node 59 35 17.4929
Pkt 192 800 0.24 1
Pkt 180 750 0.24 1
Node 65 57 16.5529
Pkt 29 120 0.241667 1
Pkt 48 200 0.24 1
Rate:480.417
==========
==========38
4 0 2 24000
Node 33 54 17.4642
Pkt 30 125 0.24 1
Pkt 36 150 0.24 1
Node 52 52 2.82843
Pkt 96 400 0.24 1
Pkt 77 320 0.240625 1
Node 65 69 24.2074
Pkt 192 800 0.24 1
Pkt 192 800 0.24 1
Node 54 29 21.3776
Pkt 60 250 0.24 1
Pkt 36 150 0.24 1
Rate:480.156
==========
==========39
4 0 2 24000
Node 72 45 22.561
Pkt 36 150 0.24 1
Pkt 60 250 0.24 1
Node 33 67 24.0416
Pkt 90 375 0.24 1
Pkt 77 320 0.240625 1
Node 25 50 25
Pkt 180 750 0.24 1
Pkt 180 750 0.24 1
Node 33 53 17.2627
Pkt 39 160 0.24375 1
Pkt 48 200 0.24 1
Rate:481.094
==========
==========40
4 0 2 24000
Node 65 40 18.0278
Pkt 39 160 0.24375 1
Pkt 48 200 0.24 1
Node 33 61 20.2485
Pkt 116 480 0.241667 1
Pkt 96 400 0.24 1
Node 41 47 9.48683
Pkt 180 750 0.24 1
Pkt 180 750 0.24 1
Node 48 67 17.1172
Pkt 30 125 0.24 1
Pkt 48 200 0.24 1
Rate:481.354
==========
==========41
4 0 2 24000
Node 69 44 19.9249
Pkt 60 250 0.24 1
Pkt 30 125 0.24 1
Node 25 39 27.313
Pkt 116 480 0.241667 1
Pkt 77 320 0.240625 1
Node 42 55 9.43398
Pkt 192 800 0.24 1
Pkt 192 800 0.24 1
Node 26 27 33.2415
Pkt 29 120 0.241667 1
Pkt 48 200 0.24 1
Rate:480.99
==========
==========42
4 0 2 24000
Node 69 33 25.4951
Pkt 30 125 0.24 1
Pkt 30 125 0.24 1
Node 67 47 17.2627
Pkt 90 375 0.24 1
Pkt 116 480 0.241667 1
Node 72 52 22.0907
Pkt 192 800 0.24 1
Pkt 180 750 0.24 1
Node 40 73 25.0799
Pkt 39 160 0.24375 1
Pkt 30 125 0.24 1
Rate:481.354
==========
==========43
4 0 2 24000
Node 59 39 14.2127
Pkt 24 100 0.24 1
Pkt 36 150 0.24 1
Node 32 55 18.6815
Pkt 77 320 0.240625 1
Pkt 90 375 0.24 1
Node 49 56 6.08276
Pkt 180 750 0.24 1
Pkt 192 800 0.24 1
Node 33 39 20.2485
Pkt 60 250 0.24 1
Pkt 60 250 0.24 1
Rate:480.156
==========
==========44
4 0 2 24000
Node 58 71 22.4722
Pkt 47 192 0.244792 1
Pkt 29 120 0.241667 1
Node 38 51 12.0416
Pkt 116 480 0.241667 1
Pkt 116 480 0.241667 1
Node 29 33 27.0185
Pkt 180 750 0.24 1
Pkt 180 750 0.24 1
Node 26 47 24.1868
Pkt 60 250 0.24 1
Pkt 29 120 0.241667 1
Rate:482.865
==========
==========45
4 0 2 24000
Node 58 58 11.3137
Pkt 47 192 0.244792 1
Pkt 36 150 0.24 1
Node 36 37 19.105
Pkt 116 480 0.241667 1
Pkt 90 375 0.24 1
Node 27 63 26.4197
Pkt 192 800 0.24 1
Pkt 180 750 0.24 1
Node 38 50 12
Pkt 60 250 0.24 1
Pkt 58 240 0.241667 1
Rate:482.031
==========
==========46
4 0 2 24000
Node 50 69 19
Pkt 58 240 0.241667 1
Pkt 24 100 0.24 1
Node 56 25 25.7099
Pkt 77 320 0.240625 1
Pkt 96 400 0.24 1
Node 39 40 14.8661
Pkt 192 800 0.24 1
Pkt 180 750 0.24 1
Node 56 30 20.8806
Pkt 36 150 0.24 1
Pkt 39 160 0.24375 1
Rate:481.51
==========
==========47
4 0 2 24000
Node 38 65 19.2094
Pkt 58 240 0.241667 1
Pkt 48 200 0.24 1
Node 42 57 10.6301
Pkt 96 400 0.24 1
Pkt 116 480 0.241667 1
Node 63 72 25.5539
Pkt 180 750 0.24 1
Pkt 192 800 0.24 1
Node 60 59 13.4536
Pkt 47 192 0.244792 1
Pkt 24 100 0.24 1
Rate:482.031
==========
==========48
4 0 2 24000
Node 73 70 30.4795
Pkt 30 125 0.24 1
Pkt 58 240 0.241667 1
Node 44 31 19.9249
Pkt 72 300 0.24 1
Pkt 72 300 0.24 1
Node 68 72 28.4253
Pkt 180 750 0.24 1
Pkt 192 800 0.24 1
Node 32 43 19.3132
Pkt 30 125 0.24 1
Pkt 47 192 0.244792 1
Rate:481.615
==========
==========49
4 0 2 24000
Node 49 62 12.0416
Pkt 47 192 0.244792 1
Pkt 60 250 0.24 1
Node 47 43 7.61577
Pkt 77 320 0.240625 1
Pkt 90 375 0.24 1
Node 64 48 14.1421
Pkt 180 750 0.24 1
Pkt 192 800 0.24 1
Node 70 46 20.3961
Pkt 47 192 0.244792 1
Pkt 29 120 0.241667 1
Rate:482.969
==========
==========50
4 0 2 24000
Node 64 55 14.8661
Pkt 58 240 0.241667 1
Pkt 48 200 0.24 1
Node 33 30 26.2488
Pkt 90 375 0.24 1
Pkt 90 375 0.24 1
Node 32 46 18.4391
Pkt 192 800 0.24 1
Pkt 180 750 0.24 1
Node 45 49 5.09902
Pkt 58 240 0.241667 1
Pkt 24 100 0.24 1
Rate:480.833
==========
==========51
4 0 2 24000
Node 28 45 22.561
Pkt 30 125 0.24 1
Pkt 29 120 0.241667 1
Node 53 35 15.2971
Pkt 96 400 0.24 1
Pkt 96 400 0.24 1
Node 74 59 25.632
Pkt 180 750 0.24 1
Pkt 192 800 0.24 1
Node 43 44 9.21954
Pkt 58 240 0.241667 1
Pkt 29 120 0.241667 1
Rate:481.25
==========
==========52
4 0 2 24000
Node 27 56 23.7697
Pkt 29 120 0.241667 1
Pkt 29 120 0.241667 1
Node 35 27 27.4591
Pkt 116 480 0.241667 1
Pkt 77 320 0.240625 1
Node 67 38 20.8087
Pkt 192 800 0.24 1
Pkt 192 800 0.24 1
Node 25 41 26.5707
Pkt 39 160 0.24375 1
Pkt 29 120 0.241667 1
Rate:482.76
==========
==========53
4 0 2 24000
Node 43 49 7.07107
Pkt 29 120 0.241667 1
Pkt 29 120 0.241667 1
Node 30 67 26.2488
Pkt 90 375 0.24 1
Pkt 77 320 0.240625 1
Node 53 53 4.24264
Pkt 192 800 0.24 1
Pkt 180 750 0.24 1
Node 54 59 9.84886
Pkt 24 100 0.24 1
Pkt 29 120 0.241667 1
Rate:481.406
==========
==========54
4 0 2 24000
Node 57 64 15.6525
Pkt 30 125 0.24 1
Pkt 24 100 0.24 1
Node 31 49 19.0263
Pkt 72 300 0.24 1
Pkt 96 400 0.24 1
Node 48 29 21.095
Pkt 192 800 0.24 1
Pkt 192 800 0.24 1
Node 59 54 9.84886
Pkt 58 240 0.241667 1
Pkt 24 100 0.24 1
Rate:480.417
==========
==========55
4 0 2 24000
Node 48 46 4.47214
Pkt 60 250 0.24 1
Pkt 36 150 0.24 1
Node 31 67 25.4951
Pkt 90 375 0.24 1
Pkt 116 480 0.241667 1
Node 50 26 24
Pkt 192 800 0.24 1
Pkt 192 800 0.24 1
Node 27 59 24.6982
Pkt 39 160 0.24375 1
Pkt 29 120 0.241667 1
Rate:481.771
==========
==========56
4 0 2 24000
Node 45 63 13.9284
Pkt 30 125 0.24 1
Pkt 29 120 0.241667 1
Node 69 64 23.6008
Pkt 116 480 0.241667 1
Pkt 116 480 0.241667 1
Node 52 72 22.0907
Pkt 192 800 0.24 1
Pkt 180 750 0.24 1
Node 65 35 21.2132
Pkt 29 120 0.241667 1
Pkt 36 150 0.24 1
Rate:481.667
==========
==========57
4 0 2 24000
Node 29 70 29
Pkt 47 192 0.244792 1
Pkt 58 240 0.241667 1
Node 39 27 25.4951
Pkt 96 400 0.24 1
Pkt 116 480 0.241667 1
Node 60 29 23.2594
Pkt 180 750 0.24 1
Pkt 192 800 0.24 1
Node 41 32 20.1246
Pkt 29 120 0.241667 1
Pkt 47 192 0.244792 1
Rate:483.646
==========
==========58
4 0 2 24000
Node 69 72 29.0689
Pkt 29 120 0.241667 1
Pkt 30 125 0.24 1
Node 50 27 23
Pkt 72 300 0.24 1
Pkt 90 375 0.24 1
Node 66 65 21.9317
Pkt 180 750 0.24 1
Pkt 192 800 0.24 1
Node 40 49 10.0499
Pkt 58 240 0.241667 1
Pkt 39 160 0.24375 1
Rate:481.771
==========
==========59
4 0 2 24000
Node 54 74 24.3311
Pkt 58 240 0.241667 1
Pkt 24 100 0.24 1
Node 53 42 8.544
Pkt 90 375 0.24 1
Pkt 90 375 0.24 1
Node 49 40 10.0499
Pkt 192 800 0.24 1
Pkt 192 800 0.24 1
Node 55 45 7.07107
Pkt 58 240 0.241667 1
Pkt 29 120 0.241667 1
Rate:481.25
==========
==========60
4 0 2 24000
Node 25 42 26.2488
Pkt 36 150 0.24 1
Pkt 47 192 0.244792 1
Node 30 31 27.5862
Pkt 116 480 0.241667 1
Pkt 77 320 0.240625 1
Node 38 28 25.0599
Pkt 192 800 0.24 1
Pkt 192 800 0.24 1
Node 46 71 21.3776
Pkt 48 200 0.24 1
Pkt 24 100 0.24 1
Rate:481.771
==========
==========61
4 0 2 24000
Node 58 52 8.24621
Pkt 58 240 0.241667 1
Pkt 48 200 0.24 1
Node 72 30 29.7321
Pkt 96 400 0.24 1
Pkt 96 400 0.24 1
Node 52 48 2.82843
Pkt 180 750 0.24 1
Pkt 192 800 0.24 1
Node 73 39 25.4951
Pkt 39 160 0.24375 1
Pkt 47 192 0.244792 1
Rate:482.552
==========
==========62
4 0 2 24000
Node 60 62 15.6205
Pkt 58 240 0.241667 1
Pkt 24 100 0.24 1
Node 67 69 25.4951
Pkt 90 375 0.24 1
Pkt 77 320 0.240625 1
Node 28 60 24.1661
Pkt 180 750 0.24 1
Pkt 192 800 0.24 1
Node 67 71 27.0185
Pkt 36 150 0.24 1
Pkt 29 120 0.241667 1
Rate:480.99
==========
==========63
4 0 2 24000
Node 65 59 17.4929
Pkt 29 120 0.241667 1
Pkt 24 100 0.24 1
Node 43 63 14.7648
Pkt 116 480 0.241667 1
Pkt 116 480 0.241667 1
Node 59 45 10.2956
Pkt 192 800 0.24 1
Pkt 192 800 0.24 1
Node 48 69 19.105
Pkt 36 150 0.24 1
Pkt 29 120 0.241667 1
Rate:481.667
==========
==========64
4 0 2 24000
Node 27 30 30.4795
Pkt 48 200 0.24 1
Pkt 30 125 0.24 1
Node 25 48 25.0799
Pkt 116 480 0.241667 1
Pkt 72 300 0.24 1
Node 33 26 29.4109
Pkt 180 750 0.24 1
Pkt 192 800 0.24 1
Node 25 67 30.2324
Pkt 29 120 0.241667 1
Pkt 30 125 0.24 1
Rate:480.833
==========
==========65
4 0 2 24000
Node 71 51 21.0238
Pkt 48 200 0.24 1
Pkt 39 160 0.24375 1
Node 60 46 10.7703
Pkt 96 400 0.24 1
Pkt 96 400 0.24 1
Node 45 43 8.60233
Pkt 192 800 0.24 1
Pkt 192 800 0.24 1
Node 33 66 23.3452
Pkt 30 125 0.24 1
Pkt 48 200 0.24 1
Rate:480.937
==========
==========66
4 0 2 24000
Node 33 29 27.0185
Pkt 48 200 0.24 1
Pkt 47 192 0.244792 1
Node 41 39 14.2127
Pkt 77 320 0.240625 1
Pkt 72 300 0.24 1
Node 63 45 13.9284
Pkt 192 800 0.24 1
Pkt 192 800 0.24 1
Node 64 49 14.0357
Pkt 29 120 0.241667 1
Pkt 24 100 0.24 1
Rate:481.771
==========
==========67
4 0 2 24000
Node 58 40 12.8062
Pkt 47 192 0.244792 1
Pkt 29 120 0.241667 1
Node 41 54 9.84886
Pkt 96 400 0.24 1
Pkt 116 480 0.241667 1
Node 70 40 22.3607
Pkt 192 800 0.24 1
Pkt 180 750 0.24 1
Node 54 34 16.4924
Pkt 24 100 0.24 1
Pkt 29 120 0.241667 1
Rate:482.448
==========
==========68
4 0 2 24000
Node 51 56 6.08276
Pkt 36 150 0.24 1
Pkt 48 200 0.24 1
Node 38 63 17.6918
Pkt 96 400 0.24 1
Pkt 90 375 0.24 1
Node 74 50 24
Pkt 192 800 0.24 1
Pkt 180 750 0.24 1
Node 62 59 15
Pkt 48 200 0.24 1
Pkt 24 100 0.24 1
Rate:480
==========
==========69
4 0 2 24000
Node 67 56 18.0278
Pkt 60 250 0.24 1
Pkt 58 240 0.241667 1
Node 26 67 29.4109
Pkt 96 400 0.24 1
Pkt 116 480 0.241667 1
Node 40 53 10.4403
Pkt 192 800 0.24 1
Pkt 192 800 0.24 1
Node 44 74 24.7386
Pkt 60 250 0.24 1
Pkt 58 240 0.241667 1
Rate:481.25
==========
==========70
4 0 2 24000
Node 69 42 20.6155
Pkt 39 160 0.24375 1
Pkt 48 200 0.24 1
Node 54 44 7.2111
Pkt 116 480 0.241667 1
Pkt 72 300 0.24 1
Node 32 31 26.1725
Pkt 180 750 0.24 1
Pkt 180 750 0.24 1
Node 56 56 8.48528
Pkt 30 125 0.24 1
Pkt 30 125 0.24 1
Rate:481.354
==========
==========71
4 0 2 24000
Node 74 65 28.3019
Pkt 48 200 0.24 1
Pkt 39 160 0.24375 1
Node 56 68 18.9737
Pkt 90 375 0.24 1
Pkt 77 320 0.240625 1
Node 33 60 19.7231
Pkt 180 750 0.24 1
Pkt 192 800 0.24 1
Node 73 70 30.4795
Pkt 29 120 0.241667 1
Pkt 29 120 0.241667 1
Rate:481.927
==========
==========72
4 0 2 24000
Node 35 25 29.1548
Pkt 39 160 0.24375 1
Pkt 29 120 0.241667 1
Node 25 46 25.318
Pkt 116 480 0.241667 1
Pkt 96 400 0.24 1
Node 52 33 17.1172
Pkt 192 800 0.24 1
Pkt 180 750 0.24 1
Node 27 34 28.0179
Pkt 29 120 0.241667 1
Pkt 47 192 0.244792 1
Rate:483.385
==========
==========73
4 0 2 24000
Node 54 65 15.5242
Pkt 39 160 0.24375 1
Pkt 48 200 0.24 1
Node 25 67 30.2324
Pkt 90 375 0.24 1
Pkt 96 400 0.24 1
Node 66 72 27.2029
Pkt 192 800 0.24 1
Pkt 192 800 0.24 1
Node 34 61 19.4165
Pkt 36 150 0.24 1
Pkt 47 192 0.244792 1
Rate:482.135
==========
==========74
4 0 2 24000
Node 45 43 8.60233
Pkt 30 125 0.24 1
Pkt 24 100 0.24 1
Node 40 39 14.8661
Pkt 72 300 0.24 1
Pkt 96 400 0.24 1
Node 58 28 23.4094
Pkt 192 800 0.24 1
Pkt 192 800 0.24 1
Node 59 27 24.6982
Pkt 36 150 0.24 1
Pkt 30 125 0.24 1
Rate:480
==========
==========75
4 0 2 24000
Node 52 68 18.1108
Pkt 48 200 0.24 1
Pkt 24 100 0.24 1
Node 41 58 12.0416
Pkt 96 400 0.24 1
Pkt 72 300 0.24 1
Node 58 32 19.6977
Pkt 180 750 0.24 1
Pkt 192 800 0.24 1
Node 33 32 24.7588
Pkt 48 200 0.24 1
Pkt 24 100 0.24 1
Rate:480
==========
==========76
4 0 2 24000
Node 33 39 20.2485
Pkt 24 100 0.24 1
Pkt 36 150 0.24 1
Node 73 47 23.1948
Pkt 96 400 0.24 1
Pkt 96 400 0.24 1
Node 49 37 13.0384
Pkt 192 800 0.24 1
Pkt 192 800 0.24 1
Node 57 61 13.0384
Pkt 58 240 0.241667 1
Pkt 48 200 0.24 1
Rate:480.417
==========
==========77
4 0 2 24000
Node 39 48 11.1803
Pkt 60 250 0.24 1
Pkt 58 240 0.241667 1
Node 29 62 24.1868
Pkt 77 320 0.240625 1
Pkt 77 320 0.240625 1
Node 50 60 10
Pkt 180 750 0.24 1
Pkt 192 800 0.24 1
Node 55 65 15.8114
Pkt 60 250 0.24 1
Pkt 30 125 0.24 1
Rate:480.729
==========
==========78
4 0 2 24000
Node 39 32 21.095
Pkt 60 250 0.24 1
Pkt 29 120 0.241667 1
Node 40 26 26
Pkt 96 400 0.24 1
Pkt 72 300 0.24 1
Node 44 28 22.8035
Pkt 180 750 0.24 1
Pkt 180 750 0.24 1
Node 30 42 21.5407
Pkt 29 120 0.241667 1
Pkt 58 240 0.241667 1
Rate:481.25
==========
==========79
4 0 2 24000
Node 56 28 22.8035
Pkt 48 200 0.24 1
Pkt 47 192 0.244792 1
Node 55 25 25.4951
Pkt 116 480 0.241667 1
Pkt 77 320 0.240625 1
Node 34 35 21.9317
Pkt 192 800 0.24 1
Pkt 192 800 0.24 1
Node 33 45 17.72
Pkt 48 200 0.24 1
Pkt 30 125 0.24 1
Rate:481.771
==========
==========80
4 0 2 24000
Node 62 74 26.8328
Pkt 36 150 0.24 1
Pkt 36 150 0.24 1
Node 49 39 11.0454
Pkt 116 480 0.241667 1
Pkt 77 320 0.240625 1
Node 52 56 6.32456
Pkt 192 800 0.24 1
Pkt 180 750 0.24 1
Node 49 41 9.05539
Pkt 30 125 0.24 1
Pkt 58 240 0.241667 1
Rate:480.99
==========
==========81
4 0 2 24000
Node 53 40 10.4403
Pkt 24 100 0.24 1
Pkt 39 160 0.24375 1
Node 37 70 23.8537
Pkt 77 320 0.240625 1
Pkt 77 320 0.240625 1
Node 28 52 22.0907
Pkt 192 800 0.24 1
Pkt 180 750 0.24 1
Node 42 29 22.4722
Pkt 29 120 0.241667 1
Pkt 60 250 0.24 1
Rate:481.667
==========
==========82
4 0 2 24000
Node 58 52 8.24621
Pkt 60 250 0.24 1
Pkt 47 192 0.244792 1
Node 50 59 9
Pkt 72 300 0.24 1
Pkt 96 400 0.24 1
Node 27 32 29.2062
Pkt 180 750 0.24 1
Pkt 180 750 0.24 1
Node 44 38 13.4164
Pkt 30 125 0.24 1
Pkt 48 200 0.24 1
Rate:481.198
==========
==========83
4 0 2 24000
Node 42 34 17.8885
Pkt 24 100 0.24 1
Pkt 36 150 0.24 1
Node 68 62 21.6333
Pkt 72 300 0.24 1
Pkt 96 400 0.24 1
Node 73 46 23.3452
Pkt 192 800 0.24 1
Pkt 192 800 0.24 1
Node 54 73 23.3452
Pkt 24 100 0.24 1
Pkt 48 200 0.24 1
Rate:480
==========
==========84
4 0 2 24000
Node 57 50 7
Pkt 48 200 0.24 1
Pkt 60 250 0.24 1
Node 70 73 30.4795
Pkt 72 300 0.24 1
Pkt 72 300 0.24 1
Node 70 57 21.1896
Pkt 192 800 0.24 1
Pkt 180 750 0.24 1
Node 71 39 23.7065
Pkt 36 150 0.24 1
Pkt 58 240 0.241667 1
Rate:480.417
==========
==========85
4 0 2 24000
Node 41 71 22.8473
Pkt 48 200 0.24 1
Pkt 48 200 0.24 1
Node 72 59 23.7697
Pkt 96 400 0.24 1
Pkt 96 400 0.24 1
Node 51 56 6.08276
Pkt 180 750 0.24 1
Pkt 180 750 0.24 1
Node 45 43 8.60233
Pkt 36 150 0.24 1
Pkt 24 100 0.24 1
Rate:480
==========
==========86
4 0 2 24000
Node 72 68 28.4253
Pkt 48 200 0.24 1
Pkt 29 120 0.241667 1
Node 72 31 29.0689
Pkt 90 375 0.24 1
Pkt 77 320 0.240625 1
Node 47 71 21.2132
Pkt 180 750 0.24 1
Pkt 192 800 0.24 1
Node 72 62 25.0599
Pkt 39 160 0.24375 1
Pkt 58 240 0.241667 1
Rate:481.927
==========
==========87
4 0 2 24000
Node 27 60 25.0799
Pkt 48 200 0.24 1
Pkt 48 200 0.24 1
Node 70 43 21.1896
Pkt 96 400 0.24 1
Pkt 116 480 0.241667 1
Node 51 39 11.0454
Pkt 180 750 0.24 1
Pkt 180 750 0.24 1
Node 41 49 9.05539
Pkt 39 160 0.24375 1
Pkt 48 200 0.24 1
Rate:481.354
==========
==========88
4 0 2 24000
Node 50 61 11
Pkt 30 125 0.24 1
Pkt 60 250 0.24 1
Node 27 56 23.7697
Pkt 90 375 0.24 1
Pkt 77 320 0.240625 1
Node 38 49 12.0416
Pkt 192 800 0.24 1
Pkt 180 750 0.24 1
Node 33 47 17.2627
Pkt 47 192 0.244792 1
Pkt 36 150 0.24 1
Rate:481.354
==========
==========89
4 0 2 24000
Node 32 62 21.6333
Pkt 29 120 0.241667 1
Pkt 29 120 0.241667 1
Node 29 38 24.1868
Pkt 72 300 0.24 1
Pkt 72 300 0.24 1
Node 41 69 21.0238
Pkt 192 800 0.24 1
Pkt 180 750 0.24 1
Node 31 40 21.4709
Pkt 24 100 0.24 1
Pkt 48 200 0.24 1
Rate:480.833
==========
==========90
4 0 2 24000
Node 63 56 14.3178
Pkt 58 240 0.241667 1
Pkt 58 240 0.241667 1
Node 53 71 21.2132
Pkt 90 375 0.24 1
Pkt 72 300 0.24 1
Node 65 50 15
Pkt 180 750 0.24 1
Pkt 192 800 0.24 1
Node 51 64 14.0357
Pkt 39 160 0.24375 1
Pkt 39 160 0.24375 1
Rate:482.708
==========
==========91
4 0 2 24000
Node 36 56 15.2315
Pkt 30 125 0.24 1
Pkt 29 120 0.241667 1
Node 70 46 20.3961
Pkt 96 400 0.24 1
Pkt 96 400 0.24 1
Node 64 58 16.1245
Pkt 192 800 0.24 1
Pkt 192 800 0.24 1
Node 28 35 26.6271
Pkt 29 120 0.241667 1
Pkt 24 100 0.24 1
Rate:480.833
==========
==========92
4 0 2 24000
Node 65 56 16.1555
Pkt 60 250 0.24 1
Pkt 47 192 0.244792 1
Node 58 40 12.8062
Pkt 72 300 0.24 1
Pkt 116 480 0.241667 1
Node 68 53 18.2483
Pkt 192 800 0.24 1
Pkt 180 750 0.24 1
Node 56 41 10.8167
Pkt 39 160 0.24375 1
Pkt 30 125 0.24 1
Rate:482.552
==========
==========93
4 0 2 24000
Node 51 68 18.0278
Pkt 58 240 0.241667 1
Pkt 29 120 0.241667 1
Node 56 27 23.7697
Pkt 77 320 0.240625 1
Pkt 96 400 0.24 1
Node 49 71 21.0238
Pkt 180 750 0.24 1
Pkt 180 750 0.24 1
Node 74 59 25.632
Pkt 48 200 0.24 1
Pkt 39 160 0.24375 1
Rate:481.927
==========
==========94
4 0 2 24000
Node 42 37 15.2643
Pkt 47 192 0.244792 1
Pkt 36 150 0.24 1
Node 59 60 13.4536
Pkt 116 480 0.241667 1
Pkt 90 375 0.24 1
Node 62 26 26.8328
Pkt 192 800 0.24 1
Pkt 192 800 0.24 1
Node 57 51 7.07107
Pkt 39 160 0.24375 1
Pkt 47 192 0.244792 1
Rate:483.75
==========
==========95
4 0 2 24000
Node 67 40 19.7231
Pkt 58 240 0.241667 1
Pkt 48 200 0.24 1
Node 68 67 24.7588
Pkt 77 320 0.240625 1
Pkt 72 300 0.24 1
Node 30 43 21.1896
Pkt 180 750 0.24 1
Pkt 192 800 0.24 1
Node 34 42 17.8885
Pkt 36 150 0.24 1
Pkt 48 200 0.24 1
Rate:480.573
==========
==========96
4 0 2 24000
Node 34 32 24.0832
Pkt 48 200 0.24 1
Pkt 30 125 0.24 1
Node 69 37 23.0217
Pkt 90 375 0.24 1
Pkt 90 375 0.24 1
Node 39 52 11.1803
Pkt 180 750 0.24 1
Pkt 180 750 0.24 1
Node 29 66 26.4008
Pkt 30 125 0.24 1
Pkt 48 200 0.24 1
Rate:480
==========
==========97
4 0 2 24000
Node 43 39 13.0384
Pkt 48 200 0.24 1
Pkt 30 125 0.24 1
Node 38 43 13.8924
Pkt 96 400 0.24 1
Pkt 77 320 0.240625 1
Node 39 40 14.8661
Pkt 192 800 0.24 1
Pkt 180 750 0.24 1
Node 28 42 23.4094
Pkt 47 192 0.244792 1
Pkt 58 240 0.241667 1
Rate:481.771
==========
==========98
4 0 2 24000
Node 26 50 24
Pkt 39 160 0.24375 1
Pkt 48 200 0.24 1
Node 60 48 10.198
Pkt 77 320 0.240625 1
Pkt 116 480 0.241667 1
Node 46 71 21.3776
Pkt 180 750 0.24 1
Pkt 180 750 0.24 1
Node 70 30 28.2843
Pkt 24 100 0.24 1
Pkt 39 160 0.24375 1
Rate:482.448
==========
==========99
