4 0 2 24000
Node 54 28 22.3607
Pkt 36 200 0.18 1
Pkt 44 240 0.183333 1
Node 54 32 18.4391
Pkt 58 320 0.18125 1
Pkt 72 400 0.18 1
Node 33 52 17.1172
Pkt 144 800 0.18 1
Pkt 135 750 0.18 1
Node 42 37 15.2643
Pkt 22 120 0.183333 1
Pkt 44 240 0.183333 1
Rate:362.813
==========
==========0
4 0 2 24000
Node 52 46 4.47214
Pkt 22 120 0.183333 1
Pkt 45 250 0.18 1
Node 52 61 11.1803
Pkt 58 320 0.18125 1
Pkt 58 320 0.18125 1
Node 42 56 10
Pkt 144 800 0.18 1
Pkt 144 800 0.18 1
Node 29 68 27.6586
Pkt 35 192 0.182292 1
Pkt 36 200 0.18 1
Rate:362.031
==========
==========1
4 0 2 24000
Node 60 51 10.0499
Pkt 29 160 0.18125 1
Pkt 35 192 0.182292 1
Node 72 30 29.7321
Pkt 87 480 0.18125 1
Pkt 87 480 0.18125 1
Node 33 47 17.2627
Pkt 144 800 0.18 1
Pkt 144 800 0.18 1
Node 44 34 17.088
Pkt 35 192 0.182292 1
Pkt 36 200 0.18 1
Rate:362.083
==========
==========2
4 0 2 24000
Node 44 72 22.8035
Pkt 27 150 0.18 1
Pkt 27 150 0.18 1
Node 39 51 11.0454
Pkt 54 300 0.18 1
Pkt 87 480 0.18125 1
Node 58 39 13.6015
Pkt 135 750 0.18 1
Pkt 135 750 0.18 1
Node 61 65 18.6011
Pkt 23 125 0.184 1
Pkt 22 120 0.183333 1
Rate:362.146
==========
==========3
4 0 2 24000
Node 58 43 10.6301
Pkt 23 125 0.184 1
Pkt 27 150 0.18 1
Node 70 50 20
Pkt 72 400 0.18 1
Pkt 68 375 0.181333 1
Node 30 54 20.3961
Pkt 135 750 0.18 1
Pkt 135 750 0.18 1
Node 63 46 13.6015
Pkt 29 160 0.18125 1
Pkt 27 150 0.18 1
Rate:361.646
==========
==========4
4 0 2 24000
Node 29 39 23.7065
Pkt 45 250 0.18 1
Pkt 29 160 0.18125 1
Node 29 37 24.6982
Pkt 54 300 0.18 1
Pkt 72 400 0.18 1
Node 61 53 11.4018
Pkt 135 750 0.18 1
Pkt 135 750 0.18 1
Node 74 63 27.2947
Pkt 36 200 0.18 1
Pkt 35 192 0.182292 1
Rate:360.885
==========
==========5
4 0 2 24000
Node 60 57 12.2066
Pkt 45 250 0.18 1
Pkt 23 125 0.184 1
Node 43 57 9.89949
Pkt 68 375 0.181333 1
Pkt 54 300 0.18 1
Node 28 39 24.5967
Pkt 135 750 0.18 1
Pkt 144 800 0.18 1
Node 72 57 23.0868
Pkt 27 150 0.18 1
Pkt 35 192 0.182292 1
Rate:361.906
==========
==========6
4 0 2 24000
Node 62 29 24.1868
Pkt 23 125 0.184 1
Pkt 44 240 0.183333 1
Node 60 31 21.4709
Pkt 68 375 0.181333 1
Pkt 87 480 0.18125 1
Node 46 67 17.4642
Pkt 144 800 0.18 1
Pkt 135 750 0.18 1
Node 64 29 25.2389
Pkt 44 240 0.183333 1
Pkt 22 120 0.183333 1
Rate:364.146
==========
==========7
4 0 2 24000
Node 26 27 33.2415
Pkt 29 160 0.18125 1
Pkt 45 250 0.18 1
Node 51 63 13.0384
Pkt 54 300 0.18 1
Pkt 54 300 0.18 1
Node 58 59 12.0416
Pkt 135 750 0.18 1
Pkt 144 800 0.18 1
Node 73 26 33.2415
Pkt 22 120 0.183333 1
Pkt 23 125 0.184 1
Rate:362.146
==========
==========8
4 0 2 24000
Node 39 70 22.8254
Pkt 22 120 0.183333 1
Pkt 27 150 0.18 1
Node 26 51 24.0208
Pkt 72 400 0.18 1
Pkt 72 400 0.18 1
Node 41 48 9.21954
Pkt 135 750 0.18 1
Pkt 144 800 0.18 1
Node 47 45 5.83095
Pkt 45 250 0.18 1
Pkt 22 120 0.183333 1
Rate:361.667
==========
==========9
4 0 2 24000
Node 47 26 24.1868
Pkt 18 100 0.18 1
Pkt 44 240 0.183333 1
Node 68 55 18.6815
Pkt 87 480 0.18125 1
Pkt 54 300 0.18 1
Node 40 36 17.2047
Pkt 135 750 0.18 1
Pkt 135 750 0.18 1
Node 68 65 23.4307
Pkt 23 125 0.184 1
Pkt 23 125 0.184 1
Rate:363.146
==========
==========10
4 0 2 24000
Node 60 49 10.0499
Pkt 36 200 0.18 1
Pkt 35 192 0.182292 1
Node 57 30 21.1896
Pkt 58 320 0.18125 1
Pkt 87 480 0.18125 1
Node 35 62 19.2094
Pkt 135 750 0.18 1
Pkt 135 750 0.18 1
Node 60 37 16.4012
Pkt 45 250 0.18 1
Pkt 23 125 0.184 1
Rate:362.198
==========
==========11
4 0 2 24000
Node 42 31 20.6155
Pkt 44 240 0.183333 1
Pkt 18 100 0.18 1
Node 63 72 25.5539
Pkt 58 320 0.18125 1
Pkt 87 480 0.18125 1
Node 35 70 25
Pkt 144 800 0.18 1
Pkt 144 800 0.18 1
Node 36 27 26.9258
Pkt 35 192 0.182292 1
Pkt 44 240 0.183333 1
Rate:362.865
==========
==========12
4 0 2 24000
Node 31 49 19.0263
Pkt 22 120 0.183333 1
Pkt 35 192 0.182292 1
Node 51 71 21.0238
Pkt 87 480 0.18125 1
Pkt 58 320 0.18125 1
Node 69 69 26.8701
Pkt 135 750 0.18 1
Pkt 135 750 0.18 1
Node 40 53 10.4403
Pkt 18 100 0.18 1
Pkt 36 200 0.18 1
Rate:362.031
==========
==========13
4 0 2 24000
Node 47 27 23.1948
Pkt 36 200 0.18 1
Pkt 22 120 0.183333 1
Node 70 71 29
Pkt 58 320 0.18125 1
Pkt 68 375 0.181333 1
Node 55 41 10.2956
Pkt 135 750 0.18 1
Pkt 135 750 0.18 1
Node 29 56 21.8403
Pkt 29 160 0.18125 1
Pkt 36 200 0.18 1
Rate:361.792
==========
==========14
4 0 2 24000
Node 33 49 17.0294
Pkt 22 120 0.183333 1
Pkt 18 100 0.18 1
Node 67 37 21.4009
Pkt 54 300 0.18 1
Pkt 72 400 0.18 1
Node 36 70 24.4131
Pkt 135 750 0.18 1
Pkt 135 750 0.18 1
Node 25 62 27.7308
Pkt 29 160 0.18125 1
Pkt 44 240 0.183333 1
Rate:361.979
==========
==========15
4 0 2 24000
Node 66 25 29.6816
Pkt 29 160 0.18125 1
Pkt 23 125 0.184 1
Node 60 62 15.6205
Pkt 54 300 0.18 1
Pkt 58 320 0.18125 1
Node 44 66 17.088
Pkt 135 750 0.18 1
Pkt 135 750 0.18 1
Node 37 40 16.4012
Pkt 18 100 0.18 1
Pkt 29 160 0.18125 1
Rate:361.937
==========
==========16
4 0 2 24000
Node 64 71 25.2389
Pkt 23 125 0.184 1
Pkt 44 240 0.183333 1
Node 70 64 24.4131
Pkt 54 300 0.18 1
Pkt 54 300 0.18 1
Node 55 48 5.38516
Pkt 135 750 0.18 1
Pkt 135 750 0.18 1
Node 56 57 9.21954
Pkt 22 120 0.183333 1
Pkt 36 200 0.18 1
Rate:362.667
==========
==========17
4 0 2 24000
Node 68 72 28.4253
Pkt 29 160 0.18125 1
Pkt 23 125 0.184 1
Node 59 46 9.84886
Pkt 58 320 0.18125 1
Pkt 87 480 0.18125 1
Node 71 51 21.0238
Pkt 144 800 0.18 1
Pkt 135 750 0.18 1
Node 60 38 15.6205
Pkt 35 192 0.182292 1
Pkt 36 200 0.18 1
Rate:362.51
==========
==========18
4 0 2 24000
Node 39 35 18.6011
Pkt 44 240 0.183333 1
Pkt 23 125 0.184 1
Node 27 35 27.4591
Pkt 72 400 0.18 1
Pkt 68 375 0.181333 1
Node 39 60 14.8661
Pkt 144 800 0.18 1
Pkt 135 750 0.18 1
Node 43 51 7.07107
Pkt 29 160 0.18125 1
Pkt 18 100 0.18 1
Rate:362.479
==========
==========19
4 0 2 24000
Node 34 71 26.4008
Pkt 22 120 0.183333 1
Pkt 18 100 0.18 1
Node 34 52 16.1245
Pkt 87 480 0.18125 1
Pkt 68 375 0.181333 1
Node 65 28 26.6271
Pkt 144 800 0.18 1
Pkt 135 750 0.18 1
Node 39 26 26.4008
Pkt 22 120 0.183333 1
Pkt 45 250 0.18 1
Rate:362.313
==========
==========20
4 0 2 24000
Node 30 29 29
Pkt 27 150 0.18 1
Pkt 22 120 0.183333 1
Node 26 53 24.1868
Pkt 68 375 0.181333 1
Pkt 72 400 0.18 1
Node 36 25 28.6531
Pkt 135 750 0.18 1
Pkt 135 750 0.18 1
Node 27 46 23.3452
Pkt 29 160 0.18125 1
Pkt 44 240 0.183333 1
Rate:362.312
==========
==========21
4 0 2 24000
Node 25 68 30.8058
Pkt 35 192 0.182292 1
Pkt 36 200 0.18 1
Node 29 41 22.8473
Pkt 68 375 0.181333 1
Pkt 68 375 0.181333 1
Node 49 64 14.0357
Pkt 135 750 0.18 1
Pkt 135 750 0.18 1
Node 67 27 28.6007
Pkt 35 192 0.182292 1
Pkt 36 200 0.18 1
Rate:361.813
==========
==========22
4 0 2 24000
Node 53 34 16.2788
Pkt 22 120 0.183333 1
Pkt 18 100 0.18 1
Node 48 57 7.28011
Pkt 54 300 0.18 1
Pkt 54 300 0.18 1
Node 61 45 12.083
Pkt 135 750 0.18 1
Pkt 144 800 0.18 1
Node 42 35 17
Pkt 36 200 0.18 1
Pkt 44 240 0.183333 1
Rate:361.667
==========
==========23
4 0 2 24000
Node 46 69 19.4165
Pkt 22 120 0.183333 1
Pkt 36 200 0.18 1
Node 43 46 8.06226
Pkt 87 480 0.18125 1
Pkt 58 320 0.18125 1
Node 42 66 17.8885
Pkt 135 750 0.18 1
Pkt 135 750 0.18 1
Node 27 34 28.0179
Pkt 18 100 0.18 1
Pkt 44 240 0.183333 1
Rate:362.292
==========
==========24
4 0 2 24000
Node 69 37 23.0217
Pkt 36 200 0.18 1
Pkt 35 192 0.182292 1
Node 57 74 25
Pkt 58 320 0.18125 1
Pkt 54 300 0.18 1
Node 28 63 25.5539
Pkt 144 800 0.18 1
Pkt 144 800 0.18 1
Node 51 57 7.07107
Pkt 27 150 0.18 1
Pkt 23 125 0.184 1
Rate:361.885
==========
==========25
4 0 2 24000
Node 54 44 7.2111
Pkt 27 150 0.18 1
Pkt 18 100 0.18 1
Node 68 50 18
Pkt 68 375 0.181333 1
Pkt 58 320 0.18125 1
Node 37 58 15.2643
Pkt 144 800 0.18 1
Pkt 144 800 0.18 1
Node 54 45 6.40312
Pkt 45 250 0.18 1
Pkt 27 150 0.18 1
Rate:360.646
==========
==========26
4 0 2 24000
Node 61 55 12.083
Pkt 22 120 0.183333 1
Pkt 27 150 0.18 1
Node 32 68 25.4558
Pkt 72 400 0.18 1
Pkt 58 320 0.18125 1
Node 62 67 20.8087
Pkt 144 800 0.18 1
Pkt 135 750 0.18 1
Node 34 26 28.8444
Pkt 29 160 0.18125 1
Pkt 29 160 0.18125 1
Rate:361.771
==========
==========27
4 0 2 24000
Node 30 35 25
Pkt 45 250 0.18 1
Pkt 23 125 0.184 1
Node 65 71 25.807
Pkt 54 300 0.18 1
Pkt 87 480 0.18125 1
Node 50 62 12
Pkt 135 750 0.18 1
Pkt 144 800 0.18 1
Node 66 60 18.868
Pkt 23 125 0.184 1
Pkt 36 200 0.18 1
Rate:362.313
==========
==========28
4 0 2 24000
Node 27 37 26.4197
Pkt 22 120 0.183333 1
Pkt 27 150 0.18 1
Node 69 49 19.0263
Pkt 54 300 0.18 1
Pkt 72 400 0.18 1
Node 37 73 26.4197
Pkt 144 800 0.18 1
Pkt 144 800 0.18 1
Node 55 61 12.083
Pkt 45 250 0.18 1
Pkt 45 250 0.18 1
Rate:360.833
==========
==========29
4 0 2 24000
Node 70 45 20.6155
Pkt 29 160 0.18125 1
Pkt 35 192 0.182292 1
Node 67 31 25.4951
Pkt 54 300 0.18 1
Pkt 54 300 0.18 1
Node 46 47 5
Pkt 144 800 0.18 1
Pkt 135 750 0.18 1
Node 48 27 23.0868
Pkt 23 125 0.184 1
Pkt 29 160 0.18125 1
Rate:362.198
==========
==========30
4 0 2 24000
Node 49 35 15.0333
Pkt 44 240 0.183333 1
Pkt 27 150 0.18 1
Node 74 73 33.2415
Pkt 72 400 0.18 1
Pkt 68 375 0.181333 1
Node 69 49 19.0263
Pkt 144 800 0.18 1
Pkt 144 800 0.18 1
Node 65 57 16.5529
Pkt 35 192 0.182292 1
Pkt 35 192 0.182292 1
Rate:362.313
==========
==========31
4 0 2 24000
Node 65 36 20.5183
Pkt 23 125 0.184 1
Pkt 29 160 0.18125 1
Node 28 73 31.8277
Pkt 54 300 0.18 1
Pkt 68 375 0.181333 1
Node 55 31 19.6469
Pkt 144 800 0.18 1
Pkt 144 800 0.18 1
Node 25 43 25.9615
Pkt 44 240 0.183333 1
Pkt 36 200 0.18 1
Rate:362.479
==========
==========32
4 0 2 24000
Node 49 43 7.07107
Pkt 44 240 0.183333 1
Pkt 22 120 0.183333 1
Node 63 51 13.0384
Pkt 72 400 0.18 1
Pkt 72 400 0.18 1
Node 33 32 24.7588
Pkt 135 750 0.18 1
Pkt 135 750 0.18 1
Node 62 65 19.2094
Pkt 22 120 0.183333 1
Pkt 23 125 0.184 1
Rate:363.5
==========
==========33
4 0 2 24000
Node 54 50 4
Pkt 36 200 0.18 1
Pkt 22 120 0.183333 1
Node 53 50 3
Pkt 72 400 0.18 1
Pkt 68 375 0.181333 1
Node 29 69 28.3196
Pkt 135 750 0.18 1
Pkt 135 750 0.18 1
Node 67 43 18.3848
Pkt 35 192 0.182292 1
Pkt 45 250 0.18 1
Rate:361.74
==========
==========34
4 0 2 24000
Node 46 67 17.4642
Pkt 27 150 0.18 1
Pkt 22 120 0.183333 1
Node 36 38 18.4391
Pkt 58 320 0.18125 1
Pkt 54 300 0.18 1
Node 43 37 14.7648
Pkt 135 750 0.18 1
Pkt 144 800 0.18 1
Node 63 57 14.7648
Pkt 27 150 0.18 1
Pkt 29 160 0.18125 1
Rate:361.458
==========
==========35
4 0 2 24000
Node 48 34 16.1245
Pkt 45 250 0.18 1
Pkt 27 150 0.18 1
Node 35 39 18.6011
Pkt 54 300 0.18 1
Pkt 68 375 0.181333 1
Node 67 63 21.4009
Pkt 144 800 0.18 1
Pkt 135 750 0.18 1
Node 51 52 2.23607
Pkt 45 250 0.18 1
Pkt 27 150 0.18 1
Rate:360.333
==========
==========36
4 0 2 24000
Node 64 25 28.6531
Pkt 23 125 0.184 1
Pkt 45 250 0.18 1
Node 40 57 12.2066
Pkt 58 320 0.18125 1
Pkt 58 320 0.18125 1
Node 48 62 12.1655
Pkt 135 750 0.18 1
Pkt 135 750 0.18 1
Node 43 51 7.07107
Pkt 27 150 0.18 1
Pkt 23 125 0.184 1
Rate:362.625
==========
==========37
4 0 2 24000
Node 63 31 23.0217
Pkt 27 150 0.18 1
Pkt 36 200 0.18 1
Node 61 28 24.5967
Pkt 58 320 0.18125 1
Pkt 68 375 0.181333 1
Node 39 59 14.2127
Pkt 144 800 0.18 1
Pkt 135 750 0.18 1
Node 57 39 13.0384
Pkt 18 100 0.18 1
Pkt 22 120 0.183333 1
Rate:361.479
==========
==========38
4 0 2 24000
Node 66 68 24.0832
Pkt 29 160 0.18125 1
Pkt 22 120 0.183333 1
Node 44 54 7.2111
Pkt 72 400 0.18 1
Pkt 72 400 0.18 1
Node 66 48 16.1245
Pkt 144 800 0.18 1
Pkt 135 750 0.18 1
Node 31 45 19.6469
Pkt 22 120 0.183333 1
Pkt 23 125 0.184 1
Rate:362.979
==========
==========39
4 0 2 24000
Node 67 54 17.4642
Pkt 22 120 0.183333 1
Pkt 44 240 0.183333 1
Node 61 41 14.2127
Pkt 54 300 0.18 1
Pkt 54 300 0.18 1
Node 70 36 24.4131
Pkt 135 750 0.18 1
Pkt 144 800 0.18 1
Node 74 72 32.5576
Pkt 22 120 0.183333 1
Pkt 18 100 0.18 1
Rate:362.5
==========
==========40
4 0 2 24000
Node 32 30 26.9072
Pkt 45 250 0.18 1
Pkt 22 120 0.183333 1
Node 57 64 15.6525
Pkt 58 320 0.18125 1
Pkt 68 375 0.181333 1
Node 53 38 12.3693
Pkt 144 800 0.18 1
Pkt 144 800 0.18 1
Node 70 71 29
Pkt 22 120 0.183333 1
Pkt 44 240 0.183333 1
Rate:363.146
==========
==========41
4 0 2 24000
Node 33 33 24.0416
Pkt 23 125 0.184 1
Pkt 36 200 0.18 1
Node 58 47 8.544
Pkt 87 480 0.18125 1
Pkt 87 480 0.18125 1
Node 70 63 23.8537
Pkt 144 800 0.18 1
Pkt 135 750 0.18 1
Node 25 33 30.2324
Pkt 36 200 0.18 1
Pkt 27 150 0.18 1
Rate:361.625
==========
==========42
4 0 2 24000
Node 47 41 9.48683
Pkt 18 100 0.18 1
Pkt 36 200 0.18 1
Node 57 27 24.0416
Pkt 72 400 0.18 1
Pkt 72 400 0.18 1
Node 70 65 25
Pkt 135 750 0.18 1
Pkt 135 750 0.18 1
Node 61 37 17.0294
Pkt 23 125 0.184 1
Pkt 44 240 0.183333 1
Rate:361.833
==========
==========43
4 0 2 24000
Node 30 70 28.2843
Pkt 45 250 0.18 1
Pkt 45 250 0.18 1
Node 44 37 14.3178
Pkt 54 300 0.18 1
Pkt 68 375 0.181333 1
Node 35 56 16.1555
Pkt 144 800 0.18 1
Pkt 144 800 0.18 1
Node 32 61 21.095
Pkt 29 160 0.18125 1
Pkt 23 125 0.184 1
Rate:361.646
==========
==========44
4 0 2 24000
Node 68 72 28.4253
Pkt 36 200 0.18 1
Pkt 36 200 0.18 1
Node 39 34 19.4165
Pkt 58 320 0.18125 1
Pkt 58 320 0.18125 1
Node 62 53 12.3693
Pkt 135 750 0.18 1
Pkt 135 750 0.18 1
Node 35 33 22.6716
Pkt 29 160 0.18125 1
Pkt 44 240 0.183333 1
Rate:361.771
==========
==========45
4 0 2 24000
Node 71 26 31.8904
Pkt 44 240 0.183333 1
Pkt 35 192 0.182292 1
Node 74 49 24.0208
Pkt 87 480 0.18125 1
Pkt 54 300 0.18 1
Node 29 71 29.6985
Pkt 144 800 0.18 1
Pkt 135 750 0.18 1
Node 34 63 20.6155
Pkt 23 125 0.184 1
Pkt 27 150 0.18 1
Rate:362.719
==========
==========46
4 0 2 24000
Node 38 73 25.9422
Pkt 35 192 0.182292 1
Pkt 45 250 0.18 1
Node 55 65 15.8114
Pkt 72 400 0.18 1
Pkt 72 400 0.18 1
Node 66 43 17.4642
Pkt 135 750 0.18 1
Pkt 135 750 0.18 1
Node 62 39 16.2788
Pkt 18 100 0.18 1
Pkt 45 250 0.18 1
Rate:360.573
==========
==========47
4 0 2 24000
Node 33 29 27.0185
Pkt 27 150 0.18 1
Pkt 45 250 0.18 1
Node 57 72 23.0868
Pkt 72 400 0.18 1
Pkt 72 400 0.18 1
Node 55 32 18.6815
Pkt 135 750 0.18 1
Pkt 135 750 0.18 1
Node 35 54 15.5242
Pkt 18 100 0.18 1
Pkt 44 240 0.183333 1
Rate:360.833
==========
==========48
4 0 2 24000
Node 60 49 10.0499
Pkt 22 120 0.183333 1
Pkt 36 200 0.18 1
Node 72 34 27.2029
Pkt 87 480 0.18125 1
Pkt 54 300 0.18 1
Node 71 47 21.2132
Pkt 135 750 0.18 1
Pkt 135 750 0.18 1
Node 62 58 14.4222
Pkt 22 120 0.183333 1
Pkt 36 200 0.18 1
Rate:361.979
==========
==========49
4 0 2 24000
Node 57 69 20.2485
Pkt 18 100 0.18 1
Pkt 45 250 0.18 1
Node 71 70 29
Pkt 54 300 0.18 1
Pkt 68 375 0.181333 1
Node 48 32 18.1108
Pkt 144 800 0.18 1
Pkt 135 750 0.18 1
Node 35 56 16.1555
Pkt 18 100 0.18 1
Pkt 45 250 0.18 1
Rate:360.333
==========
==========50
4 0 2 24000
Node 56 60 11.6619
Pkt 29 160 0.18125 1
Pkt 36 200 0.18 1
Node 74 33 29.4109
Pkt 72 400 0.18 1
Pkt 68 375 0.181333 1
Node 26 39 26.4008
Pkt 135 750 0.18 1
Pkt 135 750 0.18 1
Node 45 64 14.8661
Pkt 18 100 0.18 1
Pkt 44 240 0.183333 1
Rate:361.479
==========
==========51
4 0 2 24000
Node 33 68 24.7588
Pkt 23 125 0.184 1
Pkt 27 150 0.18 1
Node 69 48 19.105
Pkt 58 320 0.18125 1
Pkt 68 375 0.181333 1
Node 73 68 29.2062
Pkt 135 750 0.18 1
Pkt 135 750 0.18 1
Node 27 39 25.4951
Pkt 45 250 0.18 1
Pkt 18 100 0.18 1
Rate:361.646
==========
==========52
4 0 2 24000
Node 53 52 3.60555
Pkt 35 192 0.182292 1
Pkt 29 160 0.18125 1
Node 48 30 20.0998
Pkt 72 400 0.18 1
Pkt 54 300 0.18 1
Node 32 45 18.6815
Pkt 135 750 0.18 1
Pkt 144 800 0.18 1
Node 61 54 11.7047
Pkt 45 250 0.18 1
Pkt 36 200 0.18 1
Rate:360.885
==========
==========53
4 0 2 24000
Node 71 63 24.6982
Pkt 23 125 0.184 1
Pkt 35 192 0.182292 1
Node 56 46 7.2111
Pkt 68 375 0.181333 1
Pkt 68 375 0.181333 1
Node 73 32 29.2062
Pkt 135 750 0.18 1
Pkt 144 800 0.18 1
Node 34 59 18.3576
Pkt 18 100 0.18 1
Pkt 35 192 0.182292 1
Rate:362.813
==========
==========54
4 0 2 24000
Node 55 36 14.8661
Pkt 23 125 0.184 1
Pkt 36 200 0.18 1
Node 49 45 5.09902
Pkt 58 320 0.18125 1
Pkt 54 300 0.18 1
Node 39 64 17.8045
Pkt 135 750 0.18 1
Pkt 144 800 0.18 1
Node 70 37 23.8537
Pkt 45 250 0.18 1
Pkt 23 125 0.184 1
Rate:362.312
==========
==========55
4 0 2 24000
Node 71 26 31.8904
Pkt 44 240 0.183333 1
Pkt 22 120 0.183333 1
Node 60 41 13.4536
Pkt 87 480 0.18125 1
Pkt 87 480 0.18125 1
Node 35 52 15.1327
Pkt 135 750 0.18 1
Pkt 144 800 0.18 1
Node 35 29 25.807
Pkt 18 100 0.18 1
Pkt 23 125 0.184 1
Rate:363.292
==========
==========56
4 0 2 24000
Node 54 26 24.3311
Pkt 23 125 0.184 1
Pkt 29 160 0.18125 1
Node 27 55 23.5372
Pkt 54 300 0.18 1
Pkt 54 300 0.18 1
Node 41 34 18.3576
Pkt 135 750 0.18 1
Pkt 144 800 0.18 1
Node 35 37 19.8494
Pkt 23 125 0.184 1
Pkt 44 240 0.183333 1
Rate:363.146
==========
==========57
4 0 2 24000
Node 65 72 26.6271
Pkt 27 150 0.18 1
Pkt 22 120 0.183333 1
Node 73 26 33.2415
Pkt 68 375 0.181333 1
Pkt 72 400 0.18 1
Node 49 49 1.41421
Pkt 144 800 0.18 1
Pkt 144 800 0.18 1
Node 35 69 24.2074
Pkt 18 100 0.18 1
Pkt 44 240 0.183333 1
Rate:362
==========
==========58
4 0 2 24000
Node 60 69 21.4709
Pkt 44 240 0.183333 1
Pkt 18 100 0.18 1
Node 59 36 16.6433
Pkt 72 400 0.18 1
Pkt 68 375 0.181333 1
Node 74 61 26.4008
Pkt 135 750 0.18 1
Pkt 144 800 0.18 1
Node 66 51 16.0312
Pkt 44 240 0.183333 1
Pkt 29 160 0.18125 1
Rate:362.312
==========
==========59
4 0 2 24000
Node 28 35 26.6271
Pkt 23 125 0.184 1
Pkt 27 150 0.18 1
Node 25 38 27.7308
Pkt 72 400 0.18 1
Pkt 72 400 0.18 1
Node 28 50 22
Pkt 144 800 0.18 1
Pkt 144 800 0.18 1
Node 62 46 12.6491
Pkt 45 250 0.18 1
Pkt 29 160 0.18125 1
Rate:361.312
==========
==========60
4 0 2 24000
Node 43 39 13.0384
Pkt 23 125 0.184 1
Pkt 22 120 0.183333 1
Node 37 72 25.5539
Pkt 58 320 0.18125 1
Pkt 54 300 0.18 1
Node 35 56 16.1555
Pkt 135 750 0.18 1
Pkt 144 800 0.18 1
Node 65 38 19.2094
Pkt 27 150 0.18 1
Pkt 18 100 0.18 1
Rate:362.146
==========
==========61
4 0 2 24000
Node 47 54 5
Pkt 35 192 0.182292 1
Pkt 23 125 0.184 1
Node 65 44 16.1555
Pkt 58 320 0.18125 1
Pkt 87 480 0.18125 1
Node 57 38 13.8924
Pkt 144 800 0.18 1
Pkt 135 750 0.18 1
Node 44 40 11.6619
Pkt 23 125 0.184 1
Pkt 27 150 0.18 1
Rate:363.198
==========
==========62
4 0 2 24000
Node 59 65 17.4929
Pkt 44 240 0.183333 1
Pkt 45 250 0.18 1
Node 56 33 18.0278
Pkt 68 375 0.181333 1
Pkt 87 480 0.18125 1
Node 72 34 27.2029
Pkt 144 800 0.18 1
Pkt 135 750 0.18 1
Node 60 34 18.868
Pkt 36 200 0.18 1
Pkt 35 192 0.182292 1
Rate:362.052
==========
==========63
4 0 2 24000
Node 47 50 3
Pkt 36 200 0.18 1
Pkt 36 200 0.18 1
Node 29 68 27.6586
Pkt 87 480 0.18125 1
Pkt 58 320 0.18125 1
Node 66 46 16.4924
Pkt 144 800 0.18 1
Pkt 135 750 0.18 1
Node 57 35 16.5529
Pkt 27 150 0.18 1
Pkt 27 150 0.18 1
Rate:360.625
==========
==========64
4 0 2 24000
Node 59 26 25.632
Pkt 36 200 0.18 1
Pkt 29 160 0.18125 1
Node 62 66 20
Pkt 58 320 0.18125 1
Pkt 72 400 0.18 1
Node 33 50 17
Pkt 135 750 0.18 1
Pkt 144 800 0.18 1
Node 47 25 25.1794
Pkt 23 125 0.184 1
Pkt 18 100 0.18 1
Rate:361.625
==========
==========65
4 0 2 24000
Node 57 67 18.3848
Pkt 22 120 0.183333 1
Pkt 44 240 0.183333 1
Node 25 57 25.9615
Pkt 72 400 0.18 1
Pkt 68 375 0.181333 1
Node 71 27 31.1448
Pkt 144 800 0.18 1
Pkt 144 800 0.18 1
Node 26 45 24.5153
Pkt 18 100 0.18 1
Pkt 27 150 0.18 1
Rate:362
==========
==========66
4 0 2 24000
Node 50 49 1
Pkt 36 200 0.18 1
Pkt 18 100 0.18 1
Node 34 44 17.088
Pkt 68 375 0.181333 1
Pkt 54 300 0.18 1
Node 61 59 14.2127
Pkt 135 750 0.18 1
Pkt 135 750 0.18 1
Node 63 59 15.8114
Pkt 18 100 0.18 1
Pkt 45 250 0.18 1
Rate:360.333
==========
==========67
4 0 2 24000
Node 60 51 10.0499
Pkt 44 240 0.183333 1
Pkt 27 150 0.18 1
Node 55 51 5.09902
Pkt 68 375 0.181333 1
Pkt 72 400 0.18 1
Node 53 36 14.3178
Pkt 144 800 0.18 1
Pkt 135 750 0.18 1
Node 37 31 23.0217
Pkt 23 125 0.184 1
Pkt 29 160 0.18125 1
Rate:362.479
==========
==========68
4 0 2 24000
Node 55 74 24.5153
Pkt 29 160 0.18125 1
Pkt 44 240 0.183333 1
Node 29 42 22.4722
Pkt 54 300 0.18 1
Pkt 68 375 0.181333 1
Node 47 59 9.48683
Pkt 135 750 0.18 1
Pkt 144 800 0.18 1
Node 34 59 18.3576
Pkt 45 250 0.18 1
Pkt 23 125 0.184 1
Rate:362.479
==========
==========69
4 0 2 24000
Node 39 46 11.7047
Pkt 36 200 0.18 1
Pkt 36 200 0.18 1
Node 70 58 21.5407
Pkt 68 375 0.181333 1
Pkt 54 300 0.18 1
Node 73 65 27.4591
Pkt 144 800 0.18 1
Pkt 135 750 0.18 1
Node 56 34 17.088
Pkt 18 100 0.18 1
Pkt 35 192 0.182292 1
Rate:360.906
==========
==========70
4 0 2 24000
Node 49 44 6.08276
Pkt 29 160 0.18125 1
Pkt 23 125 0.184 1
Node 39 41 14.2127
Pkt 87 480 0.18125 1
Pkt 87 480 0.18125 1
Node 65 37 19.8494
Pkt 144 800 0.18 1
Pkt 144 800 0.18 1
Node 53 31 19.2354
Pkt 29 160 0.18125 1
Pkt 45 250 0.18 1
Rate:362.25
==========
==========71
4 0 2 24000
Node 55 47 5.83095
Pkt 29 160 0.18125 1
Pkt 35 192 0.182292 1
Node 35 57 16.5529
Pkt 72 400 0.18 1
Pkt 87 480 0.18125 1
Node 68 41 20.1246
Pkt 135 750 0.18 1
Pkt 135 750 0.18 1
Node 52 47 3.60555
Pkt 22 120 0.183333 1
Pkt 22 120 0.183333 1
Rate:362.865
==========
==========72
4 0 2 24000
Node 43 67 18.3848
Pkt 44 240 0.183333 1
Pkt 27 150 0.18 1
Node 52 69 19.105
Pkt 58 320 0.18125 1
Pkt 72 400 0.18 1
Node 34 51 16.0312
Pkt 135 750 0.18 1
Pkt 135 750 0.18 1
Node 48 34 16.1245
Pkt 45 250 0.18 1
Pkt 35 192 0.182292 1
Rate:361.719
==========
==========73
4 0 2 24000
Node 48 46 4.47214
Pkt 22 120 0.183333 1
Pkt 44 240 0.183333 1
Node 31 71 28.3196
Pkt 54 300 0.18 1
Pkt 54 300 0.18 1
Node 30 64 24.4131
Pkt 144 800 0.18 1
Pkt 135 750 0.18 1
Node 62 40 15.6205
Pkt 27 150 0.18 1
Pkt 44 240 0.183333 1
Rate:362.5
==========
==========74
4 0 2 24000
Node 43 38 13.8924
Pkt 35 192 0.182292 1
Pkt 23 125 0.184 1
Node 26 74 33.9411
Pkt 68 375 0.181333 1
Pkt 72 400 0.18 1
Node 69 59 21.0238
Pkt 144 800 0.18 1
Pkt 144 800 0.18 1
Node 38 63 17.6918
Pkt 45 250 0.18 1
Pkt 36 200 0.18 1
Rate:361.906
==========
==========75
4 0 2 24000
Node 62 39 16.2788
Pkt 27 150 0.18 1
Pkt 23 125 0.184 1
Node 45 39 12.083
Pkt 54 300 0.18 1
Pkt 54 300 0.18 1
Node 56 32 18.9737
Pkt 135 750 0.18 1
Pkt 144 800 0.18 1
Node 70 31 27.5862
Pkt 23 125 0.184 1
Pkt 44 240 0.183333 1
Rate:362.833
==========
==========76
4 0 2 24000
Node 35 57 16.5529
Pkt 35 192 0.182292 1
Pkt 18 100 0.18 1
Node 66 66 22.6274
Pkt 72 400 0.18 1
Pkt 58 320 0.18125 1
Node 40 64 17.2047
Pkt 135 750 0.18 1
Pkt 135 750 0.18 1
Node 69 55 19.6469
Pkt 22 120 0.183333 1
Pkt 18 100 0.18 1
Rate:361.719
==========
==========77
4 0 2 24000
Node 52 41 9.21954
Pkt 23 125 0.184 1
Pkt 29 160 0.18125 1
Node 64 50 14
Pkt 58 320 0.18125 1
Pkt 58 320 0.18125 1
Node 51 57 7.07107
Pkt 135 750 0.18 1
Pkt 144 800 0.18 1
Node 35 53 15.2971
Pkt 35 192 0.182292 1
Pkt 18 100 0.18 1
Rate:362.51
==========
==========78
4 0 2 24000
Node 72 50 22
Pkt 29 160 0.18125 1
Pkt 45 250 0.18 1
Node 70 60 22.3607
Pkt 54 300 0.18 1
Pkt 68 375 0.181333 1
Node 72 59 23.7697
Pkt 144 800 0.18 1
Pkt 135 750 0.18 1
Node 36 30 24.4131
Pkt 45 250 0.18 1
Pkt 29 160 0.18125 1
Rate:360.958
==========
==========79
4 0 2 24000
Node 53 51 3.16228
Pkt 18 100 0.18 1
Pkt 36 200 0.18 1
Node 56 35 16.1555
Pkt 72 400 0.18 1
Pkt 72 400 0.18 1
Node 32 35 23.4307
Pkt 135 750 0.18 1
Pkt 135 750 0.18 1
Node 44 42 10
Pkt 29 160 0.18125 1
Pkt 22 120 0.183333 1
Rate:361.146
==========
==========80
4 0 2 24000
Node 58 45 9.43398
Pkt 22 120 0.183333 1
Pkt 35 192 0.182292 1
Node 38 37 17.6918
Pkt 87 480 0.18125 1
Pkt 68 375 0.181333 1
Node 45 40 11.1803
Pkt 144 800 0.18 1
Pkt 135 750 0.18 1
Node 39 64 17.8045
Pkt 45 250 0.18 1
Pkt 45 250 0.18 1
Rate:362.052
==========
==========81
4 0 2 24000
Node 47 58 8.544
Pkt 18 100 0.18 1
Pkt 36 200 0.18 1
Node 57 36 15.6525
Pkt 58 320 0.18125 1
Pkt 54 300 0.18 1
Node 27 32 29.2062
Pkt 135 750 0.18 1
Pkt 144 800 0.18 1
Node 38 53 12.3693
Pkt 27 150 0.18 1
Pkt 35 192 0.182292 1
Rate:360.885
==========
==========82
4 0 2 24000
Node 72 44 22.8035
Pkt 44 240 0.183333 1
Pkt 23 125 0.184 1
Node 43 26 25
Pkt 68 375 0.181333 1
Pkt 87 480 0.18125 1
Node 46 47 5
Pkt 144 800 0.18 1
Pkt 144 800 0.18 1
Node 37 50 13
Pkt 45 250 0.18 1
Pkt 36 200 0.18 1
Rate:362.479
==========
==========83
4 0 2 24000
Node 70 37 23.8537
Pkt 23 125 0.184 1
Pkt 36 200 0.18 1
Node 66 30 25.6125
Pkt 58 320 0.18125 1
Pkt 72 400 0.18 1
Node 47 30 20.2237
Pkt 144 800 0.18 1
Pkt 135 750 0.18 1
Node 39 26 26.4008
Pkt 29 160 0.18125 1
Pkt 18 100 0.18 1
Rate:361.625
==========
==========84
4 0 2 24000
Node 55 30 20.6155
Pkt 44 240 0.183333 1
Pkt 36 200 0.18 1
Node 45 64 14.8661
Pkt 72 400 0.18 1
Pkt 58 320 0.18125 1
Node 71 69 28.3196
Pkt 135 750 0.18 1
Pkt 135 750 0.18 1
Node 67 40 19.7231
Pkt 35 192 0.182292 1
Pkt 36 200 0.18 1
Rate:361.719
==========
==========85
4 0 2 24000
Node 27 25 33.9706
Pkt 36 200 0.18 1
Pkt 36 200 0.18 1
Node 39 47 11.4018
Pkt 54 300 0.18 1
Pkt 54 300 0.18 1
Node 64 27 26.9258
Pkt 144 800 0.18 1
Pkt 135 750 0.18 1
Node 74 31 30.6105
Pkt 23 125 0.184 1
Pkt 27 150 0.18 1
Rate:361
==========
==========86
4 0 2 24000
Node 47 41 9.48683
Pkt 18 100 0.18 1
Pkt 29 160 0.18125 1
Node 59 27 24.6982
Pkt 72 400 0.18 1
Pkt 72 400 0.18 1
Node 31 66 24.8395
Pkt 135 750 0.18 1
Pkt 144 800 0.18 1
Node 37 72 25.5539
Pkt 18 100 0.18 1
Pkt 18 100 0.18 1
Rate:360.312
==========
==========87
4 0 2 24000
Node 50 68 18
Pkt 22 120 0.183333 1
Pkt 22 120 0.183333 1
Node 38 72 25.0599
Pkt 72 400 0.18 1
Pkt 72 400 0.18 1
Node 63 68 22.2036
Pkt 144 800 0.18 1
Pkt 144 800 0.18 1
Node 29 31 28.3196
Pkt 45 250 0.18 1
Pkt 35 192 0.182292 1
Rate:362.24
==========
==========88
4 0 2 24000
Node 40 35 18.0278
Pkt 18 100 0.18 1
Pkt 44 240 0.183333 1
Node 38 45 13
Pkt 58 320 0.18125 1
Pkt 54 300 0.18 1
Node 45 38 13
Pkt 135 750 0.18 1
Pkt 144 800 0.18 1
Node 65 51 15.0333
Pkt 45 250 0.18 1
Pkt 36 200 0.18 1
Rate:361.146
==========
==========89
4 0 2 24000
Node 30 41 21.9317
Pkt 27 150 0.18 1
Pkt 18 100 0.18 1
Node 53 33 17.2627
Pkt 58 320 0.18125 1
Pkt 72 400 0.18 1
Node 45 43 8.60233
Pkt 135 750 0.18 1
Pkt 135 750 0.18 1
Node 71 43 22.1359
Pkt 36 200 0.18 1
Pkt 27 150 0.18 1
Rate:360.312
==========
==========90
4 0 2 24000
Node 43 48 7.28011
Pkt 35 192 0.182292 1
Pkt 27 150 0.18 1
Node 74 42 25.2982
Pkt 72 400 0.18 1
Pkt 58 320 0.18125 1
Node 58 52 8.24621
Pkt 144 800 0.18 1
Pkt 144 800 0.18 1
Node 40 55 11.1803
Pkt 22 120 0.183333 1
Pkt 29 160 0.18125 1
Rate:362.031
==========
==========91
4 0 2 24000
Node 42 39 13.6015
Pkt 23 125 0.184 1
Pkt 23 125 0.184 1
Node 63 46 13.6015
Pkt 72 400 0.18 1
Pkt 58 320 0.18125 1
Node 48 31 19.105
Pkt 135 750 0.18 1
Pkt 135 750 0.18 1
Node 49 54 4.12311
Pkt 36 200 0.18 1
Pkt 45 250 0.18 1
Rate:362.313
==========
==========92
4 0 2 24000
Node 60 73 25.0799
Pkt 35 192 0.182292 1
Pkt 29 160 0.18125 1
Node 44 64 15.2315
Pkt 68 375 0.181333 1
Pkt 58 320 0.18125 1
Node 46 74 24.3311
Pkt 135 750 0.18 1
Pkt 144 800 0.18 1
Node 70 43 21.1896
Pkt 35 192 0.182292 1
Pkt 29 160 0.18125 1
Rate:362.417
==========
==========93
4 0 2 24000
Node 32 69 26.1725
Pkt 23 125 0.184 1
Pkt 35 192 0.182292 1
Node 52 56 6.32456
Pkt 72 400 0.18 1
Pkt 72 400 0.18 1
Node 71 63 24.6982
Pkt 144 800 0.18 1
Pkt 144 800 0.18 1
Node 58 46 8.94427
Pkt 44 240 0.183333 1
Pkt 18 100 0.18 1
Rate:362.406
==========
==========94
4 0 2 24000
Node 59 34 18.3576
Pkt 22 120 0.183333 1
Pkt 29 160 0.18125 1
Node 32 45 18.6815
Pkt 87 480 0.18125 1
Pkt 54 300 0.18 1
Node 71 65 25.807
Pkt 144 800 0.18 1
Pkt 144 800 0.18 1
Node 58 27 24.3516
Pkt 45 250 0.18 1
Pkt 44 240 0.183333 1
Rate:362.292
==========
==========95
4 0 2 24000
Node 38 43 13.8924
Pkt 35 192 0.182292 1
Pkt 27 150 0.18 1
Node 50 37 13
Pkt 58 320 0.18125 1
Pkt 58 320 0.18125 1
Node 42 32 19.6977
Pkt 135 750 0.18 1
Pkt 135 750 0.18 1
Node 71 26 31.8904
Pkt 35 192 0.182292 1
Pkt 45 250 0.18 1
Rate:361.771
==========
==========96
4 0 2 24000
Node 74 73 33.2415
Pkt 44 240 0.183333 1
Pkt 18 100 0.18 1
Node 54 30 20.3961
Pkt 54 300 0.18 1
Pkt 68 375 0.181333 1
Node 27 36 26.9258
Pkt 135 750 0.18 1
Pkt 144 800 0.18 1
Node 25 40 26.9258
Pkt 35 192 0.182292 1
Pkt 27 150 0.18 1
Rate:361.74
==========
==========97
4 0 2 24000
Node 59 66 18.3576
Pkt 29 160 0.18125 1
Pkt 18 100 0.18 1
Node 57 40 12.2066
Pkt 72 400 0.18 1
Pkt 87 480 0.18125 1
Node 44 30 20.8806
Pkt 144 800 0.18 1
Pkt 135 750 0.18 1
Node 55 37 13.9284
Pkt 18 100 0.18 1
Pkt 36 200 0.18 1
Rate:360.625
==========
==========98
4 0 2 24000
Node 64 49 14.0357
Pkt 18 100 0.18 1
Pkt 36 200 0.18 1
Node 51 71 21.0238
Pkt 72 400 0.18 1
Pkt 58 320 0.18125 1
Node 36 40 17.2047
Pkt 144 800 0.18 1
Pkt 144 800 0.18 1
Node 34 73 28.0179
Pkt 35 192 0.182292 1
Pkt 35 192 0.182292 1
Rate:361.458
==========
==========99
