3 0 2 24000
Node 73 42 24.3516
Pkt 10 120 0.0833333 1
Pkt 8 100 0.08 1
Node 32 66 24.0832
Pkt 32 400 0.08 1
Pkt 30 375 0.08 1
Node 73 55 23.5372
Pkt 60 750 0.08 1
Pkt 60 750 0.08 1
Rate:161.111
==========
==========0
3 0 2 24000
Node 47 55 5.83095
Pkt 13 160 0.08125 1
Pkt 20 250 0.08 1
Node 48 51 2.23607
Pkt 24 300 0.08 1
Pkt 30 375 0.08 1
Node 59 46 9.84886
Pkt 60 750 0.08 1
Pkt 64 800 0.08 1
Rate:160.417
==========
==========1
3 0 2 24000
Node 35 60 18.0278
Pkt 16 192 0.0833333 1
Pkt 13 160 0.08125 1
Node 33 65 22.6716
Pkt 24 300 0.08 1
Pkt 26 320 0.08125 1
Node 72 73 31.8277
Pkt 64 800 0.08 1
Pkt 60 750 0.08 1
Rate:161.944
==========
==========2
3 0 2 24000
Node 26 34 28.8444
Pkt 12 150 0.08 1
Pkt 16 192 0.0833333 1
Node 31 57 20.2485
Pkt 24 300 0.08 1
Pkt 30 375 0.08 1
Node 35 71 25.807
Pkt 60 750 0.08 1
Pkt 64 800 0.08 1
Rate:161.111
==========
==========3
3 0 2 24000
Node 73 71 31.1448
Pkt 12 150 0.08 1
Pkt 8 100 0.08 1
Node 68 44 18.9737
Pkt 30 375 0.08 1
Pkt 30 375 0.08 1
Node 69 44 19.9249
Pkt 64 800 0.08 1
Pkt 60 750 0.08 1
Rate:160
==========
==========4
3 0 2 24000
Node 65 71 25.807
Pkt 16 192 0.0833333 1
Pkt 20 240 0.0833333 1
Node 56 70 20.8806
Pkt 24 300 0.08 1
Pkt 32 400 0.08 1
Node 44 51 6.08276
Pkt 60 750 0.08 1
Pkt 60 750 0.08 1
Rate:162.222
==========
==========5
3 0 2 24000
Node 62 57 13.8924
Pkt 13 160 0.08125 1
Pkt 10 125 0.08 1
Node 64 74 27.7849
Pkt 24 300 0.08 1
Pkt 26 320 0.08125 1
Node 52 33 17.1172
Pkt 64 800 0.08 1
Pkt 60 750 0.08 1
Rate:160.833
==========
==========6
3 0 2 24000
Node 28 61 24.5967
Pkt 20 250 0.08 1
Pkt 16 192 0.0833333 1
Node 43 28 23.0868
Pkt 39 480 0.08125 1
Pkt 26 320 0.08125 1
Node 74 58 25.2982
Pkt 60 750 0.08 1
Pkt 64 800 0.08 1
Rate:161.944
==========
==========7
3 0 2 24000
Node 48 31 19.105
Pkt 10 125 0.08 1
Pkt 20 240 0.0833333 1
Node 44 58 10
Pkt 32 400 0.08 1
Pkt 39 480 0.08125 1
Node 65 29 25.807
Pkt 60 750 0.08 1
Pkt 60 750 0.08 1
Rate:161.528
==========
==========8
3 0 2 24000
Node 48 53 3.60555
Pkt 12 150 0.08 1
Pkt 20 250 0.08 1
Node 65 33 22.6716
Pkt 32 400 0.08 1
Pkt 26 320 0.08125 1
Node 30 55 20.6155
Pkt 64 800 0.08 1
Pkt 64 800 0.08 1
Rate:160.417
==========
==========9
3 0 2 24000
Node 55 50 5
Pkt 16 192 0.0833333 1
Pkt 13 160 0.08125 1
Node 52 57 7.28011
Pkt 30 375 0.08 1
Pkt 26 320 0.08125 1
Node 63 29 24.6982
Pkt 64 800 0.08 1
Pkt 60 750 0.08 1
Rate:161.944
==========
==========10
3 0 2 24000
Node 52 35 15.1327
Pkt 16 200 0.08 1
Pkt 13 160 0.08125 1
Node 58 51 8.06226
Pkt 24 300 0.08 1
Pkt 30 375 0.08 1
Node 27 46 23.3452
Pkt 64 800 0.08 1
Pkt 60 750 0.08 1
Rate:160.417
==========
==========11
3 0 2 24000
Node 55 63 13.9284
Pkt 16 192 0.0833333 1
Pkt 16 192 0.0833333 1
Node 58 34 17.8885
Pkt 24 300 0.08 1
Pkt 39 480 0.08125 1
Node 42 58 11.3137
Pkt 64 800 0.08 1
Pkt 64 800 0.08 1
Rate:162.639
==========
==========12
3 0 2 24000
Node 57 54 8.06226
Pkt 20 240 0.0833333 1
Pkt 20 250 0.08 1
Node 72 37 25.5539
Pkt 26 320 0.08125 1
Pkt 30 375 0.08 1
Node 41 35 17.4929
Pkt 60 750 0.08 1
Pkt 60 750 0.08 1
Rate:161.528
==========
==========13
3 0 2 24000
Node 61 46 11.7047
Pkt 13 160 0.08125 1
Pkt 10 120 0.0833333 1
Node 39 57 13.0384
Pkt 32 400 0.08 1
Pkt 24 300 0.08 1
Node 38 51 12.0416
Pkt 64 800 0.08 1
Pkt 64 800 0.08 1
Rate:161.528
==========
==========14
3 0 2 24000
Node 51 39 11.0454
Pkt 10 120 0.0833333 1
Pkt 10 125 0.08 1
Node 59 31 21.0238
Pkt 32 400 0.08 1
Pkt 26 320 0.08125 1
Node 32 35 23.4307
Pkt 64 800 0.08 1
Pkt 60 750 0.08 1
Rate:161.528
==========
==========15
3 0 2 24000
Node 41 37 15.8114
Pkt 20 240 0.0833333 1
Pkt 20 250 0.08 1
Node 57 56 9.21954
Pkt 39 480 0.08125 1
Pkt 24 300 0.08 1
Node 61 50 11
Pkt 60 750 0.08 1
Pkt 64 800 0.08 1
Rate:161.528
==========
==========16
3 0 2 24000
Node 30 61 22.8254
Pkt 20 240 0.0833333 1
Pkt 8 100 0.08 1
Node 47 36 14.3178
Pkt 24 300 0.08 1
Pkt 24 300 0.08 1
Node 33 56 18.0278
Pkt 60 750 0.08 1
Pkt 60 750 0.08 1
Rate:161.111
==========
==========17
3 0 2 24000
Node 35 60 18.0278
Pkt 13 160 0.08125 1
Pkt 13 160 0.08125 1
Node 27 47 23.1948
Pkt 39 480 0.08125 1
Pkt 39 480 0.08125 1
Node 67 64 22.0227
Pkt 60 750 0.08 1
Pkt 60 750 0.08 1
Rate:161.667
==========
==========18
3 0 2 24000
Node 66 73 28.0179
Pkt 20 240 0.0833333 1
Pkt 8 100 0.08 1
Node 32 32 25.4558
Pkt 30 375 0.08 1
Pkt 32 400 0.08 1
Node 48 40 10.198
Pkt 60 750 0.08 1
Pkt 64 800 0.08 1
Rate:161.111
==========
==========19
3 0 2 24000
Node 55 68 18.6815
Pkt 13 160 0.08125 1
Pkt 20 240 0.0833333 1
Node 36 25 28.6531
Pkt 32 400 0.08 1
Pkt 26 320 0.08125 1
Node 71 64 25.2389
Pkt 64 800 0.08 1
Pkt 60 750 0.08 1
Rate:161.944
==========
==========20
3 0 2 24000
Node 26 49 24.0208
Pkt 13 160 0.08125 1
Pkt 20 250 0.08 1
Node 39 27 25.4951
Pkt 24 300 0.08 1
Pkt 30 375 0.08 1
Node 49 28 22.0227
Pkt 64 800 0.08 1
Pkt 64 800 0.08 1
Rate:160.417
==========
==========21
3 0 2 24000
Node 31 31 26.8701
Pkt 20 250 0.08 1
Pkt 8 100 0.08 1
Node 61 71 23.7065
Pkt 30 375 0.08 1
Pkt 30 375 0.08 1
Node 25 61 27.313
Pkt 60 750 0.08 1
Pkt 60 750 0.08 1
Rate:160
==========
==========22
3 0 2 24000
Node 44 74 24.7386
Pkt 10 120 0.0833333 1
Pkt 10 125 0.08 1
Node 53 52 3.60555
Pkt 32 400 0.08 1
Pkt 30 375 0.08 1
Node 54 30 20.3961
Pkt 60 750 0.08 1
Pkt 60 750 0.08 1
Rate:161.111
==========
==========23
3 0 2 24000
Node 71 26 31.8904
Pkt 20 240 0.0833333 1
Pkt 16 192 0.0833333 1
Node 73 41 24.6982
Pkt 24 300 0.08 1
Pkt 30 375 0.08 1
Node 66 25 29.6816
Pkt 64 800 0.08 1
Pkt 64 800 0.08 1
Rate:162.222
==========
==========24
3 0 2 24000
Node 57 43 9.89949
Pkt 10 125 0.08 1
Pkt 8 100 0.08 1
Node 60 56 11.6619
Pkt 30 375 0.08 1
Pkt 26 320 0.08125 1
Node 36 56 15.2315
Pkt 64 800 0.08 1
Pkt 64 800 0.08 1
Rate:160.417
==========
==========25
3 0 2 24000
Node 66 47 16.2788
Pkt 20 240 0.0833333 1
Pkt 8 100 0.08 1
Node 53 53 4.24264
Pkt 30 375 0.08 1
Pkt 39 480 0.08125 1
Node 62 40 15.6205
Pkt 64 800 0.08 1
Pkt 60 750 0.08 1
Rate:161.528
==========
==========26
3 0 2 24000
Node 29 40 23.2594
Pkt 12 150 0.08 1
Pkt 10 125 0.08 1
Node 30 36 24.4131
Pkt 39 480 0.08125 1
Pkt 26 320 0.08125 1
Node 35 57 16.5529
Pkt 60 750 0.08 1
Pkt 64 800 0.08 1
Rate:160.833
==========
==========27
3 0 2 24000
Node 47 25 25.1794
Pkt 10 120 0.0833333 1
Pkt 12 150 0.08 1
Node 37 34 20.6155
Pkt 32 400 0.08 1
Pkt 39 480 0.08125 1
Node 56 59 10.8167
Pkt 60 750 0.08 1
Pkt 64 800 0.08 1
Rate:161.528
==========
==========28
3 0 2 24000
Node 55 51 5.09902
Pkt 12 150 0.08 1
Pkt 16 200 0.08 1
Node 64 38 18.4391
Pkt 39 480 0.08125 1
Pkt 39 480 0.08125 1
Node 73 66 28.0179
Pkt 64 800 0.08 1
Pkt 64 800 0.08 1
Rate:160.833
==========
==========29
3 0 2 24000
Node 51 36 14.0357
Pkt 10 120 0.0833333 1
Pkt 16 192 0.0833333 1
Node 55 46 6.40312
Pkt 26 320 0.08125 1
Pkt 39 480 0.08125 1
Node 71 56 21.8403
Pkt 64 800 0.08 1
Pkt 64 800 0.08 1
Rate:163.056
==========
==========30
3 0 2 24000
Node 53 43 7.61577
Pkt 12 150 0.08 1
Pkt 16 192 0.0833333 1
Node 51 43 7.07107
Pkt 39 480 0.08125 1
Pkt 39 480 0.08125 1
Node 32 46 18.4391
Pkt 60 750 0.08 1
Pkt 64 800 0.08 1
Rate:161.944
==========
==========31
3 0 2 24000
Node 69 44 19.9249
Pkt 20 240 0.0833333 1
Pkt 16 192 0.0833333 1
Node 47 48 3.60555
Pkt 26 320 0.08125 1
Pkt 24 300 0.08 1
Node 37 74 27.2947
Pkt 60 750 0.08 1
Pkt 60 750 0.08 1
Rate:162.639
==========
==========32
3 0 2 24000
Node 28 54 22.3607
Pkt 20 250 0.08 1
Pkt 8 100 0.08 1
Node 45 66 16.7631
Pkt 32 400 0.08 1
Pkt 26 320 0.08125 1
Node 59 40 13.4536
Pkt 64 800 0.08 1
Pkt 64 800 0.08 1
Rate:160.417
==========
==========33
3 0 2 24000
Node 64 34 21.2603
Pkt 10 125 0.08 1
Pkt 20 250 0.08 1
Node 34 56 17.088
Pkt 30 375 0.08 1
Pkt 24 300 0.08 1
Node 51 54 4.12311
Pkt 60 750 0.08 1
Pkt 60 750 0.08 1
Rate:160
==========
==========34
3 0 2 24000
Node 33 28 27.8029
Pkt 16 200 0.08 1
Pkt 10 120 0.0833333 1
Node 27 53 23.1948
Pkt 26 320 0.08125 1
Pkt 30 375 0.08 1
Node 73 46 23.3452
Pkt 64 800 0.08 1
Pkt 60 750 0.08 1
Rate:161.528
==========
==========35
3 0 2 24000
Node 59 54 9.84886
Pkt 8 100 0.08 1
Pkt 20 250 0.08 1
Node 42 46 8.94427
Pkt 39 480 0.08125 1
Pkt 30 375 0.08 1
Node 30 26 31.241
Pkt 60 750 0.08 1
Pkt 64 800 0.08 1
Rate:160.417
==========
==========36
3 0 2 24000
Node 39 26 26.4008
Pkt 16 200 0.08 1
Pkt 16 200 0.08 1
Node 34 43 17.4642
Pkt 30 375 0.08 1
Pkt 24 300 0.08 1
Node 28 70 29.7321
Pkt 60 750 0.08 1
Pkt 64 800 0.08 1
Rate:160
==========
==========37
3 0 2 24000
Node 37 65 19.8494
Pkt 20 240 0.0833333 1
Pkt 8 100 0.08 1
Node 68 72 28.4253
Pkt 39 480 0.08125 1
Pkt 26 320 0.08125 1
Node 29 39 23.7065
Pkt 64 800 0.08 1
Pkt 64 800 0.08 1
Rate:161.944
==========
==========38
3 0 2 24000
Node 45 30 20.6155
Pkt 12 150 0.08 1
Pkt 8 100 0.08 1
Node 43 48 7.28011
Pkt 30 375 0.08 1
Pkt 32 400 0.08 1
Node 43 28 23.0868
Pkt 60 750 0.08 1
Pkt 64 800 0.08 1
Rate:160
==========
==========39
3 0 2 24000
Node 60 57 12.2066
Pkt 20 250 0.08 1
Pkt 10 120 0.0833333 1
Node 53 72 22.2036
Pkt 32 400 0.08 1
Pkt 39 480 0.08125 1
Node 68 32 25.4558
Pkt 60 750 0.08 1
Pkt 64 800 0.08 1
Rate:161.528
==========
==========40
3 0 2 24000
Node 33 68 24.7588
Pkt 12 150 0.08 1
Pkt 10 125 0.08 1
Node 59 67 19.2354
Pkt 30 375 0.08 1
Pkt 26 320 0.08125 1
Node 50 27 23
Pkt 64 800 0.08 1
Pkt 60 750 0.08 1
Rate:160.417
==========
==========41
3 0 2 24000
Node 61 45 12.083
Pkt 8 100 0.08 1
Pkt 20 240 0.0833333 1
Node 25 58 26.2488
Pkt 39 480 0.08125 1
Pkt 30 375 0.08 1
Node 63 40 16.4012
Pkt 60 750 0.08 1
Pkt 64 800 0.08 1
Rate:161.528
==========
==========42
3 0 2 24000
Node 31 66 24.8395
Pkt 8 100 0.08 1
Pkt 10 125 0.08 1
Node 73 64 26.9258
Pkt 39 480 0.08125 1
Pkt 30 375 0.08 1
Node 27 45 23.5372
Pkt 60 750 0.08 1
Pkt 60 750 0.08 1
Rate:160.417
==========
==========43
3 0 2 24000
Node 48 40 10.198
Pkt 20 240 0.0833333 1
Pkt 16 200 0.08 1
Node 57 27 24.0416
Pkt 24 300 0.08 1
Pkt 39 480 0.08125 1
Node 55 27 23.5372
Pkt 60 750 0.08 1
Pkt 64 800 0.08 1
Rate:161.528
==========
==========44
3 0 2 24000
Node 35 26 28.3019
Pkt 20 240 0.0833333 1
Pkt 12 150 0.08 1
Node 26 42 25.2982
Pkt 24 300 0.08 1
Pkt 39 480 0.08125 1
Node 39 34 19.4165
Pkt 60 750 0.08 1
Pkt 60 750 0.08 1
Rate:161.528
==========
==========45
3 0 2 24000
Node 46 31 19.4165
Pkt 8 100 0.08 1
Pkt 10 120 0.0833333 1
Node 43 31 20.2485
Pkt 39 480 0.08125 1
Pkt 30 375 0.08 1
Node 25 49 25.02
Pkt 60 750 0.08 1
Pkt 60 750 0.08 1
Rate:161.528
==========
==========46
3 0 2 24000
Node 74 70 31.241
Pkt 16 200 0.08 1
Pkt 16 200 0.08 1
Node 72 57 23.0868
Pkt 30 375 0.08 1
Pkt 24 300 0.08 1
Node 60 53 10.4403
Pkt 60 750 0.08 1
Pkt 60 750 0.08 1
Rate:160
==========
==========47
3 0 2 24000
Node 35 67 22.6716
Pkt 16 200 0.08 1
Pkt 20 240 0.0833333 1
Node 52 74 24.0832
Pkt 26 320 0.08125 1
Pkt 30 375 0.08 1
Node 54 72 22.3607
Pkt 60 750 0.08 1
Pkt 64 800 0.08 1
Rate:161.528
==========
==========48
3 0 2 24000
Node 55 67 17.72
Pkt 16 200 0.08 1
Pkt 16 200 0.08 1
Node 63 44 14.3178
Pkt 24 300 0.08 1
Pkt 39 480 0.08125 1
Node 31 73 29.8329
Pkt 60 750 0.08 1
Pkt 60 750 0.08 1
Rate:160.417
==========
==========49
3 0 2 24000
Node 73 62 25.9422
Pkt 20 240 0.0833333 1
Pkt 8 100 0.08 1
Node 34 44 17.088
Pkt 39 480 0.08125 1
Pkt 26 320 0.08125 1
Node 29 61 23.7065
Pkt 60 750 0.08 1
Pkt 64 800 0.08 1
Rate:161.944
==========
==========50
3 0 2 24000
Node 43 25 25.9615
Pkt 13 160 0.08125 1
Pkt 20 250 0.08 1
Node 44 50 6
Pkt 39 480 0.08125 1
Pkt 26 320 0.08125 1
Node 30 46 20.3961
Pkt 60 750 0.08 1
Pkt 60 750 0.08 1
Rate:161.25
==========
==========51
3 0 2 24000
Node 41 34 18.3576
Pkt 8 100 0.08 1
Pkt 12 150 0.08 1
Node 49 72 22.0227
Pkt 32 400 0.08 1
Pkt 39 480 0.08125 1
Node 59 28 23.7697
Pkt 60 750 0.08 1
Pkt 64 800 0.08 1
Rate:160.417
==========
==========52
3 0 2 24000
Node 42 63 15.2643
Pkt 13 160 0.08125 1
Pkt 16 200 0.08 1
Node 31 67 25.4951
Pkt 26 320 0.08125 1
Pkt 32 400 0.08 1
Node 37 59 15.8114
Pkt 60 750 0.08 1
Pkt 60 750 0.08 1
Rate:160.833
==========
==========53
3 0 2 24000
Node 27 64 26.9258
Pkt 12 150 0.08 1
Pkt 12 150 0.08 1
Node 73 44 23.7697
Pkt 32 400 0.08 1
Pkt 30 375 0.08 1
Node 25 73 33.9706
Pkt 64 800 0.08 1
Pkt 64 800 0.08 1
Rate:160
==========
==========54
3 0 2 24000
Node 61 27 25.4951
Pkt 20 240 0.0833333 1
Pkt 10 120 0.0833333 1
Node 49 53 3.16228
Pkt 30 375 0.08 1
Pkt 26 320 0.08125 1
Node 44 61 12.53
Pkt 64 800 0.08 1
Pkt 60 750 0.08 1
Rate:162.639
==========
==========55
3 0 2 24000
Node 33 25 30.2324
Pkt 16 200 0.08 1
Pkt 13 160 0.08125 1
Node 35 48 15.1327
Pkt 30 375 0.08 1
Pkt 30 375 0.08 1
Node 70 51 20.025
Pkt 64 800 0.08 1
Pkt 60 750 0.08 1
Rate:160.417
==========
==========56
3 0 2 24000
Node 32 32 25.4558
Pkt 8 100 0.08 1
Pkt 13 160 0.08125 1
Node 73 44 23.7697
Pkt 30 375 0.08 1
Pkt 24 300 0.08 1
Node 26 52 24.0832
Pkt 64 800 0.08 1
Pkt 60 750 0.08 1
Rate:160.417
==========
==========57
3 0 2 24000
Node 46 38 12.6491
Pkt 16 192 0.0833333 1
Pkt 10 125 0.08 1
Node 67 44 18.0278
Pkt 30 375 0.08 1
Pkt 39 480 0.08125 1
Node 28 70 29.7321
Pkt 60 750 0.08 1
Pkt 60 750 0.08 1
Rate:161.528
==========
==========58
3 0 2 24000
Node 47 27 23.1948
Pkt 8 100 0.08 1
Pkt 8 100 0.08 1
Node 50 56 6
Pkt 32 400 0.08 1
Pkt 30 375 0.08 1
Node 31 36 23.6008
Pkt 64 800 0.08 1
Pkt 64 800 0.08 1
Rate:160
==========
==========59
3 0 2 24000
Node 32 31 26.1725
Pkt 12 150 0.08 1
Pkt 8 100 0.08 1
Node 70 74 31.241
Pkt 39 480 0.08125 1
Pkt 32 400 0.08 1
Node 63 29 24.6982
Pkt 60 750 0.08 1
Pkt 64 800 0.08 1
Rate:160.417
==========
==========60
3 0 2 24000
Node 53 73 23.1948
Pkt 10 125 0.08 1
Pkt 20 250 0.08 1
Node 32 46 18.4391
Pkt 32 400 0.08 1
Pkt 39 480 0.08125 1
Node 34 54 16.4924
Pkt 60 750 0.08 1
Pkt 64 800 0.08 1
Rate:160.417
==========
==========61
3 0 2 24000
Node 28 50 22
Pkt 20 250 0.08 1
Pkt 16 200 0.08 1
Node 27 73 32.5269
Pkt 30 375 0.08 1
Pkt 26 320 0.08125 1
Node 25 25 35.3553
Pkt 60 750 0.08 1
Pkt 64 800 0.08 1
Rate:160.417
==========
==========62
3 0 2 24000
Node 74 48 24.0832
Pkt 8 100 0.08 1
Pkt 20 250 0.08 1
Node 74 69 30.6105
Pkt 39 480 0.08125 1
Pkt 26 320 0.08125 1
Node 70 35 25
Pkt 64 800 0.08 1
Pkt 60 750 0.08 1
Rate:160.833
==========
==========63
3 0 2 24000
Node 32 35 23.4307
Pkt 12 150 0.08 1
Pkt 20 250 0.08 1
Node 56 36 15.2315
Pkt 24 300 0.08 1
Pkt 26 320 0.08125 1
Node 69 40 21.4709
Pkt 60 750 0.08 1
Pkt 60 750 0.08 1
Rate:160.417
==========
==========64
3 0 2 24000
Node 51 56 6.08276
Pkt 20 240 0.0833333 1
Pkt 10 120 0.0833333 1
Node 29 63 24.6982
Pkt 24 300 0.08 1
Pkt 24 300 0.08 1
Node 68 73 29.2062
Pkt 64 800 0.08 1
Pkt 64 800 0.08 1
Rate:162.222
==========
==========65
3 0 2 24000
Node 56 67 18.0278
Pkt 16 192 0.0833333 1
Pkt 20 240 0.0833333 1
Node 42 62 14.4222
Pkt 39 480 0.08125 1
Pkt 32 400 0.08 1
Node 37 28 25.5539
Pkt 60 750 0.08 1
Pkt 60 750 0.08 1
Rate:162.639
==========
==========66
3 0 2 24000
Node 44 42 10
Pkt 10 125 0.08 1
Pkt 16 192 0.0833333 1
Node 36 67 22.0227
Pkt 30 375 0.08 1
Pkt 26 320 0.08125 1
Node 47 62 12.3693
Pkt 60 750 0.08 1
Pkt 60 750 0.08 1
Rate:161.528
==========
==========67
3 0 2 24000
Node 72 33 27.8029
Pkt 16 200 0.08 1
Pkt 10 125 0.08 1
Node 64 65 20.5183
Pkt 24 300 0.08 1
Pkt 39 480 0.08125 1
Node 30 71 29
Pkt 60 750 0.08 1
Pkt 64 800 0.08 1
Rate:160.417
==========
==========68
3 0 2 24000
Node 41 67 19.2354
Pkt 16 192 0.0833333 1
Pkt 13 160 0.08125 1
Node 35 30 25
Pkt 26 320 0.08125 1
Pkt 30 375 0.08 1
Node 42 62 14.4222
Pkt 64 800 0.08 1
Pkt 64 800 0.08 1
Rate:161.944
==========
==========69
3 0 2 24000
Node 43 38 13.8924
Pkt 10 120 0.0833333 1
Pkt 20 240 0.0833333 1
Node 71 49 21.0238
Pkt 39 480 0.08125 1
Pkt 24 300 0.08 1
Node 30 27 30.4795
Pkt 64 800 0.08 1
Pkt 60 750 0.08 1
Rate:162.639
==========
==========70
3 0 2 24000
Node 64 43 15.6525
Pkt 16 192 0.0833333 1
Pkt 16 192 0.0833333 1
Node 67 27 28.6007
Pkt 26 320 0.08125 1
Pkt 32 400 0.08 1
Node 73 64 26.9258
Pkt 60 750 0.08 1
Pkt 60 750 0.08 1
Rate:162.639
==========
==========71
3 0 2 24000
Node 34 34 22.6274
Pkt 12 150 0.08 1
Pkt 10 120 0.0833333 1
Node 61 49 11.0454
Pkt 32 400 0.08 1
Pkt 24 300 0.08 1
Node 71 58 22.4722
Pkt 64 800 0.08 1
Pkt 60 750 0.08 1
Rate:161.111
==========
==========72
3 0 2 24000
Node 70 34 25.6125
Pkt 20 250 0.08 1
Pkt 16 192 0.0833333 1
Node 41 31 21.0238
Pkt 32 400 0.08 1
Pkt 24 300 0.08 1
Node 68 62 21.6333
Pkt 60 750 0.08 1
Pkt 60 750 0.08 1
Rate:161.111
==========
==========73
3 0 2 24000
Node 27 36 26.9258
Pkt 16 192 0.0833333 1
Pkt 13 160 0.08125 1
Node 45 53 5.83095
Pkt 32 400 0.08 1
Pkt 39 480 0.08125 1
Node 58 62 14.4222
Pkt 60 750 0.08 1
Pkt 64 800 0.08 1
Rate:161.944
==========
==========74
3 0 2 24000
Node 29 48 21.095
Pkt 10 120 0.0833333 1
Pkt 13 160 0.08125 1
Node 33 27 28.6007
Pkt 24 300 0.08 1
Pkt 26 320 0.08125 1
Node 34 46 16.4924
Pkt 60 750 0.08 1
Pkt 60 750 0.08 1
Rate:161.944
==========
==========75
3 0 2 24000
Node 35 25 29.1548
Pkt 8 100 0.08 1
Pkt 20 240 0.0833333 1
Node 41 69 21.0238
Pkt 24 300 0.08 1
Pkt 30 375 0.08 1
Node 70 36 24.4131
Pkt 60 750 0.08 1
Pkt 60 750 0.08 1
Rate:161.111
==========
==========76
3 0 2 24000
Node 37 71 24.6982
Pkt 12 150 0.08 1
Pkt 12 150 0.08 1
Node 41 70 21.9317
Pkt 39 480 0.08125 1
Pkt 26 320 0.08125 1
Node 56 45 7.81025
Pkt 60 750 0.08 1
Pkt 60 750 0.08 1
Rate:160.833
==========
==========77
3 0 2 24000
Node 55 74 24.5153
Pkt 16 192 0.0833333 1
Pkt 8 100 0.08 1
Node 29 57 22.1359
Pkt 26 320 0.08125 1
Pkt 26 320 0.08125 1
Node 55 33 17.72
Pkt 64 800 0.08 1
Pkt 60 750 0.08 1
Rate:161.944
==========
==========78
3 0 2 24000
Node 31 69 26.8701
Pkt 10 125 0.08 1
Pkt 13 160 0.08125 1
Node 49 29 21.0238
Pkt 30 375 0.08 1
Pkt 39 480 0.08125 1
Node 74 48 24.0832
Pkt 60 750 0.08 1
Pkt 60 750 0.08 1
Rate:160.833
==========
==========79
3 0 2 24000
Node 48 53 3.60555
Pkt 10 125 0.08 1
Pkt 16 200 0.08 1
Node 27 28 31.8277
Pkt 30 375 0.08 1
Pkt 39 480 0.08125 1
Node 59 40 13.4536
Pkt 60 750 0.08 1
Pkt 64 800 0.08 1
Rate:160.417
==========
==========80
3 0 2 24000
Node 40 70 22.3607
Pkt 20 250 0.08 1
Pkt 20 250 0.08 1
Node 31 61 21.9545
Pkt 32 400 0.08 1
Pkt 32 400 0.08 1
Node 51 30 20.025
Pkt 60 750 0.08 1
Pkt 60 750 0.08 1
Rate:160
==========
==========81
3 0 2 24000
Node 35 42 17
Pkt 10 120 0.0833333 1
Pkt 12 150 0.08 1
Node 35 65 21.2132
Pkt 32 400 0.08 1
Pkt 32 400 0.08 1
Node 74 55 24.5153
Pkt 60 750 0.08 1
Pkt 64 800 0.08 1
Rate:161.111
==========
==========82
3 0 2 24000
Node 52 41 9.21954
Pkt 12 150 0.08 1
Pkt 10 125 0.08 1
Node 69 29 28.3196
Pkt 24 300 0.08 1
Pkt 39 480 0.08125 1
Node 39 55 12.083
Pkt 60 750 0.08 1
Pkt 60 750 0.08 1
Rate:160.417
==========
==========83
3 0 2 24000
Node 73 40 25.0799
Pkt 16 200 0.08 1
Pkt 10 125 0.08 1
Node 34 68 24.0832
Pkt 24 300 0.08 1
Pkt 26 320 0.08125 1
Node 73 64 26.9258
Pkt 60 750 0.08 1
Pkt 60 750 0.08 1
Rate:160.417
==========
==========84
3 0 2 24000
Node 61 57 13.0384
Pkt 20 250 0.08 1
Pkt 8 100 0.08 1
Node 43 46 8.06226
Pkt 24 300 0.08 1
Pkt 30 375 0.08 1
Node 33 72 27.8029
Pkt 64 800 0.08 1
Pkt 60 750 0.08 1
Rate:160
==========
==========85
3 0 2 24000
Node 45 67 17.72
Pkt 20 250 0.08 1
Pkt 8 100 0.08 1
Node 69 54 19.4165
Pkt 24 300 0.08 1
Pkt 39 480 0.08125 1
Node 65 30 25
Pkt 64 800 0.08 1
Pkt 64 800 0.08 1
Rate:160.417
==========
==========86
3 0 2 24000
Node 62 45 13
Pkt 8 100 0.08 1
Pkt 20 250 0.08 1
Node 49 35 15.0333
Pkt 24 300 0.08 1
Pkt 39 480 0.08125 1
Node 30 36 24.4131
Pkt 60 750 0.08 1
Pkt 64 800 0.08 1
Rate:160.417
==========
==========87
3 0 2 24000
Node 50 51 1
Pkt 16 200 0.08 1
Pkt 16 200 0.08 1
Node 58 44 10
Pkt 24 300 0.08 1
Pkt 26 320 0.08125 1
Node 41 51 9.05539
Pkt 60 750 0.08 1
Pkt 64 800 0.08 1
Rate:160.417
==========
==========88
3 0 2 24000
Node 32 68 25.4558
Pkt 10 120 0.0833333 1
Pkt 20 250 0.08 1
Node 48 40 10.198
Pkt 39 480 0.08125 1
Pkt 30 375 0.08 1
Node 67 64 22.0227
Pkt 64 800 0.08 1
Pkt 64 800 0.08 1
Rate:161.528
==========
==========89
3 0 2 24000
Node 55 39 12.083
Pkt 16 200 0.08 1
Pkt 16 192 0.0833333 1
Node 47 59 9.48683
Pkt 30 375 0.08 1
Pkt 30 375 0.08 1
Node 41 57 11.4018
Pkt 60 750 0.08 1
Pkt 64 800 0.08 1
Rate:161.111
==========
==========90
3 0 2 24000
Node 49 50 1
Pkt 16 192 0.0833333 1
Pkt 16 192 0.0833333 1
Node 40 35 18.0278
Pkt 24 300 0.08 1
Pkt 32 400 0.08 1
Node 74 43 25
Pkt 64 800 0.08 1
Pkt 60 750 0.08 1
Rate:162.222
==========
==========91
3 0 2 24000
Node 38 66 20
Pkt 13 160 0.08125 1
Pkt 16 200 0.08 1
Node 51 35 15.0333
Pkt 30 375 0.08 1
Pkt 30 375 0.08 1
Node 30 49 20.025
Pkt 64 800 0.08 1
Pkt 64 800 0.08 1
Rate:160.417
==========
==========92
3 0 2 24000
Node 51 72 22.0227
Pkt 10 120 0.0833333 1
Pkt 13 160 0.08125 1
Node 44 54 7.2111
Pkt 26 320 0.08125 1
Pkt 30 375 0.08 1
Node 32 39 21.095
Pkt 64 800 0.08 1
Pkt 64 800 0.08 1
Rate:161.944
==========
==========93
3 0 2 24000
Node 53 26 24.1868
Pkt 20 250 0.08 1
Pkt 16 200 0.08 1
Node 38 67 20.8087
Pkt 39 480 0.08125 1
Pkt 30 375 0.08 1
Node 43 45 8.60233
Pkt 60 750 0.08 1
Pkt 60 750 0.08 1
Rate:160.417
==========
==========94
3 0 2 24000
Node 73 38 25.9422
Pkt 16 200 0.08 1
Pkt 10 120 0.0833333 1
Node 27 28 31.8277
Pkt 39 480 0.08125 1
Pkt 24 300 0.08 1
Node 33 51 17.0294
Pkt 64 800 0.08 1
Pkt 60 750 0.08 1
Rate:161.528
==========
==========95
3 0 2 24000
Node 61 67 20.2485
Pkt 20 240 0.0833333 1
Pkt 20 240 0.0833333 1
Node 69 37 23.0217
Pkt 39 480 0.08125 1
Pkt 30 375 0.08 1
Node 68 56 18.9737
Pkt 64 800 0.08 1
Pkt 60 750 0.08 1
Rate:162.639
==========
==========96
3 0 2 24000
Node 46 64 14.5602
Pkt 10 120 0.0833333 1
Pkt 8 100 0.08 1
Node 35 39 18.6011
Pkt 30 375 0.08 1
Pkt 30 375 0.08 1
Node 46 62 12.6491
Pkt 64 800 0.08 1
Pkt 64 800 0.08 1
Rate:161.111
==========
==========97
3 0 2 24000
Node 37 32 22.2036
Pkt 12 150 0.08 1
Pkt 20 240 0.0833333 1
Node 68 34 24.0832
Pkt 39 480 0.08125 1
Pkt 32 400 0.08 1
Node 56 41 10.8167
Pkt 64 800 0.08 1
Pkt 64 800 0.08 1
Rate:161.528
==========
==========98
3 0 2 24000
Node 70 61 22.8254
Pkt 20 250 0.08 1
Pkt 20 250 0.08 1
Node 62 43 13.8924
Pkt 24 300 0.08 1
Pkt 32 400 0.08 1
Node 49 43 7.07107
Pkt 64 800 0.08 1
Pkt 60 750 0.08 1
Rate:160
==========
==========99
