3 0 2 24000
Node 37 25 28.178
Pkt 3 125 0.024 1
Pkt 2 100 0.02 1
Node 45 73 23.5372
Pkt 10 480 0.0208333 1
Pkt 6 300 0.02 1
Node 56 63 14.3178
Pkt 16 800 0.02 1
Pkt 16 800 0.02 1
Rate:41.6111
==========
==========0
3 0 2 24000
Node 32 42 19.6977
Pkt 3 150 0.02 1
Pkt 2 100 0.02 1
Node 52 32 18.1108
Pkt 8 375 0.0213333 1
Pkt 8 375 0.0213333 1
Node 40 47 10.4403
Pkt 15 750 0.02 1
Pkt 16 800 0.02 1
Rate:40.8889
==========
==========1
3 0 2 24000
Node 47 54 5
Pkt 3 150 0.02 1
Pkt 4 200 0.02 1
Node 61 70 22.8254
Pkt 8 375 0.0213333 1
Pkt 6 300 0.02 1
Node 74 69 30.6105
Pkt 15 750 0.02 1
Pkt 15 750 0.02 1
Rate:40.4444
==========
==========2
3 0 2 24000
Node 36 66 21.2603
Pkt 3 120 0.025 1
Pkt 5 240 0.0208333 1
Node 56 72 22.8035
Pkt 7 320 0.021875 1
Pkt 7 320 0.021875 1
Node 50 55 5
Pkt 16 800 0.02 1
Pkt 15 750 0.02 1
Rate:43.1944
==========
==========3
3 0 2 24000
Node 56 71 21.8403
Pkt 4 200 0.02 1
Pkt 3 120 0.025 1
Node 42 46 8.94427
Pkt 7 320 0.021875 1
Pkt 6 300 0.02 1
Node 40 65 18.0278
Pkt 16 800 0.02 1
Pkt 15 750 0.02 1
Rate:42.2917
==========
==========4
3 0 2 24000
Node 36 28 26.0768
Pkt 5 250 0.02 1
Pkt 3 120 0.025 1
Node 58 56 10
Pkt 7 320 0.021875 1
Pkt 10 480 0.0208333 1
Node 62 31 22.4722
Pkt 16 800 0.02 1
Pkt 15 750 0.02 1
Rate:42.5694
==========
==========5
3 0 2 24000
Node 59 38 15
Pkt 4 192 0.0208333 1
Pkt 2 100 0.02 1
Node 47 51 3.16228
Pkt 6 300 0.02 1
Pkt 7 320 0.021875 1
Node 34 67 23.3452
Pkt 15 750 0.02 1
Pkt 15 750 0.02 1
Rate:40.9028
==========
==========6
3 0 2 24000
Node 36 53 14.3178
Pkt 3 120 0.025 1
Pkt 3 150 0.02 1
Node 51 28 22.0227
Pkt 10 480 0.0208333 1
Pkt 8 400 0.02 1
Node 72 29 30.4138
Pkt 16 800 0.02 1
Pkt 16 800 0.02 1
Rate:41.9444
==========
==========7
3 0 2 24000
Node 68 61 21.095
Pkt 3 125 0.024 1
Pkt 4 160 0.025 1
Node 70 74 31.241
Pkt 10 480 0.0208333 1
Pkt 8 400 0.02 1
Node 29 69 28.3196
Pkt 16 800 0.02 1
Pkt 16 800 0.02 1
Rate:43.2778
==========
==========8
3 0 2 24000
Node 60 64 17.2047
Pkt 4 200 0.02 1
Pkt 5 240 0.0208333 1
Node 35 63 19.8494
Pkt 10 480 0.0208333 1
Pkt 8 375 0.0213333 1
Node 63 62 17.6918
Pkt 16 800 0.02 1
Pkt 16 800 0.02 1
Rate:41
==========
==========9
3 0 2 24000
Node 55 63 13.9284
Pkt 3 150 0.02 1
Pkt 4 200 0.02 1
Node 67 41 19.2354
Pkt 10 480 0.0208333 1
Pkt 8 400 0.02 1
Node 73 74 33.2415
Pkt 15 750 0.02 1
Pkt 16 800 0.02 1
Rate:40.2778
==========
==========10
3 0 2 24000
Node 41 49 9.05539
Pkt 3 125 0.024 1
Pkt 2 100 0.02 1
Node 40 67 19.7231
Pkt 7 320 0.021875 1
Pkt 6 300 0.02 1
Node 41 26 25.632
Pkt 16 800 0.02 1
Pkt 15 750 0.02 1
Rate:41.9583
==========
==========11
3 0 2 24000
Node 68 29 27.6586
Pkt 3 125 0.024 1
Pkt 3 150 0.02 1
Node 74 72 32.5576
Pkt 7 320 0.021875 1
Pkt 10 480 0.0208333 1
Node 51 48 2.23607
Pkt 15 750 0.02 1
Pkt 16 800 0.02 1
Rate:42.2361
==========
==========12
3 0 2 24000
Node 74 38 26.8328
Pkt 4 200 0.02 1
Pkt 4 192 0.0208333 1
Node 52 73 23.0868
Pkt 8 400 0.02 1
Pkt 7 320 0.021875 1
Node 36 43 15.6525
Pkt 15 750 0.02 1
Pkt 16 800 0.02 1
Rate:40.9028
==========
==========13
3 0 2 24000
Node 59 30 21.9317
Pkt 2 100 0.02 1
Pkt 5 250 0.02 1
Node 29 27 31.1448
Pkt 8 375 0.0213333 1
Pkt 6 300 0.02 1
Node 28 32 28.4253
Pkt 15 750 0.02 1
Pkt 16 800 0.02 1
Rate:40.4444
==========
==========14
3 0 2 24000
Node 30 59 21.9317
Pkt 3 150 0.02 1
Pkt 3 120 0.025 1
Node 26 39 26.4008
Pkt 10 480 0.0208333 1
Pkt 7 320 0.021875 1
Node 30 44 20.8806
Pkt 15 750 0.02 1
Pkt 16 800 0.02 1
Rate:42.5694
==========
==========15
3 0 2 24000
Node 36 57 15.6525
Pkt 4 192 0.0208333 1
Pkt 3 125 0.024 1
Node 73 64 26.9258
Pkt 6 300 0.02 1
Pkt 10 480 0.0208333 1
Node 62 39 16.2788
Pkt 15 750 0.02 1
Pkt 15 750 0.02 1
Rate:41.8889
==========
==========16
3 0 2 24000
Node 53 45 5.83095
Pkt 5 240 0.0208333 1
Pkt 5 250 0.02 1
Node 66 47 16.2788
Pkt 7 320 0.021875 1
Pkt 7 320 0.021875 1
Node 58 52 8.24621
Pkt 16 800 0.02 1
Pkt 15 750 0.02 1
Rate:41.5278
==========
==========17
3 0 2 24000
Node 73 52 23.0868
Pkt 4 160 0.025 1
Pkt 4 160 0.025 1
Node 45 56 7.81025
Pkt 8 400 0.02 1
Pkt 7 320 0.021875 1
Node 64 37 19.105
Pkt 16 800 0.02 1
Pkt 16 800 0.02 1
Rate:43.9583
==========
==========18
3 0 2 24000
Node 40 26 26
Pkt 3 120 0.025 1
Pkt 4 200 0.02 1
Node 30 33 26.2488
Pkt 8 400 0.02 1
Pkt 7 320 0.021875 1
Node 39 35 18.6011
Pkt 15 750 0.02 1
Pkt 16 800 0.02 1
Rate:42.2917
==========
==========19
3 0 2 24000
Node 61 38 16.2788
Pkt 4 160 0.025 1
Pkt 5 240 0.0208333 1
Node 60 40 14.1421
Pkt 10 480 0.0208333 1
Pkt 10 480 0.0208333 1
Node 35 61 18.6011
Pkt 15 750 0.02 1
Pkt 15 750 0.02 1
Rate:42.5
==========
==========20
3 0 2 24000
Node 51 42 8.06226
Pkt 4 160 0.025 1
Pkt 4 200 0.02 1
Node 36 55 14.8661
Pkt 10 480 0.0208333 1
Pkt 8 375 0.0213333 1
Node 73 52 23.0868
Pkt 16 800 0.02 1
Pkt 15 750 0.02 1
Rate:42.3889
==========
==========21
3 0 2 24000
Node 36 58 16.1245
Pkt 4 200 0.02 1
Pkt 5 240 0.0208333 1
Node 67 35 22.6716
Pkt 6 300 0.02 1
Pkt 8 375 0.0213333 1
Node 49 40 10.0499
Pkt 16 800 0.02 1
Pkt 16 800 0.02 1
Rate:40.7222
==========
==========22
3 0 2 24000
Node 66 40 18.868
Pkt 2 100 0.02 1
Pkt 4 192 0.0208333 1
Node 29 29 29.6985
Pkt 7 320 0.021875 1
Pkt 6 300 0.02 1
Node 41 40 13.4536
Pkt 15 750 0.02 1
Pkt 15 750 0.02 1
Rate:40.9028
==========
==========23
3 0 2 24000
Node 32 40 20.5913
Pkt 4 200 0.02 1
Pkt 5 250 0.02 1
Node 40 49 10.0499
Pkt 8 375 0.0213333 1
Pkt 10 480 0.0208333 1
Node 51 30 20.025
Pkt 16 800 0.02 1
Pkt 16 800 0.02 1
Rate:40.7222
==========
==========24
3 0 2 24000
Node 62 69 22.4722
Pkt 4 160 0.025 1
Pkt 4 192 0.0208333 1
Node 31 72 29.0689
Pkt 6 300 0.02 1
Pkt 6 300 0.02 1
Node 25 29 32.6497
Pkt 16 800 0.02 1
Pkt 16 800 0.02 1
Rate:41.9444
==========
==========25
3 0 2 24000
Node 69 35 24.2074
Pkt 4 160 0.025 1
Pkt 4 200 0.02 1
Node 38 39 16.2788
Pkt 8 400 0.02 1
Pkt 10 480 0.0208333 1
Node 25 61 27.313
Pkt 16 800 0.02 1
Pkt 15 750 0.02 1
Rate:41.9444
==========
==========26
3 0 2 24000
Node 37 28 25.5539
Pkt 3 150 0.02 1
Pkt 3 150 0.02 1
Node 55 74 24.5153
Pkt 8 375 0.0213333 1
Pkt 8 375 0.0213333 1
Node 59 34 18.3576
Pkt 16 800 0.02 1
Pkt 16 800 0.02 1
Rate:40.8889
==========
==========27
3 0 2 24000
Node 29 42 22.4722
Pkt 5 250 0.02 1
Pkt 4 192 0.0208333 1
Node 29 70 29
Pkt 8 375 0.0213333 1
Pkt 6 300 0.02 1
Node 39 61 15.5563
Pkt 16 800 0.02 1
Pkt 15 750 0.02 1
Rate:40.7222
==========
==========28
3 0 2 24000
Node 65 38 19.2094
Pkt 4 200 0.02 1
Pkt 3 120 0.025 1
Node 48 37 13.1529
Pkt 10 480 0.0208333 1
Pkt 8 400 0.02 1
Node 50 36 14
Pkt 15 750 0.02 1
Pkt 16 800 0.02 1
Rate:41.9444
==========
==========29
3 0 2 24000
Node 66 54 16.4924
Pkt 5 240 0.0208333 1
Pkt 5 250 0.02 1
Node 25 30 32.0156
Pkt 10 480 0.0208333 1
Pkt 7 320 0.021875 1
Node 28 57 23.0868
Pkt 15 750 0.02 1
Pkt 16 800 0.02 1
Rate:41.1806
==========
==========30
3 0 2 24000
Node 48 66 16.1245
Pkt 5 240 0.0208333 1
Pkt 3 125 0.024 1
Node 66 60 18.868
Pkt 8 375 0.0213333 1
Pkt 6 300 0.02 1
Node 67 71 27.0185
Pkt 15 750 0.02 1
Pkt 16 800 0.02 1
Rate:42.0556
==========
==========31
3 0 2 24000
Node 45 57 8.60233
Pkt 5 250 0.02 1
Pkt 2 100 0.02 1
Node 72 67 27.8029
Pkt 6 300 0.02 1
Pkt 6 300 0.02 1
Node 50 52 2
Pkt 15 750 0.02 1
Pkt 15 750 0.02 1
Rate:40
==========
==========32
3 0 2 24000
Node 50 37 13
Pkt 2 100 0.02 1
Pkt 3 125 0.024 1
Node 40 64 17.2047
Pkt 6 300 0.02 1
Pkt 8 400 0.02 1
Node 52 33 17.1172
Pkt 15 750 0.02 1
Pkt 16 800 0.02 1
Rate:41.3333
==========
==========33
3 0 2 24000
Node 29 50 21
Pkt 4 192 0.0208333 1
Pkt 5 250 0.02 1
Node 51 54 4.12311
Pkt 6 300 0.02 1
Pkt 10 480 0.0208333 1
Node 47 46 5
Pkt 16 800 0.02 1
Pkt 15 750 0.02 1
Rate:40.5556
==========
==========34
3 0 2 24000
Node 41 37 15.8114
Pkt 3 125 0.024 1
Pkt 4 200 0.02 1
Node 68 64 22.8035
Pkt 8 375 0.0213333 1
Pkt 6 300 0.02 1
Node 66 44 17.088
Pkt 15 750 0.02 1
Pkt 15 750 0.02 1
Rate:41.7778
==========
==========35
3 0 2 24000
Node 59 71 22.8473
Pkt 2 100 0.02 1
Pkt 5 250 0.02 1
Node 29 29 29.6985
Pkt 8 400 0.02 1
Pkt 8 375 0.0213333 1
Node 29 72 30.4138
Pkt 16 800 0.02 1
Pkt 15 750 0.02 1
Rate:40.4444
==========
==========36
3 0 2 24000
Node 49 41 9.05539
Pkt 4 160 0.025 1
Pkt 3 125 0.024 1
Node 28 63 25.5539
Pkt 10 480 0.0208333 1
Pkt 8 400 0.02 1
Node 67 53 17.2627
Pkt 15 750 0.02 1
Pkt 15 750 0.02 1
Rate:43.2778
==========
==========37
3 0 2 24000
Node 32 34 24.0832
Pkt 5 250 0.02 1
Pkt 4 200 0.02 1
Node 46 49 4.12311
Pkt 10 480 0.0208333 1
Pkt 7 320 0.021875 1
Node 71 48 21.095
Pkt 15 750 0.02 1
Pkt 15 750 0.02 1
Rate:40.9028
==========
==========38
3 0 2 24000
Node 30 66 25.6125
Pkt 5 240 0.0208333 1
Pkt 4 192 0.0208333 1
Node 40 60 14.1421
Pkt 8 400 0.02 1
Pkt 8 375 0.0213333 1
Node 74 51 24.0208
Pkt 16 800 0.02 1
Pkt 15 750 0.02 1
Rate:41
==========
==========39
3 0 2 24000
Node 55 41 10.2956
Pkt 3 120 0.025 1
Pkt 4 200 0.02 1
Node 63 68 22.2036
Pkt 10 480 0.0208333 1
Pkt 7 320 0.021875 1
Node 70 54 20.3961
Pkt 16 800 0.02 1
Pkt 16 800 0.02 1
Rate:42.5694
==========
==========40
3 0 2 24000
Node 61 73 25.4951
Pkt 3 120 0.025 1
Pkt 4 192 0.0208333 1
Node 27 74 33.2415
Pkt 8 400 0.02 1
Pkt 10 480 0.0208333 1
Node 43 50 7
Pkt 15 750 0.02 1
Pkt 16 800 0.02 1
Rate:42.2222
==========
==========41
3 0 2 24000
Node 63 55 13.9284
Pkt 5 240 0.0208333 1
Pkt 4 200 0.02 1
Node 37 64 19.105
Pkt 10 480 0.0208333 1
Pkt 10 480 0.0208333 1
Node 51 54 4.12311
Pkt 16 800 0.02 1
Pkt 15 750 0.02 1
Rate:40.8333
==========
==========42
3 0 2 24000
Node 68 27 29.2062
Pkt 3 150 0.02 1
Pkt 4 200 0.02 1
Node 32 66 24.0832
Pkt 7 320 0.021875 1
Pkt 8 375 0.0213333 1
Node 31 58 20.6155
Pkt 16 800 0.02 1
Pkt 15 750 0.02 1
Rate:41.0694
==========
==========43
3 0 2 24000
Node 55 48 5.38516
Pkt 4 200 0.02 1
Pkt 3 150 0.02 1
Node 73 26 33.2415
Pkt 8 375 0.0213333 1
Pkt 8 400 0.02 1
Node 49 52 2.23607
Pkt 16 800 0.02 1
Pkt 16 800 0.02 1
Rate:40.4444
==========
==========44
3 0 2 24000
Node 56 43 9.21954
Pkt 4 160 0.025 1
Pkt 3 120 0.025 1
Node 26 52 24.0832
Pkt 8 400 0.02 1
Pkt 10 480 0.0208333 1
Node 74 71 31.8904
Pkt 16 800 0.02 1
Pkt 16 800 0.02 1
Rate:43.6111
==========
==========45
3 0 2 24000
Node 59 63 15.8114
Pkt 3 120 0.025 1
Pkt 3 120 0.025 1
Node 48 64 14.1421
Pkt 6 300 0.02 1
Pkt 6 300 0.02 1
Node 43 73 24.0416
Pkt 15 750 0.02 1
Pkt 15 750 0.02 1
Rate:43.3333
==========
==========46
3 0 2 24000
Node 28 72 31.1127
Pkt 5 250 0.02 1
Pkt 3 150 0.02 1
Node 31 58 20.6155
Pkt 10 480 0.0208333 1
Pkt 7 320 0.021875 1
Node 53 49 3.16228
Pkt 16 800 0.02 1
Pkt 15 750 0.02 1
Rate:40.9028
==========
==========47
3 0 2 24000
Node 54 47 5
Pkt 3 125 0.024 1
Pkt 3 120 0.025 1
Node 43 54 8.06226
Pkt 8 400 0.02 1
Pkt 8 400 0.02 1
Node 72 45 22.561
Pkt 16 800 0.02 1
Pkt 15 750 0.02 1
Rate:43
==========
==========48
3 0 2 24000
Node 59 69 21.0238
Pkt 5 250 0.02 1
Pkt 3 125 0.024 1
Node 35 63 19.8494
Pkt 10 480 0.0208333 1
Pkt 7 320 0.021875 1
Node 43 43 9.89949
Pkt 15 750 0.02 1
Pkt 15 750 0.02 1
Rate:42.2361
==========
==========49
3 0 2 24000
Node 28 52 22.0907
Pkt 5 240 0.0208333 1
Pkt 4 192 0.0208333 1
Node 43 28 23.0868
Pkt 8 375 0.0213333 1
Pkt 6 300 0.02 1
Node 42 58 11.3137
Pkt 16 800 0.02 1
Pkt 15 750 0.02 1
Rate:41
==========
==========50
3 0 2 24000
Node 71 69 28.3196
Pkt 2 100 0.02 1
Pkt 5 240 0.0208333 1
Node 43 37 14.7648
Pkt 8 400 0.02 1
Pkt 10 480 0.0208333 1
Node 43 38 13.8924
Pkt 16 800 0.02 1
Pkt 15 750 0.02 1
Rate:40.5556
==========
==========51
3 0 2 24000
Node 53 39 11.4018
Pkt 4 192 0.0208333 1
Pkt 5 250 0.02 1
Node 68 46 18.4391
Pkt 6 300 0.02 1
Pkt 10 480 0.0208333 1
Node 30 74 31.241
Pkt 16 800 0.02 1
Pkt 16 800 0.02 1
Rate:40.5556
==========
==========52
3 0 2 24000
Node 69 69 26.8701
Pkt 4 192 0.0208333 1
Pkt 3 125 0.024 1
Node 59 37 15.8114
Pkt 6 300 0.02 1
Pkt 8 400 0.02 1
Node 47 58 8.544
Pkt 16 800 0.02 1
Pkt 16 800 0.02 1
Rate:41.6111
==========
==========53
3 0 2 24000
Node 45 37 13.9284
Pkt 2 100 0.02 1
Pkt 3 125 0.024 1
Node 56 44 8.48528
Pkt 6 300 0.02 1
Pkt 8 400 0.02 1
Node 72 47 22.2036
Pkt 15 750 0.02 1
Pkt 16 800 0.02 1
Rate:41.3333
==========
==========54
3 0 2 24000
Node 38 69 22.4722
Pkt 4 192 0.0208333 1
Pkt 2 100 0.02 1
Node 61 58 13.6015
Pkt 6 300 0.02 1
Pkt 10 480 0.0208333 1
Node 47 27 23.1948
Pkt 15 750 0.02 1
Pkt 15 750 0.02 1
Rate:40.5556
==========
==========55
3 0 2 24000
Node 27 64 26.9258
Pkt 3 150 0.02 1
Pkt 4 192 0.0208333 1
Node 74 71 31.8904
Pkt 10 480 0.0208333 1
Pkt 8 400 0.02 1
Node 61 51 11.0454
Pkt 16 800 0.02 1
Pkt 15 750 0.02 1
Rate:40.5556
==========
==========56
3 0 2 24000
Node 43 59 11.4018
Pkt 3 120 0.025 1
Pkt 3 120 0.025 1
Node 40 36 17.2047
Pkt 7 320 0.021875 1
Pkt 6 300 0.02 1
Node 58 48 8.24621
Pkt 15 750 0.02 1
Pkt 16 800 0.02 1
Rate:43.9583
==========
==========57
3 0 2 24000
Node 41 32 20.1246
Pkt 4 200 0.02 1
Pkt 5 240 0.0208333 1
Node 67 49 17.0294
Pkt 6 300 0.02 1
Pkt 6 300 0.02 1
Node 71 26 31.8904
Pkt 16 800 0.02 1
Pkt 16 800 0.02 1
Rate:40.2778
==========
==========58
3 0 2 24000
Node 41 39 14.2127
Pkt 2 100 0.02 1
Pkt 4 160 0.025 1
Node 69 57 20.2485
Pkt 10 480 0.0208333 1
Pkt 8 375 0.0213333 1
Node 74 32 30
Pkt 16 800 0.02 1
Pkt 15 750 0.02 1
Rate:42.3889
==========
==========59
3 0 2 24000
Node 52 48 2.82843
Pkt 4 192 0.0208333 1
Pkt 5 240 0.0208333 1
Node 57 34 17.4642
Pkt 7 320 0.021875 1
Pkt 7 320 0.021875 1
Node 28 30 29.7321
Pkt 15 750 0.02 1
Pkt 15 750 0.02 1
Rate:41.8056
==========
==========60
3 0 2 24000
Node 56 35 16.1555
Pkt 3 120 0.025 1
Pkt 4 160 0.025 1
Node 25 32 30.8058
Pkt 6 300 0.02 1
Pkt 10 480 0.0208333 1
Node 42 44 10
Pkt 16 800 0.02 1
Pkt 15 750 0.02 1
Rate:43.6111
==========
==========61
3 0 2 24000
Node 61 74 26.4008
Pkt 4 200 0.02 1
Pkt 4 200 0.02 1
Node 29 41 22.8473
Pkt 8 375 0.0213333 1
Pkt 8 375 0.0213333 1
Node 58 74 25.2982
Pkt 15 750 0.02 1
Pkt 16 800 0.02 1
Rate:40.8889
==========
==========62
3 0 2 24000
Node 60 69 21.4709
Pkt 5 240 0.0208333 1
Pkt 4 200 0.02 1
Node 71 44 21.8403
Pkt 6 300 0.02 1
Pkt 10 480 0.0208333 1
Node 71 63 24.6982
Pkt 15 750 0.02 1
Pkt 15 750 0.02 1
Rate:40.5556
==========
==========63
3 0 2 24000
Node 40 44 11.6619
Pkt 4 160 0.025 1
Pkt 5 240 0.0208333 1
Node 37 57 14.7648
Pkt 8 400 0.02 1
Pkt 6 300 0.02 1
Node 68 32 25.4558
Pkt 16 800 0.02 1
Pkt 15 750 0.02 1
Rate:41.9444
==========
==========64
3 0 2 24000
Node 58 59 12.0416
Pkt 3 150 0.02 1
Pkt 5 240 0.0208333 1
Node 49 71 21.0238
Pkt 10 480 0.0208333 1
Pkt 7 320 0.021875 1
Node 59 63 15.8114
Pkt 15 750 0.02 1
Pkt 15 750 0.02 1
Rate:41.1806
==========
==========65
3 0 2 24000
Node 64 51 14.0357
Pkt 3 120 0.025 1
Pkt 5 240 0.0208333 1
Node 66 39 19.4165
Pkt 10 480 0.0208333 1
Pkt 8 375 0.0213333 1
Node 29 74 31.8904
Pkt 15 750 0.02 1
Pkt 15 750 0.02 1
Rate:42.6667
==========
==========66
3 0 2 24000
Node 58 65 17
Pkt 3 125 0.024 1
Pkt 4 200 0.02 1
Node 69 72 29.0689
Pkt 6 300 0.02 1
Pkt 10 480 0.0208333 1
Node 62 31 22.4722
Pkt 15 750 0.02 1
Pkt 16 800 0.02 1
Rate:41.6111
==========
==========67
3 0 2 24000
Node 63 65 19.8494
Pkt 3 125 0.024 1
Pkt 3 125 0.024 1
Node 54 52 4.47214
Pkt 10 480 0.0208333 1
Pkt 7 320 0.021875 1
Node 40 36 17.2047
Pkt 16 800 0.02 1
Pkt 15 750 0.02 1
Rate:43.5694
==========
==========68
3 0 2 24000
Node 48 33 17.1172
Pkt 3 125 0.024 1
Pkt 5 240 0.0208333 1
Node 25 35 29.1548
Pkt 8 400 0.02 1
Pkt 7 320 0.021875 1
Node 54 33 17.4642
Pkt 15 750 0.02 1
Pkt 15 750 0.02 1
Rate:42.2361
==========
==========69
3 0 2 24000
Node 57 54 8.06226
Pkt 2 100 0.02 1
Pkt 5 240 0.0208333 1
Node 73 30 30.4795
Pkt 8 400 0.02 1
Pkt 7 320 0.021875 1
Node 34 53 16.2788
Pkt 16 800 0.02 1
Pkt 16 800 0.02 1
Rate:40.9028
==========
==========70
3 0 2 24000
Node 38 48 12.1655
Pkt 5 250 0.02 1
Pkt 5 250 0.02 1
Node 38 47 12.3693
Pkt 7 320 0.021875 1
Pkt 7 320 0.021875 1
Node 48 40 10.198
Pkt 15 750 0.02 1
Pkt 16 800 0.02 1
Rate:41.25
==========
==========71
3 0 2 24000
Node 30 67 26.2488
Pkt 3 125 0.024 1
Pkt 5 250 0.02 1
Node 48 56 6.32456
Pkt 7 320 0.021875 1
Pkt 8 400 0.02 1
Node 36 27 26.9258
Pkt 15 750 0.02 1
Pkt 15 750 0.02 1
Rate:41.9583
==========
==========72
3 0 2 24000
Node 47 74 24.1868
Pkt 4 160 0.025 1
Pkt 3 120 0.025 1
Node 30 71 29
Pkt 6 300 0.02 1
Pkt 7 320 0.021875 1
Node 54 25 25.318
Pkt 15 750 0.02 1
Pkt 15 750 0.02 1
Rate:43.9583
==========
==========73
3 0 2 24000
Node 53 70 20.2237
Pkt 2 100 0.02 1
Pkt 3 120 0.025 1
Node 40 34 18.868
Pkt 8 375 0.0213333 1
Pkt 6 300 0.02 1
Node 65 72 26.6271
Pkt 16 800 0.02 1
Pkt 16 800 0.02 1
Rate:42.1111
==========
==========74
3 0 2 24000
Node 26 72 32.5576
Pkt 3 125 0.024 1
Pkt 3 150 0.02 1
Node 27 60 25.0799
Pkt 6 300 0.02 1
Pkt 10 480 0.0208333 1
Node 64 72 26.0768
Pkt 16 800 0.02 1
Pkt 16 800 0.02 1
Rate:41.6111
==========
==========75
3 0 2 24000
Node 56 44 8.48528
Pkt 4 200 0.02 1
Pkt 4 200 0.02 1
Node 49 58 8.06226
Pkt 8 400 0.02 1
Pkt 8 375 0.0213333 1
Node 50 56 6
Pkt 16 800 0.02 1
Pkt 16 800 0.02 1
Rate:40.4444
==========
==========76
3 0 2 24000
Node 52 54 4.47214
Pkt 3 120 0.025 1
Pkt 3 120 0.025 1
Node 64 63 19.105
Pkt 8 400 0.02 1
Pkt 6 300 0.02 1
Node 57 37 14.7648
Pkt 15 750 0.02 1
Pkt 16 800 0.02 1
Rate:43.3333
==========
==========77
3 0 2 24000
Node 32 51 18.0278
Pkt 4 160 0.025 1
Pkt 3 120 0.025 1
Node 39 39 15.5563
Pkt 8 400 0.02 1
Pkt 8 375 0.0213333 1
Node 68 30 26.9072
Pkt 15 750 0.02 1
Pkt 16 800 0.02 1
Rate:43.7778
==========
==========78
3 0 2 24000
Node 72 26 32.5576
Pkt 5 240 0.0208333 1
Pkt 5 240 0.0208333 1
Node 54 70 20.3961
Pkt 8 400 0.02 1
Pkt 8 375 0.0213333 1
Node 61 46 11.7047
Pkt 15 750 0.02 1
Pkt 15 750 0.02 1
Rate:41
==========
==========79
3 0 2 24000
Node 52 34 16.1245
Pkt 3 150 0.02 1
Pkt 5 250 0.02 1
Node 71 50 21
Pkt 8 400 0.02 1
Pkt 6 300 0.02 1
Node 44 27 23.7697
Pkt 16 800 0.02 1
Pkt 16 800 0.02 1
Rate:40
==========
==========80
3 0 2 24000
Node 53 58 8.544
Pkt 3 150 0.02 1
Pkt 4 160 0.025 1
Node 28 50 22
Pkt 6 300 0.02 1
Pkt 7 320 0.021875 1
Node 70 25 32.0156
Pkt 16 800 0.02 1
Pkt 15 750 0.02 1
Rate:42.2917
==========
==========81
3 0 2 24000
Node 46 55 6.40312
Pkt 5 240 0.0208333 1
Pkt 4 200 0.02 1
Node 43 62 13.8924
Pkt 6 300 0.02 1
Pkt 6 300 0.02 1
Node 28 43 23.0868
Pkt 16 800 0.02 1
Pkt 15 750 0.02 1
Rate:40.2778
==========
==========82
3 0 2 24000
Node 36 55 14.8661
Pkt 3 125 0.024 1
Pkt 4 192 0.0208333 1
Node 43 33 18.3848
Pkt 10 480 0.0208333 1
Pkt 6 300 0.02 1
Node 73 47 23.1948
Pkt 15 750 0.02 1
Pkt 15 750 0.02 1
Rate:41.8889
==========
==========83
3 0 2 24000
Node 33 43 18.3848
Pkt 3 125 0.024 1
Pkt 5 240 0.0208333 1
Node 44 34 17.088
Pkt 7 320 0.021875 1
Pkt 7 320 0.021875 1
Node 27 40 25.0799
Pkt 16 800 0.02 1
Pkt 15 750 0.02 1
Rate:42.8611
==========
==========84
3 0 2 24000
Node 50 38 12
Pkt 3 150 0.02 1
Pkt 4 160 0.025 1
Node 39 62 16.2788
Pkt 10 480 0.0208333 1
Pkt 10 480 0.0208333 1
Node 41 64 16.6433
Pkt 15 750 0.02 1
Pkt 16 800 0.02 1
Rate:42.2222
==========
==========85
3 0 2 24000
Node 40 48 10.198
Pkt 5 250 0.02 1
Pkt 4 192 0.0208333 1
Node 26 45 24.5153
Pkt 6 300 0.02 1
Pkt 8 375 0.0213333 1
Node 25 38 27.7308
Pkt 16 800 0.02 1
Pkt 16 800 0.02 1
Rate:40.7222
==========
==========86
3 0 2 24000
Node 31 31 26.8701
Pkt 5 250 0.02 1
Pkt 5 240 0.0208333 1
Node 48 73 23.0868
Pkt 6 300 0.02 1
Pkt 8 400 0.02 1
Node 65 40 18.0278
Pkt 16 800 0.02 1
Pkt 15 750 0.02 1
Rate:40.2778
==========
==========87
3 0 2 24000
Node 27 56 23.7697
Pkt 5 250 0.02 1
Pkt 2 100 0.02 1
Node 41 73 24.6982
Pkt 6 300 0.02 1
Pkt 10 480 0.0208333 1
Node 46 26 24.3311
Pkt 16 800 0.02 1
Pkt 15 750 0.02 1
Rate:40.2778
==========
==========88
3 0 2 24000
Node 36 65 20.5183
Pkt 2 100 0.02 1
Pkt 4 160 0.025 1
Node 71 62 24.1868
Pkt 10 480 0.0208333 1
Pkt 10 480 0.0208333 1
Node 51 40 10.0499
Pkt 16 800 0.02 1
Pkt 15 750 0.02 1
Rate:42.2222
==========
==========89
3 0 2 24000
Node 29 41 22.8473
Pkt 3 125 0.024 1
Pkt 4 160 0.025 1
Node 71 69 28.3196
Pkt 10 480 0.0208333 1
Pkt 6 300 0.02 1
Node 40 53 10.4403
Pkt 16 800 0.02 1
Pkt 16 800 0.02 1
Rate:43.2778
==========
==========90
3 0 2 24000
Node 33 63 21.4009
Pkt 3 150 0.02 1
Pkt 4 200 0.02 1
Node 42 31 20.6155
Pkt 8 375 0.0213333 1
Pkt 10 480 0.0208333 1
Node 47 33 17.2627
Pkt 15 750 0.02 1
Pkt 16 800 0.02 1
Rate:40.7222
==========
==========91
3 0 2 24000
Node 27 52 23.0868
Pkt 5 250 0.02 1
Pkt 4 192 0.0208333 1
Node 58 36 16.1245
Pkt 10 480 0.0208333 1
Pkt 7 320 0.021875 1
Node 33 42 18.7883
Pkt 16 800 0.02 1
Pkt 16 800 0.02 1
Rate:41.1806
==========
==========92
3 0 2 24000
Node 41 46 9.84886
Pkt 3 120 0.025 1
Pkt 3 150 0.02 1
Node 60 46 10.7703
Pkt 10 480 0.0208333 1
Pkt 8 375 0.0213333 1
Node 33 26 29.4109
Pkt 16 800 0.02 1
Pkt 15 750 0.02 1
Rate:42.3889
==========
==========93
3 0 2 24000
Node 49 49 1.41421
Pkt 4 192 0.0208333 1
Pkt 4 192 0.0208333 1
Node 26 30 31.241
Pkt 10 480 0.0208333 1
Pkt 10 480 0.0208333 1
Node 48 46 4.47214
Pkt 16 800 0.02 1
Pkt 16 800 0.02 1
Rate:41.1111
==========
==========94
3 0 2 24000
Node 67 74 29.4109
Pkt 4 160 0.025 1
Pkt 2 100 0.02 1
Node 26 29 31.8904
Pkt 6 300 0.02 1
Pkt 7 320 0.021875 1
Node 36 29 25.2389
Pkt 15 750 0.02 1
Pkt 15 750 0.02 1
Rate:42.2917
==========
==========95
3 0 2 24000
Node 54 50 4
Pkt 4 192 0.0208333 1
Pkt 3 120 0.025 1
Node 47 32 18.2483
Pkt 7 320 0.021875 1
Pkt 8 400 0.02 1
Node 28 39 24.5967
Pkt 16 800 0.02 1
Pkt 16 800 0.02 1
Rate:42.5694
==========
==========96
3 0 2 24000
Node 73 49 23.0217
Pkt 4 192 0.0208333 1
Pkt 5 240 0.0208333 1
Node 34 51 16.0312
Pkt 10 480 0.0208333 1
Pkt 6 300 0.02 1
Node 62 33 20.8087
Pkt 16 800 0.02 1
Pkt 16 800 0.02 1
Rate:40.8333
==========
==========97
3 0 2 24000
Node 72 27 31.8277
Pkt 5 250 0.02 1
Pkt 5 250 0.02 1
Node 49 62 12.0416
Pkt 10 480 0.0208333 1
Pkt 10 480 0.0208333 1
Node 43 62 13.8924
Pkt 16 800 0.02 1
Pkt 15 750 0.02 1
Rate:40.5556
==========
==========98
3 0 2 24000
Node 31 73 29.8329
Pkt 2 100 0.02 1
Pkt 5 250 0.02 1
Node 65 27 27.4591
Pkt 10 480 0.0208333 1
Pkt 8 400 0.02 1
Node 67 32 24.7588
Pkt 16 800 0.02 1
Pkt 15 750 0.02 1
Rate:40.2778
==========
==========99
