3 0 2 24000
Node 63 53 13.3417
Pkt 10 240 0.0416667 1
Pkt 6 150 0.04 1
Node 41 59 12.7279
Pkt 13 320 0.040625 1
Pkt 15 375 0.04 1
Node 68 41 20.1246
Pkt 32 800 0.04 1
Pkt 32 800 0.04 1
Rate:80.7639
==========
==========0
3 0 2 24000
Node 35 29 25.807
Pkt 8 200 0.04 1
Pkt 10 240 0.0416667 1
Node 72 40 24.1661
Pkt 12 300 0.04 1
Pkt 15 375 0.04 1
Node 27 53 23.1948
Pkt 30 750 0.04 1
Pkt 30 750 0.04 1
Rate:80.5556
==========
==========1
3 0 2 24000
Node 39 39 15.5563
Pkt 5 125 0.04 1
Pkt 5 120 0.0416667 1
Node 54 60 10.7703
Pkt 15 375 0.04 1
Pkt 16 400 0.04 1
Node 45 66 16.7631
Pkt 30 750 0.04 1
Pkt 32 800 0.04 1
Rate:80.5556
==========
==========2
3 0 2 24000
Node 65 60 18.0278
Pkt 6 150 0.04 1
Pkt 5 125 0.04 1
Node 34 38 20
Pkt 15 375 0.04 1
Pkt 16 400 0.04 1
Node 25 48 25.0799
Pkt 32 800 0.04 1
Pkt 30 750 0.04 1
Rate:80
==========
==========3
3 0 2 24000
Node 47 54 5
Pkt 6 150 0.04 1
Pkt 10 240 0.0416667 1
Node 74 51 24.0208
Pkt 15 375 0.04 1
Pkt 13 320 0.040625 1
Node 27 34 28.0179
Pkt 30 750 0.04 1
Pkt 30 750 0.04 1
Rate:80.7639
==========
==========4
3 0 2 24000
Node 48 26 24.0832
Pkt 8 192 0.0416667 1
Pkt 6 150 0.04 1
Node 33 73 28.6007
Pkt 12 300 0.04 1
Pkt 16 400 0.04 1
Node 44 73 23.7697
Pkt 32 800 0.04 1
Pkt 32 800 0.04 1
Rate:80.5556
==========
==========5
3 0 2 24000
Node 68 30 26.9072
Pkt 5 125 0.04 1
Pkt 7 160 0.04375 1
Node 39 51 11.0454
Pkt 16 400 0.04 1
Pkt 15 375 0.04 1
Node 70 31 27.5862
Pkt 30 750 0.04 1
Pkt 32 800 0.04 1
Rate:81.25
==========
==========6
3 0 2 24000
Node 39 66 19.4165
Pkt 8 200 0.04 1
Pkt 5 120 0.0416667 1
Node 71 40 23.2594
Pkt 13 320 0.040625 1
Pkt 20 480 0.0416667 1
Node 40 26 26
Pkt 32 800 0.04 1
Pkt 32 800 0.04 1
Rate:81.3194
==========
==========7
3 0 2 24000
Node 53 48 3.60555
Pkt 6 150 0.04 1
Pkt 10 240 0.0416667 1
Node 74 36 27.7849
Pkt 12 300 0.04 1
Pkt 16 400 0.04 1
Node 74 44 24.7386
Pkt 30 750 0.04 1
Pkt 30 750 0.04 1
Rate:80.5556
==========
==========8
3 0 2 24000
Node 29 25 32.6497
Pkt 10 250 0.04 1
Pkt 6 150 0.04 1
Node 61 66 19.4165
Pkt 13 320 0.040625 1
Pkt 13 320 0.040625 1
Node 51 72 22.0227
Pkt 30 750 0.04 1
Pkt 30 750 0.04 1
Rate:80.4167
==========
==========9
3 0 2 24000
Node 34 72 27.2029
Pkt 8 192 0.0416667 1
Pkt 10 240 0.0416667 1
Node 48 39 11.1803
Pkt 20 480 0.0416667 1
Pkt 15 375 0.04 1
Node 66 30 25.6125
Pkt 30 750 0.04 1
Pkt 32 800 0.04 1
Rate:81.6667
==========
==========10
3 0 2 24000
Node 46 47 5
Pkt 7 160 0.04375 1
Pkt 8 192 0.0416667 1
Node 33 61 20.2485
Pkt 16 400 0.04 1
Pkt 16 400 0.04 1
Node 25 74 34.6554
Pkt 30 750 0.04 1
Pkt 30 750 0.04 1
Rate:81.8056
==========
==========11
3 0 2 24000
Node 64 36 19.799
Pkt 8 192 0.0416667 1
Pkt 8 200 0.04 1
Node 43 74 25
Pkt 12 300 0.04 1
Pkt 15 375 0.04 1
Node 40 31 21.4709
Pkt 30 750 0.04 1
Pkt 30 750 0.04 1
Rate:80.5556
==========
==========12
3 0 2 24000
Node 43 58 10.6301
Pkt 10 250 0.04 1
Pkt 4 100 0.04 1
Node 34 46 16.4924
Pkt 12 300 0.04 1
Pkt 16 400 0.04 1
Node 59 31 21.0238
Pkt 30 750 0.04 1
Pkt 32 800 0.04 1
Rate:80
==========
==========13
3 0 2 24000
Node 28 33 27.8029
Pkt 6 150 0.04 1
Pkt 4 100 0.04 1
Node 40 40 14.1421
Pkt 15 375 0.04 1
Pkt 20 480 0.0416667 1
Node 45 37 13.9284
Pkt 30 750 0.04 1
Pkt 32 800 0.04 1
Rate:80.5556
==========
==========14
3 0 2 24000
Node 26 63 27.2947
Pkt 7 160 0.04375 1
Pkt 10 240 0.0416667 1
Node 28 69 29.0689
Pkt 12 300 0.04 1
Pkt 20 480 0.0416667 1
Node 68 40 20.5913
Pkt 30 750 0.04 1
Pkt 30 750 0.04 1
Rate:82.3611
==========
==========15
3 0 2 24000
Node 32 26 30
Pkt 8 200 0.04 1
Pkt 7 160 0.04375 1
Node 45 74 24.5153
Pkt 20 480 0.0416667 1
Pkt 16 400 0.04 1
Node 27 64 26.9258
Pkt 32 800 0.04 1
Pkt 30 750 0.04 1
Rate:81.8056
==========
==========16
3 0 2 24000
Node 47 49 3.16228
Pkt 8 192 0.0416667 1
Pkt 4 100 0.04 1
Node 69 33 25.4951
Pkt 13 320 0.040625 1
Pkt 16 400 0.04 1
Node 28 32 28.4253
Pkt 30 750 0.04 1
Pkt 30 750 0.04 1
Rate:80.7639
==========
==========17
3 0 2 24000
Node 39 54 11.7047
Pkt 10 240 0.0416667 1
Pkt 7 160 0.04375 1
Node 29 42 22.4722
Pkt 16 400 0.04 1
Pkt 15 375 0.04 1
Node 50 55 5
Pkt 30 750 0.04 1
Pkt 32 800 0.04 1
Rate:81.8056
==========
==========18
3 0 2 24000
Node 52 40 10.198
Pkt 5 120 0.0416667 1
Pkt 6 150 0.04 1
Node 25 40 26.9258
Pkt 13 320 0.040625 1
Pkt 16 400 0.04 1
Node 40 37 16.4012
Pkt 32 800 0.04 1
Pkt 32 800 0.04 1
Rate:80.7639
==========
==========19
3 0 2 24000
Node 69 27 29.8329
Pkt 4 100 0.04 1
Pkt 4 100 0.04 1
Node 34 33 23.3452
Pkt 16 400 0.04 1
Pkt 20 480 0.0416667 1
Node 73 52 23.0868
Pkt 32 800 0.04 1
Pkt 32 800 0.04 1
Rate:80.5556
==========
==========20
3 0 2 24000
Node 72 71 30.4138
Pkt 8 200 0.04 1
Pkt 10 240 0.0416667 1
Node 35 66 21.9317
Pkt 15 375 0.04 1
Pkt 16 400 0.04 1
Node 62 38 16.9706
Pkt 30 750 0.04 1
Pkt 32 800 0.04 1
Rate:80.5556
==========
==========21
3 0 2 24000
Node 64 38 18.4391
Pkt 8 192 0.0416667 1
Pkt 4 100 0.04 1
Node 67 28 27.8029
Pkt 20 480 0.0416667 1
Pkt 12 300 0.04 1
Node 50 51 1
Pkt 32 800 0.04 1
Pkt 32 800 0.04 1
Rate:81.1111
==========
==========22
3 0 2 24000
Node 61 41 14.2127
Pkt 10 250 0.04 1
Pkt 6 150 0.04 1
Node 55 30 20.6155
Pkt 20 480 0.0416667 1
Pkt 12 300 0.04 1
Node 49 32 18.0278
Pkt 30 750 0.04 1
Pkt 30 750 0.04 1
Rate:80.5556
==========
==========23
3 0 2 24000
Node 58 27 24.3516
Pkt 6 150 0.04 1
Pkt 6 150 0.04 1
Node 68 34 24.0832
Pkt 16 400 0.04 1
Pkt 16 400 0.04 1
Node 44 66 17.088
Pkt 30 750 0.04 1
Pkt 32 800 0.04 1
Rate:80
==========
==========24
3 0 2 24000
Node 26 69 30.6105
Pkt 7 160 0.04375 1
Pkt 6 150 0.04 1
Node 27 56 23.7697
Pkt 20 480 0.0416667 1
Pkt 16 400 0.04 1
Node 60 66 18.868
Pkt 32 800 0.04 1
Pkt 30 750 0.04 1
Rate:81.8056
==========
==========25
3 0 2 24000
Node 47 28 22.2036
Pkt 6 150 0.04 1
Pkt 10 250 0.04 1
Node 67 61 20.2485
Pkt 16 400 0.04 1
Pkt 20 480 0.0416667 1
Node 33 43 18.3848
Pkt 32 800 0.04 1
Pkt 30 750 0.04 1
Rate:80.5556
==========
==========26
3 0 2 24000
Node 38 63 17.6918
Pkt 10 250 0.04 1
Pkt 4 100 0.04 1
Node 44 32 18.9737
Pkt 20 480 0.0416667 1
Pkt 16 400 0.04 1
Node 62 64 18.4391
Pkt 32 800 0.04 1
Pkt 32 800 0.04 1
Rate:80.5556
==========
==========27
3 0 2 24000
Node 38 40 15.6205
Pkt 8 200 0.04 1
Pkt 10 250 0.04 1
Node 48 34 16.1245
Pkt 16 400 0.04 1
Pkt 20 480 0.0416667 1
Node 35 36 20.5183
Pkt 32 800 0.04 1
Pkt 32 800 0.04 1
Rate:80.5556
==========
==========28
3 0 2 24000
Node 56 68 18.9737
Pkt 7 160 0.04375 1
Pkt 7 160 0.04375 1
Node 59 60 13.4536
Pkt 20 480 0.0416667 1
Pkt 13 320 0.040625 1
Node 54 30 20.3961
Pkt 30 750 0.04 1
Pkt 30 750 0.04 1
Rate:83.2639
==========
==========29
3 0 2 24000
Node 39 26 26.4008
Pkt 6 150 0.04 1
Pkt 8 200 0.04 1
Node 33 53 17.2627
Pkt 16 400 0.04 1
Pkt 16 400 0.04 1
Node 57 45 8.60233
Pkt 30 750 0.04 1
Pkt 30 750 0.04 1
Rate:80
==========
==========30
3 0 2 24000
Node 51 62 12.0416
Pkt 4 100 0.04 1
Pkt 5 125 0.04 1
Node 36 72 26.0768
Pkt 20 480 0.0416667 1
Pkt 13 320 0.040625 1
Node 28 41 23.7697
Pkt 30 750 0.04 1
Pkt 30 750 0.04 1
Rate:80.7639
==========
==========31
3 0 2 24000
Node 67 43 18.3848
Pkt 10 250 0.04 1
Pkt 8 200 0.04 1
Node 54 68 18.4391
Pkt 15 375 0.04 1
Pkt 12 300 0.04 1
Node 63 39 17.0294
Pkt 30 750 0.04 1
Pkt 32 800 0.04 1
Rate:80
==========
==========32
3 0 2 24000
Node 70 30 28.2843
Pkt 8 200 0.04 1
Pkt 8 200 0.04 1
Node 60 28 24.1661
Pkt 13 320 0.040625 1
Pkt 16 400 0.04 1
Node 55 61 12.083
Pkt 30 750 0.04 1
Pkt 30 750 0.04 1
Rate:80.2083
==========
==========33
3 0 2 24000
Node 64 52 14.1421
Pkt 7 160 0.04375 1
Pkt 6 150 0.04 1
Node 29 68 27.6586
Pkt 16 400 0.04 1
Pkt 12 300 0.04 1
Node 65 66 21.9317
Pkt 32 800 0.04 1
Pkt 30 750 0.04 1
Rate:81.25
==========
==========34
3 0 2 24000
Node 68 52 18.1108
Pkt 10 240 0.0416667 1
Pkt 10 240 0.0416667 1
Node 72 52 22.0907
Pkt 20 480 0.0416667 1
Pkt 15 375 0.04 1
Node 27 58 24.3516
Pkt 30 750 0.04 1
Pkt 30 750 0.04 1
Rate:81.6667
==========
==========35
3 0 2 24000
Node 62 43 13.8924
Pkt 5 120 0.0416667 1
Pkt 10 250 0.04 1
Node 66 36 21.2603
Pkt 13 320 0.040625 1
Pkt 15 375 0.04 1
Node 40 49 10.0499
Pkt 32 800 0.04 1
Pkt 32 800 0.04 1
Rate:80.7639
==========
==========36
3 0 2 24000
Node 57 27 24.0416
Pkt 4 100 0.04 1
Pkt 5 125 0.04 1
Node 37 63 18.3848
Pkt 16 400 0.04 1
Pkt 15 375 0.04 1
Node 52 62 12.1655
Pkt 30 750 0.04 1
Pkt 32 800 0.04 1
Rate:80
==========
==========37
3 0 2 24000
Node 28 66 27.2029
Pkt 10 250 0.04 1
Pkt 8 200 0.04 1
Node 25 45 25.4951
Pkt 12 300 0.04 1
Pkt 13 320 0.040625 1
Node 42 58 11.3137
Pkt 32 800 0.04 1
Pkt 32 800 0.04 1
Rate:80.2083
==========
==========38
3 0 2 24000
Node 25 63 28.178
Pkt 4 100 0.04 1
Pkt 8 192 0.0416667 1
Node 74 65 28.3019
Pkt 20 480 0.0416667 1
Pkt 16 400 0.04 1
Node 37 28 25.5539
Pkt 32 800 0.04 1
Pkt 32 800 0.04 1
Rate:81.1111
==========
==========39
3 0 2 24000
Node 43 73 24.0416
Pkt 5 120 0.0416667 1
Pkt 4 100 0.04 1
Node 40 52 10.198
Pkt 12 300 0.04 1
Pkt 12 300 0.04 1
Node 39 58 13.6015
Pkt 30 750 0.04 1
Pkt 30 750 0.04 1
Rate:80.5556
==========
==========40
3 0 2 24000
Node 30 33 26.2488
Pkt 4 100 0.04 1
Pkt 10 240 0.0416667 1
Node 49 72 22.0227
Pkt 15 375 0.04 1
Pkt 15 375 0.04 1
Node 70 48 20.0998
Pkt 32 800 0.04 1
Pkt 30 750 0.04 1
Rate:80.5556
==========
==========41
3 0 2 24000
Node 51 38 12.0416
Pkt 10 250 0.04 1
Pkt 8 200 0.04 1
Node 38 44 13.4164
Pkt 12 300 0.04 1
Pkt 12 300 0.04 1
Node 46 45 6.40312
Pkt 30 750 0.04 1
Pkt 30 750 0.04 1
Rate:80
==========
==========42
3 0 2 24000
Node 51 48 2.23607
Pkt 8 192 0.0416667 1
Pkt 5 125 0.04 1
Node 51 58 8.06226
Pkt 12 300 0.04 1
Pkt 13 320 0.040625 1
Node 48 45 5.38516
Pkt 30 750 0.04 1
Pkt 30 750 0.04 1
Rate:80.7639
==========
==========43
3 0 2 24000
Node 36 66 21.2603
Pkt 4 100 0.04 1
Pkt 8 192 0.0416667 1
Node 35 68 23.4307
Pkt 15 375 0.04 1
Pkt 13 320 0.040625 1
Node 35 59 17.4929
Pkt 30 750 0.04 1
Pkt 32 800 0.04 1
Rate:80.7639
==========
==========44
3 0 2 24000
Node 40 43 12.2066
Pkt 8 200 0.04 1
Pkt 10 250 0.04 1
Node 34 43 17.4642
Pkt 20 480 0.0416667 1
Pkt 16 400 0.04 1
Node 74 66 28.8444
Pkt 32 800 0.04 1
Pkt 32 800 0.04 1
Rate:80.5556
==========
==========45
3 0 2 24000
Node 44 60 11.6619
Pkt 10 240 0.0416667 1
Pkt 10 240 0.0416667 1
Node 72 48 22.0907
Pkt 16 400 0.04 1
Pkt 16 400 0.04 1
Node 52 52 2.82843
Pkt 30 750 0.04 1
Pkt 30 750 0.04 1
Rate:81.1111
==========
==========46
3 0 2 24000
Node 55 48 5.38516
Pkt 10 240 0.0416667 1
Pkt 7 160 0.04375 1
Node 42 63 15.2643
Pkt 13 320 0.040625 1
Pkt 13 320 0.040625 1
Node 71 30 29
Pkt 32 800 0.04 1
Pkt 32 800 0.04 1
Rate:82.2222
==========
==========47
3 0 2 24000
Node 35 25 29.1548
Pkt 10 240 0.0416667 1
Pkt 5 120 0.0416667 1
Node 28 28 31.1127
Pkt 12 300 0.04 1
Pkt 20 480 0.0416667 1
Node 36 65 20.5183
Pkt 32 800 0.04 1
Pkt 30 750 0.04 1
Rate:81.6667
==========
==========48
3 0 2 24000
Node 42 40 12.8062
Pkt 10 240 0.0416667 1
Pkt 10 240 0.0416667 1
Node 64 41 16.6433
Pkt 15 375 0.04 1
Pkt 16 400 0.04 1
Node 67 39 20.2485
Pkt 30 750 0.04 1
Pkt 32 800 0.04 1
Rate:81.1111
==========
==========49
3 0 2 24000
Node 37 66 20.6155
Pkt 7 160 0.04375 1
Pkt 5 125 0.04 1
Node 66 56 17.088
Pkt 15 375 0.04 1
Pkt 16 400 0.04 1
Node 39 70 22.8254
Pkt 32 800 0.04 1
Pkt 32 800 0.04 1
Rate:81.25
==========
==========50
3 0 2 24000
Node 35 38 19.2094
Pkt 10 250 0.04 1
Pkt 10 250 0.04 1
Node 69 44 19.9249
Pkt 13 320 0.040625 1
Pkt 12 300 0.04 1
Node 33 62 20.8087
Pkt 32 800 0.04 1
Pkt 30 750 0.04 1
Rate:80.2083
==========
==========51
3 0 2 24000
Node 34 41 18.3576
Pkt 10 240 0.0416667 1
Pkt 5 125 0.04 1
Node 60 56 11.6619
Pkt 16 400 0.04 1
Pkt 20 480 0.0416667 1
Node 50 61 11
Pkt 30 750 0.04 1
Pkt 32 800 0.04 1
Rate:81.1111
==========
==========52
3 0 2 24000
Node 43 45 8.60233
Pkt 6 150 0.04 1
Pkt 4 100 0.04 1
Node 55 41 10.2956
Pkt 20 480 0.0416667 1
Pkt 16 400 0.04 1
Node 64 57 15.6525
Pkt 32 800 0.04 1
Pkt 30 750 0.04 1
Rate:80.5556
==========
==========53
3 0 2 24000
Node 40 38 15.6205
Pkt 4 100 0.04 1
Pkt 10 240 0.0416667 1
Node 56 47 6.7082
Pkt 12 300 0.04 1
Pkt 20 480 0.0416667 1
Node 36 37 19.105
Pkt 32 800 0.04 1
Pkt 30 750 0.04 1
Rate:81.1111
==========
==========54
3 0 2 24000
Node 46 40 10.7703
Pkt 8 192 0.0416667 1
Pkt 10 250 0.04 1
Node 56 46 7.2111
Pkt 13 320 0.040625 1
Pkt 20 480 0.0416667 1
Node 71 33 27.0185
Pkt 30 750 0.04 1
Pkt 30 750 0.04 1
Rate:81.3194
==========
==========55
3 0 2 24000
Node 65 53 15.2971
Pkt 5 125 0.04 1
Pkt 7 160 0.04375 1
Node 73 31 29.8329
Pkt 20 480 0.0416667 1
Pkt 12 300 0.04 1
Node 70 36 24.4131
Pkt 32 800 0.04 1
Pkt 30 750 0.04 1
Rate:81.8056
==========
==========56
3 0 2 24000
Node 32 48 18.1108
Pkt 10 240 0.0416667 1
Pkt 5 120 0.0416667 1
Node 31 48 19.105
Pkt 20 480 0.0416667 1
Pkt 20 480 0.0416667 1
Node 63 43 14.7648
Pkt 32 800 0.04 1
Pkt 32 800 0.04 1
Rate:82.2222
==========
==========57
3 0 2 24000
Node 63 53 13.3417
Pkt 8 200 0.04 1
Pkt 8 192 0.0416667 1
Node 41 67 19.2354
Pkt 13 320 0.040625 1
Pkt 15 375 0.04 1
Node 33 64 22.0227
Pkt 30 750 0.04 1
Pkt 32 800 0.04 1
Rate:80.7639
==========
==========58
3 0 2 24000
Node 67 28 27.8029
Pkt 6 150 0.04 1
Pkt 10 250 0.04 1
Node 57 59 11.4018
Pkt 16 400 0.04 1
Pkt 12 300 0.04 1
Node 45 72 22.561
Pkt 32 800 0.04 1
Pkt 30 750 0.04 1
Rate:80
==========
==========59
3 0 2 24000
Node 61 48 11.1803
Pkt 8 200 0.04 1
Pkt 5 120 0.0416667 1
Node 74 42 25.2982
Pkt 12 300 0.04 1
Pkt 16 400 0.04 1
Node 40 26 26
Pkt 30 750 0.04 1
Pkt 30 750 0.04 1
Rate:80.5556
==========
==========60
3 0 2 24000
Node 74 36 27.7849
Pkt 10 250 0.04 1
Pkt 10 250 0.04 1
Node 62 49 12.0416
Pkt 16 400 0.04 1
Pkt 12 300 0.04 1
Node 57 29 22.1359
Pkt 32 800 0.04 1
Pkt 30 750 0.04 1
Rate:80
==========
==========61
3 0 2 24000
Node 73 38 25.9422
Pkt 5 120 0.0416667 1
Pkt 4 100 0.04 1
Node 31 26 30.6105
Pkt 16 400 0.04 1
Pkt 16 400 0.04 1
Node 49 56 6.08276
Pkt 32 800 0.04 1
Pkt 30 750 0.04 1
Rate:80.5556
==========
==========62
3 0 2 24000
Node 25 71 32.6497
Pkt 10 240 0.0416667 1
Pkt 10 240 0.0416667 1
Node 57 48 7.28011
Pkt 12 300 0.04 1
Pkt 15 375 0.04 1
Node 36 27 26.9258
Pkt 30 750 0.04 1
Pkt 30 750 0.04 1
Rate:81.1111
==========
==========63
3 0 2 24000
Node 67 40 19.7231
Pkt 8 192 0.0416667 1
Pkt 8 200 0.04 1
Node 33 31 25.4951
Pkt 15 375 0.04 1
Pkt 13 320 0.040625 1
Node 72 32 28.4253
Pkt 30 750 0.04 1
Pkt 32 800 0.04 1
Rate:80.7639
==========
==========64
3 0 2 24000
Node 64 60 17.2047
Pkt 5 125 0.04 1
Pkt 10 240 0.0416667 1
Node 34 38 20
Pkt 13 320 0.040625 1
Pkt 13 320 0.040625 1
Node 27 56 23.7697
Pkt 30 750 0.04 1
Pkt 30 750 0.04 1
Rate:80.9722
==========
==========65
3 0 2 24000
Node 33 65 22.6716
Pkt 8 200 0.04 1
Pkt 10 240 0.0416667 1
Node 45 34 16.7631
Pkt 12 300 0.04 1
Pkt 15 375 0.04 1
Node 31 45 19.6469
Pkt 30 750 0.04 1
Pkt 30 750 0.04 1
Rate:80.5556
==========
==========66
3 0 2 24000
Node 39 39 15.5563
Pkt 10 240 0.0416667 1
Pkt 10 250 0.04 1
Node 49 48 2.23607
Pkt 13 320 0.040625 1
Pkt 12 300 0.04 1
Node 43 54 8.06226
Pkt 30 750 0.04 1
Pkt 30 750 0.04 1
Rate:80.7639
==========
==========67
3 0 2 24000
Node 72 72 31.1127
Pkt 5 125 0.04 1
Pkt 10 250 0.04 1
Node 46 27 23.3452
Pkt 12 300 0.04 1
Pkt 12 300 0.04 1
Node 45 40 11.1803
Pkt 30 750 0.04 1
Pkt 32 800 0.04 1
Rate:80
==========
==========68
3 0 2 24000
Node 60 65 18.0278
Pkt 7 160 0.04375 1
Pkt 6 150 0.04 1
Node 63 50 13
Pkt 12 300 0.04 1
Pkt 13 320 0.040625 1
Node 29 38 24.1868
Pkt 32 800 0.04 1
Pkt 30 750 0.04 1
Rate:81.4583
==========
==========69
3 0 2 24000
Node 73 63 26.4197
Pkt 5 120 0.0416667 1
Pkt 5 125 0.04 1
Node 41 26 25.632
Pkt 20 480 0.0416667 1
Pkt 16 400 0.04 1
Node 39 26 26.4008
Pkt 32 800 0.04 1
Pkt 30 750 0.04 1
Rate:81.1111
==========
==========70
3 0 2 24000
Node 64 74 27.7849
Pkt 5 125 0.04 1
Pkt 6 150 0.04 1
Node 38 54 12.6491
Pkt 12 300 0.04 1
Pkt 12 300 0.04 1
Node 30 61 22.8254
Pkt 30 750 0.04 1
Pkt 32 800 0.04 1
Rate:80
==========
==========71
3 0 2 24000
Node 28 73 31.8277
Pkt 8 200 0.04 1
Pkt 4 100 0.04 1
Node 44 74 24.7386
Pkt 20 480 0.0416667 1
Pkt 13 320 0.040625 1
Node 40 56 11.6619
Pkt 32 800 0.04 1
Pkt 32 800 0.04 1
Rate:80.7639
==========
==========72
3 0 2 24000
Node 27 36 26.9258
Pkt 8 192 0.0416667 1
Pkt 5 120 0.0416667 1
Node 66 63 20.6155
Pkt 15 375 0.04 1
Pkt 12 300 0.04 1
Node 47 32 18.2483
Pkt 32 800 0.04 1
Pkt 30 750 0.04 1
Rate:81.1111
==========
==========73
3 0 2 24000
Node 68 66 24.0832
Pkt 5 120 0.0416667 1
Pkt 10 240 0.0416667 1
Node 29 38 24.1868
Pkt 15 375 0.04 1
Pkt 15 375 0.04 1
Node 43 47 7.61577
Pkt 32 800 0.04 1
Pkt 32 800 0.04 1
Rate:81.1111
==========
==========74
3 0 2 24000
Node 43 73 24.0416
Pkt 8 192 0.0416667 1
Pkt 8 192 0.0416667 1
Node 36 61 17.8045
Pkt 15 375 0.04 1
Pkt 12 300 0.04 1
Node 66 61 19.4165
Pkt 30 750 0.04 1
Pkt 32 800 0.04 1
Rate:81.1111
==========
==========75
3 0 2 24000
Node 68 73 29.2062
Pkt 5 120 0.0416667 1
Pkt 5 125 0.04 1
Node 40 43 12.2066
Pkt 16 400 0.04 1
Pkt 20 480 0.0416667 1
Node 61 65 18.6011
Pkt 30 750 0.04 1
Pkt 30 750 0.04 1
Rate:81.1111
==========
==========76
3 0 2 24000
Node 37 63 18.3848
Pkt 8 192 0.0416667 1
Pkt 6 150 0.04 1
Node 73 28 31.8277
Pkt 12 300 0.04 1
Pkt 20 480 0.0416667 1
Node 29 34 26.4008
Pkt 32 800 0.04 1
Pkt 32 800 0.04 1
Rate:81.1111
==========
==========77
3 0 2 24000
Node 27 49 23.0217
Pkt 8 200 0.04 1
Pkt 8 200 0.04 1
Node 58 35 17
Pkt 15 375 0.04 1
Pkt 20 480 0.0416667 1
Node 25 61 27.313
Pkt 30 750 0.04 1
Pkt 30 750 0.04 1
Rate:80.5556
==========
==========78
3 0 2 24000
Node 34 46 16.4924
Pkt 6 150 0.04 1
Pkt 4 100 0.04 1
Node 55 70 20.6155
Pkt 16 400 0.04 1
Pkt 20 480 0.0416667 1
Node 25 44 25.7099
Pkt 32 800 0.04 1
Pkt 32 800 0.04 1
Rate:80.5556
==========
==========79
3 0 2 24000
Node 74 69 30.6105
Pkt 6 150 0.04 1
Pkt 4 100 0.04 1
Node 25 52 25.0799
Pkt 15 375 0.04 1
Pkt 16 400 0.04 1
Node 54 61 11.7047
Pkt 32 800 0.04 1
Pkt 30 750 0.04 1
Rate:80
==========
==========80
3 0 2 24000
Node 71 37 24.6982
Pkt 8 200 0.04 1
Pkt 10 250 0.04 1
Node 31 67 25.4951
Pkt 12 300 0.04 1
Pkt 16 400 0.04 1
Node 41 68 20.1246
Pkt 30 750 0.04 1
Pkt 30 750 0.04 1
Rate:80
==========
==========81
3 0 2 24000
Node 26 54 24.3311
Pkt 5 125 0.04 1
Pkt 10 250 0.04 1
Node 35 66 21.9317
Pkt 13 320 0.040625 1
Pkt 12 300 0.04 1
Node 54 33 17.4642
Pkt 32 800 0.04 1
Pkt 32 800 0.04 1
Rate:80.2083
==========
==========82
3 0 2 24000
Node 36 31 23.6008
Pkt 6 150 0.04 1
Pkt 10 250 0.04 1
Node 72 48 22.0907
Pkt 13 320 0.040625 1
Pkt 16 400 0.04 1
Node 65 60 18.0278
Pkt 32 800 0.04 1
Pkt 30 750 0.04 1
Rate:80.2083
==========
==========83
3 0 2 24000
Node 66 57 17.4642
Pkt 5 125 0.04 1
Pkt 5 125 0.04 1
Node 25 47 25.1794
Pkt 13 320 0.040625 1
Pkt 12 300 0.04 1
Node 47 29 21.2132
Pkt 30 750 0.04 1
Pkt 32 800 0.04 1
Rate:80.2083
==========
==========84
3 0 2 24000
Node 41 57 11.4018
Pkt 7 160 0.04375 1
Pkt 6 150 0.04 1
Node 54 66 16.4924
Pkt 16 400 0.04 1
Pkt 16 400 0.04 1
Node 26 37 27.2947
Pkt 30 750 0.04 1
Pkt 30 750 0.04 1
Rate:81.25
==========
==========85
3 0 2 24000
Node 32 41 20.1246
Pkt 6 150 0.04 1
Pkt 10 250 0.04 1
Node 44 49 6.08276
Pkt 13 320 0.040625 1
Pkt 12 300 0.04 1
Node 60 33 19.7231
Pkt 32 800 0.04 1
Pkt 32 800 0.04 1
Rate:80.2083
==========
==========86
3 0 2 24000
Node 67 40 19.7231
Pkt 10 250 0.04 1
Pkt 4 100 0.04 1
Node 50 43 7
Pkt 13 320 0.040625 1
Pkt 13 320 0.040625 1
Node 34 61 19.4165
Pkt 32 800 0.04 1
Pkt 30 750 0.04 1
Rate:80.4167
==========
==========87
3 0 2 24000
Node 57 53 7.61577
Pkt 7 160 0.04375 1
Pkt 10 240 0.0416667 1
Node 60 59 13.4536
Pkt 15 375 0.04 1
Pkt 20 480 0.0416667 1
Node 64 69 23.6008
Pkt 32 800 0.04 1
Pkt 32 800 0.04 1
Rate:82.3611
==========
==========88
3 0 2 24000
Node 62 43 13.8924
Pkt 5 125 0.04 1
Pkt 7 160 0.04375 1
Node 54 33 17.4642
Pkt 16 400 0.04 1
Pkt 16 400 0.04 1
Node 65 42 17
Pkt 32 800 0.04 1
Pkt 32 800 0.04 1
Rate:81.25
==========
==========89
3 0 2 24000
Node 74 54 24.3311
Pkt 10 250 0.04 1
Pkt 5 125 0.04 1
Node 65 52 15.1327
Pkt 15 375 0.04 1
Pkt 13 320 0.040625 1
Node 29 31 28.3196
Pkt 30 750 0.04 1
Pkt 32 800 0.04 1
Rate:80.2083
==========
==========90
3 0 2 24000
Node 36 68 22.8035
Pkt 8 200 0.04 1
Pkt 7 160 0.04375 1
Node 53 73 23.1948
Pkt 20 480 0.0416667 1
Pkt 20 480 0.0416667 1
Node 32 60 20.5913
Pkt 32 800 0.04 1
Pkt 30 750 0.04 1
Rate:82.3611
==========
==========91
3 0 2 24000
Node 41 56 10.8167
Pkt 7 160 0.04375 1
Pkt 5 125 0.04 1
Node 40 40 14.1421
Pkt 13 320 0.040625 1
Pkt 16 400 0.04 1
Node 58 42 11.3137
Pkt 32 800 0.04 1
Pkt 32 800 0.04 1
Rate:81.4583
==========
==========92
3 0 2 24000
Node 25 45 25.4951
Pkt 10 250 0.04 1
Pkt 8 200 0.04 1
Node 32 59 20.1246
Pkt 15 375 0.04 1
Pkt 15 375 0.04 1
Node 26 33 29.4109
Pkt 30 750 0.04 1
Pkt 32 800 0.04 1
Rate:80
==========
==========93
3 0 2 24000
Node 44 39 12.53
Pkt 4 100 0.04 1
Pkt 8 192 0.0416667 1
Node 63 64 19.105
Pkt 20 480 0.0416667 1
Pkt 20 480 0.0416667 1
Node 58 30 21.5407
Pkt 32 800 0.04 1
Pkt 30 750 0.04 1
Rate:81.6667
==========
==========94
3 0 2 24000
Node 70 26 31.241
Pkt 4 100 0.04 1
Pkt 4 100 0.04 1
Node 73 46 23.3452
Pkt 15 375 0.04 1
Pkt 16 400 0.04 1
Node 32 26 30
Pkt 30 750 0.04 1
Pkt 32 800 0.04 1
Rate:80
==========
==========95
3 0 2 24000
Node 26 74 33.9411
Pkt 10 250 0.04 1
Pkt 7 160 0.04375 1
Node 72 32 28.4253
Pkt 20 480 0.0416667 1
Pkt 15 375 0.04 1
Node 57 55 8.60233
Pkt 30 750 0.04 1
Pkt 32 800 0.04 1
Rate:81.8056
==========
==========96
3 0 2 24000
Node 44 37 14.3178
Pkt 5 125 0.04 1
Pkt 5 125 0.04 1
Node 61 63 17.0294
Pkt 13 320 0.040625 1
Pkt 16 400 0.04 1
Node 66 27 28.0179
Pkt 32 800 0.04 1
Pkt 30 750 0.04 1
Rate:80.2083
==========
==========97
3 0 2 24000
Node 70 72 29.7321
Pkt 4 100 0.04 1
Pkt 10 240 0.0416667 1
Node 48 55 5.38516
Pkt 20 480 0.0416667 1
Pkt 12 300 0.04 1
Node 31 66 24.8395
Pkt 32 800 0.04 1
Pkt 32 800 0.04 1
Rate:81.1111
==========
==========98
3 0 2 24000
Node 68 47 18.2483
Pkt 8 200 0.04 1
Pkt 5 125 0.04 1
Node 27 40 25.0799
Pkt 15 375 0.04 1
Pkt 16 400 0.04 1
Node 50 63 13
Pkt 30 750 0.04 1
Pkt 30 750 0.04 1
Rate:80
==========
==========99
