3 0 2 24000
Node 37 72 25.5539
Pkt 45 250 0.18 1
Pkt 35 192 0.182292 1
Node 55 56 7.81025
Pkt 87 480 0.18125 1
Pkt 54 300 0.18 1
Node 73 52 23.0868
Pkt 135 750 0.18 1
Pkt 144 800 0.18 1
Rate:361.181
==========
==========0
3 0 2 24000
Node 61 46 11.7047
Pkt 22 120 0.183333 1
Pkt 27 150 0.18 1
Node 65 48 15.1327
Pkt 58 320 0.18125 1
Pkt 54 300 0.18 1
Node 55 61 12.083
Pkt 144 800 0.18 1
Pkt 135 750 0.18 1
Rate:361.528
==========
==========1
3 0 2 24000
Node 27 56 23.7697
Pkt 45 250 0.18 1
Pkt 36 200 0.18 1
Node 42 66 17.8885
Pkt 54 300 0.18 1
Pkt 68 375 0.181333 1
Node 29 57 22.1359
Pkt 135 750 0.18 1
Pkt 144 800 0.18 1
Rate:360.444
==========
==========2
3 0 2 24000
Node 58 62 14.4222
Pkt 22 120 0.183333 1
Pkt 45 250 0.18 1
Node 30 54 20.3961
Pkt 87 480 0.18125 1
Pkt 87 480 0.18125 1
Node 60 70 22.3607
Pkt 135 750 0.18 1
Pkt 144 800 0.18 1
Rate:361.944
==========
==========3
3 0 2 24000
Node 67 44 18.0278
Pkt 36 200 0.18 1
Pkt 45 250 0.18 1
Node 74 39 26.4008
Pkt 87 480 0.18125 1
Pkt 68 375 0.181333 1
Node 38 50 12
Pkt 144 800 0.18 1
Pkt 135 750 0.18 1
Rate:360.861
==========
==========4
3 0 2 24000
Node 34 57 17.4642
Pkt 36 200 0.18 1
Pkt 44 240 0.183333 1
Node 70 40 22.3607
Pkt 68 375 0.181333 1
Pkt 72 400 0.18 1
Node 40 69 21.4709
Pkt 135 750 0.18 1
Pkt 144 800 0.18 1
Rate:361.556
==========
==========5
3 0 2 24000
Node 28 48 22.0907
Pkt 29 160 0.18125 1
Pkt 22 120 0.183333 1
Node 31 68 26.1725
Pkt 54 300 0.18 1
Pkt 54 300 0.18 1
Node 49 27 23.0217
Pkt 144 800 0.18 1
Pkt 135 750 0.18 1
Rate:361.528
==========
==========6
3 0 2 24000
Node 43 52 7.28011
Pkt 29 160 0.18125 1
Pkt 44 240 0.183333 1
Node 48 62 12.1655
Pkt 68 375 0.181333 1
Pkt 72 400 0.18 1
Node 57 55 8.60233
Pkt 144 800 0.18 1
Pkt 144 800 0.18 1
Rate:361.972
==========
==========7
3 0 2 24000
Node 56 49 6.08276
Pkt 22 120 0.183333 1
Pkt 35 192 0.182292 1
Node 38 46 12.6491
Pkt 54 300 0.18 1
Pkt 54 300 0.18 1
Node 28 58 23.4094
Pkt 135 750 0.18 1
Pkt 135 750 0.18 1
Rate:361.875
==========
==========8
3 0 2 24000
Node 36 66 21.2603
Pkt 35 192 0.182292 1
Pkt 45 250 0.18 1
Node 26 64 27.7849
Pkt 68 375 0.181333 1
Pkt 68 375 0.181333 1
Node 44 62 13.4164
Pkt 135 750 0.18 1
Pkt 135 750 0.18 1
Rate:361.653
==========
==========9
3 0 2 24000
Node 44 34 17.088
Pkt 27 150 0.18 1
Pkt 44 240 0.183333 1
Node 70 46 20.3961
Pkt 72 400 0.18 1
Pkt 54 300 0.18 1
Node 57 64 15.6525
Pkt 135 750 0.18 1
Pkt 135 750 0.18 1
Rate:361.111
==========
==========10
3 0 2 24000
Node 33 46 17.4642
Pkt 36 200 0.18 1
Pkt 44 240 0.183333 1
Node 47 39 11.4018
Pkt 54 300 0.18 1
Pkt 68 375 0.181333 1
Node 73 38 25.9422
Pkt 144 800 0.18 1
Pkt 144 800 0.18 1
Rate:361.556
==========
==========11
3 0 2 24000
Node 39 54 11.7047
Pkt 23 125 0.184 1
Pkt 44 240 0.183333 1
Node 43 28 23.0868
Pkt 72 400 0.18 1
Pkt 68 375 0.181333 1
Node 25 45 25.4951
Pkt 135 750 0.18 1
Pkt 135 750 0.18 1
Rate:362.889
==========
==========12
3 0 2 24000
Node 30 64 24.4131
Pkt 23 125 0.184 1
Pkt 45 250 0.18 1
Node 72 32 28.4253
Pkt 58 320 0.18125 1
Pkt 87 480 0.18125 1
Node 72 57 23.0868
Pkt 144 800 0.18 1
Pkt 135 750 0.18 1
Rate:362.167
==========
==========13
3 0 2 24000
Node 40 41 13.4536
Pkt 45 250 0.18 1
Pkt 35 192 0.182292 1
Node 64 55 14.8661
Pkt 58 320 0.18125 1
Pkt 58 320 0.18125 1
Node 74 50 24
Pkt 135 750 0.18 1
Pkt 144 800 0.18 1
Rate:361.597
==========
==========14
3 0 2 24000
Node 49 74 24.0208
Pkt 18 100 0.18 1
Pkt 45 250 0.18 1
Node 41 54 9.84886
Pkt 72 400 0.18 1
Pkt 87 480 0.18125 1
Node 28 33 27.8029
Pkt 135 750 0.18 1
Pkt 144 800 0.18 1
Rate:360.417
==========
==========15
3 0 2 24000
Node 33 55 17.72
Pkt 45 250 0.18 1
Pkt 45 250 0.18 1
Node 63 34 20.6155
Pkt 72 400 0.18 1
Pkt 72 400 0.18 1
Node 68 52 18.1108
Pkt 135 750 0.18 1
Pkt 144 800 0.18 1
Rate:360
==========
==========16
3 0 2 24000
Node 36 26 27.7849
Pkt 22 120 0.183333 1
Pkt 36 200 0.18 1
Node 37 27 26.4197
Pkt 54 300 0.18 1
Pkt 68 375 0.181333 1
Node 47 33 17.2627
Pkt 135 750 0.18 1
Pkt 135 750 0.18 1
Rate:361.556
==========
==========17
3 0 2 24000
Node 67 39 20.2485
Pkt 29 160 0.18125 1
Pkt 29 160 0.18125 1
Node 55 61 12.083
Pkt 68 375 0.181333 1
Pkt 58 320 0.18125 1
Node 62 57 13.8924
Pkt 144 800 0.18 1
Pkt 144 800 0.18 1
Rate:361.694
==========
==========18
3 0 2 24000
Node 59 64 16.6433
Pkt 23 125 0.184 1
Pkt 27 150 0.18 1
Node 61 43 13.0384
Pkt 58 320 0.18125 1
Pkt 72 400 0.18 1
Node 33 35 22.6716
Pkt 135 750 0.18 1
Pkt 135 750 0.18 1
Rate:361.75
==========
==========19
3 0 2 24000
Node 71 33 27.0185
Pkt 22 120 0.183333 1
Pkt 45 250 0.18 1
Node 28 63 25.5539
Pkt 54 300 0.18 1
Pkt 87 480 0.18125 1
Node 35 36 20.5183
Pkt 135 750 0.18 1
Pkt 135 750 0.18 1
Rate:361.528
==========
==========20
3 0 2 24000
Node 40 70 22.3607
Pkt 18 100 0.18 1
Pkt 22 120 0.183333 1
Node 48 36 14.1421
Pkt 68 375 0.181333 1
Pkt 68 375 0.181333 1
Node 26 41 25.632
Pkt 144 800 0.18 1
Pkt 144 800 0.18 1
Rate:362
==========
==========21
3 0 2 24000
Node 57 31 20.2485
Pkt 18 100 0.18 1
Pkt 29 160 0.18125 1
Node 56 49 6.08276
Pkt 87 480 0.18125 1
Pkt 58 320 0.18125 1
Node 55 31 19.6469
Pkt 144 800 0.18 1
Pkt 144 800 0.18 1
Rate:361.25
==========
==========22
3 0 2 24000
Node 66 27 28.0179
Pkt 27 150 0.18 1
Pkt 23 125 0.184 1
Node 37 44 14.3178
Pkt 72 400 0.18 1
Pkt 87 480 0.18125 1
Node 25 35 29.1548
Pkt 144 800 0.18 1
Pkt 135 750 0.18 1
Rate:361.75
==========
==========23
3 0 2 24000
Node 26 28 32.5576
Pkt 29 160 0.18125 1
Pkt 18 100 0.18 1
Node 51 56 6.08276
Pkt 72 400 0.18 1
Pkt 68 375 0.181333 1
Node 73 39 25.4951
Pkt 135 750 0.18 1
Pkt 144 800 0.18 1
Rate:360.861
==========
==========24
3 0 2 24000
Node 45 34 16.7631
Pkt 36 200 0.18 1
Pkt 44 240 0.183333 1
Node 38 68 21.6333
Pkt 68 375 0.181333 1
Pkt 58 320 0.18125 1
Node 57 64 15.6525
Pkt 135 750 0.18 1
Pkt 135 750 0.18 1
Rate:361.972
==========
==========25
3 0 2 24000
Node 48 59 9.21954
Pkt 35 192 0.182292 1
Pkt 29 160 0.18125 1
Node 58 45 9.43398
Pkt 58 320 0.18125 1
Pkt 58 320 0.18125 1
Node 66 73 28.0179
Pkt 144 800 0.18 1
Pkt 144 800 0.18 1
Rate:362.014
==========
==========26
3 0 2 24000
Node 32 66 24.0832
Pkt 45 250 0.18 1
Pkt 35 192 0.182292 1
Node 47 46 5
Pkt 58 320 0.18125 1
Pkt 54 300 0.18 1
Node 28 46 22.3607
Pkt 135 750 0.18 1
Pkt 135 750 0.18 1
Rate:361.181
==========
==========27
3 0 2 24000
Node 44 31 19.9249
Pkt 22 120 0.183333 1
Pkt 18 100 0.18 1
Node 55 30 20.6155
Pkt 58 320 0.18125 1
Pkt 54 300 0.18 1
Node 58 45 9.43398
Pkt 135 750 0.18 1
Pkt 135 750 0.18 1
Rate:361.528
==========
==========28
3 0 2 24000
Node 47 31 19.2354
Pkt 36 200 0.18 1
Pkt 36 200 0.18 1
Node 56 32 18.9737
Pkt 68 375 0.181333 1
Pkt 58 320 0.18125 1
Node 74 38 26.8328
Pkt 135 750 0.18 1
Pkt 135 750 0.18 1
Rate:360.861
==========
==========29
3 0 2 24000
Node 57 55 8.60233
Pkt 18 100 0.18 1
Pkt 18 100 0.18 1
Node 40 30 22.3607
Pkt 54 300 0.18 1
Pkt 54 300 0.18 1
Node 59 65 17.4929
Pkt 144 800 0.18 1
Pkt 135 750 0.18 1
Rate:360
==========
==========30
3 0 2 24000
Node 54 28 22.3607
Pkt 45 250 0.18 1
Pkt 18 100 0.18 1
Node 70 59 21.9317
Pkt 54 300 0.18 1
Pkt 54 300 0.18 1
Node 69 64 23.6008
Pkt 135 750 0.18 1
Pkt 135 750 0.18 1
Rate:360
==========
==========31
3 0 2 24000
Node 31 39 21.9545
Pkt 22 120 0.183333 1
Pkt 29 160 0.18125 1
Node 63 32 22.2036
Pkt 68 375 0.181333 1
Pkt 54 300 0.18 1
Node 37 30 23.8537
Pkt 144 800 0.18 1
Pkt 144 800 0.18 1
Rate:361.972
==========
==========32
3 0 2 24000
Node 38 48 12.1655
Pkt 45 250 0.18 1
Pkt 27 150 0.18 1
Node 59 54 9.84886
Pkt 87 480 0.18125 1
Pkt 68 375 0.181333 1
Node 35 27 27.4591
Pkt 135 750 0.18 1
Pkt 135 750 0.18 1
Rate:360.861
==========
==========33
3 0 2 24000
Node 48 27 23.0868
Pkt 22 120 0.183333 1
Pkt 29 160 0.18125 1
Node 37 55 13.9284
Pkt 72 400 0.18 1
Pkt 87 480 0.18125 1
Node 33 68 24.7588
Pkt 135 750 0.18 1
Pkt 135 750 0.18 1
Rate:361.944
==========
==========34
3 0 2 24000
Node 45 33 17.72
Pkt 45 250 0.18 1
Pkt 23 125 0.184 1
Node 59 38 15
Pkt 58 320 0.18125 1
Pkt 54 300 0.18 1
Node 26 61 26.4008
Pkt 135 750 0.18 1
Pkt 144 800 0.18 1
Rate:361.75
==========
==========35
3 0 2 24000
Node 68 53 18.2483
Pkt 36 200 0.18 1
Pkt 23 125 0.184 1
Node 28 53 22.2036
Pkt 58 320 0.18125 1
Pkt 58 320 0.18125 1
Node 37 28 25.5539
Pkt 135 750 0.18 1
Pkt 144 800 0.18 1
Rate:362.167
==========
==========36
3 0 2 24000
Node 26 50 24
Pkt 29 160 0.18125 1
Pkt 27 150 0.18 1
Node 64 34 21.2603
Pkt 54 300 0.18 1
Pkt 54 300 0.18 1
Node 54 69 19.4165
Pkt 144 800 0.18 1
Pkt 135 750 0.18 1
Rate:360.417
==========
==========37
3 0 2 24000
Node 57 69 20.2485
Pkt 29 160 0.18125 1
Pkt 45 250 0.18 1
Node 49 44 6.08276
Pkt 68 375 0.181333 1
Pkt 54 300 0.18 1
Node 70 63 23.8537
Pkt 144 800 0.18 1
Pkt 135 750 0.18 1
Rate:360.861
==========
==========38
3 0 2 24000
Node 43 74 25
Pkt 45 250 0.18 1
Pkt 23 125 0.184 1
Node 74 48 24.0832
Pkt 87 480 0.18125 1
Pkt 54 300 0.18 1
Node 34 26 28.8444
Pkt 144 800 0.18 1
Pkt 144 800 0.18 1
Rate:361.75
==========
==========39
3 0 2 24000
Node 45 44 7.81025
Pkt 23 125 0.184 1
Pkt 29 160 0.18125 1
Node 46 70 20.3961
Pkt 72 400 0.18 1
Pkt 54 300 0.18 1
Node 32 58 19.6977
Pkt 135 750 0.18 1
Pkt 144 800 0.18 1
Rate:361.75
==========
==========40
3 0 2 24000
Node 39 26 26.4008
Pkt 44 240 0.183333 1
Pkt 23 125 0.184 1
Node 25 48 25.0799
Pkt 72 400 0.18 1
Pkt 58 320 0.18125 1
Node 65 63 19.8494
Pkt 135 750 0.18 1
Pkt 144 800 0.18 1
Rate:362.861
==========
==========41
3 0 2 24000
Node 47 59 9.48683
Pkt 45 250 0.18 1
Pkt 45 250 0.18 1
Node 34 61 19.4165
Pkt 54 300 0.18 1
Pkt 68 375 0.181333 1
Node 50 38 12
Pkt 135 750 0.18 1
Pkt 144 800 0.18 1
Rate:360.444
==========
==========42
3 0 2 24000
Node 71 67 27.0185
Pkt 18 100 0.18 1
Pkt 36 200 0.18 1
Node 57 59 11.4018
Pkt 58 320 0.18125 1
Pkt 54 300 0.18 1
Node 60 34 18.868
Pkt 144 800 0.18 1
Pkt 144 800 0.18 1
Rate:360.417
==========
==========43
3 0 2 24000
Node 50 62 12
Pkt 27 150 0.18 1
Pkt 23 125 0.184 1
Node 42 67 18.7883
Pkt 58 320 0.18125 1
Pkt 58 320 0.18125 1
Node 50 64 14
Pkt 135 750 0.18 1
Pkt 144 800 0.18 1
Rate:362.167
==========
==========44
3 0 2 24000
Node 54 73 23.3452
Pkt 29 160 0.18125 1
Pkt 23 125 0.184 1
Node 56 69 19.9249
Pkt 54 300 0.18 1
Pkt 54 300 0.18 1
Node 34 50 16
Pkt 135 750 0.18 1
Pkt 144 800 0.18 1
Rate:361.75
==========
==========45
3 0 2 24000
Node 68 59 20.1246
Pkt 23 125 0.184 1
Pkt 36 200 0.18 1
Node 41 70 21.9317
Pkt 87 480 0.18125 1
Pkt 72 400 0.18 1
Node 60 45 11.1803
Pkt 144 800 0.18 1
Pkt 135 750 0.18 1
Rate:361.75
==========
==========46
3 0 2 24000
Node 55 33 17.72
Pkt 18 100 0.18 1
Pkt 27 150 0.18 1
Node 40 37 16.4012
Pkt 54 300 0.18 1
Pkt 68 375 0.181333 1
Node 56 57 9.21954
Pkt 144 800 0.18 1
Pkt 144 800 0.18 1
Rate:360.444
==========
==========47
3 0 2 24000
Node 33 27 28.6007
Pkt 18 100 0.18 1
Pkt 23 125 0.184 1
Node 35 56 16.1555
Pkt 54 300 0.18 1
Pkt 58 320 0.18125 1
Node 42 71 22.4722
Pkt 144 800 0.18 1
Pkt 144 800 0.18 1
Rate:361.75
==========
==========48
3 0 2 24000
Node 46 34 16.4924
Pkt 44 240 0.183333 1
Pkt 23 125 0.184 1
Node 70 31 27.5862
Pkt 68 375 0.181333 1
Pkt 72 400 0.18 1
Node 45 57 8.60233
Pkt 144 800 0.18 1
Pkt 144 800 0.18 1
Rate:362.889
==========
==========49
3 0 2 24000
Node 38 37 17.6918
Pkt 27 150 0.18 1
Pkt 36 200 0.18 1
Node 27 69 29.8329
Pkt 58 320 0.18125 1
Pkt 72 400 0.18 1
Node 40 64 17.2047
Pkt 144 800 0.18 1
Pkt 144 800 0.18 1
Rate:360.417
==========
==========50
3 0 2 24000
Node 63 51 13.0384
Pkt 35 192 0.182292 1
Pkt 22 120 0.183333 1
Node 28 32 28.4253
Pkt 72 400 0.18 1
Pkt 68 375 0.181333 1
Node 39 51 11.0454
Pkt 135 750 0.18 1
Pkt 144 800 0.18 1
Rate:362.319
==========
==========51
3 0 2 24000
Node 74 52 24.0832
Pkt 36 200 0.18 1
Pkt 29 160 0.18125 1
Node 50 51 1
Pkt 87 480 0.18125 1
Pkt 68 375 0.181333 1
Node 65 52 15.1327
Pkt 144 800 0.18 1
Pkt 135 750 0.18 1
Rate:361.278
==========
==========52
3 0 2 24000
Node 65 41 17.4929
Pkt 45 250 0.18 1
Pkt 45 250 0.18 1
Node 63 63 18.3848
Pkt 68 375 0.181333 1
Pkt 68 375 0.181333 1
Node 37 33 21.4009
Pkt 144 800 0.18 1
Pkt 144 800 0.18 1
Rate:360.889
==========
==========53
3 0 2 24000
Node 41 65 17.4929
Pkt 29 160 0.18125 1
Pkt 45 250 0.18 1
Node 25 30 32.0156
Pkt 54 300 0.18 1
Pkt 68 375 0.181333 1
Node 53 52 3.60555
Pkt 135 750 0.18 1
Pkt 135 750 0.18 1
Rate:360.861
==========
==========54
3 0 2 24000
Node 35 52 15.1327
Pkt 29 160 0.18125 1
Pkt 23 125 0.184 1
Node 32 48 18.1108
Pkt 72 400 0.18 1
Pkt 68 375 0.181333 1
Node 48 37 13.1529
Pkt 135 750 0.18 1
Pkt 135 750 0.18 1
Rate:362.194
==========
==========55
3 0 2 24000
Node 45 59 10.2956
Pkt 29 160 0.18125 1
Pkt 18 100 0.18 1
Node 70 69 27.5862
Pkt 87 480 0.18125 1
Pkt 58 320 0.18125 1
Node 39 34 19.4165
Pkt 135 750 0.18 1
Pkt 135 750 0.18 1
Rate:361.25
==========
==========56
3 0 2 24000
Node 48 35 15.1327
Pkt 44 240 0.183333 1
Pkt 44 240 0.183333 1
Node 53 33 17.2627
Pkt 72 400 0.18 1
Pkt 87 480 0.18125 1
Node 51 63 13.0384
Pkt 144 800 0.18 1
Pkt 135 750 0.18 1
Rate:362.639
==========
==========57
3 0 2 24000
Node 35 66 21.9317
Pkt 27 150 0.18 1
Pkt 44 240 0.183333 1
Node 72 57 23.0868
Pkt 68 375 0.181333 1
Pkt 58 320 0.18125 1
Node 55 29 21.587
Pkt 144 800 0.18 1
Pkt 144 800 0.18 1
Rate:361.972
==========
==========58
3 0 2 24000
Node 41 50 9
Pkt 23 125 0.184 1
Pkt 27 150 0.18 1
Node 64 25 28.6531
Pkt 54 300 0.18 1
Pkt 87 480 0.18125 1
Node 73 30 30.4795
Pkt 135 750 0.18 1
Pkt 135 750 0.18 1
Rate:361.75
==========
==========59
3 0 2 24000
Node 64 26 27.7849
Pkt 27 150 0.18 1
Pkt 29 160 0.18125 1
Node 67 37 21.4009
Pkt 68 375 0.181333 1
Pkt 68 375 0.181333 1
Node 31 54 19.4165
Pkt 144 800 0.18 1
Pkt 135 750 0.18 1
Rate:361.306
==========
==========60
3 0 2 24000
Node 61 50 11
Pkt 36 200 0.18 1
Pkt 36 200 0.18 1
Node 73 57 24.0416
Pkt 58 320 0.18125 1
Pkt 54 300 0.18 1
Node 73 57 24.0416
Pkt 144 800 0.18 1
Pkt 144 800 0.18 1
Rate:360.417
==========
==========61
3 0 2 24000
Node 40 48 10.198
Pkt 23 125 0.184 1
Pkt 35 192 0.182292 1
Node 56 71 21.8403
Pkt 54 300 0.18 1
Pkt 58 320 0.18125 1
Node 59 72 23.7697
Pkt 135 750 0.18 1
Pkt 135 750 0.18 1
Rate:362.514
==========
==========62
3 0 2 24000
Node 51 27 23.0217
Pkt 22 120 0.183333 1
Pkt 36 200 0.18 1
Node 55 33 17.72
Pkt 87 480 0.18125 1
Pkt 72 400 0.18 1
Node 48 45 5.38516
Pkt 135 750 0.18 1
Pkt 144 800 0.18 1
Rate:361.528
==========
==========63
3 0 2 24000
Node 52 57 7.28011
Pkt 36 200 0.18 1
Pkt 29 160 0.18125 1
Node 56 38 13.4164
Pkt 72 400 0.18 1
Pkt 54 300 0.18 1
Node 66 55 16.7631
Pkt 144 800 0.18 1
Pkt 135 750 0.18 1
Rate:360.417
==========
==========64
3 0 2 24000
Node 46 65 15.5242
Pkt 27 150 0.18 1
Pkt 27 150 0.18 1
Node 35 27 27.4591
Pkt 54 300 0.18 1
Pkt 68 375 0.181333 1
Node 57 48 7.28011
Pkt 144 800 0.18 1
Pkt 144 800 0.18 1
Rate:360.444
==========
==========65
3 0 2 24000
Node 52 70 20.0998
Pkt 36 200 0.18 1
Pkt 45 250 0.18 1
Node 30 39 22.8254
Pkt 87 480 0.18125 1
Pkt 54 300 0.18 1
Node 32 70 26.9072
Pkt 135 750 0.18 1
Pkt 144 800 0.18 1
Rate:360.417
==========
==========66
3 0 2 24000
Node 73 26 33.2415
Pkt 45 250 0.18 1
Pkt 35 192 0.182292 1
Node 64 71 25.2389
Pkt 54 300 0.18 1
Pkt 72 400 0.18 1
Node 40 73 25.0799
Pkt 144 800 0.18 1
Pkt 135 750 0.18 1
Rate:360.764
==========
==========67
3 0 2 24000
Node 62 32 21.6333
Pkt 18 100 0.18 1
Pkt 35 192 0.182292 1
Node 54 58 8.94427
Pkt 58 320 0.18125 1
Pkt 68 375 0.181333 1
Node 29 46 21.3776
Pkt 135 750 0.18 1
Pkt 135 750 0.18 1
Rate:361.625
==========
==========68
3 0 2 24000
Node 72 37 25.5539
Pkt 45 250 0.18 1
Pkt 45 250 0.18 1
Node 49 74 24.0208
Pkt 58 320 0.18125 1
Pkt 87 480 0.18125 1
Node 53 70 20.2237
Pkt 135 750 0.18 1
Pkt 144 800 0.18 1
Rate:360.833
==========
==========69
3 0 2 24000
Node 71 57 22.1359
Pkt 36 200 0.18 1
Pkt 18 100 0.18 1
Node 69 30 27.5862
Pkt 68 375 0.181333 1
Pkt 58 320 0.18125 1
Node 72 56 22.8035
Pkt 144 800 0.18 1
Pkt 135 750 0.18 1
Rate:360.861
==========
==========70
3 0 2 24000
Node 32 54 18.4391
Pkt 22 120 0.183333 1
Pkt 35 192 0.182292 1
Node 51 46 4.12311
Pkt 58 320 0.18125 1
Pkt 68 375 0.181333 1
Node 63 67 21.4009
Pkt 144 800 0.18 1
Pkt 135 750 0.18 1
Rate:362.736
==========
==========71
3 0 2 24000
Node 31 69 26.8701
Pkt 27 150 0.18 1
Pkt 23 125 0.184 1
Node 51 59 9.05539
Pkt 72 400 0.18 1
Pkt 87 480 0.18125 1
Node 73 70 30.4795
Pkt 135 750 0.18 1
Pkt 144 800 0.18 1
Rate:361.75
==========
==========72
3 0 2 24000
Node 65 58 17
Pkt 44 240 0.183333 1
Pkt 18 100 0.18 1
Node 69 55 19.6469
Pkt 87 480 0.18125 1
Pkt 54 300 0.18 1
Node 63 65 19.8494
Pkt 144 800 0.18 1
Pkt 135 750 0.18 1
Rate:361.528
==========
==========73
3 0 2 24000
Node 25 47 25.1794
Pkt 27 150 0.18 1
Pkt 27 150 0.18 1
Node 34 35 21.9317
Pkt 72 400 0.18 1
Pkt 87 480 0.18125 1
Node 36 69 23.6008
Pkt 144 800 0.18 1
Pkt 135 750 0.18 1
Rate:360.417
==========
==========74
3 0 2 24000
Node 67 66 23.3452
Pkt 45 250 0.18 1
Pkt 18 100 0.18 1
Node 58 62 14.4222
Pkt 54 300 0.18 1
Pkt 58 320 0.18125 1
Node 27 59 24.6982
Pkt 135 750 0.18 1
Pkt 144 800 0.18 1
Rate:360.417
==========
==========75
3 0 2 24000
Node 68 73 29.2062
Pkt 22 120 0.183333 1
Pkt 23 125 0.184 1
Node 38 31 22.4722
Pkt 68 375 0.181333 1
Pkt 68 375 0.181333 1
Node 68 29 27.6586
Pkt 144 800 0.18 1
Pkt 144 800 0.18 1
Rate:363.333
==========
==========76
3 0 2 24000
Node 52 28 22.0907
Pkt 35 192 0.182292 1
Pkt 22 120 0.183333 1
Node 40 36 17.2047
Pkt 58 320 0.18125 1
Pkt 68 375 0.181333 1
Node 34 40 18.868
Pkt 144 800 0.18 1
Pkt 144 800 0.18 1
Rate:362.736
==========
==========77
3 0 2 24000
Node 61 66 19.4165
Pkt 36 200 0.18 1
Pkt 18 100 0.18 1
Node 63 42 15.2643
Pkt 72 400 0.18 1
Pkt 68 375 0.181333 1
Node 31 70 27.5862
Pkt 135 750 0.18 1
Pkt 144 800 0.18 1
Rate:360.444
==========
==========78
3 0 2 24000
Node 67 38 20.8087
Pkt 27 150 0.18 1
Pkt 22 120 0.183333 1
Node 39 62 16.2788
Pkt 87 480 0.18125 1
Pkt 68 375 0.181333 1
Node 28 55 22.561
Pkt 135 750 0.18 1
Pkt 144 800 0.18 1
Rate:361.972
==========
==========79
3 0 2 24000
Node 51 54 4.12311
Pkt 44 240 0.183333 1
Pkt 29 160 0.18125 1
Node 65 59 17.4929
Pkt 72 400 0.18 1
Pkt 54 300 0.18 1
Node 70 52 20.0998
Pkt 144 800 0.18 1
Pkt 135 750 0.18 1
Rate:361.528
==========
==========80
3 0 2 24000
Node 42 34 17.8885
Pkt 27 150 0.18 1
Pkt 36 200 0.18 1
Node 43 61 13.0384
Pkt 72 400 0.18 1
Pkt 58 320 0.18125 1
Node 27 57 24.0416
Pkt 144 800 0.18 1
Pkt 135 750 0.18 1
Rate:360.417
==========
==========81
3 0 2 24000
Node 61 35 18.6011
Pkt 23 125 0.184 1
Pkt 36 200 0.18 1
Node 66 58 17.8885
Pkt 68 375 0.181333 1
Pkt 72 400 0.18 1
Node 28 27 31.8277
Pkt 144 800 0.18 1
Pkt 144 800 0.18 1
Rate:361.778
==========
==========82
3 0 2 24000
Node 52 73 23.0868
Pkt 27 150 0.18 1
Pkt 22 120 0.183333 1
Node 28 38 25.0599
Pkt 87 480 0.18125 1
Pkt 72 400 0.18 1
Node 49 64 14.0357
Pkt 144 800 0.18 1
Pkt 135 750 0.18 1
Rate:361.528
==========
==========83
3 0 2 24000
Node 29 66 26.4008
Pkt 36 200 0.18 1
Pkt 23 125 0.184 1
Node 74 37 27.2947
Pkt 68 375 0.181333 1
Pkt 72 400 0.18 1
Node 31 39 21.9545
Pkt 135 750 0.18 1
Pkt 135 750 0.18 1
Rate:361.778
==========
==========84
3 0 2 24000
Node 33 38 20.8087
Pkt 45 250 0.18 1
Pkt 23 125 0.184 1
Node 41 38 15
Pkt 72 400 0.18 1
Pkt 68 375 0.181333 1
Node 38 60 15.6205
Pkt 135 750 0.18 1
Pkt 144 800 0.18 1
Rate:361.778
==========
==========85
3 0 2 24000
Node 47 51 3.16228
Pkt 29 160 0.18125 1
Pkt 22 120 0.183333 1
Node 68 52 18.1108
Pkt 54 300 0.18 1
Pkt 87 480 0.18125 1
Node 52 47 3.60555
Pkt 144 800 0.18 1
Pkt 144 800 0.18 1
Rate:361.944
==========
==========86
3 0 2 24000
Node 27 68 29.2062
Pkt 44 240 0.183333 1
Pkt 29 160 0.18125 1
Node 46 60 10.7703
Pkt 54 300 0.18 1
Pkt 87 480 0.18125 1
Node 40 63 16.4012
Pkt 144 800 0.18 1
Pkt 144 800 0.18 1
Rate:361.944
==========
==========87
3 0 2 24000
Node 55 70 20.6155
Pkt 35 192 0.182292 1
Pkt 18 100 0.18 1
Node 33 53 17.2627
Pkt 87 480 0.18125 1
Pkt 68 375 0.181333 1
Node 30 66 25.6125
Pkt 135 750 0.18 1
Pkt 144 800 0.18 1
Rate:361.625
==========
==========88
3 0 2 24000
Node 25 48 25.0799
Pkt 35 192 0.182292 1
Pkt 27 150 0.18 1
Node 35 35 21.2132
Pkt 87 480 0.18125 1
Pkt 72 400 0.18 1
Node 49 25 25.02
Pkt 144 800 0.18 1
Pkt 135 750 0.18 1
Rate:361.181
==========
==========89
3 0 2 24000
Node 57 71 22.1359
Pkt 44 240 0.183333 1
Pkt 22 120 0.183333 1
Node 31 50 19
Pkt 54 300 0.18 1
Pkt 58 320 0.18125 1
Node 46 59 9.84886
Pkt 144 800 0.18 1
Pkt 135 750 0.18 1
Rate:362.639
==========
==========90
3 0 2 24000
Node 26 44 24.7386
Pkt 29 160 0.18125 1
Pkt 22 120 0.183333 1
Node 42 61 13.6015
Pkt 68 375 0.181333 1
Pkt 54 300 0.18 1
Node 69 54 19.4165
Pkt 144 800 0.18 1
Pkt 144 800 0.18 1
Rate:361.972
==========
==========91
3 0 2 24000
Node 26 59 25.632
Pkt 18 100 0.18 1
Pkt 29 160 0.18125 1
Node 38 26 26.8328
Pkt 72 400 0.18 1
Pkt 72 400 0.18 1
Node 57 43 9.89949
Pkt 135 750 0.18 1
Pkt 135 750 0.18 1
Rate:360.417
==========
==========92
3 0 2 24000
Node 70 47 20.2237
Pkt 36 200 0.18 1
Pkt 44 240 0.183333 1
Node 73 72 31.8277
Pkt 87 480 0.18125 1
Pkt 87 480 0.18125 1
Node 34 48 16.1245
Pkt 144 800 0.18 1
Pkt 135 750 0.18 1
Rate:361.944
==========
==========93
3 0 2 24000
Node 35 27 27.4591
Pkt 45 250 0.18 1
Pkt 22 120 0.183333 1
Node 44 60 11.6619
Pkt 72 400 0.18 1
Pkt 87 480 0.18125 1
Node 44 53 6.7082
Pkt 144 800 0.18 1
Pkt 135 750 0.18 1
Rate:361.528
==========
==========94
3 0 2 24000
Node 36 42 16.1245
Pkt 45 250 0.18 1
Pkt 18 100 0.18 1
Node 54 41 9.84886
Pkt 72 400 0.18 1
Pkt 87 480 0.18125 1
Node 29 39 23.7065
Pkt 144 800 0.18 1
Pkt 144 800 0.18 1
Rate:360.417
==========
==========95
3 0 2 24000
Node 67 25 30.2324
Pkt 35 192 0.182292 1
Pkt 45 250 0.18 1
Node 60 68 20.5913
Pkt 87 480 0.18125 1
Pkt 68 375 0.181333 1
Node 35 57 16.5529
Pkt 144 800 0.18 1
Pkt 135 750 0.18 1
Rate:361.625
==========
==========96
3 0 2 24000
Node 61 32 21.095
Pkt 18 100 0.18 1
Pkt 36 200 0.18 1
Node 43 43 9.89949
Pkt 87 480 0.18125 1
Pkt 68 375 0.181333 1
Node 57 32 19.3132
Pkt 135 750 0.18 1
Pkt 135 750 0.18 1
Rate:360.861
==========
==========97
3 0 2 24000
Node 45 59 10.2956
Pkt 22 120 0.183333 1
Pkt 27 150 0.18 1
Node 40 41 13.4536
Pkt 72 400 0.18 1
Pkt 58 320 0.18125 1
Node 40 35 18.0278
Pkt 144 800 0.18 1
Pkt 144 800 0.18 1
Rate:361.528
==========
==========98
3 0 2 24000
Node 30 73 30.4795
Pkt 35 192 0.182292 1
Pkt 23 125 0.184 1
Node 68 37 22.2036
Pkt 58 320 0.18125 1
Pkt 87 480 0.18125 1
Node 72 69 29.0689
Pkt 135 750 0.18 1
Pkt 135 750 0.18 1
Rate:362.931
==========
==========99
