3 0 2 24000
Node 55 51 5.09902
Pkt 93 192 0.484375 1
Pkt 58 120 0.483333 1
Node 56 69 19.9249
Pkt 231 480 0.48125 1
Pkt 180 375 0.48 1
Node 64 61 17.8045
Pkt 384 800 0.48 1
Pkt 360 750 0.48 1
Rate:962.986
==========
==========0
3 0 2 24000
Node 69 60 21.4709
Pkt 120 250 0.48 1
Pkt 72 150 0.48 1
Node 66 48 16.1245
Pkt 231 480 0.48125 1
Pkt 180 375 0.48 1
Node 60 46 10.7703
Pkt 360 750 0.48 1
Pkt 360 750 0.48 1
Rate:960.417
==========
==========1
3 0 2 24000
Node 46 52 4.47214
Pkt 60 125 0.48 1
Pkt 77 160 0.48125 1
Node 39 61 15.5563
Pkt 231 480 0.48125 1
Pkt 192 400 0.48 1
Node 36 67 22.0227
Pkt 360 750 0.48 1
Pkt 384 800 0.48 1
Rate:960.833
==========
==========2
3 0 2 24000
Node 73 36 26.9258
Pkt 93 192 0.484375 1
Pkt 77 160 0.48125 1
Node 28 48 22.0907
Pkt 180 375 0.48 1
Pkt 231 480 0.48125 1
Node 63 44 14.3178
Pkt 360 750 0.48 1
Pkt 360 750 0.48 1
Rate:962.292
==========
==========3
3 0 2 24000
Node 54 37 13.6015
Pkt 116 240 0.483333 1
Pkt 72 150 0.48 1
Node 31 54 19.4165
Pkt 180 375 0.48 1
Pkt 154 320 0.48125 1
Node 64 68 22.8035
Pkt 384 800 0.48 1
Pkt 360 750 0.48 1
Rate:961.528
==========
==========4
3 0 2 24000
Node 52 71 21.095
Pkt 116 240 0.483333 1
Pkt 96 200 0.48 1
Node 56 33 18.0278
Pkt 192 400 0.48 1
Pkt 192 400 0.48 1
Node 25 69 31.4006
Pkt 384 800 0.48 1
Pkt 360 750 0.48 1
Rate:961.111
==========
==========5
3 0 2 24000
Node 37 74 27.2947
Pkt 60 125 0.48 1
Pkt 58 120 0.483333 1
Node 70 61 22.8254
Pkt 231 480 0.48125 1
Pkt 192 400 0.48 1
Node 47 32 18.2483
Pkt 360 750 0.48 1
Pkt 384 800 0.48 1
Rate:961.528
==========
==========6
3 0 2 24000
Node 50 39 11
Pkt 120 250 0.48 1
Pkt 96 200 0.48 1
Node 48 56 6.32456
Pkt 231 480 0.48125 1
Pkt 192 400 0.48 1
Node 54 30 20.3961
Pkt 360 750 0.48 1
Pkt 384 800 0.48 1
Rate:960.417
==========
==========7
3 0 2 24000
Node 29 28 30.4138
Pkt 93 192 0.484375 1
Pkt 96 200 0.48 1
Node 72 30 29.7321
Pkt 192 400 0.48 1
Pkt 144 300 0.48 1
Node 39 33 20.2485
Pkt 360 750 0.48 1
Pkt 384 800 0.48 1
Rate:961.458
==========
==========8
3 0 2 24000
Node 40 65 18.0278
Pkt 58 120 0.483333 1
Pkt 48 100 0.48 1
Node 69 40 21.4709
Pkt 231 480 0.48125 1
Pkt 192 400 0.48 1
Node 64 71 25.2389
Pkt 384 800 0.48 1
Pkt 384 800 0.48 1
Rate:961.528
==========
==========9
3 0 2 24000
Node 55 26 24.5153
Pkt 96 200 0.48 1
Pkt 48 100 0.48 1
Node 26 46 24.3311
Pkt 144 300 0.48 1
Pkt 192 400 0.48 1
Node 70 44 20.8806
Pkt 384 800 0.48 1
Pkt 360 750 0.48 1
Rate:960
==========
==========10
3 0 2 24000
Node 63 66 20.6155
Pkt 96 200 0.48 1
Pkt 116 240 0.483333 1
Node 70 56 20.8806
Pkt 180 375 0.48 1
Pkt 144 300 0.48 1
Node 57 45 8.60233
Pkt 360 750 0.48 1
Pkt 384 800 0.48 1
Rate:961.111
==========
==========11
3 0 2 24000
Node 58 43 10.6301
Pkt 72 150 0.48 1
Pkt 48 100 0.48 1
Node 35 63 19.8494
Pkt 231 480 0.48125 1
Pkt 231 480 0.48125 1
Node 72 43 23.0868
Pkt 384 800 0.48 1
Pkt 360 750 0.48 1
Rate:960.833
==========
==========12
3 0 2 24000
Node 39 48 11.1803
Pkt 116 240 0.483333 1
Pkt 96 200 0.48 1
Node 59 66 18.3576
Pkt 154 320 0.48125 1
Pkt 231 480 0.48125 1
Node 70 45 20.6155
Pkt 384 800 0.48 1
Pkt 384 800 0.48 1
Rate:961.944
==========
==========13
3 0 2 24000
Node 71 64 25.2389
Pkt 96 200 0.48 1
Pkt 77 160 0.48125 1
Node 33 66 23.3452
Pkt 192 400 0.48 1
Pkt 180 375 0.48 1
Node 31 51 19.0263
Pkt 384 800 0.48 1
Pkt 384 800 0.48 1
Rate:960.417
==========
==========14
3 0 2 24000
Node 66 66 22.6274
Pkt 93 192 0.484375 1
Pkt 48 100 0.48 1
Node 67 60 19.7231
Pkt 192 400 0.48 1
Pkt 180 375 0.48 1
Node 44 45 7.81025
Pkt 360 750 0.48 1
Pkt 360 750 0.48 1
Rate:961.458
==========
==========15
3 0 2 24000
Node 72 67 27.8029
Pkt 77 160 0.48125 1
Pkt 93 192 0.484375 1
Node 28 39 24.5967
Pkt 231 480 0.48125 1
Pkt 180 375 0.48 1
Node 54 29 21.3776
Pkt 360 750 0.48 1
Pkt 384 800 0.48 1
Rate:962.292
==========
==========16
3 0 2 24000
Node 63 44 14.3178
Pkt 72 150 0.48 1
Pkt 77 160 0.48125 1
Node 28 68 28.4253
Pkt 180 375 0.48 1
Pkt 180 375 0.48 1
Node 38 28 25.0599
Pkt 360 750 0.48 1
Pkt 360 750 0.48 1
Rate:960.417
==========
==========17
3 0 2 24000
Node 49 52 2.23607
Pkt 72 150 0.48 1
Pkt 60 125 0.48 1
Node 62 29 24.1868
Pkt 180 375 0.48 1
Pkt 192 400 0.48 1
Node 55 41 10.2956
Pkt 360 750 0.48 1
Pkt 384 800 0.48 1
Rate:960
==========
==========18
3 0 2 24000
Node 60 55 11.1803
Pkt 58 120 0.483333 1
Pkt 48 100 0.48 1
Node 52 59 9.21954
Pkt 180 375 0.48 1
Pkt 154 320 0.48125 1
Node 28 66 27.2029
Pkt 360 750 0.48 1
Pkt 384 800 0.48 1
Rate:961.528
==========
==========19
3 0 2 24000
Node 33 55 17.72
Pkt 48 100 0.48 1
Pkt 93 192 0.484375 1
Node 28 39 24.5967
Pkt 180 375 0.48 1
Pkt 180 375 0.48 1
Node 26 61 26.4008
Pkt 360 750 0.48 1
Pkt 384 800 0.48 1
Rate:961.458
==========
==========20
3 0 2 24000
Node 25 60 26.9258
Pkt 58 120 0.483333 1
Pkt 93 192 0.484375 1
Node 44 39 12.53
Pkt 154 320 0.48125 1
Pkt 154 320 0.48125 1
Node 49 63 13.0384
Pkt 384 800 0.48 1
Pkt 360 750 0.48 1
Rate:963.403
==========
==========21
3 0 2 24000
Node 29 73 31.1448
Pkt 58 120 0.483333 1
Pkt 58 120 0.483333 1
Node 59 69 21.0238
Pkt 192 400 0.48 1
Pkt 154 320 0.48125 1
Node 64 73 26.9258
Pkt 384 800 0.48 1
Pkt 360 750 0.48 1
Rate:962.639
==========
==========22
3 0 2 24000
Node 48 35 15.1327
Pkt 96 200 0.48 1
Pkt 96 200 0.48 1
Node 53 27 23.1948
Pkt 180 375 0.48 1
Pkt 231 480 0.48125 1
Node 37 44 14.3178
Pkt 360 750 0.48 1
Pkt 360 750 0.48 1
Rate:960.417
==========
==========23
3 0 2 24000
Node 70 69 27.5862
Pkt 120 250 0.48 1
Pkt 116 240 0.483333 1
Node 73 60 25.0799
Pkt 144 300 0.48 1
Pkt 154 320 0.48125 1
Node 70 36 24.4131
Pkt 384 800 0.48 1
Pkt 384 800 0.48 1
Rate:961.528
==========
==========24
3 0 2 24000
Node 37 36 19.105
Pkt 77 160 0.48125 1
Pkt 77 160 0.48125 1
Node 43 63 14.7648
Pkt 154 320 0.48125 1
Pkt 154 320 0.48125 1
Node 27 69 29.8329
Pkt 360 750 0.48 1
Pkt 384 800 0.48 1
Rate:961.667
==========
==========25
3 0 2 24000
Node 70 33 26.2488
Pkt 116 240 0.483333 1
Pkt 72 150 0.48 1
Node 54 64 14.5602
Pkt 231 480 0.48125 1
Pkt 231 480 0.48125 1
Node 26 30 31.241
Pkt 384 800 0.48 1
Pkt 360 750 0.48 1
Rate:961.944
==========
==========26
3 0 2 24000
Node 25 59 26.5707
Pkt 48 100 0.48 1
Pkt 58 120 0.483333 1
Node 29 40 23.2594
Pkt 154 320 0.48125 1
Pkt 154 320 0.48125 1
Node 34 54 16.4924
Pkt 360 750 0.48 1
Pkt 360 750 0.48 1
Rate:961.944
==========
==========27
3 0 2 24000
Node 41 54 9.84886
Pkt 60 125 0.48 1
Pkt 58 120 0.483333 1
Node 25 52 25.0799
Pkt 154 320 0.48125 1
Pkt 192 400 0.48 1
Node 64 72 26.0768
Pkt 384 800 0.48 1
Pkt 360 750 0.48 1
Rate:961.528
==========
==========28
3 0 2 24000
Node 33 47 17.2627
Pkt 72 150 0.48 1
Pkt 77 160 0.48125 1
Node 53 50 3
Pkt 180 375 0.48 1
Pkt 180 375 0.48 1
Node 33 37 21.4009
Pkt 360 750 0.48 1
Pkt 384 800 0.48 1
Rate:960.417
==========
==========29
3 0 2 24000
Node 39 72 24.5967
Pkt 96 200 0.48 1
Pkt 93 192 0.484375 1
Node 47 63 13.3417
Pkt 192 400 0.48 1
Pkt 231 480 0.48125 1
Node 68 34 24.0832
Pkt 360 750 0.48 1
Pkt 360 750 0.48 1
Rate:961.875
==========
==========30
3 0 2 24000
Node 55 40 11.1803
Pkt 58 120 0.483333 1
Pkt 72 150 0.48 1
Node 59 37 15.8114
Pkt 231 480 0.48125 1
Pkt 192 400 0.48 1
Node 38 55 13
Pkt 360 750 0.48 1
Pkt 360 750 0.48 1
Rate:961.528
==========
==========31
3 0 2 24000
Node 43 41 11.4018
Pkt 58 120 0.483333 1
Pkt 96 200 0.48 1
Node 43 55 8.60233
Pkt 192 400 0.48 1
Pkt 154 320 0.48125 1
Node 35 37 19.8494
Pkt 360 750 0.48 1
Pkt 360 750 0.48 1
Rate:961.528
==========
==========32
3 0 2 24000
Node 60 69 21.4709
Pkt 116 240 0.483333 1
Pkt 58 120 0.483333 1
Node 42 55 9.43398
Pkt 144 300 0.48 1
Pkt 192 400 0.48 1
Node 50 40 10
Pkt 360 750 0.48 1
Pkt 384 800 0.48 1
Rate:962.222
==========
==========33
3 0 2 24000
Node 39 61 15.5563
Pkt 48 100 0.48 1
Pkt 58 120 0.483333 1
Node 33 26 29.4109
Pkt 192 400 0.48 1
Pkt 192 400 0.48 1
Node 54 63 13.6015
Pkt 384 800 0.48 1
Pkt 360 750 0.48 1
Rate:961.111
==========
==========34
3 0 2 24000
Node 49 36 14.0357
Pkt 60 125 0.48 1
Pkt 60 125 0.48 1
Node 38 37 17.6918
Pkt 144 300 0.48 1
Pkt 192 400 0.48 1
Node 58 57 10.6301
Pkt 360 750 0.48 1
Pkt 384 800 0.48 1
Rate:960
==========
==========35
3 0 2 24000
Node 44 38 13.4164
Pkt 120 250 0.48 1
Pkt 93 192 0.484375 1
Node 30 48 20.0998
Pkt 180 375 0.48 1
Pkt 154 320 0.48125 1
Node 25 58 26.2488
Pkt 384 800 0.48 1
Pkt 360 750 0.48 1
Rate:961.875
==========
==========36
3 0 2 24000
Node 70 57 21.1896
Pkt 96 200 0.48 1
Pkt 77 160 0.48125 1
Node 71 40 23.2594
Pkt 231 480 0.48125 1
Pkt 154 320 0.48125 1
Node 74 27 33.2415
Pkt 360 750 0.48 1
Pkt 360 750 0.48 1
Rate:961.25
==========
==========37
3 0 2 24000
Node 57 72 23.0868
Pkt 58 120 0.483333 1
Pkt 116 240 0.483333 1
Node 39 52 11.1803
Pkt 180 375 0.48 1
Pkt 154 320 0.48125 1
Node 56 54 7.2111
Pkt 360 750 0.48 1
Pkt 384 800 0.48 1
Rate:962.639
==========
==========38
3 0 2 24000
Node 54 30 20.3961
Pkt 58 120 0.483333 1
Pkt 93 192 0.484375 1
Node 33 35 22.6716
Pkt 180 375 0.48 1
Pkt 192 400 0.48 1
Node 46 42 8.94427
Pkt 360 750 0.48 1
Pkt 384 800 0.48 1
Rate:962.569
==========
==========39
3 0 2 24000
Node 59 52 9.21954
Pkt 93 192 0.484375 1
Pkt 60 125 0.48 1
Node 41 44 10.8167
Pkt 192 400 0.48 1
Pkt 144 300 0.48 1
Node 71 33 27.0185
Pkt 360 750 0.48 1
Pkt 384 800 0.48 1
Rate:961.458
==========
==========40
3 0 2 24000
Node 70 38 23.3238
Pkt 120 250 0.48 1
Pkt 96 200 0.48 1
Node 59 44 10.8167
Pkt 144 300 0.48 1
Pkt 154 320 0.48125 1
Node 58 62 14.4222
Pkt 384 800 0.48 1
Pkt 360 750 0.48 1
Rate:960.417
==========
==========41
3 0 2 24000
Node 50 69 19
Pkt 96 200 0.48 1
Pkt 116 240 0.483333 1
Node 30 27 30.4795
Pkt 180 375 0.48 1
Pkt 180 375 0.48 1
Node 59 62 15
Pkt 360 750 0.48 1
Pkt 384 800 0.48 1
Rate:961.111
==========
==========42
3 0 2 24000
Node 40 74 26
Pkt 93 192 0.484375 1
Pkt 120 250 0.48 1
Node 31 48 19.105
Pkt 192 400 0.48 1
Pkt 144 300 0.48 1
Node 65 52 15.1327
Pkt 360 750 0.48 1
Pkt 360 750 0.48 1
Rate:961.458
==========
==========43
3 0 2 24000
Node 26 50 24
Pkt 116 240 0.483333 1
Pkt 72 150 0.48 1
Node 74 32 30
Pkt 192 400 0.48 1
Pkt 192 400 0.48 1
Node 44 43 9.21954
Pkt 384 800 0.48 1
Pkt 384 800 0.48 1
Rate:961.111
==========
==========44
3 0 2 24000
Node 56 31 19.9249
Pkt 116 240 0.483333 1
Pkt 96 200 0.48 1
Node 27 26 33.2415
Pkt 144 300 0.48 1
Pkt 144 300 0.48 1
Node 70 74 31.241
Pkt 384 800 0.48 1
Pkt 360 750 0.48 1
Rate:961.111
==========
==========45
3 0 2 24000
Node 25 49 25.02
Pkt 120 250 0.48 1
Pkt 58 120 0.483333 1
Node 72 47 22.2036
Pkt 192 400 0.48 1
Pkt 231 480 0.48125 1
Node 69 64 23.6008
Pkt 384 800 0.48 1
Pkt 384 800 0.48 1
Rate:961.528
==========
==========46
3 0 2 24000
Node 52 38 12.1655
Pkt 72 150 0.48 1
Pkt 120 250 0.48 1
Node 33 70 26.2488
Pkt 231 480 0.48125 1
Pkt 231 480 0.48125 1
Node 72 71 30.4138
Pkt 384 800 0.48 1
Pkt 384 800 0.48 1
Rate:960.833
==========
==========47
3 0 2 24000
Node 27 25 33.9706
Pkt 96 200 0.48 1
Pkt 60 125 0.48 1
Node 65 32 23.4307
Pkt 180 375 0.48 1
Pkt 192 400 0.48 1
Node 55 41 10.2956
Pkt 384 800 0.48 1
Pkt 384 800 0.48 1
Rate:960
==========
==========48
3 0 2 24000
Node 29 41 22.8473
Pkt 96 200 0.48 1
Pkt 116 240 0.483333 1
Node 42 59 12.0416
Pkt 231 480 0.48125 1
Pkt 180 375 0.48 1
Node 58 70 21.5407
Pkt 360 750 0.48 1
Pkt 384 800 0.48 1
Rate:961.528
==========
==========49
3 0 2 24000
Node 51 65 15.0333
Pkt 48 100 0.48 1
Pkt 48 100 0.48 1
Node 52 36 14.1421
Pkt 192 400 0.48 1
Pkt 231 480 0.48125 1
Node 27 39 25.4951
Pkt 360 750 0.48 1
Pkt 384 800 0.48 1
Rate:960.417
==========
==========50
3 0 2 24000
Node 64 46 14.5602
Pkt 96 200 0.48 1
Pkt 58 120 0.483333 1
Node 37 57 14.7648
Pkt 231 480 0.48125 1
Pkt 231 480 0.48125 1
Node 69 73 29.8329
Pkt 360 750 0.48 1
Pkt 360 750 0.48 1
Rate:961.944
==========
==========51
3 0 2 24000
Node 49 39 11.0454
Pkt 60 125 0.48 1
Pkt 60 125 0.48 1
Node 38 72 25.0599
Pkt 180 375 0.48 1
Pkt 144 300 0.48 1
Node 31 31 26.8701
Pkt 384 800 0.48 1
Pkt 384 800 0.48 1
Rate:960
==========
==========52
3 0 2 24000
Node 59 39 14.2127
Pkt 72 150 0.48 1
Pkt 77 160 0.48125 1
Node 62 59 15
Pkt 192 400 0.48 1
Pkt 180 375 0.48 1
Node 73 43 24.0416
Pkt 360 750 0.48 1
Pkt 360 750 0.48 1
Rate:960.417
==========
==========53
3 0 2 24000
Node 40 47 10.4403
Pkt 72 150 0.48 1
Pkt 77 160 0.48125 1
Node 29 30 29
Pkt 180 375 0.48 1
Pkt 154 320 0.48125 1
Node 68 33 24.7588
Pkt 360 750 0.48 1
Pkt 360 750 0.48 1
Rate:960.833
==========
==========54
3 0 2 24000
Node 36 30 24.4131
Pkt 77 160 0.48125 1
Pkt 96 200 0.48 1
Node 46 66 16.4924
Pkt 192 400 0.48 1
Pkt 154 320 0.48125 1
Node 34 31 24.8395
Pkt 384 800 0.48 1
Pkt 384 800 0.48 1
Rate:960.833
==========
==========55
3 0 2 24000
Node 67 59 19.2354
Pkt 72 150 0.48 1
Pkt 93 192 0.484375 1
Node 60 54 10.7703
Pkt 154 320 0.48125 1
Pkt 192 400 0.48 1
Node 55 29 21.587
Pkt 360 750 0.48 1
Pkt 384 800 0.48 1
Rate:961.875
==========
==========56
3 0 2 24000
Node 64 52 14.1421
Pkt 120 250 0.48 1
Pkt 58 120 0.483333 1
Node 28 40 24.1661
Pkt 231 480 0.48125 1
Pkt 192 400 0.48 1
Node 48 39 11.1803
Pkt 360 750 0.48 1
Pkt 384 800 0.48 1
Rate:961.528
==========
==========57
3 0 2 24000
Node 51 47 3.16228
Pkt 77 160 0.48125 1
Pkt 93 192 0.484375 1
Node 42 31 20.6155
Pkt 192 400 0.48 1
Pkt 192 400 0.48 1
Node 30 71 29
Pkt 360 750 0.48 1
Pkt 384 800 0.48 1
Rate:961.875
==========
==========58
3 0 2 24000
Node 37 46 13.6015
Pkt 58 120 0.483333 1
Pkt 48 100 0.48 1
Node 27 48 23.0868
Pkt 180 375 0.48 1
Pkt 192 400 0.48 1
Node 26 57 25
Pkt 384 800 0.48 1
Pkt 384 800 0.48 1
Rate:961.111
==========
==========59
3 0 2 24000
Node 39 72 24.5967
Pkt 77 160 0.48125 1
Pkt 58 120 0.483333 1
Node 37 48 13.1529
Pkt 144 300 0.48 1
Pkt 231 480 0.48125 1
Node 60 62 15.6205
Pkt 384 800 0.48 1
Pkt 360 750 0.48 1
Rate:961.944
==========
==========60
3 0 2 24000
Node 45 74 24.5153
Pkt 116 240 0.483333 1
Pkt 93 192 0.484375 1
Node 44 35 16.1555
Pkt 180 375 0.48 1
Pkt 180 375 0.48 1
Node 49 66 16.0312
Pkt 360 750 0.48 1
Pkt 384 800 0.48 1
Rate:962.569
==========
==========61
3 0 2 24000
Node 71 40 23.2594
Pkt 77 160 0.48125 1
Pkt 72 150 0.48 1
Node 59 48 9.21954
Pkt 180 375 0.48 1
Pkt 231 480 0.48125 1
Node 63 25 28.178
Pkt 384 800 0.48 1
Pkt 360 750 0.48 1
Rate:960.833
==========
==========62
3 0 2 24000
Node 33 57 18.3848
Pkt 93 192 0.484375 1
Pkt 60 125 0.48 1
Node 56 64 15.2315
Pkt 144 300 0.48 1
Pkt 231 480 0.48125 1
Node 67 38 20.8087
Pkt 360 750 0.48 1
Pkt 384 800 0.48 1
Rate:961.875
==========
==========63
3 0 2 24000
Node 60 74 26
Pkt 116 240 0.483333 1
Pkt 60 125 0.48 1
Node 66 73 28.0179
Pkt 154 320 0.48125 1
Pkt 144 300 0.48 1
Node 28 70 29.7321
Pkt 360 750 0.48 1
Pkt 384 800 0.48 1
Rate:961.528
==========
==========64
3 0 2 24000
Node 57 40 12.2066
Pkt 93 192 0.484375 1
Pkt 48 100 0.48 1
Node 35 54 15.5242
Pkt 154 320 0.48125 1
Pkt 154 320 0.48125 1
Node 42 50 8
Pkt 360 750 0.48 1
Pkt 360 750 0.48 1
Rate:962.292
==========
==========65
3 0 2 24000
Node 36 30 24.4131
Pkt 96 200 0.48 1
Pkt 116 240 0.483333 1
Node 53 25 25.1794
Pkt 144 300 0.48 1
Pkt 231 480 0.48125 1
Node 59 34 18.3576
Pkt 384 800 0.48 1
Pkt 360 750 0.48 1
Rate:961.528
==========
==========66
3 0 2 24000
Node 28 67 27.8029
Pkt 116 240 0.483333 1
Pkt 58 120 0.483333 1
Node 51 55 5.09902
Pkt 180 375 0.48 1
Pkt 154 320 0.48125 1
Node 34 55 16.7631
Pkt 384 800 0.48 1
Pkt 384 800 0.48 1
Rate:962.639
==========
==========67
3 0 2 24000
Node 59 52 9.21954
Pkt 116 240 0.483333 1
Pkt 93 192 0.484375 1
Node 34 36 21.2603
Pkt 180 375 0.48 1
Pkt 180 375 0.48 1
Node 38 30 23.3238
Pkt 360 750 0.48 1
Pkt 384 800 0.48 1
Rate:962.569
==========
==========68
3 0 2 24000
Node 72 67 27.8029
Pkt 48 100 0.48 1
Pkt 116 240 0.483333 1
Node 48 28 22.0907
Pkt 144 300 0.48 1
Pkt 154 320 0.48125 1
Node 41 34 18.3576
Pkt 384 800 0.48 1
Pkt 384 800 0.48 1
Rate:961.528
==========
==========69
3 0 2 24000
Node 28 36 26.0768
Pkt 48 100 0.48 1
Pkt 58 120 0.483333 1
Node 39 37 17.0294
Pkt 192 400 0.48 1
Pkt 154 320 0.48125 1
Node 52 49 2.23607
Pkt 384 800 0.48 1
Pkt 360 750 0.48 1
Rate:961.528
==========
==========70
3 0 2 24000
Node 35 26 28.3019
Pkt 116 240 0.483333 1
Pkt 96 200 0.48 1
Node 55 70 20.6155
Pkt 154 320 0.48125 1
Pkt 231 480 0.48125 1
Node 71 51 21.0238
Pkt 360 750 0.48 1
Pkt 384 800 0.48 1
Rate:961.944
==========
==========71
3 0 2 24000
Node 70 66 25.6125
Pkt 72 150 0.48 1
Pkt 48 100 0.48 1
Node 69 35 24.2074
Pkt 192 400 0.48 1
Pkt 144 300 0.48 1
Node 39 67 20.2485
Pkt 360 750 0.48 1
Pkt 384 800 0.48 1
Rate:960
==========
==========72
3 0 2 24000
Node 40 31 21.4709
Pkt 58 120 0.483333 1
Pkt 93 192 0.484375 1
Node 29 71 29.6985
Pkt 154 320 0.48125 1
Pkt 231 480 0.48125 1
Node 34 66 22.6274
Pkt 360 750 0.48 1
Pkt 360 750 0.48 1
Rate:963.403
==========
==========73
3 0 2 24000
Node 58 40 12.8062
Pkt 120 250 0.48 1
Pkt 77 160 0.48125 1
Node 27 55 23.5372
Pkt 154 320 0.48125 1
Pkt 231 480 0.48125 1
Node 38 28 25.0599
Pkt 360 750 0.48 1
Pkt 360 750 0.48 1
Rate:961.25
==========
==========74
3 0 2 24000
Node 51 64 14.0357
Pkt 96 200 0.48 1
Pkt 72 150 0.48 1
Node 35 40 18.0278
Pkt 180 375 0.48 1
Pkt 144 300 0.48 1
Node 68 62 21.6333
Pkt 360 750 0.48 1
Pkt 384 800 0.48 1
Rate:960
==========
==========75
3 0 2 24000
Node 30 68 26.9072
Pkt 60 125 0.48 1
Pkt 116 240 0.483333 1
Node 46 63 13.6015
Pkt 192 400 0.48 1
Pkt 231 480 0.48125 1
Node 45 42 9.43398
Pkt 360 750 0.48 1
Pkt 384 800 0.48 1
Rate:961.528
==========
==========76
3 0 2 24000
Node 57 29 22.1359
Pkt 120 250 0.48 1
Pkt 58 120 0.483333 1
Node 26 55 24.5153
Pkt 154 320 0.48125 1
Pkt 180 375 0.48 1
Node 36 71 25.2389
Pkt 384 800 0.48 1
Pkt 384 800 0.48 1
Rate:961.528
==========
==========77
3 0 2 24000
Node 35 28 26.6271
Pkt 58 120 0.483333 1
Pkt 120 250 0.48 1
Node 74 25 34.6554
Pkt 231 480 0.48125 1
Pkt 180 375 0.48 1
Node 25 58 26.2488
Pkt 360 750 0.48 1
Pkt 384 800 0.48 1
Rate:961.528
==========
==========78
3 0 2 24000
Node 67 62 20.8087
Pkt 58 120 0.483333 1
Pkt 72 150 0.48 1
Node 29 45 21.587
Pkt 154 320 0.48125 1
Pkt 231 480 0.48125 1
Node 28 48 22.0907
Pkt 384 800 0.48 1
Pkt 384 800 0.48 1
Rate:961.944
==========
==========79
3 0 2 24000
Node 54 38 12.6491
Pkt 58 120 0.483333 1
Pkt 96 200 0.48 1
Node 58 49 8.06226
Pkt 154 320 0.48125 1
Pkt 180 375 0.48 1
Node 54 72 22.3607
Pkt 384 800 0.48 1
Pkt 360 750 0.48 1
Rate:961.528
==========
==========80
3 0 2 24000
Node 53 32 18.2483
Pkt 72 150 0.48 1
Pkt 116 240 0.483333 1
Node 65 58 17
Pkt 180 375 0.48 1
Pkt 154 320 0.48125 1
Node 56 49 6.08276
Pkt 360 750 0.48 1
Pkt 360 750 0.48 1
Rate:961.528
==========
==========81
3 0 2 24000
Node 30 27 30.4795
Pkt 96 200 0.48 1
Pkt 116 240 0.483333 1
Node 63 67 21.4009
Pkt 144 300 0.48 1
Pkt 180 375 0.48 1
Node 61 28 24.5967
Pkt 360 750 0.48 1
Pkt 384 800 0.48 1
Rate:961.111
==========
==========82
3 0 2 24000
Node 31 39 21.9545
Pkt 77 160 0.48125 1
Pkt 48 100 0.48 1
Node 50 53 3
Pkt 231 480 0.48125 1
Pkt 231 480 0.48125 1
Node 54 40 10.7703
Pkt 384 800 0.48 1
Pkt 360 750 0.48 1
Rate:961.25
==========
==========83
3 0 2 24000
Node 67 45 17.72
Pkt 120 250 0.48 1
Pkt 72 150 0.48 1
Node 43 74 25
Pkt 180 375 0.48 1
Pkt 180 375 0.48 1
Node 66 28 27.2029
Pkt 384 800 0.48 1
Pkt 384 800 0.48 1
Rate:960
==========
==========84
3 0 2 24000
Node 50 46 4
Pkt 58 120 0.483333 1
Pkt 120 250 0.48 1
Node 36 49 14.0357
Pkt 154 320 0.48125 1
Pkt 192 400 0.48 1
Node 51 62 12.0416
Pkt 360 750 0.48 1
Pkt 384 800 0.48 1
Rate:961.528
==========
==========85
3 0 2 24000
Node 55 57 8.60233
Pkt 60 125 0.48 1
Pkt 96 200 0.48 1
Node 64 50 14
Pkt 180 375 0.48 1
Pkt 180 375 0.48 1
Node 66 38 20
Pkt 384 800 0.48 1
Pkt 384 800 0.48 1
Rate:960
==========
==========86
3 0 2 24000
Node 48 46 4.47214
Pkt 116 240 0.483333 1
Pkt 72 150 0.48 1
Node 26 52 24.0832
Pkt 144 300 0.48 1
Pkt 180 375 0.48 1
Node 41 62 15
Pkt 360 750 0.48 1
Pkt 360 750 0.48 1
Rate:961.111
==========
==========87
3 0 2 24000
Node 60 43 12.2066
Pkt 120 250 0.48 1
Pkt 120 250 0.48 1
Node 64 42 16.1245
Pkt 144 300 0.48 1
Pkt 144 300 0.48 1
Node 27 44 23.7697
Pkt 360 750 0.48 1
Pkt 384 800 0.48 1
Rate:960
==========
==========88
3 0 2 24000
Node 58 57 10.6301
Pkt 60 125 0.48 1
Pkt 72 150 0.48 1
Node 71 33 27.0185
Pkt 154 320 0.48125 1
Pkt 231 480 0.48125 1
Node 73 46 23.3452
Pkt 360 750 0.48 1
Pkt 360 750 0.48 1
Rate:960.833
==========
==========89
3 0 2 24000
Node 30 68 26.9072
Pkt 72 150 0.48 1
Pkt 58 120 0.483333 1
Node 61 27 25.4951
Pkt 180 375 0.48 1
Pkt 192 400 0.48 1
Node 55 27 23.5372
Pkt 384 800 0.48 1
Pkt 360 750 0.48 1
Rate:961.111
==========
==========90
3 0 2 24000
Node 52 57 7.28011
Pkt 120 250 0.48 1
Pkt 93 192 0.484375 1
Node 34 73 28.0179
Pkt 144 300 0.48 1
Pkt 231 480 0.48125 1
Node 28 25 33.3017
Pkt 360 750 0.48 1
Pkt 360 750 0.48 1
Rate:961.875
==========
==========91
3 0 2 24000
Node 36 25 28.6531
Pkt 96 200 0.48 1
Pkt 93 192 0.484375 1
Node 49 57 7.07107
Pkt 144 300 0.48 1
Pkt 192 400 0.48 1
Node 29 46 21.3776
Pkt 384 800 0.48 1
Pkt 360 750 0.48 1
Rate:961.458
==========
==========92
3 0 2 24000
Node 34 28 27.2029
Pkt 77 160 0.48125 1
Pkt 72 150 0.48 1
Node 25 34 29.6816
Pkt 144 300 0.48 1
Pkt 180 375 0.48 1
Node 40 31 21.4709
Pkt 360 750 0.48 1
Pkt 384 800 0.48 1
Rate:960.417
==========
==========93
3 0 2 24000
Node 74 43 25
Pkt 116 240 0.483333 1
Pkt 120 250 0.48 1
Node 55 55 7.07107
Pkt 192 400 0.48 1
Pkt 180 375 0.48 1
Node 52 27 23.0868
Pkt 360 750 0.48 1
Pkt 384 800 0.48 1
Rate:961.111
==========
==========94
3 0 2 24000
Node 48 51 2.23607
Pkt 96 200 0.48 1
Pkt 116 240 0.483333 1
Node 51 61 11.0454
Pkt 192 400 0.48 1
Pkt 180 375 0.48 1
Node 53 27 23.1948
Pkt 360 750 0.48 1
Pkt 384 800 0.48 1
Rate:961.111
==========
==========95
3 0 2 24000
Node 69 61 21.9545
Pkt 77 160 0.48125 1
Pkt 93 192 0.484375 1
Node 61 62 16.2788
Pkt 180 375 0.48 1
Pkt 192 400 0.48 1
Node 39 66 19.4165
Pkt 384 800 0.48 1
Pkt 360 750 0.48 1
Rate:961.875
==========
==========96
3 0 2 24000
Node 46 62 12.6491
Pkt 120 250 0.48 1
Pkt 60 125 0.48 1
Node 34 30 25.6125
Pkt 231 480 0.48125 1
Pkt 180 375 0.48 1
Node 68 35 23.4307
Pkt 360 750 0.48 1
Pkt 384 800 0.48 1
Rate:960.417
==========
==========97
3 0 2 24000
Node 66 59 18.3576
Pkt 60 125 0.48 1
Pkt 116 240 0.483333 1
Node 48 54 4.47214
Pkt 154 320 0.48125 1
Pkt 231 480 0.48125 1
Node 43 53 7.61577
Pkt 360 750 0.48 1
Pkt 360 750 0.48 1
Rate:961.944
==========
==========98
3 0 2 24000
Node 30 68 26.9072
Pkt 60 125 0.48 1
Pkt 60 125 0.48 1
Node 32 71 27.6586
Pkt 180 375 0.48 1
Pkt 231 480 0.48125 1
Node 71 68 27.6586
Pkt 360 750 0.48 1
Pkt 384 800 0.48 1
Rate:960.417
==========
==========99
