3 0 2 24000
Node 50 71 21
Pkt 52 160 0.325 1
Pkt 80 250 0.32 1
Node 29 27 31.1448
Pkt 96 300 0.32 1
Pkt 96 300 0.32 1
Node 45 64 14.8661
Pkt 240 750 0.32 1
Pkt 256 800 0.32 1
Rate:641.667
==========
==========0
3 0 2 24000
Node 57 30 21.1896
Pkt 62 192 0.322917 1
Pkt 64 200 0.32 1
Node 46 59 9.84886
Pkt 96 300 0.32 1
Pkt 120 375 0.32 1
Node 41 27 24.6982
Pkt 256 800 0.32 1
Pkt 256 800 0.32 1
Rate:640.972
==========
==========1
3 0 2 24000
Node 32 66 24.0832
Pkt 40 125 0.32 1
Pkt 62 192 0.322917 1
Node 35 48 15.1327
Pkt 103 320 0.321875 1
Pkt 103 320 0.321875 1
Node 49 49 1.41421
Pkt 240 750 0.32 1
Pkt 240 750 0.32 1
Rate:642.222
==========
==========2
3 0 2 24000
Node 52 26 24.0832
Pkt 39 120 0.325 1
Pkt 64 200 0.32 1
Node 39 58 13.6015
Pkt 154 480 0.320833 1
Pkt 96 300 0.32 1
Node 63 45 13.9284
Pkt 256 800 0.32 1
Pkt 240 750 0.32 1
Rate:641.944
==========
==========3
3 0 2 24000
Node 60 35 18.0278
Pkt 77 240 0.320833 1
Pkt 48 150 0.32 1
Node 29 67 27.0185
Pkt 103 320 0.321875 1
Pkt 103 320 0.321875 1
Node 74 35 28.3019
Pkt 256 800 0.32 1
Pkt 256 800 0.32 1
Rate:641.528
==========
==========4
3 0 2 24000
Node 43 26 25
Pkt 32 100 0.32 1
Pkt 77 240 0.320833 1
Node 68 32 25.4558
Pkt 103 320 0.321875 1
Pkt 154 480 0.320833 1
Node 47 38 12.3693
Pkt 256 800 0.32 1
Pkt 256 800 0.32 1
Rate:641.181
==========
==========5
3 0 2 24000
Node 69 46 19.4165
Pkt 80 250 0.32 1
Pkt 64 200 0.32 1
Node 59 58 12.0416
Pkt 96 300 0.32 1
Pkt 154 480 0.320833 1
Node 65 44 16.1555
Pkt 256 800 0.32 1
Pkt 240 750 0.32 1
Rate:640.278
==========
==========6
3 0 2 24000
Node 49 65 15.0333
Pkt 77 240 0.320833 1
Pkt 64 200 0.32 1
Node 33 34 23.3452
Pkt 96 300 0.32 1
Pkt 154 480 0.320833 1
Node 57 42 10.6301
Pkt 256 800 0.32 1
Pkt 256 800 0.32 1
Rate:640.556
==========
==========7
3 0 2 24000
Node 61 71 23.7065
Pkt 64 200 0.32 1
Pkt 40 125 0.32 1
Node 65 39 18.6011
Pkt 128 400 0.32 1
Pkt 103 320 0.321875 1
Node 54 54 5.65685
Pkt 256 800 0.32 1
Pkt 240 750 0.32 1
Rate:640.625
==========
==========8
3 0 2 24000
Node 25 38 27.7308
Pkt 52 160 0.325 1
Pkt 64 200 0.32 1
Node 36 55 14.8661
Pkt 154 480 0.320833 1
Pkt 154 480 0.320833 1
Node 54 71 21.3776
Pkt 240 750 0.32 1
Pkt 256 800 0.32 1
Rate:642.222
==========
==========9
3 0 2 24000
Node 57 50 7
Pkt 80 250 0.32 1
Pkt 52 160 0.325 1
Node 37 74 27.2947
Pkt 96 300 0.32 1
Pkt 120 375 0.32 1
Node 70 33 26.2488
Pkt 240 750 0.32 1
Pkt 256 800 0.32 1
Rate:641.667
==========
==========10
3 0 2 24000
Node 32 69 26.1725
Pkt 48 150 0.32 1
Pkt 32 100 0.32 1
Node 32 37 22.2036
Pkt 154 480 0.320833 1
Pkt 120 375 0.32 1
Node 58 43 10.6301
Pkt 256 800 0.32 1
Pkt 256 800 0.32 1
Rate:640.278
==========
==========11
3 0 2 24000
Node 49 42 8.06226
Pkt 80 250 0.32 1
Pkt 48 150 0.32 1
Node 60 43 12.2066
Pkt 154 480 0.320833 1
Pkt 128 400 0.32 1
Node 57 38 13.8924
Pkt 256 800 0.32 1
Pkt 256 800 0.32 1
Rate:640.278
==========
==========12
3 0 2 24000
Node 47 70 20.2237
Pkt 77 240 0.320833 1
Pkt 62 192 0.322917 1
Node 69 28 29.0689
Pkt 154 480 0.320833 1
Pkt 120 375 0.32 1
Node 74 52 24.0832
Pkt 240 750 0.32 1
Pkt 256 800 0.32 1
Rate:641.528
==========
==========13
3 0 2 24000
Node 55 40 11.1803
Pkt 80 250 0.32 1
Pkt 52 160 0.325 1
Node 55 35 15.8114
Pkt 96 300 0.32 1
Pkt 96 300 0.32 1
Node 35 67 22.6716
Pkt 240 750 0.32 1
Pkt 240 750 0.32 1
Rate:641.667
==========
==========14
3 0 2 24000
Node 48 39 11.1803
Pkt 64 200 0.32 1
Pkt 77 240 0.320833 1
Node 40 68 20.5913
Pkt 103 320 0.321875 1
Pkt 96 300 0.32 1
Node 47 48 3.60555
Pkt 240 750 0.32 1
Pkt 240 750 0.32 1
Rate:640.903
==========
==========15
3 0 2 24000
Node 65 63 19.8494
Pkt 39 120 0.325 1
Pkt 80 250 0.32 1
Node 41 48 9.21954
Pkt 96 300 0.32 1
Pkt 154 480 0.320833 1
Node 74 50 24
Pkt 240 750 0.32 1
Pkt 240 750 0.32 1
Rate:641.944
==========
==========16
3 0 2 24000
Node 49 49 1.41421
Pkt 62 192 0.322917 1
Pkt 48 150 0.32 1
Node 44 61 12.53
Pkt 103 320 0.321875 1
Pkt 154 480 0.320833 1
Node 67 44 18.0278
Pkt 240 750 0.32 1
Pkt 240 750 0.32 1
Rate:641.875
==========
==========17
3 0 2 24000
Node 31 54 19.4165
Pkt 32 100 0.32 1
Pkt 52 160 0.325 1
Node 61 45 12.083
Pkt 128 400 0.32 1
Pkt 154 480 0.320833 1
Node 58 73 24.3516
Pkt 240 750 0.32 1
Pkt 240 750 0.32 1
Rate:641.944
==========
==========18
3 0 2 24000
Node 39 53 11.4018
Pkt 52 160 0.325 1
Pkt 80 250 0.32 1
Node 27 36 26.9258
Pkt 103 320 0.321875 1
Pkt 96 300 0.32 1
Node 50 30 20
Pkt 256 800 0.32 1
Pkt 256 800 0.32 1
Rate:642.292
==========
==========19
3 0 2 24000
Node 55 56 7.81025
Pkt 80 250 0.32 1
Pkt 64 200 0.32 1
Node 32 53 18.2483
Pkt 128 400 0.32 1
Pkt 128 400 0.32 1
Node 51 57 7.07107
Pkt 256 800 0.32 1
Pkt 256 800 0.32 1
Rate:640
==========
==========20
3 0 2 24000
Node 36 56 15.2315
Pkt 80 250 0.32 1
Pkt 39 120 0.325 1
Node 39 59 14.2127
Pkt 120 375 0.32 1
Pkt 128 400 0.32 1
Node 63 59 15.8114
Pkt 256 800 0.32 1
Pkt 256 800 0.32 1
Rate:641.667
==========
==========21
3 0 2 24000
Node 28 32 28.4253
Pkt 52 160 0.325 1
Pkt 39 120 0.325 1
Node 29 61 23.7065
Pkt 103 320 0.321875 1
Pkt 103 320 0.321875 1
Node 64 69 23.6008
Pkt 256 800 0.32 1
Pkt 256 800 0.32 1
Rate:644.583
==========
==========22
3 0 2 24000
Node 58 55 9.43398
Pkt 32 100 0.32 1
Pkt 62 192 0.322917 1
Node 70 46 20.3961
Pkt 120 375 0.32 1
Pkt 96 300 0.32 1
Node 38 69 22.4722
Pkt 240 750 0.32 1
Pkt 240 750 0.32 1
Rate:640.972
==========
==========23
3 0 2 24000
Node 56 60 11.6619
Pkt 64 200 0.32 1
Pkt 77 240 0.320833 1
Node 26 63 27.2947
Pkt 154 480 0.320833 1
Pkt 120 375 0.32 1
Node 36 71 25.2389
Pkt 256 800 0.32 1
Pkt 240 750 0.32 1
Rate:640.556
==========
==========24
3 0 2 24000
Node 64 70 24.4131
Pkt 62 192 0.322917 1
Pkt 32 100 0.32 1
Node 32 52 18.1108
Pkt 154 480 0.320833 1
Pkt 154 480 0.320833 1
Node 71 68 27.6586
Pkt 240 750 0.32 1
Pkt 240 750 0.32 1
Rate:641.528
==========
==========25
3 0 2 24000
Node 63 40 16.4012
Pkt 62 192 0.322917 1
Pkt 48 150 0.32 1
Node 25 43 25.9615
Pkt 120 375 0.32 1
Pkt 128 400 0.32 1
Node 32 53 18.2483
Pkt 240 750 0.32 1
Pkt 256 800 0.32 1
Rate:640.972
==========
==========26
3 0 2 24000
Node 37 51 13.0384
Pkt 40 125 0.32 1
Pkt 62 192 0.322917 1
Node 41 41 12.7279
Pkt 120 375 0.32 1
Pkt 128 400 0.32 1
Node 69 66 24.8395
Pkt 256 800 0.32 1
Pkt 256 800 0.32 1
Rate:640.972
==========
==========27
3 0 2 24000
Node 51 31 19.0263
Pkt 52 160 0.325 1
Pkt 64 200 0.32 1
Node 72 64 26.0768
Pkt 128 400 0.32 1
Pkt 120 375 0.32 1
Node 69 45 19.6469
Pkt 240 750 0.32 1
Pkt 256 800 0.32 1
Rate:641.667
==========
==========28
3 0 2 24000
Node 26 44 24.7386
Pkt 80 250 0.32 1
Pkt 39 120 0.325 1
Node 29 71 29.6985
Pkt 96 300 0.32 1
Pkt 128 400 0.32 1
Node 45 43 8.60233
Pkt 240 750 0.32 1
Pkt 256 800 0.32 1
Rate:641.667
==========
==========29
3 0 2 24000
Node 47 52 3.60555
Pkt 48 150 0.32 1
Pkt 40 125 0.32 1
Node 59 31 21.0238
Pkt 154 480 0.320833 1
Pkt 120 375 0.32 1
Node 69 35 24.2074
Pkt 256 800 0.32 1
Pkt 256 800 0.32 1
Rate:640.278
==========
==========30
3 0 2 24000
Node 50 28 22
Pkt 48 150 0.32 1
Pkt 64 200 0.32 1
Node 27 35 27.4591
Pkt 154 480 0.320833 1
Pkt 103 320 0.321875 1
Node 73 52 23.0868
Pkt 240 750 0.32 1
Pkt 256 800 0.32 1
Rate:640.903
==========
==========31
3 0 2 24000
Node 62 63 17.6918
Pkt 64 200 0.32 1
Pkt 32 100 0.32 1
Node 64 37 19.105
Pkt 96 300 0.32 1
Pkt 128 400 0.32 1
Node 59 33 19.2354
Pkt 240 750 0.32 1
Pkt 240 750 0.32 1
Rate:640
==========
==========32
3 0 2 24000
Node 27 31 29.8329
Pkt 64 200 0.32 1
Pkt 52 160 0.325 1
Node 60 39 14.8661
Pkt 154 480 0.320833 1
Pkt 96 300 0.32 1
Node 40 25 26.9258
Pkt 256 800 0.32 1
Pkt 256 800 0.32 1
Rate:641.944
==========
==========33
3 0 2 24000
Node 44 26 24.7386
Pkt 62 192 0.322917 1
Pkt 32 100 0.32 1
Node 39 44 12.53
Pkt 128 400 0.32 1
Pkt 103 320 0.321875 1
Node 48 46 4.47214
Pkt 240 750 0.32 1
Pkt 240 750 0.32 1
Rate:641.597
==========
==========34
3 0 2 24000
Node 44 28 22.8035
Pkt 52 160 0.325 1
Pkt 80 250 0.32 1
Node 58 72 23.4094
Pkt 154 480 0.320833 1
Pkt 120 375 0.32 1
Node 64 40 17.2047
Pkt 256 800 0.32 1
Pkt 256 800 0.32 1
Rate:641.944
==========
==========35
3 0 2 24000
Node 74 62 26.8328
Pkt 48 150 0.32 1
Pkt 48 150 0.32 1
Node 32 74 30
Pkt 120 375 0.32 1
Pkt 154 480 0.320833 1
Node 60 32 20.5913
Pkt 240 750 0.32 1
Pkt 256 800 0.32 1
Rate:640.278
==========
==========36
3 0 2 24000
Node 50 38 12
Pkt 80 250 0.32 1
Pkt 80 250 0.32 1
Node 29 69 28.3196
Pkt 96 300 0.32 1
Pkt 120 375 0.32 1
Node 56 72 22.8035
Pkt 256 800 0.32 1
Pkt 240 750 0.32 1
Rate:640
==========
==========37
3 0 2 24000
Node 59 69 21.0238
Pkt 48 150 0.32 1
Pkt 77 240 0.320833 1
Node 26 49 24.0208
Pkt 96 300 0.32 1
Pkt 154 480 0.320833 1
Node 36 36 19.799
Pkt 256 800 0.32 1
Pkt 256 800 0.32 1
Rate:640.556
==========
==========38
3 0 2 24000
Node 31 62 22.4722
Pkt 64 200 0.32 1
Pkt 80 250 0.32 1
Node 25 64 28.6531
Pkt 103 320 0.321875 1
Pkt 154 480 0.320833 1
Node 62 46 12.6491
Pkt 240 750 0.32 1
Pkt 240 750 0.32 1
Rate:640.903
==========
==========39
3 0 2 24000
Node 48 31 19.105
Pkt 48 150 0.32 1
Pkt 48 150 0.32 1
Node 71 57 22.1359
Pkt 103 320 0.321875 1
Pkt 96 300 0.32 1
Node 44 48 6.32456
Pkt 256 800 0.32 1
Pkt 240 750 0.32 1
Rate:640.625
==========
==========40
3 0 2 24000
Node 46 27 23.3452
Pkt 32 100 0.32 1
Pkt 40 125 0.32 1
Node 42 66 17.8885
Pkt 128 400 0.32 1
Pkt 120 375 0.32 1
Node 61 67 20.2485
Pkt 256 800 0.32 1
Pkt 256 800 0.32 1
Rate:640
==========
==========41
3 0 2 24000
Node 35 39 18.6011
Pkt 48 150 0.32 1
Pkt 64 200 0.32 1
Node 65 62 19.2094
Pkt 120 375 0.32 1
Pkt 154 480 0.320833 1
Node 74 69 30.6105
Pkt 240 750 0.32 1
Pkt 240 750 0.32 1
Rate:640.278
==========
==========42
3 0 2 24000
Node 65 57 16.5529
Pkt 80 250 0.32 1
Pkt 80 250 0.32 1
Node 29 40 23.2594
Pkt 103 320 0.321875 1
Pkt 128 400 0.32 1
Node 34 52 16.1245
Pkt 240 750 0.32 1
Pkt 240 750 0.32 1
Rate:640.625
==========
==========43
3 0 2 24000
Node 38 37 17.6918
Pkt 77 240 0.320833 1
Pkt 39 120 0.325 1
Node 74 72 32.5576
Pkt 128 400 0.32 1
Pkt 103 320 0.321875 1
Node 71 62 24.1868
Pkt 256 800 0.32 1
Pkt 256 800 0.32 1
Rate:642.569
==========
==========44
3 0 2 24000
Node 56 54 7.2111
Pkt 64 200 0.32 1
Pkt 62 192 0.322917 1
Node 37 34 20.6155
Pkt 103 320 0.321875 1
Pkt 154 480 0.320833 1
Node 58 43 10.6301
Pkt 256 800 0.32 1
Pkt 256 800 0.32 1
Rate:641.875
==========
==========45
3 0 2 24000
Node 54 26 24.3311
Pkt 62 192 0.322917 1
Pkt 32 100 0.32 1
Node 55 52 5.38516
Pkt 154 480 0.320833 1
Pkt 154 480 0.320833 1
Node 41 57 11.4018
Pkt 256 800 0.32 1
Pkt 256 800 0.32 1
Rate:641.528
==========
==========46
3 0 2 24000
Node 40 51 10.0499
Pkt 48 150 0.32 1
Pkt 40 125 0.32 1
Node 65 26 28.3019
Pkt 103 320 0.321875 1
Pkt 154 480 0.320833 1
Node 74 73 33.2415
Pkt 256 800 0.32 1
Pkt 256 800 0.32 1
Rate:640.903
==========
==========47
3 0 2 24000
Node 57 27 24.0416
Pkt 64 200 0.32 1
Pkt 40 125 0.32 1
Node 64 55 14.8661
Pkt 154 480 0.320833 1
Pkt 96 300 0.32 1
Node 62 43 13.8924
Pkt 256 800 0.32 1
Pkt 256 800 0.32 1
Rate:640.278
==========
==========48
3 0 2 24000
Node 31 41 21.0238
Pkt 62 192 0.322917 1
Pkt 80 250 0.32 1
Node 58 35 17
Pkt 103 320 0.321875 1
Pkt 154 480 0.320833 1
Node 48 68 18.1108
Pkt 240 750 0.32 1
Pkt 240 750 0.32 1
Rate:641.875
==========
==========49
3 0 2 24000
Node 40 45 11.1803
Pkt 32 100 0.32 1
Pkt 52 160 0.325 1
Node 62 25 27.7308
Pkt 154 480 0.320833 1
Pkt 96 300 0.32 1
Node 54 61 11.7047
Pkt 240 750 0.32 1
Pkt 240 750 0.32 1
Rate:641.944
==========
==========50
3 0 2 24000
Node 73 62 25.9422
Pkt 39 120 0.325 1
Pkt 80 250 0.32 1
Node 66 69 24.8395
Pkt 128 400 0.32 1
Pkt 154 480 0.320833 1
Node 35 42 17
Pkt 256 800 0.32 1
Pkt 256 800 0.32 1
Rate:641.944
==========
==========51
3 0 2 24000
Node 66 32 24.0832
Pkt 77 240 0.320833 1
Pkt 39 120 0.325 1
Node 59 41 12.7279
Pkt 128 400 0.32 1
Pkt 103 320 0.321875 1
Node 47 57 7.61577
Pkt 240 750 0.32 1
Pkt 240 750 0.32 1
Rate:642.569
==========
==========52
3 0 2 24000
Node 43 25 25.9615
Pkt 39 120 0.325 1
Pkt 32 100 0.32 1
Node 35 47 15.2971
Pkt 96 300 0.32 1
Pkt 103 320 0.321875 1
Node 38 37 17.6918
Pkt 256 800 0.32 1
Pkt 256 800 0.32 1
Rate:642.292
==========
==========53
3 0 2 24000
Node 37 36 19.105
Pkt 48 150 0.32 1
Pkt 52 160 0.325 1
Node 60 57 12.2066
Pkt 103 320 0.321875 1
Pkt 154 480 0.320833 1
Node 43 35 16.5529
Pkt 240 750 0.32 1
Pkt 256 800 0.32 1
Rate:642.569
==========
==========54
3 0 2 24000
Node 65 60 18.0278
Pkt 32 100 0.32 1
Pkt 80 250 0.32 1
Node 37 45 13.9284
Pkt 128 400 0.32 1
Pkt 120 375 0.32 1
Node 60 26 26
Pkt 240 750 0.32 1
Pkt 256 800 0.32 1
Rate:640
==========
==========55
3 0 2 24000
Node 26 25 34.6554
Pkt 39 120 0.325 1
Pkt 52 160 0.325 1
Node 25 30 32.0156
Pkt 120 375 0.32 1
Pkt 103 320 0.321875 1
Node 29 45 21.587
Pkt 240 750 0.32 1
Pkt 240 750 0.32 1
Rate:643.958
==========
==========56
3 0 2 24000
Node 57 69 20.2485
Pkt 80 250 0.32 1
Pkt 48 150 0.32 1
Node 51 73 23.0217
Pkt 103 320 0.321875 1
Pkt 103 320 0.321875 1
Node 61 48 11.1803
Pkt 256 800 0.32 1
Pkt 256 800 0.32 1
Rate:641.25
==========
==========57
3 0 2 24000
Node 34 31 24.8395
Pkt 40 125 0.32 1
Pkt 39 120 0.325 1
Node 28 41 23.7697
Pkt 103 320 0.321875 1
Pkt 103 320 0.321875 1
Node 38 50 12
Pkt 256 800 0.32 1
Pkt 240 750 0.32 1
Rate:642.917
==========
==========58
3 0 2 24000
Node 27 67 28.6007
Pkt 32 100 0.32 1
Pkt 80 250 0.32 1
Node 46 45 6.40312
Pkt 96 300 0.32 1
Pkt 103 320 0.321875 1
Node 63 52 13.1529
Pkt 256 800 0.32 1
Pkt 256 800 0.32 1
Rate:640.625
==========
==========59
3 0 2 24000
Node 45 43 8.60233
Pkt 40 125 0.32 1
Pkt 48 150 0.32 1
Node 52 51 2.23607
Pkt 128 400 0.32 1
Pkt 128 400 0.32 1
Node 33 34 23.3452
Pkt 256 800 0.32 1
Pkt 256 800 0.32 1
Rate:640
==========
==========60
3 0 2 24000
Node 40 30 22.3607
Pkt 40 125 0.32 1
Pkt 32 100 0.32 1
Node 58 60 12.8062
Pkt 154 480 0.320833 1
Pkt 96 300 0.32 1
Node 31 33 25.4951
Pkt 240 750 0.32 1
Pkt 240 750 0.32 1
Rate:640.278
==========
==========61
3 0 2 24000
Node 59 26 25.632
Pkt 40 125 0.32 1
Pkt 52 160 0.325 1
Node 27 64 26.9258
Pkt 103 320 0.321875 1
Pkt 103 320 0.321875 1
Node 71 63 24.6982
Pkt 256 800 0.32 1
Pkt 256 800 0.32 1
Rate:642.917
==========
==========62
3 0 2 24000
Node 29 63 24.6982
Pkt 39 120 0.325 1
Pkt 80 250 0.32 1
Node 56 38 13.4164
Pkt 96 300 0.32 1
Pkt 103 320 0.321875 1
Node 67 61 20.2485
Pkt 240 750 0.32 1
Pkt 256 800 0.32 1
Rate:642.292
==========
==========63
3 0 2 24000
Node 39 61 15.5563
Pkt 62 192 0.322917 1
Pkt 52 160 0.325 1
Node 72 74 32.5576
Pkt 154 480 0.320833 1
Pkt 154 480 0.320833 1
Node 66 44 17.088
Pkt 256 800 0.32 1
Pkt 256 800 0.32 1
Rate:643.194
==========
==========64
3 0 2 24000
Node 41 35 17.4929
Pkt 62 192 0.322917 1
Pkt 64 200 0.32 1
Node 46 43 8.06226
Pkt 154 480 0.320833 1
Pkt 103 320 0.321875 1
Node 66 58 17.8885
Pkt 256 800 0.32 1
Pkt 240 750 0.32 1
Rate:641.875
==========
==========65
3 0 2 24000
Node 72 31 29.0689
Pkt 39 120 0.325 1
Pkt 52 160 0.325 1
Node 68 57 19.3132
Pkt 154 480 0.320833 1
Pkt 154 480 0.320833 1
Node 64 36 19.799
Pkt 240 750 0.32 1
Pkt 240 750 0.32 1
Rate:643.889
==========
==========66
3 0 2 24000
Node 34 45 16.7631
Pkt 77 240 0.320833 1
Pkt 62 192 0.322917 1
Node 68 46 18.4391
Pkt 154 480 0.320833 1
Pkt 96 300 0.32 1
Node 48 54 4.47214
Pkt 240 750 0.32 1
Pkt 240 750 0.32 1
Rate:641.528
==========
==========67
3 0 2 24000
Node 48 36 14.1421
Pkt 77 240 0.320833 1
Pkt 32 100 0.32 1
Node 31 46 19.4165
Pkt 96 300 0.32 1
Pkt 154 480 0.320833 1
Node 54 37 13.6015
Pkt 256 800 0.32 1
Pkt 240 750 0.32 1
Rate:640.556
==========
==========68
3 0 2 24000
Node 64 64 19.799
Pkt 32 100 0.32 1
Pkt 64 200 0.32 1
Node 41 70 21.9317
Pkt 128 400 0.32 1
Pkt 103 320 0.321875 1
Node 32 50 18
Pkt 256 800 0.32 1
Pkt 240 750 0.32 1
Rate:640.625
==========
==========69
3 0 2 24000
Node 44 68 18.9737
Pkt 40 125 0.32 1
Pkt 62 192 0.322917 1
Node 59 65 17.4929
Pkt 103 320 0.321875 1
Pkt 128 400 0.32 1
Node 70 25 32.0156
Pkt 240 750 0.32 1
Pkt 256 800 0.32 1
Rate:641.597
==========
==========70
3 0 2 24000
Node 43 58 10.6301
Pkt 48 150 0.32 1
Pkt 32 100 0.32 1
Node 61 31 21.9545
Pkt 103 320 0.321875 1
Pkt 96 300 0.32 1
Node 73 60 25.0799
Pkt 240 750 0.32 1
Pkt 256 800 0.32 1
Rate:640.625
==========
==========71
3 0 2 24000
Node 26 47 24.1868
Pkt 40 125 0.32 1
Pkt 48 150 0.32 1
Node 45 45 7.07107
Pkt 154 480 0.320833 1
Pkt 154 480 0.320833 1
Node 48 74 24.0832
Pkt 240 750 0.32 1
Pkt 256 800 0.32 1
Rate:640.556
==========
==========72
3 0 2 24000
Node 34 58 17.8885
Pkt 40 125 0.32 1
Pkt 32 100 0.32 1
Node 49 61 11.0454
Pkt 128 400 0.32 1
Pkt 103 320 0.321875 1
Node 31 40 21.4709
Pkt 256 800 0.32 1
Pkt 240 750 0.32 1
Rate:640.625
==========
==========73
3 0 2 24000
Node 29 58 22.4722
Pkt 52 160 0.325 1
Pkt 52 160 0.325 1
Node 25 59 26.5707
Pkt 96 300 0.32 1
Pkt 120 375 0.32 1
Node 48 47 3.60555
Pkt 256 800 0.32 1
Pkt 256 800 0.32 1
Rate:643.333
==========
==========74
3 0 2 24000
Node 44 69 19.9249
Pkt 62 192 0.322917 1
Pkt 39 120 0.325 1
Node 36 49 14.0357
Pkt 120 375 0.32 1
Pkt 103 320 0.321875 1
Node 44 68 18.9737
Pkt 240 750 0.32 1
Pkt 256 800 0.32 1
Rate:643.264
==========
==========75
3 0 2 24000
Node 74 68 30
Pkt 77 240 0.320833 1
Pkt 62 192 0.322917 1
Node 57 54 8.06226
Pkt 96 300 0.32 1
Pkt 128 400 0.32 1
Node 48 32 18.1108
Pkt 256 800 0.32 1
Pkt 240 750 0.32 1
Rate:641.25
==========
==========76
3 0 2 24000
Node 25 31 31.4006
Pkt 39 120 0.325 1
Pkt 80 250 0.32 1
Node 51 61 11.0454
Pkt 120 375 0.32 1
Pkt 120 375 0.32 1
Node 51 66 16.0312
Pkt 240 750 0.32 1
Pkt 256 800 0.32 1
Rate:641.667
==========
==========77
3 0 2 24000
Node 47 47 4.24264
Pkt 77 240 0.320833 1
Pkt 48 150 0.32 1
Node 53 36 14.3178
Pkt 128 400 0.32 1
Pkt 154 480 0.320833 1
Node 68 48 18.1108
Pkt 240 750 0.32 1
Pkt 240 750 0.32 1
Rate:640.556
==========
==========78
3 0 2 24000
Node 64 32 22.8035
Pkt 64 200 0.32 1
Pkt 39 120 0.325 1
Node 56 55 7.81025
Pkt 96 300 0.32 1
Pkt 103 320 0.321875 1
Node 62 32 21.6333
Pkt 240 750 0.32 1
Pkt 256 800 0.32 1
Rate:642.292
==========
==========79
3 0 2 24000
Node 27 46 23.3452
Pkt 77 240 0.320833 1
Pkt 39 120 0.325 1
Node 57 51 7.07107
Pkt 120 375 0.32 1
Pkt 103 320 0.321875 1
Node 60 45 11.1803
Pkt 240 750 0.32 1
Pkt 240 750 0.32 1
Rate:642.569
==========
==========80
3 0 2 24000
Node 45 61 12.083
Pkt 62 192 0.322917 1
Pkt 80 250 0.32 1
Node 65 46 15.5242
Pkt 96 300 0.32 1
Pkt 128 400 0.32 1
Node 65 45 15.8114
Pkt 240 750 0.32 1
Pkt 240 750 0.32 1
Rate:640.972
==========
==========81
3 0 2 24000
Node 52 74 24.0832
Pkt 32 100 0.32 1
Pkt 40 125 0.32 1
Node 71 36 25.2389
Pkt 103 320 0.321875 1
Pkt 96 300 0.32 1
Node 50 68 18
Pkt 240 750 0.32 1
Pkt 240 750 0.32 1
Rate:640.625
==========
==========82
3 0 2 24000
Node 56 41 10.8167
Pkt 40 125 0.32 1
Pkt 48 150 0.32 1
Node 50 55 5
Pkt 120 375 0.32 1
Pkt 120 375 0.32 1
Node 66 25 29.6816
Pkt 240 750 0.32 1
Pkt 256 800 0.32 1
Rate:640
==========
==========83
3 0 2 24000
Node 29 65 25.807
Pkt 32 100 0.32 1
Pkt 80 250 0.32 1
Node 62 39 16.2788
Pkt 154 480 0.320833 1
Pkt 128 400 0.32 1
Node 72 62 25.0599
Pkt 240 750 0.32 1
Pkt 256 800 0.32 1
Rate:640.278
==========
==========84
3 0 2 24000
Node 28 40 24.1661
Pkt 77 240 0.320833 1
Pkt 32 100 0.32 1
Node 61 59 14.2127
Pkt 96 300 0.32 1
Pkt 96 300 0.32 1
Node 41 33 19.2354
Pkt 240 750 0.32 1
Pkt 240 750 0.32 1
Rate:640.278
==========
==========85
3 0 2 24000
Node 48 27 23.0868
Pkt 80 250 0.32 1
Pkt 40 125 0.32 1
Node 57 45 8.60233
Pkt 103 320 0.321875 1
Pkt 103 320 0.321875 1
Node 50 53 3
Pkt 240 750 0.32 1
Pkt 240 750 0.32 1
Rate:641.25
==========
==========86
3 0 2 24000
Node 74 62 26.8328
Pkt 62 192 0.322917 1
Pkt 39 120 0.325 1
Node 28 63 25.5539
Pkt 120 375 0.32 1
Pkt 154 480 0.320833 1
Node 58 28 23.4094
Pkt 240 750 0.32 1
Pkt 240 750 0.32 1
Rate:642.917
==========
==========87
3 0 2 24000
Node 57 56 9.21954
Pkt 32 100 0.32 1
Pkt 64 200 0.32 1
Node 54 46 5.65685
Pkt 128 400 0.32 1
Pkt 96 300 0.32 1
Node 39 74 26.4008
Pkt 240 750 0.32 1
Pkt 240 750 0.32 1
Rate:640
==========
==========88
3 0 2 24000
Node 70 31 27.5862
Pkt 40 125 0.32 1
Pkt 39 120 0.325 1
Node 34 36 21.2603
Pkt 96 300 0.32 1
Pkt 103 320 0.321875 1
Node 44 56 8.48528
Pkt 240 750 0.32 1
Pkt 256 800 0.32 1
Rate:642.292
==========
==========89
3 0 2 24000
Node 65 66 21.9317
Pkt 39 120 0.325 1
Pkt 80 250 0.32 1
Node 72 36 26.0768
Pkt 103 320 0.321875 1
Pkt 128 400 0.32 1
Node 42 44 10
Pkt 240 750 0.32 1
Pkt 256 800 0.32 1
Rate:642.292
==========
==========90
3 0 2 24000
Node 37 72 25.5539
Pkt 40 125 0.32 1
Pkt 39 120 0.325 1
Node 41 48 9.21954
Pkt 154 480 0.320833 1
Pkt 96 300 0.32 1
Node 65 69 24.2074
Pkt 240 750 0.32 1
Pkt 240 750 0.32 1
Rate:641.944
==========
==========91
3 0 2 24000
Node 46 36 14.5602
Pkt 48 150 0.32 1
Pkt 32 100 0.32 1
Node 55 30 20.6155
Pkt 154 480 0.320833 1
Pkt 103 320 0.321875 1
Node 35 66 21.9317
Pkt 256 800 0.32 1
Pkt 240 750 0.32 1
Rate:640.903
==========
==========92
3 0 2 24000
Node 38 69 22.4722
Pkt 62 192 0.322917 1
Pkt 64 200 0.32 1
Node 28 52 22.0907
Pkt 154 480 0.320833 1
Pkt 128 400 0.32 1
Node 55 54 6.40312
Pkt 256 800 0.32 1
Pkt 256 800 0.32 1
Rate:641.25
==========
==========93
3 0 2 24000
Node 27 38 25.9422
Pkt 62 192 0.322917 1
Pkt 80 250 0.32 1
Node 66 74 28.8444
Pkt 103 320 0.321875 1
Pkt 103 320 0.321875 1
Node 47 72 22.2036
Pkt 256 800 0.32 1
Pkt 240 750 0.32 1
Rate:642.222
==========
==========94
3 0 2 24000
Node 47 73 23.1948
Pkt 40 125 0.32 1
Pkt 40 125 0.32 1
Node 25 57 25.9615
Pkt 154 480 0.320833 1
Pkt 103 320 0.321875 1
Node 43 71 22.1359
Pkt 240 750 0.32 1
Pkt 256 800 0.32 1
Rate:640.903
==========
==========95
3 0 2 24000
Node 48 50 2
Pkt 62 192 0.322917 1
Pkt 39 120 0.325 1
Node 65 64 20.5183
Pkt 103 320 0.321875 1
Pkt 154 480 0.320833 1
Node 70 74 31.241
Pkt 256 800 0.32 1
Pkt 256 800 0.32 1
Rate:643.542
==========
==========96
3 0 2 24000
Node 32 51 18.0278
Pkt 40 125 0.32 1
Pkt 64 200 0.32 1
Node 59 56 10.8167
Pkt 96 300 0.32 1
Pkt 120 375 0.32 1
Node 60 43 12.2066
Pkt 240 750 0.32 1
Pkt 256 800 0.32 1
Rate:640
==========
==========97
3 0 2 24000
Node 56 71 21.8403
Pkt 48 150 0.32 1
Pkt 52 160 0.325 1
Node 69 34 24.8395
Pkt 96 300 0.32 1
Pkt 120 375 0.32 1
Node 69 30 27.5862
Pkt 240 750 0.32 1
Pkt 256 800 0.32 1
Rate:641.667
==========
==========98
3 0 2 24000
Node 41 64 16.6433
Pkt 48 150 0.32 1
Pkt 32 100 0.32 1
Node 30 69 27.5862
Pkt 128 400 0.32 1
Pkt 96 300 0.32 1
Node 60 60 14.1421
Pkt 240 750 0.32 1
Pkt 256 800 0.32 1
Rate:640
==========
==========99
