3 0 2 24000
Node 38 34 20
Pkt 55 160 0.34375 1
Pkt 55 160 0.34375 1
Node 56 36 15.2315
Pkt 164 480 0.341667 1
Pkt 164 480 0.341667 1
Node 58 29 22.4722
Pkt 272 800 0.34 1
Pkt 255 750 0.34 1
Rate:683.611
==========
==========0
3 0 2 24000
Node 68 55 18.6815
Pkt 43 125 0.344 1
Pkt 66 192 0.34375 1
Node 39 61 15.5563
Pkt 128 375 0.341333 1
Pkt 109 320 0.340625 1
Node 26 28 32.5576
Pkt 255 750 0.34 1
Pkt 255 750 0.34 1
Rate:683.236
==========
==========1
3 0 2 24000
Node 34 66 22.6274
Pkt 43 125 0.344 1
Pkt 41 120 0.341667 1
Node 71 50 21
Pkt 128 375 0.341333 1
Pkt 128 375 0.341333 1
Node 53 49 3.16228
Pkt 255 750 0.34 1
Pkt 272 800 0.34 1
Rate:682.778
==========
==========2
3 0 2 24000
Node 68 64 22.8035
Pkt 34 100 0.34 1
Pkt 51 150 0.34 1
Node 53 71 21.2132
Pkt 164 480 0.341667 1
Pkt 136 400 0.34 1
Node 27 60 25.0799
Pkt 255 750 0.34 1
Pkt 255 750 0.34 1
Rate:680.556
==========
==========3
3 0 2 24000
Node 68 35 23.4307
Pkt 34 100 0.34 1
Pkt 66 192 0.34375 1
Node 35 71 25.807
Pkt 136 400 0.34 1
Pkt 128 375 0.341333 1
Node 47 56 6.7082
Pkt 272 800 0.34 1
Pkt 255 750 0.34 1
Rate:681.694
==========
==========4
3 0 2 24000
Node 33 57 18.3848
Pkt 43 125 0.344 1
Pkt 43 125 0.344 1
Node 58 52 8.24621
Pkt 164 480 0.341667 1
Pkt 164 480 0.341667 1
Node 70 47 20.2237
Pkt 255 750 0.34 1
Pkt 255 750 0.34 1
Rate:683.778
==========
==========5
3 0 2 24000
Node 57 47 7.61577
Pkt 55 160 0.34375 1
Pkt 51 150 0.34 1
Node 61 70 22.8254
Pkt 164 480 0.341667 1
Pkt 128 375 0.341333 1
Node 73 40 25.0799
Pkt 255 750 0.34 1
Pkt 255 750 0.34 1
Rate:682.25
==========
==========6
3 0 2 24000
Node 51 29 21.0238
Pkt 43 125 0.344 1
Pkt 51 150 0.34 1
Node 39 37 17.0294
Pkt 109 320 0.340625 1
Pkt 136 400 0.34 1
Node 38 33 20.8087
Pkt 272 800 0.34 1
Pkt 272 800 0.34 1
Rate:681.542
==========
==========7
3 0 2 24000
Node 68 42 19.6977
Pkt 51 150 0.34 1
Pkt 68 200 0.34 1
Node 49 60 10.0499
Pkt 128 375 0.341333 1
Pkt 164 480 0.341667 1
Node 67 61 20.2485
Pkt 255 750 0.34 1
Pkt 272 800 0.34 1
Rate:681
==========
==========8
3 0 2 24000
Node 68 37 22.2036
Pkt 85 250 0.34 1
Pkt 43 125 0.344 1
Node 60 59 13.4536
Pkt 136 400 0.34 1
Pkt 109 320 0.340625 1
Node 68 47 18.2483
Pkt 272 800 0.34 1
Pkt 255 750 0.34 1
Rate:681.542
==========
==========9
3 0 2 24000
Node 52 48 2.82843
Pkt 51 150 0.34 1
Pkt 43 125 0.344 1
Node 34 32 24.0832
Pkt 128 375 0.341333 1
Pkt 109 320 0.340625 1
Node 49 31 19.0263
Pkt 255 750 0.34 1
Pkt 272 800 0.34 1
Rate:681.986
==========
==========10
3 0 2 24000
Node 73 34 28.0179
Pkt 85 250 0.34 1
Pkt 51 150 0.34 1
Node 57 62 13.8924
Pkt 164 480 0.341667 1
Pkt 136 400 0.34 1
Node 63 32 22.2036
Pkt 272 800 0.34 1
Pkt 272 800 0.34 1
Rate:680.556
==========
==========11
3 0 2 24000
Node 55 67 17.72
Pkt 41 120 0.341667 1
Pkt 51 150 0.34 1
Node 48 63 13.1529
Pkt 109 320 0.340625 1
Pkt 164 480 0.341667 1
Node 70 31 27.5862
Pkt 255 750 0.34 1
Pkt 255 750 0.34 1
Rate:681.319
==========
==========12
3 0 2 24000
Node 65 35 21.2132
Pkt 34 100 0.34 1
Pkt 34 100 0.34 1
Node 25 70 32.0156
Pkt 128 375 0.341333 1
Pkt 128 375 0.341333 1
Node 70 47 20.2237
Pkt 255 750 0.34 1
Pkt 255 750 0.34 1
Rate:680.889
==========
==========13
3 0 2 24000
Node 59 36 16.6433
Pkt 34 100 0.34 1
Pkt 85 250 0.34 1
Node 31 72 29.0689
Pkt 164 480 0.341667 1
Pkt 109 320 0.340625 1
Node 68 40 20.5913
Pkt 255 750 0.34 1
Pkt 272 800 0.34 1
Rate:680.764
==========
==========14
3 0 2 24000
Node 62 73 25.9422
Pkt 66 192 0.34375 1
Pkt 55 160 0.34375 1
Node 30 31 27.5862
Pkt 136 400 0.34 1
Pkt 128 375 0.341333 1
Node 38 52 12.1655
Pkt 272 800 0.34 1
Pkt 272 800 0.34 1
Rate:682.944
==========
==========15
3 0 2 24000
Node 47 51 3.16228
Pkt 66 192 0.34375 1
Pkt 85 250 0.34 1
Node 43 55 8.60233
Pkt 136 400 0.34 1
Pkt 136 400 0.34 1
Node 69 46 19.4165
Pkt 272 800 0.34 1
Pkt 255 750 0.34 1
Rate:681.25
==========
==========16
3 0 2 24000
Node 71 73 31.1448
Pkt 51 150 0.34 1
Pkt 82 240 0.341667 1
Node 29 62 24.1868
Pkt 136 400 0.34 1
Pkt 109 320 0.340625 1
Node 25 26 34.6554
Pkt 255 750 0.34 1
Pkt 272 800 0.34 1
Rate:680.764
==========
==========17
3 0 2 24000
Node 64 47 14.3178
Pkt 66 192 0.34375 1
Pkt 34 100 0.34 1
Node 38 72 25.0599
Pkt 109 320 0.340625 1
Pkt 136 400 0.34 1
Node 27 42 24.3516
Pkt 272 800 0.34 1
Pkt 255 750 0.34 1
Rate:681.458
==========
==========18
3 0 2 24000
Node 60 53 10.4403
Pkt 82 240 0.341667 1
Pkt 66 192 0.34375 1
Node 47 71 21.2132
Pkt 109 320 0.340625 1
Pkt 164 480 0.341667 1
Node 31 61 21.9545
Pkt 255 750 0.34 1
Pkt 272 800 0.34 1
Rate:682.569
==========
==========19
3 0 2 24000
Node 49 51 1.41421
Pkt 51 150 0.34 1
Pkt 41 120 0.341667 1
Node 72 37 25.5539
Pkt 102 300 0.34 1
Pkt 102 300 0.34 1
Node 35 48 15.1327
Pkt 272 800 0.34 1
Pkt 272 800 0.34 1
Rate:680.556
==========
==========20
3 0 2 24000
Node 58 70 21.5407
Pkt 66 192 0.34375 1
Pkt 85 250 0.34 1
Node 43 28 23.0868
Pkt 109 320 0.340625 1
Pkt 128 375 0.341333 1
Node 27 72 31.8277
Pkt 272 800 0.34 1
Pkt 255 750 0.34 1
Rate:681.903
==========
==========21
3 0 2 24000
Node 37 45 13.9284
Pkt 82 240 0.341667 1
Pkt 34 100 0.34 1
Node 32 27 29.2062
Pkt 109 320 0.340625 1
Pkt 102 300 0.34 1
Node 46 55 6.40312
Pkt 255 750 0.34 1
Pkt 272 800 0.34 1
Rate:680.764
==========
==========22
3 0 2 24000
Node 25 36 28.6531
Pkt 34 100 0.34 1
Pkt 66 192 0.34375 1
Node 73 48 23.0868
Pkt 102 300 0.34 1
Pkt 128 375 0.341333 1
Node 58 43 10.6301
Pkt 272 800 0.34 1
Pkt 255 750 0.34 1
Rate:681.694
==========
==========23
3 0 2 24000
Node 44 57 9.21954
Pkt 51 150 0.34 1
Pkt 34 100 0.34 1
Node 71 72 30.4138
Pkt 102 300 0.34 1
Pkt 109 320 0.340625 1
Node 72 46 22.3607
Pkt 272 800 0.34 1
Pkt 255 750 0.34 1
Rate:680.208
==========
==========24
3 0 2 24000
Node 68 61 21.095
Pkt 66 192 0.34375 1
Pkt 66 192 0.34375 1
Node 70 51 20.025
Pkt 109 320 0.340625 1
Pkt 102 300 0.34 1
Node 42 38 14.4222
Pkt 255 750 0.34 1
Pkt 272 800 0.34 1
Rate:682.708
==========
==========25
3 0 2 24000
Node 55 64 14.8661
Pkt 66 192 0.34375 1
Pkt 43 125 0.344 1
Node 42 48 8.24621
Pkt 102 300 0.34 1
Pkt 128 375 0.341333 1
Node 43 35 16.5529
Pkt 272 800 0.34 1
Pkt 272 800 0.34 1
Rate:683.028
==========
==========26
3 0 2 24000
Node 59 65 17.4929
Pkt 51 150 0.34 1
Pkt 66 192 0.34375 1
Node 46 47 5
Pkt 102 300 0.34 1
Pkt 109 320 0.340625 1
Node 32 66 24.0832
Pkt 255 750 0.34 1
Pkt 255 750 0.34 1
Rate:681.458
==========
==========27
3 0 2 24000
Node 41 35 17.4929
Pkt 82 240 0.341667 1
Pkt 82 240 0.341667 1
Node 41 55 10.2956
Pkt 164 480 0.341667 1
Pkt 128 375 0.341333 1
Node 46 39 11.7047
Pkt 255 750 0.34 1
Pkt 255 750 0.34 1
Rate:682.111
==========
==========28
3 0 2 24000
Node 26 35 28.3019
Pkt 82 240 0.341667 1
Pkt 55 160 0.34375 1
Node 54 36 14.5602
Pkt 109 320 0.340625 1
Pkt 109 320 0.340625 1
Node 72 52 22.0907
Pkt 272 800 0.34 1
Pkt 255 750 0.34 1
Rate:682.222
==========
==========29
3 0 2 24000
Node 61 46 11.7047
Pkt 43 125 0.344 1
Pkt 51 150 0.34 1
Node 67 65 22.6716
Pkt 102 300 0.34 1
Pkt 164 480 0.341667 1
Node 66 38 20
Pkt 272 800 0.34 1
Pkt 255 750 0.34 1
Rate:681.889
==========
==========30
3 0 2 24000
Node 51 67 17.0294
Pkt 82 240 0.341667 1
Pkt 43 125 0.344 1
Node 35 63 19.8494
Pkt 128 375 0.341333 1
Pkt 128 375 0.341333 1
Node 48 43 7.28011
Pkt 272 800 0.34 1
Pkt 272 800 0.34 1
Rate:682.778
==========
==========31
3 0 2 24000
Node 60 67 19.7231
Pkt 55 160 0.34375 1
Pkt 51 150 0.34 1
Node 28 35 26.6271
Pkt 128 375 0.341333 1
Pkt 128 375 0.341333 1
Node 53 37 13.3417
Pkt 255 750 0.34 1
Pkt 272 800 0.34 1
Rate:682.139
==========
==========32
3 0 2 24000
Node 39 52 11.1803
Pkt 51 150 0.34 1
Pkt 51 150 0.34 1
Node 41 38 15
Pkt 128 375 0.341333 1
Pkt 109 320 0.340625 1
Node 57 48 7.28011
Pkt 272 800 0.34 1
Pkt 272 800 0.34 1
Rate:680.653
==========
==========33
3 0 2 24000
Node 56 49 6.08276
Pkt 34 100 0.34 1
Pkt 82 240 0.341667 1
Node 38 28 25.0599
Pkt 164 480 0.341667 1
Pkt 164 480 0.341667 1
Node 59 64 16.6433
Pkt 255 750 0.34 1
Pkt 272 800 0.34 1
Rate:681.667
==========
==========34
3 0 2 24000
Node 28 69 29.0689
Pkt 55 160 0.34375 1
Pkt 68 200 0.34 1
Node 61 46 11.7047
Pkt 102 300 0.34 1
Pkt 164 480 0.341667 1
Node 28 53 22.2036
Pkt 255 750 0.34 1
Pkt 255 750 0.34 1
Rate:681.806
==========
==========35
3 0 2 24000
Node 54 55 6.40312
Pkt 82 240 0.341667 1
Pkt 82 240 0.341667 1
Node 29 72 30.4138
Pkt 164 480 0.341667 1
Pkt 102 300 0.34 1
Node 62 46 12.6491
Pkt 255 750 0.34 1
Pkt 255 750 0.34 1
Rate:681.667
==========
==========36
3 0 2 24000
Node 39 69 21.9545
Pkt 41 120 0.341667 1
Pkt 51 150 0.34 1
Node 26 29 31.8904
Pkt 109 320 0.340625 1
Pkt 164 480 0.341667 1
Node 52 29 21.095
Pkt 272 800 0.34 1
Pkt 272 800 0.34 1
Rate:681.319
==========
==========37
3 0 2 24000
Node 51 57 7.07107
Pkt 82 240 0.341667 1
Pkt 55 160 0.34375 1
Node 45 26 24.5153
Pkt 102 300 0.34 1
Pkt 164 480 0.341667 1
Node 65 51 15.0333
Pkt 272 800 0.34 1
Pkt 272 800 0.34 1
Rate:682.361
==========
==========38
3 0 2 24000
Node 48 38 12.1655
Pkt 85 250 0.34 1
Pkt 66 192 0.34375 1
Node 74 62 26.8328
Pkt 164 480 0.341667 1
Pkt 164 480 0.341667 1
Node 67 31 25.4951
Pkt 255 750 0.34 1
Pkt 272 800 0.34 1
Rate:682.361
==========
==========39
3 0 2 24000
Node 32 59 20.1246
Pkt 55 160 0.34375 1
Pkt 66 192 0.34375 1
Node 40 41 13.4536
Pkt 102 300 0.34 1
Pkt 109 320 0.340625 1
Node 36 60 17.2047
Pkt 272 800 0.34 1
Pkt 255 750 0.34 1
Rate:682.708
==========
==========40
3 0 2 24000
Node 71 46 21.3776
Pkt 41 120 0.341667 1
Pkt 51 150 0.34 1
Node 63 60 16.4012
Pkt 164 480 0.341667 1
Pkt 102 300 0.34 1
Node 65 29 25.807
Pkt 272 800 0.34 1
Pkt 272 800 0.34 1
Rate:681.111
==========
==========41
3 0 2 24000
Node 68 62 21.6333
Pkt 82 240 0.341667 1
Pkt 68 200 0.34 1
Node 56 48 6.32456
Pkt 128 375 0.341333 1
Pkt 136 400 0.34 1
Node 43 71 22.1359
Pkt 255 750 0.34 1
Pkt 272 800 0.34 1
Rate:681
==========
==========42
3 0 2 24000
Node 65 40 18.0278
Pkt 41 120 0.341667 1
Pkt 43 125 0.344 1
Node 38 69 22.4722
Pkt 128 375 0.341333 1
Pkt 128 375 0.341333 1
Node 40 67 19.7231
Pkt 272 800 0.34 1
Pkt 255 750 0.34 1
Rate:682.778
==========
==========43
3 0 2 24000
Node 43 35 16.5529
Pkt 85 250 0.34 1
Pkt 68 200 0.34 1
Node 50 26 24
Pkt 102 300 0.34 1
Pkt 128 375 0.341333 1
Node 37 35 19.8494
Pkt 255 750 0.34 1
Pkt 255 750 0.34 1
Rate:680.444
==========
==========44
3 0 2 24000
Node 54 35 15.5242
Pkt 66 192 0.34375 1
Pkt 34 100 0.34 1
Node 63 72 25.5539
Pkt 102 300 0.34 1
Pkt 102 300 0.34 1
Node 30 32 26.9072
Pkt 272 800 0.34 1
Pkt 272 800 0.34 1
Rate:681.25
==========
==========45
3 0 2 24000
Node 33 37 21.4009
Pkt 55 160 0.34375 1
Pkt 55 160 0.34375 1
Node 43 25 25.9615
Pkt 136 400 0.34 1
Pkt 109 320 0.340625 1
Node 57 56 9.21954
Pkt 255 750 0.34 1
Pkt 272 800 0.34 1
Rate:682.708
==========
==========46
3 0 2 24000
Node 54 74 24.3311
Pkt 85 250 0.34 1
Pkt 51 150 0.34 1
Node 45 53 5.83095
Pkt 136 400 0.34 1
Pkt 136 400 0.34 1
Node 67 70 26.2488
Pkt 272 800 0.34 1
Pkt 255 750 0.34 1
Rate:680
==========
==========47
3 0 2 24000
Node 54 70 20.3961
Pkt 82 240 0.341667 1
Pkt 68 200 0.34 1
Node 43 65 16.5529
Pkt 136 400 0.34 1
Pkt 109 320 0.340625 1
Node 48 54 4.47214
Pkt 255 750 0.34 1
Pkt 272 800 0.34 1
Rate:680.764
==========
==========48
3 0 2 24000
Node 56 51 6.08276
Pkt 66 192 0.34375 1
Pkt 68 200 0.34 1
Node 49 31 19.0263
Pkt 136 400 0.34 1
Pkt 102 300 0.34 1
Node 51 72 22.0227
Pkt 272 800 0.34 1
Pkt 272 800 0.34 1
Rate:681.25
==========
==========49
3 0 2 24000
Node 44 37 14.3178
Pkt 41 120 0.341667 1
Pkt 68 200 0.34 1
Node 50 68 18
Pkt 136 400 0.34 1
Pkt 164 480 0.341667 1
Node 71 73 31.1448
Pkt 272 800 0.34 1
Pkt 255 750 0.34 1
Rate:681.111
==========
==========50
3 0 2 24000
Node 29 49 21.0238
Pkt 85 250 0.34 1
Pkt 85 250 0.34 1
Node 63 64 19.105
Pkt 109 320 0.340625 1
Pkt 164 480 0.341667 1
Node 31 43 20.2485
Pkt 272 800 0.34 1
Pkt 272 800 0.34 1
Rate:680.764
==========
==========51
3 0 2 24000
Node 48 67 17.1172
Pkt 66 192 0.34375 1
Pkt 66 192 0.34375 1
Node 49 48 2.23607
Pkt 164 480 0.341667 1
Pkt 109 320 0.340625 1
Node 41 71 22.8473
Pkt 272 800 0.34 1
Pkt 272 800 0.34 1
Rate:683.264
==========
==========52
3 0 2 24000
Node 74 72 32.5576
Pkt 43 125 0.344 1
Pkt 68 200 0.34 1
Node 52 74 24.0832
Pkt 136 400 0.34 1
Pkt 102 300 0.34 1
Node 50 62 12
Pkt 272 800 0.34 1
Pkt 272 800 0.34 1
Rate:681.333
==========
==========53
3 0 2 24000
Node 36 31 23.6008
Pkt 82 240 0.341667 1
Pkt 68 200 0.34 1
Node 31 68 26.1725
Pkt 109 320 0.340625 1
Pkt 164 480 0.341667 1
Node 55 73 23.5372
Pkt 272 800 0.34 1
Pkt 272 800 0.34 1
Rate:681.319
==========
==========54
3 0 2 24000
Node 67 51 17.0294
Pkt 51 150 0.34 1
Pkt 34 100 0.34 1
Node 57 62 13.8924
Pkt 136 400 0.34 1
Pkt 128 375 0.341333 1
Node 59 72 23.7697
Pkt 255 750 0.34 1
Pkt 255 750 0.34 1
Rate:680.444
==========
==========55
3 0 2 24000
Node 37 51 13.0384
Pkt 68 200 0.34 1
Pkt 66 192 0.34375 1
Node 42 59 12.0416
Pkt 136 400 0.34 1
Pkt 109 320 0.340625 1
Node 49 38 12.0416
Pkt 272 800 0.34 1
Pkt 255 750 0.34 1
Rate:681.458
==========
==========56
3 0 2 24000
Node 30 37 23.8537
Pkt 55 160 0.34375 1
Pkt 82 240 0.341667 1
Node 50 61 11
Pkt 128 375 0.341333 1
Pkt 164 480 0.341667 1
Node 46 67 17.4642
Pkt 255 750 0.34 1
Pkt 255 750 0.34 1
Rate:682.806
==========
==========57
3 0 2 24000
Node 72 57 23.0868
Pkt 43 125 0.344 1
Pkt 66 192 0.34375 1
Node 56 48 6.32456
Pkt 109 320 0.340625 1
Pkt 109 320 0.340625 1
Node 64 69 23.6008
Pkt 272 800 0.34 1
Pkt 255 750 0.34 1
Rate:683
==========
==========58
3 0 2 24000
Node 70 39 22.8254
Pkt 41 120 0.341667 1
Pkt 51 150 0.34 1
Node 39 72 24.5967
Pkt 128 375 0.341333 1
Pkt 136 400 0.34 1
Node 56 29 21.8403
Pkt 255 750 0.34 1
Pkt 255 750 0.34 1
Rate:681
==========
==========59
3 0 2 24000
Node 25 30 32.0156
Pkt 85 250 0.34 1
Pkt 55 160 0.34375 1
Node 74 27 33.2415
Pkt 109 320 0.340625 1
Pkt 109 320 0.340625 1
Node 55 49 5.09902
Pkt 272 800 0.34 1
Pkt 255 750 0.34 1
Rate:681.667
==========
==========60
3 0 2 24000
Node 74 36 27.7849
Pkt 68 200 0.34 1
Pkt 51 150 0.34 1
Node 54 63 13.6015
Pkt 102 300 0.34 1
Pkt 136 400 0.34 1
Node 32 41 20.1246
Pkt 255 750 0.34 1
Pkt 272 800 0.34 1
Rate:680
==========
==========61
3 0 2 24000
Node 68 58 19.6977
Pkt 68 200 0.34 1
Pkt 82 240 0.341667 1
Node 46 46 5.65685
Pkt 136 400 0.34 1
Pkt 109 320 0.340625 1
Node 70 46 20.3961
Pkt 255 750 0.34 1
Pkt 272 800 0.34 1
Rate:680.764
==========
==========62
3 0 2 24000
Node 37 48 13.1529
Pkt 82 240 0.341667 1
Pkt 41 120 0.341667 1
Node 45 30 20.6155
Pkt 109 320 0.340625 1
Pkt 128 375 0.341333 1
Node 43 55 8.60233
Pkt 255 750 0.34 1
Pkt 255 750 0.34 1
Rate:681.764
==========
==========63
3 0 2 24000
Node 63 29 24.6982
Pkt 55 160 0.34375 1
Pkt 41 120 0.341667 1
Node 72 55 22.561
Pkt 128 375 0.341333 1
Pkt 102 300 0.34 1
Node 51 29 21.0238
Pkt 255 750 0.34 1
Pkt 272 800 0.34 1
Rate:682.25
==========
==========64
3 0 2 24000
Node 62 41 15
Pkt 51 150 0.34 1
Pkt 85 250 0.34 1
Node 68 62 21.6333
Pkt 102 300 0.34 1
Pkt 164 480 0.341667 1
Node 34 52 16.1245
Pkt 255 750 0.34 1
Pkt 255 750 0.34 1
Rate:680.556
==========
==========65
3 0 2 24000
Node 60 66 18.868
Pkt 85 250 0.34 1
Pkt 66 192 0.34375 1
Node 33 70 26.2488
Pkt 164 480 0.341667 1
Pkt 164 480 0.341667 1
Node 35 27 27.4591
Pkt 272 800 0.34 1
Pkt 255 750 0.34 1
Rate:682.361
==========
==========66
3 0 2 24000
Node 30 52 20.0998
Pkt 51 150 0.34 1
Pkt 55 160 0.34375 1
Node 70 25 32.0156
Pkt 102 300 0.34 1
Pkt 164 480 0.341667 1
Node 73 47 23.1948
Pkt 255 750 0.34 1
Pkt 272 800 0.34 1
Rate:681.806
==========
==========67
3 0 2 24000
Node 64 74 27.7849
Pkt 66 192 0.34375 1
Pkt 51 150 0.34 1
Node 49 25 25.02
Pkt 102 300 0.34 1
Pkt 164 480 0.341667 1
Node 40 61 14.8661
Pkt 255 750 0.34 1
Pkt 255 750 0.34 1
Rate:681.806
==========
==========68
3 0 2 24000
Node 74 45 24.5153
Pkt 66 192 0.34375 1
Pkt 55 160 0.34375 1
Node 67 45 17.72
Pkt 164 480 0.341667 1
Pkt 164 480 0.341667 1
Node 55 47 5.83095
Pkt 272 800 0.34 1
Pkt 272 800 0.34 1
Rate:683.611
==========
==========69
3 0 2 24000
Node 46 70 20.3961
Pkt 41 120 0.341667 1
Pkt 55 160 0.34375 1
Node 72 69 29.0689
Pkt 109 320 0.340625 1
Pkt 102 300 0.34 1
Node 64 30 24.4131
Pkt 272 800 0.34 1
Pkt 255 750 0.34 1
Rate:682.014
==========
==========70
3 0 2 24000
Node 62 65 19.2094
Pkt 43 125 0.344 1
Pkt 66 192 0.34375 1
Node 38 36 18.4391
Pkt 109 320 0.340625 1
Pkt 164 480 0.341667 1
Node 40 67 19.7231
Pkt 255 750 0.34 1
Pkt 272 800 0.34 1
Rate:683.347
==========
==========71
3 0 2 24000
Node 36 34 21.2603
Pkt 68 200 0.34 1
Pkt 51 150 0.34 1
Node 51 59 9.05539
Pkt 102 300 0.34 1
Pkt 136 400 0.34 1
Node 28 39 24.5967
Pkt 255 750 0.34 1
Pkt 272 800 0.34 1
Rate:680
==========
==========72
3 0 2 24000
Node 47 37 13.3417
Pkt 82 240 0.341667 1
Pkt 82 240 0.341667 1
Node 35 51 15.0333
Pkt 136 400 0.34 1
Pkt 109 320 0.340625 1
Node 46 45 6.40312
Pkt 272 800 0.34 1
Pkt 255 750 0.34 1
Rate:681.319
==========
==========73
3 0 2 24000
Node 51 31 19.0263
Pkt 43 125 0.344 1
Pkt 68 200 0.34 1
Node 45 46 6.40312
Pkt 102 300 0.34 1
Pkt 102 300 0.34 1
Node 32 60 20.5913
Pkt 255 750 0.34 1
Pkt 255 750 0.34 1
Rate:681.333
==========
==========74
3 0 2 24000
Node 37 73 26.4197
Pkt 41 120 0.341667 1
Pkt 66 192 0.34375 1
Node 71 40 23.2594
Pkt 164 480 0.341667 1
Pkt 102 300 0.34 1
Node 70 26 31.241
Pkt 255 750 0.34 1
Pkt 255 750 0.34 1
Rate:682.361
==========
==========75
3 0 2 24000
Node 54 71 21.3776
Pkt 41 120 0.341667 1
Pkt 66 192 0.34375 1
Node 45 55 7.07107
Pkt 128 375 0.341333 1
Pkt 164 480 0.341667 1
Node 67 66 23.3452
Pkt 255 750 0.34 1
Pkt 255 750 0.34 1
Rate:682.806
==========
==========76
3 0 2 24000
Node 66 31 24.8395
Pkt 82 240 0.341667 1
Pkt 55 160 0.34375 1
Node 54 55 6.40312
Pkt 128 375 0.341333 1
Pkt 164 480 0.341667 1
Node 51 42 8.06226
Pkt 272 800 0.34 1
Pkt 272 800 0.34 1
Rate:682.806
==========
==========77
3 0 2 24000
Node 30 62 23.3238
Pkt 68 200 0.34 1
Pkt 43 125 0.344 1
Node 31 58 20.6155
Pkt 109 320 0.340625 1
Pkt 102 300 0.34 1
Node 30 69 27.5862
Pkt 272 800 0.34 1
Pkt 272 800 0.34 1
Rate:681.542
==========
==========78
3 0 2 24000
Node 27 70 30.4795
Pkt 51 150 0.34 1
Pkt 34 100 0.34 1
Node 43 58 10.6301
Pkt 164 480 0.341667 1
Pkt 164 480 0.341667 1
Node 31 50 19
Pkt 255 750 0.34 1
Pkt 272 800 0.34 1
Rate:681.111
==========
==========79
3 0 2 24000
Node 30 26 31.241
Pkt 51 150 0.34 1
Pkt 43 125 0.344 1
Node 57 56 9.21954
Pkt 128 375 0.341333 1
Pkt 164 480 0.341667 1
Node 43 74 25
Pkt 255 750 0.34 1
Pkt 272 800 0.34 1
Rate:682.333
==========
==========80
3 0 2 24000
Node 55 27 23.5372
Pkt 51 150 0.34 1
Pkt 34 100 0.34 1
Node 64 59 16.6433
Pkt 164 480 0.341667 1
Pkt 102 300 0.34 1
Node 62 40 15.6205
Pkt 255 750 0.34 1
Pkt 255 750 0.34 1
Rate:680.556
==========
==========81
3 0 2 24000
Node 44 73 23.7697
Pkt 66 192 0.34375 1
Pkt 51 150 0.34 1
Node 64 34 21.2603
Pkt 128 375 0.341333 1
Pkt 136 400 0.34 1
Node 56 52 6.32456
Pkt 255 750 0.34 1
Pkt 255 750 0.34 1
Rate:681.694
==========
==========82
3 0 2 24000
Node 45 72 22.561
Pkt 34 100 0.34 1
Pkt 68 200 0.34 1
Node 61 43 13.0384
Pkt 109 320 0.340625 1
Pkt 128 375 0.341333 1
Node 37 61 17.0294
Pkt 255 750 0.34 1
Pkt 255 750 0.34 1
Rate:680.653
==========
==========83
3 0 2 24000
Node 48 30 20.0998
Pkt 41 120 0.341667 1
Pkt 51 150 0.34 1
Node 28 41 23.7697
Pkt 109 320 0.340625 1
Pkt 128 375 0.341333 1
Node 61 69 21.9545
Pkt 255 750 0.34 1
Pkt 255 750 0.34 1
Rate:681.208
==========
==========84
3 0 2 24000
Node 71 43 22.1359
Pkt 66 192 0.34375 1
Pkt 82 240 0.341667 1
Node 64 64 19.799
Pkt 102 300 0.34 1
Pkt 109 320 0.340625 1
Node 39 45 12.083
Pkt 272 800 0.34 1
Pkt 255 750 0.34 1
Rate:682.014
==========
==========85
3 0 2 24000
Node 27 42 24.3516
Pkt 85 250 0.34 1
Pkt 43 125 0.344 1
Node 62 62 16.9706
Pkt 128 375 0.341333 1
Pkt 136 400 0.34 1
Node 25 54 25.318
Pkt 272 800 0.34 1
Pkt 255 750 0.34 1
Rate:681.778
==========
==========86
3 0 2 24000
Node 67 69 25.4951
Pkt 55 160 0.34375 1
Pkt 51 150 0.34 1
Node 70 29 29
Pkt 102 300 0.34 1
Pkt 136 400 0.34 1
Node 57 63 14.7648
Pkt 272 800 0.34 1
Pkt 255 750 0.34 1
Rate:681.25
==========
==========87
3 0 2 24000
Node 27 57 24.0416
Pkt 43 125 0.344 1
Pkt 51 150 0.34 1
Node 41 70 21.9317
Pkt 128 375 0.341333 1
Pkt 109 320 0.340625 1
Node 37 74 27.2947
Pkt 255 750 0.34 1
Pkt 255 750 0.34 1
Rate:681.986
==========
==========88
3 0 2 24000
Node 36 57 15.6525
Pkt 68 200 0.34 1
Pkt 34 100 0.34 1
Node 27 44 23.7697
Pkt 102 300 0.34 1
Pkt 136 400 0.34 1
Node 27 66 28.0179
Pkt 255 750 0.34 1
Pkt 255 750 0.34 1
Rate:680
==========
==========89
3 0 2 24000
Node 33 63 21.4009
Pkt 41 120 0.341667 1
Pkt 43 125 0.344 1
Node 28 39 24.5967
Pkt 136 400 0.34 1
Pkt 102 300 0.34 1
Node 34 26 28.8444
Pkt 272 800 0.34 1
Pkt 272 800 0.34 1
Rate:681.889
==========
==========90
3 0 2 24000
Node 31 49 19.0263
Pkt 51 150 0.34 1
Pkt 41 120 0.341667 1
Node 68 26 30
Pkt 128 375 0.341333 1
Pkt 164 480 0.341667 1
Node 49 26 24.0208
Pkt 272 800 0.34 1
Pkt 272 800 0.34 1
Rate:681.556
==========
==========91
3 0 2 24000
Node 65 29 25.807
Pkt 51 150 0.34 1
Pkt 41 120 0.341667 1
Node 26 32 30
Pkt 128 375 0.341333 1
Pkt 102 300 0.34 1
Node 52 37 13.1529
Pkt 255 750 0.34 1
Pkt 272 800 0.34 1
Rate:681
==========
==========92
3 0 2 24000
Node 60 51 10.0499
Pkt 85 250 0.34 1
Pkt 41 120 0.341667 1
Node 63 26 27.2947
Pkt 109 320 0.340625 1
Pkt 136 400 0.34 1
Node 32 42 19.6977
Pkt 255 750 0.34 1
Pkt 272 800 0.34 1
Rate:680.764
==========
==========93
3 0 2 24000
Node 72 33 27.8029
Pkt 66 192 0.34375 1
Pkt 55 160 0.34375 1
Node 72 72 31.1127
Pkt 109 320 0.340625 1
Pkt 109 320 0.340625 1
Node 43 31 20.2485
Pkt 272 800 0.34 1
Pkt 272 800 0.34 1
Rate:682.917
==========
==========94
3 0 2 24000
Node 27 30 30.4795
Pkt 51 150 0.34 1
Pkt 41 120 0.341667 1
Node 52 37 13.1529
Pkt 164 480 0.341667 1
Pkt 109 320 0.340625 1
Node 57 35 16.5529
Pkt 272 800 0.34 1
Pkt 272 800 0.34 1
Rate:681.319
==========
==========95
3 0 2 24000
Node 46 62 12.6491
Pkt 43 125 0.344 1
Pkt 55 160 0.34375 1
Node 27 47 23.1948
Pkt 128 375 0.341333 1
Pkt 128 375 0.341333 1
Node 42 35 17
Pkt 272 800 0.34 1
Pkt 272 800 0.34 1
Rate:683.472
==========
==========96
3 0 2 24000
Node 51 48 2.23607
Pkt 41 120 0.341667 1
Pkt 34 100 0.34 1
Node 28 66 27.2029
Pkt 102 300 0.34 1
Pkt 164 480 0.341667 1
Node 60 65 18.0278
Pkt 255 750 0.34 1
Pkt 255 750 0.34 1
Rate:681.111
==========
==========97
3 0 2 24000
Node 52 63 13.1529
Pkt 34 100 0.34 1
Pkt 34 100 0.34 1
Node 60 57 12.2066
Pkt 109 320 0.340625 1
Pkt 164 480 0.341667 1
Node 39 42 13.6015
Pkt 272 800 0.34 1
Pkt 272 800 0.34 1
Rate:680.764
==========
==========98
3 0 2 24000
Node 62 46 12.6491
Pkt 85 250 0.34 1
Pkt 43 125 0.344 1
Node 34 29 26.4008
Pkt 102 300 0.34 1
Pkt 136 400 0.34 1
Node 50 37 13
Pkt 272 800 0.34 1
Pkt 255 750 0.34 1
Rate:681.333
==========
==========99
