3 0 2 24000
Node 57 71 22.1359
Pkt 85 192 0.442708 1
Pkt 66 150 0.44 1
Node 25 59 26.5707
Pkt 165 375 0.44 1
Pkt 141 320 0.440625 1
Node 41 29 22.8473
Pkt 330 750 0.44 1
Pkt 352 800 0.44 1
Rate:881.111
==========
==========0
3 0 2 24000
Node 27 28 31.8277
Pkt 85 192 0.442708 1
Pkt 88 200 0.44 1
Node 36 50 14
Pkt 141 320 0.440625 1
Pkt 165 375 0.44 1
Node 49 59 9.05539
Pkt 330 750 0.44 1
Pkt 330 750 0.44 1
Rate:881.111
==========
==========1
3 0 2 24000
Node 55 39 12.083
Pkt 44 100 0.44 1
Pkt 44 100 0.44 1
Node 67 49 17.0294
Pkt 132 300 0.44 1
Pkt 132 300 0.44 1
Node 60 69 21.4709
Pkt 352 800 0.44 1
Pkt 352 800 0.44 1
Rate:880
==========
==========2
3 0 2 24000
Node 74 32 30
Pkt 88 200 0.44 1
Pkt 106 240 0.441667 1
Node 34 25 29.6816
Pkt 165 375 0.44 1
Pkt 132 300 0.44 1
Node 36 44 15.2315
Pkt 352 800 0.44 1
Pkt 330 750 0.44 1
Rate:880.556
==========
==========3
3 0 2 24000
Node 52 53 3.60555
Pkt 110 250 0.44 1
Pkt 55 125 0.44 1
Node 37 61 17.0294
Pkt 176 400 0.44 1
Pkt 176 400 0.44 1
Node 51 64 14.0357
Pkt 352 800 0.44 1
Pkt 330 750 0.44 1
Rate:880
==========
==========4
3 0 2 24000
Node 67 35 22.6716
Pkt 53 120 0.441667 1
Pkt 106 240 0.441667 1
Node 40 74 26
Pkt 165 375 0.44 1
Pkt 212 480 0.441667 1
Node 51 25 25.02
Pkt 352 800 0.44 1
Pkt 330 750 0.44 1
Rate:881.667
==========
==========5
3 0 2 24000
Node 53 62 12.3693
Pkt 110 250 0.44 1
Pkt 55 125 0.44 1
Node 63 74 27.2947
Pkt 165 375 0.44 1
Pkt 176 400 0.44 1
Node 65 45 15.8114
Pkt 352 800 0.44 1
Pkt 352 800 0.44 1
Rate:880
==========
==========6
3 0 2 24000
Node 58 30 21.5407
Pkt 55 125 0.44 1
Pkt 85 192 0.442708 1
Node 58 28 23.4094
Pkt 165 375 0.44 1
Pkt 132 300 0.44 1
Node 28 50 22
Pkt 352 800 0.44 1
Pkt 330 750 0.44 1
Rate:880.903
==========
==========7
3 0 2 24000
Node 25 54 25.318
Pkt 110 250 0.44 1
Pkt 53 120 0.441667 1
Node 43 53 7.61577
Pkt 165 375 0.44 1
Pkt 176 400 0.44 1
Node 44 63 14.3178
Pkt 352 800 0.44 1
Pkt 330 750 0.44 1
Rate:880.556
==========
==========8
3 0 2 24000
Node 42 74 25.2982
Pkt 71 160 0.44375 1
Pkt 71 160 0.44375 1
Node 68 55 18.6815
Pkt 176 400 0.44 1
Pkt 176 400 0.44 1
Node 68 52 18.1108
Pkt 330 750 0.44 1
Pkt 330 750 0.44 1
Rate:882.5
==========
==========9
3 0 2 24000
Node 26 56 24.7386
Pkt 110 250 0.44 1
Pkt 106 240 0.441667 1
Node 60 71 23.2594
Pkt 165 375 0.44 1
Pkt 141 320 0.440625 1
Node 58 35 17
Pkt 352 800 0.44 1
Pkt 330 750 0.44 1
Rate:880.764
==========
==========10
3 0 2 24000
Node 26 73 33.2415
Pkt 85 192 0.442708 1
Pkt 85 192 0.442708 1
Node 72 58 23.4094
Pkt 212 480 0.441667 1
Pkt 132 300 0.44 1
Node 45 71 21.587
Pkt 330 750 0.44 1
Pkt 352 800 0.44 1
Rate:882.361
==========
==========11
3 0 2 24000
Node 30 38 23.3238
Pkt 53 120 0.441667 1
Pkt 71 160 0.44375 1
Node 73 36 26.9258
Pkt 141 320 0.440625 1
Pkt 141 320 0.440625 1
Node 55 65 15.8114
Pkt 352 800 0.44 1
Pkt 352 800 0.44 1
Rate:882.222
==========
==========12
3 0 2 24000
Node 53 28 22.2036
Pkt 53 120 0.441667 1
Pkt 85 192 0.442708 1
Node 74 49 24.0208
Pkt 141 320 0.440625 1
Pkt 176 400 0.44 1
Node 55 51 5.09902
Pkt 352 800 0.44 1
Pkt 330 750 0.44 1
Rate:881.667
==========
==========13
3 0 2 24000
Node 49 41 9.05539
Pkt 110 250 0.44 1
Pkt 44 100 0.44 1
Node 71 50 21
Pkt 212 480 0.441667 1
Pkt 176 400 0.44 1
Node 28 54 22.3607
Pkt 352 800 0.44 1
Pkt 330 750 0.44 1
Rate:880.556
==========
==========14
3 0 2 24000
Node 55 69 19.6469
Pkt 55 125 0.44 1
Pkt 85 192 0.442708 1
Node 67 74 29.4109
Pkt 141 320 0.440625 1
Pkt 132 300 0.44 1
Node 51 39 11.0454
Pkt 352 800 0.44 1
Pkt 330 750 0.44 1
Rate:881.111
==========
==========15
3 0 2 24000
Node 54 62 12.6491
Pkt 53 120 0.441667 1
Pkt 88 200 0.44 1
Node 27 58 24.3516
Pkt 141 320 0.440625 1
Pkt 141 320 0.440625 1
Node 57 68 19.3132
Pkt 352 800 0.44 1
Pkt 330 750 0.44 1
Rate:880.972
==========
==========16
3 0 2 24000
Node 28 46 22.3607
Pkt 106 240 0.441667 1
Pkt 55 125 0.44 1
Node 66 62 20
Pkt 141 320 0.440625 1
Pkt 212 480 0.441667 1
Node 66 28 27.2029
Pkt 330 750 0.44 1
Pkt 352 800 0.44 1
Rate:881.319
==========
==========17
3 0 2 24000
Node 36 35 20.5183
Pkt 66 150 0.44 1
Pkt 85 192 0.442708 1
Node 73 35 27.4591
Pkt 176 400 0.44 1
Pkt 141 320 0.440625 1
Node 45 71 21.587
Pkt 352 800 0.44 1
Pkt 330 750 0.44 1
Rate:881.111
==========
==========18
3 0 2 24000
Node 74 27 33.2415
Pkt 55 125 0.44 1
Pkt 53 120 0.441667 1
Node 62 68 21.6333
Pkt 165 375 0.44 1
Pkt 132 300 0.44 1
Node 51 51 1.41421
Pkt 352 800 0.44 1
Pkt 352 800 0.44 1
Rate:880.556
==========
==========19
3 0 2 24000
Node 28 34 27.2029
Pkt 66 150 0.44 1
Pkt 88 200 0.44 1
Node 30 62 23.3238
Pkt 165 375 0.44 1
Pkt 176 400 0.44 1
Node 70 62 23.3238
Pkt 330 750 0.44 1
Pkt 330 750 0.44 1
Rate:880
==========
==========20
3 0 2 24000
Node 30 55 20.6155
Pkt 85 192 0.442708 1
Pkt 110 250 0.44 1
Node 36 46 14.5602
Pkt 132 300 0.44 1
Pkt 212 480 0.441667 1
Node 53 38 12.3693
Pkt 352 800 0.44 1
Pkt 330 750 0.44 1
Rate:881.458
==========
==========21
3 0 2 24000
Node 27 30 30.4795
Pkt 106 240 0.441667 1
Pkt 44 100 0.44 1
Node 66 63 20.6155
Pkt 132 300 0.44 1
Pkt 132 300 0.44 1
Node 34 68 24.0832
Pkt 330 750 0.44 1
Pkt 352 800 0.44 1
Rate:880.556
==========
==========22
3 0 2 24000
Node 43 42 10.6301
Pkt 55 125 0.44 1
Pkt 71 160 0.44375 1
Node 41 68 20.1246
Pkt 212 480 0.441667 1
Pkt 165 375 0.44 1
Node 44 43 9.21954
Pkt 330 750 0.44 1
Pkt 330 750 0.44 1
Rate:881.806
==========
==========23
3 0 2 24000
Node 74 48 24.0832
Pkt 71 160 0.44375 1
Pkt 53 120 0.441667 1
Node 31 69 26.8701
Pkt 176 400 0.44 1
Pkt 141 320 0.440625 1
Node 50 45 5
Pkt 330 750 0.44 1
Pkt 352 800 0.44 1
Rate:882.014
==========
==========24
3 0 2 24000
Node 28 57 23.0868
Pkt 106 240 0.441667 1
Pkt 66 150 0.44 1
Node 71 59 22.8473
Pkt 212 480 0.441667 1
Pkt 141 320 0.440625 1
Node 56 44 8.48528
Pkt 352 800 0.44 1
Pkt 330 750 0.44 1
Rate:881.319
==========
==========25
3 0 2 24000
Node 35 39 18.6011
Pkt 106 240 0.441667 1
Pkt 85 192 0.442708 1
Node 69 54 19.4165
Pkt 165 375 0.44 1
Pkt 141 320 0.440625 1
Node 53 56 6.7082
Pkt 330 750 0.44 1
Pkt 352 800 0.44 1
Rate:881.667
==========
==========26
3 0 2 24000
Node 30 29 29
Pkt 88 200 0.44 1
Pkt 44 100 0.44 1
Node 68 36 22.8035
Pkt 212 480 0.441667 1
Pkt 141 320 0.440625 1
Node 28 71 30.4138
Pkt 352 800 0.44 1
Pkt 330 750 0.44 1
Rate:880.764
==========
==========27
3 0 2 24000
Node 61 52 11.1803
Pkt 110 250 0.44 1
Pkt 106 240 0.441667 1
Node 64 57 15.6525
Pkt 141 320 0.440625 1
Pkt 141 320 0.440625 1
Node 32 37 22.2036
Pkt 330 750 0.44 1
Pkt 330 750 0.44 1
Rate:880.972
==========
==========28
3 0 2 24000
Node 45 37 13.9284
Pkt 53 120 0.441667 1
Pkt 66 150 0.44 1
Node 35 46 15.5242
Pkt 212 480 0.441667 1
Pkt 141 320 0.440625 1
Node 68 30 26.9072
Pkt 330 750 0.44 1
Pkt 330 750 0.44 1
Rate:881.319
==========
==========29
3 0 2 24000
Node 53 53 4.24264
Pkt 106 240 0.441667 1
Pkt 88 200 0.44 1
Node 63 33 21.4009
Pkt 212 480 0.441667 1
Pkt 141 320 0.440625 1
Node 45 57 8.60233
Pkt 352 800 0.44 1
Pkt 330 750 0.44 1
Rate:881.319
==========
==========30
3 0 2 24000
Node 32 65 23.4307
Pkt 66 150 0.44 1
Pkt 106 240 0.441667 1
Node 68 52 18.1108
Pkt 141 320 0.440625 1
Pkt 132 300 0.44 1
Node 50 40 10
Pkt 330 750 0.44 1
Pkt 330 750 0.44 1
Rate:880.764
==========
==========31
3 0 2 24000
Node 39 42 13.6015
Pkt 53 120 0.441667 1
Pkt 106 240 0.441667 1
Node 71 74 31.8904
Pkt 141 320 0.440625 1
Pkt 132 300 0.44 1
Node 66 32 24.0832
Pkt 352 800 0.44 1
Pkt 330 750 0.44 1
Rate:881.319
==========
==========32
3 0 2 24000
Node 72 70 29.7321
Pkt 66 150 0.44 1
Pkt 85 192 0.442708 1
Node 39 61 15.5563
Pkt 132 300 0.44 1
Pkt 165 375 0.44 1
Node 70 68 26.9072
Pkt 330 750 0.44 1
Pkt 330 750 0.44 1
Rate:880.903
==========
==========33
3 0 2 24000
Node 39 32 21.095
Pkt 44 100 0.44 1
Pkt 85 192 0.442708 1
Node 49 26 24.0208
Pkt 132 300 0.44 1
Pkt 132 300 0.44 1
Node 27 59 24.6982
Pkt 352 800 0.44 1
Pkt 352 800 0.44 1
Rate:880.903
==========
==========34
3 0 2 24000
Node 28 50 22
Pkt 44 100 0.44 1
Pkt 55 125 0.44 1
Node 67 69 25.4951
Pkt 176 400 0.44 1
Pkt 212 480 0.441667 1
Node 70 49 20.025
Pkt 352 800 0.44 1
Pkt 330 750 0.44 1
Rate:880.556
==========
==========35
3 0 2 24000
Node 28 30 29.7321
Pkt 44 100 0.44 1
Pkt 88 200 0.44 1
Node 56 35 16.1555
Pkt 141 320 0.440625 1
Pkt 141 320 0.440625 1
Node 47 41 9.48683
Pkt 352 800 0.44 1
Pkt 352 800 0.44 1
Rate:880.417
==========
==========36
3 0 2 24000
Node 52 46 4.47214
Pkt 110 250 0.44 1
Pkt 44 100 0.44 1
Node 31 65 24.2074
Pkt 132 300 0.44 1
Pkt 141 320 0.440625 1
Node 41 74 25.632
Pkt 352 800 0.44 1
Pkt 352 800 0.44 1
Rate:880.208
==========
==========37
3 0 2 24000
Node 36 60 17.2047
Pkt 88 200 0.44 1
Pkt 71 160 0.44375 1
Node 65 65 21.2132
Pkt 141 320 0.440625 1
Pkt 212 480 0.441667 1
Node 62 61 16.2788
Pkt 330 750 0.44 1
Pkt 352 800 0.44 1
Rate:882.014
==========
==========38
3 0 2 24000
Node 31 32 26.1725
Pkt 71 160 0.44375 1
Pkt 66 150 0.44 1
Node 69 63 23.0217
Pkt 132 300 0.44 1
Pkt 165 375 0.44 1
Node 57 59 11.4018
Pkt 352 800 0.44 1
Pkt 352 800 0.44 1
Rate:881.25
==========
==========39
3 0 2 24000
Node 38 54 12.6491
Pkt 106 240 0.441667 1
Pkt 66 150 0.44 1
Node 56 32 18.9737
Pkt 132 300 0.44 1
Pkt 212 480 0.441667 1
Node 35 46 15.5242
Pkt 330 750 0.44 1
Pkt 330 750 0.44 1
Rate:881.111
==========
==========40
3 0 2 24000
Node 43 64 15.6525
Pkt 106 240 0.441667 1
Pkt 106 240 0.441667 1
Node 51 28 22.0227
Pkt 165 375 0.44 1
Pkt 165 375 0.44 1
Node 60 48 10.198
Pkt 330 750 0.44 1
Pkt 352 800 0.44 1
Rate:881.111
==========
==========41
3 0 2 24000
Node 44 54 7.2111
Pkt 85 192 0.442708 1
Pkt 85 192 0.442708 1
Node 59 62 15
Pkt 176 400 0.44 1
Pkt 141 320 0.440625 1
Node 68 72 28.4253
Pkt 330 750 0.44 1
Pkt 330 750 0.44 1
Rate:882.014
==========
==========42
3 0 2 24000
Node 57 48 7.28011
Pkt 88 200 0.44 1
Pkt 110 250 0.44 1
Node 56 30 20.8806
Pkt 212 480 0.441667 1
Pkt 141 320 0.440625 1
Node 31 65 24.2074
Pkt 352 800 0.44 1
Pkt 330 750 0.44 1
Rate:880.764
==========
==========43
3 0 2 24000
Node 30 31 27.5862
Pkt 106 240 0.441667 1
Pkt 66 150 0.44 1
Node 73 59 24.6982
Pkt 141 320 0.440625 1
Pkt 141 320 0.440625 1
Node 26 61 26.4008
Pkt 330 750 0.44 1
Pkt 352 800 0.44 1
Rate:880.972
==========
==========44
3 0 2 24000
Node 35 43 16.5529
Pkt 71 160 0.44375 1
Pkt 88 200 0.44 1
Node 49 41 9.05539
Pkt 212 480 0.441667 1
Pkt 165 375 0.44 1
Node 45 54 6.40312
Pkt 330 750 0.44 1
Pkt 330 750 0.44 1
Rate:881.806
==========
==========45
3 0 2 24000
Node 37 27 26.4197
Pkt 106 240 0.441667 1
Pkt 53 120 0.441667 1
Node 30 73 30.4795
Pkt 176 400 0.44 1
Pkt 132 300 0.44 1
Node 67 63 21.4009
Pkt 330 750 0.44 1
Pkt 330 750 0.44 1
Rate:881.111
==========
==========46
3 0 2 24000
Node 61 47 11.4018
Pkt 44 100 0.44 1
Pkt 71 160 0.44375 1
Node 42 46 8.94427
Pkt 176 400 0.44 1
Pkt 141 320 0.440625 1
Node 42 43 10.6301
Pkt 352 800 0.44 1
Pkt 352 800 0.44 1
Rate:881.458
==========
==========47
3 0 2 24000
Node 72 26 32.5576
Pkt 53 120 0.441667 1
Pkt 106 240 0.441667 1
Node 43 50 7
Pkt 132 300 0.44 1
Pkt 165 375 0.44 1
Node 54 61 11.7047
Pkt 330 750 0.44 1
Pkt 352 800 0.44 1
Rate:881.111
==========
==========48
3 0 2 24000
Node 65 72 26.6271
Pkt 44 100 0.44 1
Pkt 44 100 0.44 1
Node 51 39 11.0454
Pkt 176 400 0.44 1
Pkt 165 375 0.44 1
Node 35 36 20.5183
Pkt 352 800 0.44 1
Pkt 352 800 0.44 1
Rate:880
==========
==========49
3 0 2 24000
Node 68 40 20.5913
Pkt 44 100 0.44 1
Pkt 71 160 0.44375 1
Node 70 50 20
Pkt 141 320 0.440625 1
Pkt 132 300 0.44 1
Node 72 51 22.0227
Pkt 352 800 0.44 1
Pkt 330 750 0.44 1
Rate:881.458
==========
==========50
3 0 2 24000
Node 38 67 20.8087
Pkt 110 250 0.44 1
Pkt 71 160 0.44375 1
Node 62 48 12.1655
Pkt 212 480 0.441667 1
Pkt 165 375 0.44 1
Node 48 50 2
Pkt 330 750 0.44 1
Pkt 352 800 0.44 1
Rate:881.806
==========
==========51
3 0 2 24000
Node 35 72 26.6271
Pkt 66 150 0.44 1
Pkt 85 192 0.442708 1
Node 60 57 12.2066
Pkt 141 320 0.440625 1
Pkt 141 320 0.440625 1
Node 65 71 25.807
Pkt 352 800 0.44 1
Pkt 352 800 0.44 1
Rate:881.319
==========
==========52
3 0 2 24000
Node 40 63 16.4012
Pkt 66 150 0.44 1
Pkt 66 150 0.44 1
Node 57 58 10.6301
Pkt 176 400 0.44 1
Pkt 141 320 0.440625 1
Node 26 67 29.4109
Pkt 330 750 0.44 1
Pkt 352 800 0.44 1
Rate:880.208
==========
==========53
3 0 2 24000
Node 37 61 17.0294
Pkt 85 192 0.442708 1
Pkt 88 200 0.44 1
Node 38 37 17.6918
Pkt 132 300 0.44 1
Pkt 141 320 0.440625 1
Node 71 65 25.807
Pkt 352 800 0.44 1
Pkt 352 800 0.44 1
Rate:881.111
==========
==========54
3 0 2 24000
Node 65 67 22.6716
Pkt 44 100 0.44 1
Pkt 55 125 0.44 1
Node 40 64 17.2047
Pkt 212 480 0.441667 1
Pkt 176 400 0.44 1
Node 34 73 28.0179
Pkt 352 800 0.44 1
Pkt 330 750 0.44 1
Rate:880.556
==========
==========55
3 0 2 24000
Node 62 44 13.4164
Pkt 85 192 0.442708 1
Pkt 44 100 0.44 1
Node 28 68 28.4253
Pkt 132 300 0.44 1
Pkt 141 320 0.440625 1
Node 39 36 17.8045
Pkt 330 750 0.44 1
Pkt 352 800 0.44 1
Rate:881.111
==========
==========56
3 0 2 24000
Node 67 27 28.6007
Pkt 71 160 0.44375 1
Pkt 110 250 0.44 1
Node 65 62 19.2094
Pkt 141 320 0.440625 1
Pkt 176 400 0.44 1
Node 47 48 3.60555
Pkt 352 800 0.44 1
Pkt 330 750 0.44 1
Rate:881.458
==========
==========57
3 0 2 24000
Node 29 73 31.1448
Pkt 88 200 0.44 1
Pkt 44 100 0.44 1
Node 25 52 25.0799
Pkt 141 320 0.440625 1
Pkt 176 400 0.44 1
Node 62 28 25.0599
Pkt 352 800 0.44 1
Pkt 330 750 0.44 1
Rate:880.208
==========
==========58
3 0 2 24000
Node 55 68 18.6815
Pkt 55 125 0.44 1
Pkt 85 192 0.442708 1
Node 63 29 24.6982
Pkt 132 300 0.44 1
Pkt 141 320 0.440625 1
Node 52 50 2
Pkt 330 750 0.44 1
Pkt 330 750 0.44 1
Rate:881.111
==========
==========59
3 0 2 24000
Node 42 74 25.2982
Pkt 85 192 0.442708 1
Pkt 44 100 0.44 1
Node 57 48 7.28011
Pkt 141 320 0.440625 1
Pkt 176 400 0.44 1
Node 37 59 15.8114
Pkt 330 750 0.44 1
Pkt 330 750 0.44 1
Rate:881.111
==========
==========60
3 0 2 24000
Node 58 65 17
Pkt 53 120 0.441667 1
Pkt 110 250 0.44 1
Node 29 46 21.3776
Pkt 141 320 0.440625 1
Pkt 212 480 0.441667 1
Node 74 31 30.6105
Pkt 352 800 0.44 1
Pkt 330 750 0.44 1
Rate:881.319
==========
==========61
3 0 2 24000
Node 28 64 26.0768
Pkt 88 200 0.44 1
Pkt 66 150 0.44 1
Node 41 48 9.21954
Pkt 212 480 0.441667 1
Pkt 141 320 0.440625 1
Node 66 44 17.088
Pkt 330 750 0.44 1
Pkt 330 750 0.44 1
Rate:880.764
==========
==========62
3 0 2 24000
Node 44 74 24.7386
Pkt 106 240 0.441667 1
Pkt 88 200 0.44 1
Node 44 35 16.1555
Pkt 176 400 0.44 1
Pkt 212 480 0.441667 1
Node 43 35 16.5529
Pkt 352 800 0.44 1
Pkt 352 800 0.44 1
Rate:881.111
==========
==========63
3 0 2 24000
Node 43 49 7.07107
Pkt 106 240 0.441667 1
Pkt 71 160 0.44375 1
Node 46 31 19.4165
Pkt 165 375 0.44 1
Pkt 132 300 0.44 1
Node 36 65 20.5183
Pkt 352 800 0.44 1
Pkt 330 750 0.44 1
Rate:881.806
==========
==========64
3 0 2 24000
Node 32 54 18.4391
Pkt 55 125 0.44 1
Pkt 53 120 0.441667 1
Node 38 27 25.9422
Pkt 132 300 0.44 1
Pkt 141 320 0.440625 1
Node 44 61 12.53
Pkt 330 750 0.44 1
Pkt 352 800 0.44 1
Rate:880.764
==========
==========65
3 0 2 24000
Node 46 30 20.3961
Pkt 71 160 0.44375 1
Pkt 66 150 0.44 1
Node 40 48 10.198
Pkt 132 300 0.44 1
Pkt 141 320 0.440625 1
Node 64 38 18.4391
Pkt 352 800 0.44 1
Pkt 330 750 0.44 1
Rate:881.458
==========
==========66
3 0 2 24000
Node 28 67 27.8029
Pkt 85 192 0.442708 1
Pkt 88 200 0.44 1
Node 39 27 25.4951
Pkt 212 480 0.441667 1
Pkt 141 320 0.440625 1
Node 34 28 27.2029
Pkt 352 800 0.44 1
Pkt 330 750 0.44 1
Rate:881.667
==========
==========67
3 0 2 24000
Node 42 25 26.2488
Pkt 71 160 0.44375 1
Pkt 110 250 0.44 1
Node 61 30 22.8254
Pkt 165 375 0.44 1
Pkt 165 375 0.44 1
Node 33 26 29.4109
Pkt 330 750 0.44 1
Pkt 352 800 0.44 1
Rate:881.25
==========
==========68
3 0 2 24000
Node 34 69 24.8395
Pkt 55 125 0.44 1
Pkt 66 150 0.44 1
Node 45 46 6.40312
Pkt 212 480 0.441667 1
Pkt 141 320 0.440625 1
Node 50 74 24
Pkt 330 750 0.44 1
Pkt 330 750 0.44 1
Rate:880.764
==========
==========69
3 0 2 24000
Node 34 38 20
Pkt 53 120 0.441667 1
Pkt 55 125 0.44 1
Node 36 30 24.4131
Pkt 132 300 0.44 1
Pkt 176 400 0.44 1
Node 71 66 26.4008
Pkt 352 800 0.44 1
Pkt 352 800 0.44 1
Rate:880.556
==========
==========70
3 0 2 24000
Node 67 31 25.4951
Pkt 66 150 0.44 1
Pkt 66 150 0.44 1
Node 52 44 6.32456
Pkt 141 320 0.440625 1
Pkt 212 480 0.441667 1
Node 57 74 25
Pkt 330 750 0.44 1
Pkt 330 750 0.44 1
Rate:880.764
==========
==========71
3 0 2 24000
Node 73 42 24.3516
Pkt 66 150 0.44 1
Pkt 85 192 0.442708 1
Node 28 69 29.0689
Pkt 165 375 0.44 1
Pkt 212 480 0.441667 1
Node 69 44 19.9249
Pkt 352 800 0.44 1
Pkt 330 750 0.44 1
Rate:881.458
==========
==========72
3 0 2 24000
Node 66 61 19.4165
Pkt 110 250 0.44 1
Pkt 66 150 0.44 1
Node 32 46 18.4391
Pkt 132 300 0.44 1
Pkt 165 375 0.44 1
Node 31 27 29.8329
Pkt 352 800 0.44 1
Pkt 352 800 0.44 1
Rate:880
==========
==========73
3 0 2 24000
Node 26 74 33.9411
Pkt 88 200 0.44 1
Pkt 110 250 0.44 1
Node 42 71 22.4722
Pkt 165 375 0.44 1
Pkt 212 480 0.441667 1
Node 30 70 28.2843
Pkt 352 800 0.44 1
Pkt 330 750 0.44 1
Rate:880.556
==========
==========74
3 0 2 24000
Node 30 47 20.2237
Pkt 106 240 0.441667 1
Pkt 106 240 0.441667 1
Node 65 61 18.6011
Pkt 212 480 0.441667 1
Pkt 212 480 0.441667 1
Node 73 57 24.0416
Pkt 330 750 0.44 1
Pkt 330 750 0.44 1
Rate:882.222
==========
==========75
3 0 2 24000
Node 61 40 14.8661
Pkt 110 250 0.44 1
Pkt 53 120 0.441667 1
Node 27 44 23.7697
Pkt 212 480 0.441667 1
Pkt 141 320 0.440625 1
Node 36 41 16.6433
Pkt 352 800 0.44 1
Pkt 330 750 0.44 1
Rate:881.319
==========
==========76
3 0 2 24000
Node 51 50 1
Pkt 106 240 0.441667 1
Pkt 85 192 0.442708 1
Node 35 45 15.8114
Pkt 141 320 0.440625 1
Pkt 141 320 0.440625 1
Node 35 35 21.2132
Pkt 352 800 0.44 1
Pkt 352 800 0.44 1
Rate:881.875
==========
==========77
3 0 2 24000
Node 32 50 18
Pkt 85 192 0.442708 1
Pkt 44 100 0.44 1
Node 70 56 20.8806
Pkt 212 480 0.441667 1
Pkt 165 375 0.44 1
Node 61 53 11.4018
Pkt 352 800 0.44 1
Pkt 352 800 0.44 1
Rate:881.458
==========
==========78
3 0 2 24000
Node 44 43 9.21954
Pkt 106 240 0.441667 1
Pkt 55 125 0.44 1
Node 30 51 20.025
Pkt 212 480 0.441667 1
Pkt 212 480 0.441667 1
Node 33 27 28.6007
Pkt 352 800 0.44 1
Pkt 330 750 0.44 1
Rate:881.667
==========
==========79
3 0 2 24000
Node 30 35 25
Pkt 66 150 0.44 1
Pkt 53 120 0.441667 1
Node 50 36 14
Pkt 132 300 0.44 1
Pkt 141 320 0.440625 1
Node 65 46 15.5242
Pkt 352 800 0.44 1
Pkt 352 800 0.44 1
Rate:880.764
==========
==========80
3 0 2 24000
Node 43 56 9.21954
Pkt 106 240 0.441667 1
Pkt 71 160 0.44375 1
Node 68 72 28.4253
Pkt 165 375 0.44 1
Pkt 165 375 0.44 1
Node 26 33 29.4109
Pkt 352 800 0.44 1
Pkt 352 800 0.44 1
Rate:881.806
==========
==========81
3 0 2 24000
Node 33 47 17.2627
Pkt 110 250 0.44 1
Pkt 88 200 0.44 1
Node 68 74 30
Pkt 212 480 0.441667 1
Pkt 165 375 0.44 1
Node 31 40 21.4709
Pkt 330 750 0.44 1
Pkt 330 750 0.44 1
Rate:880.556
==========
==========82
3 0 2 24000
Node 51 60 10.0499
Pkt 110 250 0.44 1
Pkt 66 150 0.44 1
Node 33 51 17.0294
Pkt 141 320 0.440625 1
Pkt 132 300 0.44 1
Node 25 37 28.178
Pkt 330 750 0.44 1
Pkt 352 800 0.44 1
Rate:880.208
==========
==========83
3 0 2 24000
Node 37 53 13.3417
Pkt 55 125 0.44 1
Pkt 55 125 0.44 1
Node 43 69 20.2485
Pkt 165 375 0.44 1
Pkt 165 375 0.44 1
Node 49 70 20.025
Pkt 330 750 0.44 1
Pkt 352 800 0.44 1
Rate:880
==========
==========84
3 0 2 24000
Node 44 37 14.3178
Pkt 53 120 0.441667 1
Pkt 66 150 0.44 1
Node 31 28 29.0689
Pkt 132 300 0.44 1
Pkt 165 375 0.44 1
Node 48 53 3.60555
Pkt 352 800 0.44 1
Pkt 352 800 0.44 1
Rate:880.556
==========
==========85
3 0 2 24000
Node 30 70 28.2843
Pkt 110 250 0.44 1
Pkt 71 160 0.44375 1
Node 41 60 13.4536
Pkt 165 375 0.44 1
Pkt 176 400 0.44 1
Node 41 31 21.0238
Pkt 352 800 0.44 1
Pkt 330 750 0.44 1
Rate:881.25
==========
==========86
3 0 2 24000
Node 29 30 29
Pkt 44 100 0.44 1
Pkt 88 200 0.44 1
Node 58 70 21.5407
Pkt 212 480 0.441667 1
Pkt 165 375 0.44 1
Node 26 27 33.2415
Pkt 330 750 0.44 1
Pkt 352 800 0.44 1
Rate:880.556
==========
==========87
3 0 2 24000
Node 74 60 26
Pkt 66 150 0.44 1
Pkt 110 250 0.44 1
Node 42 55 9.43398
Pkt 212 480 0.441667 1
Pkt 132 300 0.44 1
Node 34 30 25.6125
Pkt 330 750 0.44 1
Pkt 330 750 0.44 1
Rate:880.556
==========
==========88
3 0 2 24000
Node 41 56 10.8167
Pkt 85 192 0.442708 1
Pkt 106 240 0.441667 1
Node 47 47 4.24264
Pkt 212 480 0.441667 1
Pkt 212 480 0.441667 1
Node 71 38 24.1868
Pkt 330 750 0.44 1
Pkt 352 800 0.44 1
Rate:882.569
==========
==========89
3 0 2 24000
Node 47 40 10.4403
Pkt 66 150 0.44 1
Pkt 85 192 0.442708 1
Node 37 66 20.6155
Pkt 176 400 0.44 1
Pkt 176 400 0.44 1
Node 34 51 16.0312
Pkt 330 750 0.44 1
Pkt 352 800 0.44 1
Rate:880.903
==========
==========90
3 0 2 24000
Node 53 38 12.3693
Pkt 110 250 0.44 1
Pkt 110 250 0.44 1
Node 49 33 17.0294
Pkt 176 400 0.44 1
Pkt 212 480 0.441667 1
Node 65 27 27.4591
Pkt 352 800 0.44 1
Pkt 330 750 0.44 1
Rate:880.556
==========
==========91
3 0 2 24000
Node 38 66 20
Pkt 110 250 0.44 1
Pkt 88 200 0.44 1
Node 52 53 3.60555
Pkt 132 300 0.44 1
Pkt 132 300 0.44 1
Node 58 60 12.8062
Pkt 330 750 0.44 1
Pkt 330 750 0.44 1
Rate:880
==========
==========92
3 0 2 24000
Node 53 48 3.60555
Pkt 44 100 0.44 1
Pkt 71 160 0.44375 1
Node 29 66 26.4008
Pkt 165 375 0.44 1
Pkt 132 300 0.44 1
Node 48 73 23.0868
Pkt 352 800 0.44 1
Pkt 352 800 0.44 1
Rate:881.25
==========
==========93
3 0 2 24000
Node 54 42 8.94427
Pkt 110 250 0.44 1
Pkt 53 120 0.441667 1
Node 63 66 20.6155
Pkt 165 375 0.44 1
Pkt 141 320 0.440625 1
Node 60 27 25.0799
Pkt 330 750 0.44 1
Pkt 330 750 0.44 1
Rate:880.764
==========
==========94
3 0 2 24000
Node 57 61 13.0384
Pkt 106 240 0.441667 1
Pkt 88 200 0.44 1
Node 27 37 26.4197
Pkt 176 400 0.44 1
Pkt 212 480 0.441667 1
Node 46 28 22.3607
Pkt 352 800 0.44 1
Pkt 352 800 0.44 1
Rate:881.111
==========
==========95
3 0 2 24000
Node 72 53 22.2036
Pkt 106 240 0.441667 1
Pkt 53 120 0.441667 1
Node 28 46 22.3607
Pkt 176 400 0.44 1
Pkt 141 320 0.440625 1
Node 26 36 27.7849
Pkt 330 750 0.44 1
Pkt 352 800 0.44 1
Rate:881.319
==========
==========96
3 0 2 24000
Node 63 49 13.0384
Pkt 106 240 0.441667 1
Pkt 55 125 0.44 1
Node 42 34 17.8885
Pkt 141 320 0.440625 1
Pkt 132 300 0.44 1
Node 33 54 17.4642
Pkt 352 800 0.44 1
Pkt 330 750 0.44 1
Rate:880.764
==========
==========97
3 0 2 24000
Node 52 47 3.60555
Pkt 66 150 0.44 1
Pkt 110 250 0.44 1
Node 42 33 18.7883
Pkt 212 480 0.441667 1
Pkt 141 320 0.440625 1
Node 46 42 8.94427
Pkt 352 800 0.44 1
Pkt 352 800 0.44 1
Rate:880.764
==========
==========98
3 0 2 24000
Node 27 59 24.6982
Pkt 71 160 0.44375 1
Pkt 71 160 0.44375 1
Node 34 70 25.6125
Pkt 165 375 0.44 1
Pkt 212 480 0.441667 1
Node 66 62 20
Pkt 352 800 0.44 1
Pkt 330 750 0.44 1
Rate:883.056
==========
==========99
