3 0 2 24000
Node 73 43 24.0416
Pkt 32 160 0.2 1
Pkt 48 240 0.2 1
Node 47 72 22.2036
Pkt 80 400 0.2 1
Pkt 64 320 0.2 1
Node 65 28 26.6271
Pkt 160 800 0.2 1
Pkt 150 750 0.2 1
Rate:400
==========
==========0
3 0 2 24000
Node 56 42 10
Pkt 30 150 0.2 1
Pkt 30 150 0.2 1
Node 48 71 21.095
Pkt 64 320 0.2 1
Pkt 75 375 0.2 1
Node 32 73 29.2062
Pkt 150 750 0.2 1
Pkt 160 800 0.2 1
Rate:400
==========
==========1
3 0 2 24000
Node 65 25 29.1548
Pkt 50 250 0.2 1
Pkt 24 120 0.2 1
Node 28 25 33.3017
Pkt 96 480 0.2 1
Pkt 75 375 0.2 1
Node 58 61 13.6015
Pkt 160 800 0.2 1
Pkt 160 800 0.2 1
Rate:400
==========
==========2
3 0 2 24000
Node 45 45 7.07107
Pkt 24 120 0.2 1
Pkt 24 120 0.2 1
Node 33 52 17.1172
Pkt 80 400 0.2 1
Pkt 60 300 0.2 1
Node 34 58 17.8885
Pkt 160 800 0.2 1
Pkt 160 800 0.2 1
Rate:400
==========
==========3
3 0 2 24000
Node 29 59 22.8473
Pkt 40 200 0.2 1
Pkt 40 200 0.2 1
Node 55 71 21.587
Pkt 60 300 0.2 1
Pkt 80 400 0.2 1
Node 74 51 24.0208
Pkt 160 800 0.2 1
Pkt 160 800 0.2 1
Rate:400
==========
==========4
3 0 2 24000
Node 38 36 18.4391
Pkt 30 150 0.2 1
Pkt 24 120 0.2 1
Node 69 70 27.5862
Pkt 75 375 0.2 1
Pkt 80 400 0.2 1
Node 40 26 26
Pkt 160 800 0.2 1
Pkt 160 800 0.2 1
Rate:400
==========
==========5
3 0 2 24000
Node 73 72 31.8277
Pkt 48 240 0.2 1
Pkt 50 250 0.2 1
Node 32 57 19.3132
Pkt 80 400 0.2 1
Pkt 96 480 0.2 1
Node 50 54 4
Pkt 150 750 0.2 1
Pkt 150 750 0.2 1
Rate:400
==========
==========6
3 0 2 24000
Node 70 64 24.4131
Pkt 32 160 0.2 1
Pkt 32 160 0.2 1
Node 26 54 24.3311
Pkt 75 375 0.2 1
Pkt 75 375 0.2 1
Node 55 66 16.7631
Pkt 150 750 0.2 1
Pkt 150 750 0.2 1
Rate:400
==========
==========7
3 0 2 24000
Node 29 63 24.6982
Pkt 30 150 0.2 1
Pkt 24 120 0.2 1
Node 31 37 23.0217
Pkt 60 300 0.2 1
Pkt 96 480 0.2 1
Node 52 59 9.21954
Pkt 150 750 0.2 1
Pkt 160 800 0.2 1
Rate:400
==========
==========8
3 0 2 24000
Node 44 57 9.21954
Pkt 32 160 0.2 1
Pkt 50 250 0.2 1
Node 49 59 9.05539
Pkt 60 300 0.2 1
Pkt 75 375 0.2 1
Node 60 27 25.0799
Pkt 160 800 0.2 1
Pkt 160 800 0.2 1
Rate:400
==========
==========9
3 0 2 24000
Node 72 41 23.7697
Pkt 40 200 0.2 1
Pkt 39 192 0.203125 1
Node 48 49 2.23607
Pkt 80 400 0.2 1
Pkt 75 375 0.2 1
Node 28 61 24.5967
Pkt 160 800 0.2 1
Pkt 150 750 0.2 1
Rate:401.042
==========
==========10
3 0 2 24000
Node 54 49 4.12311
Pkt 48 240 0.2 1
Pkt 32 160 0.2 1
Node 64 53 14.3178
Pkt 60 300 0.2 1
Pkt 80 400 0.2 1
Node 66 44 17.088
Pkt 150 750 0.2 1
Pkt 160 800 0.2 1
Rate:400
==========
==========11
3 0 2 24000
Node 52 44 6.32456
Pkt 50 250 0.2 1
Pkt 39 192 0.203125 1
Node 28 43 23.0868
Pkt 96 480 0.2 1
Pkt 64 320 0.2 1
Node 57 64 15.6525
Pkt 160 800 0.2 1
Pkt 160 800 0.2 1
Rate:401.042
==========
==========12
3 0 2 24000
Node 45 35 15.8114
Pkt 30 150 0.2 1
Pkt 32 160 0.2 1
Node 31 67 25.4951
Pkt 75 375 0.2 1
Pkt 60 300 0.2 1
Node 55 35 15.8114
Pkt 160 800 0.2 1
Pkt 160 800 0.2 1
Rate:400
==========
==========13
3 0 2 24000
Node 74 31 30.6105
Pkt 20 100 0.2 1
Pkt 24 120 0.2 1
Node 39 74 26.4008
Pkt 80 400 0.2 1
Pkt 75 375 0.2 1
Node 45 42 9.43398
Pkt 150 750 0.2 1
Pkt 150 750 0.2 1
Rate:400
==========
==========14
3 0 2 24000
Node 51 64 14.0357
Pkt 48 240 0.2 1
Pkt 32 160 0.2 1
Node 71 51 21.0238
Pkt 96 480 0.2 1
Pkt 96 480 0.2 1
Node 37 42 15.2643
Pkt 150 750 0.2 1
Pkt 150 750 0.2 1
Rate:400
==========
==========15
3 0 2 24000
Node 48 69 19.105
Pkt 48 240 0.2 1
Pkt 20 100 0.2 1
Node 39 62 16.2788
Pkt 80 400 0.2 1
Pkt 75 375 0.2 1
Node 49 63 13.0384
Pkt 160 800 0.2 1
Pkt 160 800 0.2 1
Rate:400
==========
==========16
3 0 2 24000
Node 43 64 15.6525
Pkt 48 240 0.2 1
Pkt 48 240 0.2 1
Node 28 69 29.0689
Pkt 60 300 0.2 1
Pkt 64 320 0.2 1
Node 39 27 25.4951
Pkt 160 800 0.2 1
Pkt 160 800 0.2 1
Rate:400
==========
==========17
3 0 2 24000
Node 53 44 6.7082
Pkt 24 120 0.2 1
Pkt 25 125 0.2 1
Node 32 55 18.6815
Pkt 80 400 0.2 1
Pkt 64 320 0.2 1
Node 57 64 15.6525
Pkt 150 750 0.2 1
Pkt 160 800 0.2 1
Rate:400
==========
==========18
3 0 2 24000
Node 41 64 16.6433
Pkt 32 160 0.2 1
Pkt 40 200 0.2 1
Node 48 69 19.105
Pkt 64 320 0.2 1
Pkt 96 480 0.2 1
Node 39 67 20.2485
Pkt 160 800 0.2 1
Pkt 160 800 0.2 1
Rate:400
==========
==========19
3 0 2 24000
Node 71 49 21.0238
Pkt 32 160 0.2 1
Pkt 50 250 0.2 1
Node 63 64 19.105
Pkt 96 480 0.2 1
Pkt 75 375 0.2 1
Node 31 60 21.4709
Pkt 150 750 0.2 1
Pkt 160 800 0.2 1
Rate:400
==========
==========20
3 0 2 24000
Node 33 62 20.8087
Pkt 24 120 0.2 1
Pkt 39 192 0.203125 1
Node 36 56 15.2315
Pkt 60 300 0.2 1
Pkt 60 300 0.2 1
Node 61 25 27.313
Pkt 160 800 0.2 1
Pkt 160 800 0.2 1
Rate:401.042
==========
==========21
3 0 2 24000
Node 73 36 26.9258
Pkt 32 160 0.2 1
Pkt 20 100 0.2 1
Node 56 74 24.7386
Pkt 64 320 0.2 1
Pkt 60 300 0.2 1
Node 37 31 23.0217
Pkt 150 750 0.2 1
Pkt 150 750 0.2 1
Rate:400
==========
==========22
3 0 2 24000
Node 28 59 23.7697
Pkt 39 192 0.203125 1
Pkt 20 100 0.2 1
Node 50 41 9
Pkt 80 400 0.2 1
Pkt 80 400 0.2 1
Node 27 71 31.1448
Pkt 150 750 0.2 1
Pkt 160 800 0.2 1
Rate:401.042
==========
==========23
3 0 2 24000
Node 61 64 17.8045
Pkt 48 240 0.2 1
Pkt 25 125 0.2 1
Node 60 60 14.1421
Pkt 64 320 0.2 1
Pkt 64 320 0.2 1
Node 46 72 22.3607
Pkt 150 750 0.2 1
Pkt 150 750 0.2 1
Rate:400
==========
==========24
3 0 2 24000
Node 62 51 12.0416
Pkt 48 240 0.2 1
Pkt 48 240 0.2 1
Node 67 40 19.7231
Pkt 80 400 0.2 1
Pkt 80 400 0.2 1
Node 63 74 27.2947
Pkt 150 750 0.2 1
Pkt 160 800 0.2 1
Rate:400
==========
==========25
3 0 2 24000
Node 68 28 28.4253
Pkt 24 120 0.2 1
Pkt 48 240 0.2 1
Node 57 66 17.4642
Pkt 60 300 0.2 1
Pkt 96 480 0.2 1
Node 47 31 19.2354
Pkt 150 750 0.2 1
Pkt 150 750 0.2 1
Rate:400
==========
==========26
3 0 2 24000
Node 30 65 25
Pkt 40 200 0.2 1
Pkt 39 192 0.203125 1
Node 71 57 22.1359
Pkt 64 320 0.2 1
Pkt 75 375 0.2 1
Node 46 44 7.2111
Pkt 150 750 0.2 1
Pkt 160 800 0.2 1
Rate:401.042
==========
==========27
3 0 2 24000
Node 67 60 19.7231
Pkt 32 160 0.2 1
Pkt 40 200 0.2 1
Node 57 69 20.2485
Pkt 75 375 0.2 1
Pkt 80 400 0.2 1
Node 41 48 9.21954
Pkt 150 750 0.2 1
Pkt 160 800 0.2 1
Rate:400
==========
==========28
3 0 2 24000
Node 45 49 5.09902
Pkt 48 240 0.2 1
Pkt 39 192 0.203125 1
Node 62 47 12.3693
Pkt 64 320 0.2 1
Pkt 80 400 0.2 1
Node 61 56 12.53
Pkt 150 750 0.2 1
Pkt 150 750 0.2 1
Rate:401.042
==========
==========29
3 0 2 24000
Node 27 68 29.2062
Pkt 39 192 0.203125 1
Pkt 24 120 0.2 1
Node 58 50 8
Pkt 64 320 0.2 1
Pkt 60 300 0.2 1
Node 48 35 15.1327
Pkt 150 750 0.2 1
Pkt 160 800 0.2 1
Rate:401.042
==========
==========30
3 0 2 24000
Node 26 70 31.241
Pkt 40 200 0.2 1
Pkt 39 192 0.203125 1
Node 57 28 23.0868
Pkt 80 400 0.2 1
Pkt 64 320 0.2 1
Node 54 41 9.84886
Pkt 160 800 0.2 1
Pkt 150 750 0.2 1
Rate:401.042
==========
==========31
3 0 2 24000
Node 64 60 17.2047
Pkt 25 125 0.2 1
Pkt 25 125 0.2 1
Node 62 49 12.0416
Pkt 60 300 0.2 1
Pkt 64 320 0.2 1
Node 59 49 9.05539
Pkt 160 800 0.2 1
Pkt 150 750 0.2 1
Rate:400
==========
==========32
3 0 2 24000
Node 43 32 19.3132
Pkt 39 192 0.203125 1
Pkt 25 125 0.2 1
Node 71 29 29.6985
Pkt 64 320 0.2 1
Pkt 96 480 0.2 1
Node 28 34 27.2029
Pkt 160 800 0.2 1
Pkt 160 800 0.2 1
Rate:401.042
==========
==========33
3 0 2 24000
Node 50 60 10
Pkt 50 250 0.2 1
Pkt 20 100 0.2 1
Node 55 61 12.083
Pkt 80 400 0.2 1
Pkt 80 400 0.2 1
Node 44 65 16.1555
Pkt 160 800 0.2 1
Pkt 160 800 0.2 1
Rate:400
==========
==========34
3 0 2 24000
Node 31 64 23.6008
Pkt 40 200 0.2 1
Pkt 39 192 0.203125 1
Node 38 73 25.9422
Pkt 96 480 0.2 1
Pkt 75 375 0.2 1
Node 62 42 14.4222
Pkt 150 750 0.2 1
Pkt 150 750 0.2 1
Rate:401.042
==========
==========35
3 0 2 24000
Node 26 73 33.2415
Pkt 30 150 0.2 1
Pkt 40 200 0.2 1
Node 48 45 5.38516
Pkt 64 320 0.2 1
Pkt 64 320 0.2 1
Node 37 37 18.3848
Pkt 160 800 0.2 1
Pkt 150 750 0.2 1
Rate:400
==========
==========36
3 0 2 24000
Node 49 45 5.09902
Pkt 48 240 0.2 1
Pkt 25 125 0.2 1
Node 48 35 15.1327
Pkt 60 300 0.2 1
Pkt 60 300 0.2 1
Node 27 32 29.2062
Pkt 150 750 0.2 1
Pkt 150 750 0.2 1
Rate:400
==========
==========37
3 0 2 24000
Node 54 52 4.47214
Pkt 24 120 0.2 1
Pkt 39 192 0.203125 1
Node 52 39 11.1803
Pkt 96 480 0.2 1
Pkt 80 400 0.2 1
Node 66 52 16.1245
Pkt 160 800 0.2 1
Pkt 150 750 0.2 1
Rate:401.042
==========
==========38
3 0 2 24000
Node 60 30 22.3607
Pkt 24 120 0.2 1
Pkt 25 125 0.2 1
Node 25 45 25.4951
Pkt 60 300 0.2 1
Pkt 60 300 0.2 1
Node 73 69 29.8329
Pkt 160 800 0.2 1
Pkt 160 800 0.2 1
Rate:400
==========
==========39
3 0 2 24000
Node 33 25 30.2324
Pkt 39 192 0.203125 1
Pkt 40 200 0.2 1
Node 65 37 19.8494
Pkt 75 375 0.2 1
Pkt 64 320 0.2 1
Node 42 54 8.94427
Pkt 150 750 0.2 1
Pkt 160 800 0.2 1
Rate:401.042
==========
==========40
3 0 2 24000
Node 46 53 5
Pkt 40 200 0.2 1
Pkt 50 250 0.2 1
Node 66 45 16.7631
Pkt 60 300 0.2 1
Pkt 80 400 0.2 1
Node 34 40 18.868
Pkt 150 750 0.2 1
Pkt 150 750 0.2 1
Rate:400
==========
==========41
3 0 2 24000
Node 69 35 24.2074
Pkt 20 100 0.2 1
Pkt 30 150 0.2 1
Node 74 63 27.2947
Pkt 64 320 0.2 1
Pkt 96 480 0.2 1
Node 73 32 29.2062
Pkt 160 800 0.2 1
Pkt 160 800 0.2 1
Rate:400
==========
==========42
3 0 2 24000
Node 70 65 25
Pkt 30 150 0.2 1
Pkt 20 100 0.2 1
Node 35 59 17.4929
Pkt 64 320 0.2 1
Pkt 60 300 0.2 1
Node 28 33 27.8029
Pkt 160 800 0.2 1
Pkt 160 800 0.2 1
Rate:400
==========
==========43
3 0 2 24000
Node 67 27 28.6007
Pkt 32 160 0.2 1
Pkt 30 150 0.2 1
Node 46 28 22.3607
Pkt 60 300 0.2 1
Pkt 64 320 0.2 1
Node 27 46 23.3452
Pkt 160 800 0.2 1
Pkt 150 750 0.2 1
Rate:400
==========
==========44
3 0 2 24000
Node 67 64 22.0227
Pkt 20 100 0.2 1
Pkt 24 120 0.2 1
Node 66 51 16.0312
Pkt 75 375 0.2 1
Pkt 96 480 0.2 1
Node 74 30 31.241
Pkt 150 750 0.2 1
Pkt 160 800 0.2 1
Rate:400
==========
==========45
3 0 2 24000
Node 71 59 22.8473
Pkt 25 125 0.2 1
Pkt 48 240 0.2 1
Node 62 26 26.8328
Pkt 60 300 0.2 1
Pkt 80 400 0.2 1
Node 32 74 30
Pkt 160 800 0.2 1
Pkt 160 800 0.2 1
Rate:400
==========
==========46
3 0 2 24000
Node 26 58 25.2982
Pkt 32 160 0.2 1
Pkt 48 240 0.2 1
Node 49 64 14.0357
Pkt 64 320 0.2 1
Pkt 60 300 0.2 1
Node 55 56 7.81025
Pkt 150 750 0.2 1
Pkt 160 800 0.2 1
Rate:400
==========
==========47
3 0 2 24000
Node 68 47 18.2483
Pkt 50 250 0.2 1
Pkt 20 100 0.2 1
Node 71 31 28.3196
Pkt 60 300 0.2 1
Pkt 96 480 0.2 1
Node 26 50 24
Pkt 150 750 0.2 1
Pkt 150 750 0.2 1
Rate:400
==========
==========48
3 0 2 24000
Node 26 73 33.2415
Pkt 48 240 0.2 1
Pkt 39 192 0.203125 1
Node 68 60 20.5913
Pkt 64 320 0.2 1
Pkt 75 375 0.2 1
Node 71 51 21.0238
Pkt 160 800 0.2 1
Pkt 150 750 0.2 1
Rate:401.042
==========
==========49
3 0 2 24000
Node 42 59 12.0416
Pkt 40 200 0.2 1
Pkt 40 200 0.2 1
Node 27 25 33.9706
Pkt 60 300 0.2 1
Pkt 80 400 0.2 1
Node 66 47 16.2788
Pkt 150 750 0.2 1
Pkt 160 800 0.2 1
Rate:400
==========
==========50
3 0 2 24000
Node 68 27 29.2062
Pkt 30 150 0.2 1
Pkt 40 200 0.2 1
Node 72 51 22.0227
Pkt 96 480 0.2 1
Pkt 60 300 0.2 1
Node 25 35 29.1548
Pkt 160 800 0.2 1
Pkt 160 800 0.2 1
Rate:400
==========
==========51
3 0 2 24000
Node 55 67 17.72
Pkt 32 160 0.2 1
Pkt 48 240 0.2 1
Node 48 35 15.1327
Pkt 75 375 0.2 1
Pkt 96 480 0.2 1
Node 34 59 18.3576
Pkt 160 800 0.2 1
Pkt 150 750 0.2 1
Rate:400
==========
==========52
3 0 2 24000
Node 49 68 18.0278
Pkt 30 150 0.2 1
Pkt 48 240 0.2 1
Node 66 67 23.3452
Pkt 80 400 0.2 1
Pkt 64 320 0.2 1
Node 61 56 12.53
Pkt 150 750 0.2 1
Pkt 150 750 0.2 1
Rate:400
==========
==========53
3 0 2 24000
Node 34 57 17.4642
Pkt 30 150 0.2 1
Pkt 32 160 0.2 1
Node 29 69 28.3196
Pkt 64 320 0.2 1
Pkt 64 320 0.2 1
Node 64 73 26.9258
Pkt 160 800 0.2 1
Pkt 160 800 0.2 1
Rate:400
==========
==========54
3 0 2 24000
Node 30 32 26.9072
Pkt 39 192 0.203125 1
Pkt 25 125 0.2 1
Node 74 42 25.2982
Pkt 80 400 0.2 1
Pkt 60 300 0.2 1
Node 57 48 7.28011
Pkt 160 800 0.2 1
Pkt 160 800 0.2 1
Rate:401.042
==========
==========55
3 0 2 24000
Node 35 38 19.2094
Pkt 40 200 0.2 1
Pkt 30 150 0.2 1
Node 30 38 23.3238
Pkt 80 400 0.2 1
Pkt 96 480 0.2 1
Node 49 29 21.0238
Pkt 150 750 0.2 1
Pkt 150 750 0.2 1
Rate:400
==========
==========56
3 0 2 24000
Node 72 45 22.561
Pkt 20 100 0.2 1
Pkt 25 125 0.2 1
Node 41 32 20.1246
Pkt 60 300 0.2 1
Pkt 80 400 0.2 1
Node 42 52 8.24621
Pkt 160 800 0.2 1
Pkt 150 750 0.2 1
Rate:400
==========
==========57
3 0 2 24000
Node 49 56 6.08276
Pkt 48 240 0.2 1
Pkt 50 250 0.2 1
Node 31 66 24.8395
Pkt 64 320 0.2 1
Pkt 75 375 0.2 1
Node 58 64 16.1245
Pkt 150 750 0.2 1
Pkt 150 750 0.2 1
Rate:400
==========
==========58
3 0 2 24000
Node 68 69 26.1725
Pkt 40 200 0.2 1
Pkt 48 240 0.2 1
Node 56 39 12.53
Pkt 64 320 0.2 1
Pkt 60 300 0.2 1
Node 38 29 24.1868
Pkt 160 800 0.2 1
Pkt 160 800 0.2 1
Rate:400
==========
==========59
3 0 2 24000
Node 70 52 20.0998
Pkt 48 240 0.2 1
Pkt 20 100 0.2 1
Node 65 35 21.2132
Pkt 80 400 0.2 1
Pkt 80 400 0.2 1
Node 43 40 12.2066
Pkt 150 750 0.2 1
Pkt 150 750 0.2 1
Rate:400
==========
==========60
3 0 2 24000
Node 26 70 31.241
Pkt 24 120 0.2 1
Pkt 39 192 0.203125 1
Node 29 38 24.1868
Pkt 64 320 0.2 1
Pkt 96 480 0.2 1
Node 72 36 26.0768
Pkt 150 750 0.2 1
Pkt 150 750 0.2 1
Rate:401.042
==========
==========61
3 0 2 24000
Node 59 33 19.2354
Pkt 39 192 0.203125 1
Pkt 40 200 0.2 1
Node 40 38 15.6205
Pkt 60 300 0.2 1
Pkt 80 400 0.2 1
Node 65 52 15.1327
Pkt 150 750 0.2 1
Pkt 160 800 0.2 1
Rate:401.042
==========
==========62
3 0 2 24000
Node 64 69 23.6008
Pkt 50 250 0.2 1
Pkt 48 240 0.2 1
Node 74 63 27.2947
Pkt 60 300 0.2 1
Pkt 75 375 0.2 1
Node 64 67 22.0227
Pkt 150 750 0.2 1
Pkt 150 750 0.2 1
Rate:400
==========
==========63
3 0 2 24000
Node 27 57 24.0416
Pkt 40 200 0.2 1
Pkt 39 192 0.203125 1
Node 39 44 12.53
Pkt 80 400 0.2 1
Pkt 80 400 0.2 1
Node 73 50 23
Pkt 160 800 0.2 1
Pkt 160 800 0.2 1
Rate:401.042
==========
==========64
3 0 2 24000
Node 56 48 6.32456
Pkt 50 250 0.2 1
Pkt 20 100 0.2 1
Node 42 45 9.43398
Pkt 75 375 0.2 1
Pkt 60 300 0.2 1
Node 70 43 21.1896
Pkt 160 800 0.2 1
Pkt 160 800 0.2 1
Rate:400
==========
==========65
3 0 2 24000
Node 38 42 14.4222
Pkt 30 150 0.2 1
Pkt 25 125 0.2 1
Node 55 62 13
Pkt 64 320 0.2 1
Pkt 64 320 0.2 1
Node 25 60 26.9258
Pkt 150 750 0.2 1
Pkt 160 800 0.2 1
Rate:400
==========
==========66
3 0 2 24000
Node 52 43 7.28011
Pkt 30 150 0.2 1
Pkt 39 192 0.203125 1
Node 62 52 12.1655
Pkt 60 300 0.2 1
Pkt 80 400 0.2 1
Node 58 73 24.3516
Pkt 150 750 0.2 1
Pkt 150 750 0.2 1
Rate:401.042
==========
==========67
3 0 2 24000
Node 35 58 17
Pkt 48 240 0.2 1
Pkt 30 150 0.2 1
Node 27 31 29.8329
Pkt 64 320 0.2 1
Pkt 80 400 0.2 1
Node 54 44 7.2111
Pkt 150 750 0.2 1
Pkt 150 750 0.2 1
Rate:400
==========
==========68
3 0 2 24000
Node 72 68 28.4253
Pkt 48 240 0.2 1
Pkt 40 200 0.2 1
Node 60 42 12.8062
Pkt 75 375 0.2 1
Pkt 96 480 0.2 1
Node 33 55 17.72
Pkt 160 800 0.2 1
Pkt 160 800 0.2 1
Rate:400
==========
==========69
3 0 2 24000
Node 60 26 26
Pkt 40 200 0.2 1
Pkt 20 100 0.2 1
Node 35 41 17.4929
Pkt 96 480 0.2 1
Pkt 64 320 0.2 1
Node 60 25 26.9258
Pkt 150 750 0.2 1
Pkt 160 800 0.2 1
Rate:400
==========
==========70
3 0 2 24000
Node 50 44 6
Pkt 32 160 0.2 1
Pkt 39 192 0.203125 1
Node 37 35 19.8494
Pkt 80 400 0.2 1
Pkt 80 400 0.2 1
Node 30 26 31.241
Pkt 150 750 0.2 1
Pkt 150 750 0.2 1
Rate:401.042
==========
==========71
3 0 2 24000
Node 67 31 25.4951
Pkt 48 240 0.2 1
Pkt 20 100 0.2 1
Node 64 69 23.6008
Pkt 64 320 0.2 1
Pkt 60 300 0.2 1
Node 60 28 24.1661
Pkt 160 800 0.2 1
Pkt 150 750 0.2 1
Rate:400
==========
==========72
3 0 2 24000
Node 45 29 21.587
Pkt 20 100 0.2 1
Pkt 39 192 0.203125 1
Node 69 31 26.8701
Pkt 64 320 0.2 1
Pkt 60 300 0.2 1
Node 32 63 22.2036
Pkt 160 800 0.2 1
Pkt 150 750 0.2 1
Rate:401.042
==========
==========73
3 0 2 24000
Node 33 27 28.6007
Pkt 30 150 0.2 1
Pkt 48 240 0.2 1
Node 31 71 28.3196
Pkt 64 320 0.2 1
Pkt 60 300 0.2 1
Node 46 60 10.7703
Pkt 160 800 0.2 1
Pkt 150 750 0.2 1
Rate:400
==========
==========74
3 0 2 24000
Node 56 29 21.8403
Pkt 48 240 0.2 1
Pkt 32 160 0.2 1
Node 31 30 27.5862
Pkt 80 400 0.2 1
Pkt 75 375 0.2 1
Node 68 73 29.2062
Pkt 160 800 0.2 1
Pkt 150 750 0.2 1
Rate:400
==========
==========75
3 0 2 24000
Node 64 63 19.105
Pkt 40 200 0.2 1
Pkt 39 192 0.203125 1
Node 58 60 12.8062
Pkt 60 300 0.2 1
Pkt 80 400 0.2 1
Node 52 72 22.0907
Pkt 160 800 0.2 1
Pkt 160 800 0.2 1
Rate:401.042
==========
==========76
3 0 2 24000
Node 51 51 1.41421
Pkt 25 125 0.2 1
Pkt 25 125 0.2 1
Node 29 62 24.1868
Pkt 64 320 0.2 1
Pkt 80 400 0.2 1
Node 41 68 20.1246
Pkt 160 800 0.2 1
Pkt 150 750 0.2 1
Rate:400
==========
==========77
3 0 2 24000
Node 44 43 9.21954
Pkt 20 100 0.2 1
Pkt 20 100 0.2 1
Node 35 26 28.3019
Pkt 80 400 0.2 1
Pkt 96 480 0.2 1
Node 33 73 28.6007
Pkt 150 750 0.2 1
Pkt 160 800 0.2 1
Rate:400
==========
==========78
3 0 2 24000
Node 60 58 12.8062
Pkt 32 160 0.2 1
Pkt 24 120 0.2 1
Node 47 39 11.4018
Pkt 64 320 0.2 1
Pkt 60 300 0.2 1
Node 53 53 4.24264
Pkt 160 800 0.2 1
Pkt 160 800 0.2 1
Rate:400
==========
==========79
3 0 2 24000
Node 32 35 23.4307
Pkt 39 192 0.203125 1
Pkt 50 250 0.2 1
Node 29 52 21.095
Pkt 96 480 0.2 1
Pkt 75 375 0.2 1
Node 43 56 9.21954
Pkt 160 800 0.2 1
Pkt 160 800 0.2 1
Rate:401.042
==========
==========80
3 0 2 24000
Node 30 55 20.6155
Pkt 30 150 0.2 1
Pkt 50 250 0.2 1
Node 56 33 18.0278
Pkt 75 375 0.2 1
Pkt 64 320 0.2 1
Node 45 68 18.6815
Pkt 150 750 0.2 1
Pkt 160 800 0.2 1
Rate:400
==========
==========81
3 0 2 24000
Node 30 58 21.5407
Pkt 20 100 0.2 1
Pkt 32 160 0.2 1
Node 59 51 9.05539
Pkt 64 320 0.2 1
Pkt 60 300 0.2 1
Node 28 56 22.8035
Pkt 160 800 0.2 1
Pkt 150 750 0.2 1
Rate:400
==========
==========82
3 0 2 24000
Node 52 48 2.82843
Pkt 32 160 0.2 1
Pkt 32 160 0.2 1
Node 28 60 24.1661
Pkt 80 400 0.2 1
Pkt 80 400 0.2 1
Node 56 28 22.8035
Pkt 160 800 0.2 1
Pkt 150 750 0.2 1
Rate:400
==========
==========83
3 0 2 24000
Node 37 54 13.6015
Pkt 39 192 0.203125 1
Pkt 40 200 0.2 1
Node 65 40 18.0278
Pkt 80 400 0.2 1
Pkt 80 400 0.2 1
Node 72 54 22.3607
Pkt 160 800 0.2 1
Pkt 150 750 0.2 1
Rate:401.042
==========
==========84
3 0 2 24000
Node 68 58 19.6977
Pkt 50 250 0.2 1
Pkt 40 200 0.2 1
Node 66 70 25.6125
Pkt 60 300 0.2 1
Pkt 96 480 0.2 1
Node 45 33 17.72
Pkt 160 800 0.2 1
Pkt 150 750 0.2 1
Rate:400
==========
==========85
3 0 2 24000
Node 58 74 25.2982
Pkt 20 100 0.2 1
Pkt 24 120 0.2 1
Node 48 26 24.0832
Pkt 75 375 0.2 1
Pkt 80 400 0.2 1
Node 60 59 13.4536
Pkt 150 750 0.2 1
Pkt 150 750 0.2 1
Rate:400
==========
==========86
3 0 2 24000
Node 70 32 26.9072
Pkt 48 240 0.2 1
Pkt 50 250 0.2 1
Node 71 37 24.6982
Pkt 80 400 0.2 1
Pkt 75 375 0.2 1
Node 28 40 24.1661
Pkt 150 750 0.2 1
Pkt 150 750 0.2 1
Rate:400
==========
==========87
3 0 2 24000
Node 74 58 25.2982
Pkt 39 192 0.203125 1
Pkt 32 160 0.2 1
Node 53 65 15.2971
Pkt 96 480 0.2 1
Pkt 75 375 0.2 1
Node 70 54 20.3961
Pkt 150 750 0.2 1
Pkt 150 750 0.2 1
Rate:401.042
==========
==========88
3 0 2 24000
Node 31 67 25.4951
Pkt 40 200 0.2 1
Pkt 48 240 0.2 1
Node 70 65 25
Pkt 75 375 0.2 1
Pkt 96 480 0.2 1
Node 32 34 24.0832
Pkt 150 750 0.2 1
Pkt 160 800 0.2 1
Rate:400
==========
==========89
3 0 2 24000
Node 60 46 10.7703
Pkt 48 240 0.2 1
Pkt 32 160 0.2 1
Node 61 26 26.4008
Pkt 64 320 0.2 1
Pkt 75 375 0.2 1
Node 61 55 12.083
Pkt 150 750 0.2 1
Pkt 150 750 0.2 1
Rate:400
==========
==========90
3 0 2 24000
Node 71 62 24.1868
Pkt 40 200 0.2 1
Pkt 32 160 0.2 1
Node 59 66 18.3576
Pkt 96 480 0.2 1
Pkt 96 480 0.2 1
Node 45 59 10.2956
Pkt 160 800 0.2 1
Pkt 160 800 0.2 1
Rate:400
==========
==========91
3 0 2 24000
Node 67 60 19.7231
Pkt 39 192 0.203125 1
Pkt 40 200 0.2 1
Node 58 46 8.94427
Pkt 80 400 0.2 1
Pkt 60 300 0.2 1
Node 60 36 17.2047
Pkt 150 750 0.2 1
Pkt 160 800 0.2 1
Rate:401.042
==========
==========92
3 0 2 24000
Node 68 34 24.0832
Pkt 40 200 0.2 1
Pkt 32 160 0.2 1
Node 73 27 32.5269
Pkt 64 320 0.2 1
Pkt 60 300 0.2 1
Node 41 48 9.21954
Pkt 160 800 0.2 1
Pkt 160 800 0.2 1
Rate:400
==========
==========93
3 0 2 24000
Node 25 69 31.4006
Pkt 25 125 0.2 1
Pkt 48 240 0.2 1
Node 57 42 10.6301
Pkt 60 300 0.2 1
Pkt 75 375 0.2 1
Node 58 73 24.3516
Pkt 160 800 0.2 1
Pkt 150 750 0.2 1
Rate:400
==========
==========94
3 0 2 24000
Node 68 56 18.9737
Pkt 32 160 0.2 1
Pkt 30 150 0.2 1
Node 73 51 23.0217
Pkt 64 320 0.2 1
Pkt 80 400 0.2 1
Node 32 32 25.4558
Pkt 150 750 0.2 1
Pkt 150 750 0.2 1
Rate:400
==========
==========95
3 0 2 24000
Node 59 51 9.05539
Pkt 30 150 0.2 1
Pkt 39 192 0.203125 1
Node 61 48 11.1803
Pkt 60 300 0.2 1
Pkt 60 300 0.2 1
Node 65 57 16.5529
Pkt 150 750 0.2 1
Pkt 160 800 0.2 1
Rate:401.042
==========
==========96
3 0 2 24000
Node 51 25 25.02
Pkt 25 125 0.2 1
Pkt 20 100 0.2 1
Node 27 38 25.9422
Pkt 96 480 0.2 1
Pkt 75 375 0.2 1
Node 32 41 20.1246
Pkt 160 800 0.2 1
Pkt 160 800 0.2 1
Rate:400
==========
==========97
3 0 2 24000
Node 27 32 29.2062
Pkt 30 150 0.2 1
Pkt 25 125 0.2 1
Node 29 54 21.3776
Pkt 64 320 0.2 1
Pkt 80 400 0.2 1
Node 30 52 20.0998
Pkt 150 750 0.2 1
Pkt 160 800 0.2 1
Rate:400
==========
==========98
3 0 2 24000
Node 73 51 23.0217
Pkt 40 200 0.2 1
Pkt 39 192 0.203125 1
Node 69 36 23.6008
Pkt 64 320 0.2 1
Pkt 60 300 0.2 1
Node 67 61 20.2485
Pkt 150 750 0.2 1
Pkt 150 750 0.2 1
Rate:401.042
==========
==========99
