3 0 2 24000
Node 58 66 17.8885
Pkt 9 150 0.06 1
Pkt 8 120 0.0666667 1
Node 62 47 12.3693
Pkt 29 480 0.0604167 1
Pkt 24 400 0.06 1
Node 52 34 16.1245
Pkt 48 800 0.06 1
Pkt 48 800 0.06 1
Rate:122.361
==========
==========0
3 0 2 24000
Node 30 48 20.0998
Pkt 15 240 0.0625 1
Pkt 10 160 0.0625 1
Node 34 61 19.4165
Pkt 18 300 0.06 1
Pkt 24 400 0.06 1
Node 62 26 26.8328
Pkt 45 750 0.06 1
Pkt 45 750 0.06 1
Rate:121.667
==========
==========1
3 0 2 24000
Node 37 57 14.7648
Pkt 6 100 0.06 1
Pkt 12 200 0.06 1
Node 31 41 21.0238
Pkt 29 480 0.0604167 1
Pkt 20 320 0.0625 1
Node 62 37 17.6918
Pkt 45 750 0.06 1
Pkt 45 750 0.06 1
Rate:120.972
==========
==========2
3 0 2 24000
Node 66 52 16.1245
Pkt 6 100 0.06 1
Pkt 12 192 0.0625 1
Node 34 42 17.8885
Pkt 18 300 0.06 1
Pkt 20 320 0.0625 1
Node 56 45 7.81025
Pkt 45 750 0.06 1
Pkt 45 750 0.06 1
Rate:121.667
==========
==========3
3 0 2 24000
Node 40 37 16.4012
Pkt 8 120 0.0666667 1
Pkt 8 120 0.0666667 1
Node 30 63 23.8537
Pkt 23 375 0.0613333 1
Pkt 20 320 0.0625 1
Node 39 62 16.2788
Pkt 48 800 0.06 1
Pkt 48 800 0.06 1
Rate:125.722
==========
==========4
3 0 2 24000
Node 61 28 24.5967
Pkt 12 200 0.06 1
Pkt 15 240 0.0625 1
Node 58 48 8.24621
Pkt 29 480 0.0604167 1
Pkt 24 400 0.06 1
Node 29 71 29.6985
Pkt 48 800 0.06 1
Pkt 45 750 0.06 1
Rate:120.972
==========
==========5
3 0 2 24000
Node 46 49 4.12311
Pkt 8 120 0.0666667 1
Pkt 15 240 0.0625 1
Node 63 49 13.0384
Pkt 18 300 0.06 1
Pkt 29 480 0.0604167 1
Node 30 49 20.025
Pkt 45 750 0.06 1
Pkt 48 800 0.06 1
Rate:123.194
==========
==========6
3 0 2 24000
Node 66 43 17.4642
Pkt 8 120 0.0666667 1
Pkt 15 250 0.06 1
Node 45 30 20.6155
Pkt 18 300 0.06 1
Pkt 29 480 0.0604167 1
Node 47 55 5.83095
Pkt 48 800 0.06 1
Pkt 45 750 0.06 1
Rate:122.361
==========
==========7
3 0 2 24000
Node 45 59 10.2956
Pkt 9 150 0.06 1
Pkt 6 100 0.06 1
Node 66 36 21.2603
Pkt 23 375 0.0613333 1
Pkt 18 300 0.06 1
Node 41 72 23.7697
Pkt 48 800 0.06 1
Pkt 48 800 0.06 1
Rate:120.444
==========
==========8
3 0 2 24000
Node 33 70 26.2488
Pkt 15 250 0.06 1
Pkt 8 120 0.0666667 1
Node 67 71 27.0185
Pkt 29 480 0.0604167 1
Pkt 20 320 0.0625 1
Node 46 42 8.94427
Pkt 48 800 0.06 1
Pkt 48 800 0.06 1
Rate:123.194
==========
==========9
3 0 2 24000
Node 71 52 21.095
Pkt 8 120 0.0666667 1
Pkt 12 192 0.0625 1
Node 52 42 8.24621
Pkt 23 375 0.0613333 1
Pkt 23 375 0.0613333 1
Node 47 30 20.2237
Pkt 45 750 0.06 1
Pkt 48 800 0.06 1
Rate:123.944
==========
==========10
3 0 2 24000
Node 28 71 30.4138
Pkt 6 100 0.06 1
Pkt 15 250 0.06 1
Node 66 57 17.4642
Pkt 18 300 0.06 1
Pkt 29 480 0.0604167 1
Node 34 64 21.2603
Pkt 45 750 0.06 1
Pkt 45 750 0.06 1
Rate:120.139
==========
==========11
3 0 2 24000
Node 52 74 24.0832
Pkt 15 240 0.0625 1
Pkt 15 240 0.0625 1
Node 32 25 30.8058
Pkt 24 400 0.06 1
Pkt 24 400 0.06 1
Node 55 39 12.083
Pkt 45 750 0.06 1
Pkt 45 750 0.06 1
Rate:121.667
==========
==========12
3 0 2 24000
Node 65 49 15.0333
Pkt 12 200 0.06 1
Pkt 8 125 0.064 1
Node 52 41 9.21954
Pkt 29 480 0.0604167 1
Pkt 18 300 0.06 1
Node 69 29 28.3196
Pkt 48 800 0.06 1
Pkt 48 800 0.06 1
Rate:121.472
==========
==========13
3 0 2 24000
Node 63 26 27.2947
Pkt 8 125 0.064 1
Pkt 12 192 0.0625 1
Node 69 61 21.9545
Pkt 24 400 0.06 1
Pkt 20 320 0.0625 1
Node 48 54 4.47214
Pkt 48 800 0.06 1
Pkt 48 800 0.06 1
Rate:123
==========
==========14
3 0 2 24000
Node 54 47 5
Pkt 15 240 0.0625 1
Pkt 8 125 0.064 1
Node 47 70 20.2237
Pkt 23 375 0.0613333 1
Pkt 23 375 0.0613333 1
Node 62 44 13.4164
Pkt 48 800 0.06 1
Pkt 45 750 0.06 1
Rate:123.056
==========
==========15
3 0 2 24000
Node 55 72 22.561
Pkt 15 240 0.0625 1
Pkt 12 192 0.0625 1
Node 31 46 19.4165
Pkt 24 400 0.06 1
Pkt 24 400 0.06 1
Node 53 40 10.4403
Pkt 45 750 0.06 1
Pkt 48 800 0.06 1
Rate:121.667
==========
==========16
3 0 2 24000
Node 62 58 14.4222
Pkt 15 240 0.0625 1
Pkt 9 150 0.06 1
Node 71 36 25.2389
Pkt 29 480 0.0604167 1
Pkt 18 300 0.06 1
Node 66 56 17.088
Pkt 48 800 0.06 1
Pkt 48 800 0.06 1
Rate:120.972
==========
==========17
3 0 2 24000
Node 55 41 10.2956
Pkt 8 125 0.064 1
Pkt 9 150 0.06 1
Node 38 47 12.3693
Pkt 23 375 0.0613333 1
Pkt 20 320 0.0625 1
Node 49 29 21.0238
Pkt 48 800 0.06 1
Pkt 45 750 0.06 1
Rate:122.611
==========
==========18
3 0 2 24000
Node 35 36 20.5183
Pkt 8 125 0.064 1
Pkt 9 150 0.06 1
Node 28 64 26.0768
Pkt 29 480 0.0604167 1
Pkt 20 320 0.0625 1
Node 28 27 31.8277
Pkt 45 750 0.06 1
Pkt 45 750 0.06 1
Rate:122.306
==========
==========19
3 0 2 24000
Node 28 47 22.2036
Pkt 10 160 0.0625 1
Pkt 8 120 0.0666667 1
Node 66 52 16.1245
Pkt 23 375 0.0613333 1
Pkt 24 400 0.06 1
Node 28 41 23.7697
Pkt 48 800 0.06 1
Pkt 48 800 0.06 1
Rate:123.5
==========
==========20
3 0 2 24000
Node 29 26 31.8904
Pkt 9 150 0.06 1
Pkt 10 160 0.0625 1
Node 53 68 18.2483
Pkt 20 320 0.0625 1
Pkt 29 480 0.0604167 1
Node 71 26 31.8904
Pkt 48 800 0.06 1
Pkt 45 750 0.06 1
Rate:121.806
==========
==========21
3 0 2 24000
Node 65 55 15.8114
Pkt 8 125 0.064 1
Pkt 10 160 0.0625 1
Node 31 47 19.2354
Pkt 23 375 0.0613333 1
Pkt 18 300 0.06 1
Node 42 30 21.5407
Pkt 48 800 0.06 1
Pkt 45 750 0.06 1
Rate:122.611
==========
==========22
3 0 2 24000
Node 58 33 18.7883
Pkt 12 192 0.0625 1
Pkt 15 250 0.06 1
Node 49 41 9.05539
Pkt 18 300 0.06 1
Pkt 29 480 0.0604167 1
Node 70 28 29.7321
Pkt 48 800 0.06 1
Pkt 45 750 0.06 1
Rate:120.972
==========
==========23
3 0 2 24000
Node 73 47 23.1948
Pkt 15 250 0.06 1
Pkt 15 250 0.06 1
Node 71 30 29
Pkt 23 375 0.0613333 1
Pkt 23 375 0.0613333 1
Node 48 67 17.1172
Pkt 48 800 0.06 1
Pkt 48 800 0.06 1
Rate:120.889
==========
==========24
3 0 2 24000
Node 61 44 12.53
Pkt 8 120 0.0666667 1
Pkt 10 160 0.0625 1
Node 57 30 21.1896
Pkt 29 480 0.0604167 1
Pkt 24 400 0.06 1
Node 59 59 12.7279
Pkt 48 800 0.06 1
Pkt 48 800 0.06 1
Rate:123.194
==========
==========25
3 0 2 24000
Node 60 42 12.8062
Pkt 12 192 0.0625 1
Pkt 15 250 0.06 1
Node 51 43 7.07107
Pkt 23 375 0.0613333 1
Pkt 18 300 0.06 1
Node 36 42 16.1245
Pkt 45 750 0.06 1
Pkt 48 800 0.06 1
Rate:121.278
==========
==========26
3 0 2 24000
Node 37 56 14.3178
Pkt 15 240 0.0625 1
Pkt 9 150 0.06 1
Node 45 51 5.09902
Pkt 23 375 0.0613333 1
Pkt 23 375 0.0613333 1
Node 47 71 21.2132
Pkt 45 750 0.06 1
Pkt 48 800 0.06 1
Rate:121.722
==========
==========27
3 0 2 24000
Node 49 72 22.0227
Pkt 8 125 0.064 1
Pkt 6 100 0.06 1
Node 41 69 21.0238
Pkt 29 480 0.0604167 1
Pkt 24 400 0.06 1
Node 55 34 16.7631
Pkt 45 750 0.06 1
Pkt 45 750 0.06 1
Rate:121.472
==========
==========28
3 0 2 24000
Node 50 33 17
Pkt 10 160 0.0625 1
Pkt 10 160 0.0625 1
Node 72 39 24.5967
Pkt 24 400 0.06 1
Pkt 24 400 0.06 1
Node 69 46 19.4165
Pkt 45 750 0.06 1
Pkt 45 750 0.06 1
Rate:121.667
==========
==========29
3 0 2 24000
Node 62 25 27.7308
Pkt 12 192 0.0625 1
Pkt 12 200 0.06 1
Node 32 59 20.1246
Pkt 20 320 0.0625 1
Pkt 23 375 0.0613333 1
Node 28 25 33.3017
Pkt 45 750 0.06 1
Pkt 48 800 0.06 1
Rate:122.111
==========
==========30
3 0 2 24000
Node 44 58 10
Pkt 8 120 0.0666667 1
Pkt 8 125 0.064 1
Node 59 31 21.0238
Pkt 24 400 0.06 1
Pkt 24 400 0.06 1
Node 71 31 28.3196
Pkt 45 750 0.06 1
Pkt 45 750 0.06 1
Rate:123.556
==========
==========31
3 0 2 24000
Node 41 35 17.4929
Pkt 6 100 0.06 1
Pkt 15 240 0.0625 1
Node 25 60 26.9258
Pkt 18 300 0.06 1
Pkt 20 320 0.0625 1
Node 35 57 16.5529
Pkt 45 750 0.06 1
Pkt 48 800 0.06 1
Rate:121.667
==========
==========32
3 0 2 24000
Node 54 49 4.12311
Pkt 6 100 0.06 1
Pkt 12 192 0.0625 1
Node 53 64 14.3178
Pkt 23 375 0.0613333 1
Pkt 20 320 0.0625 1
Node 73 60 25.0799
Pkt 48 800 0.06 1
Pkt 48 800 0.06 1
Rate:122.111
==========
==========33
3 0 2 24000
Node 57 43 9.89949
Pkt 8 120 0.0666667 1
Pkt 6 100 0.06 1
Node 50 46 4
Pkt 20 320 0.0625 1
Pkt 20 320 0.0625 1
Node 64 71 25.2389
Pkt 48 800 0.06 1
Pkt 45 750 0.06 1
Rate:123.889
==========
==========34
3 0 2 24000
Node 72 27 31.8277
Pkt 15 250 0.06 1
Pkt 15 250 0.06 1
Node 55 54 6.40312
Pkt 18 300 0.06 1
Pkt 24 400 0.06 1
Node 35 28 26.6271
Pkt 45 750 0.06 1
Pkt 45 750 0.06 1
Rate:120
==========
==========35
3 0 2 24000
Node 31 29 28.3196
Pkt 6 100 0.06 1
Pkt 8 120 0.0666667 1
Node 33 59 19.2354
Pkt 18 300 0.06 1
Pkt 29 480 0.0604167 1
Node 74 28 32.5576
Pkt 48 800 0.06 1
Pkt 45 750 0.06 1
Rate:122.361
==========
==========36
3 0 2 24000
Node 56 64 15.2315
Pkt 15 240 0.0625 1
Pkt 15 240 0.0625 1
Node 37 73 26.4197
Pkt 29 480 0.0604167 1
Pkt 18 300 0.06 1
Node 53 32 18.2483
Pkt 48 800 0.06 1
Pkt 45 750 0.06 1
Rate:121.806
==========
==========37
3 0 2 24000
Node 39 33 20.2485
Pkt 8 120 0.0666667 1
Pkt 15 240 0.0625 1
Node 43 31 20.2485
Pkt 20 320 0.0625 1
Pkt 23 375 0.0613333 1
Node 49 57 7.07107
Pkt 45 750 0.06 1
Pkt 48 800 0.06 1
Rate:124.333
==========
==========38
3 0 2 24000
Node 40 62 15.6205
Pkt 10 160 0.0625 1
Pkt 12 200 0.06 1
Node 55 66 16.7631
Pkt 20 320 0.0625 1
Pkt 24 400 0.06 1
Node 42 49 8.06226
Pkt 48 800 0.06 1
Pkt 45 750 0.06 1
Rate:121.667
==========
==========39
3 0 2 24000
Node 56 68 18.9737
Pkt 15 240 0.0625 1
Pkt 9 150 0.06 1
Node 35 71 25.807
Pkt 18 300 0.06 1
Pkt 23 375 0.0613333 1
Node 72 47 22.2036
Pkt 48 800 0.06 1
Pkt 45 750 0.06 1
Rate:121.278
==========
==========40
3 0 2 24000
Node 40 47 10.4403
Pkt 10 160 0.0625 1
Pkt 12 200 0.06 1
Node 44 56 8.48528
Pkt 20 320 0.0625 1
Pkt 23 375 0.0613333 1
Node 62 68 21.6333
Pkt 45 750 0.06 1
Pkt 45 750 0.06 1
Rate:122.111
==========
==========41
3 0 2 24000
Node 47 56 6.7082
Pkt 8 125 0.064 1
Pkt 8 125 0.064 1
Node 32 49 18.0278
Pkt 29 480 0.0604167 1
Pkt 24 400 0.06 1
Node 69 29 28.3196
Pkt 48 800 0.06 1
Pkt 45 750 0.06 1
Rate:122.806
==========
==========42
3 0 2 24000
Node 40 60 14.1421
Pkt 12 192 0.0625 1
Pkt 10 160 0.0625 1
Node 43 62 13.8924
Pkt 20 320 0.0625 1
Pkt 24 400 0.06 1
Node 30 46 20.3961
Pkt 48 800 0.06 1
Pkt 48 800 0.06 1
Rate:122.5
==========
==========43
3 0 2 24000
Node 53 41 9.48683
Pkt 12 200 0.06 1
Pkt 6 100 0.06 1
Node 48 26 24.0832
Pkt 23 375 0.0613333 1
Pkt 24 400 0.06 1
Node 26 72 32.5576
Pkt 48 800 0.06 1
Pkt 48 800 0.06 1
Rate:120.444
==========
==========44
3 0 2 24000
Node 62 29 24.1868
Pkt 6 100 0.06 1
Pkt 12 200 0.06 1
Node 37 34 20.6155
Pkt 24 400 0.06 1
Pkt 23 375 0.0613333 1
Node 41 36 16.6433
Pkt 48 800 0.06 1
Pkt 48 800 0.06 1
Rate:120.444
==========
==========45
3 0 2 24000
Node 62 25 27.7308
Pkt 6 100 0.06 1
Pkt 8 120 0.0666667 1
Node 72 40 24.1661
Pkt 20 320 0.0625 1
Pkt 18 300 0.06 1
Node 25 37 28.178
Pkt 48 800 0.06 1
Pkt 48 800 0.06 1
Rate:123.056
==========
==========46
3 0 2 24000
Node 63 51 13.0384
Pkt 9 150 0.06 1
Pkt 12 192 0.0625 1
Node 45 68 18.6815
Pkt 18 300 0.06 1
Pkt 18 300 0.06 1
Node 38 71 24.1868
Pkt 45 750 0.06 1
Pkt 45 750 0.06 1
Rate:120.833
==========
==========47
3 0 2 24000
Node 74 67 29.4109
Pkt 15 240 0.0625 1
Pkt 12 192 0.0625 1
Node 35 29 25.807
Pkt 20 320 0.0625 1
Pkt 18 300 0.06 1
Node 41 36 16.6433
Pkt 45 750 0.06 1
Pkt 45 750 0.06 1
Rate:122.5
==========
==========48
3 0 2 24000
Node 69 37 23.0217
Pkt 8 120 0.0666667 1
Pkt 8 125 0.064 1
Node 40 26 26
Pkt 23 375 0.0613333 1
Pkt 24 400 0.06 1
Node 37 45 13.9284
Pkt 45 750 0.06 1
Pkt 45 750 0.06 1
Rate:124
==========
==========49
3 0 2 24000
Node 25 72 33.3017
Pkt 9 150 0.06 1
Pkt 15 240 0.0625 1
Node 37 74 27.2947
Pkt 18 300 0.06 1
Pkt 29 480 0.0604167 1
Node 57 73 24.0416
Pkt 48 800 0.06 1
Pkt 48 800 0.06 1
Rate:120.972
==========
==========50
3 0 2 24000
Node 47 56 6.7082
Pkt 15 240 0.0625 1
Pkt 15 250 0.06 1
Node 55 68 18.6815
Pkt 20 320 0.0625 1
Pkt 18 300 0.06 1
Node 54 60 10.7703
Pkt 45 750 0.06 1
Pkt 48 800 0.06 1
Rate:121.667
==========
==========51
3 0 2 24000
Node 42 70 21.5407
Pkt 6 100 0.06 1
Pkt 8 125 0.064 1
Node 58 41 12.0416
Pkt 29 480 0.0604167 1
Pkt 24 400 0.06 1
Node 68 39 21.095
Pkt 45 750 0.06 1
Pkt 48 800 0.06 1
Rate:121.472
==========
==========52
3 0 2 24000
Node 66 68 24.0832
Pkt 8 125 0.064 1
Pkt 6 100 0.06 1
Node 28 33 27.8029
Pkt 29 480 0.0604167 1
Pkt 24 400 0.06 1
Node 47 68 18.2483
Pkt 48 800 0.06 1
Pkt 48 800 0.06 1
Rate:121.472
==========
==========53
3 0 2 24000
Node 39 49 11.0454
Pkt 6 100 0.06 1
Pkt 15 240 0.0625 1
Node 58 39 13.6015
Pkt 23 375 0.0613333 1
Pkt 29 480 0.0604167 1
Node 43 53 7.61577
Pkt 45 750 0.06 1
Pkt 48 800 0.06 1
Rate:121.417
==========
==========54
3 0 2 24000
Node 29 41 22.8473
Pkt 6 100 0.06 1
Pkt 9 150 0.06 1
Node 38 63 17.6918
Pkt 20 320 0.0625 1
Pkt 24 400 0.06 1
Node 36 51 14.0357
Pkt 48 800 0.06 1
Pkt 45 750 0.06 1
Rate:120.833
==========
==========55
3 0 2 24000
Node 59 70 21.9317
Pkt 15 250 0.06 1
Pkt 6 100 0.06 1
Node 39 39 15.5563
Pkt 23 375 0.0613333 1
Pkt 24 400 0.06 1
Node 38 45 13
Pkt 48 800 0.06 1
Pkt 45 750 0.06 1
Rate:120.444
==========
==========56
3 0 2 24000
Node 47 64 14.3178
Pkt 9 150 0.06 1
Pkt 8 120 0.0666667 1
Node 61 26 26.4008
Pkt 18 300 0.06 1
Pkt 29 480 0.0604167 1
Node 66 51 16.0312
Pkt 45 750 0.06 1
Pkt 45 750 0.06 1
Rate:122.361
==========
==========57
3 0 2 24000
Node 54 42 8.94427
Pkt 15 250 0.06 1
Pkt 15 250 0.06 1
Node 39 61 15.5563
Pkt 23 375 0.0613333 1
Pkt 20 320 0.0625 1
Node 27 49 23.0217
Pkt 48 800 0.06 1
Pkt 45 750 0.06 1
Rate:121.278
==========
==========58
3 0 2 24000
Node 36 30 24.4131
Pkt 10 160 0.0625 1
Pkt 12 192 0.0625 1
Node 53 57 7.61577
Pkt 24 400 0.06 1
Pkt 23 375 0.0613333 1
Node 62 67 20.8087
Pkt 45 750 0.06 1
Pkt 48 800 0.06 1
Rate:122.111
==========
==========59
3 0 2 24000
Node 54 64 14.5602
Pkt 12 200 0.06 1
Pkt 15 250 0.06 1
Node 38 73 25.9422
Pkt 24 400 0.06 1
Pkt 24 400 0.06 1
Node 73 48 23.0868
Pkt 48 800 0.06 1
Pkt 45 750 0.06 1
Rate:120
==========
==========60
3 0 2 24000
Node 27 49 23.0217
Pkt 8 125 0.064 1
Pkt 8 120 0.0666667 1
Node 65 29 25.807
Pkt 23 375 0.0613333 1
Pkt 18 300 0.06 1
Node 44 38 13.4164
Pkt 48 800 0.06 1
Pkt 45 750 0.06 1
Rate:124
==========
==========61
3 0 2 24000
Node 49 73 23.0217
Pkt 6 100 0.06 1
Pkt 6 100 0.06 1
Node 47 31 19.2354
Pkt 20 320 0.0625 1
Pkt 18 300 0.06 1
Node 38 54 12.6491
Pkt 48 800 0.06 1
Pkt 45 750 0.06 1
Rate:120.833
==========
==========62
3 0 2 24000
Node 64 34 21.2603
Pkt 15 240 0.0625 1
Pkt 8 125 0.064 1
Node 72 49 22.0227
Pkt 20 320 0.0625 1
Pkt 29 480 0.0604167 1
Node 62 59 15
Pkt 48 800 0.06 1
Pkt 45 750 0.06 1
Rate:123.139
==========
==========63
3 0 2 24000
Node 31 62 22.4722
Pkt 9 150 0.06 1
Pkt 8 125 0.064 1
Node 74 67 29.4109
Pkt 24 400 0.06 1
Pkt 20 320 0.0625 1
Node 68 55 18.6815
Pkt 45 750 0.06 1
Pkt 48 800 0.06 1
Rate:122.167
==========
==========64
3 0 2 24000
Node 71 26 31.8904
Pkt 15 250 0.06 1
Pkt 10 160 0.0625 1
Node 64 67 22.0227
Pkt 29 480 0.0604167 1
Pkt 29 480 0.0604167 1
Node 29 69 28.3196
Pkt 45 750 0.06 1
Pkt 48 800 0.06 1
Rate:121.111
==========
==========65
3 0 2 24000
Node 58 30 21.5407
Pkt 12 200 0.06 1
Pkt 6 100 0.06 1
Node 39 71 23.7065
Pkt 20 320 0.0625 1
Pkt 23 375 0.0613333 1
Node 53 27 23.1948
Pkt 45 750 0.06 1
Pkt 48 800 0.06 1
Rate:121.278
==========
==========66
3 0 2 24000
Node 47 61 11.4018
Pkt 12 192 0.0625 1
Pkt 15 250 0.06 1
Node 70 25 32.0156
Pkt 23 375 0.0613333 1
Pkt 29 480 0.0604167 1
Node 60 38 15.6205
Pkt 45 750 0.06 1
Pkt 48 800 0.06 1
Rate:121.417
==========
==========67
3 0 2 24000
Node 47 34 16.2788
Pkt 6 100 0.06 1
Pkt 6 100 0.06 1
Node 74 30 31.241
Pkt 23 375 0.0613333 1
Pkt 23 375 0.0613333 1
Node 42 56 10
Pkt 45 750 0.06 1
Pkt 45 750 0.06 1
Rate:120.889
==========
==========68
3 0 2 24000
Node 26 72 32.5576
Pkt 15 240 0.0625 1
Pkt 8 125 0.064 1
Node 64 47 14.3178
Pkt 24 400 0.06 1
Pkt 18 300 0.06 1
Node 60 72 24.1661
Pkt 45 750 0.06 1
Pkt 48 800 0.06 1
Rate:122.167
==========
==========69
3 0 2 24000
Node 49 51 1.41421
Pkt 6 100 0.06 1
Pkt 15 240 0.0625 1
Node 32 67 24.7588
Pkt 29 480 0.0604167 1
Pkt 24 400 0.06 1
Node 72 54 22.3607
Pkt 48 800 0.06 1
Pkt 45 750 0.06 1
Rate:120.972
==========
==========70
3 0 2 24000
Node 45 36 14.8661
Pkt 15 250 0.06 1
Pkt 9 150 0.06 1
Node 56 72 22.8035
Pkt 20 320 0.0625 1
Pkt 23 375 0.0613333 1
Node 49 34 16.0312
Pkt 45 750 0.06 1
Pkt 45 750 0.06 1
Rate:121.278
==========
==========71
3 0 2 24000
Node 58 36 16.1245
Pkt 12 200 0.06 1
Pkt 10 160 0.0625 1
Node 63 34 20.6155
Pkt 18 300 0.06 1
Pkt 20 320 0.0625 1
Node 74 65 28.3019
Pkt 48 800 0.06 1
Pkt 48 800 0.06 1
Rate:121.667
==========
==========72
3 0 2 24000
Node 44 26 24.7386
Pkt 12 200 0.06 1
Pkt 6 100 0.06 1
Node 50 47 3
Pkt 18 300 0.06 1
Pkt 29 480 0.0604167 1
Node 32 55 18.6815
Pkt 45 750 0.06 1
Pkt 45 750 0.06 1
Rate:120.139
==========
==========73
3 0 2 24000
Node 39 42 13.6015
Pkt 6 100 0.06 1
Pkt 12 192 0.0625 1
Node 30 42 21.5407
Pkt 24 400 0.06 1
Pkt 18 300 0.06 1
Node 26 34 28.8444
Pkt 45 750 0.06 1
Pkt 45 750 0.06 1
Rate:120.833
==========
==========74
3 0 2 24000
Node 28 59 23.7697
Pkt 15 250 0.06 1
Pkt 10 160 0.0625 1
Node 27 73 32.5269
Pkt 29 480 0.0604167 1
Pkt 29 480 0.0604167 1
Node 65 47 15.2971
Pkt 48 800 0.06 1
Pkt 48 800 0.06 1
Rate:121.111
==========
==========75
3 0 2 24000
Node 61 43 13.0384
Pkt 8 120 0.0666667 1
Pkt 6 100 0.06 1
Node 36 25 28.6531
Pkt 24 400 0.06 1
Pkt 20 320 0.0625 1
Node 54 42 8.94427
Pkt 48 800 0.06 1
Pkt 48 800 0.06 1
Rate:123.056
==========
==========76
3 0 2 24000
Node 34 30 25.6125
Pkt 15 250 0.06 1
Pkt 12 192 0.0625 1
Node 59 45 10.2956
Pkt 18 300 0.06 1
Pkt 18 300 0.06 1
Node 61 53 11.4018
Pkt 48 800 0.06 1
Pkt 45 750 0.06 1
Rate:120.833
==========
==========77
3 0 2 24000
Node 34 27 28.0179
Pkt 8 125 0.064 1
Pkt 15 240 0.0625 1
Node 42 62 14.4222
Pkt 23 375 0.0613333 1
Pkt 24 400 0.06 1
Node 25 72 33.3017
Pkt 48 800 0.06 1
Pkt 48 800 0.06 1
Rate:122.611
==========
==========78
3 0 2 24000
Node 42 68 19.6977
Pkt 12 200 0.06 1
Pkt 10 160 0.0625 1
Node 37 69 23.0217
Pkt 20 320 0.0625 1
Pkt 20 320 0.0625 1
Node 61 38 16.2788
Pkt 48 800 0.06 1
Pkt 48 800 0.06 1
Rate:122.5
==========
==========79
3 0 2 24000
Node 56 61 12.53
Pkt 9 150 0.06 1
Pkt 12 192 0.0625 1
Node 73 74 33.2415
Pkt 20 320 0.0625 1
Pkt 23 375 0.0613333 1
Node 48 39 11.1803
Pkt 45 750 0.06 1
Pkt 48 800 0.06 1
Rate:122.111
==========
==========80
3 0 2 24000
Node 56 59 10.8167
Pkt 15 240 0.0625 1
Pkt 9 150 0.06 1
Node 57 38 13.8924
Pkt 20 320 0.0625 1
Pkt 24 400 0.06 1
Node 31 50 19
Pkt 48 800 0.06 1
Pkt 48 800 0.06 1
Rate:121.667
==========
==========81
3 0 2 24000
Node 59 46 9.84886
Pkt 10 160 0.0625 1
Pkt 15 240 0.0625 1
Node 72 42 23.4094
Pkt 18 300 0.06 1
Pkt 23 375 0.0613333 1
Node 53 73 23.1948
Pkt 45 750 0.06 1
Pkt 48 800 0.06 1
Rate:122.111
==========
==========82
3 0 2 24000
Node 44 35 16.1555
Pkt 8 120 0.0666667 1
Pkt 9 150 0.06 1
Node 58 63 15.2643
Pkt 18 300 0.06 1
Pkt 24 400 0.06 1
Node 70 34 25.6125
Pkt 48 800 0.06 1
Pkt 48 800 0.06 1
Rate:122.222
==========
==========83
3 0 2 24000
Node 37 32 22.2036
Pkt 15 250 0.06 1
Pkt 9 150 0.06 1
Node 41 73 24.6982
Pkt 23 375 0.0613333 1
Pkt 18 300 0.06 1
Node 71 28 30.4138
Pkt 45 750 0.06 1
Pkt 48 800 0.06 1
Rate:120.444
==========
==========84
3 0 2 24000
Node 44 34 17.088
Pkt 10 160 0.0625 1
Pkt 12 192 0.0625 1
Node 40 44 11.6619
Pkt 29 480 0.0604167 1
Pkt 29 480 0.0604167 1
Node 63 53 13.3417
Pkt 45 750 0.06 1
Pkt 48 800 0.06 1
Rate:121.944
==========
==========85
3 0 2 24000
Node 47 46 5
Pkt 8 125 0.064 1
Pkt 15 250 0.06 1
Node 61 32 21.095
Pkt 24 400 0.06 1
Pkt 20 320 0.0625 1
Node 47 36 14.3178
Pkt 48 800 0.06 1
Pkt 48 800 0.06 1
Rate:122.167
==========
==========86
3 0 2 24000
Node 49 35 15.0333
Pkt 6 100 0.06 1
Pkt 9 150 0.06 1
Node 48 48 2.82843
Pkt 23 375 0.0613333 1
Pkt 20 320 0.0625 1
Node 38 59 15
Pkt 48 800 0.06 1
Pkt 48 800 0.06 1
Rate:121.278
==========
==========87
3 0 2 24000
Node 68 72 28.4253
Pkt 12 200 0.06 1
Pkt 15 240 0.0625 1
Node 37 27 26.4197
Pkt 18 300 0.06 1
Pkt 23 375 0.0613333 1
Node 31 42 20.6155
Pkt 48 800 0.06 1
Pkt 48 800 0.06 1
Rate:121.278
==========
==========88
3 0 2 24000
Node 49 50 1
Pkt 6 100 0.06 1
Pkt 15 250 0.06 1
Node 55 66 16.7631
Pkt 29 480 0.0604167 1
Pkt 24 400 0.06 1
Node 53 68 18.2483
Pkt 48 800 0.06 1
Pkt 48 800 0.06 1
Rate:120.139
==========
==========89
3 0 2 24000
Node 26 58 25.2982
Pkt 8 125 0.064 1
Pkt 8 120 0.0666667 1
Node 63 29 24.6982
Pkt 23 375 0.0613333 1
Pkt 24 400 0.06 1
Node 59 30 21.9317
Pkt 45 750 0.06 1
Pkt 48 800 0.06 1
Rate:124
==========
==========90
3 0 2 24000
Node 73 74 33.2415
Pkt 8 125 0.064 1
Pkt 15 240 0.0625 1
Node 66 36 21.2603
Pkt 18 300 0.06 1
Pkt 29 480 0.0604167 1
Node 68 43 19.3132
Pkt 48 800 0.06 1
Pkt 45 750 0.06 1
Rate:122.306
==========
==========91
3 0 2 24000
Node 25 72 33.3017
Pkt 12 200 0.06 1
Pkt 9 150 0.06 1
Node 63 61 17.0294
Pkt 23 375 0.0613333 1
Pkt 18 300 0.06 1
Node 42 56 10
Pkt 45 750 0.06 1
Pkt 48 800 0.06 1
Rate:120.444
==========
==========92
3 0 2 24000
Node 62 72 25.0599
Pkt 15 240 0.0625 1
Pkt 12 200 0.06 1
Node 32 60 20.5913
Pkt 23 375 0.0613333 1
Pkt 20 320 0.0625 1
Node 71 44 21.8403
Pkt 45 750 0.06 1
Pkt 48 800 0.06 1
Rate:122.111
==========
==========93
3 0 2 24000
Node 41 30 21.9317
Pkt 10 160 0.0625 1
Pkt 15 250 0.06 1
Node 66 54 16.4924
Pkt 18 300 0.06 1
Pkt 18 300 0.06 1
Node 31 72 29.0689
Pkt 45 750 0.06 1
Pkt 48 800 0.06 1
Rate:120.833
==========
==========94
3 0 2 24000
Node 70 37 23.8537
Pkt 8 125 0.064 1
Pkt 15 240 0.0625 1
Node 54 43 8.06226
Pkt 24 400 0.06 1
Pkt 24 400 0.06 1
Node 39 45 12.083
Pkt 45 750 0.06 1
Pkt 48 800 0.06 1
Rate:122.167
==========
==========95
3 0 2 24000
Node 47 48 3.60555
Pkt 15 250 0.06 1
Pkt 9 150 0.06 1
Node 54 63 13.6015
Pkt 18 300 0.06 1
Pkt 23 375 0.0613333 1
Node 69 63 23.0217
Pkt 45 750 0.06 1
Pkt 48 800 0.06 1
Rate:120.444
==========
==========96
3 0 2 24000
Node 25 31 31.4006
Pkt 8 120 0.0666667 1
Pkt 10 160 0.0625 1
Node 44 51 6.08276
Pkt 23 375 0.0613333 1
Pkt 18 300 0.06 1
Node 63 57 14.7648
Pkt 48 800 0.06 1
Pkt 45 750 0.06 1
Rate:123.5
==========
==========97
3 0 2 24000
Node 36 55 14.8661
Pkt 9 150 0.06 1
Pkt 12 200 0.06 1
Node 64 69 23.6008
Pkt 18 300 0.06 1
Pkt 20 320 0.0625 1
Node 48 28 22.0907
Pkt 45 750 0.06 1
Pkt 45 750 0.06 1
Rate:120.833
==========
==========98
3 0 2 24000
Node 65 71 25.807
Pkt 10 160 0.0625 1
Pkt 12 192 0.0625 1
Node 27 73 32.5269
Pkt 24 400 0.06 1
Pkt 23 375 0.0613333 1
Node 26 39 26.4008
Pkt 45 750 0.06 1
Pkt 48 800 0.06 1
Rate:122.111
==========
==========99
