3 0 2 24000
Node 60 71 23.2594
Pkt 58 125 0.464 1
Pkt 58 125 0.464 1
Node 33 41 19.2354
Pkt 221 480 0.460417 1
Pkt 184 400 0.46 1
Node 65 71 25.807
Pkt 368 800 0.46 1
Pkt 368 800 0.46 1
Rate:922.806
==========
==========0
3 0 2 24000
Node 32 48 18.1108
Pkt 56 120 0.466667 1
Pkt 115 250 0.46 1
Node 25 57 25.9615
Pkt 184 400 0.46 1
Pkt 148 320 0.4625 1
Node 45 55 7.07107
Pkt 368 800 0.46 1
Pkt 345 750 0.46 1
Rate:923.056
==========
==========1
3 0 2 24000
Node 61 72 24.5967
Pkt 58 125 0.464 1
Pkt 89 192 0.463542 1
Node 72 50 22
Pkt 148 320 0.4625 1
Pkt 173 375 0.461333 1
Node 28 47 22.2036
Pkt 345 750 0.46 1
Pkt 368 800 0.46 1
Rate:923.792
==========
==========2
3 0 2 24000
Node 43 47 7.61577
Pkt 58 125 0.464 1
Pkt 115 250 0.46 1
Node 67 25 30.2324
Pkt 138 300 0.46 1
Pkt 138 300 0.46 1
Node 28 40 24.1661
Pkt 368 800 0.46 1
Pkt 368 800 0.46 1
Rate:921.333
==========
==========3
3 0 2 24000
Node 54 60 10.7703
Pkt 69 150 0.46 1
Pkt 56 120 0.466667 1
Node 54 50 4
Pkt 221 480 0.460417 1
Pkt 148 320 0.4625 1
Node 26 47 24.1868
Pkt 368 800 0.46 1
Pkt 345 750 0.46 1
Rate:923.194
==========
==========4
3 0 2 24000
Node 54 56 7.2111
Pkt 58 125 0.464 1
Pkt 56 120 0.466667 1
Node 65 49 15.0333
Pkt 184 400 0.46 1
Pkt 173 375 0.461333 1
Node 66 46 16.4924
Pkt 368 800 0.46 1
Pkt 345 750 0.46 1
Rate:924
==========
==========5
3 0 2 24000
Node 27 71 31.1448
Pkt 74 160 0.4625 1
Pkt 111 240 0.4625 1
Node 69 26 30.6105
Pkt 138 300 0.46 1
Pkt 173 375 0.461333 1
Node 68 56 18.9737
Pkt 345 750 0.46 1
Pkt 345 750 0.46 1
Rate:922.111
==========
==========6
3 0 2 24000
Node 30 37 23.8537
Pkt 56 120 0.466667 1
Pkt 89 192 0.463542 1
Node 67 31 25.4951
Pkt 221 480 0.460417 1
Pkt 148 320 0.4625 1
Node 59 53 9.48683
Pkt 368 800 0.46 1
Pkt 368 800 0.46 1
Rate:924.375
==========
==========7
3 0 2 24000
Node 62 55 13
Pkt 46 100 0.46 1
Pkt 56 120 0.466667 1
Node 37 38 17.6918
Pkt 173 375 0.461333 1
Pkt 148 320 0.4625 1
Node 55 28 22.561
Pkt 345 750 0.46 1
Pkt 368 800 0.46 1
Rate:923.5
==========
==========8
3 0 2 24000
Node 28 54 22.3607
Pkt 74 160 0.4625 1
Pkt 111 240 0.4625 1
Node 44 48 6.32456
Pkt 221 480 0.460417 1
Pkt 138 300 0.46 1
Node 38 26 26.8328
Pkt 345 750 0.46 1
Pkt 368 800 0.46 1
Rate:921.806
==========
==========9
3 0 2 24000
Node 66 64 21.2603
Pkt 89 192 0.463542 1
Pkt 92 200 0.46 1
Node 31 30 27.5862
Pkt 221 480 0.460417 1
Pkt 221 480 0.460417 1
Node 29 48 21.095
Pkt 345 750 0.46 1
Pkt 368 800 0.46 1
Rate:921.458
==========
==========10
3 0 2 24000
Node 32 25 30.8058
Pkt 89 192 0.463542 1
Pkt 89 192 0.463542 1
Node 58 61 13.6015
Pkt 184 400 0.46 1
Pkt 184 400 0.46 1
Node 70 54 20.3961
Pkt 368 800 0.46 1
Pkt 345 750 0.46 1
Rate:922.361
==========
==========11
3 0 2 24000
Node 29 57 22.1359
Pkt 92 200 0.46 1
Pkt 92 200 0.46 1
Node 66 37 20.6155
Pkt 138 300 0.46 1
Pkt 221 480 0.460417 1
Node 41 29 22.8473
Pkt 345 750 0.46 1
Pkt 368 800 0.46 1
Rate:920.139
==========
==========12
3 0 2 24000
Node 55 59 10.2956
Pkt 69 150 0.46 1
Pkt 69 150 0.46 1
Node 70 57 21.1896
Pkt 184 400 0.46 1
Pkt 138 300 0.46 1
Node 62 66 20
Pkt 368 800 0.46 1
Pkt 368 800 0.46 1
Rate:920
==========
==========13
3 0 2 24000
Node 33 52 17.1172
Pkt 115 250 0.46 1
Pkt 46 100 0.46 1
Node 71 44 21.8403
Pkt 173 375 0.461333 1
Pkt 148 320 0.4625 1
Node 41 47 9.48683
Pkt 368 800 0.46 1
Pkt 368 800 0.46 1
Rate:921.278
==========
==========14
3 0 2 24000
Node 70 59 21.9317
Pkt 69 150 0.46 1
Pkt 111 240 0.4625 1
Node 27 66 28.0179
Pkt 184 400 0.46 1
Pkt 138 300 0.46 1
Node 44 62 13.4164
Pkt 345 750 0.46 1
Pkt 368 800 0.46 1
Rate:920.833
==========
==========15
3 0 2 24000
Node 60 25 26.9258
Pkt 89 192 0.463542 1
Pkt 58 125 0.464 1
Node 68 48 18.1108
Pkt 148 320 0.4625 1
Pkt 173 375 0.461333 1
Node 40 71 23.2594
Pkt 368 800 0.46 1
Pkt 345 750 0.46 1
Rate:923.792
==========
==========16
3 0 2 24000
Node 34 25 29.6816
Pkt 111 240 0.4625 1
Pkt 92 200 0.46 1
Node 37 63 18.3848
Pkt 148 320 0.4625 1
Pkt 184 400 0.46 1
Node 52 44 6.32456
Pkt 345 750 0.46 1
Pkt 368 800 0.46 1
Rate:921.667
==========
==========17
3 0 2 24000
Node 69 51 19.0263
Pkt 92 200 0.46 1
Pkt 69 150 0.46 1
Node 26 38 26.8328
Pkt 173 375 0.461333 1
Pkt 221 480 0.460417 1
Node 37 66 20.6155
Pkt 345 750 0.46 1
Pkt 345 750 0.46 1
Rate:920.583
==========
==========18
3 0 2 24000
Node 27 69 29.8329
Pkt 92 200 0.46 1
Pkt 115 250 0.46 1
Node 33 29 27.0185
Pkt 148 320 0.4625 1
Pkt 184 400 0.46 1
Node 62 70 23.3238
Pkt 368 800 0.46 1
Pkt 345 750 0.46 1
Rate:920.833
==========
==========19
3 0 2 24000
Node 52 25 25.0799
Pkt 58 125 0.464 1
Pkt 56 120 0.466667 1
Node 31 54 19.4165
Pkt 138 300 0.46 1
Pkt 221 480 0.460417 1
Node 62 67 20.8087
Pkt 345 750 0.46 1
Pkt 368 800 0.46 1
Rate:923.694
==========
==========20
3 0 2 24000
Node 25 38 27.7308
Pkt 115 250 0.46 1
Pkt 69 150 0.46 1
Node 45 57 8.60233
Pkt 148 320 0.4625 1
Pkt 148 320 0.4625 1
Node 27 53 23.1948
Pkt 345 750 0.46 1
Pkt 345 750 0.46 1
Rate:921.667
==========
==========21
3 0 2 24000
Node 27 48 23.0868
Pkt 89 192 0.463542 1
Pkt 58 125 0.464 1
Node 73 57 24.0416
Pkt 184 400 0.46 1
Pkt 138 300 0.46 1
Node 46 45 6.40312
Pkt 345 750 0.46 1
Pkt 345 750 0.46 1
Rate:922.514
==========
==========22
3 0 2 24000
Node 26 60 26
Pkt 46 100 0.46 1
Pkt 56 120 0.466667 1
Node 28 57 23.0868
Pkt 138 300 0.46 1
Pkt 148 320 0.4625 1
Node 29 61 23.7065
Pkt 368 800 0.46 1
Pkt 368 800 0.46 1
Rate:923.056
==========
==========23
3 0 2 24000
Node 48 28 22.0907
Pkt 92 200 0.46 1
Pkt 58 125 0.464 1
Node 33 65 22.6716
Pkt 221 480 0.460417 1
Pkt 148 320 0.4625 1
Node 40 54 10.7703
Pkt 368 800 0.46 1
Pkt 345 750 0.46 1
Rate:922.306
==========
==========24
3 0 2 24000
Node 27 50 23
Pkt 111 240 0.4625 1
Pkt 111 240 0.4625 1
Node 42 41 12.0416
Pkt 138 300 0.46 1
Pkt 184 400 0.46 1
Node 43 45 8.60233
Pkt 345 750 0.46 1
Pkt 368 800 0.46 1
Rate:921.667
==========
==========25
3 0 2 24000
Node 44 74 24.7386
Pkt 46 100 0.46 1
Pkt 56 120 0.466667 1
Node 30 27 30.4795
Pkt 184 400 0.46 1
Pkt 184 400 0.46 1
Node 57 68 19.3132
Pkt 368 800 0.46 1
Pkt 368 800 0.46 1
Rate:922.222
==========
==========26
3 0 2 24000
Node 57 52 7.28011
Pkt 92 200 0.46 1
Pkt 89 192 0.463542 1
Node 37 32 22.2036
Pkt 138 300 0.46 1
Pkt 138 300 0.46 1
Node 58 72 23.4094
Pkt 345 750 0.46 1
Pkt 368 800 0.46 1
Rate:921.181
==========
==========27
3 0 2 24000
Node 71 31 28.3196
Pkt 69 150 0.46 1
Pkt 74 160 0.4625 1
Node 37 53 13.3417
Pkt 184 400 0.46 1
Pkt 173 375 0.461333 1
Node 43 63 14.7648
Pkt 345 750 0.46 1
Pkt 368 800 0.46 1
Rate:921.278
==========
==========28
3 0 2 24000
Node 51 68 18.0278
Pkt 69 150 0.46 1
Pkt 92 200 0.46 1
Node 56 42 10
Pkt 184 400 0.46 1
Pkt 221 480 0.460417 1
Node 48 39 11.1803
Pkt 368 800 0.46 1
Pkt 368 800 0.46 1
Rate:920.139
==========
==========29
3 0 2 24000
Node 51 53 3.16228
Pkt 111 240 0.4625 1
Pkt 111 240 0.4625 1
Node 27 60 25.0799
Pkt 173 375 0.461333 1
Pkt 184 400 0.46 1
Node 57 55 8.60233
Pkt 368 800 0.46 1
Pkt 368 800 0.46 1
Rate:922.111
==========
==========30
3 0 2 24000
Node 38 34 20
Pkt 115 250 0.46 1
Pkt 115 250 0.46 1
Node 35 65 21.2132
Pkt 184 400 0.46 1
Pkt 138 300 0.46 1
Node 30 37 23.8537
Pkt 368 800 0.46 1
Pkt 345 750 0.46 1
Rate:920
==========
==========31
3 0 2 24000
Node 30 59 21.9317
Pkt 56 120 0.466667 1
Pkt 111 240 0.4625 1
Node 59 57 11.4018
Pkt 184 400 0.46 1
Pkt 184 400 0.46 1
Node 48 60 10.198
Pkt 345 750 0.46 1
Pkt 368 800 0.46 1
Rate:923.056
==========
==========32
3 0 2 24000
Node 46 56 7.2111
Pkt 115 250 0.46 1
Pkt 58 125 0.464 1
Node 46 48 4.47214
Pkt 148 320 0.4625 1
Pkt 221 480 0.460417 1
Node 34 57 17.4642
Pkt 345 750 0.46 1
Pkt 345 750 0.46 1
Rate:922.306
==========
==========33
3 0 2 24000
Node 36 30 24.4131
Pkt 111 240 0.4625 1
Pkt 115 250 0.46 1
Node 33 63 21.4009
Pkt 221 480 0.460417 1
Pkt 221 480 0.460417 1
Node 74 26 33.9411
Pkt 368 800 0.46 1
Pkt 368 800 0.46 1
Rate:921.111
==========
==========34
3 0 2 24000
Node 29 63 24.6982
Pkt 115 250 0.46 1
Pkt 58 125 0.464 1
Node 43 38 13.8924
Pkt 184 400 0.46 1
Pkt 184 400 0.46 1
Node 60 45 11.1803
Pkt 345 750 0.46 1
Pkt 368 800 0.46 1
Rate:921.333
==========
==========35
3 0 2 24000
Node 66 50 16
Pkt 89 192 0.463542 1
Pkt 115 250 0.46 1
Node 70 53 20.2237
Pkt 221 480 0.460417 1
Pkt 138 300 0.46 1
Node 72 58 23.4094
Pkt 368 800 0.46 1
Pkt 345 750 0.46 1
Rate:921.319
==========
==========36
3 0 2 24000
Node 30 45 20.6155
Pkt 46 100 0.46 1
Pkt 69 150 0.46 1
Node 67 63 21.4009
Pkt 221 480 0.460417 1
Pkt 148 320 0.4625 1
Node 49 58 8.06226
Pkt 368 800 0.46 1
Pkt 345 750 0.46 1
Rate:920.972
==========
==========37
3 0 2 24000
Node 39 56 12.53
Pkt 89 192 0.463542 1
Pkt 74 160 0.4625 1
Node 66 73 28.0179
Pkt 138 300 0.46 1
Pkt 148 320 0.4625 1
Node 40 51 10.0499
Pkt 368 800 0.46 1
Pkt 368 800 0.46 1
Rate:922.847
==========
==========38
3 0 2 24000
Node 71 45 21.587
Pkt 111 240 0.4625 1
Pkt 111 240 0.4625 1
Node 47 72 22.2036
Pkt 173 375 0.461333 1
Pkt 184 400 0.46 1
Node 28 61 24.5967
Pkt 345 750 0.46 1
Pkt 345 750 0.46 1
Rate:922.111
==========
==========39
3 0 2 24000
Node 34 69 24.8395
Pkt 74 160 0.4625 1
Pkt 74 160 0.4625 1
Node 64 63 19.105
Pkt 138 300 0.46 1
Pkt 138 300 0.46 1
Node 60 32 20.5913
Pkt 345 750 0.46 1
Pkt 368 800 0.46 1
Rate:921.667
==========
==========40
3 0 2 24000
Node 39 26 26.4008
Pkt 92 200 0.46 1
Pkt 46 100 0.46 1
Node 30 46 20.3961
Pkt 184 400 0.46 1
Pkt 138 300 0.46 1
Node 29 48 21.095
Pkt 368 800 0.46 1
Pkt 368 800 0.46 1
Rate:920
==========
==========41
3 0 2 24000
Node 61 36 17.8045
Pkt 115 250 0.46 1
Pkt 69 150 0.46 1
Node 65 62 19.2094
Pkt 173 375 0.461333 1
Pkt 221 480 0.460417 1
Node 71 36 25.2389
Pkt 368 800 0.46 1
Pkt 345 750 0.46 1
Rate:920.583
==========
==========42
3 0 2 24000
Node 38 35 19.2094
Pkt 56 120 0.466667 1
Pkt 89 192 0.463542 1
Node 39 34 19.4165
Pkt 173 375 0.461333 1
Pkt 148 320 0.4625 1
Node 52 74 24.0832
Pkt 368 800 0.46 1
Pkt 345 750 0.46 1
Rate:924.681
==========
==========43
3 0 2 24000
Node 45 42 9.43398
Pkt 89 192 0.463542 1
Pkt 115 250 0.46 1
Node 57 51 7.07107
Pkt 173 375 0.461333 1
Pkt 221 480 0.460417 1
Node 27 63 26.4197
Pkt 345 750 0.46 1
Pkt 345 750 0.46 1
Rate:921.764
==========
==========44
3 0 2 24000
Node 53 49 3.16228
Pkt 74 160 0.4625 1
Pkt 74 160 0.4625 1
Node 37 63 18.3848
Pkt 138 300 0.46 1
Pkt 148 320 0.4625 1
Node 45 47 5.83095
Pkt 368 800 0.46 1
Pkt 345 750 0.46 1
Rate:922.5
==========
==========45
3 0 2 24000
Node 57 28 23.0868
Pkt 89 192 0.463542 1
Pkt 92 200 0.46 1
Node 31 38 22.4722
Pkt 221 480 0.460417 1
Pkt 148 320 0.4625 1
Node 61 53 11.4018
Pkt 345 750 0.46 1
Pkt 368 800 0.46 1
Rate:922.153
==========
==========46
3 0 2 24000
Node 48 40 10.198
Pkt 92 200 0.46 1
Pkt 46 100 0.46 1
Node 72 42 23.4094
Pkt 184 400 0.46 1
Pkt 221 480 0.460417 1
Node 50 43 7
Pkt 368 800 0.46 1
Pkt 368 800 0.46 1
Rate:920.139
==========
==========47
3 0 2 24000
Node 70 49 20.025
Pkt 69 150 0.46 1
Pkt 58 125 0.464 1
Node 47 63 13.3417
Pkt 173 375 0.461333 1
Pkt 148 320 0.4625 1
Node 52 63 13.1529
Pkt 345 750 0.46 1
Pkt 368 800 0.46 1
Rate:922.611
==========
==========48
3 0 2 24000
Node 50 71 21
Pkt 69 150 0.46 1
Pkt 92 200 0.46 1
Node 69 32 26.1725
Pkt 148 320 0.4625 1
Pkt 173 375 0.461333 1
Node 59 60 13.4536
Pkt 345 750 0.46 1
Pkt 368 800 0.46 1
Rate:921.278
==========
==========49
3 0 2 24000
Node 51 68 18.0278
Pkt 115 250 0.46 1
Pkt 92 200 0.46 1
Node 64 33 22.0227
Pkt 221 480 0.460417 1
Pkt 148 320 0.4625 1
Node 49 30 20.025
Pkt 368 800 0.46 1
Pkt 345 750 0.46 1
Rate:920.972
==========
==========50
3 0 2 24000
Node 51 28 22.0227
Pkt 46 100 0.46 1
Pkt 56 120 0.466667 1
Node 56 64 15.2315
Pkt 184 400 0.46 1
Pkt 148 320 0.4625 1
Node 27 57 24.0416
Pkt 368 800 0.46 1
Pkt 345 750 0.46 1
Rate:923.056
==========
==========51
3 0 2 24000
Node 26 28 32.5576
Pkt 69 150 0.46 1
Pkt 58 125 0.464 1
Node 25 28 33.3017
Pkt 184 400 0.46 1
Pkt 138 300 0.46 1
Node 54 27 23.3452
Pkt 345 750 0.46 1
Pkt 368 800 0.46 1
Rate:921.333
==========
==========52
3 0 2 24000
Node 40 55 11.1803
Pkt 111 240 0.4625 1
Pkt 58 125 0.464 1
Node 36 43 15.6525
Pkt 148 320 0.4625 1
Pkt 184 400 0.46 1
Node 67 64 22.0227
Pkt 368 800 0.46 1
Pkt 345 750 0.46 1
Rate:923
==========
==========53
3 0 2 24000
Node 28 58 23.4094
Pkt 89 192 0.463542 1
Pkt 115 250 0.46 1
Node 47 67 17.2627
Pkt 221 480 0.460417 1
Pkt 173 375 0.461333 1
Node 65 42 17
Pkt 345 750 0.46 1
Pkt 345 750 0.46 1
Rate:921.764
==========
==========54
3 0 2 24000
Node 69 40 21.4709
Pkt 74 160 0.4625 1
Pkt 115 250 0.46 1
Node 55 68 18.6815
Pkt 138 300 0.46 1
Pkt 184 400 0.46 1
Node 57 41 11.4018
Pkt 368 800 0.46 1
Pkt 368 800 0.46 1
Rate:920.833
==========
==========55
3 0 2 24000
Node 46 59 9.84886
Pkt 92 200 0.46 1
Pkt 115 250 0.46 1
Node 50 42 8
Pkt 138 300 0.46 1
Pkt 148 320 0.4625 1
Node 30 40 22.3607
Pkt 345 750 0.46 1
Pkt 345 750 0.46 1
Rate:920.833
==========
==========56
3 0 2 24000
Node 38 59 15
Pkt 69 150 0.46 1
Pkt 115 250 0.46 1
Node 37 65 19.8494
Pkt 148 320 0.4625 1
Pkt 173 375 0.461333 1
Node 57 38 13.8924
Pkt 368 800 0.46 1
Pkt 345 750 0.46 1
Rate:921.278
==========
==========57
3 0 2 24000
Node 73 44 23.7697
Pkt 46 100 0.46 1
Pkt 111 240 0.4625 1
Node 68 30 26.9072
Pkt 173 375 0.461333 1
Pkt 184 400 0.46 1
Node 38 66 20
Pkt 345 750 0.46 1
Pkt 345 750 0.46 1
Rate:921.278
==========
==========58
3 0 2 24000
Node 72 63 25.5539
Pkt 89 192 0.463542 1
Pkt 74 160 0.4625 1
Node 73 26 33.2415
Pkt 148 320 0.4625 1
Pkt 138 300 0.46 1
Node 32 31 26.1725
Pkt 345 750 0.46 1
Pkt 345 750 0.46 1
Rate:922.847
==========
==========59
3 0 2 24000
Node 39 41 14.2127
Pkt 92 200 0.46 1
Pkt 111 240 0.4625 1
Node 61 41 14.2127
Pkt 221 480 0.460417 1
Pkt 138 300 0.46 1
Node 69 63 23.0217
Pkt 345 750 0.46 1
Pkt 345 750 0.46 1
Rate:920.972
==========
==========60
3 0 2 24000
Node 49 50 1
Pkt 46 100 0.46 1
Pkt 58 125 0.464 1
Node 25 73 33.9706
Pkt 138 300 0.46 1
Pkt 173 375 0.461333 1
Node 64 59 16.6433
Pkt 345 750 0.46 1
Pkt 368 800 0.46 1
Rate:921.778
==========
==========61
3 0 2 24000
Node 47 26 24.1868
Pkt 111 240 0.4625 1
Pkt 46 100 0.46 1
Node 31 42 20.6155
Pkt 148 320 0.4625 1
Pkt 221 480 0.460417 1
Node 31 63 23.0217
Pkt 345 750 0.46 1
Pkt 368 800 0.46 1
Rate:921.806
==========
==========62
3 0 2 24000
Node 59 61 14.2127
Pkt 111 240 0.4625 1
Pkt 111 240 0.4625 1
Node 47 74 24.1868
Pkt 221 480 0.460417 1
Pkt 173 375 0.461333 1
Node 41 54 9.84886
Pkt 368 800 0.46 1
Pkt 368 800 0.46 1
Rate:922.25
==========
==========63
3 0 2 24000
Node 34 73 28.0179
Pkt 89 192 0.463542 1
Pkt 69 150 0.46 1
Node 39 30 22.8254
Pkt 173 375 0.461333 1
Pkt 184 400 0.46 1
Node 70 60 22.3607
Pkt 345 750 0.46 1
Pkt 345 750 0.46 1
Rate:921.625
==========
==========64
3 0 2 24000
Node 64 68 22.8035
Pkt 115 250 0.46 1
Pkt 115 250 0.46 1
Node 55 72 22.561
Pkt 184 400 0.46 1
Pkt 184 400 0.46 1
Node 47 33 17.2627
Pkt 345 750 0.46 1
Pkt 368 800 0.46 1
Rate:920
==========
==========65
3 0 2 24000
Node 53 26 24.1868
Pkt 111 240 0.4625 1
Pkt 46 100 0.46 1
Node 62 60 15.6205
Pkt 148 320 0.4625 1
Pkt 138 300 0.46 1
Node 30 45 20.6155
Pkt 368 800 0.46 1
Pkt 368 800 0.46 1
Rate:921.667
==========
==========66
3 0 2 24000
Node 39 49 11.0454
Pkt 58 125 0.464 1
Pkt 92 200 0.46 1
Node 38 52 12.1655
Pkt 184 400 0.46 1
Pkt 221 480 0.460417 1
Node 41 74 25.632
Pkt 345 750 0.46 1
Pkt 345 750 0.46 1
Rate:921.472
==========
==========67
3 0 2 24000
Node 72 71 30.4138
Pkt 46 100 0.46 1
Pkt 74 160 0.4625 1
Node 64 49 14.0357
Pkt 173 375 0.461333 1
Pkt 173 375 0.461333 1
Node 70 62 23.3238
Pkt 345 750 0.46 1
Pkt 368 800 0.46 1
Rate:921.722
==========
==========68
3 0 2 24000
Node 47 51 3.16228
Pkt 58 125 0.464 1
Pkt 111 240 0.4625 1
Node 63 43 14.7648
Pkt 138 300 0.46 1
Pkt 148 320 0.4625 1
Node 29 26 31.8904
Pkt 345 750 0.46 1
Pkt 345 750 0.46 1
Rate:923
==========
==========69
3 0 2 24000
Node 49 39 11.0454
Pkt 46 100 0.46 1
Pkt 69 150 0.46 1
Node 50 44 6
Pkt 148 320 0.4625 1
Pkt 173 375 0.461333 1
Node 46 25 25.318
Pkt 368 800 0.46 1
Pkt 368 800 0.46 1
Rate:921.278
==========
==========70
3 0 2 24000
Node 71 57 22.1359
Pkt 58 125 0.464 1
Pkt 74 160 0.4625 1
Node 65 65 21.2132
Pkt 221 480 0.460417 1
Pkt 138 300 0.46 1
Node 47 33 17.2627
Pkt 368 800 0.46 1
Pkt 345 750 0.46 1
Rate:922.306
==========
==========71
3 0 2 24000
Node 31 64 23.6008
Pkt 74 160 0.4625 1
Pkt 111 240 0.4625 1
Node 68 58 19.6977
Pkt 221 480 0.460417 1
Pkt 221 480 0.460417 1
Node 45 35 15.8114
Pkt 368 800 0.46 1
Pkt 345 750 0.46 1
Rate:921.944
==========
==========72
3 0 2 24000
Node 42 33 18.7883
Pkt 46 100 0.46 1
Pkt 58 125 0.464 1
Node 64 30 24.4131
Pkt 148 320 0.4625 1
Pkt 221 480 0.460417 1
Node 45 42 9.43398
Pkt 345 750 0.46 1
Pkt 368 800 0.46 1
Rate:922.306
==========
==========73
3 0 2 24000
Node 73 37 26.4197
Pkt 74 160 0.4625 1
Pkt 111 240 0.4625 1
Node 30 59 21.9317
Pkt 173 375 0.461333 1
Pkt 184 400 0.46 1
Node 43 66 17.4642
Pkt 345 750 0.46 1
Pkt 368 800 0.46 1
Rate:922.111
==========
==========74
3 0 2 24000
Node 53 66 16.2788
Pkt 58 125 0.464 1
Pkt 89 192 0.463542 1
Node 34 50 16
Pkt 221 480 0.460417 1
Pkt 138 300 0.46 1
Node 36 63 19.105
Pkt 345 750 0.46 1
Pkt 345 750 0.46 1
Rate:922.653
==========
==========75
3 0 2 24000
Node 28 31 29.0689
Pkt 69 150 0.46 1
Pkt 89 192 0.463542 1
Node 64 61 17.8045
Pkt 184 400 0.46 1
Pkt 148 320 0.4625 1
Node 74 42 25.2982
Pkt 368 800 0.46 1
Pkt 345 750 0.46 1
Rate:922.014
==========
==========76
3 0 2 24000
Node 41 41 12.7279
Pkt 89 192 0.463542 1
Pkt 56 120 0.466667 1
Node 61 67 20.2485
Pkt 173 375 0.461333 1
Pkt 138 300 0.46 1
Node 55 30 20.6155
Pkt 368 800 0.46 1
Pkt 345 750 0.46 1
Rate:923.847
==========
==========77
3 0 2 24000
Node 33 45 17.72
Pkt 46 100 0.46 1
Pkt 115 250 0.46 1
Node 45 38 13
Pkt 148 320 0.4625 1
Pkt 173 375 0.461333 1
Node 44 35 16.1555
Pkt 368 800 0.46 1
Pkt 368 800 0.46 1
Rate:921.278
==========
==========78
3 0 2 24000
Node 43 61 13.0384
Pkt 56 120 0.466667 1
Pkt 92 200 0.46 1
Node 52 28 22.0907
Pkt 173 375 0.461333 1
Pkt 184 400 0.46 1
Node 27 57 24.0416
Pkt 345 750 0.46 1
Pkt 345 750 0.46 1
Rate:922.667
==========
==========79
3 0 2 24000
Node 32 37 22.2036
Pkt 89 192 0.463542 1
Pkt 56 120 0.466667 1
Node 72 65 26.6271
Pkt 148 320 0.4625 1
Pkt 148 320 0.4625 1
Node 68 37 22.2036
Pkt 345 750 0.46 1
Pkt 345 750 0.46 1
Rate:925.069
==========
==========80
3 0 2 24000
Node 32 39 21.095
Pkt 92 200 0.46 1
Pkt 69 150 0.46 1
Node 39 36 17.8045
Pkt 184 400 0.46 1
Pkt 138 300 0.46 1
Node 35 31 24.2074
Pkt 368 800 0.46 1
Pkt 368 800 0.46 1
Rate:920
==========
==========81
3 0 2 24000
Node 44 25 25.7099
Pkt 46 100 0.46 1
Pkt 46 100 0.46 1
Node 57 74 25
Pkt 138 300 0.46 1
Pkt 184 400 0.46 1
Node 49 48 2.23607
Pkt 368 800 0.46 1
Pkt 368 800 0.46 1
Rate:920
==========
==========82
3 0 2 24000
Node 59 60 13.4536
Pkt 89 192 0.463542 1
Pkt 111 240 0.4625 1
Node 59 46 9.84886
Pkt 221 480 0.460417 1
Pkt 221 480 0.460417 1
Node 72 36 26.0768
Pkt 345 750 0.46 1
Pkt 368 800 0.46 1
Rate:922.292
==========
==========83
3 0 2 24000
Node 68 63 22.2036
Pkt 92 200 0.46 1
Pkt 69 150 0.46 1
Node 50 73 23
Pkt 148 320 0.4625 1
Pkt 138 300 0.46 1
Node 49 32 18.0278
Pkt 345 750 0.46 1
Pkt 345 750 0.46 1
Rate:920.833
==========
==========84
3 0 2 24000
Node 44 56 8.48528
Pkt 74 160 0.4625 1
Pkt 46 100 0.46 1
Node 41 37 15.8114
Pkt 173 375 0.461333 1
Pkt 184 400 0.46 1
Node 47 57 7.61577
Pkt 345 750 0.46 1
Pkt 345 750 0.46 1
Rate:921.278
==========
==========85
3 0 2 24000
Node 71 52 21.095
Pkt 69 150 0.46 1
Pkt 89 192 0.463542 1
Node 57 31 20.2485
Pkt 138 300 0.46 1
Pkt 148 320 0.4625 1
Node 66 47 16.2788
Pkt 345 750 0.46 1
Pkt 368 800 0.46 1
Rate:922.014
==========
==========86
3 0 2 24000
Node 49 66 16.0312
Pkt 111 240 0.4625 1
Pkt 115 250 0.46 1
Node 66 43 17.4642
Pkt 138 300 0.46 1
Pkt 148 320 0.4625 1
Node 37 56 14.3178
Pkt 345 750 0.46 1
Pkt 368 800 0.46 1
Rate:921.667
==========
==========87
3 0 2 24000
Node 48 45 5.38516
Pkt 89 192 0.463542 1
Pkt 69 150 0.46 1
Node 72 58 23.4094
Pkt 138 300 0.46 1
Pkt 138 300 0.46 1
Node 66 40 18.868
Pkt 368 800 0.46 1
Pkt 368 800 0.46 1
Rate:921.181
==========
==========88
3 0 2 24000
Node 55 58 9.43398
Pkt 46 100 0.46 1
Pkt 56 120 0.466667 1
Node 64 72 26.0768
Pkt 148 320 0.4625 1
Pkt 138 300 0.46 1
Node 30 70 28.2843
Pkt 368 800 0.46 1
Pkt 368 800 0.46 1
Rate:923.056
==========
==========89
3 0 2 24000
Node 32 45 18.6815
Pkt 115 250 0.46 1
Pkt 58 125 0.464 1
Node 30 70 28.2843
Pkt 148 320 0.4625 1
Pkt 148 320 0.4625 1
Node 34 50 16
Pkt 345 750 0.46 1
Pkt 345 750 0.46 1
Rate:923
==========
==========90
3 0 2 24000
Node 42 44 10
Pkt 115 250 0.46 1
Pkt 56 120 0.466667 1
Node 48 41 9.21954
Pkt 173 375 0.461333 1
Pkt 173 375 0.461333 1
Node 72 57 23.0868
Pkt 368 800 0.46 1
Pkt 368 800 0.46 1
Rate:923.111
==========
==========91
3 0 2 24000
Node 42 58 11.3137
Pkt 111 240 0.4625 1
Pkt 92 200 0.46 1
Node 28 26 32.5576
Pkt 184 400 0.46 1
Pkt 173 375 0.461333 1
Node 58 30 21.5407
Pkt 368 800 0.46 1
Pkt 345 750 0.46 1
Rate:921.278
==========
==========92
3 0 2 24000
Node 48 37 13.1529
Pkt 69 150 0.46 1
Pkt 111 240 0.4625 1
Node 37 57 14.7648
Pkt 221 480 0.460417 1
Pkt 148 320 0.4625 1
Node 48 62 12.1655
Pkt 345 750 0.46 1
Pkt 368 800 0.46 1
Rate:921.806
==========
==========93
3 0 2 24000
Node 28 57 23.0868
Pkt 115 250 0.46 1
Pkt 69 150 0.46 1
Node 40 30 22.3607
Pkt 138 300 0.46 1
Pkt 173 375 0.461333 1
Node 37 51 13.0384
Pkt 368 800 0.46 1
Pkt 368 800 0.46 1
Rate:920.444
==========
==========94
3 0 2 24000
Node 33 55 17.72
Pkt 46 100 0.46 1
Pkt 58 125 0.464 1
Node 69 32 26.1725
Pkt 148 320 0.4625 1
Pkt 221 480 0.460417 1
Node 46 70 20.3961
Pkt 368 800 0.46 1
Pkt 345 750 0.46 1
Rate:922.306
==========
==========95
3 0 2 24000
Node 64 73 26.9258
Pkt 69 150 0.46 1
Pkt 69 150 0.46 1
Node 52 30 20.0998
Pkt 138 300 0.46 1
Pkt 148 320 0.4625 1
Node 59 35 17.4929
Pkt 345 750 0.46 1
Pkt 345 750 0.46 1
Rate:920.833
==========
==========96
3 0 2 24000
Node 68 43 19.3132
Pkt 115 250 0.46 1
Pkt 115 250 0.46 1
Node 67 32 24.7588
Pkt 173 375 0.461333 1
Pkt 173 375 0.461333 1
Node 34 42 17.8885
Pkt 368 800 0.46 1
Pkt 368 800 0.46 1
Rate:920.889
==========
==========97
3 0 2 24000
Node 34 43 17.4642
Pkt 58 125 0.464 1
Pkt 58 125 0.464 1
Node 47 42 8.544
Pkt 184 400 0.46 1
Pkt 173 375 0.461333 1
Node 55 65 15.8114
Pkt 368 800 0.46 1
Pkt 368 800 0.46 1
Rate:923.111
==========
==========98
3 0 2 24000
Node 26 67 29.4109
Pkt 89 192 0.463542 1
Pkt 58 125 0.464 1
Node 31 71 28.3196
Pkt 184 400 0.46 1
Pkt 138 300 0.46 1
Node 39 66 19.4165
Pkt 345 750 0.46 1
Pkt 345 750 0.46 1
Rate:922.514
==========
==========99
