3 0 2 24000
Node 27 58 24.3516
Pkt 34 240 0.141667 1
Pkt 17 120 0.141667 1
Node 36 44 15.2315
Pkt 45 320 0.140625 1
Pkt 68 480 0.141667 1
Node 43 46 8.06226
Pkt 105 750 0.14 1
Pkt 112 800 0.14 1
Rate:281.875
==========
==========0
3 0 2 24000
Node 49 39 11.0454
Pkt 27 192 0.140625 1
Pkt 34 240 0.141667 1
Node 25 28 33.3017
Pkt 68 480 0.141667 1
Pkt 42 300 0.14 1
Node 64 47 14.3178
Pkt 112 800 0.14 1
Pkt 105 750 0.14 1
Rate:281.319
==========
==========1
3 0 2 24000
Node 33 66 23.3452
Pkt 27 192 0.140625 1
Pkt 28 200 0.14 1
Node 41 52 9.21954
Pkt 45 320 0.140625 1
Pkt 45 320 0.140625 1
Node 34 71 26.4008
Pkt 105 750 0.14 1
Pkt 105 750 0.14 1
Rate:280.625
==========
==========2
3 0 2 24000
Node 47 49 3.16228
Pkt 18 125 0.144 1
Pkt 28 200 0.14 1
Node 60 50 10
Pkt 45 320 0.140625 1
Pkt 42 300 0.14 1
Node 62 69 22.4722
Pkt 112 800 0.14 1
Pkt 112 800 0.14 1
Rate:281.542
==========
==========3
3 0 2 24000
Node 35 72 26.6271
Pkt 34 240 0.141667 1
Pkt 35 250 0.14 1
Node 36 67 22.0227
Pkt 42 300 0.14 1
Pkt 53 375 0.141333 1
Node 58 53 8.544
Pkt 105 750 0.14 1
Pkt 112 800 0.14 1
Rate:281
==========
==========4
3 0 2 24000
Node 25 42 26.2488
Pkt 18 125 0.144 1
Pkt 17 120 0.141667 1
Node 73 31 29.8329
Pkt 42 300 0.14 1
Pkt 68 480 0.141667 1
Node 25 51 25.02
Pkt 112 800 0.14 1
Pkt 105 750 0.14 1
Rate:282.444
==========
==========5
3 0 2 24000
Node 61 46 11.7047
Pkt 35 250 0.14 1
Pkt 28 200 0.14 1
Node 25 36 28.6531
Pkt 45 320 0.140625 1
Pkt 42 300 0.14 1
Node 63 61 17.0294
Pkt 105 750 0.14 1
Pkt 105 750 0.14 1
Rate:280.208
==========
==========6
3 0 2 24000
Node 60 58 12.8062
Pkt 21 150 0.14 1
Pkt 21 150 0.14 1
Node 56 32 18.9737
Pkt 56 400 0.14 1
Pkt 68 480 0.141667 1
Node 40 48 10.198
Pkt 105 750 0.14 1
Pkt 105 750 0.14 1
Rate:280.556
==========
==========7
3 0 2 24000
Node 56 64 15.2315
Pkt 34 240 0.141667 1
Pkt 27 192 0.140625 1
Node 32 37 22.2036
Pkt 45 320 0.140625 1
Pkt 68 480 0.141667 1
Node 48 73 23.0868
Pkt 105 750 0.14 1
Pkt 105 750 0.14 1
Rate:281.528
==========
==========8
3 0 2 24000
Node 55 50 5
Pkt 34 240 0.141667 1
Pkt 21 150 0.14 1
Node 54 66 16.4924
Pkt 42 300 0.14 1
Pkt 53 375 0.141333 1
Node 29 71 29.6985
Pkt 105 750 0.14 1
Pkt 112 800 0.14 1
Rate:281
==========
==========9
3 0 2 24000
Node 26 45 24.5153
Pkt 21 150 0.14 1
Pkt 27 192 0.140625 1
Node 40 46 10.7703
Pkt 42 300 0.14 1
Pkt 42 300 0.14 1
Node 46 64 14.5602
Pkt 112 800 0.14 1
Pkt 112 800 0.14 1
Rate:280.208
==========
==========10
3 0 2 24000
Node 39 49 11.0454
Pkt 21 150 0.14 1
Pkt 23 160 0.14375 1
Node 29 66 26.4008
Pkt 42 300 0.14 1
Pkt 45 320 0.140625 1
Node 38 35 19.2094
Pkt 112 800 0.14 1
Pkt 105 750 0.14 1
Rate:281.458
==========
==========11
3 0 2 24000
Node 26 58 25.2982
Pkt 35 250 0.14 1
Pkt 27 192 0.140625 1
Node 46 43 8.06226
Pkt 68 480 0.141667 1
Pkt 53 375 0.141333 1
Node 34 53 16.2788
Pkt 112 800 0.14 1
Pkt 112 800 0.14 1
Rate:281.208
==========
==========12
3 0 2 24000
Node 70 50 20
Pkt 23 160 0.14375 1
Pkt 34 240 0.141667 1
Node 28 68 28.4253
Pkt 56 400 0.14 1
Pkt 68 480 0.141667 1
Node 54 73 23.3452
Pkt 105 750 0.14 1
Pkt 112 800 0.14 1
Rate:282.361
==========
==========13
3 0 2 24000
Node 50 43 7
Pkt 14 100 0.14 1
Pkt 23 160 0.14375 1
Node 46 59 9.84886
Pkt 42 300 0.14 1
Pkt 56 400 0.14 1
Node 29 64 25.2389
Pkt 105 750 0.14 1
Pkt 112 800 0.14 1
Rate:281.25
==========
==========14
3 0 2 24000
Node 42 71 22.4722
Pkt 17 120 0.141667 1
Pkt 28 200 0.14 1
Node 51 33 17.0294
Pkt 53 375 0.141333 1
Pkt 68 480 0.141667 1
Node 60 46 10.7703
Pkt 105 750 0.14 1
Pkt 105 750 0.14 1
Rate:281.556
==========
==========15
3 0 2 24000
Node 50 60 10
Pkt 35 250 0.14 1
Pkt 23 160 0.14375 1
Node 54 41 9.84886
Pkt 56 400 0.14 1
Pkt 42 300 0.14 1
Node 27 58 24.3516
Pkt 112 800 0.14 1
Pkt 112 800 0.14 1
Rate:281.25
==========
==========16
3 0 2 24000
Node 40 51 10.0499
Pkt 34 240 0.141667 1
Pkt 23 160 0.14375 1
Node 66 25 29.6816
Pkt 45 320 0.140625 1
Pkt 42 300 0.14 1
Node 65 47 15.2971
Pkt 105 750 0.14 1
Pkt 112 800 0.14 1
Rate:282.014
==========
==========17
3 0 2 24000
Node 50 59 9
Pkt 23 160 0.14375 1
Pkt 28 200 0.14 1
Node 69 56 19.9249
Pkt 56 400 0.14 1
Pkt 56 400 0.14 1
Node 38 40 15.6205
Pkt 105 750 0.14 1
Pkt 105 750 0.14 1
Rate:281.25
==========
==========18
3 0 2 24000
Node 59 69 21.0238
Pkt 35 250 0.14 1
Pkt 34 240 0.141667 1
Node 29 32 27.6586
Pkt 53 375 0.141333 1
Pkt 68 480 0.141667 1
Node 74 49 24.0208
Pkt 112 800 0.14 1
Pkt 112 800 0.14 1
Rate:281.556
==========
==========19
3 0 2 24000
Node 55 65 15.8114
Pkt 34 240 0.141667 1
Pkt 21 150 0.14 1
Node 32 48 18.1108
Pkt 42 300 0.14 1
Pkt 45 320 0.140625 1
Node 30 41 21.9317
Pkt 105 750 0.14 1
Pkt 112 800 0.14 1
Rate:280.764
==========
==========20
3 0 2 24000
Node 60 55 11.1803
Pkt 21 150 0.14 1
Pkt 14 100 0.14 1
Node 29 73 31.1448
Pkt 68 480 0.141667 1
Pkt 68 480 0.141667 1
Node 30 40 22.3607
Pkt 105 750 0.14 1
Pkt 105 750 0.14 1
Rate:281.111
==========
==========21
3 0 2 24000
Node 38 46 12.6491
Pkt 21 150 0.14 1
Pkt 21 150 0.14 1
Node 27 48 23.0868
Pkt 42 300 0.14 1
Pkt 53 375 0.141333 1
Node 59 49 9.05539
Pkt 105 750 0.14 1
Pkt 112 800 0.14 1
Rate:280.444
==========
==========22
3 0 2 24000
Node 52 68 18.1108
Pkt 23 160 0.14375 1
Pkt 28 200 0.14 1
Node 69 27 29.8329
Pkt 68 480 0.141667 1
Pkt 68 480 0.141667 1
Node 37 52 13.1529
Pkt 105 750 0.14 1
Pkt 105 750 0.14 1
Rate:282.361
==========
==========23
3 0 2 24000
Node 65 62 19.2094
Pkt 34 240 0.141667 1
Pkt 23 160 0.14375 1
Node 53 71 21.2132
Pkt 45 320 0.140625 1
Pkt 42 300 0.14 1
Node 44 62 13.4164
Pkt 105 750 0.14 1
Pkt 112 800 0.14 1
Rate:282.014
==========
==========24
3 0 2 24000
Node 73 64 26.9258
Pkt 34 240 0.141667 1
Pkt 34 240 0.141667 1
Node 62 25 27.7308
Pkt 45 320 0.140625 1
Pkt 45 320 0.140625 1
Node 68 39 21.095
Pkt 105 750 0.14 1
Pkt 112 800 0.14 1
Rate:281.528
==========
==========25
3 0 2 24000
Node 31 40 21.4709
Pkt 14 100 0.14 1
Pkt 34 240 0.141667 1
Node 48 31 19.105
Pkt 45 320 0.140625 1
Pkt 45 320 0.140625 1
Node 49 61 11.0454
Pkt 112 800 0.14 1
Pkt 112 800 0.14 1
Rate:280.972
==========
==========26
3 0 2 24000
Node 31 27 29.8329
Pkt 23 160 0.14375 1
Pkt 17 120 0.141667 1
Node 31 47 19.2354
Pkt 45 320 0.140625 1
Pkt 53 375 0.141333 1
Node 70 61 22.8254
Pkt 112 800 0.14 1
Pkt 105 750 0.14 1
Rate:282.458
==========
==========27
3 0 2 24000
Node 28 61 24.5967
Pkt 17 120 0.141667 1
Pkt 18 125 0.144 1
Node 68 36 22.8035
Pkt 45 320 0.140625 1
Pkt 42 300 0.14 1
Node 46 39 11.7047
Pkt 105 750 0.14 1
Pkt 112 800 0.14 1
Rate:282.097
==========
==========28
3 0 2 24000
Node 70 53 20.2237
Pkt 27 192 0.140625 1
Pkt 14 100 0.14 1
Node 32 74 30
Pkt 68 480 0.141667 1
Pkt 45 320 0.140625 1
Node 63 62 17.6918
Pkt 112 800 0.14 1
Pkt 105 750 0.14 1
Rate:280.972
==========
==========29
3 0 2 24000
Node 31 26 30.6105
Pkt 27 192 0.140625 1
Pkt 21 150 0.14 1
Node 29 67 27.0185
Pkt 45 320 0.140625 1
Pkt 42 300 0.14 1
Node 70 70 28.2843
Pkt 112 800 0.14 1
Pkt 112 800 0.14 1
Rate:280.417
==========
==========30
3 0 2 24000
Node 61 64 17.8045
Pkt 21 150 0.14 1
Pkt 18 125 0.144 1
Node 56 56 8.48528
Pkt 42 300 0.14 1
Pkt 42 300 0.14 1
Node 29 61 23.7065
Pkt 112 800 0.14 1
Pkt 112 800 0.14 1
Rate:281.333
==========
==========31
3 0 2 24000
Node 71 56 21.8403
Pkt 23 160 0.14375 1
Pkt 35 250 0.14 1
Node 51 46 4.12311
Pkt 53 375 0.141333 1
Pkt 45 320 0.140625 1
Node 49 36 14.0357
Pkt 105 750 0.14 1
Pkt 112 800 0.14 1
Rate:281.903
==========
==========32
3 0 2 24000
Node 42 58 11.3137
Pkt 27 192 0.140625 1
Pkt 23 160 0.14375 1
Node 35 71 25.807
Pkt 56 400 0.14 1
Pkt 45 320 0.140625 1
Node 29 39 23.7065
Pkt 112 800 0.14 1
Pkt 105 750 0.14 1
Rate:281.667
==========
==========33
3 0 2 24000
Node 28 72 31.1127
Pkt 35 250 0.14 1
Pkt 27 192 0.140625 1
Node 65 27 27.4591
Pkt 68 480 0.141667 1
Pkt 68 480 0.141667 1
Node 42 52 8.24621
Pkt 105 750 0.14 1
Pkt 112 800 0.14 1
Rate:281.319
==========
==========34
3 0 2 24000
Node 32 56 18.9737
Pkt 17 120 0.141667 1
Pkt 28 200 0.14 1
Node 53 48 3.60555
Pkt 56 400 0.14 1
Pkt 56 400 0.14 1
Node 32 72 28.4253
Pkt 105 750 0.14 1
Pkt 105 750 0.14 1
Rate:280.556
==========
==========35
3 0 2 24000
Node 60 36 17.2047
Pkt 27 192 0.140625 1
Pkt 28 200 0.14 1
Node 51 42 8.06226
Pkt 56 400 0.14 1
Pkt 53 375 0.141333 1
Node 31 56 19.9249
Pkt 112 800 0.14 1
Pkt 105 750 0.14 1
Rate:280.653
==========
==========36
3 0 2 24000
Node 46 52 4.47214
Pkt 34 240 0.141667 1
Pkt 27 192 0.140625 1
Node 36 59 16.6433
Pkt 45 320 0.140625 1
Pkt 56 400 0.14 1
Node 40 39 14.8661
Pkt 105 750 0.14 1
Pkt 105 750 0.14 1
Rate:280.972
==========
==========37
3 0 2 24000
Node 66 25 29.6816
Pkt 17 120 0.141667 1
Pkt 23 160 0.14375 1
Node 52 50 2
Pkt 53 375 0.141333 1
Pkt 42 300 0.14 1
Node 56 53 6.7082
Pkt 112 800 0.14 1
Pkt 112 800 0.14 1
Rate:282.25
==========
==========38
3 0 2 24000
Node 34 45 16.7631
Pkt 18 125 0.144 1
Pkt 14 100 0.14 1
Node 70 31 27.5862
Pkt 56 400 0.14 1
Pkt 56 400 0.14 1
Node 29 62 24.1868
Pkt 105 750 0.14 1
Pkt 105 750 0.14 1
Rate:281.333
==========
==========39
3 0 2 24000
Node 38 71 24.1868
Pkt 28 200 0.14 1
Pkt 27 192 0.140625 1
Node 29 60 23.2594
Pkt 68 480 0.141667 1
Pkt 53 375 0.141333 1
Node 27 66 28.0179
Pkt 105 750 0.14 1
Pkt 112 800 0.14 1
Rate:281.208
==========
==========40
3 0 2 24000
Node 61 48 11.1803
Pkt 14 100 0.14 1
Pkt 27 192 0.140625 1
Node 34 30 25.6125
Pkt 68 480 0.141667 1
Pkt 42 300 0.14 1
Node 28 35 26.6271
Pkt 112 800 0.14 1
Pkt 112 800 0.14 1
Rate:280.764
==========
==========41
3 0 2 24000
Node 47 30 20.2237
Pkt 34 240 0.141667 1
Pkt 18 125 0.144 1
Node 38 71 24.1868
Pkt 56 400 0.14 1
Pkt 56 400 0.14 1
Node 31 53 19.2354
Pkt 105 750 0.14 1
Pkt 112 800 0.14 1
Rate:281.889
==========
==========42
3 0 2 24000
Node 50 38 12
Pkt 27 192 0.140625 1
Pkt 23 160 0.14375 1
Node 71 56 21.8403
Pkt 53 375 0.141333 1
Pkt 68 480 0.141667 1
Node 47 44 6.7082
Pkt 112 800 0.14 1
Pkt 112 800 0.14 1
Rate:282.458
==========
==========43
3 0 2 24000
Node 45 57 8.60233
Pkt 21 150 0.14 1
Pkt 14 100 0.14 1
Node 36 66 21.2603
Pkt 68 480 0.141667 1
Pkt 68 480 0.141667 1
Node 69 61 21.9545
Pkt 105 750 0.14 1
Pkt 112 800 0.14 1
Rate:281.111
==========
==========44
3 0 2 24000
Node 28 31 29.0689
Pkt 14 100 0.14 1
Pkt 17 120 0.141667 1
Node 26 51 24.0208
Pkt 68 480 0.141667 1
Pkt 45 320 0.140625 1
Node 66 52 16.1245
Pkt 105 750 0.14 1
Pkt 112 800 0.14 1
Rate:281.319
==========
==========45
3 0 2 24000
Node 34 34 22.6274
Pkt 17 120 0.141667 1
Pkt 28 200 0.14 1
Node 37 49 13.0384
Pkt 56 400 0.14 1
Pkt 56 400 0.14 1
Node 66 64 21.2603
Pkt 105 750 0.14 1
Pkt 112 800 0.14 1
Rate:280.556
==========
==========46
3 0 2 24000
Node 25 25 35.3553
Pkt 17 120 0.141667 1
Pkt 27 192 0.140625 1
Node 39 57 13.0384
Pkt 68 480 0.141667 1
Pkt 68 480 0.141667 1
Node 40 33 19.7231
Pkt 105 750 0.14 1
Pkt 112 800 0.14 1
Rate:281.875
==========
==========47
3 0 2 24000
Node 74 28 32.5576
Pkt 23 160 0.14375 1
Pkt 21 150 0.14 1
Node 64 39 17.8045
Pkt 56 400 0.14 1
Pkt 45 320 0.140625 1
Node 29 58 22.4722
Pkt 105 750 0.14 1
Pkt 112 800 0.14 1
Rate:281.458
==========
==========48
3 0 2 24000
Node 35 57 16.5529
Pkt 14 100 0.14 1
Pkt 18 125 0.144 1
Node 32 38 21.6333
Pkt 42 300 0.14 1
Pkt 68 480 0.141667 1
Node 50 60 10
Pkt 105 750 0.14 1
Pkt 105 750 0.14 1
Rate:281.889
==========
==========49
3 0 2 24000
Node 51 65 15.0333
Pkt 17 120 0.141667 1
Pkt 17 120 0.141667 1
Node 42 28 23.4094
Pkt 53 375 0.141333 1
Pkt 68 480 0.141667 1
Node 41 51 9.05539
Pkt 105 750 0.14 1
Pkt 105 750 0.14 1
Rate:282.111
==========
==========50
3 0 2 24000
Node 39 74 26.4008
Pkt 34 240 0.141667 1
Pkt 21 150 0.14 1
Node 30 61 22.8254
Pkt 42 300 0.14 1
Pkt 68 480 0.141667 1
Node 36 38 18.4391
Pkt 105 750 0.14 1
Pkt 112 800 0.14 1
Rate:281.111
==========
==========51
3 0 2 24000
Node 59 71 22.8473
Pkt 18 125 0.144 1
Pkt 17 120 0.141667 1
Node 66 42 17.8885
Pkt 68 480 0.141667 1
Pkt 56 400 0.14 1
Node 37 32 22.2036
Pkt 105 750 0.14 1
Pkt 105 750 0.14 1
Rate:282.444
==========
==========52
3 0 2 24000
Node 66 28 27.2029
Pkt 17 120 0.141667 1
Pkt 14 100 0.14 1
Node 73 41 24.6982
Pkt 56 400 0.14 1
Pkt 68 480 0.141667 1
Node 26 57 25
Pkt 105 750 0.14 1
Pkt 112 800 0.14 1
Rate:281.111
==========
==========53
3 0 2 24000
Node 38 60 15.6205
Pkt 14 100 0.14 1
Pkt 23 160 0.14375 1
Node 50 59 9
Pkt 45 320 0.140625 1
Pkt 56 400 0.14 1
Node 51 27 23.0217
Pkt 112 800 0.14 1
Pkt 105 750 0.14 1
Rate:281.458
==========
==========54
3 0 2 24000
Node 73 48 23.0868
Pkt 21 150 0.14 1
Pkt 27 192 0.140625 1
Node 61 48 11.1803
Pkt 56 400 0.14 1
Pkt 56 400 0.14 1
Node 35 45 15.8114
Pkt 105 750 0.14 1
Pkt 112 800 0.14 1
Rate:280.208
==========
==========55
3 0 2 24000
Node 32 44 18.9737
Pkt 34 240 0.141667 1
Pkt 28 200 0.14 1
Node 52 49 2.23607
Pkt 45 320 0.140625 1
Pkt 68 480 0.141667 1
Node 71 74 31.8904
Pkt 112 800 0.14 1
Pkt 112 800 0.14 1
Rate:281.319
==========
==========56
3 0 2 24000
Node 61 38 16.2788
Pkt 17 120 0.141667 1
Pkt 18 125 0.144 1
Node 42 70 21.5407
Pkt 56 400 0.14 1
Pkt 42 300 0.14 1
Node 60 25 26.9258
Pkt 105 750 0.14 1
Pkt 112 800 0.14 1
Rate:281.889
==========
==========57
3 0 2 24000
Node 64 47 14.3178
Pkt 14 100 0.14 1
Pkt 23 160 0.14375 1
Node 28 36 26.0768
Pkt 45 320 0.140625 1
Pkt 45 320 0.140625 1
Node 50 57 7
Pkt 112 800 0.14 1
Pkt 105 750 0.14 1
Rate:281.667
==========
==========58
3 0 2 24000
Node 69 71 28.3196
Pkt 28 200 0.14 1
Pkt 34 240 0.141667 1
Node 52 58 8.24621
Pkt 42 300 0.14 1
Pkt 53 375 0.141333 1
Node 37 68 22.2036
Pkt 112 800 0.14 1
Pkt 105 750 0.14 1
Rate:281
==========
==========59
3 0 2 24000
Node 60 65 18.0278
Pkt 35 250 0.14 1
Pkt 34 240 0.141667 1
Node 29 54 21.3776
Pkt 56 400 0.14 1
Pkt 42 300 0.14 1
Node 74 27 33.2415
Pkt 112 800 0.14 1
Pkt 112 800 0.14 1
Rate:280.556
==========
==========60
3 0 2 24000
Node 31 65 24.2074
Pkt 27 192 0.140625 1
Pkt 18 125 0.144 1
Node 66 35 21.9317
Pkt 42 300 0.14 1
Pkt 68 480 0.141667 1
Node 67 63 21.4009
Pkt 105 750 0.14 1
Pkt 105 750 0.14 1
Rate:282.097
==========
==========61
3 0 2 24000
Node 62 59 15
Pkt 28 200 0.14 1
Pkt 23 160 0.14375 1
Node 55 68 18.6815
Pkt 56 400 0.14 1
Pkt 42 300 0.14 1
Node 43 46 8.06226
Pkt 105 750 0.14 1
Pkt 105 750 0.14 1
Rate:281.25
==========
==========62
3 0 2 24000
Node 71 52 21.095
Pkt 23 160 0.14375 1
Pkt 35 250 0.14 1
Node 51 28 22.0227
Pkt 53 375 0.141333 1
Pkt 53 375 0.141333 1
Node 71 57 22.1359
Pkt 105 750 0.14 1
Pkt 112 800 0.14 1
Rate:282.139
==========
==========63
3 0 2 24000
Node 60 74 26
Pkt 14 100 0.14 1
Pkt 28 200 0.14 1
Node 60 65 18.0278
Pkt 42 300 0.14 1
Pkt 45 320 0.140625 1
Node 29 39 23.7065
Pkt 112 800 0.14 1
Pkt 105 750 0.14 1
Rate:280.208
==========
==========64
3 0 2 24000
Node 58 39 13.6015
Pkt 14 100 0.14 1
Pkt 28 200 0.14 1
Node 68 33 24.7588
Pkt 45 320 0.140625 1
Pkt 68 480 0.141667 1
Node 53 32 18.2483
Pkt 112 800 0.14 1
Pkt 105 750 0.14 1
Rate:280.764
==========
==========65
3 0 2 24000
Node 69 29 28.3196
Pkt 17 120 0.141667 1
Pkt 27 192 0.140625 1
Node 64 57 15.6525
Pkt 45 320 0.140625 1
Pkt 45 320 0.140625 1
Node 37 65 19.8494
Pkt 112 800 0.14 1
Pkt 105 750 0.14 1
Rate:281.181
==========
==========66
3 0 2 24000
Node 34 58 17.8885
Pkt 34 240 0.141667 1
Pkt 18 125 0.144 1
Node 39 40 14.8661
Pkt 42 300 0.14 1
Pkt 45 320 0.140625 1
Node 61 43 13.0384
Pkt 112 800 0.14 1
Pkt 105 750 0.14 1
Rate:282.097
==========
==========67
3 0 2 24000
Node 26 26 33.9411
Pkt 34 240 0.141667 1
Pkt 28 200 0.14 1
Node 52 58 8.24621
Pkt 42 300 0.14 1
Pkt 56 400 0.14 1
Node 37 68 22.2036
Pkt 105 750 0.14 1
Pkt 105 750 0.14 1
Rate:280.556
==========
==========68
3 0 2 24000
Node 71 48 21.095
Pkt 34 240 0.141667 1
Pkt 27 192 0.140625 1
Node 60 52 10.198
Pkt 42 300 0.14 1
Pkt 45 320 0.140625 1
Node 52 56 6.32456
Pkt 112 800 0.14 1
Pkt 112 800 0.14 1
Rate:280.972
==========
==========69
3 0 2 24000
Node 66 72 27.2029
Pkt 14 100 0.14 1
Pkt 34 240 0.141667 1
Node 59 66 18.3576
Pkt 56 400 0.14 1
Pkt 45 320 0.140625 1
Node 66 47 16.2788
Pkt 112 800 0.14 1
Pkt 105 750 0.14 1
Rate:280.764
==========
==========70
3 0 2 24000
Node 73 64 26.9258
Pkt 21 150 0.14 1
Pkt 34 240 0.141667 1
Node 51 71 21.0238
Pkt 45 320 0.140625 1
Pkt 53 375 0.141333 1
Node 69 37 23.0217
Pkt 112 800 0.14 1
Pkt 112 800 0.14 1
Rate:281.208
==========
==========71
3 0 2 24000
Node 74 64 27.7849
Pkt 35 250 0.14 1
Pkt 17 120 0.141667 1
Node 53 56 6.7082
Pkt 42 300 0.14 1
Pkt 42 300 0.14 1
Node 48 26 24.0832
Pkt 112 800 0.14 1
Pkt 112 800 0.14 1
Rate:280.556
==========
==========72
3 0 2 24000
Node 70 56 20.8806
Pkt 35 250 0.14 1
Pkt 17 120 0.141667 1
Node 27 36 26.9258
Pkt 42 300 0.14 1
Pkt 45 320 0.140625 1
Node 69 37 23.0217
Pkt 112 800 0.14 1
Pkt 105 750 0.14 1
Rate:280.764
==========
==========73
3 0 2 24000
Node 27 73 32.5269
Pkt 23 160 0.14375 1
Pkt 14 100 0.14 1
Node 38 74 26.8328
Pkt 53 375 0.141333 1
Pkt 53 375 0.141333 1
Node 63 28 25.5539
Pkt 112 800 0.14 1
Pkt 105 750 0.14 1
Rate:282.139
==========
==========74
3 0 2 24000
Node 55 27 23.5372
Pkt 21 150 0.14 1
Pkt 17 120 0.141667 1
Node 42 26 25.2982
Pkt 42 300 0.14 1
Pkt 45 320 0.140625 1
Node 31 54 19.4165
Pkt 112 800 0.14 1
Pkt 105 750 0.14 1
Rate:280.764
==========
==========75
3 0 2 24000
Node 29 36 25.2389
Pkt 35 250 0.14 1
Pkt 34 240 0.141667 1
Node 41 58 12.0416
Pkt 68 480 0.141667 1
Pkt 45 320 0.140625 1
Node 58 29 22.4722
Pkt 112 800 0.14 1
Pkt 105 750 0.14 1
Rate:281.319
==========
==========76
3 0 2 24000
Node 57 26 25
Pkt 35 250 0.14 1
Pkt 35 250 0.14 1
Node 40 58 12.8062
Pkt 45 320 0.140625 1
Pkt 45 320 0.140625 1
Node 61 49 11.0454
Pkt 105 750 0.14 1
Pkt 112 800 0.14 1
Rate:280.417
==========
==========77
3 0 2 24000
Node 41 68 20.1246
Pkt 21 150 0.14 1
Pkt 28 200 0.14 1
Node 57 30 21.1896
Pkt 45 320 0.140625 1
Pkt 42 300 0.14 1
Node 30 65 25
Pkt 105 750 0.14 1
Pkt 105 750 0.14 1
Rate:280.208
==========
==========78
3 0 2 24000
Node 62 25 27.7308
Pkt 27 192 0.140625 1
Pkt 17 120 0.141667 1
Node 44 49 6.08276
Pkt 56 400 0.14 1
Pkt 56 400 0.14 1
Node 52 49 2.23607
Pkt 112 800 0.14 1
Pkt 112 800 0.14 1
Rate:280.764
==========
==========79
3 0 2 24000
Node 61 53 11.4018
Pkt 17 120 0.141667 1
Pkt 21 150 0.14 1
Node 56 45 7.81025
Pkt 68 480 0.141667 1
Pkt 68 480 0.141667 1
Node 58 74 25.2982
Pkt 112 800 0.14 1
Pkt 112 800 0.14 1
Rate:281.667
==========
==========80
3 0 2 24000
Node 54 43 8.06226
Pkt 35 250 0.14 1
Pkt 34 240 0.141667 1
Node 30 35 25
Pkt 42 300 0.14 1
Pkt 53 375 0.141333 1
Node 32 28 28.4253
Pkt 112 800 0.14 1
Pkt 105 750 0.14 1
Rate:281
==========
==========81
3 0 2 24000
Node 51 55 5.09902
Pkt 28 200 0.14 1
Pkt 14 100 0.14 1
Node 70 42 21.5407
Pkt 56 400 0.14 1
Pkt 56 400 0.14 1
Node 59 66 18.3576
Pkt 112 800 0.14 1
Pkt 112 800 0.14 1
Rate:280
==========
==========82
3 0 2 24000
Node 62 60 15.6205
Pkt 17 120 0.141667 1
Pkt 14 100 0.14 1
Node 43 25 25.9615
Pkt 42 300 0.14 1
Pkt 56 400 0.14 1
Node 34 72 27.2029
Pkt 105 750 0.14 1
Pkt 105 750 0.14 1
Rate:280.556
==========
==========83
3 0 2 24000
Node 39 61 15.5563
Pkt 27 192 0.140625 1
Pkt 18 125 0.144 1
Node 34 58 17.8885
Pkt 45 320 0.140625 1
Pkt 68 480 0.141667 1
Node 52 56 6.32456
Pkt 112 800 0.14 1
Pkt 105 750 0.14 1
Rate:282.306
==========
==========84
3 0 2 24000
Node 71 60 23.2594
Pkt 18 125 0.144 1
Pkt 21 150 0.14 1
Node 72 50 22
Pkt 42 300 0.14 1
Pkt 45 320 0.140625 1
Node 32 58 19.6977
Pkt 112 800 0.14 1
Pkt 112 800 0.14 1
Rate:281.542
==========
==========85
3 0 2 24000
Node 33 25 30.2324
Pkt 27 192 0.140625 1
Pkt 28 200 0.14 1
Node 66 67 23.3452
Pkt 53 375 0.141333 1
Pkt 56 400 0.14 1
Node 54 55 6.40312
Pkt 112 800 0.14 1
Pkt 105 750 0.14 1
Rate:280.653
==========
==========86
3 0 2 24000
Node 30 54 20.3961
Pkt 18 125 0.144 1
Pkt 18 125 0.144 1
Node 68 56 18.9737
Pkt 45 320 0.140625 1
Pkt 68 480 0.141667 1
Node 28 25 33.3017
Pkt 112 800 0.14 1
Pkt 112 800 0.14 1
Rate:283.431
==========
==========87
3 0 2 24000
Node 56 62 13.4164
Pkt 35 250 0.14 1
Pkt 27 192 0.140625 1
Node 43 65 16.5529
Pkt 68 480 0.141667 1
Pkt 68 480 0.141667 1
Node 51 30 20.025
Pkt 105 750 0.14 1
Pkt 105 750 0.14 1
Rate:281.319
==========
==========88
3 0 2 24000
Node 71 25 32.6497
Pkt 34 240 0.141667 1
Pkt 14 100 0.14 1
Node 31 65 24.2074
Pkt 68 480 0.141667 1
Pkt 45 320 0.140625 1
Node 66 30 25.6125
Pkt 112 800 0.14 1
Pkt 112 800 0.14 1
Rate:281.319
==========
==========89
3 0 2 24000
Node 73 27 32.5269
Pkt 14 100 0.14 1
Pkt 28 200 0.14 1
Node 44 29 21.8403
Pkt 45 320 0.140625 1
Pkt 56 400 0.14 1
Node 30 45 20.6155
Pkt 105 750 0.14 1
Pkt 105 750 0.14 1
Rate:280.208
==========
==========90
3 0 2 24000
Node 49 56 6.08276
Pkt 17 120 0.141667 1
Pkt 21 150 0.14 1
Node 30 59 21.9317
Pkt 68 480 0.141667 1
Pkt 53 375 0.141333 1
Node 35 30 25
Pkt 105 750 0.14 1
Pkt 112 800 0.14 1
Rate:281.556
==========
==========91
3 0 2 24000
Node 39 31 21.9545
Pkt 34 240 0.141667 1
Pkt 17 120 0.141667 1
Node 37 35 19.8494
Pkt 45 320 0.140625 1
Pkt 68 480 0.141667 1
Node 44 56 8.48528
Pkt 112 800 0.14 1
Pkt 112 800 0.14 1
Rate:281.875
==========
==========92
3 0 2 24000
Node 40 68 20.5913
Pkt 23 160 0.14375 1
Pkt 14 100 0.14 1
Node 58 45 9.43398
Pkt 42 300 0.14 1
Pkt 53 375 0.141333 1
Node 73 61 25.4951
Pkt 105 750 0.14 1
Pkt 112 800 0.14 1
Rate:281.694
==========
==========93
3 0 2 24000
Node 53 74 24.1868
Pkt 18 125 0.144 1
Pkt 18 125 0.144 1
Node 68 54 18.4391
Pkt 53 375 0.141333 1
Pkt 45 320 0.140625 1
Node 33 46 17.4642
Pkt 105 750 0.14 1
Pkt 105 750 0.14 1
Rate:283.319
==========
==========94
3 0 2 24000
Node 55 70 20.6155
Pkt 23 160 0.14375 1
Pkt 28 200 0.14 1
Node 38 32 21.6333
Pkt 45 320 0.140625 1
Pkt 56 400 0.14 1
Node 25 28 33.3017
Pkt 105 750 0.14 1
Pkt 112 800 0.14 1
Rate:281.458
==========
==========95
3 0 2 24000
Node 72 71 30.4138
Pkt 23 160 0.14375 1
Pkt 35 250 0.14 1
Node 60 33 19.7231
Pkt 42 300 0.14 1
Pkt 56 400 0.14 1
Node 44 61 12.53
Pkt 112 800 0.14 1
Pkt 112 800 0.14 1
Rate:281.25
==========
==========96
3 0 2 24000
Node 54 63 13.6015
Pkt 28 200 0.14 1
Pkt 34 240 0.141667 1
Node 59 64 16.6433
Pkt 56 400 0.14 1
Pkt 42 300 0.14 1
Node 73 40 25.0799
Pkt 105 750 0.14 1
Pkt 112 800 0.14 1
Rate:280.556
==========
==========97
3 0 2 24000
Node 69 52 19.105
Pkt 18 125 0.144 1
Pkt 21 150 0.14 1
Node 73 71 31.1448
Pkt 45 320 0.140625 1
Pkt 42 300 0.14 1
Node 62 74 26.8328
Pkt 105 750 0.14 1
Pkt 112 800 0.14 1
Rate:281.542
==========
==========98
3 0 2 24000
Node 36 25 28.6531
Pkt 27 192 0.140625 1
Pkt 18 125 0.144 1
Node 72 27 31.8277
Pkt 68 480 0.141667 1
Pkt 68 480 0.141667 1
Node 64 30 24.4131
Pkt 112 800 0.14 1
Pkt 105 750 0.14 1
Rate:282.653
==========
==========99
