3 0 2 24000
Node 61 70 22.8254
Pkt 46 120 0.383333 1
Pkt 46 120 0.383333 1
Node 30 46 20.3961
Pkt 183 480 0.38125 1
Pkt 143 375 0.381333 1
Node 62 29 24.1868
Pkt 304 800 0.38 1
Pkt 285 750 0.38 1
Rate:763.083
==========
==========0
3 0 2 24000
Node 71 25 32.6497
Pkt 73 192 0.380208 1
Pkt 95 250 0.38 1
Node 50 37 13
Pkt 143 375 0.381333 1
Pkt 122 320 0.38125 1
Node 42 39 13.6015
Pkt 285 750 0.38 1
Pkt 285 750 0.38 1
Rate:760.931
==========
==========1
3 0 2 24000
Node 54 70 20.3961
Pkt 92 240 0.383333 1
Pkt 48 125 0.384 1
Node 45 32 18.6815
Pkt 122 320 0.38125 1
Pkt 152 400 0.38 1
Node 56 31 19.9249
Pkt 304 800 0.38 1
Pkt 285 750 0.38 1
Rate:762.861
==========
==========2
3 0 2 24000
Node 41 62 15
Pkt 61 160 0.38125 1
Pkt 95 250 0.38 1
Node 58 64 16.1245
Pkt 152 400 0.38 1
Pkt 152 400 0.38 1
Node 33 52 17.1172
Pkt 304 800 0.38 1
Pkt 285 750 0.38 1
Rate:760.417
==========
==========3
3 0 2 24000
Node 28 62 25.0599
Pkt 92 240 0.383333 1
Pkt 92 240 0.383333 1
Node 64 46 14.5602
Pkt 152 400 0.38 1
Pkt 143 375 0.381333 1
Node 35 26 28.3019
Pkt 285 750 0.38 1
Pkt 285 750 0.38 1
Rate:762.667
==========
==========4
3 0 2 24000
Node 28 27 31.8277
Pkt 73 192 0.380208 1
Pkt 57 150 0.38 1
Node 73 72 31.8277
Pkt 122 320 0.38125 1
Pkt 183 480 0.38125 1
Node 60 39 14.8661
Pkt 304 800 0.38 1
Pkt 285 750 0.38 1
Rate:760.903
==========
==========5
3 0 2 24000
Node 26 69 30.6105
Pkt 48 125 0.384 1
Pkt 95 250 0.38 1
Node 63 26 27.2947
Pkt 122 320 0.38125 1
Pkt 183 480 0.38125 1
Node 33 33 24.0416
Pkt 304 800 0.38 1
Pkt 304 800 0.38 1
Rate:762.167
==========
==========6
3 0 2 24000
Node 57 36 15.6525
Pkt 46 120 0.383333 1
Pkt 57 150 0.38 1
Node 52 56 6.32456
Pkt 122 320 0.38125 1
Pkt 114 300 0.38 1
Node 34 60 18.868
Pkt 285 750 0.38 1
Pkt 304 800 0.38 1
Rate:761.528
==========
==========7
3 0 2 24000
Node 69 60 21.4709
Pkt 38 100 0.38 1
Pkt 61 160 0.38125 1
Node 61 40 14.8661
Pkt 183 480 0.38125 1
Pkt 183 480 0.38125 1
Node 31 64 23.6008
Pkt 285 750 0.38 1
Pkt 304 800 0.38 1
Rate:761.25
==========
==========8
3 0 2 24000
Node 27 62 25.9422
Pkt 73 192 0.380208 1
Pkt 61 160 0.38125 1
Node 45 59 10.2956
Pkt 143 375 0.381333 1
Pkt 183 480 0.38125 1
Node 40 49 10.0499
Pkt 304 800 0.38 1
Pkt 285 750 0.38 1
Rate:761.347
==========
==========9
3 0 2 24000
Node 47 32 18.2483
Pkt 46 120 0.383333 1
Pkt 48 125 0.384 1
Node 68 72 28.4253
Pkt 183 480 0.38125 1
Pkt 183 480 0.38125 1
Node 60 25 26.9258
Pkt 285 750 0.38 1
Pkt 304 800 0.38 1
Rate:763.278
==========
==========10
3 0 2 24000
Node 69 66 24.8395
Pkt 57 150 0.38 1
Pkt 46 120 0.383333 1
Node 72 50 22
Pkt 183 480 0.38125 1
Pkt 143 375 0.381333 1
Node 61 30 22.8254
Pkt 285 750 0.38 1
Pkt 285 750 0.38 1
Rate:761.972
==========
==========11
3 0 2 24000
Node 47 67 17.2627
Pkt 48 125 0.384 1
Pkt 38 100 0.38 1
Node 48 54 4.47214
Pkt 152 400 0.38 1
Pkt 143 375 0.381333 1
Node 70 30 28.2843
Pkt 285 750 0.38 1
Pkt 304 800 0.38 1
Rate:761.778
==========
==========12
3 0 2 24000
Node 49 57 7.07107
Pkt 57 150 0.38 1
Pkt 92 240 0.383333 1
Node 48 46 4.47214
Pkt 143 375 0.381333 1
Pkt 183 480 0.38125 1
Node 58 26 25.2982
Pkt 285 750 0.38 1
Pkt 285 750 0.38 1
Rate:761.972
==========
==========13
3 0 2 24000
Node 60 45 11.1803
Pkt 92 240 0.383333 1
Pkt 73 192 0.380208 1
Node 68 38 21.6333
Pkt 114 300 0.38 1
Pkt 183 480 0.38125 1
Node 44 30 20.8806
Pkt 285 750 0.38 1
Pkt 304 800 0.38 1
Rate:761.597
==========
==========14
3 0 2 24000
Node 52 52 2.82843
Pkt 57 150 0.38 1
Pkt 38 100 0.38 1
Node 39 50 11
Pkt 114 300 0.38 1
Pkt 122 320 0.38125 1
Node 41 29 22.8473
Pkt 285 750 0.38 1
Pkt 285 750 0.38 1
Rate:760.417
==========
==========15
3 0 2 24000
Node 73 43 24.0416
Pkt 95 250 0.38 1
Pkt 73 192 0.380208 1
Node 69 45 19.6469
Pkt 114 300 0.38 1
Pkt 114 300 0.38 1
Node 26 53 24.1868
Pkt 285 750 0.38 1
Pkt 304 800 0.38 1
Rate:760.069
==========
==========16
3 0 2 24000
Node 52 29 21.095
Pkt 48 125 0.384 1
Pkt 95 250 0.38 1
Node 47 30 20.2237
Pkt 143 375 0.381333 1
Pkt 183 480 0.38125 1
Node 33 71 27.0185
Pkt 304 800 0.38 1
Pkt 285 750 0.38 1
Rate:762.194
==========
==========17
3 0 2 24000
Node 41 49 9.05539
Pkt 48 125 0.384 1
Pkt 57 150 0.38 1
Node 52 72 22.0907
Pkt 143 375 0.381333 1
Pkt 122 320 0.38125 1
Node 31 48 19.105
Pkt 285 750 0.38 1
Pkt 304 800 0.38 1
Rate:762.194
==========
==========18
3 0 2 24000
Node 47 42 8.544
Pkt 73 192 0.380208 1
Pkt 61 160 0.38125 1
Node 31 34 24.8395
Pkt 152 400 0.38 1
Pkt 143 375 0.381333 1
Node 42 65 17
Pkt 285 750 0.38 1
Pkt 304 800 0.38 1
Rate:760.931
==========
==========19
3 0 2 24000
Node 53 64 14.3178
Pkt 61 160 0.38125 1
Pkt 38 100 0.38 1
Node 29 34 26.4008
Pkt 114 300 0.38 1
Pkt 183 480 0.38125 1
Node 57 67 18.3848
Pkt 304 800 0.38 1
Pkt 304 800 0.38 1
Rate:760.833
==========
==========20
3 0 2 24000
Node 55 62 13
Pkt 38 100 0.38 1
Pkt 46 120 0.383333 1
Node 40 34 18.868
Pkt 143 375 0.381333 1
Pkt 152 400 0.38 1
Node 34 70 25.6125
Pkt 304 800 0.38 1
Pkt 304 800 0.38 1
Rate:761.556
==========
==========21
3 0 2 24000
Node 54 47 5
Pkt 38 100 0.38 1
Pkt 46 120 0.383333 1
Node 46 57 8.06226
Pkt 122 320 0.38125 1
Pkt 122 320 0.38125 1
Node 34 56 17.088
Pkt 304 800 0.38 1
Pkt 304 800 0.38 1
Rate:761.944
==========
==========22
3 0 2 24000
Node 61 27 25.4951
Pkt 61 160 0.38125 1
Pkt 38 100 0.38 1
Node 32 47 18.2483
Pkt 143 375 0.381333 1
Pkt 114 300 0.38 1
Node 51 55 5.09902
Pkt 304 800 0.38 1
Pkt 285 750 0.38 1
Rate:760.861
==========
==========23
3 0 2 24000
Node 64 31 23.6008
Pkt 38 100 0.38 1
Pkt 57 150 0.38 1
Node 29 64 25.2389
Pkt 183 480 0.38125 1
Pkt 122 320 0.38125 1
Node 42 66 17.8885
Pkt 304 800 0.38 1
Pkt 304 800 0.38 1
Rate:760.833
==========
==========24
3 0 2 24000
Node 28 63 25.5539
Pkt 57 150 0.38 1
Pkt 95 250 0.38 1
Node 65 68 23.4307
Pkt 152 400 0.38 1
Pkt 143 375 0.381333 1
Node 45 60 11.1803
Pkt 304 800 0.38 1
Pkt 304 800 0.38 1
Rate:760.444
==========
==========25
3 0 2 24000
Node 67 32 24.7588
Pkt 76 200 0.38 1
Pkt 76 200 0.38 1
Node 64 34 21.2603
Pkt 152 400 0.38 1
Pkt 114 300 0.38 1
Node 33 69 25.4951
Pkt 304 800 0.38 1
Pkt 304 800 0.38 1
Rate:760
==========
==========26
3 0 2 24000
Node 33 55 17.72
Pkt 76 200 0.38 1
Pkt 95 250 0.38 1
Node 36 71 25.2389
Pkt 114 300 0.38 1
Pkt 143 375 0.381333 1
Node 38 61 16.2788
Pkt 285 750 0.38 1
Pkt 304 800 0.38 1
Rate:760.444
==========
==========27
3 0 2 24000
Node 27 46 23.3452
Pkt 73 192 0.380208 1
Pkt 38 100 0.38 1
Node 46 29 21.3776
Pkt 122 320 0.38125 1
Pkt 122 320 0.38125 1
Node 65 27 27.4591
Pkt 285 750 0.38 1
Pkt 285 750 0.38 1
Rate:760.903
==========
==========28
3 0 2 24000
Node 73 72 31.8277
Pkt 76 200 0.38 1
Pkt 46 120 0.383333 1
Node 69 54 19.4165
Pkt 183 480 0.38125 1
Pkt 183 480 0.38125 1
Node 65 41 17.4929
Pkt 285 750 0.38 1
Pkt 304 800 0.38 1
Rate:761.944
==========
==========29
3 0 2 24000
Node 50 33 17
Pkt 73 192 0.380208 1
Pkt 61 160 0.38125 1
Node 55 70 20.6155
Pkt 152 400 0.38 1
Pkt 143 375 0.381333 1
Node 59 59 12.7279
Pkt 285 750 0.38 1
Pkt 304 800 0.38 1
Rate:760.931
==========
==========30
3 0 2 24000
Node 52 39 11.1803
Pkt 48 125 0.384 1
Pkt 48 125 0.384 1
Node 69 59 21.0238
Pkt 143 375 0.381333 1
Pkt 152 400 0.38 1
Node 71 28 30.4138
Pkt 285 750 0.38 1
Pkt 285 750 0.38 1
Rate:763.111
==========
==========31
3 0 2 24000
Node 37 58 15.2643
Pkt 76 200 0.38 1
Pkt 38 100 0.38 1
Node 60 56 11.6619
Pkt 143 375 0.381333 1
Pkt 114 300 0.38 1
Node 60 30 22.3607
Pkt 304 800 0.38 1
Pkt 285 750 0.38 1
Rate:760.444
==========
==========32
3 0 2 24000
Node 49 56 6.08276
Pkt 61 160 0.38125 1
Pkt 73 192 0.380208 1
Node 74 56 24.7386
Pkt 122 320 0.38125 1
Pkt 114 300 0.38 1
Node 29 55 21.587
Pkt 304 800 0.38 1
Pkt 285 750 0.38 1
Rate:760.903
==========
==========33
3 0 2 24000
Node 38 69 22.4722
Pkt 95 250 0.38 1
Pkt 95 250 0.38 1
Node 64 43 15.6525
Pkt 143 375 0.381333 1
Pkt 114 300 0.38 1
Node 29 35 25.807
Pkt 285 750 0.38 1
Pkt 285 750 0.38 1
Rate:760.444
==========
==========34
3 0 2 24000
Node 28 43 23.0868
Pkt 95 250 0.38 1
Pkt 76 200 0.38 1
Node 70 27 30.4795
Pkt 114 300 0.38 1
Pkt 152 400 0.38 1
Node 74 67 29.4109
Pkt 304 800 0.38 1
Pkt 285 750 0.38 1
Rate:760
==========
==========35
3 0 2 24000
Node 57 26 25
Pkt 38 100 0.38 1
Pkt 92 240 0.383333 1
Node 32 71 27.6586
Pkt 143 375 0.381333 1
Pkt 152 400 0.38 1
Node 74 33 29.4109
Pkt 304 800 0.38 1
Pkt 304 800 0.38 1
Rate:761.556
==========
==========36
3 0 2 24000
Node 52 33 17.1172
Pkt 57 150 0.38 1
Pkt 73 192 0.380208 1
Node 27 55 23.5372
Pkt 183 480 0.38125 1
Pkt 183 480 0.38125 1
Node 71 34 26.4008
Pkt 285 750 0.38 1
Pkt 285 750 0.38 1
Rate:760.903
==========
==========37
3 0 2 24000
Node 44 36 15.2315
Pkt 48 125 0.384 1
Pkt 95 250 0.38 1
Node 26 69 30.6105
Pkt 122 320 0.38125 1
Pkt 114 300 0.38 1
Node 71 53 21.2132
Pkt 285 750 0.38 1
Pkt 285 750 0.38 1
Rate:761.75
==========
==========38
3 0 2 24000
Node 55 61 12.083
Pkt 46 120 0.383333 1
Pkt 73 192 0.380208 1
Node 41 45 10.2956
Pkt 183 480 0.38125 1
Pkt 122 320 0.38125 1
Node 42 40 12.8062
Pkt 285 750 0.38 1
Pkt 285 750 0.38 1
Rate:762.014
==========
==========39
3 0 2 24000
Node 34 57 17.4642
Pkt 57 150 0.38 1
Pkt 95 250 0.38 1
Node 68 41 20.1246
Pkt 183 480 0.38125 1
Pkt 152 400 0.38 1
Node 56 46 7.2111
Pkt 304 800 0.38 1
Pkt 304 800 0.38 1
Rate:760.417
==========
==========40
3 0 2 24000
Node 61 38 16.2788
Pkt 38 100 0.38 1
Pkt 92 240 0.383333 1
Node 30 74 31.241
Pkt 122 320 0.38125 1
Pkt 114 300 0.38 1
Node 53 52 3.60555
Pkt 285 750 0.38 1
Pkt 285 750 0.38 1
Rate:761.528
==========
==========41
3 0 2 24000
Node 59 43 11.4018
Pkt 76 200 0.38 1
Pkt 57 150 0.38 1
Node 53 36 14.3178
Pkt 152 400 0.38 1
Pkt 152 400 0.38 1
Node 64 41 16.6433
Pkt 285 750 0.38 1
Pkt 285 750 0.38 1
Rate:760
==========
==========42
3 0 2 24000
Node 48 62 12.1655
Pkt 76 200 0.38 1
Pkt 38 100 0.38 1
Node 46 41 9.84886
Pkt 122 320 0.38125 1
Pkt 152 400 0.38 1
Node 68 34 24.0832
Pkt 304 800 0.38 1
Pkt 304 800 0.38 1
Rate:760.417
==========
==========43
3 0 2 24000
Node 27 56 23.7697
Pkt 76 200 0.38 1
Pkt 95 250 0.38 1
Node 42 64 16.1245
Pkt 152 400 0.38 1
Pkt 114 300 0.38 1
Node 58 27 24.3516
Pkt 304 800 0.38 1
Pkt 304 800 0.38 1
Rate:760
==========
==========44
3 0 2 24000
Node 73 62 25.9422
Pkt 73 192 0.380208 1
Pkt 95 250 0.38 1
Node 48 47 3.60555
Pkt 114 300 0.38 1
Pkt 183 480 0.38125 1
Node 52 42 8.24621
Pkt 285 750 0.38 1
Pkt 304 800 0.38 1
Rate:760.486
==========
==========45
3 0 2 24000
Node 36 72 26.0768
Pkt 76 200 0.38 1
Pkt 76 200 0.38 1
Node 29 40 23.2594
Pkt 143 375 0.381333 1
Pkt 152 400 0.38 1
Node 64 32 22.8035
Pkt 285 750 0.38 1
Pkt 304 800 0.38 1
Rate:760.444
==========
==========46
3 0 2 24000
Node 31 51 19.0263
Pkt 61 160 0.38125 1
Pkt 38 100 0.38 1
Node 29 66 26.4008
Pkt 122 320 0.38125 1
Pkt 183 480 0.38125 1
Node 42 61 13.6015
Pkt 304 800 0.38 1
Pkt 304 800 0.38 1
Rate:761.25
==========
==========47
3 0 2 24000
Node 61 70 22.8254
Pkt 48 125 0.384 1
Pkt 76 200 0.38 1
Node 31 74 30.6105
Pkt 122 320 0.38125 1
Pkt 114 300 0.38 1
Node 54 63 13.6015
Pkt 285 750 0.38 1
Pkt 285 750 0.38 1
Rate:761.75
==========
==========48
3 0 2 24000
Node 64 48 14.1421
Pkt 92 240 0.383333 1
Pkt 61 160 0.38125 1
Node 32 55 18.6815
Pkt 152 400 0.38 1
Pkt 122 320 0.38125 1
Node 43 67 18.3848
Pkt 304 800 0.38 1
Pkt 304 800 0.38 1
Rate:761.944
==========
==========49
3 0 2 24000
Node 28 37 25.5539
Pkt 73 192 0.380208 1
Pkt 95 250 0.38 1
Node 25 44 25.7099
Pkt 143 375 0.381333 1
Pkt 143 375 0.381333 1
Node 57 68 19.3132
Pkt 285 750 0.38 1
Pkt 285 750 0.38 1
Rate:760.958
==========
==========50
3 0 2 24000
Node 67 43 18.3848
Pkt 46 120 0.383333 1
Pkt 92 240 0.383333 1
Node 65 31 24.2074
Pkt 143 375 0.381333 1
Pkt 114 300 0.38 1
Node 26 57 25
Pkt 285 750 0.38 1
Pkt 285 750 0.38 1
Rate:762.667
==========
==========51
3 0 2 24000
Node 73 70 30.4795
Pkt 73 192 0.380208 1
Pkt 76 200 0.38 1
Node 55 32 18.6815
Pkt 143 375 0.381333 1
Pkt 122 320 0.38125 1
Node 36 63 19.105
Pkt 304 800 0.38 1
Pkt 304 800 0.38 1
Rate:760.931
==========
==========52
3 0 2 24000
Node 61 31 21.9545
Pkt 48 125 0.384 1
Pkt 92 240 0.383333 1
Node 72 56 22.8035
Pkt 122 320 0.38125 1
Pkt 143 375 0.381333 1
Node 35 43 16.5529
Pkt 304 800 0.38 1
Pkt 285 750 0.38 1
Rate:763.306
==========
==========53
3 0 2 24000
Node 31 60 21.4709
Pkt 38 100 0.38 1
Pkt 61 160 0.38125 1
Node 29 28 30.4138
Pkt 122 320 0.38125 1
Pkt 183 480 0.38125 1
Node 44 26 24.7386
Pkt 285 750 0.38 1
Pkt 285 750 0.38 1
Rate:761.25
==========
==========54
3 0 2 24000
Node 71 47 21.2132
Pkt 46 120 0.383333 1
Pkt 61 160 0.38125 1
Node 29 73 31.1448
Pkt 143 375 0.381333 1
Pkt 183 480 0.38125 1
Node 35 35 21.2132
Pkt 304 800 0.38 1
Pkt 304 800 0.38 1
Rate:762.389
==========
==========55
3 0 2 24000
Node 71 49 21.0238
Pkt 61 160 0.38125 1
Pkt 73 192 0.380208 1
Node 31 52 19.105
Pkt 143 375 0.381333 1
Pkt 152 400 0.38 1
Node 42 34 17.8885
Pkt 304 800 0.38 1
Pkt 304 800 0.38 1
Rate:760.931
==========
==========56
3 0 2 24000
Node 51 53 3.16228
Pkt 48 125 0.384 1
Pkt 46 120 0.383333 1
Node 36 54 14.5602
Pkt 152 400 0.38 1
Pkt 183 480 0.38125 1
Node 31 41 21.0238
Pkt 285 750 0.38 1
Pkt 304 800 0.38 1
Rate:762.861
==========
==========57
3 0 2 24000
Node 43 28 23.0868
Pkt 73 192 0.380208 1
Pkt 73 192 0.380208 1
Node 56 52 6.32456
Pkt 183 480 0.38125 1
Pkt 114 300 0.38 1
Node 61 71 23.7065
Pkt 304 800 0.38 1
Pkt 285 750 0.38 1
Rate:760.556
==========
==========58
3 0 2 24000
Node 37 36 19.105
Pkt 38 100 0.38 1
Pkt 76 200 0.38 1
Node 39 37 17.0294
Pkt 122 320 0.38125 1
Pkt 183 480 0.38125 1
Node 53 25 25.1794
Pkt 304 800 0.38 1
Pkt 304 800 0.38 1
Rate:760.833
==========
==========59
3 0 2 24000
Node 64 70 24.4131
Pkt 38 100 0.38 1
Pkt 48 125 0.384 1
Node 26 26 33.9411
Pkt 143 375 0.381333 1
Pkt 143 375 0.381333 1
Node 68 31 26.1725
Pkt 304 800 0.38 1
Pkt 285 750 0.38 1
Rate:762.222
==========
==========60
3 0 2 24000
Node 65 27 27.4591
Pkt 73 192 0.380208 1
Pkt 57 150 0.38 1
Node 60 38 15.6205
Pkt 122 320 0.38125 1
Pkt 114 300 0.38 1
Node 69 33 25.4951
Pkt 285 750 0.38 1
Pkt 304 800 0.38 1
Rate:760.486
==========
==========61
3 0 2 24000
Node 31 68 26.1725
Pkt 95 250 0.38 1
Pkt 95 250 0.38 1
Node 26 56 24.7386
Pkt 183 480 0.38125 1
Pkt 152 400 0.38 1
Node 50 54 4
Pkt 285 750 0.38 1
Pkt 285 750 0.38 1
Rate:760.417
==========
==========62
3 0 2 24000
Node 70 27 30.4795
Pkt 48 125 0.384 1
Pkt 73 192 0.380208 1
Node 49 58 8.06226
Pkt 152 400 0.38 1
Pkt 122 320 0.38125 1
Node 49 61 11.0454
Pkt 304 800 0.38 1
Pkt 285 750 0.38 1
Rate:761.819
==========
==========63
3 0 2 24000
Node 58 29 22.4722
Pkt 48 125 0.384 1
Pkt 48 125 0.384 1
Node 30 25 32.0156
Pkt 183 480 0.38125 1
Pkt 183 480 0.38125 1
Node 68 43 19.3132
Pkt 304 800 0.38 1
Pkt 304 800 0.38 1
Rate:763.5
==========
==========64
3 0 2 24000
Node 56 52 6.32456
Pkt 76 200 0.38 1
Pkt 46 120 0.383333 1
Node 35 32 23.4307
Pkt 152 400 0.38 1
Pkt 122 320 0.38125 1
Node 47 29 21.2132
Pkt 285 750 0.38 1
Pkt 304 800 0.38 1
Rate:761.528
==========
==========65
3 0 2 24000
Node 54 56 7.2111
Pkt 61 160 0.38125 1
Pkt 38 100 0.38 1
Node 32 33 24.7588
Pkt 114 300 0.38 1
Pkt 114 300 0.38 1
Node 70 33 26.2488
Pkt 285 750 0.38 1
Pkt 304 800 0.38 1
Rate:760.417
==========
==========66
3 0 2 24000
Node 32 59 20.1246
Pkt 73 192 0.380208 1
Pkt 57 150 0.38 1
Node 37 67 21.4009
Pkt 122 320 0.38125 1
Pkt 183 480 0.38125 1
Node 46 28 22.3607
Pkt 304 800 0.38 1
Pkt 285 750 0.38 1
Rate:760.903
==========
==========67
3 0 2 24000
Node 74 30 31.241
Pkt 73 192 0.380208 1
Pkt 76 200 0.38 1
Node 27 35 27.4591
Pkt 122 320 0.38125 1
Pkt 114 300 0.38 1
Node 67 39 20.2485
Pkt 285 750 0.38 1
Pkt 285 750 0.38 1
Rate:760.486
==========
==========68
3 0 2 24000
Node 56 60 11.6619
Pkt 73 192 0.380208 1
Pkt 76 200 0.38 1
Node 25 27 33.9706
Pkt 114 300 0.38 1
Pkt 143 375 0.381333 1
Node 36 55 14.8661
Pkt 304 800 0.38 1
Pkt 304 800 0.38 1
Rate:760.514
==========
==========69
3 0 2 24000
Node 42 49 8.06226
Pkt 61 160 0.38125 1
Pkt 48 125 0.384 1
Node 27 27 32.5269
Pkt 122 320 0.38125 1
Pkt 183 480 0.38125 1
Node 58 51 8.06226
Pkt 285 750 0.38 1
Pkt 304 800 0.38 1
Rate:762.583
==========
==========70
3 0 2 24000
Node 60 44 11.6619
Pkt 57 150 0.38 1
Pkt 73 192 0.380208 1
Node 69 30 27.5862
Pkt 152 400 0.38 1
Pkt 152 400 0.38 1
Node 40 30 22.3607
Pkt 304 800 0.38 1
Pkt 285 750 0.38 1
Rate:760.069
==========
==========71
3 0 2 24000
Node 68 65 23.4307
Pkt 95 250 0.38 1
Pkt 61 160 0.38125 1
Node 41 31 21.0238
Pkt 143 375 0.381333 1
Pkt 122 320 0.38125 1
Node 62 37 17.6918
Pkt 304 800 0.38 1
Pkt 304 800 0.38 1
Rate:761.278
==========
==========72
3 0 2 24000
Node 58 61 13.6015
Pkt 73 192 0.380208 1
Pkt 46 120 0.383333 1
Node 55 40 11.1803
Pkt 122 320 0.38125 1
Pkt 114 300 0.38 1
Node 37 48 13.1529
Pkt 304 800 0.38 1
Pkt 304 800 0.38 1
Rate:761.597
==========
==========73
3 0 2 24000
Node 73 53 23.1948
Pkt 73 192 0.380208 1
Pkt 73 192 0.380208 1
Node 30 51 20.025
Pkt 122 320 0.38125 1
Pkt 183 480 0.38125 1
Node 27 45 23.5372
Pkt 285 750 0.38 1
Pkt 304 800 0.38 1
Rate:760.972
==========
==========74
3 0 2 24000
Node 58 51 8.06226
Pkt 57 150 0.38 1
Pkt 46 120 0.383333 1
Node 34 74 28.8444
Pkt 114 300 0.38 1
Pkt 183 480 0.38125 1
Node 42 25 26.2488
Pkt 304 800 0.38 1
Pkt 285 750 0.38 1
Rate:761.528
==========
==========75
3 0 2 24000
Node 54 42 8.94427
Pkt 48 125 0.384 1
Pkt 38 100 0.38 1
Node 64 39 17.8045
Pkt 152 400 0.38 1
Pkt 183 480 0.38125 1
Node 49 48 2.23607
Pkt 285 750 0.38 1
Pkt 304 800 0.38 1
Rate:761.75
==========
==========76
3 0 2 24000
Node 68 25 30.8058
Pkt 92 240 0.383333 1
Pkt 48 125 0.384 1
Node 59 27 24.6982
Pkt 114 300 0.38 1
Pkt 114 300 0.38 1
Node 38 51 12.0416
Pkt 285 750 0.38 1
Pkt 304 800 0.38 1
Rate:762.444
==========
==========77
3 0 2 24000
Node 41 30 21.9317
Pkt 73 192 0.380208 1
Pkt 92 240 0.383333 1
Node 70 36 24.4131
Pkt 152 400 0.38 1
Pkt 152 400 0.38 1
Node 66 46 16.4924
Pkt 285 750 0.38 1
Pkt 304 800 0.38 1
Rate:761.181
==========
==========78
3 0 2 24000
Node 42 28 23.4094
Pkt 48 125 0.384 1
Pkt 46 120 0.383333 1
Node 73 71 31.1448
Pkt 122 320 0.38125 1
Pkt 152 400 0.38 1
Node 48 31 19.105
Pkt 285 750 0.38 1
Pkt 304 800 0.38 1
Rate:762.861
==========
==========79
3 0 2 24000
Node 60 28 24.1661
Pkt 95 250 0.38 1
Pkt 73 192 0.380208 1
Node 61 25 27.313
Pkt 122 320 0.38125 1
Pkt 183 480 0.38125 1
Node 25 57 25.9615
Pkt 285 750 0.38 1
Pkt 304 800 0.38 1
Rate:760.903
==========
==========80
3 0 2 24000
Node 58 36 16.1245
Pkt 61 160 0.38125 1
Pkt 61 160 0.38125 1
Node 36 34 21.2603
Pkt 152 400 0.38 1
Pkt 183 480 0.38125 1
Node 73 27 32.5269
Pkt 304 800 0.38 1
Pkt 285 750 0.38 1
Rate:761.25
==========
==========81
3 0 2 24000
Node 60 64 17.2047
Pkt 48 125 0.384 1
Pkt 92 240 0.383333 1
Node 39 64 17.8045
Pkt 152 400 0.38 1
Pkt 114 300 0.38 1
Node 48 29 21.095
Pkt 285 750 0.38 1
Pkt 285 750 0.38 1
Rate:762.444
==========
==========82
3 0 2 24000
Node 33 30 26.2488
Pkt 73 192 0.380208 1
Pkt 48 125 0.384 1
Node 61 46 11.7047
Pkt 122 320 0.38125 1
Pkt 183 480 0.38125 1
Node 35 74 28.3019
Pkt 285 750 0.38 1
Pkt 304 800 0.38 1
Rate:762.236
==========
==========83
3 0 2 24000
Node 58 38 14.4222
Pkt 61 160 0.38125 1
Pkt 92 240 0.383333 1
Node 29 72 30.4138
Pkt 183 480 0.38125 1
Pkt 183 480 0.38125 1
Node 32 39 21.095
Pkt 304 800 0.38 1
Pkt 285 750 0.38 1
Rate:762.361
==========
==========84
3 0 2 24000
Node 41 73 24.6982
Pkt 92 240 0.383333 1
Pkt 61 160 0.38125 1
Node 29 48 21.095
Pkt 122 320 0.38125 1
Pkt 143 375 0.381333 1
Node 71 66 26.4008
Pkt 304 800 0.38 1
Pkt 285 750 0.38 1
Rate:762.389
==========
==========85
3 0 2 24000
Node 37 50 13
Pkt 57 150 0.38 1
Pkt 95 250 0.38 1
Node 57 65 16.5529
Pkt 114 300 0.38 1
Pkt 183 480 0.38125 1
Node 27 48 23.0868
Pkt 285 750 0.38 1
Pkt 285 750 0.38 1
Rate:760.417
==========
==========86
3 0 2 24000
Node 25 40 26.9258
Pkt 38 100 0.38 1
Pkt 73 192 0.380208 1
Node 56 74 24.7386
Pkt 152 400 0.38 1
Pkt 122 320 0.38125 1
Node 40 32 20.5913
Pkt 304 800 0.38 1
Pkt 285 750 0.38 1
Rate:760.486
==========
==========87
3 0 2 24000
Node 47 61 11.4018
Pkt 92 240 0.383333 1
Pkt 48 125 0.384 1
Node 66 26 28.8444
Pkt 143 375 0.381333 1
Pkt 152 400 0.38 1
Node 40 31 21.4709
Pkt 304 800 0.38 1
Pkt 304 800 0.38 1
Rate:762.889
==========
==========88
3 0 2 24000
Node 53 28 22.2036
Pkt 95 250 0.38 1
Pkt 95 250 0.38 1
Node 28 63 25.5539
Pkt 152 400 0.38 1
Pkt 183 480 0.38125 1
Node 41 31 21.0238
Pkt 285 750 0.38 1
Pkt 285 750 0.38 1
Rate:760.417
==========
==========89
3 0 2 24000
Node 30 74 31.241
Pkt 61 160 0.38125 1
Pkt 48 125 0.384 1
Node 68 39 21.095
Pkt 143 375 0.381333 1
Pkt 114 300 0.38 1
Node 73 36 26.9258
Pkt 285 750 0.38 1
Pkt 285 750 0.38 1
Rate:762.194
==========
==========90
3 0 2 24000
Node 58 44 10
Pkt 73 192 0.380208 1
Pkt 92 240 0.383333 1
Node 43 51 7.07107
Pkt 152 400 0.38 1
Pkt 143 375 0.381333 1
Node 34 62 20
Pkt 304 800 0.38 1
Pkt 285 750 0.38 1
Rate:761.625
==========
==========91
3 0 2 24000
Node 54 67 17.4642
Pkt 92 240 0.383333 1
Pkt 46 120 0.383333 1
Node 73 25 33.9706
Pkt 152 400 0.38 1
Pkt 143 375 0.381333 1
Node 72 59 23.7697
Pkt 285 750 0.38 1
Pkt 304 800 0.38 1
Rate:762.667
==========
==========92
3 0 2 24000
Node 39 25 27.313
Pkt 73 192 0.380208 1
Pkt 61 160 0.38125 1
Node 70 54 20.3961
Pkt 143 375 0.381333 1
Pkt 122 320 0.38125 1
Node 42 29 22.4722
Pkt 285 750 0.38 1
Pkt 304 800 0.38 1
Rate:761.347
==========
==========93
3 0 2 24000
Node 69 54 19.4165
Pkt 61 160 0.38125 1
Pkt 38 100 0.38 1
Node 43 52 7.28011
Pkt 143 375 0.381333 1
Pkt 183 480 0.38125 1
Node 27 68 29.2062
Pkt 285 750 0.38 1
Pkt 304 800 0.38 1
Rate:761.278
==========
==========94
3 0 2 24000
Node 52 44 6.32456
Pkt 48 125 0.384 1
Pkt 57 150 0.38 1
Node 72 50 22
Pkt 152 400 0.38 1
Pkt 143 375 0.381333 1
Node 33 49 17.0294
Pkt 285 750 0.38 1
Pkt 285 750 0.38 1
Rate:761.778
==========
==========95
3 0 2 24000
Node 31 65 24.2074
Pkt 48 125 0.384 1
Pkt 61 160 0.38125 1
Node 61 46 11.7047
Pkt 152 400 0.38 1
Pkt 152 400 0.38 1
Node 45 51 5.09902
Pkt 304 800 0.38 1
Pkt 304 800 0.38 1
Rate:761.75
==========
==========96
3 0 2 24000
Node 65 30 25
Pkt 73 192 0.380208 1
Pkt 95 250 0.38 1
Node 54 26 24.3311
Pkt 122 320 0.38125 1
Pkt 114 300 0.38 1
Node 39 70 22.8254
Pkt 285 750 0.38 1
Pkt 304 800 0.38 1
Rate:760.486
==========
==========97
3 0 2 24000
Node 71 45 21.587
Pkt 46 120 0.383333 1
Pkt 38 100 0.38 1
Node 51 67 17.0294
Pkt 143 375 0.381333 1
Pkt 114 300 0.38 1
Node 53 38 12.3693
Pkt 304 800 0.38 1
Pkt 304 800 0.38 1
Rate:761.556
==========
==========98
3 0 2 24000
Node 25 35 29.1548
Pkt 92 240 0.383333 1
Pkt 92 240 0.383333 1
Node 45 28 22.561
Pkt 143 375 0.381333 1
Pkt 122 320 0.38125 1
Node 27 64 26.9258
Pkt 285 750 0.38 1
Pkt 304 800 0.38 1
Rate:763.083
==========
==========99
