3 0 2 24000
Node 72 71 30.4138
Pkt 68 240 0.283333 1
Pkt 28 100 0.28 1
Node 54 27 23.3452
Pkt 90 320 0.28125 1
Pkt 84 300 0.28 1
Node 44 71 21.8403
Pkt 224 800 0.28 1
Pkt 224 800 0.28 1
Rate:561.528
==========
==========0
3 0 2 24000
Node 58 37 15.2643
Pkt 56 200 0.28 1
Pkt 68 240 0.283333 1
Node 31 52 19.105
Pkt 112 400 0.28 1
Pkt 112 400 0.28 1
Node 63 32 22.2036
Pkt 224 800 0.28 1
Pkt 210 750 0.28 1
Rate:561.111
==========
==========1
3 0 2 24000
Node 67 30 26.2488
Pkt 54 192 0.28125 1
Pkt 35 125 0.28 1
Node 50 40 10
Pkt 90 320 0.28125 1
Pkt 112 400 0.28 1
Node 25 27 33.9706
Pkt 224 800 0.28 1
Pkt 224 800 0.28 1
Rate:560.833
==========
==========2
3 0 2 24000
Node 35 52 15.1327
Pkt 28 100 0.28 1
Pkt 45 160 0.28125 1
Node 27 52 23.0868
Pkt 90 320 0.28125 1
Pkt 112 400 0.28 1
Node 60 44 11.6619
Pkt 224 800 0.28 1
Pkt 224 800 0.28 1
Rate:560.833
==========
==========3
3 0 2 24000
Node 44 62 13.4164
Pkt 42 150 0.28 1
Pkt 34 120 0.283333 1
Node 33 43 18.3848
Pkt 135 480 0.28125 1
Pkt 84 300 0.28 1
Node 31 73 29.8329
Pkt 224 800 0.28 1
Pkt 224 800 0.28 1
Rate:561.528
==========
==========4
3 0 2 24000
Node 29 57 22.1359
Pkt 54 192 0.28125 1
Pkt 28 100 0.28 1
Node 61 53 11.4018
Pkt 135 480 0.28125 1
Pkt 90 320 0.28125 1
Node 53 31 19.2354
Pkt 210 750 0.28 1
Pkt 210 750 0.28 1
Rate:561.25
==========
==========5
3 0 2 24000
Node 61 48 11.1803
Pkt 68 240 0.283333 1
Pkt 70 250 0.28 1
Node 67 47 17.2627
Pkt 84 300 0.28 1
Pkt 105 375 0.28 1
Node 34 61 19.4165
Pkt 224 800 0.28 1
Pkt 210 750 0.28 1
Rate:561.111
==========
==========6
3 0 2 24000
Node 68 28 28.4253
Pkt 42 150 0.28 1
Pkt 68 240 0.283333 1
Node 62 32 21.6333
Pkt 105 375 0.28 1
Pkt 135 480 0.28125 1
Node 60 69 21.4709
Pkt 210 750 0.28 1
Pkt 224 800 0.28 1
Rate:561.528
==========
==========7
3 0 2 24000
Node 51 57 7.07107
Pkt 56 200 0.28 1
Pkt 42 150 0.28 1
Node 68 63 22.2036
Pkt 135 480 0.28125 1
Pkt 90 320 0.28125 1
Node 71 26 31.8904
Pkt 224 800 0.28 1
Pkt 210 750 0.28 1
Rate:560.833
==========
==========8
3 0 2 24000
Node 59 31 21.0238
Pkt 42 150 0.28 1
Pkt 28 100 0.28 1
Node 45 34 16.7631
Pkt 84 300 0.28 1
Pkt 135 480 0.28125 1
Node 31 46 19.4165
Pkt 224 800 0.28 1
Pkt 224 800 0.28 1
Rate:560.417
==========
==========9
3 0 2 24000
Node 54 67 17.4642
Pkt 28 100 0.28 1
Pkt 56 200 0.28 1
Node 35 74 28.3019
Pkt 105 375 0.28 1
Pkt 105 375 0.28 1
Node 29 34 26.4008
Pkt 224 800 0.28 1
Pkt 224 800 0.28 1
Rate:560
==========
==========10
3 0 2 24000
Node 44 27 23.7697
Pkt 54 192 0.28125 1
Pkt 70 250 0.28 1
Node 69 33 25.4951
Pkt 135 480 0.28125 1
Pkt 105 375 0.28 1
Node 44 50 6
Pkt 210 750 0.28 1
Pkt 224 800 0.28 1
Rate:560.833
==========
==========11
3 0 2 24000
Node 33 64 22.0227
Pkt 35 125 0.28 1
Pkt 68 240 0.283333 1
Node 30 52 20.0998
Pkt 105 375 0.28 1
Pkt 90 320 0.28125 1
Node 47 37 13.3417
Pkt 224 800 0.28 1
Pkt 210 750 0.28 1
Rate:561.528
==========
==========12
3 0 2 24000
Node 54 38 12.6491
Pkt 35 125 0.28 1
Pkt 34 120 0.283333 1
Node 50 31 19
Pkt 90 320 0.28125 1
Pkt 135 480 0.28125 1
Node 41 74 25.632
Pkt 210 750 0.28 1
Pkt 224 800 0.28 1
Rate:561.944
==========
==========13
3 0 2 24000
Node 66 33 23.3452
Pkt 56 200 0.28 1
Pkt 54 192 0.28125 1
Node 47 30 20.2237
Pkt 90 320 0.28125 1
Pkt 105 375 0.28 1
Node 30 62 23.3238
Pkt 224 800 0.28 1
Pkt 224 800 0.28 1
Rate:560.833
==========
==========14
3 0 2 24000
Node 71 26 31.8904
Pkt 42 150 0.28 1
Pkt 70 250 0.28 1
Node 67 51 17.0294
Pkt 112 400 0.28 1
Pkt 135 480 0.28125 1
Node 64 53 14.3178
Pkt 224 800 0.28 1
Pkt 224 800 0.28 1
Rate:560.417
==========
==========15
3 0 2 24000
Node 71 74 31.8904
Pkt 28 100 0.28 1
Pkt 35 125 0.28 1
Node 42 68 19.6977
Pkt 84 300 0.28 1
Pkt 84 300 0.28 1
Node 45 63 13.9284
Pkt 224 800 0.28 1
Pkt 224 800 0.28 1
Rate:560
==========
==========16
3 0 2 24000
Node 47 63 13.3417
Pkt 34 120 0.283333 1
Pkt 56 200 0.28 1
Node 69 42 20.6155
Pkt 112 400 0.28 1
Pkt 105 375 0.28 1
Node 41 68 20.1246
Pkt 224 800 0.28 1
Pkt 224 800 0.28 1
Rate:561.111
==========
==========17
3 0 2 24000
Node 58 53 8.544
Pkt 70 250 0.28 1
Pkt 34 120 0.283333 1
Node 43 66 17.4642
Pkt 90 320 0.28125 1
Pkt 135 480 0.28125 1
Node 55 69 19.6469
Pkt 224 800 0.28 1
Pkt 210 750 0.28 1
Rate:561.944
==========
==========18
3 0 2 24000
Node 58 65 17
Pkt 35 125 0.28 1
Pkt 54 192 0.28125 1
Node 31 43 20.2485
Pkt 84 300 0.28 1
Pkt 84 300 0.28 1
Node 68 34 24.0832
Pkt 210 750 0.28 1
Pkt 224 800 0.28 1
Rate:560.417
==========
==========19
3 0 2 24000
Node 42 66 17.8885
Pkt 56 200 0.28 1
Pkt 70 250 0.28 1
Node 69 25 31.4006
Pkt 84 300 0.28 1
Pkt 135 480 0.28125 1
Node 57 58 10.6301
Pkt 210 750 0.28 1
Pkt 210 750 0.28 1
Rate:560.417
==========
==========20
3 0 2 24000
Node 35 66 21.9317
Pkt 56 200 0.28 1
Pkt 56 200 0.28 1
Node 25 64 28.6531
Pkt 84 300 0.28 1
Pkt 84 300 0.28 1
Node 63 62 17.6918
Pkt 210 750 0.28 1
Pkt 210 750 0.28 1
Rate:560
==========
==========21
3 0 2 24000
Node 70 65 25
Pkt 42 150 0.28 1
Pkt 54 192 0.28125 1
Node 60 25 26.9258
Pkt 90 320 0.28125 1
Pkt 105 375 0.28 1
Node 53 43 7.61577
Pkt 210 750 0.28 1
Pkt 224 800 0.28 1
Rate:560.833
==========
==========22
3 0 2 24000
Node 55 48 5.38516
Pkt 42 150 0.28 1
Pkt 42 150 0.28 1
Node 29 48 21.095
Pkt 112 400 0.28 1
Pkt 112 400 0.28 1
Node 62 52 12.1655
Pkt 224 800 0.28 1
Pkt 224 800 0.28 1
Rate:560
==========
==========23
3 0 2 24000
Node 63 60 16.4012
Pkt 28 100 0.28 1
Pkt 28 100 0.28 1
Node 38 31 22.4722
Pkt 105 375 0.28 1
Pkt 90 320 0.28125 1
Node 51 26 24.0208
Pkt 224 800 0.28 1
Pkt 224 800 0.28 1
Rate:560.417
==========
==========24
3 0 2 24000
Node 65 71 25.807
Pkt 42 150 0.28 1
Pkt 68 240 0.283333 1
Node 47 70 20.2237
Pkt 105 375 0.28 1
Pkt 84 300 0.28 1
Node 27 54 23.3452
Pkt 224 800 0.28 1
Pkt 224 800 0.28 1
Rate:561.111
==========
==========25
3 0 2 24000
Node 48 42 8.24621
Pkt 54 192 0.28125 1
Pkt 54 192 0.28125 1
Node 25 47 25.1794
Pkt 90 320 0.28125 1
Pkt 84 300 0.28 1
Node 64 48 14.1421
Pkt 210 750 0.28 1
Pkt 210 750 0.28 1
Rate:561.25
==========
==========26
3 0 2 24000
Node 74 53 24.1868
Pkt 56 200 0.28 1
Pkt 35 125 0.28 1
Node 26 30 31.241
Pkt 135 480 0.28125 1
Pkt 135 480 0.28125 1
Node 72 27 31.8277
Pkt 224 800 0.28 1
Pkt 210 750 0.28 1
Rate:560.833
==========
==========27
3 0 2 24000
Node 36 31 23.6008
Pkt 45 160 0.28125 1
Pkt 45 160 0.28125 1
Node 66 61 19.4165
Pkt 112 400 0.28 1
Pkt 90 320 0.28125 1
Node 62 39 16.2788
Pkt 210 750 0.28 1
Pkt 224 800 0.28 1
Rate:561.25
==========
==========28
3 0 2 24000
Node 44 40 11.6619
Pkt 68 240 0.283333 1
Pkt 68 240 0.283333 1
Node 40 66 18.868
Pkt 135 480 0.28125 1
Pkt 112 400 0.28 1
Node 44 45 7.81025
Pkt 210 750 0.28 1
Pkt 224 800 0.28 1
Rate:562.639
==========
==========29
3 0 2 24000
Node 36 31 23.6008
Pkt 68 240 0.283333 1
Pkt 70 250 0.28 1
Node 57 33 18.3848
Pkt 112 400 0.28 1
Pkt 90 320 0.28125 1
Node 33 25 30.2324
Pkt 210 750 0.28 1
Pkt 210 750 0.28 1
Rate:561.528
==========
==========30
3 0 2 24000
Node 63 48 13.1529
Pkt 35 125 0.28 1
Pkt 35 125 0.28 1
Node 69 51 19.0263
Pkt 90 320 0.28125 1
Pkt 90 320 0.28125 1
Node 38 31 22.4722
Pkt 224 800 0.28 1
Pkt 210 750 0.28 1
Rate:560.833
==========
==========31
3 0 2 24000
Node 42 66 17.8885
Pkt 56 200 0.28 1
Pkt 70 250 0.28 1
Node 51 38 12.0416
Pkt 135 480 0.28125 1
Pkt 90 320 0.28125 1
Node 43 53 7.61577
Pkt 224 800 0.28 1
Pkt 210 750 0.28 1
Rate:560.833
==========
==========32
3 0 2 24000
Node 67 52 17.1172
Pkt 28 100 0.28 1
Pkt 42 150 0.28 1
Node 55 43 8.60233
Pkt 84 300 0.28 1
Pkt 90 320 0.28125 1
Node 63 41 15.8114
Pkt 210 750 0.28 1
Pkt 210 750 0.28 1
Rate:560.417
==========
==========33
3 0 2 24000
Node 40 72 24.1661
Pkt 28 100 0.28 1
Pkt 35 125 0.28 1
Node 41 29 22.8473
Pkt 112 400 0.28 1
Pkt 84 300 0.28 1
Node 30 37 23.8537
Pkt 224 800 0.28 1
Pkt 224 800 0.28 1
Rate:560
==========
==========34
3 0 2 24000
Node 61 52 11.1803
Pkt 68 240 0.283333 1
Pkt 54 192 0.28125 1
Node 71 43 22.1359
Pkt 90 320 0.28125 1
Pkt 135 480 0.28125 1
Node 41 30 21.9317
Pkt 210 750 0.28 1
Pkt 224 800 0.28 1
Rate:562.361
==========
==========35
3 0 2 24000
Node 54 64 14.5602
Pkt 70 250 0.28 1
Pkt 28 100 0.28 1
Node 46 59 9.84886
Pkt 135 480 0.28125 1
Pkt 112 400 0.28 1
Node 71 62 24.1868
Pkt 210 750 0.28 1
Pkt 210 750 0.28 1
Rate:560.417
==========
==========36
3 0 2 24000
Node 64 67 22.0227
Pkt 35 125 0.28 1
Pkt 34 120 0.283333 1
Node 31 28 29.0689
Pkt 105 375 0.28 1
Pkt 90 320 0.28125 1
Node 57 63 14.7648
Pkt 210 750 0.28 1
Pkt 210 750 0.28 1
Rate:561.528
==========
==========37
3 0 2 24000
Node 36 74 27.7849
Pkt 45 160 0.28125 1
Pkt 70 250 0.28 1
Node 59 67 19.2354
Pkt 112 400 0.28 1
Pkt 84 300 0.28 1
Node 59 50 9
Pkt 210 750 0.28 1
Pkt 210 750 0.28 1
Rate:560.417
==========
==========38
3 0 2 24000
Node 60 28 24.1661
Pkt 45 160 0.28125 1
Pkt 28 100 0.28 1
Node 25 61 27.313
Pkt 112 400 0.28 1
Pkt 84 300 0.28 1
Node 56 64 15.2315
Pkt 210 750 0.28 1
Pkt 210 750 0.28 1
Rate:560.417
==========
==========39
3 0 2 24000
Node 57 33 18.3848
Pkt 28 100 0.28 1
Pkt 28 100 0.28 1
Node 41 55 10.2956
Pkt 84 300 0.28 1
Pkt 135 480 0.28125 1
Node 26 42 25.2982
Pkt 210 750 0.28 1
Pkt 224 800 0.28 1
Rate:560.417
==========
==========40
3 0 2 24000
Node 58 25 26.2488
Pkt 56 200 0.28 1
Pkt 35 125 0.28 1
Node 29 65 25.807
Pkt 105 375 0.28 1
Pkt 84 300 0.28 1
Node 67 53 17.2627
Pkt 210 750 0.28 1
Pkt 210 750 0.28 1
Rate:560
==========
==========41
3 0 2 24000
Node 51 34 16.0312
Pkt 28 100 0.28 1
Pkt 28 100 0.28 1
Node 66 62 20
Pkt 90 320 0.28125 1
Pkt 105 375 0.28 1
Node 71 54 21.3776
Pkt 210 750 0.28 1
Pkt 224 800 0.28 1
Rate:560.417
==========
==========42
3 0 2 24000
Node 46 69 19.4165
Pkt 34 120 0.283333 1
Pkt 42 150 0.28 1
Node 26 41 25.632
Pkt 112 400 0.28 1
Pkt 105 375 0.28 1
Node 54 64 14.5602
Pkt 210 750 0.28 1
Pkt 210 750 0.28 1
Rate:561.111
==========
==========43
3 0 2 24000
Node 71 60 23.2594
Pkt 45 160 0.28125 1
Pkt 70 250 0.28 1
Node 30 25 32.0156
Pkt 105 375 0.28 1
Pkt 112 400 0.28 1
Node 43 50 7
Pkt 210 750 0.28 1
Pkt 224 800 0.28 1
Rate:560.417
==========
==========44
3 0 2 24000
Node 42 34 17.8885
Pkt 68 240 0.283333 1
Pkt 70 250 0.28 1
Node 52 66 16.1245
Pkt 90 320 0.28125 1
Pkt 105 375 0.28 1
Node 44 48 6.32456
Pkt 224 800 0.28 1
Pkt 210 750 0.28 1
Rate:561.528
==========
==========45
3 0 2 24000
Node 32 50 18
Pkt 34 120 0.283333 1
Pkt 70 250 0.28 1
Node 64 38 18.4391
Pkt 105 375 0.28 1
Pkt 135 480 0.28125 1
Node 38 58 14.4222
Pkt 210 750 0.28 1
Pkt 210 750 0.28 1
Rate:561.528
==========
==========46
3 0 2 24000
Node 49 29 21.0238
Pkt 70 250 0.28 1
Pkt 28 100 0.28 1
Node 37 62 17.6918
Pkt 84 300 0.28 1
Pkt 90 320 0.28125 1
Node 25 48 25.0799
Pkt 210 750 0.28 1
Pkt 224 800 0.28 1
Rate:560.417
==========
==========47
3 0 2 24000
Node 27 47 23.1948
Pkt 70 250 0.28 1
Pkt 56 200 0.28 1
Node 38 34 20
Pkt 90 320 0.28125 1
Pkt 105 375 0.28 1
Node 39 45 12.083
Pkt 210 750 0.28 1
Pkt 210 750 0.28 1
Rate:560.417
==========
==========48
3 0 2 24000
Node 35 42 17
Pkt 45 160 0.28125 1
Pkt 68 240 0.283333 1
Node 68 52 18.1108
Pkt 105 375 0.28 1
Pkt 112 400 0.28 1
Node 67 43 18.3848
Pkt 224 800 0.28 1
Pkt 224 800 0.28 1
Rate:561.528
==========
==========49
3 0 2 24000
Node 46 33 17.4642
Pkt 35 125 0.28 1
Pkt 28 100 0.28 1
Node 40 27 25.0799
Pkt 105 375 0.28 1
Pkt 84 300 0.28 1
Node 64 73 26.9258
Pkt 210 750 0.28 1
Pkt 224 800 0.28 1
Rate:560
==========
==========50
3 0 2 24000
Node 31 67 25.4951
Pkt 70 250 0.28 1
Pkt 68 240 0.283333 1
Node 47 58 8.544
Pkt 135 480 0.28125 1
Pkt 105 375 0.28 1
Node 67 65 22.6716
Pkt 224 800 0.28 1
Pkt 210 750 0.28 1
Rate:561.528
==========
==========51
3 0 2 24000
Node 43 67 18.3848
Pkt 68 240 0.283333 1
Pkt 34 120 0.283333 1
Node 67 63 21.4009
Pkt 84 300 0.28 1
Pkt 112 400 0.28 1
Node 49 68 18.0278
Pkt 210 750 0.28 1
Pkt 224 800 0.28 1
Rate:562.222
==========
==========52
3 0 2 24000
Node 36 45 14.8661
Pkt 70 250 0.28 1
Pkt 45 160 0.28125 1
Node 32 26 30
Pkt 84 300 0.28 1
Pkt 112 400 0.28 1
Node 52 54 4.47214
Pkt 210 750 0.28 1
Pkt 224 800 0.28 1
Rate:560.417
==========
==========53
3 0 2 24000
Node 30 62 23.3238
Pkt 54 192 0.28125 1
Pkt 35 125 0.28 1
Node 30 34 25.6125
Pkt 84 300 0.28 1
Pkt 84 300 0.28 1
Node 59 58 12.0416
Pkt 224 800 0.28 1
Pkt 210 750 0.28 1
Rate:560.417
==========
==========54
3 0 2 24000
Node 62 59 15
Pkt 70 250 0.28 1
Pkt 56 200 0.28 1
Node 51 51 1.41421
Pkt 135 480 0.28125 1
Pkt 135 480 0.28125 1
Node 48 31 19.105
Pkt 210 750 0.28 1
Pkt 210 750 0.28 1
Rate:560.833
==========
==========55
3 0 2 24000
Node 40 67 19.7231
Pkt 68 240 0.283333 1
Pkt 34 120 0.283333 1
Node 56 29 21.8403
Pkt 84 300 0.28 1
Pkt 84 300 0.28 1
Node 52 29 21.095
Pkt 210 750 0.28 1
Pkt 224 800 0.28 1
Rate:562.222
==========
==========56
3 0 2 24000
Node 46 45 6.40312
Pkt 35 125 0.28 1
Pkt 34 120 0.283333 1
Node 53 71 21.2132
Pkt 90 320 0.28125 1
Pkt 135 480 0.28125 1
Node 53 74 24.1868
Pkt 210 750 0.28 1
Pkt 224 800 0.28 1
Rate:561.944
==========
==========57
3 0 2 24000
Node 55 33 17.72
Pkt 35 125 0.28 1
Pkt 28 100 0.28 1
Node 66 47 16.2788
Pkt 105 375 0.28 1
Pkt 135 480 0.28125 1
Node 62 67 20.8087
Pkt 224 800 0.28 1
Pkt 224 800 0.28 1
Rate:560.417
==========
==========58
3 0 2 24000
Node 69 37 23.0217
Pkt 42 150 0.28 1
Pkt 45 160 0.28125 1
Node 35 45 15.8114
Pkt 105 375 0.28 1
Pkt 135 480 0.28125 1
Node 30 56 20.8806
Pkt 224 800 0.28 1
Pkt 210 750 0.28 1
Rate:560.833
==========
==========59
3 0 2 24000
Node 54 45 6.40312
Pkt 56 200 0.28 1
Pkt 45 160 0.28125 1
Node 72 73 31.8277
Pkt 105 375 0.28 1
Pkt 112 400 0.28 1
Node 31 65 24.2074
Pkt 210 750 0.28 1
Pkt 210 750 0.28 1
Rate:560.417
==========
==========60
3 0 2 24000
Node 44 74 24.7386
Pkt 45 160 0.28125 1
Pkt 54 192 0.28125 1
Node 35 45 15.8114
Pkt 84 300 0.28 1
Pkt 112 400 0.28 1
Node 28 27 31.8277
Pkt 224 800 0.28 1
Pkt 210 750 0.28 1
Rate:560.833
==========
==========61
3 0 2 24000
Node 47 51 3.16228
Pkt 28 100 0.28 1
Pkt 68 240 0.283333 1
Node 45 64 14.8661
Pkt 90 320 0.28125 1
Pkt 105 375 0.28 1
Node 31 66 24.8395
Pkt 224 800 0.28 1
Pkt 210 750 0.28 1
Rate:561.528
==========
==========62
3 0 2 24000
Node 46 32 18.4391
Pkt 42 150 0.28 1
Pkt 56 200 0.28 1
Node 48 29 21.095
Pkt 135 480 0.28125 1
Pkt 135 480 0.28125 1
Node 58 50 8
Pkt 224 800 0.28 1
Pkt 210 750 0.28 1
Rate:560.833
==========
==========63
3 0 2 24000
Node 47 34 16.2788
Pkt 45 160 0.28125 1
Pkt 42 150 0.28 1
Node 49 61 11.0454
Pkt 112 400 0.28 1
Pkt 105 375 0.28 1
Node 35 31 24.2074
Pkt 210 750 0.28 1
Pkt 210 750 0.28 1
Rate:560.417
==========
==========64
3 0 2 24000
Node 31 46 19.4165
Pkt 35 125 0.28 1
Pkt 34 120 0.283333 1
Node 57 43 9.89949
Pkt 84 300 0.28 1
Pkt 90 320 0.28125 1
Node 74 73 33.2415
Pkt 210 750 0.28 1
Pkt 224 800 0.28 1
Rate:561.528
==========
==========65
3 0 2 24000
Node 63 36 19.105
Pkt 35 125 0.28 1
Pkt 54 192 0.28125 1
Node 48 73 23.0868
Pkt 112 400 0.28 1
Pkt 84 300 0.28 1
Node 33 47 17.2627
Pkt 210 750 0.28 1
Pkt 210 750 0.28 1
Rate:560.417
==========
==========66
3 0 2 24000
Node 52 27 23.0868
Pkt 42 150 0.28 1
Pkt 56 200 0.28 1
Node 74 35 28.3019
Pkt 135 480 0.28125 1
Pkt 112 400 0.28 1
Node 31 60 21.4709
Pkt 210 750 0.28 1
Pkt 210 750 0.28 1
Rate:560.417
==========
==========67
3 0 2 24000
Node 67 52 17.1172
Pkt 70 250 0.28 1
Pkt 35 125 0.28 1
Node 72 53 22.2036
Pkt 84 300 0.28 1
Pkt 105 375 0.28 1
Node 26 26 33.9411
Pkt 210 750 0.28 1
Pkt 210 750 0.28 1
Rate:560
==========
==========68
3 0 2 24000
Node 63 34 20.6155
Pkt 56 200 0.28 1
Pkt 42 150 0.28 1
Node 66 53 16.2788
Pkt 112 400 0.28 1
Pkt 112 400 0.28 1
Node 43 40 12.2066
Pkt 224 800 0.28 1
Pkt 224 800 0.28 1
Rate:560
==========
==========69
3 0 2 24000
Node 53 36 14.3178
Pkt 68 240 0.283333 1
Pkt 54 192 0.28125 1
Node 33 25 30.2324
Pkt 90 320 0.28125 1
Pkt 90 320 0.28125 1
Node 68 60 20.5913
Pkt 224 800 0.28 1
Pkt 210 750 0.28 1
Rate:562.361
==========
==========70
3 0 2 24000
Node 73 40 25.0799
Pkt 34 120 0.283333 1
Pkt 45 160 0.28125 1
Node 25 39 27.313
Pkt 135 480 0.28125 1
Pkt 84 300 0.28 1
Node 66 68 24.0832
Pkt 210 750 0.28 1
Pkt 224 800 0.28 1
Rate:561.944
==========
==========71
3 0 2 24000
Node 73 39 25.4951
Pkt 56 200 0.28 1
Pkt 54 192 0.28125 1
Node 41 53 9.48683
Pkt 112 400 0.28 1
Pkt 84 300 0.28 1
Node 33 59 19.2354
Pkt 210 750 0.28 1
Pkt 210 750 0.28 1
Rate:560.417
==========
==========72
3 0 2 24000
Node 42 37 15.2643
Pkt 28 100 0.28 1
Pkt 42 150 0.28 1
Node 29 29 29.6985
Pkt 90 320 0.28125 1
Pkt 105 375 0.28 1
Node 68 59 20.1246
Pkt 210 750 0.28 1
Pkt 210 750 0.28 1
Rate:560.417
==========
==========73
3 0 2 24000
Node 44 27 23.7697
Pkt 54 192 0.28125 1
Pkt 54 192 0.28125 1
Node 74 50 24
Pkt 112 400 0.28 1
Pkt 84 300 0.28 1
Node 28 27 31.8277
Pkt 210 750 0.28 1
Pkt 210 750 0.28 1
Rate:560.833
==========
==========74
3 0 2 24000
Node 74 71 31.8904
Pkt 54 192 0.28125 1
Pkt 54 192 0.28125 1
Node 40 65 18.0278
Pkt 105 375 0.28 1
Pkt 135 480 0.28125 1
Node 48 46 4.47214
Pkt 210 750 0.28 1
Pkt 224 800 0.28 1
Rate:561.25
==========
==========75
3 0 2 24000
Node 47 72 22.2036
Pkt 35 125 0.28 1
Pkt 70 250 0.28 1
Node 38 44 13.4164
Pkt 135 480 0.28125 1
Pkt 90 320 0.28125 1
Node 58 44 10
Pkt 224 800 0.28 1
Pkt 210 750 0.28 1
Rate:560.833
==========
==========76
3 0 2 24000
Node 51 48 2.23607
Pkt 28 100 0.28 1
Pkt 54 192 0.28125 1
Node 42 61 13.6015
Pkt 112 400 0.28 1
Pkt 90 320 0.28125 1
Node 55 61 12.083
Pkt 210 750 0.28 1
Pkt 224 800 0.28 1
Rate:560.833
==========
==========77
3 0 2 24000
Node 58 55 9.43398
Pkt 70 250 0.28 1
Pkt 35 125 0.28 1
Node 41 26 25.632
Pkt 105 375 0.28 1
Pkt 105 375 0.28 1
Node 69 38 22.4722
Pkt 210 750 0.28 1
Pkt 224 800 0.28 1
Rate:560
==========
==========78
3 0 2 24000
Node 64 25 28.6531
Pkt 34 120 0.283333 1
Pkt 56 200 0.28 1
Node 62 43 13.8924
Pkt 112 400 0.28 1
Pkt 112 400 0.28 1
Node 51 26 24.0208
Pkt 224 800 0.28 1
Pkt 224 800 0.28 1
Rate:561.111
==========
==========79
3 0 2 24000
Node 25 32 30.8058
Pkt 45 160 0.28125 1
Pkt 34 120 0.283333 1
Node 50 30 20
Pkt 84 300 0.28 1
Pkt 105 375 0.28 1
Node 26 30 31.241
Pkt 210 750 0.28 1
Pkt 224 800 0.28 1
Rate:561.528
==========
==========80
3 0 2 24000
Node 39 56 12.53
Pkt 35 125 0.28 1
Pkt 28 100 0.28 1
Node 25 27 33.9706
Pkt 135 480 0.28125 1
Pkt 135 480 0.28125 1
Node 70 52 20.0998
Pkt 210 750 0.28 1
Pkt 210 750 0.28 1
Rate:560.833
==========
==========81
3 0 2 24000
Node 36 71 25.2389
Pkt 56 200 0.28 1
Pkt 34 120 0.283333 1
Node 28 48 22.0907
Pkt 135 480 0.28125 1
Pkt 105 375 0.28 1
Node 60 25 26.9258
Pkt 224 800 0.28 1
Pkt 224 800 0.28 1
Rate:561.528
==========
==========82
3 0 2 24000
Node 28 54 22.3607
Pkt 68 240 0.283333 1
Pkt 68 240 0.283333 1
Node 48 68 18.1108
Pkt 90 320 0.28125 1
Pkt 105 375 0.28 1
Node 45 71 21.587
Pkt 210 750 0.28 1
Pkt 210 750 0.28 1
Rate:562.639
==========
==========83
3 0 2 24000
Node 62 64 18.4391
Pkt 70 250 0.28 1
Pkt 70 250 0.28 1
Node 68 72 28.4253
Pkt 84 300 0.28 1
Pkt 112 400 0.28 1
Node 58 70 21.5407
Pkt 224 800 0.28 1
Pkt 210 750 0.28 1
Rate:560
==========
==========84
3 0 2 24000
Node 38 70 23.3238
Pkt 54 192 0.28125 1
Pkt 68 240 0.283333 1
Node 34 46 16.4924
Pkt 84 300 0.28 1
Pkt 135 480 0.28125 1
Node 70 70 28.2843
Pkt 224 800 0.28 1
Pkt 210 750 0.28 1
Rate:561.944
==========
==========85
3 0 2 24000
Node 39 59 14.2127
Pkt 35 125 0.28 1
Pkt 35 125 0.28 1
Node 54 62 12.6491
Pkt 105 375 0.28 1
Pkt 84 300 0.28 1
Node 32 66 24.0832
Pkt 224 800 0.28 1
Pkt 210 750 0.28 1
Rate:560
==========
==========86
3 0 2 24000
Node 39 65 18.6011
Pkt 54 192 0.28125 1
Pkt 68 240 0.283333 1
Node 43 63 14.7648
Pkt 84 300 0.28 1
Pkt 84 300 0.28 1
Node 43 30 21.1896
Pkt 224 800 0.28 1
Pkt 224 800 0.28 1
Rate:561.528
==========
==========87
3 0 2 24000
Node 40 27 25.0799
Pkt 45 160 0.28125 1
Pkt 34 120 0.283333 1
Node 53 28 22.2036
Pkt 84 300 0.28 1
Pkt 84 300 0.28 1
Node 62 27 25.9422
Pkt 210 750 0.28 1
Pkt 210 750 0.28 1
Rate:561.528
==========
==========88
3 0 2 24000
Node 49 35 15.0333
Pkt 56 200 0.28 1
Pkt 42 150 0.28 1
Node 67 31 25.4951
Pkt 135 480 0.28125 1
Pkt 105 375 0.28 1
Node 51 43 7.07107
Pkt 210 750 0.28 1
Pkt 224 800 0.28 1
Rate:560.417
==========
==========89
3 0 2 24000
Node 53 72 22.2036
Pkt 34 120 0.283333 1
Pkt 35 125 0.28 1
Node 67 33 24.0416
Pkt 84 300 0.28 1
Pkt 90 320 0.28125 1
Node 59 68 20.1246
Pkt 224 800 0.28 1
Pkt 210 750 0.28 1
Rate:561.528
==========
==========90
3 0 2 24000
Node 28 36 26.0768
Pkt 35 125 0.28 1
Pkt 28 100 0.28 1
Node 53 62 12.3693
Pkt 84 300 0.28 1
Pkt 90 320 0.28125 1
Node 51 59 9.05539
Pkt 224 800 0.28 1
Pkt 224 800 0.28 1
Rate:560.417
==========
==========91
3 0 2 24000
Node 64 72 26.0768
Pkt 42 150 0.28 1
Pkt 56 200 0.28 1
Node 61 27 25.4951
Pkt 84 300 0.28 1
Pkt 105 375 0.28 1
Node 38 61 16.2788
Pkt 224 800 0.28 1
Pkt 224 800 0.28 1
Rate:560
==========
==========92
3 0 2 24000
Node 62 36 18.4391
Pkt 42 150 0.28 1
Pkt 45 160 0.28125 1
Node 53 55 5.83095
Pkt 112 400 0.28 1
Pkt 135 480 0.28125 1
Node 63 30 23.8537
Pkt 224 800 0.28 1
Pkt 224 800 0.28 1
Rate:560.833
==========
==========93
3 0 2 24000
Node 30 28 29.7321
Pkt 28 100 0.28 1
Pkt 34 120 0.283333 1
Node 54 60 10.7703
Pkt 90 320 0.28125 1
Pkt 90 320 0.28125 1
Node 28 71 30.4138
Pkt 210 750 0.28 1
Pkt 210 750 0.28 1
Rate:561.944
==========
==========94
3 0 2 24000
Node 65 69 24.2074
Pkt 70 250 0.28 1
Pkt 34 120 0.283333 1
Node 68 67 24.7588
Pkt 135 480 0.28125 1
Pkt 84 300 0.28 1
Node 37 50 13
Pkt 210 750 0.28 1
Pkt 224 800 0.28 1
Rate:561.528
==========
==========95
3 0 2 24000
Node 38 25 27.7308
Pkt 35 125 0.28 1
Pkt 28 100 0.28 1
Node 69 26 30.6105
Pkt 112 400 0.28 1
Pkt 135 480 0.28125 1
Node 27 68 29.2062
Pkt 224 800 0.28 1
Pkt 224 800 0.28 1
Rate:560.417
==========
==========96
3 0 2 24000
Node 50 53 3
Pkt 42 150 0.28 1
Pkt 34 120 0.283333 1
Node 44 36 15.2315
Pkt 112 400 0.28 1
Pkt 135 480 0.28125 1
Node 71 63 24.6982
Pkt 224 800 0.28 1
Pkt 224 800 0.28 1
Rate:561.528
==========
==========97
3 0 2 24000
Node 37 49 13.0384
Pkt 45 160 0.28125 1
Pkt 68 240 0.283333 1
Node 39 29 23.7065
Pkt 90 320 0.28125 1
Pkt 90 320 0.28125 1
Node 57 38 13.8924
Pkt 224 800 0.28 1
Pkt 224 800 0.28 1
Rate:562.361
==========
==========98
3 0 2 24000
Node 63 36 19.105
Pkt 42 150 0.28 1
Pkt 45 160 0.28125 1
Node 59 29 22.8473
Pkt 112 400 0.28 1
Pkt 112 400 0.28 1
Node 52 38 12.1655
Pkt 224 800 0.28 1
Pkt 224 800 0.28 1
Rate:560.417
==========
==========99
