3 0 2 24000
Node 55 69 19.6469
Pkt 77 192 0.401042 1
Pkt 40 100 0.4 1
Node 49 68 18.0278
Pkt 150 375 0.4 1
Pkt 160 400 0.4 1
Node 37 26 27.2947
Pkt 320 800 0.4 1
Pkt 320 800 0.4 1
Rate:800.347
==========
==========0
3 0 2 24000
Node 42 30 21.5407
Pkt 100 250 0.4 1
Pkt 80 200 0.4 1
Node 51 29 21.0238
Pkt 160 400 0.4 1
Pkt 120 300 0.4 1
Node 41 40 13.4536
Pkt 300 750 0.4 1
Pkt 320 800 0.4 1
Rate:800
==========
==========1
3 0 2 24000
Node 53 25 25.1794
Pkt 48 120 0.4 1
Pkt 48 120 0.4 1
Node 71 70 29
Pkt 192 480 0.4 1
Pkt 192 480 0.4 1
Node 42 25 26.2488
Pkt 300 750 0.4 1
Pkt 300 750 0.4 1
Rate:800
==========
==========2
3 0 2 24000
Node 67 33 24.0416
Pkt 60 150 0.4 1
Pkt 64 160 0.4 1
Node 43 38 13.8924
Pkt 192 480 0.4 1
Pkt 128 320 0.4 1
Node 34 59 18.3576
Pkt 320 800 0.4 1
Pkt 300 750 0.4 1
Rate:800
==========
==========3
3 0 2 24000
Node 69 33 25.4951
Pkt 48 120 0.4 1
Pkt 80 200 0.4 1
Node 28 35 26.6271
Pkt 160 400 0.4 1
Pkt 160 400 0.4 1
Node 56 47 6.7082
Pkt 300 750 0.4 1
Pkt 300 750 0.4 1
Rate:800
==========
==========4
3 0 2 24000
Node 65 36 20.5183
Pkt 64 160 0.4 1
Pkt 80 200 0.4 1
Node 35 30 25
Pkt 160 400 0.4 1
Pkt 150 375 0.4 1
Node 71 34 26.4008
Pkt 300 750 0.4 1
Pkt 300 750 0.4 1
Rate:800
==========
==========5
3 0 2 24000
Node 57 71 22.1359
Pkt 50 125 0.4 1
Pkt 100 250 0.4 1
Node 31 57 20.2485
Pkt 128 320 0.4 1
Pkt 120 300 0.4 1
Node 73 36 26.9258
Pkt 320 800 0.4 1
Pkt 320 800 0.4 1
Rate:800
==========
==========6
3 0 2 24000
Node 29 72 30.4138
Pkt 50 125 0.4 1
Pkt 77 192 0.401042 1
Node 30 41 21.9317
Pkt 128 320 0.4 1
Pkt 192 480 0.4 1
Node 34 50 16
Pkt 320 800 0.4 1
Pkt 320 800 0.4 1
Rate:800.347
==========
==========7
3 0 2 24000
Node 44 65 16.1555
Pkt 80 200 0.4 1
Pkt 50 125 0.4 1
Node 27 40 25.0799
Pkt 128 320 0.4 1
Pkt 150 375 0.4 1
Node 55 38 13
Pkt 300 750 0.4 1
Pkt 320 800 0.4 1
Rate:800
==========
==========8
3 0 2 24000
Node 28 38 25.0599
Pkt 48 120 0.4 1
Pkt 60 150 0.4 1
Node 46 74 24.3311
Pkt 150 375 0.4 1
Pkt 160 400 0.4 1
Node 35 39 18.6011
Pkt 300 750 0.4 1
Pkt 300 750 0.4 1
Rate:800
==========
==========9
3 0 2 24000
Node 37 60 16.4012
Pkt 64 160 0.4 1
Pkt 50 125 0.4 1
Node 65 63 19.8494
Pkt 120 300 0.4 1
Pkt 120 300 0.4 1
Node 46 53 5
Pkt 320 800 0.4 1
Pkt 300 750 0.4 1
Rate:800
==========
==========10
3 0 2 24000
Node 73 45 23.5372
Pkt 64 160 0.4 1
Pkt 96 240 0.4 1
Node 56 55 7.81025
Pkt 192 480 0.4 1
Pkt 192 480 0.4 1
Node 65 25 29.1548
Pkt 320 800 0.4 1
Pkt 300 750 0.4 1
Rate:800
==========
==========11
3 0 2 24000
Node 62 72 25.0599
Pkt 50 125 0.4 1
Pkt 100 250 0.4 1
Node 35 70 25
Pkt 160 400 0.4 1
Pkt 128 320 0.4 1
Node 61 73 25.4951
Pkt 300 750 0.4 1
Pkt 300 750 0.4 1
Rate:800
==========
==========12
3 0 2 24000
Node 34 57 17.4642
Pkt 77 192 0.401042 1
Pkt 40 100 0.4 1
Node 65 47 15.2971
Pkt 192 480 0.4 1
Pkt 128 320 0.4 1
Node 43 41 11.4018
Pkt 320 800 0.4 1
Pkt 300 750 0.4 1
Rate:800.347
==========
==========13
3 0 2 24000
Node 25 61 27.313
Pkt 48 120 0.4 1
Pkt 80 200 0.4 1
Node 30 41 21.9317
Pkt 128 320 0.4 1
Pkt 192 480 0.4 1
Node 69 25 31.4006
Pkt 320 800 0.4 1
Pkt 300 750 0.4 1
Rate:800
==========
==========14
3 0 2 24000
Node 39 57 13.0384
Pkt 48 120 0.4 1
Pkt 96 240 0.4 1
Node 65 43 16.5529
Pkt 120 300 0.4 1
Pkt 120 300 0.4 1
Node 41 37 15.8114
Pkt 320 800 0.4 1
Pkt 320 800 0.4 1
Rate:800
==========
==========15
3 0 2 24000
Node 53 25 25.1794
Pkt 50 125 0.4 1
Pkt 77 192 0.401042 1
Node 39 63 17.0294
Pkt 150 375 0.4 1
Pkt 128 320 0.4 1
Node 39 31 21.9545
Pkt 320 800 0.4 1
Pkt 320 800 0.4 1
Rate:800.347
==========
==========16
3 0 2 24000
Node 60 37 16.4012
Pkt 80 200 0.4 1
Pkt 48 120 0.4 1
Node 67 27 28.6007
Pkt 160 400 0.4 1
Pkt 128 320 0.4 1
Node 27 33 28.6007
Pkt 300 750 0.4 1
Pkt 320 800 0.4 1
Rate:800
==========
==========17
3 0 2 24000
Node 35 59 17.4929
Pkt 80 200 0.4 1
Pkt 80 200 0.4 1
Node 49 62 12.0416
Pkt 120 300 0.4 1
Pkt 120 300 0.4 1
Node 65 51 15.0333
Pkt 300 750 0.4 1
Pkt 300 750 0.4 1
Rate:800
==========
==========18
3 0 2 24000
Node 44 74 24.7386
Pkt 48 120 0.4 1
Pkt 64 160 0.4 1
Node 59 42 12.0416
Pkt 150 375 0.4 1
Pkt 192 480 0.4 1
Node 60 37 16.4012
Pkt 320 800 0.4 1
Pkt 300 750 0.4 1
Rate:800
==========
==========19
3 0 2 24000
Node 29 62 24.1868
Pkt 100 250 0.4 1
Pkt 77 192 0.401042 1
Node 37 57 14.7648
Pkt 192 480 0.4 1
Pkt 192 480 0.4 1
Node 66 54 16.4924
Pkt 300 750 0.4 1
Pkt 320 800 0.4 1
Rate:800.347
==========
==========20
3 0 2 24000
Node 37 40 16.4012
Pkt 60 150 0.4 1
Pkt 50 125 0.4 1
Node 71 74 31.8904
Pkt 160 400 0.4 1
Pkt 128 320 0.4 1
Node 32 30 26.9072
Pkt 300 750 0.4 1
Pkt 320 800 0.4 1
Rate:800
==========
==========21
3 0 2 24000
Node 72 50 22
Pkt 50 125 0.4 1
Pkt 40 100 0.4 1
Node 53 31 19.2354
Pkt 150 375 0.4 1
Pkt 160 400 0.4 1
Node 34 65 21.9317
Pkt 320 800 0.4 1
Pkt 300 750 0.4 1
Rate:800
==========
==========22
3 0 2 24000
Node 29 53 21.2132
Pkt 40 100 0.4 1
Pkt 64 160 0.4 1
Node 63 38 17.6918
Pkt 150 375 0.4 1
Pkt 160 400 0.4 1
Node 52 54 4.47214
Pkt 320 800 0.4 1
Pkt 320 800 0.4 1
Rate:800
==========
==========23
3 0 2 24000
Node 59 67 19.2354
Pkt 48 120 0.4 1
Pkt 80 200 0.4 1
Node 69 73 29.8329
Pkt 120 300 0.4 1
Pkt 160 400 0.4 1
Node 35 66 21.9317
Pkt 300 750 0.4 1
Pkt 300 750 0.4 1
Rate:800
==========
==========24
3 0 2 24000
Node 54 38 12.6491
Pkt 80 200 0.4 1
Pkt 40 100 0.4 1
Node 46 38 12.6491
Pkt 150 375 0.4 1
Pkt 192 480 0.4 1
Node 42 35 17
Pkt 320 800 0.4 1
Pkt 300 750 0.4 1
Rate:800
==========
==========25
3 0 2 24000
Node 46 72 22.3607
Pkt 50 125 0.4 1
Pkt 40 100 0.4 1
Node 50 58 8
Pkt 192 480 0.4 1
Pkt 120 300 0.4 1
Node 37 58 15.2643
Pkt 300 750 0.4 1
Pkt 320 800 0.4 1
Rate:800
==========
==========26
3 0 2 24000
Node 46 33 17.4642
Pkt 64 160 0.4 1
Pkt 80 200 0.4 1
Node 35 28 26.6271
Pkt 192 480 0.4 1
Pkt 192 480 0.4 1
Node 28 60 24.1661
Pkt 300 750 0.4 1
Pkt 300 750 0.4 1
Rate:800
==========
==========27
3 0 2 24000
Node 56 47 6.7082
Pkt 40 100 0.4 1
Pkt 48 120 0.4 1
Node 50 46 4
Pkt 150 375 0.4 1
Pkt 160 400 0.4 1
Node 48 42 8.24621
Pkt 300 750 0.4 1
Pkt 320 800 0.4 1
Rate:800
==========
==========28
3 0 2 24000
Node 40 34 18.868
Pkt 96 240 0.4 1
Pkt 96 240 0.4 1
Node 36 40 17.2047
Pkt 160 400 0.4 1
Pkt 120 300 0.4 1
Node 74 50 24
Pkt 300 750 0.4 1
Pkt 320 800 0.4 1
Rate:800
==========
==========29
3 0 2 24000
Node 58 53 8.544
Pkt 80 200 0.4 1
Pkt 96 240 0.4 1
Node 51 70 20.025
Pkt 128 320 0.4 1
Pkt 128 320 0.4 1
Node 27 42 24.3516
Pkt 320 800 0.4 1
Pkt 320 800 0.4 1
Rate:800
==========
==========30
3 0 2 24000
Node 40 38 15.6205
Pkt 50 125 0.4 1
Pkt 77 192 0.401042 1
Node 60 40 14.1421
Pkt 192 480 0.4 1
Pkt 160 400 0.4 1
Node 62 71 24.1868
Pkt 300 750 0.4 1
Pkt 300 750 0.4 1
Rate:800.347
==========
==========31
3 0 2 24000
Node 32 32 25.4558
Pkt 64 160 0.4 1
Pkt 40 100 0.4 1
Node 49 59 9.05539
Pkt 150 375 0.4 1
Pkt 120 300 0.4 1
Node 72 54 22.3607
Pkt 300 750 0.4 1
Pkt 300 750 0.4 1
Rate:800
==========
==========32
3 0 2 24000
Node 25 39 27.313
Pkt 40 100 0.4 1
Pkt 64 160 0.4 1
Node 34 55 16.7631
Pkt 120 300 0.4 1
Pkt 128 320 0.4 1
Node 67 53 17.2627
Pkt 320 800 0.4 1
Pkt 320 800 0.4 1
Rate:800
==========
==========33
3 0 2 24000
Node 33 67 24.0416
Pkt 64 160 0.4 1
Pkt 60 150 0.4 1
Node 49 56 6.08276
Pkt 150 375 0.4 1
Pkt 120 300 0.4 1
Node 71 29 29.6985
Pkt 300 750 0.4 1
Pkt 320 800 0.4 1
Rate:800
==========
==========34
3 0 2 24000
Node 63 69 23.0217
Pkt 48 120 0.4 1
Pkt 50 125 0.4 1
Node 68 32 25.4558
Pkt 160 400 0.4 1
Pkt 120 300 0.4 1
Node 64 57 15.6525
Pkt 300 750 0.4 1
Pkt 300 750 0.4 1
Rate:800
==========
==========35
3 0 2 24000
Node 54 32 18.4391
Pkt 48 120 0.4 1
Pkt 48 120 0.4 1
Node 70 69 27.5862
Pkt 128 320 0.4 1
Pkt 128 320 0.4 1
Node 61 59 14.2127
Pkt 300 750 0.4 1
Pkt 300 750 0.4 1
Rate:800
==========
==========36
3 0 2 24000
Node 38 25 27.7308
Pkt 40 100 0.4 1
Pkt 77 192 0.401042 1
Node 50 74 24
Pkt 160 400 0.4 1
Pkt 128 320 0.4 1
Node 69 49 19.0263
Pkt 300 750 0.4 1
Pkt 320 800 0.4 1
Rate:800.347
==========
==========37
3 0 2 24000
Node 67 38 20.8087
Pkt 64 160 0.4 1
Pkt 64 160 0.4 1
Node 33 66 23.3452
Pkt 192 480 0.4 1
Pkt 128 320 0.4 1
Node 34 36 21.2603
Pkt 320 800 0.4 1
Pkt 320 800 0.4 1
Rate:800
==========
==========38
3 0 2 24000
Node 33 56 18.0278
Pkt 100 250 0.4 1
Pkt 80 200 0.4 1
Node 40 42 12.8062
Pkt 128 320 0.4 1
Pkt 192 480 0.4 1
Node 28 40 24.1661
Pkt 300 750 0.4 1
Pkt 320 800 0.4 1
Rate:800
==========
==========39
3 0 2 24000
Node 68 45 18.6815
Pkt 60 150 0.4 1
Pkt 64 160 0.4 1
Node 64 54 14.5602
Pkt 192 480 0.4 1
Pkt 120 300 0.4 1
Node 59 39 14.2127
Pkt 320 800 0.4 1
Pkt 300 750 0.4 1
Rate:800
==========
==========40
3 0 2 24000
Node 47 56 6.7082
Pkt 80 200 0.4 1
Pkt 50 125 0.4 1
Node 59 28 23.7697
Pkt 150 375 0.4 1
Pkt 150 375 0.4 1
Node 45 45 7.07107
Pkt 300 750 0.4 1
Pkt 300 750 0.4 1
Rate:800
==========
==========41
3 0 2 24000
Node 29 67 27.0185
Pkt 77 192 0.401042 1
Pkt 50 125 0.4 1
Node 50 25 25
Pkt 192 480 0.4 1
Pkt 120 300 0.4 1
Node 48 43 7.28011
Pkt 300 750 0.4 1
Pkt 320 800 0.4 1
Rate:800.347
==========
==========42
3 0 2 24000
Node 62 43 13.8924
Pkt 80 200 0.4 1
Pkt 96 240 0.4 1
Node 37 37 18.3848
Pkt 150 375 0.4 1
Pkt 192 480 0.4 1
Node 53 40 10.4403
Pkt 320 800 0.4 1
Pkt 300 750 0.4 1
Rate:800
==========
==========43
3 0 2 24000
Node 40 66 18.868
Pkt 40 100 0.4 1
Pkt 64 160 0.4 1
Node 60 59 13.4536
Pkt 160 400 0.4 1
Pkt 160 400 0.4 1
Node 51 46 4.12311
Pkt 320 800 0.4 1
Pkt 300 750 0.4 1
Rate:800
==========
==========44
3 0 2 24000
Node 53 25 25.1794
Pkt 50 125 0.4 1
Pkt 40 100 0.4 1
Node 37 30 23.8537
Pkt 160 400 0.4 1
Pkt 120 300 0.4 1
Node 48 54 4.47214
Pkt 320 800 0.4 1
Pkt 300 750 0.4 1
Rate:800
==========
==========45
3 0 2 24000
Node 32 51 18.0278
Pkt 100 250 0.4 1
Pkt 96 240 0.4 1
Node 67 69 25.4951
Pkt 128 320 0.4 1
Pkt 150 375 0.4 1
Node 65 74 28.3019
Pkt 300 750 0.4 1
Pkt 320 800 0.4 1
Rate:800
==========
==========46
3 0 2 24000
Node 64 54 14.5602
Pkt 96 240 0.4 1
Pkt 48 120 0.4 1
Node 49 39 11.0454
Pkt 150 375 0.4 1
Pkt 120 300 0.4 1
Node 48 54 4.47214
Pkt 300 750 0.4 1
Pkt 300 750 0.4 1
Rate:800
==========
==========47
3 0 2 24000
Node 51 25 25.02
Pkt 40 100 0.4 1
Pkt 64 160 0.4 1
Node 61 31 21.9545
Pkt 150 375 0.4 1
Pkt 128 320 0.4 1
Node 72 46 22.3607
Pkt 300 750 0.4 1
Pkt 300 750 0.4 1
Rate:800
==========
==========48
3 0 2 24000
Node 60 29 23.2594
Pkt 60 150 0.4 1
Pkt 48 120 0.4 1
Node 27 74 33.2415
Pkt 120 300 0.4 1
Pkt 128 320 0.4 1
Node 46 60 10.7703
Pkt 300 750 0.4 1
Pkt 320 800 0.4 1
Rate:800
==========
==========49
3 0 2 24000
Node 68 66 24.0832
Pkt 77 192 0.401042 1
Pkt 60 150 0.4 1
Node 60 34 18.868
Pkt 160 400 0.4 1
Pkt 192 480 0.4 1
Node 41 32 20.1246
Pkt 320 800 0.4 1
Pkt 320 800 0.4 1
Rate:800.347
==========
==========50
3 0 2 24000
Node 39 35 18.6011
Pkt 80 200 0.4 1
Pkt 96 240 0.4 1
Node 68 57 19.3132
Pkt 160 400 0.4 1
Pkt 150 375 0.4 1
Node 27 51 23.0217
Pkt 300 750 0.4 1
Pkt 300 750 0.4 1
Rate:800
==========
==========51
3 0 2 24000
Node 74 37 27.2947
Pkt 48 120 0.4 1
Pkt 96 240 0.4 1
Node 73 47 23.1948
Pkt 128 320 0.4 1
Pkt 192 480 0.4 1
Node 29 60 23.2594
Pkt 300 750 0.4 1
Pkt 320 800 0.4 1
Rate:800
==========
==========52
3 0 2 24000
Node 33 41 19.2354
Pkt 100 250 0.4 1
Pkt 60 150 0.4 1
Node 51 57 7.07107
Pkt 192 480 0.4 1
Pkt 120 300 0.4 1
Node 59 54 9.84886
Pkt 300 750 0.4 1
Pkt 300 750 0.4 1
Rate:800
==========
==========53
3 0 2 24000
Node 42 29 22.4722
Pkt 40 100 0.4 1
Pkt 77 192 0.401042 1
Node 68 58 19.6977
Pkt 128 320 0.4 1
Pkt 192 480 0.4 1
Node 73 67 28.6007
Pkt 320 800 0.4 1
Pkt 300 750 0.4 1
Rate:800.347
==========
==========54
3 0 2 24000
Node 43 74 25
Pkt 48 120 0.4 1
Pkt 60 150 0.4 1
Node 29 56 21.8403
Pkt 128 320 0.4 1
Pkt 128 320 0.4 1
Node 57 72 23.0868
Pkt 300 750 0.4 1
Pkt 300 750 0.4 1
Rate:800
==========
==========55
3 0 2 24000
Node 36 60 17.2047
Pkt 64 160 0.4 1
Pkt 50 125 0.4 1
Node 34 29 26.4008
Pkt 192 480 0.4 1
Pkt 150 375 0.4 1
Node 62 58 14.4222
Pkt 320 800 0.4 1
Pkt 300 750 0.4 1
Rate:800
==========
==========56
3 0 2 24000
Node 46 74 24.3311
Pkt 60 150 0.4 1
Pkt 48 120 0.4 1
Node 71 35 25.807
Pkt 120 300 0.4 1
Pkt 128 320 0.4 1
Node 29 44 21.8403
Pkt 300 750 0.4 1
Pkt 300 750 0.4 1
Rate:800
==========
==========57
3 0 2 24000
Node 58 73 24.3516
Pkt 96 240 0.4 1
Pkt 60 150 0.4 1
Node 70 28 29.7321
Pkt 160 400 0.4 1
Pkt 128 320 0.4 1
Node 54 61 11.7047
Pkt 300 750 0.4 1
Pkt 300 750 0.4 1
Rate:800
==========
==========58
3 0 2 24000
Node 59 66 18.3576
Pkt 50 125 0.4 1
Pkt 96 240 0.4 1
Node 55 66 16.7631
Pkt 192 480 0.4 1
Pkt 192 480 0.4 1
Node 45 27 23.5372
Pkt 320 800 0.4 1
Pkt 320 800 0.4 1
Rate:800
==========
==========59
3 0 2 24000
Node 44 73 23.7697
Pkt 48 120 0.4 1
Pkt 60 150 0.4 1
Node 71 46 21.3776
Pkt 192 480 0.4 1
Pkt 120 300 0.4 1
Node 54 53 5
Pkt 300 750 0.4 1
Pkt 300 750 0.4 1
Rate:800
==========
==========60
3 0 2 24000
Node 43 57 9.89949
Pkt 40 100 0.4 1
Pkt 64 160 0.4 1
Node 74 36 27.7849
Pkt 192 480 0.4 1
Pkt 192 480 0.4 1
Node 41 57 11.4018
Pkt 320 800 0.4 1
Pkt 300 750 0.4 1
Rate:800
==========
==========61
3 0 2 24000
Node 59 57 11.4018
Pkt 96 240 0.4 1
Pkt 48 120 0.4 1
Node 63 59 15.8114
Pkt 150 375 0.4 1
Pkt 160 400 0.4 1
Node 36 31 23.6008
Pkt 320 800 0.4 1
Pkt 300 750 0.4 1
Rate:800
==========
==========62
3 0 2 24000
Node 47 57 7.61577
Pkt 64 160 0.4 1
Pkt 64 160 0.4 1
Node 70 74 31.241
Pkt 150 375 0.4 1
Pkt 150 375 0.4 1
Node 38 46 12.6491
Pkt 320 800 0.4 1
Pkt 320 800 0.4 1
Rate:800
==========
==========63
3 0 2 24000
Node 54 73 23.3452
Pkt 77 192 0.401042 1
Pkt 80 200 0.4 1
Node 68 43 19.3132
Pkt 160 400 0.4 1
Pkt 150 375 0.4 1
Node 71 59 22.8473
Pkt 300 750 0.4 1
Pkt 300 750 0.4 1
Rate:800.347
==========
==========64
3 0 2 24000
Node 30 25 32.0156
Pkt 96 240 0.4 1
Pkt 64 160 0.4 1
Node 51 69 19.0263
Pkt 160 400 0.4 1
Pkt 192 480 0.4 1
Node 62 31 22.4722
Pkt 320 800 0.4 1
Pkt 320 800 0.4 1
Rate:800
==========
==========65
3 0 2 24000
Node 56 59 10.8167
Pkt 48 120 0.4 1
Pkt 96 240 0.4 1
Node 71 60 23.2594
Pkt 160 400 0.4 1
Pkt 120 300 0.4 1
Node 60 61 14.8661
Pkt 320 800 0.4 1
Pkt 300 750 0.4 1
Rate:800
==========
==========66
3 0 2 24000
Node 64 74 27.7849
Pkt 50 125 0.4 1
Pkt 80 200 0.4 1
Node 55 44 7.81025
Pkt 150 375 0.4 1
Pkt 150 375 0.4 1
Node 29 28 30.4138
Pkt 320 800 0.4 1
Pkt 320 800 0.4 1
Rate:800
==========
==========67
3 0 2 24000
Node 52 41 9.21954
Pkt 40 100 0.4 1
Pkt 96 240 0.4 1
Node 48 54 4.47214
Pkt 120 300 0.4 1
Pkt 150 375 0.4 1
Node 72 73 31.8277
Pkt 300 750 0.4 1
Pkt 320 800 0.4 1
Rate:800
==========
==========68
3 0 2 24000
Node 36 64 19.799
Pkt 50 125 0.4 1
Pkt 50 125 0.4 1
Node 46 31 19.4165
Pkt 120 300 0.4 1
Pkt 160 400 0.4 1
Node 36 57 15.6525
Pkt 300 750 0.4 1
Pkt 320 800 0.4 1
Rate:800
==========
==========69
3 0 2 24000
Node 63 68 22.2036
Pkt 96 240 0.4 1
Pkt 60 150 0.4 1
Node 51 61 11.0454
Pkt 150 375 0.4 1
Pkt 160 400 0.4 1
Node 62 36 18.4391
Pkt 320 800 0.4 1
Pkt 320 800 0.4 1
Rate:800
==========
==========70
3 0 2 24000
Node 72 36 26.0768
Pkt 77 192 0.401042 1
Pkt 64 160 0.4 1
Node 68 29 27.6586
Pkt 192 480 0.4 1
Pkt 120 300 0.4 1
Node 43 31 20.2485
Pkt 320 800 0.4 1
Pkt 320 800 0.4 1
Rate:800.347
==========
==========71
3 0 2 24000
Node 53 68 18.2483
Pkt 80 200 0.4 1
Pkt 60 150 0.4 1
Node 50 69 19
Pkt 128 320 0.4 1
Pkt 192 480 0.4 1
Node 47 54 5
Pkt 300 750 0.4 1
Pkt 300 750 0.4 1
Rate:800
==========
==========72
3 0 2 24000
Node 69 58 20.6155
Pkt 100 250 0.4 1
Pkt 50 125 0.4 1
Node 60 32 20.5913
Pkt 192 480 0.4 1
Pkt 128 320 0.4 1
Node 44 46 7.2111
Pkt 320 800 0.4 1
Pkt 300 750 0.4 1
Rate:800
==========
==========73
3 0 2 24000
Node 59 57 11.4018
Pkt 80 200 0.4 1
Pkt 100 250 0.4 1
Node 34 32 24.0832
Pkt 150 375 0.4 1
Pkt 160 400 0.4 1
Node 65 42 17
Pkt 300 750 0.4 1
Pkt 320 800 0.4 1
Rate:800
==========
==========74
3 0 2 24000
Node 56 33 18.0278
Pkt 77 192 0.401042 1
Pkt 96 240 0.4 1
Node 30 74 31.241
Pkt 150 375 0.4 1
Pkt 150 375 0.4 1
Node 44 73 23.7697
Pkt 320 800 0.4 1
Pkt 320 800 0.4 1
Rate:800.347
==========
==========75
3 0 2 24000
Node 31 52 19.105
Pkt 64 160 0.4 1
Pkt 100 250 0.4 1
Node 34 72 27.2029
Pkt 150 375 0.4 1
Pkt 120 300 0.4 1
Node 37 37 18.3848
Pkt 300 750 0.4 1
Pkt 320 800 0.4 1
Rate:800
==========
==========76
3 0 2 24000
Node 49 47 3.16228
Pkt 60 150 0.4 1
Pkt 50 125 0.4 1
Node 38 40 15.6205
Pkt 150 375 0.4 1
Pkt 150 375 0.4 1
Node 27 42 24.3516
Pkt 320 800 0.4 1
Pkt 300 750 0.4 1
Rate:800
==========
==========77
3 0 2 24000
Node 37 49 13.0384
Pkt 40 100 0.4 1
Pkt 64 160 0.4 1
Node 41 59 12.7279
Pkt 128 320 0.4 1
Pkt 128 320 0.4 1
Node 42 64 16.1245
Pkt 300 750 0.4 1
Pkt 300 750 0.4 1
Rate:800
==========
==========78
3 0 2 24000
Node 74 40 26
Pkt 77 192 0.401042 1
Pkt 100 250 0.4 1
Node 44 34 17.088
Pkt 160 400 0.4 1
Pkt 120 300 0.4 1
Node 48 37 13.1529
Pkt 320 800 0.4 1
Pkt 320 800 0.4 1
Rate:800.347
==========
==========79
3 0 2 24000
Node 35 45 15.8114
Pkt 48 120 0.4 1
Pkt 50 125 0.4 1
Node 51 43 7.07107
Pkt 120 300 0.4 1
Pkt 192 480 0.4 1
Node 50 60 10
Pkt 320 800 0.4 1
Pkt 320 800 0.4 1
Rate:800
==========
==========80
3 0 2 24000
Node 39 72 24.5967
Pkt 100 250 0.4 1
Pkt 40 100 0.4 1
Node 45 33 17.72
Pkt 160 400 0.4 1
Pkt 150 375 0.4 1
Node 48 34 16.1245
Pkt 300 750 0.4 1
Pkt 320 800 0.4 1
Rate:800
==========
==========81
3 0 2 24000
Node 30 66 25.6125
Pkt 77 192 0.401042 1
Pkt 40 100 0.4 1
Node 36 49 14.0357
Pkt 150 375 0.4 1
Pkt 150 375 0.4 1
Node 55 74 24.5153
Pkt 300 750 0.4 1
Pkt 300 750 0.4 1
Rate:800.347
==========
==========82
3 0 2 24000
Node 63 26 27.2947
Pkt 50 125 0.4 1
Pkt 48 120 0.4 1
Node 48 71 21.095
Pkt 160 400 0.4 1
Pkt 160 400 0.4 1
Node 38 32 21.6333
Pkt 300 750 0.4 1
Pkt 300 750 0.4 1
Rate:800
==========
==========83
3 0 2 24000
Node 31 64 23.6008
Pkt 48 120 0.4 1
Pkt 64 160 0.4 1
Node 68 67 24.7588
Pkt 192 480 0.4 1
Pkt 128 320 0.4 1
Node 68 57 19.3132
Pkt 320 800 0.4 1
Pkt 300 750 0.4 1
Rate:800
==========
==========84
3 0 2 24000
Node 48 57 7.28011
Pkt 100 250 0.4 1
Pkt 96 240 0.4 1
Node 46 63 13.6015
Pkt 192 480 0.4 1
Pkt 128 320 0.4 1
Node 73 45 23.5372
Pkt 300 750 0.4 1
Pkt 320 800 0.4 1
Rate:800
==========
==========85
3 0 2 24000
Node 48 46 4.47214
Pkt 48 120 0.4 1
Pkt 64 160 0.4 1
Node 64 74 27.7849
Pkt 150 375 0.4 1
Pkt 192 480 0.4 1
Node 48 29 21.095
Pkt 300 750 0.4 1
Pkt 300 750 0.4 1
Rate:800
==========
==========86
3 0 2 24000
Node 61 43 13.0384
Pkt 100 250 0.4 1
Pkt 77 192 0.401042 1
Node 32 60 20.5913
Pkt 160 400 0.4 1
Pkt 160 400 0.4 1
Node 55 41 10.2956
Pkt 320 800 0.4 1
Pkt 320 800 0.4 1
Rate:800.347
==========
==========87
3 0 2 24000
Node 61 47 11.4018
Pkt 77 192 0.401042 1
Pkt 50 125 0.4 1
Node 42 34 17.8885
Pkt 160 400 0.4 1
Pkt 160 400 0.4 1
Node 43 63 14.7648
Pkt 320 800 0.4 1
Pkt 320 800 0.4 1
Rate:800.347
==========
==========88
3 0 2 24000
Node 30 60 22.3607
Pkt 40 100 0.4 1
Pkt 60 150 0.4 1
Node 34 39 19.4165
Pkt 160 400 0.4 1
Pkt 120 300 0.4 1
Node 60 52 10.198
Pkt 300 750 0.4 1
Pkt 320 800 0.4 1
Rate:800
==========
==========89
3 0 2 24000
Node 37 46 13.6015
Pkt 80 200 0.4 1
Pkt 50 125 0.4 1
Node 56 39 12.53
Pkt 160 400 0.4 1
Pkt 160 400 0.4 1
Node 27 49 23.0217
Pkt 320 800 0.4 1
Pkt 300 750 0.4 1
Rate:800
==========
==========90
3 0 2 24000
Node 35 58 17
Pkt 50 125 0.4 1
Pkt 100 250 0.4 1
Node 56 43 9.21954
Pkt 150 375 0.4 1
Pkt 150 375 0.4 1
Node 39 39 15.5563
Pkt 300 750 0.4 1
Pkt 300 750 0.4 1
Rate:800
==========
==========91
3 0 2 24000
Node 72 74 32.5576
Pkt 60 150 0.4 1
Pkt 100 250 0.4 1
Node 51 65 15.0333
Pkt 128 320 0.4 1
Pkt 160 400 0.4 1
Node 51 33 17.0294
Pkt 320 800 0.4 1
Pkt 300 750 0.4 1
Rate:800
==========
==========92
3 0 2 24000
Node 32 54 18.4391
Pkt 77 192 0.401042 1
Pkt 40 100 0.4 1
Node 32 65 23.4307
Pkt 192 480 0.4 1
Pkt 192 480 0.4 1
Node 55 62 13
Pkt 300 750 0.4 1
Pkt 320 800 0.4 1
Rate:800.347
==========
==========93
3 0 2 24000
Node 60 38 15.6205
Pkt 96 240 0.4 1
Pkt 48 120 0.4 1
Node 56 29 21.8403
Pkt 192 480 0.4 1
Pkt 128 320 0.4 1
Node 54 50 4
Pkt 300 750 0.4 1
Pkt 300 750 0.4 1
Rate:800
==========
==========94
3 0 2 24000
Node 38 50 12
Pkt 60 150 0.4 1
Pkt 48 120 0.4 1
Node 51 63 13.0384
Pkt 120 300 0.4 1
Pkt 192 480 0.4 1
Node 45 52 5.38516
Pkt 320 800 0.4 1
Pkt 300 750 0.4 1
Rate:800
==========
==========95
3 0 2 24000
Node 57 35 16.5529
Pkt 40 100 0.4 1
Pkt 48 120 0.4 1
Node 34 72 27.2029
Pkt 120 300 0.4 1
Pkt 160 400 0.4 1
Node 31 33 25.4951
Pkt 300 750 0.4 1
Pkt 320 800 0.4 1
Rate:800
==========
==========96
3 0 2 24000
Node 42 50 8
Pkt 80 200 0.4 1
Pkt 40 100 0.4 1
Node 42 72 23.4094
Pkt 120 300 0.4 1
Pkt 192 480 0.4 1
Node 69 42 20.6155
Pkt 320 800 0.4 1
Pkt 300 750 0.4 1
Rate:800
==========
==========97
3 0 2 24000
Node 48 69 19.105
Pkt 60 150 0.4 1
Pkt 64 160 0.4 1
Node 42 31 20.6155
Pkt 192 480 0.4 1
Pkt 120 300 0.4 1
Node 51 30 20.025
Pkt 300 750 0.4 1
Pkt 320 800 0.4 1
Rate:800
==========
==========98
3 0 2 24000
Node 62 73 25.9422
Pkt 64 160 0.4 1
Pkt 40 100 0.4 1
Node 26 63 27.2947
Pkt 192 480 0.4 1
Pkt 128 320 0.4 1
Node 29 55 21.587
Pkt 320 800 0.4 1
Pkt 300 750 0.4 1
Rate:800
==========
==========99
