3 0 2 24000
Node 46 50 4
Pkt 39 240 0.1625 1
Pkt 40 250 0.16 1
Node 72 48 22.0907
Pkt 52 320 0.1625 1
Pkt 77 480 0.160417 1
Node 62 72 25.0599
Pkt 128 800 0.16 1
Pkt 120 750 0.16 1
Rate:321.806
==========
==========0
3 0 2 24000
Node 65 32 23.4307
Pkt 39 240 0.1625 1
Pkt 26 160 0.1625 1
Node 31 69 26.8701
Pkt 77 480 0.160417 1
Pkt 52 320 0.1625 1
Node 67 35 22.6716
Pkt 120 750 0.16 1
Pkt 120 750 0.16 1
Rate:322.639
==========
==========1
3 0 2 24000
Node 42 42 11.3137
Pkt 20 125 0.16 1
Pkt 32 200 0.16 1
Node 41 53 9.48683
Pkt 48 300 0.16 1
Pkt 64 400 0.16 1
Node 60 51 10.0499
Pkt 128 800 0.16 1
Pkt 128 800 0.16 1
Rate:320
==========
==========2
3 0 2 24000
Node 47 32 18.2483
Pkt 31 192 0.161458 1
Pkt 40 250 0.16 1
Node 26 30 31.241
Pkt 60 375 0.16 1
Pkt 77 480 0.160417 1
Node 25 57 25.9615
Pkt 120 750 0.16 1
Pkt 120 750 0.16 1
Rate:320.625
==========
==========3
3 0 2 24000
Node 65 38 19.2094
Pkt 31 192 0.161458 1
Pkt 26 160 0.1625 1
Node 37 52 13.1529
Pkt 48 300 0.16 1
Pkt 64 400 0.16 1
Node 26 30 31.241
Pkt 128 800 0.16 1
Pkt 128 800 0.16 1
Rate:321.319
==========
==========4
3 0 2 24000
Node 43 45 8.60233
Pkt 16 100 0.16 1
Pkt 16 100 0.16 1
Node 49 45 5.09902
Pkt 48 300 0.16 1
Pkt 64 400 0.16 1
Node 41 46 9.84886
Pkt 120 750 0.16 1
Pkt 120 750 0.16 1
Rate:320
==========
==========5
3 0 2 24000
Node 28 27 31.8277
Pkt 26 160 0.1625 1
Pkt 20 125 0.16 1
Node 73 41 24.6982
Pkt 60 375 0.16 1
Pkt 64 400 0.16 1
Node 64 65 20.5183
Pkt 128 800 0.16 1
Pkt 128 800 0.16 1
Rate:320.833
==========
==========6
3 0 2 24000
Node 71 34 26.4008
Pkt 32 200 0.16 1
Pkt 40 250 0.16 1
Node 56 54 7.2111
Pkt 52 320 0.1625 1
Pkt 77 480 0.160417 1
Node 54 71 21.3776
Pkt 120 750 0.16 1
Pkt 120 750 0.16 1
Rate:320.972
==========
==========7
3 0 2 24000
Node 74 58 25.2982
Pkt 24 150 0.16 1
Pkt 24 150 0.16 1
Node 35 27 27.4591
Pkt 48 300 0.16 1
Pkt 48 300 0.16 1
Node 39 31 21.9545
Pkt 120 750 0.16 1
Pkt 120 750 0.16 1
Rate:320
==========
==========8
3 0 2 24000
Node 27 47 23.1948
Pkt 24 150 0.16 1
Pkt 20 120 0.166667 1
Node 31 64 23.6008
Pkt 48 300 0.16 1
Pkt 77 480 0.160417 1
Node 52 25 25.0799
Pkt 120 750 0.16 1
Pkt 128 800 0.16 1
Rate:322.361
==========
==========9
3 0 2 24000
Node 47 39 11.4018
Pkt 39 240 0.1625 1
Pkt 31 192 0.161458 1
Node 25 42 26.2488
Pkt 48 300 0.16 1
Pkt 64 400 0.16 1
Node 26 60 26
Pkt 128 800 0.16 1
Pkt 120 750 0.16 1
Rate:321.319
==========
==========10
3 0 2 24000
Node 41 63 15.8114
Pkt 40 250 0.16 1
Pkt 32 200 0.16 1
Node 66 35 21.9317
Pkt 77 480 0.160417 1
Pkt 48 300 0.16 1
Node 27 37 26.4197
Pkt 120 750 0.16 1
Pkt 128 800 0.16 1
Rate:320.139
==========
==========11
3 0 2 24000
Node 57 47 7.61577
Pkt 16 100 0.16 1
Pkt 24 150 0.16 1
Node 31 72 29.0689
Pkt 64 400 0.16 1
Pkt 48 300 0.16 1
Node 41 45 10.2956
Pkt 120 750 0.16 1
Pkt 120 750 0.16 1
Rate:320
==========
==========12
3 0 2 24000
Node 25 33 30.2324
Pkt 39 240 0.1625 1
Pkt 20 120 0.166667 1
Node 57 60 12.2066
Pkt 64 400 0.16 1
Pkt 60 375 0.16 1
Node 39 30 22.8254
Pkt 128 800 0.16 1
Pkt 120 750 0.16 1
Rate:323.056
==========
==========13
3 0 2 24000
Node 39 43 13.0384
Pkt 26 160 0.1625 1
Pkt 20 120 0.166667 1
Node 56 48 6.32456
Pkt 52 320 0.1625 1
Pkt 60 375 0.16 1
Node 65 56 16.1555
Pkt 120 750 0.16 1
Pkt 120 750 0.16 1
Rate:323.889
==========
==========14
3 0 2 24000
Node 55 70 20.6155
Pkt 31 192 0.161458 1
Pkt 40 250 0.16 1
Node 33 41 19.2354
Pkt 77 480 0.160417 1
Pkt 52 320 0.1625 1
Node 25 37 28.178
Pkt 128 800 0.16 1
Pkt 120 750 0.16 1
Rate:321.458
==========
==========15
3 0 2 24000
Node 41 30 21.9317
Pkt 20 120 0.166667 1
Pkt 39 240 0.1625 1
Node 39 43 13.0384
Pkt 77 480 0.160417 1
Pkt 77 480 0.160417 1
Node 63 58 15.2643
Pkt 128 800 0.16 1
Pkt 128 800 0.16 1
Rate:323.333
==========
==========16
3 0 2 24000
Node 69 70 27.5862
Pkt 31 192 0.161458 1
Pkt 26 160 0.1625 1
Node 72 72 31.1127
Pkt 64 400 0.16 1
Pkt 77 480 0.160417 1
Node 46 30 20.3961
Pkt 128 800 0.16 1
Pkt 120 750 0.16 1
Rate:321.458
==========
==========17
3 0 2 24000
Node 43 50 7
Pkt 40 250 0.16 1
Pkt 32 200 0.16 1
Node 71 59 22.8473
Pkt 64 400 0.16 1
Pkt 60 375 0.16 1
Node 59 45 10.2956
Pkt 128 800 0.16 1
Pkt 128 800 0.16 1
Rate:320
==========
==========18
3 0 2 24000
Node 43 45 8.60233
Pkt 20 125 0.16 1
Pkt 16 100 0.16 1
Node 33 44 18.0278
Pkt 60 375 0.16 1
Pkt 77 480 0.160417 1
Node 51 34 16.0312
Pkt 120 750 0.16 1
Pkt 128 800 0.16 1
Rate:320.139
==========
==========19
3 0 2 24000
Node 63 58 15.2643
Pkt 20 120 0.166667 1
Pkt 40 250 0.16 1
Node 68 37 22.2036
Pkt 52 320 0.1625 1
Pkt 60 375 0.16 1
Node 48 26 24.0832
Pkt 128 800 0.16 1
Pkt 128 800 0.16 1
Rate:323.056
==========
==========20
3 0 2 24000
Node 25 50 25
Pkt 24 150 0.16 1
Pkt 24 150 0.16 1
Node 56 38 13.4164
Pkt 48 300 0.16 1
Pkt 52 320 0.1625 1
Node 60 73 25.0799
Pkt 120 750 0.16 1
Pkt 120 750 0.16 1
Rate:320.833
==========
==========21
3 0 2 24000
Node 64 65 20.5183
Pkt 32 200 0.16 1
Pkt 31 192 0.161458 1
Node 28 71 30.4138
Pkt 64 400 0.16 1
Pkt 60 375 0.16 1
Node 52 41 9.21954
Pkt 120 750 0.16 1
Pkt 128 800 0.16 1
Rate:320.486
==========
==========22
3 0 2 24000
Node 63 27 26.4197
Pkt 39 240 0.1625 1
Pkt 40 250 0.16 1
Node 73 65 27.4591
Pkt 77 480 0.160417 1
Pkt 52 320 0.1625 1
Node 64 25 28.6531
Pkt 128 800 0.16 1
Pkt 128 800 0.16 1
Rate:321.806
==========
==========23
3 0 2 24000
Node 63 27 26.4197
Pkt 16 100 0.16 1
Pkt 20 120 0.166667 1
Node 74 60 26
Pkt 77 480 0.160417 1
Pkt 64 400 0.16 1
Node 35 68 23.4307
Pkt 128 800 0.16 1
Pkt 120 750 0.16 1
Rate:322.361
==========
==========24
3 0 2 24000
Node 27 70 30.4795
Pkt 40 250 0.16 1
Pkt 31 192 0.161458 1
Node 69 42 20.6155
Pkt 77 480 0.160417 1
Pkt 48 300 0.16 1
Node 74 29 31.8904
Pkt 120 750 0.16 1
Pkt 120 750 0.16 1
Rate:320.625
==========
==========25
3 0 2 24000
Node 63 55 13.9284
Pkt 20 120 0.166667 1
Pkt 32 200 0.16 1
Node 31 74 30.6105
Pkt 77 480 0.160417 1
Pkt 77 480 0.160417 1
Node 33 71 27.0185
Pkt 120 750 0.16 1
Pkt 128 800 0.16 1
Rate:322.5
==========
==========26
3 0 2 24000
Node 53 73 23.1948
Pkt 20 125 0.16 1
Pkt 39 240 0.1625 1
Node 31 33 25.4951
Pkt 64 400 0.16 1
Pkt 60 375 0.16 1
Node 61 38 16.2788
Pkt 128 800 0.16 1
Pkt 128 800 0.16 1
Rate:320.833
==========
==========27
3 0 2 24000
Node 57 38 13.8924
Pkt 20 120 0.166667 1
Pkt 24 150 0.16 1
Node 73 73 32.5269
Pkt 77 480 0.160417 1
Pkt 60 375 0.16 1
Node 43 71 22.1359
Pkt 120 750 0.16 1
Pkt 128 800 0.16 1
Rate:322.361
==========
==========28
3 0 2 24000
Node 50 55 5
Pkt 26 160 0.1625 1
Pkt 26 160 0.1625 1
Node 50 63 13
Pkt 48 300 0.16 1
Pkt 48 300 0.16 1
Node 58 71 22.4722
Pkt 120 750 0.16 1
Pkt 128 800 0.16 1
Rate:321.667
==========
==========29
3 0 2 24000
Node 69 34 24.8395
Pkt 16 100 0.16 1
Pkt 26 160 0.1625 1
Node 56 30 20.8806
Pkt 48 300 0.16 1
Pkt 52 320 0.1625 1
Node 38 46 12.6491
Pkt 120 750 0.16 1
Pkt 128 800 0.16 1
Rate:321.667
==========
==========30
3 0 2 24000
Node 42 71 22.4722
Pkt 32 200 0.16 1
Pkt 24 150 0.16 1
Node 39 36 17.8045
Pkt 77 480 0.160417 1
Pkt 77 480 0.160417 1
Node 36 55 14.8661
Pkt 128 800 0.16 1
Pkt 128 800 0.16 1
Rate:320.278
==========
==========31
3 0 2 24000
Node 28 74 32.5576
Pkt 20 125 0.16 1
Pkt 40 250 0.16 1
Node 71 53 21.2132
Pkt 48 300 0.16 1
Pkt 64 400 0.16 1
Node 29 57 22.1359
Pkt 128 800 0.16 1
Pkt 120 750 0.16 1
Rate:320
==========
==========32
3 0 2 24000
Node 56 70 20.8806
Pkt 32 200 0.16 1
Pkt 26 160 0.1625 1
Node 69 71 28.3196
Pkt 77 480 0.160417 1
Pkt 48 300 0.16 1
Node 43 63 14.7648
Pkt 128 800 0.16 1
Pkt 120 750 0.16 1
Rate:320.972
==========
==========33
3 0 2 24000
Node 40 34 18.868
Pkt 32 200 0.16 1
Pkt 20 120 0.166667 1
Node 67 73 28.6007
Pkt 52 320 0.1625 1
Pkt 64 400 0.16 1
Node 70 28 29.7321
Pkt 128 800 0.16 1
Pkt 120 750 0.16 1
Rate:323.056
==========
==========34
3 0 2 24000
Node 66 55 16.7631
Pkt 32 200 0.16 1
Pkt 26 160 0.1625 1
Node 41 64 16.6433
Pkt 77 480 0.160417 1
Pkt 48 300 0.16 1
Node 48 72 22.0907
Pkt 128 800 0.16 1
Pkt 120 750 0.16 1
Rate:320.972
==========
==========35
3 0 2 24000
Node 72 57 23.0868
Pkt 20 120 0.166667 1
Pkt 40 250 0.16 1
Node 42 71 22.4722
Pkt 60 375 0.16 1
Pkt 48 300 0.16 1
Node 54 39 11.7047
Pkt 128 800 0.16 1
Pkt 120 750 0.16 1
Rate:322.222
==========
==========36
3 0 2 24000
Node 65 71 25.807
Pkt 40 250 0.16 1
Pkt 26 160 0.1625 1
Node 70 26 31.241
Pkt 64 400 0.16 1
Pkt 60 375 0.16 1
Node 70 36 24.4131
Pkt 120 750 0.16 1
Pkt 128 800 0.16 1
Rate:320.833
==========
==========37
3 0 2 24000
Node 60 47 10.4403
Pkt 26 160 0.1625 1
Pkt 24 150 0.16 1
Node 65 70 25
Pkt 77 480 0.160417 1
Pkt 64 400 0.16 1
Node 42 43 10.6301
Pkt 128 800 0.16 1
Pkt 128 800 0.16 1
Rate:320.972
==========
==========38
3 0 2 24000
Node 44 50 6
Pkt 24 150 0.16 1
Pkt 20 120 0.166667 1
Node 28 45 22.561
Pkt 64 400 0.16 1
Pkt 64 400 0.16 1
Node 40 45 11.1803
Pkt 128 800 0.16 1
Pkt 120 750 0.16 1
Rate:322.222
==========
==========39
3 0 2 24000
Node 64 64 19.799
Pkt 20 120 0.166667 1
Pkt 24 150 0.16 1
Node 50 54 4
Pkt 52 320 0.1625 1
Pkt 60 375 0.16 1
Node 46 72 22.3607
Pkt 120 750 0.16 1
Pkt 120 750 0.16 1
Rate:323.056
==========
==========40
3 0 2 24000
Node 70 56 20.8806
Pkt 16 100 0.16 1
Pkt 20 120 0.166667 1
Node 49 31 19.0263
Pkt 64 400 0.16 1
Pkt 77 480 0.160417 1
Node 71 60 23.2594
Pkt 128 800 0.16 1
Pkt 128 800 0.16 1
Rate:322.361
==========
==========41
3 0 2 24000
Node 35 62 19.2094
Pkt 40 250 0.16 1
Pkt 40 250 0.16 1
Node 73 70 30.4795
Pkt 48 300 0.16 1
Pkt 60 375 0.16 1
Node 70 67 26.2488
Pkt 128 800 0.16 1
Pkt 120 750 0.16 1
Rate:320
==========
==========42
3 0 2 24000
Node 29 61 23.7065
Pkt 39 240 0.1625 1
Pkt 20 125 0.16 1
Node 40 60 14.1421
Pkt 77 480 0.160417 1
Pkt 77 480 0.160417 1
Node 35 51 15.0333
Pkt 128 800 0.16 1
Pkt 120 750 0.16 1
Rate:321.111
==========
==========43
3 0 2 24000
Node 58 60 12.8062
Pkt 31 192 0.161458 1
Pkt 32 200 0.16 1
Node 35 32 23.4307
Pkt 48 300 0.16 1
Pkt 52 320 0.1625 1
Node 34 72 27.2029
Pkt 120 750 0.16 1
Pkt 128 800 0.16 1
Rate:321.319
==========
==========44
3 0 2 24000
Node 44 27 23.7697
Pkt 24 150 0.16 1
Pkt 40 250 0.16 1
Node 54 70 20.3961
Pkt 52 320 0.1625 1
Pkt 48 300 0.16 1
Node 50 32 18
Pkt 120 750 0.16 1
Pkt 120 750 0.16 1
Rate:320.833
==========
==========45
3 0 2 24000
Node 67 44 18.0278
Pkt 20 125 0.16 1
Pkt 32 200 0.16 1
Node 54 60 10.7703
Pkt 64 400 0.16 1
Pkt 52 320 0.1625 1
Node 46 45 6.40312
Pkt 128 800 0.16 1
Pkt 128 800 0.16 1
Rate:320.833
==========
==========46
3 0 2 24000
Node 52 46 4.47214
Pkt 40 250 0.16 1
Pkt 24 150 0.16 1
Node 46 49 4.12311
Pkt 52 320 0.1625 1
Pkt 77 480 0.160417 1
Node 55 72 22.561
Pkt 120 750 0.16 1
Pkt 120 750 0.16 1
Rate:320.972
==========
==========47
3 0 2 24000
Node 42 40 12.8062
Pkt 16 100 0.16 1
Pkt 40 250 0.16 1
Node 49 30 20.025
Pkt 77 480 0.160417 1
Pkt 60 375 0.16 1
Node 31 28 29.0689
Pkt 120 750 0.16 1
Pkt 128 800 0.16 1
Rate:320.139
==========
==========48
3 0 2 24000
Node 39 28 24.5967
Pkt 24 150 0.16 1
Pkt 20 120 0.166667 1
Node 62 39 16.2788
Pkt 64 400 0.16 1
Pkt 77 480 0.160417 1
Node 50 43 7
Pkt 128 800 0.16 1
Pkt 128 800 0.16 1
Rate:322.361
==========
==========49
3 0 2 24000
Node 64 59 16.6433
Pkt 32 200 0.16 1
Pkt 20 125 0.16 1
Node 30 48 20.0998
Pkt 52 320 0.1625 1
Pkt 64 400 0.16 1
Node 47 58 8.544
Pkt 120 750 0.16 1
Pkt 120 750 0.16 1
Rate:320.833
==========
==========50
3 0 2 24000
Node 29 64 25.2389
Pkt 24 150 0.16 1
Pkt 40 250 0.16 1
Node 48 74 24.0832
Pkt 52 320 0.1625 1
Pkt 60 375 0.16 1
Node 25 48 25.0799
Pkt 128 800 0.16 1
Pkt 120 750 0.16 1
Rate:320.833
==========
==========51
3 0 2 24000
Node 38 32 21.6333
Pkt 32 200 0.16 1
Pkt 24 150 0.16 1
Node 44 59 10.8167
Pkt 60 375 0.16 1
Pkt 64 400 0.16 1
Node 67 61 20.2485
Pkt 128 800 0.16 1
Pkt 120 750 0.16 1
Rate:320
==========
==========52
3 0 2 24000
Node 42 39 13.6015
Pkt 26 160 0.1625 1
Pkt 16 100 0.16 1
Node 44 58 10
Pkt 52 320 0.1625 1
Pkt 60 375 0.16 1
Node 45 48 5.38516
Pkt 128 800 0.16 1
Pkt 128 800 0.16 1
Rate:321.667
==========
==========53
3 0 2 24000
Node 56 51 6.08276
Pkt 24 150 0.16 1
Pkt 26 160 0.1625 1
Node 31 38 22.4722
Pkt 48 300 0.16 1
Pkt 77 480 0.160417 1
Node 52 41 9.21954
Pkt 128 800 0.16 1
Pkt 128 800 0.16 1
Rate:320.972
==========
==========54
3 0 2 24000
Node 73 57 24.0416
Pkt 20 120 0.166667 1
Pkt 39 240 0.1625 1
Node 56 50 6
Pkt 60 375 0.16 1
Pkt 77 480 0.160417 1
Node 62 56 13.4164
Pkt 128 800 0.16 1
Pkt 128 800 0.16 1
Rate:323.194
==========
==========55
3 0 2 24000
Node 33 65 22.6716
Pkt 16 100 0.16 1
Pkt 31 192 0.161458 1
Node 28 26 32.5576
Pkt 52 320 0.1625 1
Pkt 52 320 0.1625 1
Node 50 35 15
Pkt 120 750 0.16 1
Pkt 120 750 0.16 1
Rate:322.153
==========
==========56
3 0 2 24000
Node 36 50 14
Pkt 40 250 0.16 1
Pkt 16 100 0.16 1
Node 55 58 9.43398
Pkt 52 320 0.1625 1
Pkt 64 400 0.16 1
Node 67 38 20.8087
Pkt 120 750 0.16 1
Pkt 128 800 0.16 1
Rate:320.833
==========
==========57
3 0 2 24000
Node 28 29 30.4138
Pkt 31 192 0.161458 1
Pkt 20 125 0.16 1
Node 51 38 12.0416
Pkt 52 320 0.1625 1
Pkt 64 400 0.16 1
Node 45 43 8.60233
Pkt 128 800 0.16 1
Pkt 120 750 0.16 1
Rate:321.319
==========
==========58
3 0 2 24000
Node 50 56 6
Pkt 39 240 0.1625 1
Pkt 20 120 0.166667 1
Node 50 49 1
Pkt 60 375 0.16 1
Pkt 48 300 0.16 1
Node 50 55 5
Pkt 128 800 0.16 1
Pkt 128 800 0.16 1
Rate:323.056
==========
==========59
3 0 2 24000
Node 72 68 28.4253
Pkt 20 125 0.16 1
Pkt 16 100 0.16 1
Node 31 49 19.0263
Pkt 52 320 0.1625 1
Pkt 48 300 0.16 1
Node 35 68 23.4307
Pkt 128 800 0.16 1
Pkt 120 750 0.16 1
Rate:320.833
==========
==========60
3 0 2 24000
Node 74 60 26
Pkt 40 250 0.16 1
Pkt 16 100 0.16 1
Node 74 35 28.3019
Pkt 64 400 0.16 1
Pkt 60 375 0.16 1
Node 40 56 11.6619
Pkt 120 750 0.16 1
Pkt 128 800 0.16 1
Rate:320
==========
==========61
3 0 2 24000
Node 57 58 10.6301
Pkt 20 120 0.166667 1
Pkt 40 250 0.16 1
Node 42 65 17
Pkt 64 400 0.16 1
Pkt 64 400 0.16 1
Node 32 60 20.5913
Pkt 120 750 0.16 1
Pkt 128 800 0.16 1
Rate:322.222
==========
==========62
3 0 2 24000
Node 50 32 18
Pkt 20 125 0.16 1
Pkt 26 160 0.1625 1
Node 32 67 24.7588
Pkt 77 480 0.160417 1
Pkt 60 375 0.16 1
Node 71 56 21.8403
Pkt 128 800 0.16 1
Pkt 120 750 0.16 1
Rate:320.972
==========
==========63
3 0 2 24000
Node 55 46 6.40312
Pkt 31 192 0.161458 1
Pkt 31 192 0.161458 1
Node 46 31 19.4165
Pkt 48 300 0.16 1
Pkt 48 300 0.16 1
Node 62 57 13.8924
Pkt 120 750 0.16 1
Pkt 120 750 0.16 1
Rate:320.972
==========
==========64
3 0 2 24000
Node 63 57 14.7648
Pkt 20 125 0.16 1
Pkt 40 250 0.16 1
Node 36 30 24.4131
Pkt 52 320 0.1625 1
Pkt 52 320 0.1625 1
Node 68 38 21.6333
Pkt 128 800 0.16 1
Pkt 128 800 0.16 1
Rate:321.667
==========
==========65
3 0 2 24000
Node 52 62 12.1655
Pkt 31 192 0.161458 1
Pkt 40 250 0.16 1
Node 46 57 8.06226
Pkt 77 480 0.160417 1
Pkt 52 320 0.1625 1
Node 37 61 17.0294
Pkt 120 750 0.16 1
Pkt 120 750 0.16 1
Rate:321.458
==========
==========66
3 0 2 24000
Node 58 57 10.6301
Pkt 40 250 0.16 1
Pkt 20 125 0.16 1
Node 29 45 21.587
Pkt 52 320 0.1625 1
Pkt 64 400 0.16 1
Node 63 38 17.6918
Pkt 120 750 0.16 1
Pkt 128 800 0.16 1
Rate:320.833
==========
==========67
3 0 2 24000
Node 55 30 20.6155
Pkt 20 120 0.166667 1
Pkt 31 192 0.161458 1
Node 60 55 11.1803
Pkt 52 320 0.1625 1
Pkt 77 480 0.160417 1
Node 47 72 22.2036
Pkt 120 750 0.16 1
Pkt 128 800 0.16 1
Rate:323.681
==========
==========68
3 0 2 24000
Node 46 54 5.65685
Pkt 16 100 0.16 1
Pkt 20 125 0.16 1
Node 62 38 16.9706
Pkt 77 480 0.160417 1
Pkt 52 320 0.1625 1
Node 63 31 23.0217
Pkt 120 750 0.16 1
Pkt 120 750 0.16 1
Rate:320.972
==========
==========69
3 0 2 24000
Node 48 67 17.1172
Pkt 20 120 0.166667 1
Pkt 20 120 0.166667 1
Node 70 72 29.7321
Pkt 52 320 0.1625 1
Pkt 48 300 0.16 1
Node 74 43 25
Pkt 128 800 0.16 1
Pkt 120 750 0.16 1
Rate:325.278
==========
==========70
3 0 2 24000
Node 69 40 21.4709
Pkt 40 250 0.16 1
Pkt 32 200 0.16 1
Node 50 73 23
Pkt 64 400 0.16 1
Pkt 48 300 0.16 1
Node 57 48 7.28011
Pkt 128 800 0.16 1
Pkt 120 750 0.16 1
Rate:320
==========
==========71
3 0 2 24000
Node 62 56 13.4164
Pkt 16 100 0.16 1
Pkt 20 125 0.16 1
Node 47 57 7.61577
Pkt 64 400 0.16 1
Pkt 52 320 0.1625 1
Node 65 27 27.4591
Pkt 128 800 0.16 1
Pkt 128 800 0.16 1
Rate:320.833
==========
==========72
3 0 2 24000
Node 69 28 29.0689
Pkt 40 250 0.16 1
Pkt 26 160 0.1625 1
Node 61 43 13.0384
Pkt 52 320 0.1625 1
Pkt 77 480 0.160417 1
Node 68 51 18.0278
Pkt 120 750 0.16 1
Pkt 120 750 0.16 1
Rate:321.806
==========
==========73
3 0 2 24000
Node 35 50 15
Pkt 20 125 0.16 1
Pkt 26 160 0.1625 1
Node 54 63 13.6015
Pkt 64 400 0.16 1
Pkt 64 400 0.16 1
Node 60 49 10.0499
Pkt 120 750 0.16 1
Pkt 128 800 0.16 1
Rate:320.833
==========
==========74
3 0 2 24000
Node 60 37 16.4012
Pkt 32 200 0.16 1
Pkt 16 100 0.16 1
Node 68 33 24.7588
Pkt 60 375 0.16 1
Pkt 77 480 0.160417 1
Node 35 30 25
Pkt 128 800 0.16 1
Pkt 120 750 0.16 1
Rate:320.139
==========
==========75
3 0 2 24000
Node 72 47 22.2036
Pkt 20 120 0.166667 1
Pkt 16 100 0.16 1
Node 30 55 20.6155
Pkt 64 400 0.16 1
Pkt 52 320 0.1625 1
Node 36 33 22.0227
Pkt 128 800 0.16 1
Pkt 128 800 0.16 1
Rate:323.056
==========
==========76
3 0 2 24000
Node 27 46 23.3452
Pkt 24 150 0.16 1
Pkt 32 200 0.16 1
Node 57 64 15.6525
Pkt 64 400 0.16 1
Pkt 60 375 0.16 1
Node 28 34 27.2029
Pkt 120 750 0.16 1
Pkt 120 750 0.16 1
Rate:320
==========
==========77
3 0 2 24000
Node 72 41 23.7697
Pkt 26 160 0.1625 1
Pkt 26 160 0.1625 1
Node 53 33 17.2627
Pkt 64 400 0.16 1
Pkt 60 375 0.16 1
Node 31 66 24.8395
Pkt 120 750 0.16 1
Pkt 128 800 0.16 1
Rate:321.667
==========
==========78
3 0 2 24000
Node 61 51 11.0454
Pkt 26 160 0.1625 1
Pkt 20 125 0.16 1
Node 28 45 22.561
Pkt 60 375 0.16 1
Pkt 60 375 0.16 1
Node 70 49 20.025
Pkt 128 800 0.16 1
Pkt 128 800 0.16 1
Rate:320.833
==========
==========79
3 0 2 24000
Node 39 59 14.2127
Pkt 31 192 0.161458 1
Pkt 31 192 0.161458 1
Node 65 52 15.1327
Pkt 48 300 0.16 1
Pkt 52 320 0.1625 1
Node 54 42 8.94427
Pkt 128 800 0.16 1
Pkt 120 750 0.16 1
Rate:321.806
==========
==========80
3 0 2 24000
Node 47 27 23.1948
Pkt 20 125 0.16 1
Pkt 24 150 0.16 1
Node 63 26 27.2947
Pkt 52 320 0.1625 1
Pkt 64 400 0.16 1
Node 35 51 15.0333
Pkt 120 750 0.16 1
Pkt 120 750 0.16 1
Rate:320.833
==========
==========81
3 0 2 24000
Node 74 56 24.7386
Pkt 20 120 0.166667 1
Pkt 16 100 0.16 1
Node 69 43 20.2485
Pkt 52 320 0.1625 1
Pkt 77 480 0.160417 1
Node 39 31 21.9545
Pkt 120 750 0.16 1
Pkt 128 800 0.16 1
Rate:323.194
==========
==========82
3 0 2 24000
Node 56 59 10.8167
Pkt 24 150 0.16 1
Pkt 32 200 0.16 1
Node 55 37 13.9284
Pkt 60 375 0.16 1
Pkt 77 480 0.160417 1
Node 48 64 14.1421
Pkt 120 750 0.16 1
Pkt 120 750 0.16 1
Rate:320.139
==========
==========83
3 0 2 24000
Node 32 48 18.1108
Pkt 31 192 0.161458 1
Pkt 40 250 0.16 1
Node 32 55 18.6815
Pkt 60 375 0.16 1
Pkt 60 375 0.16 1
Node 67 37 21.4009
Pkt 120 750 0.16 1
Pkt 128 800 0.16 1
Rate:320.486
==========
==========84
3 0 2 24000
Node 60 38 15.6205
Pkt 20 125 0.16 1
Pkt 31 192 0.161458 1
Node 58 73 24.3516
Pkt 52 320 0.1625 1
Pkt 52 320 0.1625 1
Node 57 39 13.0384
Pkt 128 800 0.16 1
Pkt 120 750 0.16 1
Rate:322.153
==========
==========85
3 0 2 24000
Node 48 46 4.47214
Pkt 40 250 0.16 1
Pkt 32 200 0.16 1
Node 37 53 13.3417
Pkt 77 480 0.160417 1
Pkt 52 320 0.1625 1
Node 63 48 13.1529
Pkt 128 800 0.16 1
Pkt 128 800 0.16 1
Rate:320.972
==========
==========86
3 0 2 24000
Node 68 32 25.4558
Pkt 26 160 0.1625 1
Pkt 40 250 0.16 1
Node 61 26 26.4008
Pkt 77 480 0.160417 1
Pkt 64 400 0.16 1
Node 50 34 16
Pkt 128 800 0.16 1
Pkt 120 750 0.16 1
Rate:320.972
==========
==========87
3 0 2 24000
Node 66 56 17.088
Pkt 32 200 0.16 1
Pkt 20 120 0.166667 1
Node 40 51 10.0499
Pkt 48 300 0.16 1
Pkt 77 480 0.160417 1
Node 27 53 23.1948
Pkt 120 750 0.16 1
Pkt 120 750 0.16 1
Rate:322.361
==========
==========88
3 0 2 24000
Node 55 37 13.9284
Pkt 32 200 0.16 1
Pkt 39 240 0.1625 1
Node 61 62 16.2788
Pkt 77 480 0.160417 1
Pkt 52 320 0.1625 1
Node 53 63 13.3417
Pkt 128 800 0.16 1
Pkt 120 750 0.16 1
Rate:321.806
==========
==========89
3 0 2 24000
Node 40 37 16.4012
Pkt 20 125 0.16 1
Pkt 32 200 0.16 1
Node 41 49 9.05539
Pkt 52 320 0.1625 1
Pkt 52 320 0.1625 1
Node 52 53 3.60555
Pkt 120 750 0.16 1
Pkt 120 750 0.16 1
Rate:321.667
==========
==========90
3 0 2 24000
Node 45 62 13
Pkt 32 200 0.16 1
Pkt 24 150 0.16 1
Node 72 40 24.1661
Pkt 77 480 0.160417 1
Pkt 77 480 0.160417 1
Node 55 48 5.38516
Pkt 120 750 0.16 1
Pkt 120 750 0.16 1
Rate:320.278
==========
==========91
3 0 2 24000
Node 29 64 25.2389
Pkt 32 200 0.16 1
Pkt 26 160 0.1625 1
Node 66 31 24.8395
Pkt 60 375 0.16 1
Pkt 77 480 0.160417 1
Node 68 29 27.6586
Pkt 120 750 0.16 1
Pkt 128 800 0.16 1
Rate:320.972
==========
==========92
3 0 2 24000
Node 63 69 23.0217
Pkt 32 200 0.16 1
Pkt 16 100 0.16 1
Node 67 57 18.3848
Pkt 64 400 0.16 1
Pkt 60 375 0.16 1
Node 70 31 27.5862
Pkt 128 800 0.16 1
Pkt 128 800 0.16 1
Rate:320
==========
==========93
3 0 2 24000
Node 48 55 5.38516
Pkt 32 200 0.16 1
Pkt 39 240 0.1625 1
Node 67 47 17.2627
Pkt 60 375 0.16 1
Pkt 60 375 0.16 1
Node 71 37 24.6982
Pkt 128 800 0.16 1
Pkt 120 750 0.16 1
Rate:320.833
==========
==========94
3 0 2 24000
Node 65 58 17
Pkt 20 120 0.166667 1
Pkt 40 250 0.16 1
Node 30 32 26.9072
Pkt 52 320 0.1625 1
Pkt 77 480 0.160417 1
Node 35 35 21.2132
Pkt 120 750 0.16 1
Pkt 128 800 0.16 1
Rate:323.194
==========
==========95
3 0 2 24000
Node 42 53 8.544
Pkt 16 100 0.16 1
Pkt 20 125 0.16 1
Node 34 43 17.4642
Pkt 77 480 0.160417 1
Pkt 48 300 0.16 1
Node 65 46 15.5242
Pkt 120 750 0.16 1
Pkt 120 750 0.16 1
Rate:320.139
==========
==========96
3 0 2 24000
Node 55 25 25.4951
Pkt 40 250 0.16 1
Pkt 20 120 0.166667 1
Node 39 31 21.9545
Pkt 60 375 0.16 1
Pkt 60 375 0.16 1
Node 50 73 23
Pkt 120 750 0.16 1
Pkt 120 750 0.16 1
Rate:322.222
==========
==========97
3 0 2 24000
Node 34 31 24.8395
Pkt 26 160 0.1625 1
Pkt 20 120 0.166667 1
Node 43 45 8.60233
Pkt 60 375 0.16 1
Pkt 52 320 0.1625 1
Node 50 53 3
Pkt 120 750 0.16 1
Pkt 128 800 0.16 1
Rate:323.889
==========
==========98
3 0 2 24000
Node 48 30 20.0998
Pkt 26 160 0.1625 1
Pkt 32 200 0.16 1
Node 62 71 24.1868
Pkt 48 300 0.16 1
Pkt 52 320 0.1625 1
Node 37 36 19.105
Pkt 128 800 0.16 1
Pkt 120 750 0.16 1
Rate:321.667
==========
==========99
