3 0 2 24000
Node 47 27 23.1948
Pkt 53 125 0.424 1
Pkt 81 192 0.421875 1
Node 73 26 33.2415
Pkt 202 480 0.420833 1
Pkt 158 375 0.421333 1
Node 74 37 27.2947
Pkt 315 750 0.42 1
Pkt 315 750 0.42 1
Rate:842.681
==========
==========0
3 0 2 24000
Node 28 54 22.3607
Pkt 42 100 0.42 1
Pkt 84 200 0.42 1
Node 70 47 20.2237
Pkt 135 320 0.421875 1
Pkt 158 375 0.421333 1
Node 32 27 29.2062
Pkt 336 800 0.42 1
Pkt 336 800 0.42 1
Rate:841.069
==========
==========1
3 0 2 24000
Node 63 27 26.4197
Pkt 105 250 0.42 1
Pkt 63 150 0.42 1
Node 28 57 23.0868
Pkt 158 375 0.421333 1
Pkt 202 480 0.420833 1
Node 31 35 24.2074
Pkt 336 800 0.42 1
Pkt 336 800 0.42 1
Rate:840.722
==========
==========2
3 0 2 24000
Node 59 25 26.5707
Pkt 84 200 0.42 1
Pkt 53 125 0.424 1
Node 74 61 26.4008
Pkt 135 320 0.421875 1
Pkt 158 375 0.421333 1
Node 46 34 16.4924
Pkt 336 800 0.42 1
Pkt 336 800 0.42 1
Rate:842.403
==========
==========3
3 0 2 24000
Node 35 61 18.6011
Pkt 42 100 0.42 1
Pkt 63 150 0.42 1
Node 41 28 23.7697
Pkt 158 375 0.421333 1
Pkt 126 300 0.42 1
Node 30 33 26.2488
Pkt 336 800 0.42 1
Pkt 315 750 0.42 1
Rate:840.444
==========
==========4
3 0 2 24000
Node 52 65 15.1327
Pkt 105 250 0.42 1
Pkt 63 150 0.42 1
Node 64 71 25.2389
Pkt 158 375 0.421333 1
Pkt 202 480 0.420833 1
Node 59 38 15
Pkt 336 800 0.42 1
Pkt 315 750 0.42 1
Rate:840.722
==========
==========5
3 0 2 24000
Node 26 59 25.632
Pkt 51 120 0.425 1
Pkt 84 200 0.42 1
Node 36 30 24.4131
Pkt 126 300 0.42 1
Pkt 135 320 0.421875 1
Node 64 55 14.8661
Pkt 315 750 0.42 1
Pkt 315 750 0.42 1
Rate:842.292
==========
==========6
3 0 2 24000
Node 48 33 17.1172
Pkt 84 200 0.42 1
Pkt 68 160 0.425 1
Node 67 49 17.0294
Pkt 158 375 0.421333 1
Pkt 158 375 0.421333 1
Node 36 34 21.2603
Pkt 336 800 0.42 1
Pkt 315 750 0.42 1
Rate:842.556
==========
==========7
3 0 2 24000
Node 58 56 10
Pkt 84 200 0.42 1
Pkt 53 125 0.424 1
Node 26 31 30.6105
Pkt 158 375 0.421333 1
Pkt 202 480 0.420833 1
Node 70 57 21.1896
Pkt 336 800 0.42 1
Pkt 336 800 0.42 1
Rate:842.056
==========
==========8
3 0 2 24000
Node 72 57 23.0868
Pkt 68 160 0.425 1
Pkt 105 250 0.42 1
Node 48 35 15.1327
Pkt 126 300 0.42 1
Pkt 168 400 0.42 1
Node 35 53 15.2971
Pkt 336 800 0.42 1
Pkt 336 800 0.42 1
Rate:841.667
==========
==========9
3 0 2 24000
Node 68 70 26.9072
Pkt 53 125 0.424 1
Pkt 81 192 0.421875 1
Node 25 31 31.4006
Pkt 168 400 0.42 1
Pkt 202 480 0.420833 1
Node 47 56 6.7082
Pkt 315 750 0.42 1
Pkt 336 800 0.42 1
Rate:842.236
==========
==========10
3 0 2 24000
Node 39 29 23.7065
Pkt 63 150 0.42 1
Pkt 68 160 0.425 1
Node 44 35 16.1555
Pkt 135 320 0.421875 1
Pkt 168 400 0.42 1
Node 42 41 12.0416
Pkt 315 750 0.42 1
Pkt 336 800 0.42 1
Rate:842.292
==========
==========11
3 0 2 24000
Node 72 33 27.8029
Pkt 105 250 0.42 1
Pkt 105 250 0.42 1
Node 38 51 12.0416
Pkt 135 320 0.421875 1
Pkt 168 400 0.42 1
Node 45 52 5.38516
Pkt 315 750 0.42 1
Pkt 315 750 0.42 1
Rate:840.625
==========
==========12
3 0 2 24000
Node 68 40 20.5913
Pkt 63 150 0.42 1
Pkt 63 150 0.42 1
Node 59 56 10.8167
Pkt 158 375 0.421333 1
Pkt 126 300 0.42 1
Node 70 32 26.9072
Pkt 336 800 0.42 1
Pkt 315 750 0.42 1
Rate:840.444
==========
==========13
3 0 2 24000
Node 63 53 13.3417
Pkt 63 150 0.42 1
Pkt 51 120 0.425 1
Node 43 34 17.4642
Pkt 135 320 0.421875 1
Pkt 168 400 0.42 1
Node 66 29 26.4008
Pkt 336 800 0.42 1
Pkt 336 800 0.42 1
Rate:842.292
==========
==========14
3 0 2 24000
Node 57 73 24.0416
Pkt 63 150 0.42 1
Pkt 105 250 0.42 1
Node 43 27 24.0416
Pkt 126 300 0.42 1
Pkt 168 400 0.42 1
Node 40 43 12.2066
Pkt 336 800 0.42 1
Pkt 336 800 0.42 1
Rate:840
==========
==========15
3 0 2 24000
Node 49 47 3.16228
Pkt 51 120 0.425 1
Pkt 42 100 0.42 1
Node 61 32 21.095
Pkt 158 375 0.421333 1
Pkt 168 400 0.42 1
Node 73 32 29.2062
Pkt 315 750 0.42 1
Pkt 336 800 0.42 1
Rate:842.111
==========
==========16
3 0 2 24000
Node 27 60 25.0799
Pkt 53 125 0.424 1
Pkt 68 160 0.425 1
Node 61 74 26.4008
Pkt 168 400 0.42 1
Pkt 126 300 0.42 1
Node 46 28 22.3607
Pkt 315 750 0.42 1
Pkt 336 800 0.42 1
Rate:843
==========
==========17
3 0 2 24000
Node 42 69 20.6155
Pkt 81 192 0.421875 1
Pkt 42 100 0.42 1
Node 45 35 15.8114
Pkt 168 400 0.42 1
Pkt 202 480 0.420833 1
Node 47 43 7.61577
Pkt 315 750 0.42 1
Pkt 336 800 0.42 1
Rate:840.903
==========
==========18
3 0 2 24000
Node 61 67 20.2485
Pkt 84 200 0.42 1
Pkt 42 100 0.42 1
Node 66 73 28.0179
Pkt 126 300 0.42 1
Pkt 126 300 0.42 1
Node 54 70 20.3961
Pkt 315 750 0.42 1
Pkt 336 800 0.42 1
Rate:840
==========
==========19
3 0 2 24000
Node 61 68 21.095
Pkt 101 240 0.420833 1
Pkt 42 100 0.42 1
Node 56 38 13.4164
Pkt 168 400 0.42 1
Pkt 202 480 0.420833 1
Node 66 34 22.6274
Pkt 336 800 0.42 1
Pkt 315 750 0.42 1
Rate:840.556
==========
==========20
3 0 2 24000
Node 68 72 28.4253
Pkt 68 160 0.425 1
Pkt 105 250 0.42 1
Node 43 67 18.3848
Pkt 158 375 0.421333 1
Pkt 202 480 0.420833 1
Node 51 33 17.0294
Pkt 336 800 0.42 1
Pkt 315 750 0.42 1
Rate:842.389
==========
==========21
3 0 2 24000
Node 46 71 21.3776
Pkt 68 160 0.425 1
Pkt 63 150 0.42 1
Node 50 45 5
Pkt 126 300 0.42 1
Pkt 202 480 0.420833 1
Node 52 61 11.1803
Pkt 315 750 0.42 1
Pkt 336 800 0.42 1
Rate:841.944
==========
==========22
3 0 2 24000
Node 41 38 15
Pkt 42 100 0.42 1
Pkt 84 200 0.42 1
Node 48 53 3.60555
Pkt 126 300 0.42 1
Pkt 135 320 0.421875 1
Node 34 30 25.6125
Pkt 315 750 0.42 1
Pkt 315 750 0.42 1
Rate:840.625
==========
==========23
3 0 2 24000
Node 40 28 24.1661
Pkt 105 250 0.42 1
Pkt 101 240 0.420833 1
Node 26 53 24.1868
Pkt 135 320 0.421875 1
Pkt 168 400 0.42 1
Node 74 32 30
Pkt 336 800 0.42 1
Pkt 315 750 0.42 1
Rate:840.903
==========
==========24
3 0 2 24000
Node 37 47 13.3417
Pkt 81 192 0.421875 1
Pkt 84 200 0.42 1
Node 72 60 24.1661
Pkt 135 320 0.421875 1
Pkt 202 480 0.420833 1
Node 66 68 24.0832
Pkt 315 750 0.42 1
Pkt 315 750 0.42 1
Rate:841.528
==========
==========25
3 0 2 24000
Node 39 39 15.5563
Pkt 51 120 0.425 1
Pkt 53 125 0.424 1
Node 31 67 25.4951
Pkt 126 300 0.42 1
Pkt 126 300 0.42 1
Node 32 52 18.1108
Pkt 336 800 0.42 1
Pkt 315 750 0.42 1
Rate:843
==========
==========26
3 0 2 24000
Node 61 31 21.9545
Pkt 101 240 0.420833 1
Pkt 105 250 0.42 1
Node 72 50 22
Pkt 135 320 0.421875 1
Pkt 168 400 0.42 1
Node 47 62 12.3693
Pkt 336 800 0.42 1
Pkt 336 800 0.42 1
Rate:840.903
==========
==========27
3 0 2 24000
Node 41 63 15.8114
Pkt 84 200 0.42 1
Pkt 84 200 0.42 1
Node 59 27 24.6982
Pkt 126 300 0.42 1
Pkt 168 400 0.42 1
Node 43 56 9.21954
Pkt 315 750 0.42 1
Pkt 315 750 0.42 1
Rate:840
==========
==========28
3 0 2 24000
Node 25 26 34.6554
Pkt 53 125 0.424 1
Pkt 51 120 0.425 1
Node 70 42 21.5407
Pkt 202 480 0.420833 1
Pkt 158 375 0.421333 1
Node 55 26 24.5153
Pkt 315 750 0.42 1
Pkt 315 750 0.42 1
Rate:843.722
==========
==========29
3 0 2 24000
Node 63 25 28.178
Pkt 53 125 0.424 1
Pkt 101 240 0.420833 1
Node 37 58 15.2643
Pkt 202 480 0.420833 1
Pkt 168 400 0.42 1
Node 37 41 15.8114
Pkt 336 800 0.42 1
Pkt 315 750 0.42 1
Rate:841.889
==========
==========30
3 0 2 24000
Node 53 50 3
Pkt 53 125 0.424 1
Pkt 42 100 0.42 1
Node 64 39 17.8045
Pkt 135 320 0.421875 1
Pkt 158 375 0.421333 1
Node 59 29 22.8473
Pkt 336 800 0.42 1
Pkt 336 800 0.42 1
Rate:842.403
==========
==========31
3 0 2 24000
Node 26 36 27.7849
Pkt 101 240 0.420833 1
Pkt 53 125 0.424 1
Node 45 36 14.8661
Pkt 202 480 0.420833 1
Pkt 168 400 0.42 1
Node 59 41 12.7279
Pkt 315 750 0.42 1
Pkt 315 750 0.42 1
Rate:841.889
==========
==========32
3 0 2 24000
Node 42 68 19.6977
Pkt 84 200 0.42 1
Pkt 68 160 0.425 1
Node 47 50 3
Pkt 135 320 0.421875 1
Pkt 168 400 0.42 1
Node 42 72 23.4094
Pkt 315 750 0.42 1
Pkt 336 800 0.42 1
Rate:842.292
==========
==========33
3 0 2 24000
Node 44 55 7.81025
Pkt 63 150 0.42 1
Pkt 81 192 0.421875 1
Node 39 26 26.4008
Pkt 202 480 0.420833 1
Pkt 158 375 0.421333 1
Node 55 33 17.72
Pkt 315 750 0.42 1
Pkt 315 750 0.42 1
Rate:841.347
==========
==========34
3 0 2 24000
Node 43 59 11.4018
Pkt 68 160 0.425 1
Pkt 105 250 0.42 1
Node 74 65 28.3019
Pkt 126 300 0.42 1
Pkt 168 400 0.42 1
Node 46 69 19.4165
Pkt 315 750 0.42 1
Pkt 336 800 0.42 1
Rate:841.667
==========
==========35
3 0 2 24000
Node 30 37 23.8537
Pkt 51 120 0.425 1
Pkt 68 160 0.425 1
Node 61 56 12.53
Pkt 135 320 0.421875 1
Pkt 168 400 0.42 1
Node 46 29 21.3776
Pkt 315 750 0.42 1
Pkt 336 800 0.42 1
Rate:843.958
==========
==========36
3 0 2 24000
Node 34 46 16.4924
Pkt 68 160 0.425 1
Pkt 105 250 0.42 1
Node 27 65 27.4591
Pkt 135 320 0.421875 1
Pkt 158 375 0.421333 1
Node 40 34 18.868
Pkt 315 750 0.42 1
Pkt 315 750 0.42 1
Rate:842.736
==========
==========37
3 0 2 24000
Node 63 32 22.2036
Pkt 63 150 0.42 1
Pkt 68 160 0.425 1
Node 42 49 8.06226
Pkt 158 375 0.421333 1
Pkt 126 300 0.42 1
Node 33 61 20.2485
Pkt 336 800 0.42 1
Pkt 336 800 0.42 1
Rate:842.111
==========
==========38
3 0 2 24000
Node 66 37 20.6155
Pkt 81 192 0.421875 1
Pkt 105 250 0.42 1
Node 49 31 19.0263
Pkt 168 400 0.42 1
Pkt 126 300 0.42 1
Node 56 57 9.21954
Pkt 315 750 0.42 1
Pkt 336 800 0.42 1
Rate:840.625
==========
==========39
3 0 2 24000
Node 49 49 1.41421
Pkt 101 240 0.420833 1
Pkt 53 125 0.424 1
Node 66 25 29.6816
Pkt 168 400 0.42 1
Pkt 202 480 0.420833 1
Node 31 74 30.6105
Pkt 315 750 0.42 1
Pkt 315 750 0.42 1
Rate:841.889
==========
==========40
3 0 2 24000
Node 34 69 24.8395
Pkt 63 150 0.42 1
Pkt 68 160 0.425 1
Node 71 38 24.1868
Pkt 202 480 0.420833 1
Pkt 135 320 0.421875 1
Node 74 45 24.5153
Pkt 336 800 0.42 1
Pkt 315 750 0.42 1
Rate:842.569
==========
==========41
3 0 2 24000
Node 37 32 22.2036
Pkt 101 240 0.420833 1
Pkt 68 160 0.425 1
Node 70 30 28.2843
Pkt 158 375 0.421333 1
Pkt 202 480 0.420833 1
Node 54 57 8.06226
Pkt 315 750 0.42 1
Pkt 336 800 0.42 1
Rate:842.667
==========
==========42
3 0 2 24000
Node 29 42 22.4722
Pkt 53 125 0.424 1
Pkt 63 150 0.42 1
Node 31 46 19.4165
Pkt 135 320 0.421875 1
Pkt 168 400 0.42 1
Node 70 30 28.2843
Pkt 336 800 0.42 1
Pkt 315 750 0.42 1
Rate:841.958
==========
==========43
3 0 2 24000
Node 35 61 18.6011
Pkt 105 250 0.42 1
Pkt 42 100 0.42 1
Node 71 29 29.6985
Pkt 158 375 0.421333 1
Pkt 126 300 0.42 1
Node 32 42 19.6977
Pkt 336 800 0.42 1
Pkt 315 750 0.42 1
Rate:840.444
==========
==========44
3 0 2 24000
Node 34 29 26.4008
Pkt 105 250 0.42 1
Pkt 84 200 0.42 1
Node 73 51 23.0217
Pkt 168 400 0.42 1
Pkt 126 300 0.42 1
Node 46 49 4.12311
Pkt 315 750 0.42 1
Pkt 336 800 0.42 1
Rate:840
==========
==========45
3 0 2 24000
Node 31 32 26.1725
Pkt 101 240 0.420833 1
Pkt 84 200 0.42 1
Node 53 74 24.1868
Pkt 158 375 0.421333 1
Pkt 135 320 0.421875 1
Node 64 49 14.0357
Pkt 336 800 0.42 1
Pkt 336 800 0.42 1
Rate:841.347
==========
==========46
3 0 2 24000
Node 43 46 8.06226
Pkt 84 200 0.42 1
Pkt 81 192 0.421875 1
Node 56 41 10.8167
Pkt 168 400 0.42 1
Pkt 168 400 0.42 1
Node 63 70 23.8537
Pkt 336 800 0.42 1
Pkt 336 800 0.42 1
Rate:840.625
==========
==========47
3 0 2 24000
Node 50 31 19
Pkt 68 160 0.425 1
Pkt 105 250 0.42 1
Node 55 49 5.09902
Pkt 126 300 0.42 1
Pkt 126 300 0.42 1
Node 35 70 25
Pkt 315 750 0.42 1
Pkt 315 750 0.42 1
Rate:841.667
==========
==========48
3 0 2 24000
Node 67 36 22.0227
Pkt 42 100 0.42 1
Pkt 105 250 0.42 1
Node 53 28 22.2036
Pkt 126 300 0.42 1
Pkt 202 480 0.420833 1
Node 67 60 19.7231
Pkt 315 750 0.42 1
Pkt 336 800 0.42 1
Rate:840.278
==========
==========49
3 0 2 24000
Node 59 46 9.84886
Pkt 42 100 0.42 1
Pkt 42 100 0.42 1
Node 31 69 26.8701
Pkt 135 320 0.421875 1
Pkt 135 320 0.421875 1
Node 42 68 19.6977
Pkt 336 800 0.42 1
Pkt 315 750 0.42 1
Rate:841.25
==========
==========50
3 0 2 24000
Node 39 60 14.8661
Pkt 63 150 0.42 1
Pkt 84 200 0.42 1
Node 59 39 14.2127
Pkt 126 300 0.42 1
Pkt 168 400 0.42 1
Node 44 44 8.48528
Pkt 315 750 0.42 1
Pkt 336 800 0.42 1
Rate:840
==========
==========51
3 0 2 24000
Node 49 72 22.0227
Pkt 53 125 0.424 1
Pkt 81 192 0.421875 1
Node 31 53 19.2354
Pkt 126 300 0.42 1
Pkt 202 480 0.420833 1
Node 72 38 25.0599
Pkt 336 800 0.42 1
Pkt 336 800 0.42 1
Rate:842.236
==========
==========52
3 0 2 24000
Node 38 49 12.0416
Pkt 84 200 0.42 1
Pkt 63 150 0.42 1
Node 73 73 32.5269
Pkt 158 375 0.421333 1
Pkt 126 300 0.42 1
Node 40 66 18.868
Pkt 315 750 0.42 1
Pkt 336 800 0.42 1
Rate:840.444
==========
==========53
3 0 2 24000
Node 37 34 20.6155
Pkt 42 100 0.42 1
Pkt 84 200 0.42 1
Node 57 25 25.9615
Pkt 135 320 0.421875 1
Pkt 158 375 0.421333 1
Node 35 41 17.4929
Pkt 315 750 0.42 1
Pkt 336 800 0.42 1
Rate:841.069
==========
==========54
3 0 2 24000
Node 58 60 12.8062
Pkt 105 250 0.42 1
Pkt 81 192 0.421875 1
Node 45 56 7.81025
Pkt 158 375 0.421333 1
Pkt 202 480 0.420833 1
Node 51 63 13.0384
Pkt 315 750 0.42 1
Pkt 336 800 0.42 1
Rate:841.347
==========
==========55
3 0 2 24000
Node 59 34 18.3576
Pkt 63 150 0.42 1
Pkt 53 125 0.424 1
Node 40 50 10
Pkt 126 300 0.42 1
Pkt 158 375 0.421333 1
Node 27 43 24.0416
Pkt 315 750 0.42 1
Pkt 336 800 0.42 1
Rate:841.778
==========
==========56
3 0 2 24000
Node 36 29 25.2389
Pkt 81 192 0.421875 1
Pkt 101 240 0.420833 1
Node 60 73 25.0799
Pkt 202 480 0.420833 1
Pkt 202 480 0.420833 1
Node 37 67 21.4009
Pkt 336 800 0.42 1
Pkt 315 750 0.42 1
Rate:841.458
==========
==========57
3 0 2 24000
Node 57 69 20.2485
Pkt 84 200 0.42 1
Pkt 68 160 0.425 1
Node 53 73 23.1948
Pkt 202 480 0.420833 1
Pkt 135 320 0.421875 1
Node 72 49 22.0227
Pkt 315 750 0.42 1
Pkt 336 800 0.42 1
Rate:842.569
==========
==========58
3 0 2 24000
Node 33 29 27.0185
Pkt 101 240 0.420833 1
Pkt 105 250 0.42 1
Node 69 74 30.6105
Pkt 202 480 0.420833 1
Pkt 158 375 0.421333 1
Node 44 50 6
Pkt 315 750 0.42 1
Pkt 315 750 0.42 1
Rate:841
==========
==========59
3 0 2 24000
Node 28 43 23.0868
Pkt 84 200 0.42 1
Pkt 81 192 0.421875 1
Node 38 44 13.4164
Pkt 202 480 0.420833 1
Pkt 135 320 0.421875 1
Node 42 28 23.4094
Pkt 315 750 0.42 1
Pkt 315 750 0.42 1
Rate:841.528
==========
==========60
3 0 2 24000
Node 46 45 6.40312
Pkt 84 200 0.42 1
Pkt 101 240 0.420833 1
Node 69 26 30.6105
Pkt 126 300 0.42 1
Pkt 135 320 0.421875 1
Node 43 38 13.8924
Pkt 336 800 0.42 1
Pkt 315 750 0.42 1
Rate:840.903
==========
==========61
3 0 2 24000
Node 48 30 20.0998
Pkt 81 192 0.421875 1
Pkt 42 100 0.42 1
Node 67 49 17.0294
Pkt 126 300 0.42 1
Pkt 202 480 0.420833 1
Node 27 67 28.6007
Pkt 336 800 0.42 1
Pkt 315 750 0.42 1
Rate:840.903
==========
==========62
3 0 2 24000
Node 38 62 16.9706
Pkt 101 240 0.420833 1
Pkt 101 240 0.420833 1
Node 70 68 26.9072
Pkt 126 300 0.42 1
Pkt 158 375 0.421333 1
Node 55 68 18.6815
Pkt 315 750 0.42 1
Pkt 336 800 0.42 1
Rate:841
==========
==========63
3 0 2 24000
Node 33 25 30.2324
Pkt 101 240 0.420833 1
Pkt 68 160 0.425 1
Node 71 58 22.4722
Pkt 126 300 0.42 1
Pkt 126 300 0.42 1
Node 46 42 8.94427
Pkt 315 750 0.42 1
Pkt 336 800 0.42 1
Rate:841.944
==========
==========64
3 0 2 24000
Node 70 66 25.6125
Pkt 101 240 0.420833 1
Pkt 105 250 0.42 1
Node 64 54 14.5602
Pkt 168 400 0.42 1
Pkt 126 300 0.42 1
Node 56 53 6.7082
Pkt 315 750 0.42 1
Pkt 336 800 0.42 1
Rate:840.278
==========
==========65
3 0 2 24000
Node 33 39 20.2485
Pkt 105 250 0.42 1
Pkt 84 200 0.42 1
Node 30 63 23.8537
Pkt 202 480 0.420833 1
Pkt 126 300 0.42 1
Node 57 49 7.07107
Pkt 315 750 0.42 1
Pkt 315 750 0.42 1
Rate:840.278
==========
==========66
3 0 2 24000
Node 50 65 15
Pkt 81 192 0.421875 1
Pkt 81 192 0.421875 1
Node 31 66 24.8395
Pkt 126 300 0.42 1
Pkt 135 320 0.421875 1
Node 59 44 10.8167
Pkt 315 750 0.42 1
Pkt 315 750 0.42 1
Rate:841.875
==========
==========67
3 0 2 24000
Node 36 66 21.2603
Pkt 105 250 0.42 1
Pkt 42 100 0.42 1
Node 61 57 13.0384
Pkt 202 480 0.420833 1
Pkt 135 320 0.421875 1
Node 36 45 14.8661
Pkt 336 800 0.42 1
Pkt 336 800 0.42 1
Rate:840.903
==========
==========68
3 0 2 24000
Node 45 67 17.72
Pkt 105 250 0.42 1
Pkt 53 125 0.424 1
Node 36 31 23.6008
Pkt 126 300 0.42 1
Pkt 126 300 0.42 1
Node 59 67 19.2354
Pkt 336 800 0.42 1
Pkt 315 750 0.42 1
Rate:841.333
==========
==========69
3 0 2 24000
Node 42 44 10
Pkt 84 200 0.42 1
Pkt 105 250 0.42 1
Node 74 47 24.1868
Pkt 126 300 0.42 1
Pkt 158 375 0.421333 1
Node 73 29 31.1448
Pkt 336 800 0.42 1
Pkt 336 800 0.42 1
Rate:840.444
==========
==========70
3 0 2 24000
Node 52 62 12.1655
Pkt 51 120 0.425 1
Pkt 68 160 0.425 1
Node 54 53 5
Pkt 202 480 0.420833 1
Pkt 158 375 0.421333 1
Node 63 30 23.8537
Pkt 315 750 0.42 1
Pkt 336 800 0.42 1
Rate:844.056
==========
==========71
3 0 2 24000
Node 59 25 26.5707
Pkt 101 240 0.420833 1
Pkt 42 100 0.42 1
Node 68 47 18.2483
Pkt 158 375 0.421333 1
Pkt 158 375 0.421333 1
Node 58 55 9.43398
Pkt 315 750 0.42 1
Pkt 315 750 0.42 1
Rate:841.167
==========
==========72
3 0 2 24000
Node 30 41 21.9317
Pkt 81 192 0.421875 1
Pkt 53 125 0.424 1
Node 49 34 16.0312
Pkt 135 320 0.421875 1
Pkt 135 320 0.421875 1
Node 58 37 15.2643
Pkt 336 800 0.42 1
Pkt 315 750 0.42 1
Rate:843.208
==========
==========73
3 0 2 24000
Node 40 52 10.198
Pkt 53 125 0.424 1
Pkt 101 240 0.420833 1
Node 35 74 28.3019
Pkt 202 480 0.420833 1
Pkt 202 480 0.420833 1
Node 70 62 23.3238
Pkt 336 800 0.42 1
Pkt 315 750 0.42 1
Rate:842.167
==========
==========74
3 0 2 24000
Node 61 64 17.8045
Pkt 105 250 0.42 1
Pkt 81 192 0.421875 1
Node 34 74 28.8444
Pkt 202 480 0.420833 1
Pkt 158 375 0.421333 1
Node 66 43 17.4642
Pkt 315 750 0.42 1
Pkt 336 800 0.42 1
Rate:841.347
==========
==========75
3 0 2 24000
Node 31 48 19.105
Pkt 81 192 0.421875 1
Pkt 51 120 0.425 1
Node 47 58 8.544
Pkt 126 300 0.42 1
Pkt 158 375 0.421333 1
Node 40 52 10.198
Pkt 336 800 0.42 1
Pkt 336 800 0.42 1
Rate:842.736
==========
==========76
3 0 2 24000
Node 55 36 14.8661
Pkt 101 240 0.420833 1
Pkt 53 125 0.424 1
Node 63 37 18.3848
Pkt 202 480 0.420833 1
Pkt 158 375 0.421333 1
Node 58 70 21.5407
Pkt 315 750 0.42 1
Pkt 336 800 0.42 1
Rate:842.333
==========
==========77
3 0 2 24000
Node 53 33 17.2627
Pkt 42 100 0.42 1
Pkt 42 100 0.42 1
Node 38 71 24.1868
Pkt 168 400 0.42 1
Pkt 135 320 0.421875 1
Node 49 45 5.09902
Pkt 315 750 0.42 1
Pkt 315 750 0.42 1
Rate:840.625
==========
==========78
3 0 2 24000
Node 52 63 13.1529
Pkt 81 192 0.421875 1
Pkt 68 160 0.425 1
Node 68 33 24.7588
Pkt 168 400 0.42 1
Pkt 126 300 0.42 1
Node 72 31 29.0689
Pkt 336 800 0.42 1
Pkt 336 800 0.42 1
Rate:842.292
==========
==========79
3 0 2 24000
Node 47 40 10.4403
Pkt 68 160 0.425 1
Pkt 81 192 0.421875 1
Node 29 37 24.6982
Pkt 202 480 0.420833 1
Pkt 168 400 0.42 1
Node 57 39 13.0384
Pkt 315 750 0.42 1
Pkt 315 750 0.42 1
Rate:842.569
==========
==========80
3 0 2 24000
Node 54 34 16.4924
Pkt 63 150 0.42 1
Pkt 51 120 0.425 1
Node 68 54 18.4391
Pkt 168 400 0.42 1
Pkt 202 480 0.420833 1
Node 27 63 26.4197
Pkt 336 800 0.42 1
Pkt 315 750 0.42 1
Rate:841.944
==========
==========81
3 0 2 24000
Node 28 39 24.5967
Pkt 101 240 0.420833 1
Pkt 68 160 0.425 1
Node 28 53 22.2036
Pkt 135 320 0.421875 1
Pkt 158 375 0.421333 1
Node 65 55 15.8114
Pkt 315 750 0.42 1
Pkt 336 800 0.42 1
Rate:843.014
==========
==========82
3 0 2 24000
Node 39 35 18.6011
Pkt 42 100 0.42 1
Pkt 68 160 0.425 1
Node 67 37 21.4009
Pkt 202 480 0.420833 1
Pkt 126 300 0.42 1
Node 43 34 17.4642
Pkt 315 750 0.42 1
Pkt 336 800 0.42 1
Rate:841.944
==========
==========83
3 0 2 24000
Node 63 62 17.6918
Pkt 101 240 0.420833 1
Pkt 42 100 0.42 1
Node 33 65 22.6716
Pkt 126 300 0.42 1
Pkt 158 375 0.421333 1
Node 65 34 21.9317
Pkt 336 800 0.42 1
Pkt 336 800 0.42 1
Rate:840.722
==========
==========84
3 0 2 24000
Node 66 73 28.0179
Pkt 68 160 0.425 1
Pkt 42 100 0.42 1
Node 55 66 16.7631
Pkt 158 375 0.421333 1
Pkt 135 320 0.421875 1
Node 43 38 13.8924
Pkt 336 800 0.42 1
Pkt 336 800 0.42 1
Rate:842.736
==========
==========85
3 0 2 24000
Node 51 65 15.0333
Pkt 81 192 0.421875 1
Pkt 84 200 0.42 1
Node 25 38 27.7308
Pkt 126 300 0.42 1
Pkt 168 400 0.42 1
Node 34 72 27.2029
Pkt 315 750 0.42 1
Pkt 315 750 0.42 1
Rate:840.625
==========
==========86
3 0 2 24000
Node 67 36 22.0227
Pkt 63 150 0.42 1
Pkt 53 125 0.424 1
Node 61 34 19.4165
Pkt 202 480 0.420833 1
Pkt 202 480 0.420833 1
Node 55 25 25.4951
Pkt 336 800 0.42 1
Pkt 336 800 0.42 1
Rate:841.889
==========
==========87
3 0 2 24000
Node 39 63 17.0294
Pkt 105 250 0.42 1
Pkt 101 240 0.420833 1
Node 64 67 22.0227
Pkt 202 480 0.420833 1
Pkt 135 320 0.421875 1
Node 40 27 25.0799
Pkt 315 750 0.42 1
Pkt 315 750 0.42 1
Rate:841.181
==========
==========88
3 0 2 24000
Node 67 37 21.4009
Pkt 63 150 0.42 1
Pkt 51 120 0.425 1
Node 32 72 28.4253
Pkt 202 480 0.420833 1
Pkt 126 300 0.42 1
Node 43 52 7.28011
Pkt 336 800 0.42 1
Pkt 315 750 0.42 1
Rate:841.944
==========
==========89
3 0 2 24000
Node 64 53 14.3178
Pkt 63 150 0.42 1
Pkt 51 120 0.425 1
Node 45 66 16.7631
Pkt 135 320 0.421875 1
Pkt 126 300 0.42 1
Node 57 60 12.2066
Pkt 315 750 0.42 1
Pkt 336 800 0.42 1
Rate:842.292
==========
==========90
3 0 2 24000
Node 64 45 14.8661
Pkt 101 240 0.420833 1
Pkt 51 120 0.425 1
Node 59 66 18.3576
Pkt 202 480 0.420833 1
Pkt 158 375 0.421333 1
Node 27 45 23.5372
Pkt 315 750 0.42 1
Pkt 336 800 0.42 1
Rate:842.667
==========
==========91
3 0 2 24000
Node 36 64 19.799
Pkt 53 125 0.424 1
Pkt 63 150 0.42 1
Node 33 67 24.0416
Pkt 158 375 0.421333 1
Pkt 158 375 0.421333 1
Node 65 55 15.8114
Pkt 336 800 0.42 1
Pkt 336 800 0.42 1
Rate:842.222
==========
==========92
3 0 2 24000
Node 72 35 26.6271
Pkt 51 120 0.425 1
Pkt 51 120 0.425 1
Node 74 48 24.0832
Pkt 135 320 0.421875 1
Pkt 158 375 0.421333 1
Node 54 57 8.06226
Pkt 336 800 0.42 1
Pkt 336 800 0.42 1
Rate:844.403
==========
==========93
3 0 2 24000
Node 40 55 11.1803
Pkt 101 240 0.420833 1
Pkt 63 150 0.42 1
Node 27 63 26.4197
Pkt 135 320 0.421875 1
Pkt 202 480 0.420833 1
Node 58 30 21.5407
Pkt 315 750 0.42 1
Pkt 315 750 0.42 1
Rate:841.181
==========
==========94
3 0 2 24000
Node 55 46 6.40312
Pkt 42 100 0.42 1
Pkt 84 200 0.42 1
Node 34 69 24.8395
Pkt 168 400 0.42 1
Pkt 126 300 0.42 1
Node 66 59 18.3576
Pkt 336 800 0.42 1
Pkt 315 750 0.42 1
Rate:840
==========
==========95
3 0 2 24000
Node 68 37 22.2036
Pkt 42 100 0.42 1
Pkt 84 200 0.42 1
Node 63 37 18.3848
Pkt 135 320 0.421875 1
Pkt 126 300 0.42 1
Node 32 68 25.4558
Pkt 336 800 0.42 1
Pkt 336 800 0.42 1
Rate:840.625
==========
==========96
3 0 2 24000
Node 39 41 14.2127
Pkt 63 150 0.42 1
Pkt 81 192 0.421875 1
Node 61 60 14.8661
Pkt 126 300 0.42 1
Pkt 135 320 0.421875 1
Node 38 27 25.9422
Pkt 315 750 0.42 1
Pkt 315 750 0.42 1
Rate:841.25
==========
==========97
3 0 2 24000
Node 73 39 25.4951
Pkt 84 200 0.42 1
Pkt 51 120 0.425 1
Node 51 39 11.0454
Pkt 168 400 0.42 1
Pkt 126 300 0.42 1
Node 40 65 18.0278
Pkt 336 800 0.42 1
Pkt 336 800 0.42 1
Rate:841.667
==========
==========98
3 0 2 24000
Node 71 47 21.2132
Pkt 101 240 0.420833 1
Pkt 63 150 0.42 1
Node 43 42 10.6301
Pkt 126 300 0.42 1
Pkt 126 300 0.42 1
Node 66 72 27.2029
Pkt 336 800 0.42 1
Pkt 315 750 0.42 1
Rate:840.278
==========
==========99
