3 0 2 24000
Node 32 69 26.1725
Pkt 36 150 0.24 1
Pkt 29 120 0.241667 1
Node 32 30 26.9072
Pkt 72 300 0.24 1
Pkt 77 320 0.240625 1
Node 32 41 20.1246
Pkt 192 800 0.24 1
Pkt 192 800 0.24 1
Rate:480.764
==========
==========0
3 0 2 24000
Node 49 48 2.23607
Pkt 30 125 0.24 1
Pkt 30 125 0.24 1
Node 66 52 16.1245
Pkt 116 480 0.241667 1
Pkt 72 300 0.24 1
Node 27 28 31.8277
Pkt 180 750 0.24 1
Pkt 180 750 0.24 1
Rate:480.556
==========
==========1
3 0 2 24000
Node 27 34 28.0179
Pkt 48 200 0.24 1
Pkt 60 250 0.24 1
Node 36 30 24.4131
Pkt 116 480 0.241667 1
Pkt 96 400 0.24 1
Node 34 28 27.2029
Pkt 180 750 0.24 1
Pkt 180 750 0.24 1
Rate:480.556
==========
==========2
3 0 2 24000
Node 28 44 22.8035
Pkt 24 100 0.24 1
Pkt 48 200 0.24 1
Node 36 27 26.9258
Pkt 116 480 0.241667 1
Pkt 77 320 0.240625 1
Node 65 58 17
Pkt 192 800 0.24 1
Pkt 180 750 0.24 1
Rate:480.764
==========
==========3
3 0 2 24000
Node 72 59 23.7697
Pkt 29 120 0.241667 1
Pkt 24 100 0.24 1
Node 41 73 24.6982
Pkt 77 320 0.240625 1
Pkt 96 400 0.24 1
Node 59 60 13.4536
Pkt 192 800 0.24 1
Pkt 192 800 0.24 1
Rate:480.764
==========
==========4
3 0 2 24000
Node 26 61 26.4008
Pkt 48 200 0.24 1
Pkt 39 160 0.24375 1
Node 53 46 5
Pkt 90 375 0.24 1
Pkt 96 400 0.24 1
Node 74 52 24.0832
Pkt 180 750 0.24 1
Pkt 192 800 0.24 1
Rate:481.25
==========
==========5
3 0 2 24000
Node 46 69 19.4165
Pkt 48 200 0.24 1
Pkt 58 240 0.241667 1
Node 73 67 28.6007
Pkt 96 400 0.24 1
Pkt 116 480 0.241667 1
Node 66 68 24.0832
Pkt 192 800 0.24 1
Pkt 192 800 0.24 1
Rate:481.111
==========
==========6
3 0 2 24000
Node 62 51 12.0416
Pkt 48 200 0.24 1
Pkt 29 120 0.241667 1
Node 40 41 13.4536
Pkt 116 480 0.241667 1
Pkt 116 480 0.241667 1
Node 74 67 29.4109
Pkt 180 750 0.24 1
Pkt 180 750 0.24 1
Rate:481.667
==========
==========7
3 0 2 24000
Node 66 67 23.3452
Pkt 58 240 0.241667 1
Pkt 36 150 0.24 1
Node 28 40 24.1661
Pkt 116 480 0.241667 1
Pkt 96 400 0.24 1
Node 40 68 20.5913
Pkt 192 800 0.24 1
Pkt 192 800 0.24 1
Rate:481.111
==========
==========8
3 0 2 24000
Node 49 30 20.025
Pkt 39 160 0.24375 1
Pkt 36 150 0.24 1
Node 52 72 22.0907
Pkt 116 480 0.241667 1
Pkt 116 480 0.241667 1
Node 41 67 19.2354
Pkt 180 750 0.24 1
Pkt 192 800 0.24 1
Rate:482.361
==========
==========9
3 0 2 24000
Node 28 68 28.4253
Pkt 36 150 0.24 1
Pkt 24 100 0.24 1
Node 63 33 21.4009
Pkt 116 480 0.241667 1
Pkt 72 300 0.24 1
Node 29 35 25.807
Pkt 192 800 0.24 1
Pkt 192 800 0.24 1
Rate:480.556
==========
==========10
3 0 2 24000
Node 25 27 33.9706
Pkt 48 200 0.24 1
Pkt 48 200 0.24 1
Node 41 59 12.7279
Pkt 90 375 0.24 1
Pkt 77 320 0.240625 1
Node 25 68 30.8058
Pkt 180 750 0.24 1
Pkt 180 750 0.24 1
Rate:480.208
==========
==========11
3 0 2 24000
Node 67 45 17.72
Pkt 30 125 0.24 1
Pkt 29 120 0.241667 1
Node 56 74 24.7386
Pkt 72 300 0.24 1
Pkt 72 300 0.24 1
Node 38 60 15.6205
Pkt 192 800 0.24 1
Pkt 180 750 0.24 1
Rate:480.556
==========
==========12
3 0 2 24000
Node 68 62 21.6333
Pkt 48 200 0.24 1
Pkt 29 120 0.241667 1
Node 44 53 6.7082
Pkt 77 320 0.240625 1
Pkt 72 300 0.24 1
Node 49 49 1.41421
Pkt 192 800 0.24 1
Pkt 192 800 0.24 1
Rate:480.764
==========
==========13
3 0 2 24000
Node 38 53 12.3693
Pkt 47 192 0.244792 1
Pkt 24 100 0.24 1
Node 71 45 21.587
Pkt 72 300 0.24 1
Pkt 96 400 0.24 1
Node 52 28 22.0907
Pkt 180 750 0.24 1
Pkt 192 800 0.24 1
Rate:481.597
==========
==========14
3 0 2 24000
Node 40 30 22.3607
Pkt 30 125 0.24 1
Pkt 47 192 0.244792 1
Node 44 52 6.32456
Pkt 90 375 0.24 1
Pkt 77 320 0.240625 1
Node 37 47 13.3417
Pkt 180 750 0.24 1
Pkt 180 750 0.24 1
Rate:481.806
==========
==========15
3 0 2 24000
Node 30 36 24.4131
Pkt 48 200 0.24 1
Pkt 60 250 0.24 1
Node 54 34 16.4924
Pkt 96 400 0.24 1
Pkt 77 320 0.240625 1
Node 65 72 26.6271
Pkt 180 750 0.24 1
Pkt 192 800 0.24 1
Rate:480.208
==========
==========16
3 0 2 24000
Node 37 64 19.105
Pkt 36 150 0.24 1
Pkt 60 250 0.24 1
Node 31 33 25.4951
Pkt 96 400 0.24 1
Pkt 96 400 0.24 1
Node 59 67 19.2354
Pkt 192 800 0.24 1
Pkt 180 750 0.24 1
Rate:480
==========
==========17
3 0 2 24000
Node 53 52 3.60555
Pkt 29 120 0.241667 1
Pkt 58 240 0.241667 1
Node 41 39 14.2127
Pkt 77 320 0.240625 1
Pkt 72 300 0.24 1
Node 40 61 14.8661
Pkt 192 800 0.24 1
Pkt 180 750 0.24 1
Rate:481.319
==========
==========18
3 0 2 24000
Node 45 54 6.40312
Pkt 30 125 0.24 1
Pkt 58 240 0.241667 1
Node 54 58 8.94427
Pkt 77 320 0.240625 1
Pkt 77 320 0.240625 1
Node 66 55 16.7631
Pkt 180 750 0.24 1
Pkt 192 800 0.24 1
Rate:480.972
==========
==========19
3 0 2 24000
Node 53 60 10.4403
Pkt 47 192 0.244792 1
Pkt 24 100 0.24 1
Node 46 54 5.65685
Pkt 77 320 0.240625 1
Pkt 77 320 0.240625 1
Node 50 69 19
Pkt 180 750 0.24 1
Pkt 180 750 0.24 1
Rate:482.014
==========
==========20
3 0 2 24000
Node 53 56 6.7082
Pkt 29 120 0.241667 1
Pkt 24 100 0.24 1
Node 39 73 25.4951
Pkt 77 320 0.240625 1
Pkt 77 320 0.240625 1
Node 45 32 18.6815
Pkt 180 750 0.24 1
Pkt 192 800 0.24 1
Rate:480.972
==========
==========21
3 0 2 24000
Node 69 45 19.6469
Pkt 30 125 0.24 1
Pkt 58 240 0.241667 1
Node 37 64 19.105
Pkt 116 480 0.241667 1
Pkt 116 480 0.241667 1
Node 53 41 9.48683
Pkt 180 750 0.24 1
Pkt 180 750 0.24 1
Rate:481.667
==========
==========22
3 0 2 24000
Node 32 32 25.4558
Pkt 39 160 0.24375 1
Pkt 39 160 0.24375 1
Node 58 65 17
Pkt 77 320 0.240625 1
Pkt 116 480 0.241667 1
Node 32 62 21.6333
Pkt 180 750 0.24 1
Pkt 192 800 0.24 1
Rate:483.264
==========
==========23
3 0 2 24000
Node 46 45 6.40312
Pkt 29 120 0.241667 1
Pkt 48 200 0.24 1
Node 69 50 19
Pkt 77 320 0.240625 1
Pkt 77 320 0.240625 1
Node 28 40 24.1661
Pkt 192 800 0.24 1
Pkt 192 800 0.24 1
Rate:480.972
==========
==========24
3 0 2 24000
Node 52 34 16.1245
Pkt 48 200 0.24 1
Pkt 60 250 0.24 1
Node 50 43 7
Pkt 77 320 0.240625 1
Pkt 77 320 0.240625 1
Node 27 50 23
Pkt 192 800 0.24 1
Pkt 180 750 0.24 1
Rate:480.417
==========
==========25
3 0 2 24000
Node 72 55 22.561
Pkt 36 150 0.24 1
Pkt 29 120 0.241667 1
Node 30 52 20.0998
Pkt 72 300 0.24 1
Pkt 77 320 0.240625 1
Node 44 28 22.8035
Pkt 180 750 0.24 1
Pkt 180 750 0.24 1
Rate:480.764
==========
==========26
3 0 2 24000
Node 34 57 17.4642
Pkt 47 192 0.244792 1
Pkt 24 100 0.24 1
Node 55 31 19.6469
Pkt 96 400 0.24 1
Pkt 72 300 0.24 1
Node 45 42 9.43398
Pkt 180 750 0.24 1
Pkt 192 800 0.24 1
Rate:481.597
==========
==========27
3 0 2 24000
Node 52 49 2.23607
Pkt 48 200 0.24 1
Pkt 58 240 0.241667 1
Node 72 62 25.0599
Pkt 116 480 0.241667 1
Pkt 96 400 0.24 1
Node 33 42 18.7883
Pkt 192 800 0.24 1
Pkt 192 800 0.24 1
Rate:481.111
==========
==========28
3 0 2 24000
Node 25 43 25.9615
Pkt 39 160 0.24375 1
Pkt 58 240 0.241667 1
Node 43 61 13.0384
Pkt 90 375 0.24 1
Pkt 90 375 0.24 1
Node 26 31 30.6105
Pkt 180 750 0.24 1
Pkt 180 750 0.24 1
Rate:481.806
==========
==========29
3 0 2 24000
Node 44 60 11.6619
Pkt 58 240 0.241667 1
Pkt 48 200 0.24 1
Node 25 50 25
Pkt 96 400 0.24 1
Pkt 90 375 0.24 1
Node 64 59 16.6433
Pkt 192 800 0.24 1
Pkt 180 750 0.24 1
Rate:480.556
==========
==========30
3 0 2 24000
Node 59 60 13.4536
Pkt 58 240 0.241667 1
Pkt 60 250 0.24 1
Node 45 43 8.60233
Pkt 116 480 0.241667 1
Pkt 72 300 0.24 1
Node 69 38 22.4722
Pkt 180 750 0.24 1
Pkt 180 750 0.24 1
Rate:481.111
==========
==========31
3 0 2 24000
Node 58 74 25.2982
Pkt 60 250 0.24 1
Pkt 47 192 0.244792 1
Node 42 65 17
Pkt 96 400 0.24 1
Pkt 96 400 0.24 1
Node 32 45 18.6815
Pkt 192 800 0.24 1
Pkt 180 750 0.24 1
Rate:481.597
==========
==========32
3 0 2 24000
Node 33 47 17.2627
Pkt 48 200 0.24 1
Pkt 47 192 0.244792 1
Node 26 36 27.7849
Pkt 72 300 0.24 1
Pkt 116 480 0.241667 1
Node 52 37 13.1529
Pkt 192 800 0.24 1
Pkt 192 800 0.24 1
Rate:482.153
==========
==========33
3 0 2 24000
Node 63 37 18.3848
Pkt 48 200 0.24 1
Pkt 30 125 0.24 1
Node 64 61 17.8045
Pkt 116 480 0.241667 1
Pkt 116 480 0.241667 1
Node 34 68 24.0832
Pkt 180 750 0.24 1
Pkt 192 800 0.24 1
Rate:481.111
==========
==========34
3 0 2 24000
Node 51 28 22.0227
Pkt 24 100 0.24 1
Pkt 29 120 0.241667 1
Node 39 27 25.4951
Pkt 72 300 0.24 1
Pkt 77 320 0.240625 1
Node 28 74 32.5576
Pkt 192 800 0.24 1
Pkt 192 800 0.24 1
Rate:480.764
==========
==========35
3 0 2 24000
Node 47 57 7.61577
Pkt 47 192 0.244792 1
Pkt 58 240 0.241667 1
Node 28 67 27.8029
Pkt 72 300 0.24 1
Pkt 96 400 0.24 1
Node 55 66 16.7631
Pkt 192 800 0.24 1
Pkt 192 800 0.24 1
Rate:482.153
==========
==========36
3 0 2 24000
Node 32 37 22.2036
Pkt 47 192 0.244792 1
Pkt 29 120 0.241667 1
Node 35 41 17.4929
Pkt 77 320 0.240625 1
Pkt 72 300 0.24 1
Node 44 27 23.7697
Pkt 192 800 0.24 1
Pkt 180 750 0.24 1
Rate:482.361
==========
==========37
3 0 2 24000
Node 51 64 14.0357
Pkt 58 240 0.241667 1
Pkt 24 100 0.24 1
Node 31 56 19.9249
Pkt 77 320 0.240625 1
Pkt 90 375 0.24 1
Node 64 41 16.6433
Pkt 192 800 0.24 1
Pkt 180 750 0.24 1
Rate:480.764
==========
==========38
3 0 2 24000
Node 26 58 25.2982
Pkt 24 100 0.24 1
Pkt 36 150 0.24 1
Node 42 43 10.6301
Pkt 72 300 0.24 1
Pkt 90 375 0.24 1
Node 69 67 25.4951
Pkt 180 750 0.24 1
Pkt 180 750 0.24 1
Rate:480
==========
==========39
3 0 2 24000
Node 41 63 15.8114
Pkt 36 150 0.24 1
Pkt 24 100 0.24 1
Node 45 30 20.6155
Pkt 116 480 0.241667 1
Pkt 90 375 0.24 1
Node 30 55 20.6155
Pkt 180 750 0.24 1
Pkt 192 800 0.24 1
Rate:480.556
==========
==========40
3 0 2 24000
Node 59 43 11.4018
Pkt 48 200 0.24 1
Pkt 47 192 0.244792 1
Node 70 58 21.5407
Pkt 72 300 0.24 1
Pkt 116 480 0.241667 1
Node 60 28 24.1661
Pkt 180 750 0.24 1
Pkt 192 800 0.24 1
Rate:482.153
==========
==========41
3 0 2 24000
Node 68 35 23.4307
Pkt 39 160 0.24375 1
Pkt 47 192 0.244792 1
Node 69 40 21.4709
Pkt 96 400 0.24 1
Pkt 116 480 0.241667 1
Node 67 55 17.72
Pkt 192 800 0.24 1
Pkt 180 750 0.24 1
Rate:483.403
==========
==========42
3 0 2 24000
Node 26 39 26.4008
Pkt 60 250 0.24 1
Pkt 39 160 0.24375 1
Node 53 71 21.2132
Pkt 77 320 0.240625 1
Pkt 77 320 0.240625 1
Node 74 32 30
Pkt 192 800 0.24 1
Pkt 180 750 0.24 1
Rate:481.667
==========
==========43
3 0 2 24000
Node 69 64 23.6008
Pkt 24 100 0.24 1
Pkt 47 192 0.244792 1
Node 35 69 24.2074
Pkt 96 400 0.24 1
Pkt 116 480 0.241667 1
Node 65 38 19.2094
Pkt 180 750 0.24 1
Pkt 180 750 0.24 1
Rate:482.153
==========
==========44
3 0 2 24000
Node 39 29 23.7065
Pkt 30 125 0.24 1
Pkt 47 192 0.244792 1
Node 64 61 17.8045
Pkt 90 375 0.24 1
Pkt 96 400 0.24 1
Node 73 64 26.9258
Pkt 192 800 0.24 1
Pkt 180 750 0.24 1
Rate:481.597
==========
==========45
3 0 2 24000
Node 56 71 21.8403
Pkt 36 150 0.24 1
Pkt 60 250 0.24 1
Node 74 61 26.4008
Pkt 72 300 0.24 1
Pkt 77 320 0.240625 1
Node 34 40 18.868
Pkt 180 750 0.24 1
Pkt 192 800 0.24 1
Rate:480.208
==========
==========46
3 0 2 24000
Node 53 50 3
Pkt 29 120 0.241667 1
Pkt 47 192 0.244792 1
Node 47 57 7.61577
Pkt 90 375 0.24 1
Pkt 96 400 0.24 1
Node 60 36 17.2047
Pkt 180 750 0.24 1
Pkt 192 800 0.24 1
Rate:482.153
==========
==========47
3 0 2 24000
Node 55 51 5.09902
Pkt 39 160 0.24375 1
Pkt 58 240 0.241667 1
Node 28 74 32.5576
Pkt 72 300 0.24 1
Pkt 116 480 0.241667 1
Node 54 39 11.7047
Pkt 180 750 0.24 1
Pkt 192 800 0.24 1
Rate:482.361
==========
==========48
3 0 2 24000
Node 38 35 19.2094
Pkt 47 192 0.244792 1
Pkt 48 200 0.24 1
Node 55 43 8.60233
Pkt 96 400 0.24 1
Pkt 77 320 0.240625 1
Node 26 52 24.0832
Pkt 192 800 0.24 1
Pkt 192 800 0.24 1
Rate:481.806
==========
==========49
3 0 2 24000
Node 54 56 7.2111
Pkt 60 250 0.24 1
Pkt 60 250 0.24 1
Node 65 51 15.0333
Pkt 116 480 0.241667 1
Pkt 116 480 0.241667 1
Node 32 33 24.7588
Pkt 192 800 0.24 1
Pkt 192 800 0.24 1
Rate:481.111
==========
==========50
3 0 2 24000
Node 31 40 21.4709
Pkt 29 120 0.241667 1
Pkt 47 192 0.244792 1
Node 58 55 9.43398
Pkt 116 480 0.241667 1
Pkt 90 375 0.24 1
Node 28 49 22.0227
Pkt 180 750 0.24 1
Pkt 180 750 0.24 1
Rate:482.708
==========
==========51
3 0 2 24000
Node 35 66 21.9317
Pkt 47 192 0.244792 1
Pkt 58 240 0.241667 1
Node 37 37 18.3848
Pkt 116 480 0.241667 1
Pkt 116 480 0.241667 1
Node 56 38 13.4164
Pkt 180 750 0.24 1
Pkt 180 750 0.24 1
Rate:483.264
==========
==========52
3 0 2 24000
Node 47 25 25.1794
Pkt 39 160 0.24375 1
Pkt 24 100 0.24 1
Node 61 59 14.2127
Pkt 90 375 0.24 1
Pkt 116 480 0.241667 1
Node 34 33 23.3452
Pkt 192 800 0.24 1
Pkt 192 800 0.24 1
Rate:481.806
==========
==========53
3 0 2 24000
Node 67 29 27.0185
Pkt 60 250 0.24 1
Pkt 36 150 0.24 1
Node 55 35 15.8114
Pkt 116 480 0.241667 1
Pkt 96 400 0.24 1
Node 40 38 15.6205
Pkt 180 750 0.24 1
Pkt 180 750 0.24 1
Rate:480.556
==========
==========54
3 0 2 24000
Node 72 63 25.5539
Pkt 30 125 0.24 1
Pkt 60 250 0.24 1
Node 57 33 18.3848
Pkt 77 320 0.240625 1
Pkt 77 320 0.240625 1
Node 54 30 20.3961
Pkt 180 750 0.24 1
Pkt 192 800 0.24 1
Rate:480.417
==========
==========55
3 0 2 24000
Node 68 59 20.1246
Pkt 36 150 0.24 1
Pkt 36 150 0.24 1
Node 69 28 29.0689
Pkt 77 320 0.240625 1
Pkt 77 320 0.240625 1
Node 27 29 31.1448
Pkt 192 800 0.24 1
Pkt 180 750 0.24 1
Rate:480.417
==========
==========56
3 0 2 24000
Node 63 50 13
Pkt 60 250 0.24 1
Pkt 24 100 0.24 1
Node 74 49 24.0208
Pkt 90 375 0.24 1
Pkt 77 320 0.240625 1
Node 42 72 23.4094
Pkt 192 800 0.24 1
Pkt 180 750 0.24 1
Rate:480.208
==========
==========57
3 0 2 24000
Node 74 46 24.3311
Pkt 36 150 0.24 1
Pkt 30 125 0.24 1
Node 34 48 16.1245
Pkt 77 320 0.240625 1
Pkt 116 480 0.241667 1
Node 25 71 32.6497
Pkt 192 800 0.24 1
Pkt 180 750 0.24 1
Rate:480.764
==========
==========58
3 0 2 24000
Node 72 27 31.8277
Pkt 39 160 0.24375 1
Pkt 48 200 0.24 1
Node 28 62 25.0599
Pkt 77 320 0.240625 1
Pkt 96 400 0.24 1
Node 31 40 21.4709
Pkt 180 750 0.24 1
Pkt 180 750 0.24 1
Rate:481.458
==========
==========59
3 0 2 24000
Node 55 54 6.40312
Pkt 30 125 0.24 1
Pkt 58 240 0.241667 1
Node 62 39 16.2788
Pkt 72 300 0.24 1
Pkt 90 375 0.24 1
Node 54 51 4.12311
Pkt 180 750 0.24 1
Pkt 192 800 0.24 1
Rate:480.556
==========
==========60
3 0 2 24000
Node 68 30 26.9072
Pkt 48 200 0.24 1
Pkt 39 160 0.24375 1
Node 58 59 12.0416
Pkt 90 375 0.24 1
Pkt 96 400 0.24 1
Node 59 37 15.8114
Pkt 180 750 0.24 1
Pkt 192 800 0.24 1
Rate:481.25
==========
==========61
3 0 2 24000
Node 43 55 8.60233
Pkt 48 200 0.24 1
Pkt 24 100 0.24 1
Node 50 63 13
Pkt 72 300 0.24 1
Pkt 77 320 0.240625 1
Node 58 42 11.3137
Pkt 192 800 0.24 1
Pkt 192 800 0.24 1
Rate:480.208
==========
==========62
3 0 2 24000
Node 59 61 14.2127
Pkt 36 150 0.24 1
Pkt 30 125 0.24 1
Node 44 28 22.8035
Pkt 116 480 0.241667 1
Pkt 77 320 0.240625 1
Node 58 51 8.06226
Pkt 180 750 0.24 1
Pkt 192 800 0.24 1
Rate:480.764
==========
==========63
3 0 2 24000
Node 45 51 5.09902
Pkt 60 250 0.24 1
Pkt 47 192 0.244792 1
Node 57 71 22.1359
Pkt 96 400 0.24 1
Pkt 72 300 0.24 1
Node 26 25 34.6554
Pkt 192 800 0.24 1
Pkt 180 750 0.24 1
Rate:481.597
==========
==========64
3 0 2 24000
Node 48 51 2.23607
Pkt 24 100 0.24 1
Pkt 48 200 0.24 1
Node 48 70 20.0998
Pkt 90 375 0.24 1
Pkt 77 320 0.240625 1
Node 57 71 22.1359
Pkt 192 800 0.24 1
Pkt 180 750 0.24 1
Rate:480.208
==========
==========65
3 0 2 24000
Node 54 61 11.7047
Pkt 30 125 0.24 1
Pkt 30 125 0.24 1
Node 52 30 20.0998
Pkt 90 375 0.24 1
Pkt 116 480 0.241667 1
Node 64 59 16.6433
Pkt 180 750 0.24 1
Pkt 180 750 0.24 1
Rate:480.556
==========
==========66
3 0 2 24000
Node 71 52 21.095
Pkt 30 125 0.24 1
Pkt 60 250 0.24 1
Node 48 26 24.0832
Pkt 96 400 0.24 1
Pkt 116 480 0.241667 1
Node 25 31 31.4006
Pkt 192 800 0.24 1
Pkt 192 800 0.24 1
Rate:480.556
==========
==========67
3 0 2 24000
Node 33 26 29.4109
Pkt 47 192 0.244792 1
Pkt 36 150 0.24 1
Node 66 58 17.8885
Pkt 96 400 0.24 1
Pkt 96 400 0.24 1
Node 30 42 21.5407
Pkt 192 800 0.24 1
Pkt 180 750 0.24 1
Rate:481.597
==========
==========68
3 0 2 24000
Node 48 61 11.1803
Pkt 39 160 0.24375 1
Pkt 58 240 0.241667 1
Node 48 38 12.1655
Pkt 116 480 0.241667 1
Pkt 96 400 0.24 1
Node 66 53 16.2788
Pkt 192 800 0.24 1
Pkt 192 800 0.24 1
Rate:482.361
==========
==========69
3 0 2 24000
Node 60 50 10
Pkt 47 192 0.244792 1
Pkt 24 100 0.24 1
Node 74 29 31.8904
Pkt 77 320 0.240625 1
Pkt 72 300 0.24 1
Node 25 50 25
Pkt 192 800 0.24 1
Pkt 192 800 0.24 1
Rate:481.806
==========
==========70
3 0 2 24000
Node 44 71 21.8403
Pkt 58 240 0.241667 1
Pkt 36 150 0.24 1
Node 29 42 22.4722
Pkt 96 400 0.24 1
Pkt 77 320 0.240625 1
Node 60 68 20.5913
Pkt 192 800 0.24 1
Pkt 180 750 0.24 1
Rate:480.764
==========
==========71
3 0 2 24000
Node 69 32 26.1725
Pkt 58 240 0.241667 1
Pkt 29 120 0.241667 1
Node 70 71 29
Pkt 77 320 0.240625 1
Pkt 90 375 0.24 1
Node 43 51 7.07107
Pkt 192 800 0.24 1
Pkt 180 750 0.24 1
Rate:481.319
==========
==========72
3 0 2 24000
Node 56 73 23.7697
Pkt 24 100 0.24 1
Pkt 36 150 0.24 1
Node 58 59 12.0416
Pkt 90 375 0.24 1
Pkt 77 320 0.240625 1
Node 30 25 32.0156
Pkt 192 800 0.24 1
Pkt 192 800 0.24 1
Rate:480.208
==========
==========73
3 0 2 24000
Node 48 47 3.60555
Pkt 47 192 0.244792 1
Pkt 48 200 0.24 1
Node 63 61 17.0294
Pkt 90 375 0.24 1
Pkt 96 400 0.24 1
Node 57 45 8.60233
Pkt 192 800 0.24 1
Pkt 180 750 0.24 1
Rate:481.597
==========
==========74
3 0 2 24000
Node 48 28 22.0907
Pkt 36 150 0.24 1
Pkt 47 192 0.244792 1
Node 66 65 21.9317
Pkt 77 320 0.240625 1
Pkt 116 480 0.241667 1
Node 67 70 26.2488
Pkt 180 750 0.24 1
Pkt 180 750 0.24 1
Rate:482.361
==========
==========75
3 0 2 24000
Node 30 33 26.2488
Pkt 47 192 0.244792 1
Pkt 60 250 0.24 1
Node 36 73 26.9258
Pkt 96 400 0.24 1
Pkt 96 400 0.24 1
Node 42 71 22.4722
Pkt 180 750 0.24 1
Pkt 192 800 0.24 1
Rate:481.597
==========
==========76
3 0 2 24000
Node 44 61 12.53
Pkt 24 100 0.24 1
Pkt 24 100 0.24 1
Node 66 67 23.3452
Pkt 72 300 0.24 1
Pkt 90 375 0.24 1
Node 60 56 11.6619
Pkt 180 750 0.24 1
Pkt 192 800 0.24 1
Rate:480
==========
==========77
3 0 2 24000
Node 60 32 20.5913
Pkt 36 150 0.24 1
Pkt 30 125 0.24 1
Node 51 60 10.0499
Pkt 90 375 0.24 1
Pkt 72 300 0.24 1
Node 25 26 34.6554
Pkt 180 750 0.24 1
Pkt 180 750 0.24 1
Rate:480
==========
==========78
3 0 2 24000
Node 35 62 19.2094
Pkt 29 120 0.241667 1
Pkt 24 100 0.24 1
Node 68 40 20.5913
Pkt 72 300 0.24 1
Pkt 77 320 0.240625 1
Node 70 49 20.025
Pkt 180 750 0.24 1
Pkt 192 800 0.24 1
Rate:480.764
==========
==========79
3 0 2 24000
Node 25 28 33.3017
Pkt 29 120 0.241667 1
Pkt 36 150 0.24 1
Node 40 34 18.868
Pkt 90 375 0.24 1
Pkt 90 375 0.24 1
Node 48 38 12.1655
Pkt 192 800 0.24 1
Pkt 180 750 0.24 1
Rate:480.556
==========
==========80
3 0 2 24000
Node 45 37 13.9284
Pkt 39 160 0.24375 1
Pkt 60 250 0.24 1
Node 36 32 22.8035
Pkt 90 375 0.24 1
Pkt 72 300 0.24 1
Node 61 40 14.8661
Pkt 180 750 0.24 1
Pkt 180 750 0.24 1
Rate:481.25
==========
==========81
3 0 2 24000
Node 61 55 12.083
Pkt 24 100 0.24 1
Pkt 39 160 0.24375 1
Node 59 33 19.2354
Pkt 116 480 0.241667 1
Pkt 116 480 0.241667 1
Node 68 60 20.5913
Pkt 192 800 0.24 1
Pkt 192 800 0.24 1
Rate:482.361
==========
==========82
3 0 2 24000
Node 43 29 22.1359
Pkt 60 250 0.24 1
Pkt 36 150 0.24 1
Node 66 25 29.6816
Pkt 90 375 0.24 1
Pkt 96 400 0.24 1
Node 57 31 20.2485
Pkt 180 750 0.24 1
Pkt 180 750 0.24 1
Rate:480
==========
==========83
3 0 2 24000
Node 72 46 22.3607
Pkt 29 120 0.241667 1
Pkt 36 150 0.24 1
Node 40 44 11.6619
Pkt 72 300 0.24 1
Pkt 90 375 0.24 1
Node 65 68 23.4307
Pkt 192 800 0.24 1
Pkt 192 800 0.24 1
Rate:480.556
==========
==========84
3 0 2 24000
Node 31 36 23.6008
Pkt 58 240 0.241667 1
Pkt 47 192 0.244792 1
Node 53 35 15.2971
Pkt 96 400 0.24 1
Pkt 72 300 0.24 1
Node 34 43 17.4642
Pkt 180 750 0.24 1
Pkt 180 750 0.24 1
Rate:482.153
==========
==========85
3 0 2 24000
Node 74 41 25.632
Pkt 36 150 0.24 1
Pkt 29 120 0.241667 1
Node 39 47 11.4018
Pkt 90 375 0.24 1
Pkt 90 375 0.24 1
Node 55 56 7.81025
Pkt 180 750 0.24 1
Pkt 180 750 0.24 1
Rate:480.556
==========
==========86
3 0 2 24000
Node 52 30 20.0998
Pkt 24 100 0.24 1
Pkt 58 240 0.241667 1
Node 30 70 28.2843
Pkt 116 480 0.241667 1
Pkt 116 480 0.241667 1
Node 60 67 19.7231
Pkt 192 800 0.24 1
Pkt 180 750 0.24 1
Rate:481.667
==========
==========87
3 0 2 24000
Node 29 65 25.807
Pkt 48 200 0.24 1
Pkt 24 100 0.24 1
Node 26 52 24.0832
Pkt 72 300 0.24 1
Pkt 116 480 0.241667 1
Node 72 34 27.2029
Pkt 180 750 0.24 1
Pkt 180 750 0.24 1
Rate:480.556
==========
==========88
3 0 2 24000
Node 41 30 21.9317
Pkt 29 120 0.241667 1
Pkt 39 160 0.24375 1
Node 34 39 19.4165
Pkt 96 400 0.24 1
Pkt 116 480 0.241667 1
Node 44 40 11.6619
Pkt 180 750 0.24 1
Pkt 192 800 0.24 1
Rate:482.361
==========
==========89
3 0 2 24000
Node 26 63 27.2947
Pkt 58 240 0.241667 1
Pkt 58 240 0.241667 1
Node 25 65 29.1548
Pkt 72 300 0.24 1
Pkt 116 480 0.241667 1
Node 33 31 25.4951
Pkt 180 750 0.24 1
Pkt 180 750 0.24 1
Rate:481.667
==========
==========90
3 0 2 24000
Node 60 37 16.4012
Pkt 39 160 0.24375 1
Pkt 60 250 0.24 1
Node 60 42 12.8062
Pkt 116 480 0.241667 1
Pkt 96 400 0.24 1
Node 49 28 22.0227
Pkt 180 750 0.24 1
Pkt 192 800 0.24 1
Rate:481.806
==========
==========91
3 0 2 24000
Node 65 57 16.5529
Pkt 60 250 0.24 1
Pkt 39 160 0.24375 1
Node 56 47 6.7082
Pkt 116 480 0.241667 1
Pkt 90 375 0.24 1
Node 28 39 24.5967
Pkt 192 800 0.24 1
Pkt 192 800 0.24 1
Rate:481.806
==========
==========92
3 0 2 24000
Node 70 74 31.241
Pkt 60 250 0.24 1
Pkt 58 240 0.241667 1
Node 50 27 23
Pkt 90 375 0.24 1
Pkt 116 480 0.241667 1
Node 33 67 24.0416
Pkt 180 750 0.24 1
Pkt 192 800 0.24 1
Rate:481.111
==========
==========93
3 0 2 24000
Node 42 43 10.6301
Pkt 30 125 0.24 1
Pkt 30 125 0.24 1
Node 66 28 27.2029
Pkt 90 375 0.24 1
Pkt 90 375 0.24 1
Node 55 70 20.6155
Pkt 192 800 0.24 1
Pkt 180 750 0.24 1
Rate:480
==========
==========94
3 0 2 24000
Node 62 49 12.0416
Pkt 24 100 0.24 1
Pkt 60 250 0.24 1
Node 52 32 18.1108
Pkt 116 480 0.241667 1
Pkt 77 320 0.240625 1
Node 67 60 19.7231
Pkt 180 750 0.24 1
Pkt 180 750 0.24 1
Rate:480.764
==========
==========95
3 0 2 24000
Node 49 42 8.06226
Pkt 60 250 0.24 1
Pkt 30 125 0.24 1
Node 29 64 25.2389
Pkt 96 400 0.24 1
Pkt 77 320 0.240625 1
Node 74 26 33.9411
Pkt 192 800 0.24 1
Pkt 180 750 0.24 1
Rate:480.208
==========
==========96
3 0 2 24000
Node 29 70 29
Pkt 47 192 0.244792 1
Pkt 48 200 0.24 1
Node 68 35 23.4307
Pkt 116 480 0.241667 1
Pkt 72 300 0.24 1
Node 62 52 12.1655
Pkt 192 800 0.24 1
Pkt 180 750 0.24 1
Rate:482.153
==========
==========97
3 0 2 24000
Node 60 57 12.2066
Pkt 29 120 0.241667 1
Pkt 29 120 0.241667 1
Node 68 42 19.6977
Pkt 96 400 0.24 1
Pkt 96 400 0.24 1
Node 26 29 31.8904
Pkt 180 750 0.24 1
Pkt 192 800 0.24 1
Rate:481.111
==========
==========98
3 0 2 24000
Node 47 59 9.48683
Pkt 39 160 0.24375 1
Pkt 58 240 0.241667 1
Node 41 33 19.2354
Pkt 72 300 0.24 1
Pkt 72 300 0.24 1
Node 63 68 22.2036
Pkt 192 800 0.24 1
Pkt 180 750 0.24 1
Rate:481.806
==========
==========99
