3 0 2 24000
Node 48 25 25.0799
Pkt 30 250 0.12 1
Pkt 15 125 0.12 1
Node 51 48 2.23607
Pkt 39 320 0.121875 1
Pkt 36 300 0.12 1
Node 48 39 11.1803
Pkt 96 800 0.12 1
Pkt 90 750 0.12 1
Rate:240.625
==========
==========0
3 0 2 24000
Node 65 34 21.9317
Pkt 24 192 0.125 1
Pkt 18 150 0.12 1
Node 30 31 27.5862
Pkt 45 375 0.12 1
Pkt 36 300 0.12 1
Node 69 46 19.4165
Pkt 96 800 0.12 1
Pkt 90 750 0.12 1
Rate:241.667
==========
==========1
3 0 2 24000
Node 27 37 26.4197
Pkt 24 200 0.12 1
Pkt 30 250 0.12 1
Node 44 26 24.7386
Pkt 58 480 0.120833 1
Pkt 39 320 0.121875 1
Node 66 71 26.4008
Pkt 96 800 0.12 1
Pkt 96 800 0.12 1
Rate:240.903
==========
==========2
3 0 2 24000
Node 71 54 21.3776
Pkt 15 125 0.12 1
Pkt 30 250 0.12 1
Node 71 54 21.3776
Pkt 39 320 0.121875 1
Pkt 45 375 0.12 1
Node 34 47 16.2788
Pkt 90 750 0.12 1
Pkt 96 800 0.12 1
Rate:240.625
==========
==========3
3 0 2 24000
Node 42 66 17.8885
Pkt 15 125 0.12 1
Pkt 24 200 0.12 1
Node 48 37 13.1529
Pkt 45 375 0.12 1
Pkt 48 400 0.12 1
Node 26 41 25.632
Pkt 90 750 0.12 1
Pkt 96 800 0.12 1
Rate:240
==========
==========4
3 0 2 24000
Node 40 47 10.4403
Pkt 24 200 0.12 1
Pkt 15 120 0.125 1
Node 49 36 14.0357
Pkt 45 375 0.12 1
Pkt 58 480 0.120833 1
Node 26 27 33.2415
Pkt 90 750 0.12 1
Pkt 96 800 0.12 1
Rate:241.944
==========
==========5
3 0 2 24000
Node 25 51 25.02
Pkt 12 100 0.12 1
Pkt 29 240 0.120833 1
Node 60 65 18.0278
Pkt 45 375 0.12 1
Pkt 48 400 0.12 1
Node 39 31 21.9545
Pkt 96 800 0.12 1
Pkt 96 800 0.12 1
Rate:240.278
==========
==========6
3 0 2 24000
Node 73 63 26.4197
Pkt 30 250 0.12 1
Pkt 15 125 0.12 1
Node 35 47 15.2971
Pkt 36 300 0.12 1
Pkt 58 480 0.120833 1
Node 69 50 19
Pkt 90 750 0.12 1
Pkt 96 800 0.12 1
Rate:240.278
==========
==========7
3 0 2 24000
Node 38 53 12.3693
Pkt 15 120 0.125 1
Pkt 15 120 0.125 1
Node 31 69 26.8701
Pkt 39 320 0.121875 1
Pkt 36 300 0.12 1
Node 26 69 30.6105
Pkt 96 800 0.12 1
Pkt 90 750 0.12 1
Rate:243.958
==========
==========8
3 0 2 24000
Node 31 62 22.4722
Pkt 29 240 0.120833 1
Pkt 29 240 0.120833 1
Node 53 69 19.2354
Pkt 36 300 0.12 1
Pkt 48 400 0.12 1
Node 43 46 8.06226
Pkt 96 800 0.12 1
Pkt 90 750 0.12 1
Rate:240.556
==========
==========9
3 0 2 24000
Node 70 57 21.1896
Pkt 12 100 0.12 1
Pkt 18 150 0.12 1
Node 51 66 16.0312
Pkt 36 300 0.12 1
Pkt 45 375 0.12 1
Node 40 50 10
Pkt 96 800 0.12 1
Pkt 90 750 0.12 1
Rate:240
==========
==========10
3 0 2 24000
Node 43 26 25
Pkt 29 240 0.120833 1
Pkt 15 120 0.125 1
Node 51 40 10.0499
Pkt 58 480 0.120833 1
Pkt 36 300 0.12 1
Node 57 48 7.28011
Pkt 96 800 0.12 1
Pkt 96 800 0.12 1
Rate:242.222
==========
==========11
3 0 2 24000
Node 44 63 14.3178
Pkt 24 200 0.12 1
Pkt 24 192 0.125 1
Node 51 31 19.0263
Pkt 45 375 0.12 1
Pkt 45 375 0.12 1
Node 41 41 12.7279
Pkt 90 750 0.12 1
Pkt 96 800 0.12 1
Rate:241.667
==========
==========12
3 0 2 24000
Node 74 44 24.7386
Pkt 29 240 0.120833 1
Pkt 20 160 0.125 1
Node 69 33 25.4951
Pkt 39 320 0.121875 1
Pkt 45 375 0.12 1
Node 69 34 24.8395
Pkt 96 800 0.12 1
Pkt 96 800 0.12 1
Rate:242.569
==========
==========13
3 0 2 24000
Node 60 74 26
Pkt 18 150 0.12 1
Pkt 24 192 0.125 1
Node 50 41 9
Pkt 45 375 0.12 1
Pkt 36 300 0.12 1
Node 30 61 22.8254
Pkt 90 750 0.12 1
Pkt 96 800 0.12 1
Rate:241.667
==========
==========14
3 0 2 24000
Node 58 37 15.2643
Pkt 30 250 0.12 1
Pkt 30 250 0.12 1
Node 39 45 12.083
Pkt 36 300 0.12 1
Pkt 45 375 0.12 1
Node 34 33 23.3452
Pkt 96 800 0.12 1
Pkt 90 750 0.12 1
Rate:240
==========
==========15
3 0 2 24000
Node 74 55 24.5153
Pkt 15 120 0.125 1
Pkt 18 150 0.12 1
Node 30 33 26.2488
Pkt 39 320 0.121875 1
Pkt 48 400 0.12 1
Node 40 59 13.4536
Pkt 90 750 0.12 1
Pkt 96 800 0.12 1
Rate:242.292
==========
==========16
3 0 2 24000
Node 42 61 13.6015
Pkt 12 100 0.12 1
Pkt 24 200 0.12 1
Node 33 72 27.8029
Pkt 39 320 0.121875 1
Pkt 45 375 0.12 1
Node 49 35 15.0333
Pkt 90 750 0.12 1
Pkt 90 750 0.12 1
Rate:240.625
==========
==========17
3 0 2 24000
Node 49 41 9.05539
Pkt 24 192 0.125 1
Pkt 29 240 0.120833 1
Node 71 51 21.0238
Pkt 45 375 0.12 1
Pkt 58 480 0.120833 1
Node 39 57 13.0384
Pkt 96 800 0.12 1
Pkt 90 750 0.12 1
Rate:242.222
==========
==========18
3 0 2 24000
Node 62 54 12.6491
Pkt 12 100 0.12 1
Pkt 20 160 0.125 1
Node 73 66 28.0179
Pkt 45 375 0.12 1
Pkt 39 320 0.121875 1
Node 40 50 10
Pkt 90 750 0.12 1
Pkt 96 800 0.12 1
Rate:242.292
==========
==========19
3 0 2 24000
Node 61 66 19.4165
Pkt 30 250 0.12 1
Pkt 20 160 0.125 1
Node 47 25 25.1794
Pkt 58 480 0.120833 1
Pkt 58 480 0.120833 1
Node 60 55 11.1803
Pkt 96 800 0.12 1
Pkt 96 800 0.12 1
Rate:242.222
==========
==========20
3 0 2 24000
Node 29 51 21.0238
Pkt 29 240 0.120833 1
Pkt 29 240 0.120833 1
Node 46 36 14.5602
Pkt 58 480 0.120833 1
Pkt 58 480 0.120833 1
Node 69 33 25.4951
Pkt 90 750 0.12 1
Pkt 90 750 0.12 1
Rate:241.111
==========
==========21
3 0 2 24000
Node 45 31 19.6469
Pkt 20 160 0.125 1
Pkt 29 240 0.120833 1
Node 59 43 11.4018
Pkt 45 375 0.12 1
Pkt 48 400 0.12 1
Node 26 30 31.241
Pkt 96 800 0.12 1
Pkt 96 800 0.12 1
Rate:241.944
==========
==========22
3 0 2 24000
Node 58 29 22.4722
Pkt 24 200 0.12 1
Pkt 24 200 0.12 1
Node 71 64 25.2389
Pkt 45 375 0.12 1
Pkt 58 480 0.120833 1
Node 28 46 22.3607
Pkt 96 800 0.12 1
Pkt 96 800 0.12 1
Rate:240.278
==========
==========23
3 0 2 24000
Node 53 26 24.1868
Pkt 12 100 0.12 1
Pkt 15 120 0.125 1
Node 45 55 7.07107
Pkt 36 300 0.12 1
Pkt 39 320 0.121875 1
Node 33 66 23.3452
Pkt 96 800 0.12 1
Pkt 90 750 0.12 1
Rate:242.292
==========
==========24
3 0 2 24000
Node 40 28 24.1661
Pkt 20 160 0.125 1
Pkt 12 100 0.12 1
Node 36 46 14.5602
Pkt 36 300 0.12 1
Pkt 58 480 0.120833 1
Node 49 71 21.0238
Pkt 90 750 0.12 1
Pkt 96 800 0.12 1
Rate:241.944
==========
==========25
3 0 2 24000
Node 44 35 16.1555
Pkt 18 150 0.12 1
Pkt 15 120 0.125 1
Node 58 72 23.4094
Pkt 39 320 0.121875 1
Pkt 45 375 0.12 1
Node 46 66 16.4924
Pkt 90 750 0.12 1
Pkt 96 800 0.12 1
Rate:242.292
==========
==========26
3 0 2 24000
Node 27 70 30.4795
Pkt 12 100 0.12 1
Pkt 12 100 0.12 1
Node 39 62 16.2788
Pkt 58 480 0.120833 1
Pkt 58 480 0.120833 1
Node 49 49 1.41421
Pkt 96 800 0.12 1
Pkt 90 750 0.12 1
Rate:240.556
==========
==========27
3 0 2 24000
Node 33 25 30.2324
Pkt 24 192 0.125 1
Pkt 24 192 0.125 1
Node 47 36 14.3178
Pkt 45 375 0.12 1
Pkt 39 320 0.121875 1
Node 63 52 13.1529
Pkt 90 750 0.12 1
Pkt 90 750 0.12 1
Rate:243.958
==========
==========28
3 0 2 24000
Node 41 51 9.05539
Pkt 24 200 0.12 1
Pkt 30 250 0.12 1
Node 71 46 21.3776
Pkt 39 320 0.121875 1
Pkt 48 400 0.12 1
Node 40 45 11.1803
Pkt 90 750 0.12 1
Pkt 96 800 0.12 1
Rate:240.625
==========
==========29
3 0 2 24000
Node 67 68 24.7588
Pkt 29 240 0.120833 1
Pkt 15 125 0.12 1
Node 43 38 13.8924
Pkt 45 375 0.12 1
Pkt 45 375 0.12 1
Node 59 59 12.7279
Pkt 90 750 0.12 1
Pkt 90 750 0.12 1
Rate:240.278
==========
==========30
3 0 2 24000
Node 50 31 19
Pkt 20 160 0.125 1
Pkt 18 150 0.12 1
Node 48 70 20.0998
Pkt 45 375 0.12 1
Pkt 45 375 0.12 1
Node 50 53 3
Pkt 90 750 0.12 1
Pkt 96 800 0.12 1
Rate:241.667
==========
==========31
3 0 2 24000
Node 69 26 30.6105
Pkt 15 125 0.12 1
Pkt 24 192 0.125 1
Node 68 53 18.2483
Pkt 39 320 0.121875 1
Pkt 58 480 0.120833 1
Node 49 72 22.0227
Pkt 90 750 0.12 1
Pkt 96 800 0.12 1
Rate:242.569
==========
==========32
3 0 2 24000
Node 36 35 20.5183
Pkt 12 100 0.12 1
Pkt 24 200 0.12 1
Node 47 57 7.61577
Pkt 36 300 0.12 1
Pkt 36 300 0.12 1
Node 55 32 18.6815
Pkt 90 750 0.12 1
Pkt 90 750 0.12 1
Rate:240
==========
==========33
3 0 2 24000
Node 34 70 25.6125
Pkt 29 240 0.120833 1
Pkt 15 120 0.125 1
Node 40 26 26
Pkt 39 320 0.121875 1
Pkt 39 320 0.121875 1
Node 26 44 24.7386
Pkt 96 800 0.12 1
Pkt 96 800 0.12 1
Rate:243.194
==========
==========34
3 0 2 24000
Node 31 67 25.4951
Pkt 15 120 0.125 1
Pkt 30 250 0.12 1
Node 74 59 25.632
Pkt 39 320 0.121875 1
Pkt 45 375 0.12 1
Node 65 70 25
Pkt 96 800 0.12 1
Pkt 90 750 0.12 1
Rate:242.292
==========
==========35
3 0 2 24000
Node 52 73 23.0868
Pkt 30 250 0.12 1
Pkt 15 120 0.125 1
Node 74 35 28.3019
Pkt 39 320 0.121875 1
Pkt 36 300 0.12 1
Node 73 34 28.0179
Pkt 96 800 0.12 1
Pkt 90 750 0.12 1
Rate:242.292
==========
==========36
3 0 2 24000
Node 41 53 9.48683
Pkt 20 160 0.125 1
Pkt 18 150 0.12 1
Node 42 42 11.3137
Pkt 36 300 0.12 1
Pkt 39 320 0.121875 1
Node 64 67 22.0227
Pkt 90 750 0.12 1
Pkt 96 800 0.12 1
Rate:242.292
==========
==========37
3 0 2 24000
Node 33 37 21.4009
Pkt 24 200 0.12 1
Pkt 24 200 0.12 1
Node 67 36 22.0227
Pkt 58 480 0.120833 1
Pkt 48 400 0.12 1
Node 39 67 20.2485
Pkt 90 750 0.12 1
Pkt 90 750 0.12 1
Rate:240.278
==========
==========38
3 0 2 24000
Node 55 63 13.9284
Pkt 18 150 0.12 1
Pkt 18 150 0.12 1
Node 63 58 15.2643
Pkt 48 400 0.12 1
Pkt 45 375 0.12 1
Node 30 31 27.5862
Pkt 96 800 0.12 1
Pkt 96 800 0.12 1
Rate:240
==========
==========39
3 0 2 24000
Node 62 62 16.9706
Pkt 30 250 0.12 1
Pkt 24 192 0.125 1
Node 26 40 26
Pkt 48 400 0.12 1
Pkt 36 300 0.12 1
Node 27 52 23.0868
Pkt 96 800 0.12 1
Pkt 90 750 0.12 1
Rate:241.667
==========
==========40
3 0 2 24000
Node 60 68 20.5913
Pkt 24 192 0.125 1
Pkt 18 150 0.12 1
Node 64 36 19.799
Pkt 39 320 0.121875 1
Pkt 39 320 0.121875 1
Node 56 43 9.21954
Pkt 90 750 0.12 1
Pkt 90 750 0.12 1
Rate:242.917
==========
==========41
3 0 2 24000
Node 58 32 19.6977
Pkt 15 120 0.125 1
Pkt 18 150 0.12 1
Node 25 31 31.4006
Pkt 39 320 0.121875 1
Pkt 39 320 0.121875 1
Node 30 73 30.4795
Pkt 96 800 0.12 1
Pkt 90 750 0.12 1
Rate:242.917
==========
==========42
3 0 2 24000
Node 32 66 24.0832
Pkt 12 100 0.12 1
Pkt 20 160 0.125 1
Node 65 43 16.5529
Pkt 58 480 0.120833 1
Pkt 58 480 0.120833 1
Node 37 62 17.6918
Pkt 96 800 0.12 1
Pkt 90 750 0.12 1
Rate:242.222
==========
==========43
3 0 2 24000
Node 36 27 26.9258
Pkt 18 150 0.12 1
Pkt 29 240 0.120833 1
Node 35 42 17
Pkt 39 320 0.121875 1
Pkt 39 320 0.121875 1
Node 65 66 21.9317
Pkt 90 750 0.12 1
Pkt 96 800 0.12 1
Rate:241.528
==========
==========44
3 0 2 24000
Node 35 43 16.5529
Pkt 18 150 0.12 1
Pkt 30 250 0.12 1
Node 39 70 22.8254
Pkt 45 375 0.12 1
Pkt 48 400 0.12 1
Node 42 37 15.2643
Pkt 90 750 0.12 1
Pkt 90 750 0.12 1
Rate:240
==========
==========45
3 0 2 24000
Node 32 57 19.3132
Pkt 30 250 0.12 1
Pkt 15 120 0.125 1
Node 28 29 30.4138
Pkt 58 480 0.120833 1
Pkt 45 375 0.12 1
Node 63 69 23.0217
Pkt 96 800 0.12 1
Pkt 90 750 0.12 1
Rate:241.944
==========
==========46
3 0 2 24000
Node 60 62 15.6205
Pkt 24 200 0.12 1
Pkt 24 192 0.125 1
Node 28 63 25.5539
Pkt 58 480 0.120833 1
Pkt 39 320 0.121875 1
Node 26 58 25.2982
Pkt 96 800 0.12 1
Pkt 90 750 0.12 1
Rate:242.569
==========
==========47
3 0 2 24000
Node 48 55 5.38516
Pkt 12 100 0.12 1
Pkt 18 150 0.12 1
Node 73 36 26.9258
Pkt 39 320 0.121875 1
Pkt 48 400 0.12 1
Node 51 52 2.23607
Pkt 96 800 0.12 1
Pkt 90 750 0.12 1
Rate:240.625
==========
==========48
3 0 2 24000
Node 42 47 8.544
Pkt 24 192 0.125 1
Pkt 12 100 0.12 1
Node 73 65 27.4591
Pkt 58 480 0.120833 1
Pkt 36 300 0.12 1
Node 53 40 10.4403
Pkt 96 800 0.12 1
Pkt 90 750 0.12 1
Rate:241.944
==========
==========49
3 0 2 24000
Node 60 30 22.3607
Pkt 15 125 0.12 1
Pkt 18 150 0.12 1
Node 32 54 18.4391
Pkt 45 375 0.12 1
Pkt 48 400 0.12 1
Node 28 39 24.5967
Pkt 96 800 0.12 1
Pkt 96 800 0.12 1
Rate:240
==========
==========50
3 0 2 24000
Node 48 66 16.1245
Pkt 30 250 0.12 1
Pkt 20 160 0.125 1
Node 55 57 8.60233
Pkt 39 320 0.121875 1
Pkt 58 480 0.120833 1
Node 28 37 25.5539
Pkt 90 750 0.12 1
Pkt 96 800 0.12 1
Rate:242.569
==========
==========51
3 0 2 24000
Node 61 74 26.4008
Pkt 24 200 0.12 1
Pkt 30 250 0.12 1
Node 74 65 28.3019
Pkt 36 300 0.12 1
Pkt 48 400 0.12 1
Node 29 69 28.3196
Pkt 90 750 0.12 1
Pkt 90 750 0.12 1
Rate:240
==========
==========52
3 0 2 24000
Node 50 44 6
Pkt 29 240 0.120833 1
Pkt 18 150 0.12 1
Node 36 48 14.1421
Pkt 58 480 0.120833 1
Pkt 39 320 0.121875 1
Node 31 65 24.2074
Pkt 90 750 0.12 1
Pkt 96 800 0.12 1
Rate:241.181
==========
==========53
3 0 2 24000
Node 30 42 21.5407
Pkt 29 240 0.120833 1
Pkt 18 150 0.12 1
Node 27 27 32.5269
Pkt 45 375 0.12 1
Pkt 36 300 0.12 1
Node 70 56 20.8806
Pkt 96 800 0.12 1
Pkt 90 750 0.12 1
Rate:240.278
==========
==========54
3 0 2 24000
Node 51 30 20.025
Pkt 15 125 0.12 1
Pkt 15 120 0.125 1
Node 51 27 23.0217
Pkt 58 480 0.120833 1
Pkt 39 320 0.121875 1
Node 30 38 23.3238
Pkt 90 750 0.12 1
Pkt 96 800 0.12 1
Rate:242.569
==========
==========55
3 0 2 24000
Node 36 32 22.8035
Pkt 29 240 0.120833 1
Pkt 18 150 0.12 1
Node 58 70 21.5407
Pkt 36 300 0.12 1
Pkt 39 320 0.121875 1
Node 48 61 11.1803
Pkt 96 800 0.12 1
Pkt 90 750 0.12 1
Rate:240.903
==========
==========56
3 0 2 24000
Node 29 48 21.095
Pkt 20 160 0.125 1
Pkt 18 150 0.12 1
Node 32 56 18.9737
Pkt 58 480 0.120833 1
Pkt 45 375 0.12 1
Node 29 27 31.1448
Pkt 90 750 0.12 1
Pkt 90 750 0.12 1
Rate:241.944
==========
==========57
3 0 2 24000
Node 68 40 20.5913
Pkt 15 120 0.125 1
Pkt 12 100 0.12 1
Node 37 38 17.6918
Pkt 48 400 0.12 1
Pkt 45 375 0.12 1
Node 62 40 15.6205
Pkt 96 800 0.12 1
Pkt 96 800 0.12 1
Rate:241.667
==========
==========58
3 0 2 24000
Node 40 50 10
Pkt 12 100 0.12 1
Pkt 15 125 0.12 1
Node 30 71 29
Pkt 45 375 0.12 1
Pkt 45 375 0.12 1
Node 37 26 27.2947
Pkt 90 750 0.12 1
Pkt 90 750 0.12 1
Rate:240
==========
==========59
3 0 2 24000
Node 28 68 28.4253
Pkt 24 192 0.125 1
Pkt 18 150 0.12 1
Node 35 37 19.8494
Pkt 36 300 0.12 1
Pkt 45 375 0.12 1
Node 65 46 15.5242
Pkt 96 800 0.12 1
Pkt 90 750 0.12 1
Rate:241.667
==========
==========60
3 0 2 24000
Node 50 41 9
Pkt 24 200 0.12 1
Pkt 24 192 0.125 1
Node 45 28 22.561
Pkt 58 480 0.120833 1
Pkt 36 300 0.12 1
Node 31 49 19.0263
Pkt 90 750 0.12 1
Pkt 90 750 0.12 1
Rate:241.944
==========
==========61
3 0 2 24000
Node 34 44 17.088
Pkt 15 125 0.12 1
Pkt 15 120 0.125 1
Node 59 41 12.7279
Pkt 36 300 0.12 1
Pkt 39 320 0.121875 1
Node 41 30 21.9317
Pkt 96 800 0.12 1
Pkt 96 800 0.12 1
Rate:242.292
==========
==========62
3 0 2 24000
Node 33 33 24.0416
Pkt 12 100 0.12 1
Pkt 24 200 0.12 1
Node 40 29 23.2594
Pkt 39 320 0.121875 1
Pkt 45 375 0.12 1
Node 32 31 26.1725
Pkt 90 750 0.12 1
Pkt 96 800 0.12 1
Rate:240.625
==========
==========63
3 0 2 24000
Node 35 47 15.2971
Pkt 30 250 0.12 1
Pkt 12 100 0.12 1
Node 74 54 24.3311
Pkt 39 320 0.121875 1
Pkt 58 480 0.120833 1
Node 34 51 16.0312
Pkt 96 800 0.12 1
Pkt 90 750 0.12 1
Rate:240.903
==========
==========64
3 0 2 24000
Node 34 61 19.4165
Pkt 24 192 0.125 1
Pkt 18 150 0.12 1
Node 71 52 21.095
Pkt 48 400 0.12 1
Pkt 45 375 0.12 1
Node 27 39 25.4951
Pkt 90 750 0.12 1
Pkt 96 800 0.12 1
Rate:241.667
==========
==========65
3 0 2 24000
Node 56 40 11.6619
Pkt 12 100 0.12 1
Pkt 12 100 0.12 1
Node 48 67 17.1172
Pkt 48 400 0.12 1
Pkt 39 320 0.121875 1
Node 51 66 16.0312
Pkt 90 750 0.12 1
Pkt 96 800 0.12 1
Rate:240.625
==========
==========66
3 0 2 24000
Node 32 30 26.9072
Pkt 24 192 0.125 1
Pkt 29 240 0.120833 1
Node 28 57 23.0868
Pkt 39 320 0.121875 1
Pkt 36 300 0.12 1
Node 41 33 19.2354
Pkt 90 750 0.12 1
Pkt 90 750 0.12 1
Rate:242.569
==========
==========67
3 0 2 24000
Node 60 41 13.4536
Pkt 12 100 0.12 1
Pkt 15 125 0.12 1
Node 73 47 23.1948
Pkt 36 300 0.12 1
Pkt 58 480 0.120833 1
Node 25 36 28.6531
Pkt 96 800 0.12 1
Pkt 90 750 0.12 1
Rate:240.278
==========
==========68
3 0 2 24000
Node 45 28 22.561
Pkt 30 250 0.12 1
Pkt 18 150 0.12 1
Node 64 65 20.5183
Pkt 48 400 0.12 1
Pkt 48 400 0.12 1
Node 33 67 24.0416
Pkt 96 800 0.12 1
Pkt 96 800 0.12 1
Rate:240
==========
==========69
3 0 2 24000
Node 55 66 16.7631
Pkt 24 200 0.12 1
Pkt 15 120 0.125 1
Node 32 45 18.6815
Pkt 58 480 0.120833 1
Pkt 48 400 0.12 1
Node 71 55 21.587
Pkt 96 800 0.12 1
Pkt 96 800 0.12 1
Rate:241.944
==========
==========70
3 0 2 24000
Node 43 53 7.61577
Pkt 29 240 0.120833 1
Pkt 30 250 0.12 1
Node 59 68 20.1246
Pkt 45 375 0.12 1
Pkt 58 480 0.120833 1
Node 44 41 10.8167
Pkt 90 750 0.12 1
Pkt 96 800 0.12 1
Rate:240.556
==========
==========71
3 0 2 24000
Node 61 61 15.5563
Pkt 15 120 0.125 1
Pkt 20 160 0.125 1
Node 37 53 13.3417
Pkt 48 400 0.12 1
Pkt 36 300 0.12 1
Node 50 66 16
Pkt 96 800 0.12 1
Pkt 90 750 0.12 1
Rate:243.333
==========
==========72
3 0 2 24000
Node 38 62 16.9706
Pkt 18 150 0.12 1
Pkt 12 100 0.12 1
Node 65 74 28.3019
Pkt 48 400 0.12 1
Pkt 45 375 0.12 1
Node 69 74 30.6105
Pkt 96 800 0.12 1
Pkt 90 750 0.12 1
Rate:240
==========
==========73
3 0 2 24000
Node 58 36 16.1245
Pkt 24 200 0.12 1
Pkt 29 240 0.120833 1
Node 53 60 10.4403
Pkt 58 480 0.120833 1
Pkt 48 400 0.12 1
Node 55 32 18.6815
Pkt 90 750 0.12 1
Pkt 90 750 0.12 1
Rate:240.556
==========
==========74
3 0 2 24000
Node 62 37 17.6918
Pkt 18 150 0.12 1
Pkt 20 160 0.125 1
Node 25 37 28.178
Pkt 48 400 0.12 1
Pkt 58 480 0.120833 1
Node 62 26 26.8328
Pkt 90 750 0.12 1
Pkt 90 750 0.12 1
Rate:241.944
==========
==========75
3 0 2 24000
Node 73 55 23.5372
Pkt 24 192 0.125 1
Pkt 24 192 0.125 1
Node 63 46 13.6015
Pkt 45 375 0.12 1
Pkt 39 320 0.121875 1
Node 53 29 21.2132
Pkt 96 800 0.12 1
Pkt 96 800 0.12 1
Rate:243.958
==========
==========76
3 0 2 24000
Node 32 50 18
Pkt 18 150 0.12 1
Pkt 29 240 0.120833 1
Node 49 48 2.23607
Pkt 58 480 0.120833 1
Pkt 36 300 0.12 1
Node 41 27 24.6982
Pkt 96 800 0.12 1
Pkt 96 800 0.12 1
Rate:240.556
==========
==========77
3 0 2 24000
Node 42 56 10
Pkt 15 125 0.12 1
Pkt 20 160 0.125 1
Node 43 34 17.4642
Pkt 48 400 0.12 1
Pkt 58 480 0.120833 1
Node 29 45 21.587
Pkt 90 750 0.12 1
Pkt 90 750 0.12 1
Rate:241.944
==========
==========78
3 0 2 24000
Node 61 28 24.5967
Pkt 15 120 0.125 1
Pkt 29 240 0.120833 1
Node 58 43 10.6301
Pkt 39 320 0.121875 1
Pkt 45 375 0.12 1
Node 58 35 17
Pkt 90 750 0.12 1
Pkt 96 800 0.12 1
Rate:242.569
==========
==========79
3 0 2 24000
Node 31 46 19.4165
Pkt 24 192 0.125 1
Pkt 29 240 0.120833 1
Node 35 54 15.5242
Pkt 48 400 0.12 1
Pkt 39 320 0.121875 1
Node 69 50 19
Pkt 90 750 0.12 1
Pkt 90 750 0.12 1
Rate:242.569
==========
==========80
3 0 2 24000
Node 31 25 31.4006
Pkt 30 250 0.12 1
Pkt 15 125 0.12 1
Node 39 67 20.2485
Pkt 58 480 0.120833 1
Pkt 48 400 0.12 1
Node 38 30 23.3238
Pkt 90 750 0.12 1
Pkt 96 800 0.12 1
Rate:240.278
==========
==========81
3 0 2 24000
Node 42 58 11.3137
Pkt 18 150 0.12 1
Pkt 29 240 0.120833 1
Node 40 71 23.2594
Pkt 36 300 0.12 1
Pkt 48 400 0.12 1
Node 26 52 24.0832
Pkt 90 750 0.12 1
Pkt 96 800 0.12 1
Rate:240.278
==========
==========82
3 0 2 24000
Node 66 59 18.3576
Pkt 20 160 0.125 1
Pkt 24 192 0.125 1
Node 46 54 5.65685
Pkt 36 300 0.12 1
Pkt 36 300 0.12 1
Node 59 32 20.1246
Pkt 90 750 0.12 1
Pkt 96 800 0.12 1
Rate:243.333
==========
==========83
3 0 2 24000
Node 32 41 20.1246
Pkt 12 100 0.12 1
Pkt 24 192 0.125 1
Node 61 35 18.6011
Pkt 39 320 0.121875 1
Pkt 36 300 0.12 1
Node 61 69 21.9545
Pkt 96 800 0.12 1
Pkt 96 800 0.12 1
Rate:242.292
==========
==========84
3 0 2 24000
Node 25 62 27.7308
Pkt 29 240 0.120833 1
Pkt 15 120 0.125 1
Node 43 59 11.4018
Pkt 48 400 0.12 1
Pkt 48 400 0.12 1
Node 35 56 16.1555
Pkt 90 750 0.12 1
Pkt 90 750 0.12 1
Rate:241.944
==========
==========85
3 0 2 24000
Node 36 70 24.4131
Pkt 15 120 0.125 1
Pkt 15 120 0.125 1
Node 42 39 13.6015
Pkt 58 480 0.120833 1
Pkt 36 300 0.12 1
Node 53 38 12.3693
Pkt 96 800 0.12 1
Pkt 90 750 0.12 1
Rate:243.611
==========
==========86
3 0 2 24000
Node 45 69 19.6469
Pkt 30 250 0.12 1
Pkt 29 240 0.120833 1
Node 74 59 25.632
Pkt 36 300 0.12 1
Pkt 39 320 0.121875 1
Node 43 60 12.2066
Pkt 90 750 0.12 1
Pkt 96 800 0.12 1
Rate:240.903
==========
==========87
3 0 2 24000
Node 58 36 16.1245
Pkt 20 160 0.125 1
Pkt 29 240 0.120833 1
Node 41 48 9.21954
Pkt 45 375 0.12 1
Pkt 36 300 0.12 1
Node 36 55 14.8661
Pkt 90 750 0.12 1
Pkt 90 750 0.12 1
Rate:241.944
==========
==========88
3 0 2 24000
Node 64 67 22.0227
Pkt 18 150 0.12 1
Pkt 20 160 0.125 1
Node 72 43 23.0868
Pkt 58 480 0.120833 1
Pkt 39 320 0.121875 1
Node 56 53 6.7082
Pkt 96 800 0.12 1
Pkt 90 750 0.12 1
Rate:242.569
==========
==========89
3 0 2 24000
Node 72 69 29.0689
Pkt 29 240 0.120833 1
Pkt 24 200 0.12 1
Node 67 34 23.3452
Pkt 36 300 0.12 1
Pkt 39 320 0.121875 1
Node 62 62 16.9706
Pkt 90 750 0.12 1
Pkt 90 750 0.12 1
Rate:240.903
==========
==========90
3 0 2 24000
Node 31 70 27.5862
Pkt 18 150 0.12 1
Pkt 29 240 0.120833 1
Node 42 38 14.4222
Pkt 58 480 0.120833 1
Pkt 48 400 0.12 1
Node 31 43 20.2485
Pkt 90 750 0.12 1
Pkt 96 800 0.12 1
Rate:240.556
==========
==========91
3 0 2 24000
Node 35 53 15.2971
Pkt 24 200 0.12 1
Pkt 24 200 0.12 1
Node 37 49 13.0384
Pkt 36 300 0.12 1
Pkt 39 320 0.121875 1
Node 34 33 23.3452
Pkt 96 800 0.12 1
Pkt 90 750 0.12 1
Rate:240.625
==========
==========92
3 0 2 24000
Node 30 70 28.2843
Pkt 12 100 0.12 1
Pkt 15 125 0.12 1
Node 53 50 3
Pkt 58 480 0.120833 1
Pkt 45 375 0.12 1
Node 33 36 22.0227
Pkt 90 750 0.12 1
Pkt 96 800 0.12 1
Rate:240.278
==========
==========93
3 0 2 24000
Node 46 37 13.6015
Pkt 15 125 0.12 1
Pkt 20 160 0.125 1
Node 45 27 23.5372
Pkt 39 320 0.121875 1
Pkt 58 480 0.120833 1
Node 51 49 1.41421
Pkt 90 750 0.12 1
Pkt 90 750 0.12 1
Rate:242.569
==========
==========94
3 0 2 24000
Node 48 53 3.60555
Pkt 30 250 0.12 1
Pkt 20 160 0.125 1
Node 60 31 21.4709
Pkt 36 300 0.12 1
Pkt 39 320 0.121875 1
Node 46 31 19.4165
Pkt 90 750 0.12 1
Pkt 96 800 0.12 1
Rate:242.292
==========
==========95
3 0 2 24000
Node 41 47 9.48683
Pkt 18 150 0.12 1
Pkt 15 125 0.12 1
Node 36 54 14.5602
Pkt 48 400 0.12 1
Pkt 36 300 0.12 1
Node 40 54 10.7703
Pkt 90 750 0.12 1
Pkt 96 800 0.12 1
Rate:240
==========
==========96
3 0 2 24000
Node 54 51 4.12311
Pkt 29 240 0.120833 1
Pkt 12 100 0.12 1
Node 68 45 18.6815
Pkt 36 300 0.12 1
Pkt 58 480 0.120833 1
Node 46 39 11.7047
Pkt 96 800 0.12 1
Pkt 96 800 0.12 1
Rate:240.556
==========
==========97
3 0 2 24000
Node 61 38 16.2788
Pkt 18 150 0.12 1
Pkt 24 200 0.12 1
Node 45 39 12.083
Pkt 48 400 0.12 1
Pkt 48 400 0.12 1
Node 58 49 8.06226
Pkt 90 750 0.12 1
Pkt 90 750 0.12 1
Rate:240
==========
==========98
3 0 2 24000
Node 48 60 10.198
Pkt 15 120 0.125 1
Pkt 18 150 0.12 1
Node 29 69 28.3196
Pkt 39 320 0.121875 1
Pkt 36 300 0.12 1
Node 72 41 23.7697
Pkt 90 750 0.12 1
Pkt 90 750 0.12 1
Rate:242.292
==========
==========99
