5 0 2 24000
Node 35 55 15.8114
Pkt 10 125 0.08 1
Pkt 20 250 0.08 1
Node 49 47 3.16228
Pkt 30 375 0.08 1
Pkt 32 400 0.08 1
Node 45 29 21.587
Pkt 64 800 0.08 1
Pkt 64 800 0.08 1
Node 59 66 18.3576
Pkt 20 240 0.0833333 1
Pkt 10 125 0.08 1
Node 51 30 20.025
Pkt 30 375 0.08 1
Pkt 30 375 0.08 1
Rate:160.667
==========
==========0
5 0 2 24000
Node 47 47 4.24264
Pkt 10 125 0.08 1
Pkt 16 200 0.08 1
Node 40 63 16.4012
Pkt 30 375 0.08 1
Pkt 24 300 0.08 1
Node 29 31 28.3196
Pkt 64 800 0.08 1
Pkt 64 800 0.08 1
Node 37 58 15.2643
Pkt 20 240 0.0833333 1
Pkt 10 120 0.0833333 1
Node 46 41 9.84886
Pkt 39 480 0.08125 1
Pkt 32 400 0.08 1
Rate:161.583
==========
==========1
5 0 2 24000
Node 73 58 24.3516
Pkt 16 200 0.08 1
Pkt 8 100 0.08 1
Node 69 29 28.3196
Pkt 39 480 0.08125 1
Pkt 24 300 0.08 1
Node 52 61 11.1803
Pkt 60 750 0.08 1
Pkt 60 750 0.08 1
Node 28 57 23.0868
Pkt 10 120 0.0833333 1
Pkt 12 150 0.08 1
Node 34 25 29.6816
Pkt 26 320 0.08125 1
Pkt 24 300 0.08 1
Rate:161.167
==========
==========2
5 0 2 24000
Node 30 52 20.0998
Pkt 16 200 0.08 1
Pkt 16 200 0.08 1
Node 45 39 12.083
Pkt 26 320 0.08125 1
Pkt 24 300 0.08 1
Node 71 69 28.3196
Pkt 60 750 0.08 1
Pkt 64 800 0.08 1
Node 55 42 9.43398
Pkt 16 200 0.08 1
Pkt 10 125 0.08 1
Node 47 52 3.60555
Pkt 30 375 0.08 1
Pkt 32 400 0.08 1
Rate:160.25
==========
==========3
5 0 2 24000
Node 35 52 15.1327
Pkt 16 200 0.08 1
Pkt 8 100 0.08 1
Node 44 36 15.2315
Pkt 24 300 0.08 1
Pkt 26 320 0.08125 1
Node 53 34 16.2788
Pkt 64 800 0.08 1
Pkt 64 800 0.08 1
Node 65 37 19.8494
Pkt 13 160 0.08125 1
Pkt 13 160 0.08125 1
Node 32 72 28.4253
Pkt 30 375 0.08 1
Pkt 39 480 0.08125 1
Rate:161
==========
==========4
5 0 2 24000
Node 52 31 19.105
Pkt 16 192 0.0833333 1
Pkt 16 200 0.08 1
Node 41 31 21.0238
Pkt 26 320 0.08125 1
Pkt 30 375 0.08 1
Node 30 46 20.3961
Pkt 60 750 0.08 1
Pkt 60 750 0.08 1
Node 71 46 21.3776
Pkt 10 125 0.08 1
Pkt 16 192 0.0833333 1
Node 55 68 18.6815
Pkt 30 375 0.08 1
Pkt 24 300 0.08 1
Rate:161.583
==========
==========5
5 0 2 24000
Node 60 39 14.8661
Pkt 16 200 0.08 1
Pkt 20 250 0.08 1
Node 63 57 14.7648
Pkt 32 400 0.08 1
Pkt 32 400 0.08 1
Node 54 30 20.3961
Pkt 64 800 0.08 1
Pkt 60 750 0.08 1
Node 50 44 6
Pkt 13 160 0.08125 1
Pkt 13 160 0.08125 1
Node 26 72 32.5576
Pkt 32 400 0.08 1
Pkt 32 400 0.08 1
Rate:160.5
==========
==========6
5 0 2 24000
Node 25 63 28.178
Pkt 20 240 0.0833333 1
Pkt 10 125 0.08 1
Node 37 29 24.6982
Pkt 30 375 0.08 1
Pkt 30 375 0.08 1
Node 38 53 12.3693
Pkt 64 800 0.08 1
Pkt 60 750 0.08 1
Node 47 63 13.3417
Pkt 16 200 0.08 1
Pkt 20 250 0.08 1
Node 41 71 22.8473
Pkt 39 480 0.08125 1
Pkt 26 320 0.08125 1
Rate:161.167
==========
==========7
5 0 2 24000
Node 30 44 20.8806
Pkt 13 160 0.08125 1
Pkt 16 192 0.0833333 1
Node 73 60 25.0799
Pkt 32 400 0.08 1
Pkt 39 480 0.08125 1
Node 40 44 11.6619
Pkt 64 800 0.08 1
Pkt 60 750 0.08 1
Node 74 48 24.0832
Pkt 8 100 0.08 1
Pkt 16 200 0.08 1
Node 49 41 9.05539
Pkt 39 480 0.08125 1
Pkt 32 400 0.08 1
Rate:161.417
==========
==========8
5 0 2 24000
Node 26 58 25.2982
Pkt 20 250 0.08 1
Pkt 10 120 0.0833333 1
Node 45 25 25.4951
Pkt 24 300 0.08 1
Pkt 30 375 0.08 1
Node 40 69 21.4709
Pkt 64 800 0.08 1
Pkt 64 800 0.08 1
Node 66 69 24.8395
Pkt 12 150 0.08 1
Pkt 13 160 0.08125 1
Node 67 62 20.8087
Pkt 26 320 0.08125 1
Pkt 26 320 0.08125 1
Rate:161.417
==========
==========9
5 0 2 24000
Node 58 48 8.24621
Pkt 12 150 0.08 1
Pkt 13 160 0.08125 1
Node 72 41 23.7697
Pkt 30 375 0.08 1
Pkt 39 480 0.08125 1
Node 43 51 7.07107
Pkt 64 800 0.08 1
Pkt 60 750 0.08 1
Node 69 68 26.1725
Pkt 12 150 0.08 1
Pkt 13 160 0.08125 1
Node 74 57 25
Pkt 39 480 0.08125 1
Pkt 39 480 0.08125 1
Rate:161.25
==========
==========10
5 0 2 24000
Node 70 28 29.7321
Pkt 10 120 0.0833333 1
Pkt 10 120 0.0833333 1
Node 30 39 22.8254
Pkt 30 375 0.08 1
Pkt 30 375 0.08 1
Node 38 49 12.0416
Pkt 60 750 0.08 1
Pkt 64 800 0.08 1
Node 48 48 2.82843
Pkt 10 120 0.0833333 1
Pkt 10 120 0.0833333 1
Node 54 55 6.40312
Pkt 24 300 0.08 1
Pkt 26 320 0.08125 1
Rate:162.917
==========
==========11
5 0 2 24000
Node 73 47 23.1948
Pkt 20 240 0.0833333 1
Pkt 13 160 0.08125 1
Node 57 33 18.3848
Pkt 39 480 0.08125 1
Pkt 30 375 0.08 1
Node 48 50 2
Pkt 60 750 0.08 1
Pkt 60 750 0.08 1
Node 64 35 20.5183
Pkt 8 100 0.08 1
Pkt 12 150 0.08 1
Node 45 73 23.5372
Pkt 24 300 0.08 1
Pkt 30 375 0.08 1
Rate:161.167
==========
==========12
5 0 2 24000
Node 54 25 25.318
Pkt 16 200 0.08 1
Pkt 16 200 0.08 1
Node 48 73 23.0868
Pkt 30 375 0.08 1
Pkt 39 480 0.08125 1
Node 42 43 10.6301
Pkt 64 800 0.08 1
Pkt 60 750 0.08 1
Node 69 35 24.2074
Pkt 8 100 0.08 1
Pkt 20 240 0.0833333 1
Node 40 57 12.2066
Pkt 32 400 0.08 1
Pkt 32 400 0.08 1
Rate:160.917
==========
==========13
5 0 2 24000
Node 59 26 25.632
Pkt 8 100 0.08 1
Pkt 12 150 0.08 1
Node 74 56 24.7386
Pkt 32 400 0.08 1
Pkt 39 480 0.08125 1
Node 38 33 20.8087
Pkt 60 750 0.08 1
Pkt 64 800 0.08 1
Node 25 53 25.1794
Pkt 13 160 0.08125 1
Pkt 20 250 0.08 1
Node 65 63 19.8494
Pkt 30 375 0.08 1
Pkt 32 400 0.08 1
Rate:160.5
==========
==========14
5 0 2 24000
Node 27 41 24.6982
Pkt 10 125 0.08 1
Pkt 16 192 0.0833333 1
Node 44 31 19.9249
Pkt 24 300 0.08 1
Pkt 24 300 0.08 1
Node 33 29 27.0185
Pkt 60 750 0.08 1
Pkt 64 800 0.08 1
Node 66 66 22.6274
Pkt 13 160 0.08125 1
Pkt 12 150 0.08 1
Node 68 53 18.2483
Pkt 30 375 0.08 1
Pkt 32 400 0.08 1
Rate:160.917
==========
==========15
5 0 2 24000
Node 61 73 25.4951
Pkt 12 150 0.08 1
Pkt 16 200 0.08 1
Node 72 33 27.8029
Pkt 24 300 0.08 1
Pkt 32 400 0.08 1
Node 48 63 13.1529
Pkt 60 750 0.08 1
Pkt 60 750 0.08 1
Node 66 46 16.4924
Pkt 13 160 0.08125 1
Pkt 12 150 0.08 1
Node 52 50 2
Pkt 32 400 0.08 1
Pkt 26 320 0.08125 1
Rate:160.5
==========
==========16
5 0 2 24000
Node 44 33 18.0278
Pkt 16 200 0.08 1
Pkt 10 125 0.08 1
Node 34 25 29.6816
Pkt 24 300 0.08 1
Pkt 39 480 0.08125 1
Node 26 49 24.0208
Pkt 64 800 0.08 1
Pkt 64 800 0.08 1
Node 39 63 17.0294
Pkt 20 240 0.0833333 1
Pkt 13 160 0.08125 1
Node 59 48 9.21954
Pkt 24 300 0.08 1
Pkt 24 300 0.08 1
Rate:161.167
==========
==========17
5 0 2 24000
Node 41 68 20.1246
Pkt 10 120 0.0833333 1
Pkt 10 120 0.0833333 1
Node 56 48 6.32456
Pkt 32 400 0.08 1
Pkt 32 400 0.08 1
Node 44 40 11.6619
Pkt 64 800 0.08 1
Pkt 64 800 0.08 1
Node 62 58 14.4222
Pkt 20 250 0.08 1
Pkt 16 200 0.08 1
Node 26 51 24.0208
Pkt 30 375 0.08 1
Pkt 26 320 0.08125 1
Rate:161.583
==========
==========18
5 0 2 24000
Node 49 46 4.12311
Pkt 12 150 0.08 1
Pkt 10 120 0.0833333 1
Node 55 59 10.2956
Pkt 26 320 0.08125 1
Pkt 26 320 0.08125 1
Node 34 43 17.4642
Pkt 64 800 0.08 1
Pkt 64 800 0.08 1
Node 65 31 24.2074
Pkt 16 200 0.08 1
Pkt 8 100 0.08 1
Node 65 63 19.8494
Pkt 30 375 0.08 1
Pkt 30 375 0.08 1
Rate:161.167
==========
==========19
5 0 2 24000
Node 36 40 17.2047
Pkt 16 192 0.0833333 1
Pkt 10 125 0.08 1
Node 71 74 31.8904
Pkt 24 300 0.08 1
Pkt 24 300 0.08 1
Node 65 62 19.2094
Pkt 60 750 0.08 1
Pkt 60 750 0.08 1
Node 67 44 18.0278
Pkt 12 150 0.08 1
Pkt 8 100 0.08 1
Node 53 71 21.2132
Pkt 26 320 0.08125 1
Pkt 24 300 0.08 1
Rate:160.917
==========
==========20
5 0 2 24000
Node 45 55 7.07107
Pkt 10 120 0.0833333 1
Pkt 16 192 0.0833333 1
Node 41 52 9.21954
Pkt 30 375 0.08 1
Pkt 32 400 0.08 1
Node 68 69 26.1725
Pkt 60 750 0.08 1
Pkt 64 800 0.08 1
Node 58 59 12.0416
Pkt 13 160 0.08125 1
Pkt 8 100 0.08 1
Node 27 49 23.0217
Pkt 24 300 0.08 1
Pkt 32 400 0.08 1
Rate:161.583
==========
==========21
5 0 2 24000
Node 34 30 25.6125
Pkt 16 200 0.08 1
Pkt 8 100 0.08 1
Node 42 64 16.1245
Pkt 26 320 0.08125 1
Pkt 24 300 0.08 1
Node 50 57 7
Pkt 64 800 0.08 1
Pkt 60 750 0.08 1
Node 33 40 19.7231
Pkt 16 192 0.0833333 1
Pkt 16 200 0.08 1
Node 58 67 18.7883
Pkt 30 375 0.08 1
Pkt 24 300 0.08 1
Rate:160.917
==========
==========22
5 0 2 24000
Node 34 73 28.0179
Pkt 20 240 0.0833333 1
Pkt 8 100 0.08 1
Node 40 61 14.8661
Pkt 39 480 0.08125 1
Pkt 30 375 0.08 1
Node 30 33 26.2488
Pkt 64 800 0.08 1
Pkt 60 750 0.08 1
Node 39 38 16.2788
Pkt 20 250 0.08 1
Pkt 16 200 0.08 1
Node 51 66 16.0312
Pkt 24 300 0.08 1
Pkt 26 320 0.08125 1
Rate:161.167
==========
==========23
5 0 2 24000
Node 52 67 17.1172
Pkt 10 125 0.08 1
Pkt 16 192 0.0833333 1
Node 68 44 18.9737
Pkt 30 375 0.08 1
Pkt 24 300 0.08 1
Node 47 53 4.24264
Pkt 64 800 0.08 1
Pkt 64 800 0.08 1
Node 43 55 8.60233
Pkt 20 250 0.08 1
Pkt 10 125 0.08 1
Node 25 66 29.6816
Pkt 32 400 0.08 1
Pkt 24 300 0.08 1
Rate:160.667
==========
==========24
5 0 2 24000
Node 29 66 26.4008
Pkt 16 200 0.08 1
Pkt 8 100 0.08 1
Node 26 38 26.8328
Pkt 26 320 0.08125 1
Pkt 32 400 0.08 1
Node 60 27 25.0799
Pkt 64 800 0.08 1
Pkt 64 800 0.08 1
Node 44 60 11.6619
Pkt 13 160 0.08125 1
Pkt 20 240 0.0833333 1
Node 64 57 15.6525
Pkt 39 480 0.08125 1
Pkt 24 300 0.08 1
Rate:161.417
==========
==========25
5 0 2 24000
Node 25 48 25.0799
Pkt 12 150 0.08 1
Pkt 8 100 0.08 1
Node 40 62 15.6205
Pkt 26 320 0.08125 1
Pkt 39 480 0.08125 1
Node 38 57 13.8924
Pkt 60 750 0.08 1
Pkt 64 800 0.08 1
Node 34 31 24.8395
Pkt 20 250 0.08 1
Pkt 16 200 0.08 1
Node 61 59 14.2127
Pkt 30 375 0.08 1
Pkt 39 480 0.08125 1
Rate:160.75
==========
==========26
5 0 2 24000
Node 53 42 8.544
Pkt 13 160 0.08125 1
Pkt 8 100 0.08 1
Node 38 61 16.2788
Pkt 39 480 0.08125 1
Pkt 32 400 0.08 1
Node 26 73 33.2415
Pkt 60 750 0.08 1
Pkt 64 800 0.08 1
Node 66 44 17.088
Pkt 13 160 0.08125 1
Pkt 10 120 0.0833333 1
Node 26 29 31.8904
Pkt 26 320 0.08125 1
Pkt 26 320 0.08125 1
Rate:161.917
==========
==========27
5 0 2 24000
Node 58 69 20.6155
Pkt 10 125 0.08 1
Pkt 20 240 0.0833333 1
Node 57 26 25
Pkt 26 320 0.08125 1
Pkt 32 400 0.08 1
Node 56 69 19.9249
Pkt 60 750 0.08 1
Pkt 64 800 0.08 1
Node 47 53 4.24264
Pkt 16 200 0.08 1
Pkt 10 125 0.08 1
Node 34 31 24.8395
Pkt 39 480 0.08125 1
Pkt 32 400 0.08 1
Rate:161.167
==========
==========28
5 0 2 24000
Node 25 32 30.8058
Pkt 16 192 0.0833333 1
Pkt 12 150 0.08 1
Node 42 46 8.94427
Pkt 32 400 0.08 1
Pkt 39 480 0.08125 1
Node 74 37 27.2947
Pkt 64 800 0.08 1
Pkt 64 800 0.08 1
Node 69 46 19.4165
Pkt 16 200 0.08 1
Pkt 10 125 0.08 1
Node 43 51 7.07107
Pkt 30 375 0.08 1
Pkt 24 300 0.08 1
Rate:160.917
==========
==========29
5 0 2 24000
Node 56 38 13.4164
Pkt 13 160 0.08125 1
Pkt 10 120 0.0833333 1
Node 36 52 14.1421
Pkt 39 480 0.08125 1
Pkt 24 300 0.08 1
Node 45 59 10.2956
Pkt 64 800 0.08 1
Pkt 60 750 0.08 1
Node 38 31 22.4722
Pkt 10 125 0.08 1
Pkt 12 150 0.08 1
Node 53 43 7.61577
Pkt 24 300 0.08 1
Pkt 32 400 0.08 1
Rate:161.167
==========
==========30
5 0 2 24000
Node 52 49 2.23607
Pkt 8 100 0.08 1
Pkt 13 160 0.08125 1
Node 70 42 21.5407
Pkt 24 300 0.08 1
Pkt 30 375 0.08 1
Node 41 40 13.4536
Pkt 64 800 0.08 1
Pkt 64 800 0.08 1
Node 49 55 5.09902
Pkt 16 200 0.08 1
Pkt 12 150 0.08 1
Node 61 54 11.7047
Pkt 30 375 0.08 1
Pkt 26 320 0.08125 1
Rate:160.5
==========
==========31
5 0 2 24000
Node 36 50 14
Pkt 8 100 0.08 1
Pkt 12 150 0.08 1
Node 65 70 25
Pkt 24 300 0.08 1
Pkt 26 320 0.08125 1
Node 26 25 34.6554
Pkt 64 800 0.08 1
Pkt 60 750 0.08 1
Node 70 58 21.5407
Pkt 8 100 0.08 1
Pkt 10 120 0.0833333 1
Node 26 34 28.8444
Pkt 39 480 0.08125 1
Pkt 24 300 0.08 1
Rate:161.167
==========
==========32
5 0 2 24000
Node 55 50 5
Pkt 13 160 0.08125 1
Pkt 20 240 0.0833333 1
Node 30 43 21.1896
Pkt 24 300 0.08 1
Pkt 26 320 0.08125 1
Node 61 53 11.4018
Pkt 64 800 0.08 1
Pkt 60 750 0.08 1
Node 60 39 14.8661
Pkt 10 125 0.08 1
Pkt 10 120 0.0833333 1
Node 66 42 17.8885
Pkt 32 400 0.08 1
Pkt 30 375 0.08 1
Rate:161.833
==========
==========33
5 0 2 24000
Node 50 30 20
Pkt 12 150 0.08 1
Pkt 12 150 0.08 1
Node 34 57 17.4642
Pkt 24 300 0.08 1
Pkt 30 375 0.08 1
Node 38 35 19.2094
Pkt 64 800 0.08 1
Pkt 60 750 0.08 1
Node 33 49 17.0294
Pkt 10 120 0.0833333 1
Pkt 13 160 0.08125 1
Node 41 70 21.9317
Pkt 32 400 0.08 1
Pkt 26 320 0.08125 1
Rate:161.167
==========
==========34
5 0 2 24000
Node 44 48 6.32456
Pkt 20 240 0.0833333 1
Pkt 16 200 0.08 1
Node 55 51 5.09902
Pkt 26 320 0.08125 1
Pkt 30 375 0.08 1
Node 56 60 11.6619
Pkt 60 750 0.08 1
Pkt 64 800 0.08 1
Node 45 43 8.60233
Pkt 10 120 0.0833333 1
Pkt 20 250 0.08 1
Node 53 54 5
Pkt 26 320 0.08125 1
Pkt 26 320 0.08125 1
Rate:162.083
==========
==========35
5 0 2 24000
Node 72 55 22.561
Pkt 20 240 0.0833333 1
Pkt 10 125 0.08 1
Node 72 26 32.5576
Pkt 26 320 0.08125 1
Pkt 39 480 0.08125 1
Node 68 31 26.1725
Pkt 60 750 0.08 1
Pkt 60 750 0.08 1
Node 32 32 25.4558
Pkt 20 250 0.08 1
Pkt 20 240 0.0833333 1
Node 69 52 19.105
Pkt 24 300 0.08 1
Pkt 39 480 0.08125 1
Rate:162.083
==========
==========36
5 0 2 24000
Node 65 32 23.4307
Pkt 13 160 0.08125 1
Pkt 10 120 0.0833333 1
Node 41 73 24.6982
Pkt 30 375 0.08 1
Pkt 24 300 0.08 1
Node 65 29 25.807
Pkt 60 750 0.08 1
Pkt 60 750 0.08 1
Node 54 39 11.7047
Pkt 8 100 0.08 1
Pkt 20 240 0.0833333 1
Node 53 26 24.1868
Pkt 26 320 0.08125 1
Pkt 32 400 0.08 1
Rate:161.833
==========
==========37
5 0 2 24000
Node 25 25 35.3553
Pkt 10 125 0.08 1
Pkt 16 192 0.0833333 1
Node 69 52 19.105
Pkt 24 300 0.08 1
Pkt 32 400 0.08 1
Node 64 52 14.1421
Pkt 64 800 0.08 1
Pkt 60 750 0.08 1
Node 74 63 27.2947
Pkt 20 240 0.0833333 1
Pkt 16 192 0.0833333 1
Node 33 54 17.4642
Pkt 32 400 0.08 1
Pkt 30 375 0.08 1
Rate:162
==========
==========38
5 0 2 24000
Node 30 27 30.4795
Pkt 16 200 0.08 1
Pkt 8 100 0.08 1
Node 36 29 25.2389
Pkt 24 300 0.08 1
Pkt 26 320 0.08125 1
Node 61 63 17.0294
Pkt 60 750 0.08 1
Pkt 60 750 0.08 1
Node 27 50 23
Pkt 20 250 0.08 1
Pkt 20 250 0.08 1
Node 29 69 28.3196
Pkt 32 400 0.08 1
Pkt 26 320 0.08125 1
Rate:160.5
==========
==========39
5 0 2 24000
Node 57 74 25
Pkt 20 240 0.0833333 1
Pkt 20 240 0.0833333 1
Node 29 26 31.8904
Pkt 30 375 0.08 1
Pkt 39 480 0.08125 1
Node 65 28 26.6271
Pkt 60 750 0.08 1
Pkt 64 800 0.08 1
Node 29 50 21
Pkt 16 200 0.08 1
Pkt 12 150 0.08 1
Node 61 38 16.2788
Pkt 30 375 0.08 1
Pkt 30 375 0.08 1
Rate:161.583
==========
==========40
5 0 2 24000
Node 48 44 6.32456
Pkt 12 150 0.08 1
Pkt 16 192 0.0833333 1
Node 36 31 23.6008
Pkt 30 375 0.08 1
Pkt 30 375 0.08 1
Node 29 39 23.7065
Pkt 64 800 0.08 1
Pkt 64 800 0.08 1
Node 40 52 10.198
Pkt 8 100 0.08 1
Pkt 8 100 0.08 1
Node 30 53 20.2237
Pkt 39 480 0.08125 1
Pkt 32 400 0.08 1
Rate:160.917
==========
==========41
5 0 2 24000
Node 55 32 18.6815
Pkt 20 250 0.08 1
Pkt 20 250 0.08 1
Node 55 35 15.8114
Pkt 24 300 0.08 1
Pkt 39 480 0.08125 1
Node 27 47 23.1948
Pkt 60 750 0.08 1
Pkt 64 800 0.08 1
Node 48 64 14.1421
Pkt 13 160 0.08125 1
Pkt 10 125 0.08 1
Node 59 37 15.8114
Pkt 39 480 0.08125 1
Pkt 24 300 0.08 1
Rate:160.75
==========
==========42
5 0 2 24000
Node 29 55 21.587
Pkt 12 150 0.08 1
Pkt 16 200 0.08 1
Node 29 73 31.1448
Pkt 30 375 0.08 1
Pkt 26 320 0.08125 1
Node 39 27 25.4951
Pkt 64 800 0.08 1
Pkt 64 800 0.08 1
Node 47 44 6.7082
Pkt 8 100 0.08 1
Pkt 12 150 0.08 1
Node 42 68 19.6977
Pkt 26 320 0.08125 1
Pkt 26 320 0.08125 1
Rate:160.75
==========
==========43
5 0 2 24000
Node 30 34 25.6125
Pkt 12 150 0.08 1
Pkt 10 120 0.0833333 1
Node 29 36 25.2389
Pkt 26 320 0.08125 1
Pkt 32 400 0.08 1
Node 40 68 20.5913
Pkt 60 750 0.08 1
Pkt 64 800 0.08 1
Node 69 42 20.6155
Pkt 16 192 0.0833333 1
Pkt 16 192 0.0833333 1
Node 50 46 4
Pkt 39 480 0.08125 1
Pkt 30 375 0.08 1
Rate:162.5
==========
==========44
5 0 2 24000
Node 61 69 21.9545
Pkt 16 200 0.08 1
Pkt 16 192 0.0833333 1
Node 46 49 4.12311
Pkt 39 480 0.08125 1
Pkt 30 375 0.08 1
Node 63 50 13
Pkt 60 750 0.08 1
Pkt 60 750 0.08 1
Node 63 39 17.0294
Pkt 8 100 0.08 1
Pkt 16 200 0.08 1
Node 56 68 18.9737
Pkt 26 320 0.08125 1
Pkt 39 480 0.08125 1
Rate:161.417
==========
==========45
5 0 2 24000
Node 52 36 14.1421
Pkt 16 192 0.0833333 1
Pkt 8 100 0.08 1
Node 71 32 27.6586
Pkt 24 300 0.08 1
Pkt 32 400 0.08 1
Node 44 47 6.7082
Pkt 60 750 0.08 1
Pkt 60 750 0.08 1
Node 51 60 10.0499
Pkt 10 120 0.0833333 1
Pkt 12 150 0.08 1
Node 38 28 25.0599
Pkt 39 480 0.08125 1
Pkt 32 400 0.08 1
Rate:161.583
==========
==========46
5 0 2 24000
Node 66 31 24.8395
Pkt 10 120 0.0833333 1
Pkt 13 160 0.08125 1
Node 36 30 24.4131
Pkt 30 375 0.08 1
Pkt 26 320 0.08125 1
Node 73 43 24.0416
Pkt 64 800 0.08 1
Pkt 60 750 0.08 1
Node 52 61 11.1803
Pkt 13 160 0.08125 1
Pkt 20 250 0.08 1
Node 30 70 28.2843
Pkt 26 320 0.08125 1
Pkt 24 300 0.08 1
Rate:161.667
==========
==========47
5 0 2 24000
Node 42 26 25.2982
Pkt 12 150 0.08 1
Pkt 16 192 0.0833333 1
Node 31 62 22.4722
Pkt 39 480 0.08125 1
Pkt 39 480 0.08125 1
Node 38 32 21.6333
Pkt 60 750 0.08 1
Pkt 60 750 0.08 1
Node 35 49 15.0333
Pkt 16 192 0.0833333 1
Pkt 12 150 0.08 1
Node 72 44 22.8035
Pkt 39 480 0.08125 1
Pkt 32 400 0.08 1
Rate:162.083
==========
==========48
5 0 2 24000
Node 43 30 21.1896
Pkt 13 160 0.08125 1
Pkt 10 120 0.0833333 1
Node 70 65 25
Pkt 24 300 0.08 1
Pkt 32 400 0.08 1
Node 62 30 23.3238
Pkt 64 800 0.08 1
Pkt 64 800 0.08 1
Node 58 67 18.7883
Pkt 12 150 0.08 1
Pkt 12 150 0.08 1
Node 58 69 20.6155
Pkt 26 320 0.08125 1
Pkt 30 375 0.08 1
Rate:161.167
==========
==========49
5 0 2 24000
Node 53 71 21.2132
Pkt 12 150 0.08 1
Pkt 20 240 0.0833333 1
Node 42 61 13.6015
Pkt 24 300 0.08 1
Pkt 26 320 0.08125 1
Node 49 60 10.0499
Pkt 64 800 0.08 1
Pkt 60 750 0.08 1
Node 67 50 17
Pkt 10 125 0.08 1
Pkt 16 200 0.08 1
Node 25 54 25.318
Pkt 39 480 0.08125 1
Pkt 24 300 0.08 1
Rate:161.167
==========
==========50
5 0 2 24000
Node 35 28 26.6271
Pkt 10 120 0.0833333 1
Pkt 10 125 0.08 1
Node 42 30 21.5407
Pkt 32 400 0.08 1
Pkt 39 480 0.08125 1
Node 46 63 13.6015
Pkt 60 750 0.08 1
Pkt 64 800 0.08 1
Node 36 56 15.2315
Pkt 16 192 0.0833333 1
Pkt 20 250 0.08 1
Node 74 36 27.7849
Pkt 26 320 0.08125 1
Pkt 26 320 0.08125 1
Rate:162.083
==========
==========51
5 0 2 24000
Node 46 42 8.94427
Pkt 13 160 0.08125 1
Pkt 20 250 0.08 1
Node 53 46 5
Pkt 30 375 0.08 1
Pkt 32 400 0.08 1
Node 62 42 14.4222
Pkt 60 750 0.08 1
Pkt 64 800 0.08 1
Node 52 35 15.1327
Pkt 10 120 0.0833333 1
Pkt 10 125 0.08 1
Node 29 62 24.1868
Pkt 24 300 0.08 1
Pkt 39 480 0.08125 1
Rate:161.167
==========
==========52
5 0 2 24000
Node 25 50 25
Pkt 10 125 0.08 1
Pkt 8 100 0.08 1
Node 32 38 21.6333
Pkt 39 480 0.08125 1
Pkt 39 480 0.08125 1
Node 35 25 29.1548
Pkt 64 800 0.08 1
Pkt 64 800 0.08 1
Node 73 69 29.8329
Pkt 16 200 0.08 1
Pkt 16 192 0.0833333 1
Node 50 34 16
Pkt 39 480 0.08125 1
Pkt 24 300 0.08 1
Rate:161.417
==========
==========53
5 0 2 24000
Node 28 44 22.8035
Pkt 16 192 0.0833333 1
Pkt 8 100 0.08 1
Node 54 58 8.94427
Pkt 24 300 0.08 1
Pkt 30 375 0.08 1
Node 46 71 21.3776
Pkt 64 800 0.08 1
Pkt 64 800 0.08 1
Node 54 31 19.4165
Pkt 10 125 0.08 1
Pkt 16 192 0.0833333 1
Node 73 70 30.4795
Pkt 24 300 0.08 1
Pkt 26 320 0.08125 1
Rate:161.583
==========
==========54
5 0 2 24000
Node 34 58 17.8885
Pkt 8 100 0.08 1
Pkt 12 150 0.08 1
Node 72 39 24.5967
Pkt 30 375 0.08 1
Pkt 32 400 0.08 1
Node 26 39 26.4008
Pkt 64 800 0.08 1
Pkt 60 750 0.08 1
Node 73 63 26.4197
Pkt 20 240 0.0833333 1
Pkt 16 192 0.0833333 1
Node 30 66 25.6125
Pkt 26 320 0.08125 1
Pkt 26 320 0.08125 1
Rate:161.833
==========
==========55
5 0 2 24000
Node 49 64 14.0357
Pkt 12 150 0.08 1
Pkt 20 240 0.0833333 1
Node 29 27 31.1448
Pkt 30 375 0.08 1
Pkt 30 375 0.08 1
Node 26 48 24.0832
Pkt 60 750 0.08 1
Pkt 64 800 0.08 1
Node 66 71 26.4008
Pkt 10 120 0.0833333 1
Pkt 8 100 0.08 1
Node 31 25 31.4006
Pkt 24 300 0.08 1
Pkt 32 400 0.08 1
Rate:161.333
==========
==========56
5 0 2 24000
Node 56 44 8.48528
Pkt 20 250 0.08 1
Pkt 20 250 0.08 1
Node 25 39 27.313
Pkt 26 320 0.08125 1
Pkt 24 300 0.08 1
Node 63 53 13.3417
Pkt 64 800 0.08 1
Pkt 60 750 0.08 1
Node 70 68 26.9072
Pkt 10 125 0.08 1
Pkt 10 120 0.0833333 1
Node 28 50 22
Pkt 39 480 0.08125 1
Pkt 26 320 0.08125 1
Rate:161.417
==========
==========57
5 0 2 24000
Node 28 36 26.0768
Pkt 20 250 0.08 1
Pkt 16 200 0.08 1
Node 36 63 19.105
Pkt 24 300 0.08 1
Pkt 39 480 0.08125 1
Node 37 54 13.6015
Pkt 64 800 0.08 1
Pkt 64 800 0.08 1
Node 51 37 13.0384
Pkt 20 250 0.08 1
Pkt 10 120 0.0833333 1
Node 57 54 8.06226
Pkt 32 400 0.08 1
Pkt 24 300 0.08 1
Rate:160.917
==========
==========58
5 0 2 24000
Node 59 53 9.48683
Pkt 10 125 0.08 1
Pkt 10 120 0.0833333 1
Node 36 39 17.8045
Pkt 26 320 0.08125 1
Pkt 39 480 0.08125 1
Node 34 65 21.9317
Pkt 64 800 0.08 1
Pkt 60 750 0.08 1
Node 60 49 10.0499
Pkt 10 120 0.0833333 1
Pkt 10 120 0.0833333 1
Node 49 44 6.08276
Pkt 24 300 0.08 1
Pkt 39 480 0.08125 1
Rate:162.75
==========
==========59
5 0 2 24000
Node 73 64 26.9258
Pkt 12 150 0.08 1
Pkt 10 120 0.0833333 1
Node 38 45 13
Pkt 39 480 0.08125 1
Pkt 30 375 0.08 1
Node 41 62 15
Pkt 64 800 0.08 1
Pkt 60 750 0.08 1
Node 68 38 21.6333
Pkt 16 200 0.08 1
Pkt 16 200 0.08 1
Node 71 45 21.587
Pkt 30 375 0.08 1
Pkt 26 320 0.08125 1
Rate:161.167
==========
==========60
5 0 2 24000
Node 41 51 9.05539
Pkt 13 160 0.08125 1
Pkt 16 192 0.0833333 1
Node 68 69 26.1725
Pkt 24 300 0.08 1
Pkt 32 400 0.08 1
Node 41 29 22.8473
Pkt 60 750 0.08 1
Pkt 60 750 0.08 1
Node 63 72 25.5539
Pkt 10 120 0.0833333 1
Pkt 12 150 0.08 1
Node 63 70 23.8537
Pkt 24 300 0.08 1
Pkt 39 480 0.08125 1
Rate:161.833
==========
==========61
5 0 2 24000
Node 67 51 17.0294
Pkt 8 100 0.08 1
Pkt 20 240 0.0833333 1
Node 64 61 17.8045
Pkt 24 300 0.08 1
Pkt 30 375 0.08 1
Node 68 49 18.0278
Pkt 60 750 0.08 1
Pkt 60 750 0.08 1
Node 25 39 27.313
Pkt 10 125 0.08 1
Pkt 20 250 0.08 1
Node 31 39 21.9545
Pkt 24 300 0.08 1
Pkt 26 320 0.08125 1
Rate:160.917
==========
==========62
5 0 2 24000
Node 36 74 27.7849
Pkt 16 192 0.0833333 1
Pkt 13 160 0.08125 1
Node 70 60 22.3607
Pkt 39 480 0.08125 1
Pkt 32 400 0.08 1
Node 33 64 22.0227
Pkt 64 800 0.08 1
Pkt 64 800 0.08 1
Node 63 63 18.3848
Pkt 16 200 0.08 1
Pkt 10 120 0.0833333 1
Node 26 71 31.8904
Pkt 24 300 0.08 1
Pkt 32 400 0.08 1
Rate:161.833
==========
==========63
5 0 2 24000
Node 51 53 3.16228
Pkt 10 120 0.0833333 1
Pkt 13 160 0.08125 1
Node 55 67 17.72
Pkt 32 400 0.08 1
Pkt 26 320 0.08125 1
Node 59 71 22.8473
Pkt 60 750 0.08 1
Pkt 60 750 0.08 1
Node 37 38 17.6918
Pkt 20 240 0.0833333 1
Pkt 20 240 0.0833333 1
Node 39 27 25.4951
Pkt 30 375 0.08 1
Pkt 24 300 0.08 1
Rate:162.5
==========
==========64
5 0 2 24000
Node 42 27 24.3516
Pkt 13 160 0.08125 1
Pkt 16 192 0.0833333 1
Node 45 29 21.587
Pkt 32 400 0.08 1
Pkt 26 320 0.08125 1
Node 40 74 26
Pkt 60 750 0.08 1
Pkt 60 750 0.08 1
Node 56 65 16.1555
Pkt 10 120 0.0833333 1
Pkt 16 200 0.08 1
Node 33 68 24.7588
Pkt 39 480 0.08125 1
Pkt 26 320 0.08125 1
Rate:162.333
==========
==========65
5 0 2 24000
Node 32 35 23.4307
Pkt 20 240 0.0833333 1
Pkt 12 150 0.08 1
Node 57 66 17.4642
Pkt 26 320 0.08125 1
Pkt 32 400 0.08 1
Node 64 30 24.4131
Pkt 64 800 0.08 1
Pkt 60 750 0.08 1
Node 30 44 20.8806
Pkt 20 250 0.08 1
Pkt 10 125 0.08 1
Node 57 26 25
Pkt 26 320 0.08125 1
Pkt 32 400 0.08 1
Rate:161.167
==========
==========66
5 0 2 24000
Node 65 74 28.3019
Pkt 16 192 0.0833333 1
Pkt 8 100 0.08 1
Node 73 67 28.6007
Pkt 24 300 0.08 1
Pkt 32 400 0.08 1
Node 50 41 9
Pkt 60 750 0.08 1
Pkt 60 750 0.08 1
Node 33 45 17.72
Pkt 8 100 0.08 1
Pkt 10 125 0.08 1
Node 37 34 20.6155
Pkt 26 320 0.08125 1
Pkt 24 300 0.08 1
Rate:160.917
==========
==========67
5 0 2 24000
Node 74 34 28.8444
Pkt 20 240 0.0833333 1
Pkt 13 160 0.08125 1
Node 58 70 21.5407
Pkt 32 400 0.08 1
Pkt 32 400 0.08 1
Node 44 54 7.2111
Pkt 64 800 0.08 1
Pkt 64 800 0.08 1
Node 51 39 11.0454
Pkt 12 150 0.08 1
Pkt 16 192 0.0833333 1
Node 50 37 13
Pkt 30 375 0.08 1
Pkt 30 375 0.08 1
Rate:161.583
==========
==========68
5 0 2 24000
Node 73 59 24.6982
Pkt 8 100 0.08 1
Pkt 16 192 0.0833333 1
Node 36 48 14.1421
Pkt 30 375 0.08 1
Pkt 24 300 0.08 1
Node 36 31 23.6008
Pkt 64 800 0.08 1
Pkt 64 800 0.08 1
Node 45 73 23.5372
Pkt 16 200 0.08 1
Pkt 20 240 0.0833333 1
Node 49 69 19.0263
Pkt 24 300 0.08 1
Pkt 24 300 0.08 1
Rate:161.333
==========
==========69
5 0 2 24000
Node 56 58 10
Pkt 20 240 0.0833333 1
Pkt 16 200 0.08 1
Node 42 36 16.1245
Pkt 30 375 0.08 1
Pkt 32 400 0.08 1
Node 37 46 13.6015
Pkt 60 750 0.08 1
Pkt 64 800 0.08 1
Node 72 45 22.561
Pkt 13 160 0.08125 1
Pkt 16 192 0.0833333 1
Node 64 33 22.0227
Pkt 39 480 0.08125 1
Pkt 26 320 0.08125 1
Rate:162.083
==========
==========70
5 0 2 24000
Node 30 47 20.2237
Pkt 13 160 0.08125 1
Pkt 10 120 0.0833333 1
Node 53 56 6.7082
Pkt 32 400 0.08 1
Pkt 39 480 0.08125 1
Node 33 55 17.72
Pkt 64 800 0.08 1
Pkt 60 750 0.08 1
Node 59 37 15.8114
Pkt 8 100 0.08 1
Pkt 10 120 0.0833333 1
Node 26 57 25
Pkt 30 375 0.08 1
Pkt 24 300 0.08 1
Rate:161.833
==========
==========71
5 0 2 24000
Node 68 55 18.6815
Pkt 8 100 0.08 1
Pkt 20 240 0.0833333 1
Node 65 36 20.5183
Pkt 30 375 0.08 1
Pkt 26 320 0.08125 1
Node 38 32 21.6333
Pkt 60 750 0.08 1
Pkt 60 750 0.08 1
Node 68 43 19.3132
Pkt 10 120 0.0833333 1
Pkt 8 100 0.08 1
Node 27 65 27.4591
Pkt 24 300 0.08 1
Pkt 39 480 0.08125 1
Rate:161.833
==========
==========72
5 0 2 24000
Node 74 50 24
Pkt 13 160 0.08125 1
Pkt 10 120 0.0833333 1
Node 74 44 24.7386
Pkt 39 480 0.08125 1
Pkt 30 375 0.08 1
Node 64 35 20.5183
Pkt 64 800 0.08 1
Pkt 60 750 0.08 1
Node 26 51 24.0208
Pkt 8 100 0.08 1
Pkt 10 120 0.0833333 1
Node 70 47 20.2237
Pkt 30 375 0.08 1
Pkt 30 375 0.08 1
Rate:161.833
==========
==========73
5 0 2 24000
Node 55 38 13
Pkt 13 160 0.08125 1
Pkt 12 150 0.08 1
Node 34 60 18.868
Pkt 26 320 0.08125 1
Pkt 24 300 0.08 1
Node 35 30 25
Pkt 64 800 0.08 1
Pkt 60 750 0.08 1
Node 66 40 18.868
Pkt 20 250 0.08 1
Pkt 10 120 0.0833333 1
Node 26 63 27.2947
Pkt 32 400 0.08 1
Pkt 26 320 0.08125 1
Rate:161.417
==========
==========74
5 0 2 24000
Node 47 33 17.2627
Pkt 16 200 0.08 1
Pkt 13 160 0.08125 1
Node 40 59 13.4536
Pkt 26 320 0.08125 1
Pkt 26 320 0.08125 1
Node 35 61 18.6011
Pkt 60 750 0.08 1
Pkt 60 750 0.08 1
Node 45 55 7.07107
Pkt 16 192 0.0833333 1
Pkt 10 120 0.0833333 1
Node 67 41 19.2354
Pkt 32 400 0.08 1
Pkt 30 375 0.08 1
Rate:162.083
==========
==========75
5 0 2 24000
Node 38 63 17.6918
Pkt 20 250 0.08 1
Pkt 16 200 0.08 1
Node 35 63 19.8494
Pkt 24 300 0.08 1
Pkt 26 320 0.08125 1
Node 50 51 1
Pkt 64 800 0.08 1
Pkt 64 800 0.08 1
Node 71 36 25.2389
Pkt 10 125 0.08 1
Pkt 10 125 0.08 1
Node 74 36 27.7849
Pkt 24 300 0.08 1
Pkt 26 320 0.08125 1
Rate:160.5
==========
==========76
5 0 2 24000
Node 69 57 20.2485
Pkt 20 250 0.08 1
Pkt 8 100 0.08 1
Node 40 70 22.3607
Pkt 24 300 0.08 1
Pkt 39 480 0.08125 1
Node 41 39 14.2127
Pkt 60 750 0.08 1
Pkt 64 800 0.08 1
Node 25 42 26.2488
Pkt 20 240 0.0833333 1
Pkt 8 100 0.08 1
Node 43 65 16.5529
Pkt 32 400 0.08 1
Pkt 39 480 0.08125 1
Rate:161.167
==========
==========77
5 0 2 24000
Node 65 66 21.9317
Pkt 16 192 0.0833333 1
Pkt 10 125 0.08 1
Node 60 44 11.6619
Pkt 24 300 0.08 1
Pkt 39 480 0.08125 1
Node 60 72 24.1661
Pkt 60 750 0.08 1
Pkt 64 800 0.08 1
Node 59 60 13.4536
Pkt 12 150 0.08 1
Pkt 16 200 0.08 1
Node 25 29 32.6497
Pkt 24 300 0.08 1
Pkt 39 480 0.08125 1
Rate:161.167
==========
==========78
5 0 2 24000
Node 65 56 16.1555
Pkt 16 200 0.08 1
Pkt 12 150 0.08 1
Node 60 41 13.4536
Pkt 24 300 0.08 1
Pkt 30 375 0.08 1
Node 64 35 20.5183
Pkt 64 800 0.08 1
Pkt 60 750 0.08 1
Node 31 27 29.8329
Pkt 10 120 0.0833333 1
Pkt 13 160 0.08125 1
Node 48 40 10.198
Pkt 26 320 0.08125 1
Pkt 26 320 0.08125 1
Rate:161.417
==========
==========79
5 0 2 24000
Node 53 50 3
Pkt 10 125 0.08 1
Pkt 16 192 0.0833333 1
Node 72 45 22.561
Pkt 30 375 0.08 1
Pkt 26 320 0.08125 1
Node 41 61 14.2127
Pkt 60 750 0.08 1
Pkt 64 800 0.08 1
Node 28 58 23.4094
Pkt 16 200 0.08 1
Pkt 12 150 0.08 1
Node 33 48 17.1172
Pkt 24 300 0.08 1
Pkt 24 300 0.08 1
Rate:160.917
==========
==========80
5 0 2 24000
Node 61 50 11
Pkt 12 150 0.08 1
Pkt 10 125 0.08 1
Node 49 26 24.0208
Pkt 30 375 0.08 1
Pkt 30 375 0.08 1
Node 70 30 28.2843
Pkt 60 750 0.08 1
Pkt 60 750 0.08 1
Node 71 51 21.0238
Pkt 10 125 0.08 1
Pkt 20 250 0.08 1
Node 60 45 11.1803
Pkt 24 300 0.08 1
Pkt 26 320 0.08125 1
Rate:160.25
==========
==========81
5 0 2 24000
Node 42 53 8.544
Pkt 10 120 0.0833333 1
Pkt 12 150 0.08 1
Node 73 69 29.8329
Pkt 32 400 0.08 1
Pkt 32 400 0.08 1
Node 59 57 11.4018
Pkt 60 750 0.08 1
Pkt 64 800 0.08 1
Node 35 63 19.8494
Pkt 12 150 0.08 1
Pkt 16 200 0.08 1
Node 70 60 22.3607
Pkt 26 320 0.08125 1
Pkt 24 300 0.08 1
Rate:160.917
==========
==========82
5 0 2 24000
Node 74 35 28.3019
Pkt 8 100 0.08 1
Pkt 16 192 0.0833333 1
Node 46 31 19.4165
Pkt 39 480 0.08125 1
Pkt 26 320 0.08125 1
Node 70 44 20.8806
Pkt 60 750 0.08 1
Pkt 64 800 0.08 1
Node 68 65 23.4307
Pkt 10 125 0.08 1
Pkt 20 250 0.08 1
Node 67 46 17.4642
Pkt 24 300 0.08 1
Pkt 32 400 0.08 1
Rate:161.167
==========
==========83
5 0 2 24000
Node 44 44 8.48528
Pkt 16 200 0.08 1
Pkt 16 200 0.08 1
Node 29 58 22.4722
Pkt 24 300 0.08 1
Pkt 26 320 0.08125 1
Node 32 36 22.8035
Pkt 64 800 0.08 1
Pkt 60 750 0.08 1
Node 33 64 22.0227
Pkt 12 150 0.08 1
Pkt 10 125 0.08 1
Node 40 67 19.7231
Pkt 39 480 0.08125 1
Pkt 39 480 0.08125 1
Rate:160.75
==========
==========84
5 0 2 24000
Node 41 33 19.2354
Pkt 12 150 0.08 1
Pkt 20 250 0.08 1
Node 41 33 19.2354
Pkt 39 480 0.08125 1
Pkt 32 400 0.08 1
Node 63 72 25.5539
Pkt 60 750 0.08 1
Pkt 60 750 0.08 1
Node 55 39 12.083
Pkt 16 192 0.0833333 1
Pkt 8 100 0.08 1
Node 50 25 25
Pkt 32 400 0.08 1
Pkt 24 300 0.08 1
Rate:160.917
==========
==========85
5 0 2 24000
Node 40 34 18.868
Pkt 16 200 0.08 1
Pkt 13 160 0.08125 1
Node 50 64 14
Pkt 30 375 0.08 1
Pkt 32 400 0.08 1
Node 67 59 19.2354
Pkt 64 800 0.08 1
Pkt 60 750 0.08 1
Node 70 30 28.2843
Pkt 8 100 0.08 1
Pkt 20 250 0.08 1
Node 45 51 5.09902
Pkt 24 300 0.08 1
Pkt 39 480 0.08125 1
Rate:160.5
==========
==========86
5 0 2 24000
Node 38 36 18.4391
Pkt 13 160 0.08125 1
Pkt 10 125 0.08 1
Node 68 73 29.2062
Pkt 30 375 0.08 1
Pkt 26 320 0.08125 1
Node 67 50 17
Pkt 60 750 0.08 1
Pkt 64 800 0.08 1
Node 52 68 18.1108
Pkt 16 200 0.08 1
Pkt 20 250 0.08 1
Node 66 29 26.4008
Pkt 39 480 0.08125 1
Pkt 26 320 0.08125 1
Rate:161
==========
==========87
5 0 2 24000
Node 69 46 19.4165
Pkt 20 240 0.0833333 1
Pkt 13 160 0.08125 1
Node 53 70 20.2237
Pkt 30 375 0.08 1
Pkt 32 400 0.08 1
Node 35 41 17.4929
Pkt 64 800 0.08 1
Pkt 64 800 0.08 1
Node 72 46 22.3607
Pkt 16 192 0.0833333 1
Pkt 8 100 0.08 1
Node 62 28 25.0599
Pkt 32 400 0.08 1
Pkt 30 375 0.08 1
Rate:161.583
==========
==========88
5 0 2 24000
Node 46 68 18.4391
Pkt 20 240 0.0833333 1
Pkt 20 250 0.08 1
Node 29 72 30.4138
Pkt 39 480 0.08125 1
Pkt 32 400 0.08 1
Node 49 31 19.0263
Pkt 60 750 0.08 1
Pkt 64 800 0.08 1
Node 56 36 15.2315
Pkt 20 250 0.08 1
Pkt 16 192 0.0833333 1
Node 25 62 27.7308
Pkt 39 480 0.08125 1
Pkt 32 400 0.08 1
Rate:161.833
==========
==========89
5 0 2 24000
Node 51 58 8.06226
Pkt 10 125 0.08 1
Pkt 10 120 0.0833333 1
Node 69 25 31.4006
Pkt 26 320 0.08125 1
Pkt 32 400 0.08 1
Node 67 58 18.7883
Pkt 60 750 0.08 1
Pkt 64 800 0.08 1
Node 33 30 26.2488
Pkt 16 200 0.08 1
Pkt 20 240 0.0833333 1
Node 26 67 29.4109
Pkt 32 400 0.08 1
Pkt 24 300 0.08 1
Rate:161.583
==========
==========90
5 0 2 24000
Node 35 41 17.4929
Pkt 8 100 0.08 1
Pkt 10 120 0.0833333 1
Node 52 64 14.1421
Pkt 26 320 0.08125 1
Pkt 32 400 0.08 1
Node 58 44 10
Pkt 64 800 0.08 1
Pkt 64 800 0.08 1
Node 33 33 24.0416
Pkt 16 192 0.0833333 1
Pkt 16 192 0.0833333 1
Node 32 53 18.2483
Pkt 30 375 0.08 1
Pkt 32 400 0.08 1
Rate:162.25
==========
==========91
5 0 2 24000
Node 34 62 20
Pkt 8 100 0.08 1
Pkt 16 192 0.0833333 1
Node 37 52 13.1529
Pkt 26 320 0.08125 1
Pkt 26 320 0.08125 1
Node 71 57 22.1359
Pkt 60 750 0.08 1
Pkt 60 750 0.08 1
Node 35 56 16.1555
Pkt 20 250 0.08 1
Pkt 10 120 0.0833333 1
Node 44 40 11.6619
Pkt 26 320 0.08125 1
Pkt 39 480 0.08125 1
Rate:162.333
==========
==========92
5 0 2 24000
Node 28 58 23.4094
Pkt 13 160 0.08125 1
Pkt 20 250 0.08 1
Node 28 36 26.0768
Pkt 24 300 0.08 1
Pkt 26 320 0.08125 1
Node 30 47 20.2237
Pkt 64 800 0.08 1
Pkt 64 800 0.08 1
Node 63 72 25.5539
Pkt 16 200 0.08 1
Pkt 12 150 0.08 1
Node 51 43 7.07107
Pkt 26 320 0.08125 1
Pkt 26 320 0.08125 1
Rate:161
==========
==========93
5 0 2 24000
Node 41 35 17.4929
Pkt 12 150 0.08 1
Pkt 16 200 0.08 1
Node 43 69 20.2485
Pkt 26 320 0.08125 1
Pkt 24 300 0.08 1
Node 52 52 2.82843
Pkt 64 800 0.08 1
Pkt 64 800 0.08 1
Node 50 38 12
Pkt 10 120 0.0833333 1
Pkt 20 250 0.08 1
Node 61 49 11.0454
Pkt 30 375 0.08 1
Pkt 32 400 0.08 1
Rate:160.917
==========
==========94
5 0 2 24000
Node 60 56 11.6619
Pkt 20 240 0.0833333 1
Pkt 10 120 0.0833333 1
Node 64 53 14.3178
Pkt 30 375 0.08 1
Pkt 24 300 0.08 1
Node 30 69 27.5862
Pkt 60 750 0.08 1
Pkt 60 750 0.08 1
Node 42 42 11.3137
Pkt 10 125 0.08 1
Pkt 16 200 0.08 1
Node 68 46 18.4391
Pkt 39 480 0.08125 1
Pkt 24 300 0.08 1
Rate:161.583
==========
==========95
5 0 2 24000
Node 42 47 8.544
Pkt 10 125 0.08 1
Pkt 20 240 0.0833333 1
Node 45 26 24.5153
Pkt 26 320 0.08125 1
Pkt 26 320 0.08125 1
Node 47 55 5.83095
Pkt 64 800 0.08 1
Pkt 64 800 0.08 1
Node 36 38 18.4391
Pkt 16 200 0.08 1
Pkt 20 240 0.0833333 1
Node 30 60 22.3607
Pkt 39 480 0.08125 1
Pkt 24 300 0.08 1
Rate:162.083
==========
==========96
5 0 2 24000
Node 66 66 22.6274
Pkt 10 125 0.08 1
Pkt 16 192 0.0833333 1
Node 31 30 27.5862
Pkt 26 320 0.08125 1
Pkt 32 400 0.08 1
Node 54 27 23.3452
Pkt 64 800 0.08 1
Pkt 64 800 0.08 1
Node 52 64 14.1421
Pkt 13 160 0.08125 1
Pkt 20 240 0.0833333 1
Node 60 71 23.2594
Pkt 30 375 0.08 1
Pkt 39 480 0.08125 1
Rate:162.083
==========
==========97
5 0 2 24000
Node 66 51 16.0312
Pkt 20 250 0.08 1
Pkt 8 100 0.08 1
Node 55 31 19.6469
Pkt 39 480 0.08125 1
Pkt 24 300 0.08 1
Node 68 65 23.4307
Pkt 60 750 0.08 1
Pkt 64 800 0.08 1
Node 65 56 16.1555
Pkt 20 240 0.0833333 1
Pkt 20 240 0.0833333 1
Node 56 48 6.32456
Pkt 24 300 0.08 1
Pkt 26 320 0.08125 1
Rate:161.833
==========
==========98
5 0 2 24000
Node 46 68 18.4391
Pkt 10 120 0.0833333 1
Pkt 10 125 0.08 1
Node 41 37 15.8114
Pkt 26 320 0.08125 1
Pkt 24 300 0.08 1
Node 43 39 13.0384
Pkt 64 800 0.08 1
Pkt 60 750 0.08 1
Node 60 60 14.1421
Pkt 8 100 0.08 1
Pkt 16 192 0.0833333 1
Node 32 30 26.9072
Pkt 32 400 0.08 1
Pkt 32 400 0.08 1
Rate:161.583
==========
==========99
