5 0 2 24000
Node 26 48 24.0832
Pkt 48 120 0.4 1
Pkt 80 200 0.4 1
Node 56 28 22.8035
Pkt 120 300 0.4 1
Pkt 128 320 0.4 1
Node 38 52 12.1655
Pkt 320 800 0.4 1
Pkt 300 750 0.4 1
Node 48 63 13.1529
Pkt 100 250 0.4 1
Pkt 48 120 0.4 1
Node 46 26 24.3311
Pkt 160 400 0.4 1
Pkt 150 375 0.4 1
Rate:800
==========
==========0
5 0 2 24000
Node 73 68 29.2062
Pkt 96 240 0.4 1
Pkt 50 125 0.4 1
Node 57 31 20.2485
Pkt 192 480 0.4 1
Pkt 160 400 0.4 1
Node 30 62 23.3238
Pkt 320 800 0.4 1
Pkt 300 750 0.4 1
Node 42 49 8.06226
Pkt 80 200 0.4 1
Pkt 48 120 0.4 1
Node 61 34 19.4165
Pkt 120 300 0.4 1
Pkt 160 400 0.4 1
Rate:800
==========
==========1
5 0 2 24000
Node 73 25 33.9706
Pkt 96 240 0.4 1
Pkt 64 160 0.4 1
Node 36 63 19.105
Pkt 120 300 0.4 1
Pkt 120 300 0.4 1
Node 41 27 24.6982
Pkt 320 800 0.4 1
Pkt 300 750 0.4 1
Node 69 53 19.2354
Pkt 48 120 0.4 1
Pkt 96 240 0.4 1
Node 28 33 27.8029
Pkt 160 400 0.4 1
Pkt 192 480 0.4 1
Rate:800
==========
==========2
5 0 2 24000
Node 31 72 29.0689
Pkt 64 160 0.4 1
Pkt 96 240 0.4 1
Node 25 60 26.9258
Pkt 192 480 0.4 1
Pkt 120 300 0.4 1
Node 51 46 4.12311
Pkt 300 750 0.4 1
Pkt 300 750 0.4 1
Node 43 30 21.1896
Pkt 64 160 0.4 1
Pkt 100 250 0.4 1
Node 47 52 3.60555
Pkt 128 320 0.4 1
Pkt 160 400 0.4 1
Rate:800
==========
==========3
5 0 2 24000
Node 59 33 19.2354
Pkt 64 160 0.4 1
Pkt 96 240 0.4 1
Node 50 65 15
Pkt 150 375 0.4 1
Pkt 128 320 0.4 1
Node 28 61 24.5967
Pkt 300 750 0.4 1
Pkt 300 750 0.4 1
Node 72 66 27.2029
Pkt 60 150 0.4 1
Pkt 50 125 0.4 1
Node 71 43 22.1359
Pkt 150 375 0.4 1
Pkt 128 320 0.4 1
Rate:800
==========
==========4
5 0 2 24000
Node 73 40 25.0799
Pkt 96 240 0.4 1
Pkt 48 120 0.4 1
Node 65 57 16.5529
Pkt 120 300 0.4 1
Pkt 192 480 0.4 1
Node 46 70 20.3961
Pkt 300 750 0.4 1
Pkt 320 800 0.4 1
Node 46 60 10.7703
Pkt 80 200 0.4 1
Pkt 96 240 0.4 1
Node 40 34 18.868
Pkt 160 400 0.4 1
Pkt 160 400 0.4 1
Rate:800
==========
==========5
5 0 2 24000
Node 67 45 17.72
Pkt 100 250 0.4 1
Pkt 100 250 0.4 1
Node 49 49 1.41421
Pkt 128 320 0.4 1
Pkt 160 400 0.4 1
Node 26 50 24
Pkt 320 800 0.4 1
Pkt 320 800 0.4 1
Node 57 51 7.07107
Pkt 77 192 0.401042 1
Pkt 48 120 0.4 1
Node 64 36 19.799
Pkt 160 400 0.4 1
Pkt 150 375 0.4 1
Rate:800.208
==========
==========6
5 0 2 24000
Node 40 52 10.198
Pkt 60 150 0.4 1
Pkt 80 200 0.4 1
Node 57 32 19.3132
Pkt 192 480 0.4 1
Pkt 128 320 0.4 1
Node 56 36 15.2315
Pkt 300 750 0.4 1
Pkt 320 800 0.4 1
Node 64 55 14.8661
Pkt 100 250 0.4 1
Pkt 50 125 0.4 1
Node 71 51 21.0238
Pkt 128 320 0.4 1
Pkt 150 375 0.4 1
Rate:800
==========
==========7
5 0 2 24000
Node 33 66 23.3452
Pkt 60 150 0.4 1
Pkt 50 125 0.4 1
Node 56 71 21.8403
Pkt 192 480 0.4 1
Pkt 192 480 0.4 1
Node 30 28 29.7321
Pkt 320 800 0.4 1
Pkt 300 750 0.4 1
Node 36 33 22.0227
Pkt 64 160 0.4 1
Pkt 50 125 0.4 1
Node 63 54 13.6015
Pkt 192 480 0.4 1
Pkt 150 375 0.4 1
Rate:800
==========
==========8
5 0 2 24000
Node 47 59 9.48683
Pkt 64 160 0.4 1
Pkt 80 200 0.4 1
Node 63 54 13.6015
Pkt 120 300 0.4 1
Pkt 192 480 0.4 1
Node 38 43 13.8924
Pkt 320 800 0.4 1
Pkt 320 800 0.4 1
Node 37 56 14.3178
Pkt 96 240 0.4 1
Pkt 64 160 0.4 1
Node 29 34 26.4008
Pkt 120 300 0.4 1
Pkt 160 400 0.4 1
Rate:800
==========
==========9
5 0 2 24000
Node 31 35 24.2074
Pkt 40 100 0.4 1
Pkt 64 160 0.4 1
Node 37 35 19.8494
Pkt 150 375 0.4 1
Pkt 160 400 0.4 1
Node 55 57 8.60233
Pkt 300 750 0.4 1
Pkt 320 800 0.4 1
Node 65 25 29.1548
Pkt 64 160 0.4 1
Pkt 80 200 0.4 1
Node 66 66 22.6274
Pkt 120 300 0.4 1
Pkt 128 320 0.4 1
Rate:800
==========
==========10
5 0 2 24000
Node 31 50 19
Pkt 80 200 0.4 1
Pkt 40 100 0.4 1
Node 32 72 28.4253
Pkt 192 480 0.4 1
Pkt 150 375 0.4 1
Node 25 72 33.3017
Pkt 320 800 0.4 1
Pkt 300 750 0.4 1
Node 33 55 17.72
Pkt 48 120 0.4 1
Pkt 64 160 0.4 1
Node 57 70 21.1896
Pkt 128 320 0.4 1
Pkt 128 320 0.4 1
Rate:800
==========
==========11
5 0 2 24000
Node 65 63 19.8494
Pkt 96 240 0.4 1
Pkt 64 160 0.4 1
Node 48 54 4.47214
Pkt 160 400 0.4 1
Pkt 120 300 0.4 1
Node 30 29 29
Pkt 320 800 0.4 1
Pkt 320 800 0.4 1
Node 29 67 27.0185
Pkt 40 100 0.4 1
Pkt 96 240 0.4 1
Node 50 62 12
Pkt 160 400 0.4 1
Pkt 120 300 0.4 1
Rate:800
==========
==========12
5 0 2 24000
Node 32 26 30
Pkt 60 150 0.4 1
Pkt 50 125 0.4 1
Node 50 63 13
Pkt 150 375 0.4 1
Pkt 192 480 0.4 1
Node 34 60 18.868
Pkt 320 800 0.4 1
Pkt 320 800 0.4 1
Node 73 67 28.6007
Pkt 80 200 0.4 1
Pkt 96 240 0.4 1
Node 26 63 27.2947
Pkt 192 480 0.4 1
Pkt 120 300 0.4 1
Rate:800
==========
==========13
5 0 2 24000
Node 68 56 18.9737
Pkt 64 160 0.4 1
Pkt 48 120 0.4 1
Node 26 61 26.4008
Pkt 150 375 0.4 1
Pkt 150 375 0.4 1
Node 41 50 9
Pkt 300 750 0.4 1
Pkt 320 800 0.4 1
Node 42 51 8.06226
Pkt 80 200 0.4 1
Pkt 48 120 0.4 1
Node 67 59 19.2354
Pkt 192 480 0.4 1
Pkt 128 320 0.4 1
Rate:800
==========
==========14
5 0 2 24000
Node 51 41 9.05539
Pkt 48 120 0.4 1
Pkt 60 150 0.4 1
Node 39 60 14.8661
Pkt 160 400 0.4 1
Pkt 150 375 0.4 1
Node 36 30 24.4131
Pkt 300 750 0.4 1
Pkt 320 800 0.4 1
Node 62 71 24.1868
Pkt 80 200 0.4 1
Pkt 100 250 0.4 1
Node 27 32 29.2062
Pkt 120 300 0.4 1
Pkt 120 300 0.4 1
Rate:800
==========
==========15
5 0 2 24000
Node 46 57 8.06226
Pkt 77 192 0.401042 1
Pkt 64 160 0.4 1
Node 42 43 10.6301
Pkt 160 400 0.4 1
Pkt 150 375 0.4 1
Node 60 74 26
Pkt 300 750 0.4 1
Pkt 300 750 0.4 1
Node 42 60 12.8062
Pkt 40 100 0.4 1
Pkt 77 192 0.401042 1
Node 48 73 23.0868
Pkt 128 320 0.4 1
Pkt 192 480 0.4 1
Rate:800.417
==========
==========16
5 0 2 24000
Node 69 59 21.0238
Pkt 96 240 0.4 1
Pkt 64 160 0.4 1
Node 50 58 8
Pkt 150 375 0.4 1
Pkt 160 400 0.4 1
Node 46 42 8.94427
Pkt 300 750 0.4 1
Pkt 320 800 0.4 1
Node 59 51 9.05539
Pkt 64 160 0.4 1
Pkt 64 160 0.4 1
Node 52 49 2.23607
Pkt 128 320 0.4 1
Pkt 192 480 0.4 1
Rate:800
==========
==========17
5 0 2 24000
Node 59 41 12.7279
Pkt 80 200 0.4 1
Pkt 60 150 0.4 1
Node 61 28 24.5967
Pkt 150 375 0.4 1
Pkt 160 400 0.4 1
Node 42 25 26.2488
Pkt 300 750 0.4 1
Pkt 300 750 0.4 1
Node 41 65 17.4929
Pkt 50 125 0.4 1
Pkt 77 192 0.401042 1
Node 32 55 18.6815
Pkt 160 400 0.4 1
Pkt 128 320 0.4 1
Rate:800.208
==========
==========18
5 0 2 24000
Node 71 73 31.1448
Pkt 60 150 0.4 1
Pkt 77 192 0.401042 1
Node 55 31 19.6469
Pkt 150 375 0.4 1
Pkt 120 300 0.4 1
Node 62 61 16.2788
Pkt 320 800 0.4 1
Pkt 320 800 0.4 1
Node 28 29 30.4138
Pkt 77 192 0.401042 1
Pkt 60 150 0.4 1
Node 44 52 6.32456
Pkt 120 300 0.4 1
Pkt 160 400 0.4 1
Rate:800.417
==========
==========19
5 0 2 24000
Node 36 71 25.2389
Pkt 40 100 0.4 1
Pkt 40 100 0.4 1
Node 31 72 29.0689
Pkt 150 375 0.4 1
Pkt 192 480 0.4 1
Node 64 74 27.7849
Pkt 320 800 0.4 1
Pkt 320 800 0.4 1
Node 56 55 7.81025
Pkt 40 100 0.4 1
Pkt 77 192 0.401042 1
Node 47 40 10.4403
Pkt 150 375 0.4 1
Pkt 120 300 0.4 1
Rate:800.208
==========
==========20
5 0 2 24000
Node 26 57 25
Pkt 40 100 0.4 1
Pkt 77 192 0.401042 1
Node 35 69 24.2074
Pkt 160 400 0.4 1
Pkt 128 320 0.4 1
Node 39 33 20.2485
Pkt 300 750 0.4 1
Pkt 320 800 0.4 1
Node 58 41 12.0416
Pkt 96 240 0.4 1
Pkt 50 125 0.4 1
Node 43 71 22.1359
Pkt 160 400 0.4 1
Pkt 150 375 0.4 1
Rate:800.208
==========
==========21
5 0 2 24000
Node 72 27 31.8277
Pkt 60 150 0.4 1
Pkt 40 100 0.4 1
Node 36 50 14
Pkt 160 400 0.4 1
Pkt 120 300 0.4 1
Node 46 47 5
Pkt 320 800 0.4 1
Pkt 300 750 0.4 1
Node 58 34 17.8885
Pkt 96 240 0.4 1
Pkt 50 125 0.4 1
Node 72 63 25.5539
Pkt 192 480 0.4 1
Pkt 150 375 0.4 1
Rate:800
==========
==========22
5 0 2 24000
Node 47 50 3
Pkt 48 120 0.4 1
Pkt 100 250 0.4 1
Node 70 37 23.8537
Pkt 128 320 0.4 1
Pkt 128 320 0.4 1
Node 39 53 11.4018
Pkt 320 800 0.4 1
Pkt 300 750 0.4 1
Node 59 47 9.48683
Pkt 64 160 0.4 1
Pkt 77 192 0.401042 1
Node 40 56 11.6619
Pkt 128 320 0.4 1
Pkt 128 320 0.4 1
Rate:800.208
==========
==========23
5 0 2 24000
Node 52 60 10.198
Pkt 48 120 0.4 1
Pkt 80 200 0.4 1
Node 57 74 25
Pkt 150 375 0.4 1
Pkt 120 300 0.4 1
Node 38 41 15
Pkt 300 750 0.4 1
Pkt 300 750 0.4 1
Node 37 65 19.8494
Pkt 50 125 0.4 1
Pkt 48 120 0.4 1
Node 64 61 17.8045
Pkt 150 375 0.4 1
Pkt 192 480 0.4 1
Rate:800
==========
==========24
5 0 2 24000
Node 65 64 20.5183
Pkt 64 160 0.4 1
Pkt 48 120 0.4 1
Node 41 35 17.4929
Pkt 120 300 0.4 1
Pkt 150 375 0.4 1
Node 35 70 25
Pkt 320 800 0.4 1
Pkt 320 800 0.4 1
Node 66 73 28.0179
Pkt 60 150 0.4 1
Pkt 96 240 0.4 1
Node 42 38 14.4222
Pkt 120 300 0.4 1
Pkt 160 400 0.4 1
Rate:800
==========
==========25
5 0 2 24000
Node 53 45 5.83095
Pkt 50 125 0.4 1
Pkt 50 125 0.4 1
Node 33 64 22.0227
Pkt 150 375 0.4 1
Pkt 128 320 0.4 1
Node 53 61 11.4018
Pkt 320 800 0.4 1
Pkt 320 800 0.4 1
Node 29 39 23.7065
Pkt 50 125 0.4 1
Pkt 64 160 0.4 1
Node 25 60 26.9258
Pkt 120 300 0.4 1
Pkt 160 400 0.4 1
Rate:800
==========
==========26
5 0 2 24000
Node 42 54 8.94427
Pkt 77 192 0.401042 1
Pkt 96 240 0.4 1
Node 59 60 13.4536
Pkt 160 400 0.4 1
Pkt 160 400 0.4 1
Node 64 27 26.9258
Pkt 300 750 0.4 1
Pkt 300 750 0.4 1
Node 41 71 22.8473
Pkt 48 120 0.4 1
Pkt 48 120 0.4 1
Node 68 27 29.2062
Pkt 128 320 0.4 1
Pkt 150 375 0.4 1
Rate:800.208
==========
==========27
5 0 2 24000
Node 35 36 20.5183
Pkt 100 250 0.4 1
Pkt 60 150 0.4 1
Node 58 67 18.7883
Pkt 120 300 0.4 1
Pkt 150 375 0.4 1
Node 33 68 24.7588
Pkt 300 750 0.4 1
Pkt 320 800 0.4 1
Node 36 56 15.2315
Pkt 40 100 0.4 1
Pkt 50 125 0.4 1
Node 44 35 16.1555
Pkt 120 300 0.4 1
Pkt 128 320 0.4 1
Rate:800
==========
==========28
5 0 2 24000
Node 43 61 13.0384
Pkt 64 160 0.4 1
Pkt 60 150 0.4 1
Node 56 70 20.8806
Pkt 150 375 0.4 1
Pkt 160 400 0.4 1
Node 69 50 19
Pkt 320 800 0.4 1
Pkt 320 800 0.4 1
Node 31 52 19.105
Pkt 50 125 0.4 1
Pkt 40 100 0.4 1
Node 49 39 11.0454
Pkt 192 480 0.4 1
Pkt 120 300 0.4 1
Rate:800
==========
==========29
5 0 2 24000
Node 42 32 19.6977
Pkt 100 250 0.4 1
Pkt 80 200 0.4 1
Node 51 40 10.0499
Pkt 128 320 0.4 1
Pkt 160 400 0.4 1
Node 46 39 11.7047
Pkt 320 800 0.4 1
Pkt 320 800 0.4 1
Node 58 63 15.2643
Pkt 40 100 0.4 1
Pkt 60 150 0.4 1
Node 39 33 20.2485
Pkt 128 320 0.4 1
Pkt 120 300 0.4 1
Rate:800
==========
==========30
5 0 2 24000
Node 69 59 21.0238
Pkt 96 240 0.4 1
Pkt 64 160 0.4 1
Node 57 64 15.6525
Pkt 160 400 0.4 1
Pkt 120 300 0.4 1
Node 70 55 20.6155
Pkt 300 750 0.4 1
Pkt 320 800 0.4 1
Node 71 67 27.0185
Pkt 96 240 0.4 1
Pkt 64 160 0.4 1
Node 45 71 21.587
Pkt 192 480 0.4 1
Pkt 192 480 0.4 1
Rate:800
==========
==========31
5 0 2 24000
Node 38 74 26.8328
Pkt 48 120 0.4 1
Pkt 40 100 0.4 1
Node 29 25 32.6497
Pkt 120 300 0.4 1
Pkt 192 480 0.4 1
Node 56 25 25.7099
Pkt 300 750 0.4 1
Pkt 300 750 0.4 1
Node 36 66 21.2603
Pkt 64 160 0.4 1
Pkt 77 192 0.401042 1
Node 40 48 10.198
Pkt 160 400 0.4 1
Pkt 192 480 0.4 1
Rate:800.208
==========
==========32
5 0 2 24000
Node 67 36 22.0227
Pkt 60 150 0.4 1
Pkt 80 200 0.4 1
Node 72 51 22.0227
Pkt 150 375 0.4 1
Pkt 160 400 0.4 1
Node 53 41 9.48683
Pkt 320 800 0.4 1
Pkt 320 800 0.4 1
Node 52 69 19.105
Pkt 60 150 0.4 1
Pkt 40 100 0.4 1
Node 27 47 23.1948
Pkt 150 375 0.4 1
Pkt 150 375 0.4 1
Rate:800
==========
==========33
5 0 2 24000
Node 46 64 14.5602
Pkt 60 150 0.4 1
Pkt 80 200 0.4 1
Node 70 51 20.025
Pkt 120 300 0.4 1
Pkt 160 400 0.4 1
Node 69 28 29.0689
Pkt 300 750 0.4 1
Pkt 320 800 0.4 1
Node 45 46 6.40312
Pkt 100 250 0.4 1
Pkt 50 125 0.4 1
Node 71 47 21.2132
Pkt 160 400 0.4 1
Pkt 120 300 0.4 1
Rate:800
==========
==========34
5 0 2 24000
Node 41 43 11.4018
Pkt 77 192 0.401042 1
Pkt 77 192 0.401042 1
Node 71 38 24.1868
Pkt 160 400 0.4 1
Pkt 192 480 0.4 1
Node 62 42 14.4222
Pkt 320 800 0.4 1
Pkt 320 800 0.4 1
Node 29 40 23.2594
Pkt 50 125 0.4 1
Pkt 60 150 0.4 1
Node 69 48 19.105
Pkt 128 320 0.4 1
Pkt 150 375 0.4 1
Rate:800.417
==========
==========35
5 0 2 24000
Node 25 58 26.2488
Pkt 77 192 0.401042 1
Pkt 80 200 0.4 1
Node 74 74 33.9411
Pkt 128 320 0.4 1
Pkt 192 480 0.4 1
Node 41 67 19.2354
Pkt 320 800 0.4 1
Pkt 300 750 0.4 1
Node 25 26 34.6554
Pkt 100 250 0.4 1
Pkt 48 120 0.4 1
Node 26 67 29.4109
Pkt 160 400 0.4 1
Pkt 128 320 0.4 1
Rate:800.208
==========
==========36
5 0 2 24000
Node 68 58 19.6977
Pkt 77 192 0.401042 1
Pkt 40 100 0.4 1
Node 56 38 13.4164
Pkt 192 480 0.4 1
Pkt 150 375 0.4 1
Node 52 61 11.1803
Pkt 300 750 0.4 1
Pkt 320 800 0.4 1
Node 57 28 23.0868
Pkt 80 200 0.4 1
Pkt 60 150 0.4 1
Node 63 43 14.7648
Pkt 120 300 0.4 1
Pkt 150 375 0.4 1
Rate:800.208
==========
==========37
5 0 2 24000
Node 38 44 13.4164
Pkt 40 100 0.4 1
Pkt 100 250 0.4 1
Node 42 25 26.2488
Pkt 160 400 0.4 1
Pkt 160 400 0.4 1
Node 59 67 19.2354
Pkt 320 800 0.4 1
Pkt 300 750 0.4 1
Node 40 31 21.4709
Pkt 64 160 0.4 1
Pkt 48 120 0.4 1
Node 61 61 15.5563
Pkt 192 480 0.4 1
Pkt 150 375 0.4 1
Rate:800
==========
==========38
5 0 2 24000
Node 61 49 11.0454
Pkt 77 192 0.401042 1
Pkt 80 200 0.4 1
Node 31 43 20.2485
Pkt 192 480 0.4 1
Pkt 128 320 0.4 1
Node 59 35 17.4929
Pkt 320 800 0.4 1
Pkt 300 750 0.4 1
Node 71 53 21.2132
Pkt 40 100 0.4 1
Pkt 48 120 0.4 1
Node 74 35 28.3019
Pkt 150 375 0.4 1
Pkt 160 400 0.4 1
Rate:800.208
==========
==========39
5 0 2 24000
Node 29 27 31.1448
Pkt 50 125 0.4 1
Pkt 64 160 0.4 1
Node 39 49 11.0454
Pkt 192 480 0.4 1
Pkt 128 320 0.4 1
Node 60 70 22.3607
Pkt 320 800 0.4 1
Pkt 320 800 0.4 1
Node 45 61 12.083
Pkt 77 192 0.401042 1
Pkt 40 100 0.4 1
Node 55 26 24.5153
Pkt 160 400 0.4 1
Pkt 160 400 0.4 1
Rate:800.208
==========
==========40
5 0 2 24000
Node 72 42 23.4094
Pkt 48 120 0.4 1
Pkt 48 120 0.4 1
Node 45 55 7.07107
Pkt 192 480 0.4 1
Pkt 160 400 0.4 1
Node 54 28 22.3607
Pkt 320 800 0.4 1
Pkt 320 800 0.4 1
Node 44 72 22.8035
Pkt 40 100 0.4 1
Pkt 100 250 0.4 1
Node 67 51 17.0294
Pkt 160 400 0.4 1
Pkt 120 300 0.4 1
Rate:800
==========
==========41
5 0 2 24000
Node 72 66 27.2029
Pkt 40 100 0.4 1
Pkt 100 250 0.4 1
Node 52 59 9.21954
Pkt 128 320 0.4 1
Pkt 160 400 0.4 1
Node 70 29 29
Pkt 320 800 0.4 1
Pkt 300 750 0.4 1
Node 29 70 29
Pkt 50 125 0.4 1
Pkt 60 150 0.4 1
Node 48 34 16.1245
Pkt 150 375 0.4 1
Pkt 128 320 0.4 1
Rate:800
==========
==========42
5 0 2 24000
Node 47 40 10.4403
Pkt 64 160 0.4 1
Pkt 60 150 0.4 1
Node 49 56 6.08276
Pkt 120 300 0.4 1
Pkt 120 300 0.4 1
Node 64 27 26.9258
Pkt 320 800 0.4 1
Pkt 320 800 0.4 1
Node 34 62 20
Pkt 96 240 0.4 1
Pkt 64 160 0.4 1
Node 66 39 19.4165
Pkt 192 480 0.4 1
Pkt 120 300 0.4 1
Rate:800
==========
==========43
5 0 2 24000
Node 34 58 17.8885
Pkt 60 150 0.4 1
Pkt 100 250 0.4 1
Node 64 58 16.1245
Pkt 128 320 0.4 1
Pkt 150 375 0.4 1
Node 69 73 29.8329
Pkt 300 750 0.4 1
Pkt 300 750 0.4 1
Node 62 30 23.3238
Pkt 50 125 0.4 1
Pkt 64 160 0.4 1
Node 49 43 7.07107
Pkt 150 375 0.4 1
Pkt 150 375 0.4 1
Rate:800
==========
==========44
5 0 2 24000
Node 46 47 5
Pkt 50 125 0.4 1
Pkt 50 125 0.4 1
Node 74 62 26.8328
Pkt 128 320 0.4 1
Pkt 192 480 0.4 1
Node 65 74 28.3019
Pkt 320 800 0.4 1
Pkt 320 800 0.4 1
Node 63 51 13.0384
Pkt 60 150 0.4 1
Pkt 80 200 0.4 1
Node 72 31 29.0689
Pkt 192 480 0.4 1
Pkt 192 480 0.4 1
Rate:800
==========
==========45
5 0 2 24000
Node 65 34 21.9317
Pkt 40 100 0.4 1
Pkt 80 200 0.4 1
Node 65 41 17.4929
Pkt 150 375 0.4 1
Pkt 160 400 0.4 1
Node 44 53 6.7082
Pkt 300 750 0.4 1
Pkt 320 800 0.4 1
Node 68 61 21.095
Pkt 64 160 0.4 1
Pkt 96 240 0.4 1
Node 54 63 13.6015
Pkt 120 300 0.4 1
Pkt 150 375 0.4 1
Rate:800
==========
==========46
5 0 2 24000
Node 56 57 9.21954
Pkt 100 250 0.4 1
Pkt 64 160 0.4 1
Node 33 54 17.4642
Pkt 160 400 0.4 1
Pkt 160 400 0.4 1
Node 73 32 29.2062
Pkt 320 800 0.4 1
Pkt 300 750 0.4 1
Node 44 60 11.6619
Pkt 40 100 0.4 1
Pkt 77 192 0.401042 1
Node 71 29 29.6985
Pkt 120 300 0.4 1
Pkt 128 320 0.4 1
Rate:800.208
==========
==========47
5 0 2 24000
Node 43 44 9.21954
Pkt 60 150 0.4 1
Pkt 77 192 0.401042 1
Node 62 60 15.6205
Pkt 160 400 0.4 1
Pkt 150 375 0.4 1
Node 26 70 31.241
Pkt 320 800 0.4 1
Pkt 300 750 0.4 1
Node 28 74 32.5576
Pkt 60 150 0.4 1
Pkt 48 120 0.4 1
Node 59 51 9.05539
Pkt 192 480 0.4 1
Pkt 128 320 0.4 1
Rate:800.208
==========
==========48
5 0 2 24000
Node 69 74 30.6105
Pkt 50 125 0.4 1
Pkt 50 125 0.4 1
Node 70 55 20.6155
Pkt 128 320 0.4 1
Pkt 192 480 0.4 1
Node 29 54 21.3776
Pkt 300 750 0.4 1
Pkt 300 750 0.4 1
Node 46 32 18.4391
Pkt 48 120 0.4 1
Pkt 48 120 0.4 1
Node 74 26 33.9411
Pkt 160 400 0.4 1
Pkt 128 320 0.4 1
Rate:800
==========
==========49
5 0 2 24000
Node 67 67 24.0416
Pkt 77 192 0.401042 1
Pkt 64 160 0.4 1
Node 51 34 16.0312
Pkt 128 320 0.4 1
Pkt 150 375 0.4 1
Node 57 39 13.0384
Pkt 320 800 0.4 1
Pkt 320 800 0.4 1
Node 41 69 21.0238
Pkt 80 200 0.4 1
Pkt 50 125 0.4 1
Node 33 33 24.0416
Pkt 192 480 0.4 1
Pkt 160 400 0.4 1
Rate:800.208
==========
==========50
5 0 2 24000
Node 64 29 25.2389
Pkt 64 160 0.4 1
Pkt 77 192 0.401042 1
Node 60 43 12.2066
Pkt 150 375 0.4 1
Pkt 160 400 0.4 1
Node 40 52 10.198
Pkt 300 750 0.4 1
Pkt 300 750 0.4 1
Node 34 52 16.1245
Pkt 77 192 0.401042 1
Pkt 64 160 0.4 1
Node 25 70 32.0156
Pkt 192 480 0.4 1
Pkt 160 400 0.4 1
Rate:800.417
==========
==========51
5 0 2 24000
Node 42 66 17.8885
Pkt 40 100 0.4 1
Pkt 48 120 0.4 1
Node 35 52 15.1327
Pkt 160 400 0.4 1
Pkt 150 375 0.4 1
Node 36 58 16.1245
Pkt 300 750 0.4 1
Pkt 300 750 0.4 1
Node 53 64 14.3178
Pkt 50 125 0.4 1
Pkt 96 240 0.4 1
Node 70 30 28.2843
Pkt 128 320 0.4 1
Pkt 160 400 0.4 1
Rate:800
==========
==========52
5 0 2 24000
Node 44 53 6.7082
Pkt 60 150 0.4 1
Pkt 64 160 0.4 1
Node 36 42 16.1245
Pkt 150 375 0.4 1
Pkt 160 400 0.4 1
Node 73 64 26.9258
Pkt 300 750 0.4 1
Pkt 300 750 0.4 1
Node 34 29 26.4008
Pkt 40 100 0.4 1
Pkt 48 120 0.4 1
Node 56 62 13.4164
Pkt 150 375 0.4 1
Pkt 192 480 0.4 1
Rate:800
==========
==========53
5 0 2 24000
Node 65 56 16.1555
Pkt 96 240 0.4 1
Pkt 60 150 0.4 1
Node 50 43 7
Pkt 150 375 0.4 1
Pkt 160 400 0.4 1
Node 38 63 17.6918
Pkt 320 800 0.4 1
Pkt 300 750 0.4 1
Node 49 59 9.05539
Pkt 60 150 0.4 1
Pkt 60 150 0.4 1
Node 74 70 31.241
Pkt 160 400 0.4 1
Pkt 160 400 0.4 1
Rate:800
==========
==========54
5 0 2 24000
Node 52 64 14.1421
Pkt 50 125 0.4 1
Pkt 77 192 0.401042 1
Node 69 25 31.4006
Pkt 150 375 0.4 1
Pkt 150 375 0.4 1
Node 41 56 10.8167
Pkt 320 800 0.4 1
Pkt 300 750 0.4 1
Node 51 56 6.08276
Pkt 80 200 0.4 1
Pkt 50 125 0.4 1
Node 39 57 13.0384
Pkt 128 320 0.4 1
Pkt 150 375 0.4 1
Rate:800.208
==========
==========55
5 0 2 24000
Node 40 65 18.0278
Pkt 60 150 0.4 1
Pkt 80 200 0.4 1
Node 31 74 30.6105
Pkt 120 300 0.4 1
Pkt 128 320 0.4 1
Node 60 60 14.1421
Pkt 320 800 0.4 1
Pkt 300 750 0.4 1
Node 31 41 21.0238
Pkt 50 125 0.4 1
Pkt 40 100 0.4 1
Node 40 39 14.8661
Pkt 160 400 0.4 1
Pkt 192 480 0.4 1
Rate:800
==========
==========56
5 0 2 24000
Node 40 33 19.7231
Pkt 80 200 0.4 1
Pkt 60 150 0.4 1
Node 61 68 21.095
Pkt 120 300 0.4 1
Pkt 128 320 0.4 1
Node 69 65 24.2074
Pkt 320 800 0.4 1
Pkt 320 800 0.4 1
Node 35 43 16.5529
Pkt 77 192 0.401042 1
Pkt 100 250 0.4 1
Node 26 66 28.8444
Pkt 192 480 0.4 1
Pkt 150 375 0.4 1
Rate:800.208
==========
==========57
5 0 2 24000
Node 37 68 22.2036
Pkt 64 160 0.4 1
Pkt 60 150 0.4 1
Node 65 39 18.6011
Pkt 160 400 0.4 1
Pkt 150 375 0.4 1
Node 32 38 21.6333
Pkt 300 750 0.4 1
Pkt 320 800 0.4 1
Node 33 63 21.4009
Pkt 48 120 0.4 1
Pkt 48 120 0.4 1
Node 61 70 22.8254
Pkt 120 300 0.4 1
Pkt 192 480 0.4 1
Rate:800
==========
==========58
5 0 2 24000
Node 71 62 24.1868
Pkt 96 240 0.4 1
Pkt 40 100 0.4 1
Node 55 38 13
Pkt 120 300 0.4 1
Pkt 160 400 0.4 1
Node 40 65 18.0278
Pkt 320 800 0.4 1
Pkt 320 800 0.4 1
Node 47 60 10.4403
Pkt 96 240 0.4 1
Pkt 96 240 0.4 1
Node 63 51 13.0384
Pkt 150 375 0.4 1
Pkt 120 300 0.4 1
Rate:800
==========
==========59
5 0 2 24000
Node 27 30 30.4795
Pkt 100 250 0.4 1
Pkt 40 100 0.4 1
Node 49 48 2.23607
Pkt 192 480 0.4 1
Pkt 120 300 0.4 1
Node 32 49 18.0278
Pkt 320 800 0.4 1
Pkt 300 750 0.4 1
Node 48 42 8.24621
Pkt 48 120 0.4 1
Pkt 96 240 0.4 1
Node 63 47 13.3417
Pkt 150 375 0.4 1
Pkt 150 375 0.4 1
Rate:800
==========
==========60
5 0 2 24000
Node 34 46 16.4924
Pkt 60 150 0.4 1
Pkt 48 120 0.4 1
Node 42 66 17.8885
Pkt 192 480 0.4 1
Pkt 128 320 0.4 1
Node 29 39 23.7065
Pkt 300 750 0.4 1
Pkt 320 800 0.4 1
Node 65 44 16.1555
Pkt 60 150 0.4 1
Pkt 60 150 0.4 1
Node 40 28 24.1661
Pkt 150 375 0.4 1
Pkt 150 375 0.4 1
Rate:800
==========
==========61
5 0 2 24000
Node 53 37 13.3417
Pkt 64 160 0.4 1
Pkt 40 100 0.4 1
Node 43 43 9.89949
Pkt 192 480 0.4 1
Pkt 128 320 0.4 1
Node 51 44 6.08276
Pkt 300 750 0.4 1
Pkt 300 750 0.4 1
Node 26 51 24.0208
Pkt 50 125 0.4 1
Pkt 50 125 0.4 1
Node 71 54 21.3776
Pkt 150 375 0.4 1
Pkt 128 320 0.4 1
Rate:800
==========
==========62
5 0 2 24000
Node 68 31 26.1725
Pkt 80 200 0.4 1
Pkt 96 240 0.4 1
Node 52 51 2.23607
Pkt 150 375 0.4 1
Pkt 192 480 0.4 1
Node 70 41 21.9317
Pkt 320 800 0.4 1
Pkt 320 800 0.4 1
Node 28 42 23.4094
Pkt 50 125 0.4 1
Pkt 60 150 0.4 1
Node 62 57 13.8924
Pkt 160 400 0.4 1
Pkt 160 400 0.4 1
Rate:800
==========
==========63
5 0 2 24000
Node 64 27 26.9258
Pkt 60 150 0.4 1
Pkt 80 200 0.4 1
Node 33 46 17.4642
Pkt 128 320 0.4 1
Pkt 160 400 0.4 1
Node 58 26 25.2982
Pkt 320 800 0.4 1
Pkt 300 750 0.4 1
Node 44 49 6.08276
Pkt 40 100 0.4 1
Pkt 40 100 0.4 1
Node 41 47 9.48683
Pkt 192 480 0.4 1
Pkt 160 400 0.4 1
Rate:800
==========
==========64
5 0 2 24000
Node 68 33 24.7588
Pkt 50 125 0.4 1
Pkt 96 240 0.4 1
Node 28 50 22
Pkt 150 375 0.4 1
Pkt 120 300 0.4 1
Node 71 42 22.4722
Pkt 300 750 0.4 1
Pkt 320 800 0.4 1
Node 29 69 28.3196
Pkt 100 250 0.4 1
Pkt 50 125 0.4 1
Node 25 51 25.02
Pkt 160 400 0.4 1
Pkt 160 400 0.4 1
Rate:800
==========
==========65
5 0 2 24000
Node 71 55 21.587
Pkt 40 100 0.4 1
Pkt 40 100 0.4 1
Node 65 65 21.2132
Pkt 150 375 0.4 1
Pkt 128 320 0.4 1
Node 56 33 18.0278
Pkt 320 800 0.4 1
Pkt 320 800 0.4 1
Node 46 30 20.3961
Pkt 60 150 0.4 1
Pkt 60 150 0.4 1
Node 61 43 13.0384
Pkt 160 400 0.4 1
Pkt 128 320 0.4 1
Rate:800
==========
==========66
5 0 2 24000
Node 66 60 18.868
Pkt 77 192 0.401042 1
Pkt 50 125 0.4 1
Node 43 30 21.1896
Pkt 150 375 0.4 1
Pkt 150 375 0.4 1
Node 70 55 20.6155
Pkt 320 800 0.4 1
Pkt 320 800 0.4 1
Node 36 49 14.0357
Pkt 50 125 0.4 1
Pkt 80 200 0.4 1
Node 51 49 1.41421
Pkt 128 320 0.4 1
Pkt 160 400 0.4 1
Rate:800.208
==========
==========67
5 0 2 24000
Node 66 54 16.4924
Pkt 60 150 0.4 1
Pkt 64 160 0.4 1
Node 25 56 25.7099
Pkt 150 375 0.4 1
Pkt 160 400 0.4 1
Node 42 51 8.06226
Pkt 320 800 0.4 1
Pkt 320 800 0.4 1
Node 72 59 23.7697
Pkt 100 250 0.4 1
Pkt 60 150 0.4 1
Node 47 27 23.1948
Pkt 150 375 0.4 1
Pkt 120 300 0.4 1
Rate:800
==========
==========68
5 0 2 24000
Node 54 37 13.6015
Pkt 40 100 0.4 1
Pkt 40 100 0.4 1
Node 50 33 17
Pkt 150 375 0.4 1
Pkt 192 480 0.4 1
Node 52 26 24.0832
Pkt 300 750 0.4 1
Pkt 300 750 0.4 1
Node 62 31 22.4722
Pkt 40 100 0.4 1
Pkt 48 120 0.4 1
Node 60 31 21.4709
Pkt 128 320 0.4 1
Pkt 128 320 0.4 1
Rate:800
==========
==========69
5 0 2 24000
Node 59 73 24.6982
Pkt 48 120 0.4 1
Pkt 64 160 0.4 1
Node 27 54 23.3452
Pkt 150 375 0.4 1
Pkt 128 320 0.4 1
Node 33 64 22.0227
Pkt 320 800 0.4 1
Pkt 320 800 0.4 1
Node 38 44 13.4164
Pkt 48 120 0.4 1
Pkt 100 250 0.4 1
Node 34 40 18.868
Pkt 160 400 0.4 1
Pkt 160 400 0.4 1
Rate:800
==========
==========70
5 0 2 24000
Node 25 36 28.6531
Pkt 100 250 0.4 1
Pkt 50 125 0.4 1
Node 60 73 25.0799
Pkt 150 375 0.4 1
Pkt 192 480 0.4 1
Node 73 52 23.0868
Pkt 300 750 0.4 1
Pkt 300 750 0.4 1
Node 55 31 19.6469
Pkt 60 150 0.4 1
Pkt 100 250 0.4 1
Node 48 58 8.24621
Pkt 160 400 0.4 1
Pkt 160 400 0.4 1
Rate:800
==========
==========71
5 0 2 24000
Node 46 26 24.3311
Pkt 40 100 0.4 1
Pkt 40 100 0.4 1
Node 27 25 33.9706
Pkt 120 300 0.4 1
Pkt 160 400 0.4 1
Node 27 62 25.9422
Pkt 300 750 0.4 1
Pkt 320 800 0.4 1
Node 47 52 3.60555
Pkt 100 250 0.4 1
Pkt 100 250 0.4 1
Node 42 49 8.06226
Pkt 128 320 0.4 1
Pkt 128 320 0.4 1
Rate:800
==========
==========72
5 0 2 24000
Node 38 71 24.1868
Pkt 48 120 0.4 1
Pkt 100 250 0.4 1
Node 52 42 8.24621
Pkt 120 300 0.4 1
Pkt 192 480 0.4 1
Node 57 66 17.4642
Pkt 320 800 0.4 1
Pkt 320 800 0.4 1
Node 37 36 19.105
Pkt 64 160 0.4 1
Pkt 77 192 0.401042 1
Node 46 40 10.7703
Pkt 160 400 0.4 1
Pkt 120 300 0.4 1
Rate:800.208
==========
==========73
5 0 2 24000
Node 65 28 26.6271
Pkt 77 192 0.401042 1
Pkt 48 120 0.4 1
Node 68 48 18.1108
Pkt 150 375 0.4 1
Pkt 128 320 0.4 1
Node 36 51 14.0357
Pkt 320 800 0.4 1
Pkt 300 750 0.4 1
Node 62 38 16.9706
Pkt 64 160 0.4 1
Pkt 100 250 0.4 1
Node 45 59 10.2956
Pkt 120 300 0.4 1
Pkt 120 300 0.4 1
Rate:800.208
==========
==========74
5 0 2 24000
Node 49 64 14.0357
Pkt 64 160 0.4 1
Pkt 50 125 0.4 1
Node 65 36 20.5183
Pkt 160 400 0.4 1
Pkt 160 400 0.4 1
Node 28 40 24.1661
Pkt 300 750 0.4 1
Pkt 300 750 0.4 1
Node 38 72 25.0599
Pkt 64 160 0.4 1
Pkt 80 200 0.4 1
Node 39 48 11.1803
Pkt 192 480 0.4 1
Pkt 160 400 0.4 1
Rate:800
==========
==========75
5 0 2 24000
Node 27 50 23
Pkt 64 160 0.4 1
Pkt 96 240 0.4 1
Node 27 50 23
Pkt 128 320 0.4 1
Pkt 192 480 0.4 1
Node 69 57 20.2485
Pkt 320 800 0.4 1
Pkt 300 750 0.4 1
Node 37 44 14.3178
Pkt 96 240 0.4 1
Pkt 40 100 0.4 1
Node 70 55 20.6155
Pkt 192 480 0.4 1
Pkt 192 480 0.4 1
Rate:800
==========
==========76
5 0 2 24000
Node 29 28 30.4138
Pkt 64 160 0.4 1
Pkt 60 150 0.4 1
Node 30 66 25.6125
Pkt 128 320 0.4 1
Pkt 160 400 0.4 1
Node 67 66 23.3452
Pkt 320 800 0.4 1
Pkt 320 800 0.4 1
Node 36 62 18.4391
Pkt 100 250 0.4 1
Pkt 50 125 0.4 1
Node 56 25 25.7099
Pkt 160 400 0.4 1
Pkt 128 320 0.4 1
Rate:800
==========
==========77
5 0 2 24000
Node 32 72 28.4253
Pkt 80 200 0.4 1
Pkt 50 125 0.4 1
Node 27 33 28.6007
Pkt 120 300 0.4 1
Pkt 120 300 0.4 1
Node 47 34 16.2788
Pkt 300 750 0.4 1
Pkt 300 750 0.4 1
Node 38 35 19.2094
Pkt 40 100 0.4 1
Pkt 48 120 0.4 1
Node 32 28 28.4253
Pkt 192 480 0.4 1
Pkt 128 320 0.4 1
Rate:800
==========
==========78
5 0 2 24000
Node 72 45 22.561
Pkt 50 125 0.4 1
Pkt 100 250 0.4 1
Node 53 52 3.60555
Pkt 192 480 0.4 1
Pkt 160 400 0.4 1
Node 62 44 13.4164
Pkt 300 750 0.4 1
Pkt 320 800 0.4 1
Node 55 34 16.7631
Pkt 48 120 0.4 1
Pkt 80 200 0.4 1
Node 43 69 20.2485
Pkt 120 300 0.4 1
Pkt 128 320 0.4 1
Rate:800
==========
==========79
5 0 2 24000
Node 59 54 9.84886
Pkt 50 125 0.4 1
Pkt 96 240 0.4 1
Node 69 46 19.4165
Pkt 160 400 0.4 1
Pkt 150 375 0.4 1
Node 69 59 21.0238
Pkt 320 800 0.4 1
Pkt 300 750 0.4 1
Node 65 32 23.4307
Pkt 100 250 0.4 1
Pkt 100 250 0.4 1
Node 61 38 16.2788
Pkt 120 300 0.4 1
Pkt 150 375 0.4 1
Rate:800
==========
==========80
5 0 2 24000
Node 44 65 16.1555
Pkt 40 100 0.4 1
Pkt 64 160 0.4 1
Node 42 60 12.8062
Pkt 128 320 0.4 1
Pkt 120 300 0.4 1
Node 37 69 23.0217
Pkt 300 750 0.4 1
Pkt 300 750 0.4 1
Node 71 39 23.7065
Pkt 64 160 0.4 1
Pkt 50 125 0.4 1
Node 45 42 9.43398
Pkt 160 400 0.4 1
Pkt 192 480 0.4 1
Rate:800
==========
==========81
5 0 2 24000
Node 64 53 14.3178
Pkt 100 250 0.4 1
Pkt 60 150 0.4 1
Node 57 31 20.2485
Pkt 150 375 0.4 1
Pkt 160 400 0.4 1
Node 34 59 18.3576
Pkt 300 750 0.4 1
Pkt 320 800 0.4 1
Node 72 30 29.7321
Pkt 50 125 0.4 1
Pkt 48 120 0.4 1
Node 55 30 20.6155
Pkt 192 480 0.4 1
Pkt 192 480 0.4 1
Rate:800
==========
==========82
5 0 2 24000
Node 68 58 19.6977
Pkt 100 250 0.4 1
Pkt 80 200 0.4 1
Node 57 50 7
Pkt 160 400 0.4 1
Pkt 128 320 0.4 1
Node 54 35 15.5242
Pkt 300 750 0.4 1
Pkt 300 750 0.4 1
Node 28 34 27.2029
Pkt 40 100 0.4 1
Pkt 48 120 0.4 1
Node 69 42 20.6155
Pkt 128 320 0.4 1
Pkt 160 400 0.4 1
Rate:800
==========
==========83
5 0 2 24000
Node 35 27 27.4591
Pkt 77 192 0.401042 1
Pkt 50 125 0.4 1
Node 28 26 32.5576
Pkt 192 480 0.4 1
Pkt 120 300 0.4 1
Node 36 66 21.2603
Pkt 320 800 0.4 1
Pkt 320 800 0.4 1
Node 59 52 9.21954
Pkt 64 160 0.4 1
Pkt 50 125 0.4 1
Node 69 55 19.6469
Pkt 150 375 0.4 1
Pkt 150 375 0.4 1
Rate:800.208
==========
==========84
5 0 2 24000
Node 54 25 25.318
Pkt 40 100 0.4 1
Pkt 64 160 0.4 1
Node 31 73 29.8329
Pkt 160 400 0.4 1
Pkt 120 300 0.4 1
Node 67 35 22.6716
Pkt 300 750 0.4 1
Pkt 300 750 0.4 1
Node 70 69 27.5862
Pkt 100 250 0.4 1
Pkt 77 192 0.401042 1
Node 65 49 15.0333
Pkt 160 400 0.4 1
Pkt 120 300 0.4 1
Rate:800.208
==========
==========85
5 0 2 24000
Node 31 42 20.6155
Pkt 40 100 0.4 1
Pkt 96 240 0.4 1
Node 65 67 22.6716
Pkt 120 300 0.4 1
Pkt 192 480 0.4 1
Node 60 56 11.6619
Pkt 300 750 0.4 1
Pkt 300 750 0.4 1
Node 46 33 17.4642
Pkt 60 150 0.4 1
Pkt 60 150 0.4 1
Node 59 53 9.48683
Pkt 120 300 0.4 1
Pkt 120 300 0.4 1
Rate:800
==========
==========86
5 0 2 24000
Node 48 32 18.1108
Pkt 77 192 0.401042 1
Pkt 80 200 0.4 1
Node 46 63 13.6015
Pkt 150 375 0.4 1
Pkt 192 480 0.4 1
Node 43 67 18.3848
Pkt 300 750 0.4 1
Pkt 300 750 0.4 1
Node 36 60 17.2047
Pkt 60 150 0.4 1
Pkt 100 250 0.4 1
Node 39 26 26.4008
Pkt 120 300 0.4 1
Pkt 160 400 0.4 1
Rate:800.208
==========
==========87
5 0 2 24000
Node 41 62 15
Pkt 60 150 0.4 1
Pkt 100 250 0.4 1
Node 54 53 5
Pkt 192 480 0.4 1
Pkt 160 400 0.4 1
Node 65 42 17
Pkt 320 800 0.4 1
Pkt 300 750 0.4 1
Node 59 40 13.4536
Pkt 60 150 0.4 1
Pkt 48 120 0.4 1
Node 71 27 31.1448
Pkt 128 320 0.4 1
Pkt 160 400 0.4 1
Rate:800
==========
==========88
5 0 2 24000
Node 31 57 20.2485
Pkt 80 200 0.4 1
Pkt 60 150 0.4 1
Node 55 66 16.7631
Pkt 192 480 0.4 1
Pkt 160 400 0.4 1
Node 46 32 18.4391
Pkt 300 750 0.4 1
Pkt 320 800 0.4 1
Node 72 25 33.3017
Pkt 48 120 0.4 1
Pkt 96 240 0.4 1
Node 29 33 27.0185
Pkt 128 320 0.4 1
Pkt 120 300 0.4 1
Rate:800
==========
==========89
5 0 2 24000
Node 74 28 32.5576
Pkt 77 192 0.401042 1
Pkt 77 192 0.401042 1
Node 64 40 17.2047
Pkt 128 320 0.4 1
Pkt 128 320 0.4 1
Node 72 55 22.561
Pkt 320 800 0.4 1
Pkt 320 800 0.4 1
Node 28 40 24.1661
Pkt 77 192 0.401042 1
Pkt 80 200 0.4 1
Node 68 33 24.7588
Pkt 128 320 0.4 1
Pkt 128 320 0.4 1
Rate:800.625
==========
==========90
5 0 2 24000
Node 29 42 22.4722
Pkt 100 250 0.4 1
Pkt 60 150 0.4 1
Node 38 37 17.6918
Pkt 128 320 0.4 1
Pkt 160 400 0.4 1
Node 66 35 21.9317
Pkt 300 750 0.4 1
Pkt 300 750 0.4 1
Node 66 74 28.8444
Pkt 96 240 0.4 1
Pkt 100 250 0.4 1
Node 43 32 19.3132
Pkt 150 375 0.4 1
Pkt 128 320 0.4 1
Rate:800
==========
==========91
5 0 2 24000
Node 43 53 7.61577
Pkt 77 192 0.401042 1
Pkt 50 125 0.4 1
Node 53 72 22.2036
Pkt 192 480 0.4 1
Pkt 120 300 0.4 1
Node 66 58 17.8885
Pkt 320 800 0.4 1
Pkt 300 750 0.4 1
Node 42 64 16.1245
Pkt 77 192 0.401042 1
Pkt 60 150 0.4 1
Node 67 56 18.0278
Pkt 192 480 0.4 1
Pkt 150 375 0.4 1
Rate:800.417
==========
==========92
5 0 2 24000
Node 25 67 30.2324
Pkt 96 240 0.4 1
Pkt 48 120 0.4 1
Node 66 35 21.9317
Pkt 120 300 0.4 1
Pkt 192 480 0.4 1
Node 39 34 19.4165
Pkt 320 800 0.4 1
Pkt 320 800 0.4 1
Node 38 51 12.0416
Pkt 48 120 0.4 1
Pkt 80 200 0.4 1
Node 30 39 22.8254
Pkt 160 400 0.4 1
Pkt 192 480 0.4 1
Rate:800
==========
==========93
5 0 2 24000
Node 52 37 13.1529
Pkt 80 200 0.4 1
Pkt 48 120 0.4 1
Node 66 48 16.1245
Pkt 120 300 0.4 1
Pkt 160 400 0.4 1
Node 38 25 27.7308
Pkt 300 750 0.4 1
Pkt 320 800 0.4 1
Node 46 36 14.5602
Pkt 100 250 0.4 1
Pkt 60 150 0.4 1
Node 54 56 7.2111
Pkt 150 375 0.4 1
Pkt 160 400 0.4 1
Rate:800
==========
==========94
5 0 2 24000
Node 59 68 20.1246
Pkt 40 100 0.4 1
Pkt 80 200 0.4 1
Node 73 44 23.7697
Pkt 150 375 0.4 1
Pkt 192 480 0.4 1
Node 56 52 6.32456
Pkt 300 750 0.4 1
Pkt 320 800 0.4 1
Node 33 39 20.2485
Pkt 80 200 0.4 1
Pkt 80 200 0.4 1
Node 59 57 11.4018
Pkt 150 375 0.4 1
Pkt 128 320 0.4 1
Rate:800
==========
==========95
5 0 2 24000
Node 58 33 18.7883
Pkt 50 125 0.4 1
Pkt 64 160 0.4 1
Node 59 49 9.05539
Pkt 120 300 0.4 1
Pkt 192 480 0.4 1
Node 43 35 16.5529
Pkt 300 750 0.4 1
Pkt 300 750 0.4 1
Node 70 30 28.2843
Pkt 40 100 0.4 1
Pkt 77 192 0.401042 1
Node 31 61 21.9545
Pkt 192 480 0.4 1
Pkt 120 300 0.4 1
Rate:800.208
==========
==========96
5 0 2 24000
Node 73 37 26.4197
Pkt 48 120 0.4 1
Pkt 48 120 0.4 1
Node 67 50 17
Pkt 128 320 0.4 1
Pkt 192 480 0.4 1
Node 47 34 16.2788
Pkt 320 800 0.4 1
Pkt 320 800 0.4 1
Node 33 27 28.6007
Pkt 77 192 0.401042 1
Pkt 64 160 0.4 1
Node 46 67 17.4642
Pkt 160 400 0.4 1
Pkt 160 400 0.4 1
Rate:800.208
==========
==========97
5 0 2 24000
Node 66 47 16.2788
Pkt 80 200 0.4 1
Pkt 100 250 0.4 1
Node 47 60 10.4403
Pkt 192 480 0.4 1
Pkt 120 300 0.4 1
Node 71 27 31.1448
Pkt 300 750 0.4 1
Pkt 300 750 0.4 1
Node 57 58 10.6301
Pkt 64 160 0.4 1
Pkt 77 192 0.401042 1
Node 64 36 19.799
Pkt 120 300 0.4 1
Pkt 192 480 0.4 1
Rate:800.208
==========
==========98
5 0 2 24000
Node 66 30 25.6125
Pkt 64 160 0.4 1
Pkt 60 150 0.4 1
Node 44 40 11.6619
Pkt 160 400 0.4 1
Pkt 192 480 0.4 1
Node 54 25 25.318
Pkt 300 750 0.4 1
Pkt 300 750 0.4 1
Node 54 73 23.3452
Pkt 64 160 0.4 1
Pkt 48 120 0.4 1
Node 44 32 18.9737
Pkt 120 300 0.4 1
Pkt 120 300 0.4 1
Rate:800
==========
==========99
