5 0 2 24000
Node 40 39 14.8661
Pkt 27 192 0.140625 1
Pkt 35 250 0.14 1
Node 68 53 18.2483
Pkt 68 480 0.141667 1
Pkt 53 375 0.141333 1
Node 31 74 30.6105
Pkt 105 750 0.14 1
Pkt 112 800 0.14 1
Node 50 57 7
Pkt 27 192 0.140625 1
Pkt 34 240 0.141667 1
Node 44 43 9.21954
Pkt 45 320 0.140625 1
Pkt 68 480 0.141667 1
Rate:281.642
==========
==========0
5 0 2 24000
Node 50 37 13
Pkt 14 100 0.14 1
Pkt 27 192 0.140625 1
Node 37 67 21.4009
Pkt 56 400 0.14 1
Pkt 56 400 0.14 1
Node 69 35 24.2074
Pkt 112 800 0.14 1
Pkt 112 800 0.14 1
Node 51 56 6.08276
Pkt 27 192 0.140625 1
Pkt 28 200 0.14 1
Node 65 33 22.6716
Pkt 68 480 0.141667 1
Pkt 45 320 0.140625 1
Rate:280.708
==========
==========1
5 0 2 24000
Node 39 51 11.0454
Pkt 14 100 0.14 1
Pkt 21 150 0.14 1
Node 44 43 9.21954
Pkt 42 300 0.14 1
Pkt 53 375 0.141333 1
Node 64 66 21.2603
Pkt 112 800 0.14 1
Pkt 105 750 0.14 1
Node 39 55 12.083
Pkt 28 200 0.14 1
Pkt 17 120 0.141667 1
Node 28 33 27.8029
Pkt 45 320 0.140625 1
Pkt 53 375 0.141333 1
Rate:280.992
==========
==========2
5 0 2 24000
Node 33 71 27.0185
Pkt 17 120 0.141667 1
Pkt 21 150 0.14 1
Node 35 70 25
Pkt 68 480 0.141667 1
Pkt 42 300 0.14 1
Node 50 34 16
Pkt 112 800 0.14 1
Pkt 112 800 0.14 1
Node 69 61 21.9545
Pkt 14 100 0.14 1
Pkt 23 160 0.14375 1
Node 56 43 9.21954
Pkt 68 480 0.141667 1
Pkt 68 480 0.141667 1
Rate:282.083
==========
==========3
5 0 2 24000
Node 55 53 5.83095
Pkt 35 250 0.14 1
Pkt 27 192 0.140625 1
Node 43 49 7.07107
Pkt 45 320 0.140625 1
Pkt 45 320 0.140625 1
Node 54 47 5
Pkt 112 800 0.14 1
Pkt 112 800 0.14 1
Node 39 70 22.8254
Pkt 28 200 0.14 1
Pkt 35 250 0.14 1
Node 43 68 19.3132
Pkt 42 300 0.14 1
Pkt 56 400 0.14 1
Rate:280.375
==========
==========4
5 0 2 24000
Node 39 43 13.0384
Pkt 17 120 0.141667 1
Pkt 23 160 0.14375 1
Node 27 59 24.6982
Pkt 45 320 0.140625 1
Pkt 56 400 0.14 1
Node 42 39 13.6015
Pkt 105 750 0.14 1
Pkt 112 800 0.14 1
Node 49 59 9.05539
Pkt 23 160 0.14375 1
Pkt 14 100 0.14 1
Node 71 33 27.0185
Pkt 56 400 0.14 1
Pkt 68 480 0.141667 1
Rate:282.292
==========
==========5
5 0 2 24000
Node 58 26 25.2982
Pkt 18 125 0.144 1
Pkt 27 192 0.140625 1
Node 73 73 32.5269
Pkt 45 320 0.140625 1
Pkt 68 480 0.141667 1
Node 45 37 13.9284
Pkt 105 750 0.14 1
Pkt 112 800 0.14 1
Node 34 54 16.4924
Pkt 17 120 0.141667 1
Pkt 35 250 0.14 1
Node 49 69 19.0263
Pkt 53 375 0.141333 1
Pkt 68 480 0.141667 1
Rate:282.317
==========
==========6
5 0 2 24000
Node 42 32 19.6977
Pkt 23 160 0.14375 1
Pkt 23 160 0.14375 1
Node 34 67 23.3452
Pkt 45 320 0.140625 1
Pkt 56 400 0.14 1
Node 44 58 10
Pkt 112 800 0.14 1
Pkt 105 750 0.14 1
Node 44 67 18.0278
Pkt 27 192 0.140625 1
Pkt 23 160 0.14375 1
Node 39 74 26.4008
Pkt 45 320 0.140625 1
Pkt 45 320 0.140625 1
Rate:282.75
==========
==========7
5 0 2 24000
Node 36 67 22.0227
Pkt 34 240 0.141667 1
Pkt 27 192 0.140625 1
Node 49 26 24.0208
Pkt 42 300 0.14 1
Pkt 68 480 0.141667 1
Node 37 52 13.1529
Pkt 105 750 0.14 1
Pkt 105 750 0.14 1
Node 31 64 23.6008
Pkt 35 250 0.14 1
Pkt 28 200 0.14 1
Node 67 52 17.1172
Pkt 53 375 0.141333 1
Pkt 42 300 0.14 1
Rate:281.058
==========
==========8
5 0 2 24000
Node 41 73 24.6982
Pkt 35 250 0.14 1
Pkt 23 160 0.14375 1
Node 70 42 21.5407
Pkt 45 320 0.140625 1
Pkt 56 400 0.14 1
Node 63 64 19.105
Pkt 105 750 0.14 1
Pkt 112 800 0.14 1
Node 61 63 17.0294
Pkt 21 150 0.14 1
Pkt 18 125 0.144 1
Node 37 66 20.6155
Pkt 68 480 0.141667 1
Pkt 68 480 0.141667 1
Rate:282.342
==========
==========9
5 0 2 24000
Node 71 25 32.6497
Pkt 35 250 0.14 1
Pkt 14 100 0.14 1
Node 40 36 17.2047
Pkt 42 300 0.14 1
Pkt 68 480 0.141667 1
Node 39 28 24.5967
Pkt 112 800 0.14 1
Pkt 105 750 0.14 1
Node 40 51 10.0499
Pkt 35 250 0.14 1
Pkt 18 125 0.144 1
Node 42 27 24.3516
Pkt 56 400 0.14 1
Pkt 42 300 0.14 1
Rate:281.133
==========
==========10
5 0 2 24000
Node 56 55 7.81025
Pkt 23 160 0.14375 1
Pkt 14 100 0.14 1
Node 55 71 21.587
Pkt 68 480 0.141667 1
Pkt 42 300 0.14 1
Node 37 67 21.4009
Pkt 105 750 0.14 1
Pkt 105 750 0.14 1
Node 30 32 26.9072
Pkt 34 240 0.141667 1
Pkt 14 100 0.14 1
Node 29 41 22.8473
Pkt 56 400 0.14 1
Pkt 45 320 0.140625 1
Rate:281.542
==========
==========11
5 0 2 24000
Node 43 54 8.06226
Pkt 35 250 0.14 1
Pkt 14 100 0.14 1
Node 40 70 22.3607
Pkt 45 320 0.140625 1
Pkt 53 375 0.141333 1
Node 27 48 23.0868
Pkt 112 800 0.14 1
Pkt 105 750 0.14 1
Node 49 50 1
Pkt 34 240 0.141667 1
Pkt 34 240 0.141667 1
Node 66 70 25.6125
Pkt 45 320 0.140625 1
Pkt 42 300 0.14 1
Rate:281.183
==========
==========12
5 0 2 24000
Node 64 60 17.2047
Pkt 28 200 0.14 1
Pkt 35 250 0.14 1
Node 44 50 6
Pkt 45 320 0.140625 1
Pkt 42 300 0.14 1
Node 53 27 23.1948
Pkt 105 750 0.14 1
Pkt 112 800 0.14 1
Node 40 45 11.1803
Pkt 21 150 0.14 1
Pkt 27 192 0.140625 1
Node 57 43 9.89949
Pkt 53 375 0.141333 1
Pkt 56 400 0.14 1
Rate:280.517
==========
==========13
5 0 2 24000
Node 29 61 23.7065
Pkt 34 240 0.141667 1
Pkt 21 150 0.14 1
Node 45 51 5.09902
Pkt 42 300 0.14 1
Pkt 56 400 0.14 1
Node 36 56 15.2315
Pkt 112 800 0.14 1
Pkt 112 800 0.14 1
Node 58 31 20.6155
Pkt 18 125 0.144 1
Pkt 17 120 0.141667 1
Node 73 32 29.2062
Pkt 56 400 0.14 1
Pkt 56 400 0.14 1
Rate:281.467
==========
==========14
5 0 2 24000
Node 72 51 22.0227
Pkt 35 250 0.14 1
Pkt 28 200 0.14 1
Node 57 35 16.5529
Pkt 56 400 0.14 1
Pkt 42 300 0.14 1
Node 50 35 15
Pkt 105 750 0.14 1
Pkt 112 800 0.14 1
Node 71 41 22.8473
Pkt 18 125 0.144 1
Pkt 34 240 0.141667 1
Node 27 55 23.5372
Pkt 68 480 0.141667 1
Pkt 68 480 0.141667 1
Rate:281.8
==========
==========15
5 0 2 24000
Node 71 48 21.095
Pkt 23 160 0.14375 1
Pkt 27 192 0.140625 1
Node 72 49 22.0227
Pkt 68 480 0.141667 1
Pkt 42 300 0.14 1
Node 70 66 25.6125
Pkt 112 800 0.14 1
Pkt 105 750 0.14 1
Node 61 57 13.0384
Pkt 23 160 0.14375 1
Pkt 23 160 0.14375 1
Node 39 41 14.2127
Pkt 42 300 0.14 1
Pkt 42 300 0.14 1
Rate:282.708
==========
==========16
5 0 2 24000
Node 57 61 13.0384
Pkt 27 192 0.140625 1
Pkt 23 160 0.14375 1
Node 60 42 12.8062
Pkt 68 480 0.141667 1
Pkt 68 480 0.141667 1
Node 39 66 19.4165
Pkt 105 750 0.14 1
Pkt 112 800 0.14 1
Node 56 44 8.48528
Pkt 18 125 0.144 1
Pkt 28 200 0.14 1
Node 72 58 23.4094
Pkt 42 300 0.14 1
Pkt 56 400 0.14 1
Rate:282.342
==========
==========17
5 0 2 24000
Node 67 60 19.7231
Pkt 34 240 0.141667 1
Pkt 17 120 0.141667 1
Node 45 27 23.5372
Pkt 53 375 0.141333 1
Pkt 68 480 0.141667 1
Node 29 51 21.0238
Pkt 105 750 0.14 1
Pkt 105 750 0.14 1
Node 59 72 23.7697
Pkt 23 160 0.14375 1
Pkt 28 200 0.14 1
Node 59 54 9.84886
Pkt 68 480 0.141667 1
Pkt 45 320 0.140625 1
Rate:282.475
==========
==========18
5 0 2 24000
Node 26 45 24.5153
Pkt 17 120 0.141667 1
Pkt 23 160 0.14375 1
Node 47 60 10.4403
Pkt 42 300 0.14 1
Pkt 45 320 0.140625 1
Node 33 59 19.2354
Pkt 105 750 0.14 1
Pkt 112 800 0.14 1
Node 33 29 27.0185
Pkt 17 120 0.141667 1
Pkt 18 125 0.144 1
Node 44 32 18.9737
Pkt 56 400 0.14 1
Pkt 42 300 0.14 1
Rate:282.342
==========
==========19
5 0 2 24000
Node 54 53 5
Pkt 17 120 0.141667 1
Pkt 35 250 0.14 1
Node 56 68 18.9737
Pkt 56 400 0.14 1
Pkt 56 400 0.14 1
Node 48 74 24.0832
Pkt 112 800 0.14 1
Pkt 105 750 0.14 1
Node 38 38 16.9706
Pkt 21 150 0.14 1
Pkt 23 160 0.14375 1
Node 34 71 26.4008
Pkt 42 300 0.14 1
Pkt 53 375 0.141333 1
Rate:281.35
==========
==========20
5 0 2 24000
Node 30 29 29
Pkt 21 150 0.14 1
Pkt 35 250 0.14 1
Node 74 70 31.241
Pkt 45 320 0.140625 1
Pkt 53 375 0.141333 1
Node 74 62 26.8328
Pkt 105 750 0.14 1
Pkt 112 800 0.14 1
Node 59 43 11.4018
Pkt 23 160 0.14375 1
Pkt 27 192 0.140625 1
Node 60 26 26
Pkt 42 300 0.14 1
Pkt 45 320 0.140625 1
Rate:281.392
==========
==========21
5 0 2 24000
Node 73 66 28.0179
Pkt 17 120 0.141667 1
Pkt 28 200 0.14 1
Node 57 63 14.7648
Pkt 42 300 0.14 1
Pkt 42 300 0.14 1
Node 50 35 15
Pkt 112 800 0.14 1
Pkt 105 750 0.14 1
Node 55 25 25.4951
Pkt 21 150 0.14 1
Pkt 14 100 0.14 1
Node 26 43 25
Pkt 45 320 0.140625 1
Pkt 68 480 0.141667 1
Rate:280.792
==========
==========22
5 0 2 24000
Node 27 59 24.6982
Pkt 27 192 0.140625 1
Pkt 34 240 0.141667 1
Node 53 48 3.60555
Pkt 45 320 0.140625 1
Pkt 56 400 0.14 1
Node 59 39 14.2127
Pkt 112 800 0.14 1
Pkt 105 750 0.14 1
Node 28 33 27.8029
Pkt 14 100 0.14 1
Pkt 28 200 0.14 1
Node 27 58 24.3516
Pkt 68 480 0.141667 1
Pkt 45 320 0.140625 1
Rate:281.042
==========
==========23
5 0 2 24000
Node 55 33 17.72
Pkt 18 125 0.144 1
Pkt 18 125 0.144 1
Node 40 48 10.198
Pkt 68 480 0.141667 1
Pkt 56 400 0.14 1
Node 68 66 24.0832
Pkt 105 750 0.14 1
Pkt 112 800 0.14 1
Node 63 46 13.6015
Pkt 35 250 0.14 1
Pkt 23 160 0.14375 1
Node 67 65 22.6716
Pkt 56 400 0.14 1
Pkt 53 375 0.141333 1
Rate:282.95
==========
==========24
5 0 2 24000
Node 74 37 27.2947
Pkt 35 250 0.14 1
Pkt 14 100 0.14 1
Node 65 64 20.5183
Pkt 42 300 0.14 1
Pkt 56 400 0.14 1
Node 43 74 25
Pkt 105 750 0.14 1
Pkt 105 750 0.14 1
Node 74 71 31.8904
Pkt 17 120 0.141667 1
Pkt 23 160 0.14375 1
Node 43 39 13.0384
Pkt 56 400 0.14 1
Pkt 45 320 0.140625 1
Rate:281.208
==========
==========25
5 0 2 24000
Node 72 69 29.0689
Pkt 34 240 0.141667 1
Pkt 17 120 0.141667 1
Node 38 30 23.3238
Pkt 56 400 0.14 1
Pkt 53 375 0.141333 1
Node 56 52 6.32456
Pkt 105 750 0.14 1
Pkt 112 800 0.14 1
Node 33 42 18.7883
Pkt 17 120 0.141667 1
Pkt 28 200 0.14 1
Node 62 74 26.8328
Pkt 56 400 0.14 1
Pkt 68 480 0.141667 1
Rate:281.6
==========
==========26
5 0 2 24000
Node 45 41 10.2956
Pkt 27 192 0.140625 1
Pkt 35 250 0.14 1
Node 61 74 26.4008
Pkt 53 375 0.141333 1
Pkt 42 300 0.14 1
Node 45 36 14.8661
Pkt 105 750 0.14 1
Pkt 112 800 0.14 1
Node 39 34 19.4165
Pkt 23 160 0.14375 1
Pkt 17 120 0.141667 1
Node 58 30 21.5407
Pkt 68 480 0.141667 1
Pkt 53 375 0.141333 1
Rate:282.075
==========
==========27
5 0 2 24000
Node 52 70 20.0998
Pkt 28 200 0.14 1
Pkt 34 240 0.141667 1
Node 59 48 9.21954
Pkt 68 480 0.141667 1
Pkt 68 480 0.141667 1
Node 53 28 22.2036
Pkt 105 750 0.14 1
Pkt 105 750 0.14 1
Node 50 37 13
Pkt 34 240 0.141667 1
Pkt 14 100 0.14 1
Node 57 36 15.6525
Pkt 68 480 0.141667 1
Pkt 42 300 0.14 1
Rate:281.667
==========
==========28
5 0 2 24000
Node 42 29 22.4722
Pkt 21 150 0.14 1
Pkt 17 120 0.141667 1
Node 55 67 17.72
Pkt 53 375 0.141333 1
Pkt 53 375 0.141333 1
Node 46 72 22.3607
Pkt 112 800 0.14 1
Pkt 105 750 0.14 1
Node 28 72 31.1127
Pkt 14 100 0.14 1
Pkt 27 192 0.140625 1
Node 51 61 11.0454
Pkt 45 320 0.140625 1
Pkt 53 375 0.141333 1
Rate:281.383
==========
==========29
5 0 2 24000
Node 50 65 15
Pkt 34 240 0.141667 1
Pkt 14 100 0.14 1
Node 60 47 10.4403
Pkt 56 400 0.14 1
Pkt 42 300 0.14 1
Node 26 70 31.241
Pkt 105 750 0.14 1
Pkt 105 750 0.14 1
Node 25 74 34.6554
Pkt 18 125 0.144 1
Pkt 35 250 0.14 1
Node 51 26 24.0208
Pkt 42 300 0.14 1
Pkt 56 400 0.14 1
Rate:281.133
==========
==========30
5 0 2 24000
Node 59 50 9
Pkt 28 200 0.14 1
Pkt 14 100 0.14 1
Node 74 58 25.2982
Pkt 68 480 0.141667 1
Pkt 68 480 0.141667 1
Node 71 36 25.2389
Pkt 112 800 0.14 1
Pkt 112 800 0.14 1
Node 69 58 20.6155
Pkt 28 200 0.14 1
Pkt 14 100 0.14 1
Node 72 63 25.5539
Pkt 68 480 0.141667 1
Pkt 53 375 0.141333 1
Rate:281.267
==========
==========31
5 0 2 24000
Node 41 46 9.84886
Pkt 14 100 0.14 1
Pkt 23 160 0.14375 1
Node 25 63 28.178
Pkt 42 300 0.14 1
Pkt 53 375 0.141333 1
Node 38 25 27.7308
Pkt 112 800 0.14 1
Pkt 105 750 0.14 1
Node 51 64 14.0357
Pkt 28 200 0.14 1
Pkt 14 100 0.14 1
Node 41 64 16.6433
Pkt 56 400 0.14 1
Pkt 42 300 0.14 1
Rate:281.017
==========
==========32
5 0 2 24000
Node 65 52 15.1327
Pkt 28 200 0.14 1
Pkt 17 120 0.141667 1
Node 46 50 4
Pkt 42 300 0.14 1
Pkt 68 480 0.141667 1
Node 26 48 24.0832
Pkt 112 800 0.14 1
Pkt 112 800 0.14 1
Node 63 36 19.105
Pkt 14 100 0.14 1
Pkt 18 125 0.144 1
Node 49 37 13.0384
Pkt 53 375 0.141333 1
Pkt 53 375 0.141333 1
Rate:282
==========
==========33
5 0 2 24000
Node 34 37 20.6155
Pkt 23 160 0.14375 1
Pkt 17 120 0.141667 1
Node 35 31 24.2074
Pkt 45 320 0.140625 1
Pkt 45 320 0.140625 1
Node 49 36 14.0357
Pkt 105 750 0.14 1
Pkt 105 750 0.14 1
Node 26 71 31.8904
Pkt 14 100 0.14 1
Pkt 21 150 0.14 1
Node 48 65 15.1327
Pkt 56 400 0.14 1
Pkt 53 375 0.141333 1
Rate:281.6
==========
==========34
5 0 2 24000
Node 54 71 21.3776
Pkt 17 120 0.141667 1
Pkt 28 200 0.14 1
Node 36 48 14.1421
Pkt 56 400 0.14 1
Pkt 53 375 0.141333 1
Node 29 62 24.1868
Pkt 112 800 0.14 1
Pkt 105 750 0.14 1
Node 64 68 22.8035
Pkt 34 240 0.141667 1
Pkt 27 192 0.140625 1
Node 49 32 18.0278
Pkt 53 375 0.141333 1
Pkt 42 300 0.14 1
Rate:281.325
==========
==========35
5 0 2 24000
Node 54 32 18.4391
Pkt 23 160 0.14375 1
Pkt 34 240 0.141667 1
Node 42 37 15.2643
Pkt 68 480 0.141667 1
Pkt 53 375 0.141333 1
Node 33 36 22.0227
Pkt 105 750 0.14 1
Pkt 112 800 0.14 1
Node 57 48 7.28011
Pkt 23 160 0.14375 1
Pkt 23 160 0.14375 1
Node 73 31 29.8329
Pkt 56 400 0.14 1
Pkt 53 375 0.141333 1
Rate:283.45
==========
==========36
5 0 2 24000
Node 64 37 19.105
Pkt 14 100 0.14 1
Pkt 35 250 0.14 1
Node 69 36 23.6008
Pkt 42 300 0.14 1
Pkt 42 300 0.14 1
Node 56 46 7.2111
Pkt 105 750 0.14 1
Pkt 112 800 0.14 1
Node 39 53 11.4018
Pkt 14 100 0.14 1
Pkt 34 240 0.141667 1
Node 28 45 22.561
Pkt 42 300 0.14 1
Pkt 68 480 0.141667 1
Rate:280.667
==========
==========37
5 0 2 24000
Node 61 44 12.53
Pkt 34 240 0.141667 1
Pkt 23 160 0.14375 1
Node 50 28 22
Pkt 53 375 0.141333 1
Pkt 45 320 0.140625 1
Node 41 68 20.1246
Pkt 112 800 0.14 1
Pkt 112 800 0.14 1
Node 51 38 12.0416
Pkt 27 192 0.140625 1
Pkt 21 150 0.14 1
Node 51 70 20.025
Pkt 42 300 0.14 1
Pkt 42 300 0.14 1
Rate:281.6
==========
==========38
5 0 2 24000
Node 49 44 6.08276
Pkt 27 192 0.140625 1
Pkt 14 100 0.14 1
Node 64 45 14.8661
Pkt 53 375 0.141333 1
Pkt 42 300 0.14 1
Node 35 58 17
Pkt 112 800 0.14 1
Pkt 105 750 0.14 1
Node 27 37 26.4197
Pkt 17 120 0.141667 1
Pkt 21 150 0.14 1
Node 25 68 30.8058
Pkt 42 300 0.14 1
Pkt 56 400 0.14 1
Rate:280.725
==========
==========39
5 0 2 24000
Node 28 71 30.4138
Pkt 34 240 0.141667 1
Pkt 14 100 0.14 1
Node 39 52 11.1803
Pkt 56 400 0.14 1
Pkt 42 300 0.14 1
Node 30 48 20.0998
Pkt 105 750 0.14 1
Pkt 112 800 0.14 1
Node 37 66 20.6155
Pkt 35 250 0.14 1
Pkt 18 125 0.144 1
Node 54 46 5.65685
Pkt 45 320 0.140625 1
Pkt 42 300 0.14 1
Rate:281.258
==========
==========40
5 0 2 24000
Node 39 34 19.4165
Pkt 28 200 0.14 1
Pkt 23 160 0.14375 1
Node 43 36 15.6525
Pkt 68 480 0.141667 1
Pkt 53 375 0.141333 1
Node 44 30 20.8806
Pkt 112 800 0.14 1
Pkt 112 800 0.14 1
Node 52 46 4.47214
Pkt 18 125 0.144 1
Pkt 27 192 0.140625 1
Node 46 50 4
Pkt 56 400 0.14 1
Pkt 68 480 0.141667 1
Rate:282.608
==========
==========41
5 0 2 24000
Node 53 25 25.1794
Pkt 18 125 0.144 1
Pkt 17 120 0.141667 1
Node 43 52 7.28011
Pkt 68 480 0.141667 1
Pkt 56 400 0.14 1
Node 59 27 24.6982
Pkt 112 800 0.14 1
Pkt 112 800 0.14 1
Node 64 31 23.6008
Pkt 27 192 0.140625 1
Pkt 28 200 0.14 1
Node 61 43 13.0384
Pkt 53 375 0.141333 1
Pkt 56 400 0.14 1
Rate:281.858
==========
==========42
5 0 2 24000
Node 56 74 24.7386
Pkt 17 120 0.141667 1
Pkt 18 125 0.144 1
Node 67 69 25.4951
Pkt 45 320 0.140625 1
Pkt 45 320 0.140625 1
Node 49 56 6.08276
Pkt 105 750 0.14 1
Pkt 112 800 0.14 1
Node 73 57 24.0416
Pkt 35 250 0.14 1
Pkt 34 240 0.141667 1
Node 40 65 18.0278
Pkt 68 480 0.141667 1
Pkt 42 300 0.14 1
Rate:282.05
==========
==========43
5 0 2 24000
Node 58 31 20.6155
Pkt 34 240 0.141667 1
Pkt 34 240 0.141667 1
Node 48 26 24.0832
Pkt 53 375 0.141333 1
Pkt 53 375 0.141333 1
Node 66 69 24.8395
Pkt 112 800 0.14 1
Pkt 112 800 0.14 1
Node 50 40 10
Pkt 14 100 0.14 1
Pkt 23 160 0.14375 1
Node 29 60 23.2594
Pkt 68 480 0.141667 1
Pkt 56 400 0.14 1
Rate:282.283
==========
==========44
5 0 2 24000
Node 49 48 2.23607
Pkt 35 250 0.14 1
Pkt 14 100 0.14 1
Node 63 71 24.6982
Pkt 56 400 0.14 1
Pkt 68 480 0.141667 1
Node 61 45 12.083
Pkt 105 750 0.14 1
Pkt 112 800 0.14 1
Node 63 38 17.6918
Pkt 35 250 0.14 1
Pkt 23 160 0.14375 1
Node 43 34 17.4642
Pkt 42 300 0.14 1
Pkt 53 375 0.141333 1
Rate:281.35
==========
==========45
5 0 2 24000
Node 67 46 17.4642
Pkt 34 240 0.141667 1
Pkt 17 120 0.141667 1
Node 28 56 22.8035
Pkt 42 300 0.14 1
Pkt 53 375 0.141333 1
Node 73 62 25.9422
Pkt 105 750 0.14 1
Pkt 112 800 0.14 1
Node 38 65 19.2094
Pkt 27 192 0.140625 1
Pkt 34 240 0.141667 1
Node 48 45 5.38516
Pkt 68 480 0.141667 1
Pkt 53 375 0.141333 1
Rate:281.992
==========
==========46
5 0 2 24000
Node 60 66 18.868
Pkt 28 200 0.14 1
Pkt 27 192 0.140625 1
Node 49 36 14.0357
Pkt 45 320 0.140625 1
Pkt 56 400 0.14 1
Node 62 34 20
Pkt 105 750 0.14 1
Pkt 112 800 0.14 1
Node 58 46 8.94427
Pkt 21 150 0.14 1
Pkt 17 120 0.141667 1
Node 41 42 12.0416
Pkt 45 320 0.140625 1
Pkt 42 300 0.14 1
Rate:280.708
==========
==========47
5 0 2 24000
Node 60 59 13.4536
Pkt 34 240 0.141667 1
Pkt 21 150 0.14 1
Node 33 42 18.7883
Pkt 45 320 0.140625 1
Pkt 53 375 0.141333 1
Node 54 71 21.3776
Pkt 112 800 0.14 1
Pkt 105 750 0.14 1
Node 35 42 17
Pkt 14 100 0.14 1
Pkt 21 150 0.14 1
Node 68 57 19.3132
Pkt 45 320 0.140625 1
Pkt 56 400 0.14 1
Rate:280.85
==========
==========48
5 0 2 24000
Node 53 51 3.16228
Pkt 14 100 0.14 1
Pkt 35 250 0.14 1
Node 27 49 23.0217
Pkt 42 300 0.14 1
Pkt 42 300 0.14 1
Node 56 33 18.0278
Pkt 112 800 0.14 1
Pkt 105 750 0.14 1
Node 53 52 3.60555
Pkt 21 150 0.14 1
Pkt 34 240 0.141667 1
Node 56 70 20.8806
Pkt 45 320 0.140625 1
Pkt 42 300 0.14 1
Rate:280.458
==========
==========49
5 0 2 24000
Node 56 69 19.9249
Pkt 17 120 0.141667 1
Pkt 18 125 0.144 1
Node 69 25 31.4006
Pkt 68 480 0.141667 1
Pkt 56 400 0.14 1
Node 28 38 25.0599
Pkt 112 800 0.14 1
Pkt 105 750 0.14 1
Node 50 65 15
Pkt 27 192 0.140625 1
Pkt 17 120 0.141667 1
Node 35 63 19.8494
Pkt 56 400 0.14 1
Pkt 53 375 0.141333 1
Rate:282.192
==========
==========50
5 0 2 24000
Node 44 29 21.8403
Pkt 18 125 0.144 1
Pkt 28 200 0.14 1
Node 46 38 12.6491
Pkt 42 300 0.14 1
Pkt 45 320 0.140625 1
Node 47 54 5
Pkt 105 750 0.14 1
Pkt 112 800 0.14 1
Node 43 70 21.1896
Pkt 14 100 0.14 1
Pkt 14 100 0.14 1
Node 28 63 25.5539
Pkt 53 375 0.141333 1
Pkt 42 300 0.14 1
Rate:281.192
==========
==========51
5 0 2 24000
Node 73 66 28.0179
Pkt 28 200 0.14 1
Pkt 34 240 0.141667 1
Node 49 29 21.0238
Pkt 53 375 0.141333 1
Pkt 45 320 0.140625 1
Node 35 40 18.0278
Pkt 105 750 0.14 1
Pkt 105 750 0.14 1
Node 28 31 29.0689
Pkt 17 120 0.141667 1
Pkt 27 192 0.140625 1
Node 60 41 13.4536
Pkt 45 320 0.140625 1
Pkt 68 480 0.141667 1
Rate:281.642
==========
==========52
5 0 2 24000
Node 63 44 14.3178
Pkt 21 150 0.14 1
Pkt 28 200 0.14 1
Node 29 52 21.095
Pkt 45 320 0.140625 1
Pkt 53 375 0.141333 1
Node 44 52 6.32456
Pkt 112 800 0.14 1
Pkt 112 800 0.14 1
Node 42 39 13.6015
Pkt 21 150 0.14 1
Pkt 21 150 0.14 1
Node 73 48 23.0868
Pkt 53 375 0.141333 1
Pkt 68 480 0.141667 1
Rate:280.992
==========
==========53
5 0 2 24000
Node 50 55 5
Pkt 23 160 0.14375 1
Pkt 18 125 0.144 1
Node 68 45 18.6815
Pkt 45 320 0.140625 1
Pkt 53 375 0.141333 1
Node 34 60 18.868
Pkt 112 800 0.14 1
Pkt 112 800 0.14 1
Node 73 36 26.9258
Pkt 28 200 0.14 1
Pkt 17 120 0.141667 1
Node 61 73 25.4951
Pkt 45 320 0.140625 1
Pkt 42 300 0.14 1
Rate:282.4
==========
==========54
5 0 2 24000
Node 58 50 8
Pkt 21 150 0.14 1
Pkt 34 240 0.141667 1
Node 36 48 14.1421
Pkt 42 300 0.14 1
Pkt 68 480 0.141667 1
Node 70 60 22.3607
Pkt 105 750 0.14 1
Pkt 112 800 0.14 1
Node 74 31 30.6105
Pkt 35 250 0.14 1
Pkt 14 100 0.14 1
Node 39 27 25.4951
Pkt 53 375 0.141333 1
Pkt 42 300 0.14 1
Rate:280.933
==========
==========55
5 0 2 24000
Node 40 62 15.6205
Pkt 21 150 0.14 1
Pkt 17 120 0.141667 1
Node 30 33 26.2488
Pkt 45 320 0.140625 1
Pkt 53 375 0.141333 1
Node 37 55 13.9284
Pkt 112 800 0.14 1
Pkt 105 750 0.14 1
Node 55 37 13.9284
Pkt 14 100 0.14 1
Pkt 23 160 0.14375 1
Node 60 41 13.4536
Pkt 68 480 0.141667 1
Pkt 53 375 0.141333 1
Rate:282.075
==========
==========56
5 0 2 24000
Node 56 51 6.08276
Pkt 21 150 0.14 1
Pkt 14 100 0.14 1
Node 65 73 27.4591
Pkt 56 400 0.14 1
Pkt 53 375 0.141333 1
Node 49 54 4.12311
Pkt 105 750 0.14 1
Pkt 112 800 0.14 1
Node 61 25 27.313
Pkt 27 192 0.140625 1
Pkt 34 240 0.141667 1
Node 50 33 17
Pkt 53 375 0.141333 1
Pkt 42 300 0.14 1
Rate:280.992
==========
==========57
5 0 2 24000
Node 36 56 15.2315
Pkt 23 160 0.14375 1
Pkt 27 192 0.140625 1
Node 33 29 27.0185
Pkt 56 400 0.14 1
Pkt 45 320 0.140625 1
Node 69 64 23.6008
Pkt 112 800 0.14 1
Pkt 105 750 0.14 1
Node 53 46 5
Pkt 35 250 0.14 1
Pkt 14 100 0.14 1
Node 43 59 11.4018
Pkt 68 480 0.141667 1
Pkt 42 300 0.14 1
Rate:281.333
==========
==========58
5 0 2 24000
Node 45 63 13.9284
Pkt 18 125 0.144 1
Pkt 28 200 0.14 1
Node 46 38 12.6491
Pkt 56 400 0.14 1
Pkt 68 480 0.141667 1
Node 50 69 19
Pkt 112 800 0.14 1
Pkt 112 800 0.14 1
Node 41 44 10.8167
Pkt 23 160 0.14375 1
Pkt 28 200 0.14 1
Node 74 29 31.8904
Pkt 42 300 0.14 1
Pkt 42 300 0.14 1
Rate:281.883
==========
==========59
5 0 2 24000
Node 56 62 13.4164
Pkt 34 240 0.141667 1
Pkt 23 160 0.14375 1
Node 74 51 24.0208
Pkt 68 480 0.141667 1
Pkt 42 300 0.14 1
Node 58 63 15.2643
Pkt 112 800 0.14 1
Pkt 105 750 0.14 1
Node 48 38 12.1655
Pkt 35 250 0.14 1
Pkt 28 200 0.14 1
Node 50 59 9
Pkt 56 400 0.14 1
Pkt 56 400 0.14 1
Rate:281.417
==========
==========60
5 0 2 24000
Node 43 63 14.7648
Pkt 27 192 0.140625 1
Pkt 14 100 0.14 1
Node 41 64 16.6433
Pkt 45 320 0.140625 1
Pkt 68 480 0.141667 1
Node 57 25 25.9615
Pkt 112 800 0.14 1
Pkt 105 750 0.14 1
Node 70 72 29.7321
Pkt 35 250 0.14 1
Pkt 27 192 0.140625 1
Node 48 60 10.198
Pkt 53 375 0.141333 1
Pkt 56 400 0.14 1
Rate:280.975
==========
==========61
5 0 2 24000
Node 70 58 21.5407
Pkt 34 240 0.141667 1
Pkt 17 120 0.141667 1
Node 49 65 15.0333
Pkt 45 320 0.140625 1
Pkt 42 300 0.14 1
Node 43 66 17.4642
Pkt 112 800 0.14 1
Pkt 112 800 0.14 1
Node 57 69 20.2485
Pkt 35 250 0.14 1
Pkt 17 120 0.141667 1
Node 28 54 22.3607
Pkt 53 375 0.141333 1
Pkt 45 320 0.140625 1
Rate:281.517
==========
==========62
5 0 2 24000
Node 26 56 24.7386
Pkt 14 100 0.14 1
Pkt 17 120 0.141667 1
Node 36 55 14.8661
Pkt 53 375 0.141333 1
Pkt 42 300 0.14 1
Node 36 48 14.1421
Pkt 105 750 0.14 1
Pkt 105 750 0.14 1
Node 36 58 16.1245
Pkt 17 120 0.141667 1
Pkt 35 250 0.14 1
Node 55 62 13
Pkt 53 375 0.141333 1
Pkt 53 375 0.141333 1
Rate:281.467
==========
==========63
5 0 2 24000
Node 47 47 4.24264
Pkt 18 125 0.144 1
Pkt 35 250 0.14 1
Node 52 42 8.24621
Pkt 42 300 0.14 1
Pkt 42 300 0.14 1
Node 74 60 26
Pkt 105 750 0.14 1
Pkt 105 750 0.14 1
Node 42 40 12.8062
Pkt 17 120 0.141667 1
Pkt 14 100 0.14 1
Node 72 62 25.0599
Pkt 45 320 0.140625 1
Pkt 42 300 0.14 1
Rate:281.258
==========
==========64
5 0 2 24000
Node 56 58 10
Pkt 23 160 0.14375 1
Pkt 34 240 0.141667 1
Node 25 55 25.4951
Pkt 56 400 0.14 1
Pkt 42 300 0.14 1
Node 64 63 19.105
Pkt 105 750 0.14 1
Pkt 105 750 0.14 1
Node 47 72 22.2036
Pkt 27 192 0.140625 1
Pkt 23 160 0.14375 1
Node 67 36 22.0227
Pkt 42 300 0.14 1
Pkt 45 320 0.140625 1
Rate:282.083
==========
==========65
5 0 2 24000
Node 35 49 15.0333
Pkt 21 150 0.14 1
Pkt 27 192 0.140625 1
Node 40 68 20.5913
Pkt 53 375 0.141333 1
Pkt 42 300 0.14 1
Node 26 39 26.4008
Pkt 105 750 0.14 1
Pkt 112 800 0.14 1
Node 28 40 24.1661
Pkt 23 160 0.14375 1
Pkt 23 160 0.14375 1
Node 46 66 16.4924
Pkt 56 400 0.14 1
Pkt 42 300 0.14 1
Rate:281.892
==========
==========66
5 0 2 24000
Node 49 56 6.08276
Pkt 14 100 0.14 1
Pkt 28 200 0.14 1
Node 61 49 11.0454
Pkt 45 320 0.140625 1
Pkt 53 375 0.141333 1
Node 62 33 20.8087
Pkt 112 800 0.14 1
Pkt 105 750 0.14 1
Node 37 73 26.4197
Pkt 27 192 0.140625 1
Pkt 34 240 0.141667 1
Node 29 45 21.587
Pkt 68 480 0.141667 1
Pkt 42 300 0.14 1
Rate:281.183
==========
==========67
5 0 2 24000
Node 60 28 24.1661
Pkt 21 150 0.14 1
Pkt 34 240 0.141667 1
Node 47 39 11.4018
Pkt 42 300 0.14 1
Pkt 68 480 0.141667 1
Node 71 34 26.4008
Pkt 112 800 0.14 1
Pkt 112 800 0.14 1
Node 72 29 30.4138
Pkt 14 100 0.14 1
Pkt 35 250 0.14 1
Node 45 59 10.2956
Pkt 45 320 0.140625 1
Pkt 45 320 0.140625 1
Rate:280.917
==========
==========68
5 0 2 24000
Node 72 33 27.8029
Pkt 18 125 0.144 1
Pkt 14 100 0.14 1
Node 36 36 19.799
Pkt 68 480 0.141667 1
Pkt 45 320 0.140625 1
Node 66 54 16.4924
Pkt 112 800 0.14 1
Pkt 112 800 0.14 1
Node 53 74 24.1868
Pkt 23 160 0.14375 1
Pkt 27 192 0.140625 1
Node 27 69 29.8329
Pkt 42 300 0.14 1
Pkt 68 480 0.141667 1
Rate:282.467
==========
==========69
5 0 2 24000
Node 66 68 24.0832
Pkt 34 240 0.141667 1
Pkt 14 100 0.14 1
Node 36 69 23.6008
Pkt 68 480 0.141667 1
Pkt 53 375 0.141333 1
Node 27 30 30.4795
Pkt 112 800 0.14 1
Pkt 105 750 0.14 1
Node 61 27 25.4951
Pkt 18 125 0.144 1
Pkt 18 125 0.144 1
Node 69 61 21.9545
Pkt 53 375 0.141333 1
Pkt 53 375 0.141333 1
Rate:283.067
==========
==========70
5 0 2 24000
Node 48 64 14.1421
Pkt 27 192 0.140625 1
Pkt 27 192 0.140625 1
Node 43 62 13.8924
Pkt 68 480 0.141667 1
Pkt 56 400 0.14 1
Node 56 27 23.7697
Pkt 105 750 0.14 1
Pkt 112 800 0.14 1
Node 52 70 20.0998
Pkt 14 100 0.14 1
Pkt 23 160 0.14375 1
Node 42 56 10
Pkt 45 320 0.140625 1
Pkt 56 400 0.14 1
Rate:281.458
==========
==========71
5 0 2 24000
Node 26 57 25
Pkt 28 200 0.14 1
Pkt 35 250 0.14 1
Node 72 68 28.4253
Pkt 56 400 0.14 1
Pkt 68 480 0.141667 1
Node 26 40 26
Pkt 105 750 0.14 1
Pkt 112 800 0.14 1
Node 46 27 23.3452
Pkt 35 250 0.14 1
Pkt 14 100 0.14 1
Node 37 36 19.105
Pkt 56 400 0.14 1
Pkt 42 300 0.14 1
Rate:280.333
==========
==========72
5 0 2 24000
Node 61 59 14.2127
Pkt 17 120 0.141667 1
Pkt 23 160 0.14375 1
Node 70 36 24.4131
Pkt 53 375 0.141333 1
Pkt 45 320 0.140625 1
Node 53 31 19.2354
Pkt 105 750 0.14 1
Pkt 105 750 0.14 1
Node 55 30 20.6155
Pkt 27 192 0.140625 1
Pkt 23 160 0.14375 1
Node 68 50 18
Pkt 53 375 0.141333 1
Pkt 56 400 0.14 1
Rate:282.617
==========
==========73
5 0 2 24000
Node 26 37 27.2947
Pkt 17 120 0.141667 1
Pkt 35 250 0.14 1
Node 74 70 31.241
Pkt 42 300 0.14 1
Pkt 45 320 0.140625 1
Node 41 64 16.6433
Pkt 112 800 0.14 1
Pkt 105 750 0.14 1
Node 71 30 29
Pkt 17 120 0.141667 1
Pkt 28 200 0.14 1
Node 27 53 23.1948
Pkt 53 375 0.141333 1
Pkt 56 400 0.14 1
Rate:281.058
==========
==========74
5 0 2 24000
Node 61 52 11.1803
Pkt 17 120 0.141667 1
Pkt 27 192 0.140625 1
Node 62 30 23.3238
Pkt 53 375 0.141333 1
Pkt 56 400 0.14 1
Node 58 33 18.7883
Pkt 112 800 0.14 1
Pkt 105 750 0.14 1
Node 29 32 27.6586
Pkt 18 125 0.144 1
Pkt 35 250 0.14 1
Node 35 68 23.4307
Pkt 45 320 0.140625 1
Pkt 53 375 0.141333 1
Rate:281.917
==========
==========75
5 0 2 24000
Node 47 68 18.2483
Pkt 23 160 0.14375 1
Pkt 21 150 0.14 1
Node 27 30 30.4795
Pkt 68 480 0.141667 1
Pkt 56 400 0.14 1
Node 26 52 24.0832
Pkt 112 800 0.14 1
Pkt 105 750 0.14 1
Node 64 52 14.1421
Pkt 28 200 0.14 1
Pkt 34 240 0.141667 1
Node 51 45 5.09902
Pkt 42 300 0.14 1
Pkt 68 480 0.141667 1
Rate:281.75
==========
==========76
5 0 2 24000
Node 65 56 16.1555
Pkt 14 100 0.14 1
Pkt 17 120 0.141667 1
Node 43 54 8.06226
Pkt 56 400 0.14 1
Pkt 42 300 0.14 1
Node 49 50 1
Pkt 105 750 0.14 1
Pkt 112 800 0.14 1
Node 48 40 10.198
Pkt 18 125 0.144 1
Pkt 28 200 0.14 1
Node 60 37 16.4012
Pkt 45 320 0.140625 1
Pkt 42 300 0.14 1
Rate:281.258
==========
==========77
5 0 2 24000
Node 70 39 22.8254
Pkt 23 160 0.14375 1
Pkt 23 160 0.14375 1
Node 26 39 26.4008
Pkt 45 320 0.140625 1
Pkt 68 480 0.141667 1
Node 25 33 30.2324
Pkt 112 800 0.14 1
Pkt 112 800 0.14 1
Node 49 59 9.05539
Pkt 23 160 0.14375 1
Pkt 14 100 0.14 1
Node 42 48 8.24621
Pkt 45 320 0.140625 1
Pkt 45 320 0.140625 1
Rate:282.958
==========
==========78
5 0 2 24000
Node 40 61 14.8661
Pkt 27 192 0.140625 1
Pkt 28 200 0.14 1
Node 26 56 24.7386
Pkt 56 400 0.14 1
Pkt 56 400 0.14 1
Node 63 62 17.6918
Pkt 112 800 0.14 1
Pkt 112 800 0.14 1
Node 31 43 20.2485
Pkt 34 240 0.141667 1
Pkt 28 200 0.14 1
Node 71 45 21.587
Pkt 45 320 0.140625 1
Pkt 56 400 0.14 1
Rate:280.583
==========
==========79
5 0 2 24000
Node 40 74 26
Pkt 23 160 0.14375 1
Pkt 35 250 0.14 1
Node 74 62 26.8328
Pkt 45 320 0.140625 1
Pkt 45 320 0.140625 1
Node 27 28 31.8277
Pkt 105 750 0.14 1
Pkt 105 750 0.14 1
Node 74 49 24.0208
Pkt 35 250 0.14 1
Pkt 34 240 0.141667 1
Node 58 46 8.94427
Pkt 56 400 0.14 1
Pkt 68 480 0.141667 1
Rate:281.667
==========
==========80
5 0 2 24000
Node 61 30 22.8254
Pkt 18 125 0.144 1
Pkt 23 160 0.14375 1
Node 59 53 9.48683
Pkt 53 375 0.141333 1
Pkt 56 400 0.14 1
Node 69 66 24.8395
Pkt 105 750 0.14 1
Pkt 112 800 0.14 1
Node 36 41 16.6433
Pkt 23 160 0.14375 1
Pkt 34 240 0.141667 1
Node 49 60 10.0499
Pkt 45 320 0.140625 1
Pkt 68 480 0.141667 1
Rate:283.358
==========
==========81
5 0 2 24000
Node 60 46 10.7703
Pkt 14 100 0.14 1
Pkt 17 120 0.141667 1
Node 45 60 11.1803
Pkt 42 300 0.14 1
Pkt 45 320 0.140625 1
Node 37 50 13
Pkt 105 750 0.14 1
Pkt 112 800 0.14 1
Node 48 27 23.0868
Pkt 14 100 0.14 1
Pkt 21 150 0.14 1
Node 33 54 17.4642
Pkt 56 400 0.14 1
Pkt 56 400 0.14 1
Rate:280.458
==========
==========82
5 0 2 24000
Node 40 42 12.8062
Pkt 17 120 0.141667 1
Pkt 28 200 0.14 1
Node 53 38 12.3693
Pkt 53 375 0.141333 1
Pkt 56 400 0.14 1
Node 68 53 18.2483
Pkt 112 800 0.14 1
Pkt 112 800 0.14 1
Node 49 43 7.07107
Pkt 23 160 0.14375 1
Pkt 35 250 0.14 1
Node 65 51 15.0333
Pkt 42 300 0.14 1
Pkt 42 300 0.14 1
Rate:281.35
==========
==========83
5 0 2 24000
Node 57 52 7.28011
Pkt 35 250 0.14 1
Pkt 23 160 0.14375 1
Node 63 40 16.4012
Pkt 56 400 0.14 1
Pkt 53 375 0.141333 1
Node 30 73 30.4795
Pkt 105 750 0.14 1
Pkt 112 800 0.14 1
Node 73 32 29.2062
Pkt 34 240 0.141667 1
Pkt 23 160 0.14375 1
Node 29 72 30.4138
Pkt 56 400 0.14 1
Pkt 45 320 0.140625 1
Rate:282.225
==========
==========84
5 0 2 24000
Node 53 47 4.24264
Pkt 21 150 0.14 1
Pkt 21 150 0.14 1
Node 59 67 19.2354
Pkt 42 300 0.14 1
Pkt 45 320 0.140625 1
Node 26 29 31.8904
Pkt 112 800 0.14 1
Pkt 105 750 0.14 1
Node 37 30 23.8537
Pkt 23 160 0.14375 1
Pkt 23 160 0.14375 1
Node 58 64 16.1245
Pkt 68 480 0.141667 1
Pkt 42 300 0.14 1
Rate:281.958
==========
==========85
5 0 2 24000
Node 39 36 17.8045
Pkt 18 125 0.144 1
Pkt 35 250 0.14 1
Node 34 31 24.8395
Pkt 56 400 0.14 1
Pkt 53 375 0.141333 1
Node 31 42 20.6155
Pkt 105 750 0.14 1
Pkt 112 800 0.14 1
Node 30 51 20.025
Pkt 21 150 0.14 1
Pkt 27 192 0.140625 1
Node 68 71 27.6586
Pkt 56 400 0.14 1
Pkt 53 375 0.141333 1
Rate:281.458
==========
==========86
5 0 2 24000
Node 34 55 16.7631
Pkt 17 120 0.141667 1
Pkt 35 250 0.14 1
Node 50 53 3
Pkt 53 375 0.141333 1
Pkt 56 400 0.14 1
Node 38 72 25.0599
Pkt 105 750 0.14 1
Pkt 112 800 0.14 1
Node 25 67 30.2324
Pkt 14 100 0.14 1
Pkt 18 125 0.144 1
Node 53 59 9.48683
Pkt 53 375 0.141333 1
Pkt 56 400 0.14 1
Rate:281.667
==========
==========87
5 0 2 24000
Node 69 42 20.6155
Pkt 14 100 0.14 1
Pkt 28 200 0.14 1
Node 41 66 18.3576
Pkt 45 320 0.140625 1
Pkt 42 300 0.14 1
Node 69 27 29.8329
Pkt 105 750 0.14 1
Pkt 105 750 0.14 1
Node 60 31 21.4709
Pkt 28 200 0.14 1
Pkt 23 160 0.14375 1
Node 60 66 18.868
Pkt 42 300 0.14 1
Pkt 53 375 0.141333 1
Rate:281.142
==========
==========88
5 0 2 24000
Node 74 69 30.6105
Pkt 27 192 0.140625 1
Pkt 17 120 0.141667 1
Node 29 30 29
Pkt 53 375 0.141333 1
Pkt 45 320 0.140625 1
Node 49 54 4.12311
Pkt 105 750 0.14 1
Pkt 105 750 0.14 1
Node 48 31 19.105
Pkt 34 240 0.141667 1
Pkt 17 120 0.141667 1
Node 62 42 14.4222
Pkt 56 400 0.14 1
Pkt 53 375 0.141333 1
Rate:281.783
==========
==========89
5 0 2 24000
Node 27 54 23.3452
Pkt 28 200 0.14 1
Pkt 14 100 0.14 1
Node 50 59 9
Pkt 56 400 0.14 1
Pkt 53 375 0.141333 1
Node 62 31 22.4722
Pkt 105 750 0.14 1
Pkt 112 800 0.14 1
Node 73 27 32.5269
Pkt 17 120 0.141667 1
Pkt 18 125 0.144 1
Node 29 68 27.6586
Pkt 68 480 0.141667 1
Pkt 56 400 0.14 1
Rate:281.733
==========
==========90
5 0 2 24000
Node 53 57 7.61577
Pkt 17 120 0.141667 1
Pkt 23 160 0.14375 1
Node 53 73 23.1948
Pkt 68 480 0.141667 1
Pkt 53 375 0.141333 1
Node 48 54 4.47214
Pkt 105 750 0.14 1
Pkt 105 750 0.14 1
Node 37 59 15.8114
Pkt 35 250 0.14 1
Pkt 14 100 0.14 1
Node 62 46 12.6491
Pkt 53 375 0.141333 1
Pkt 68 480 0.141667 1
Rate:282.283
==========
==========91
5 0 2 24000
Node 54 48 4.47214
Pkt 23 160 0.14375 1
Pkt 14 100 0.14 1
Node 57 64 15.6525
Pkt 42 300 0.14 1
Pkt 53 375 0.141333 1
Node 39 50 11
Pkt 112 800 0.14 1
Pkt 105 750 0.14 1
Node 74 37 27.2947
Pkt 34 240 0.141667 1
Pkt 18 125 0.144 1
Node 34 70 25.6125
Pkt 53 375 0.141333 1
Pkt 68 480 0.141667 1
Rate:282.75
==========
==========92
5 0 2 24000
Node 67 41 19.2354
Pkt 23 160 0.14375 1
Pkt 28 200 0.14 1
Node 45 67 17.72
Pkt 68 480 0.141667 1
Pkt 45 320 0.140625 1
Node 60 65 18.0278
Pkt 112 800 0.14 1
Pkt 112 800 0.14 1
Node 56 62 13.4164
Pkt 27 192 0.140625 1
Pkt 34 240 0.141667 1
Node 27 47 23.1948
Pkt 45 320 0.140625 1
Pkt 68 480 0.141667 1
Rate:282.125
==========
==========93
5 0 2 24000
Node 38 71 24.1868
Pkt 17 120 0.141667 1
Pkt 34 240 0.141667 1
Node 52 70 20.0998
Pkt 56 400 0.14 1
Pkt 56 400 0.14 1
Node 38 67 20.8087
Pkt 105 750 0.14 1
Pkt 105 750 0.14 1
Node 72 27 31.8277
Pkt 14 100 0.14 1
Pkt 18 125 0.144 1
Node 42 59 12.0416
Pkt 45 320 0.140625 1
Pkt 42 300 0.14 1
Rate:281.592
==========
==========94
5 0 2 24000
Node 70 46 20.3961
Pkt 17 120 0.141667 1
Pkt 28 200 0.14 1
Node 50 56 6
Pkt 42 300 0.14 1
Pkt 53 375 0.141333 1
Node 57 46 8.06226
Pkt 112 800 0.14 1
Pkt 105 750 0.14 1
Node 60 58 12.8062
Pkt 27 192 0.140625 1
Pkt 27 192 0.140625 1
Node 60 38 15.6205
Pkt 42 300 0.14 1
Pkt 56 400 0.14 1
Rate:280.85
==========
==========95
5 0 2 24000
Node 57 59 11.4018
Pkt 17 120 0.141667 1
Pkt 27 192 0.140625 1
Node 32 44 18.9737
Pkt 53 375 0.141333 1
Pkt 56 400 0.14 1
Node 36 31 23.6008
Pkt 105 750 0.14 1
Pkt 112 800 0.14 1
Node 54 29 21.3776
Pkt 21 150 0.14 1
Pkt 28 200 0.14 1
Node 45 65 15.8114
Pkt 45 320 0.140625 1
Pkt 42 300 0.14 1
Rate:280.85
==========
==========96
5 0 2 24000
Node 60 37 16.4012
Pkt 28 200 0.14 1
Pkt 14 100 0.14 1
Node 63 29 24.6982
Pkt 56 400 0.14 1
Pkt 42 300 0.14 1
Node 25 41 26.5707
Pkt 105 750 0.14 1
Pkt 105 750 0.14 1
Node 25 31 31.4006
Pkt 35 250 0.14 1
Pkt 23 160 0.14375 1
Node 39 71 23.7065
Pkt 45 320 0.140625 1
Pkt 45 320 0.140625 1
Rate:281
==========
==========97
5 0 2 24000
Node 33 59 19.2354
Pkt 17 120 0.141667 1
Pkt 28 200 0.14 1
Node 46 36 14.5602
Pkt 45 320 0.140625 1
Pkt 56 400 0.14 1
Node 32 45 18.6815
Pkt 112 800 0.14 1
Pkt 112 800 0.14 1
Node 49 46 4.12311
Pkt 34 240 0.141667 1
Pkt 21 150 0.14 1
Node 57 25 25.9615
Pkt 56 400 0.14 1
Pkt 68 480 0.141667 1
Rate:281.125
==========
==========98
5 0 2 24000
Node 59 72 23.7697
Pkt 23 160 0.14375 1
Pkt 14 100 0.14 1
Node 45 58 9.43398
Pkt 45 320 0.140625 1
Pkt 42 300 0.14 1
Node 32 25 30.8058
Pkt 112 800 0.14 1
Pkt 105 750 0.14 1
Node 42 44 10
Pkt 23 160 0.14375 1
Pkt 14 100 0.14 1
Node 33 43 18.3848
Pkt 53 375 0.141333 1
Pkt 56 400 0.14 1
Rate:281.892
==========
==========99
