5 0 2 24000
Node 65 37 19.8494
Pkt 33 150 0.22 1
Pkt 27 120 0.225 1
Node 64 74 27.7849
Pkt 88 400 0.22 1
Pkt 83 375 0.221333 1
Node 59 64 16.6433
Pkt 176 800 0.22 1
Pkt 176 800 0.22 1
Node 33 29 27.0185
Pkt 36 160 0.225 1
Pkt 43 192 0.223958 1
Node 70 33 26.2488
Pkt 83 375 0.221333 1
Pkt 71 320 0.221875 1
Rate:443.7
==========
==========0
5 0 2 24000
Node 40 47 10.4403
Pkt 28 125 0.224 1
Pkt 22 100 0.22 1
Node 70 44 20.8806
Pkt 83 375 0.221333 1
Pkt 106 480 0.220833 1
Node 51 68 18.0278
Pkt 176 800 0.22 1
Pkt 176 800 0.22 1
Node 39 49 11.0454
Pkt 33 150 0.22 1
Pkt 36 160 0.225 1
Node 62 74 26.8328
Pkt 88 400 0.22 1
Pkt 106 480 0.220833 1
Rate:442.4
==========
==========1
5 0 2 24000
Node 62 71 24.1868
Pkt 36 160 0.225 1
Pkt 27 120 0.225 1
Node 74 46 24.3311
Pkt 71 320 0.221875 1
Pkt 66 300 0.22 1
Node 67 73 28.6007
Pkt 165 750 0.22 1
Pkt 176 800 0.22 1
Node 55 36 14.8661
Pkt 28 125 0.224 1
Pkt 53 240 0.220833 1
Node 28 69 29.0689
Pkt 66 300 0.22 1
Pkt 71 320 0.221875 1
Rate:443.717
==========
==========2
5 0 2 24000
Node 61 63 17.0294
Pkt 44 200 0.22 1
Pkt 53 240 0.220833 1
Node 26 74 33.9411
Pkt 106 480 0.220833 1
Pkt 88 400 0.22 1
Node 49 47 3.16228
Pkt 165 750 0.22 1
Pkt 176 800 0.22 1
Node 28 31 29.0689
Pkt 44 200 0.22 1
Pkt 22 100 0.22 1
Node 25 49 25.02
Pkt 66 300 0.22 1
Pkt 88 400 0.22 1
Rate:440.333
==========
==========3
5 0 2 24000
Node 56 66 17.088
Pkt 53 240 0.220833 1
Pkt 28 125 0.224 1
Node 44 40 11.6619
Pkt 71 320 0.221875 1
Pkt 66 300 0.22 1
Node 33 59 19.2354
Pkt 165 750 0.22 1
Pkt 176 800 0.22 1
Node 57 30 21.1896
Pkt 36 160 0.225 1
Pkt 33 150 0.22 1
Node 57 58 10.6301
Pkt 83 375 0.221333 1
Pkt 71 320 0.221875 1
Rate:442.983
==========
==========4
5 0 2 24000
Node 43 67 18.3848
Pkt 36 160 0.225 1
Pkt 55 250 0.22 1
Node 30 70 28.2843
Pkt 106 480 0.220833 1
Pkt 66 300 0.22 1
Node 39 42 13.6015
Pkt 176 800 0.22 1
Pkt 176 800 0.22 1
Node 56 64 15.2315
Pkt 55 250 0.22 1
Pkt 22 100 0.22 1
Node 50 69 19
Pkt 83 375 0.221333 1
Pkt 88 400 0.22 1
Rate:441.433
==========
==========5
5 0 2 24000
Node 56 57 9.21954
Pkt 44 200 0.22 1
Pkt 27 120 0.225 1
Node 71 38 24.1868
Pkt 83 375 0.221333 1
Pkt 66 300 0.22 1
Node 54 45 6.40312
Pkt 176 800 0.22 1
Pkt 165 750 0.22 1
Node 27 68 29.2062
Pkt 44 200 0.22 1
Pkt 27 120 0.225 1
Node 28 71 30.4138
Pkt 88 400 0.22 1
Pkt 88 400 0.22 1
Rate:442.267
==========
==========6
5 0 2 24000
Node 69 69 26.8701
Pkt 27 120 0.225 1
Pkt 33 150 0.22 1
Node 28 69 29.0689
Pkt 83 375 0.221333 1
Pkt 66 300 0.22 1
Node 33 35 22.6716
Pkt 176 800 0.22 1
Pkt 176 800 0.22 1
Node 71 45 21.587
Pkt 44 200 0.22 1
Pkt 43 192 0.223958 1
Node 26 69 30.6105
Pkt 71 320 0.221875 1
Pkt 71 320 0.221875 1
Rate:442.808
==========
==========7
5 0 2 24000
Node 70 50 20
Pkt 44 200 0.22 1
Pkt 28 125 0.224 1
Node 49 34 16.0312
Pkt 71 320 0.221875 1
Pkt 83 375 0.221333 1
Node 67 29 27.0185
Pkt 176 800 0.22 1
Pkt 165 750 0.22 1
Node 59 74 25.632
Pkt 55 250 0.22 1
Pkt 43 192 0.223958 1
Node 25 33 30.2324
Pkt 83 375 0.221333 1
Pkt 88 400 0.22 1
Rate:442.5
==========
==========8
5 0 2 24000
Node 25 73 33.9706
Pkt 44 200 0.22 1
Pkt 27 120 0.225 1
Node 62 59 15
Pkt 88 400 0.22 1
Pkt 71 320 0.221875 1
Node 54 67 17.4642
Pkt 165 750 0.22 1
Pkt 176 800 0.22 1
Node 63 30 23.8537
Pkt 43 192 0.223958 1
Pkt 36 160 0.225 1
Node 58 33 18.7883
Pkt 66 300 0.22 1
Pkt 88 400 0.22 1
Rate:443.167
==========
==========9
5 0 2 24000
Node 38 61 16.2788
Pkt 27 120 0.225 1
Pkt 28 125 0.224 1
Node 28 68 28.4253
Pkt 83 375 0.221333 1
Pkt 88 400 0.22 1
Node 33 26 29.4109
Pkt 165 750 0.22 1
Pkt 176 800 0.22 1
Node 62 67 20.8087
Pkt 28 125 0.224 1
Pkt 33 150 0.22 1
Node 31 46 19.4165
Pkt 66 300 0.22 1
Pkt 66 300 0.22 1
Rate:442.867
==========
==========10
5 0 2 24000
Node 37 44 14.3178
Pkt 33 150 0.22 1
Pkt 33 150 0.22 1
Node 44 47 6.7082
Pkt 83 375 0.221333 1
Pkt 71 320 0.221875 1
Node 39 58 13.6015
Pkt 176 800 0.22 1
Pkt 176 800 0.22 1
Node 67 55 17.72
Pkt 33 150 0.22 1
Pkt 33 150 0.22 1
Node 48 53 3.60555
Pkt 106 480 0.220833 1
Pkt 83 375 0.221333 1
Rate:441.075
==========
==========11
5 0 2 24000
Node 56 30 20.8806
Pkt 43 192 0.223958 1
Pkt 53 240 0.220833 1
Node 54 36 14.5602
Pkt 83 375 0.221333 1
Pkt 66 300 0.22 1
Node 47 47 4.24264
Pkt 165 750 0.22 1
Pkt 165 750 0.22 1
Node 57 42 10.6301
Pkt 22 100 0.22 1
Pkt 33 150 0.22 1
Node 45 37 13.9284
Pkt 66 300 0.22 1
Pkt 88 400 0.22 1
Rate:441.225
==========
==========12
5 0 2 24000
Node 47 26 24.1868
Pkt 44 200 0.22 1
Pkt 53 240 0.220833 1
Node 52 73 23.0868
Pkt 106 480 0.220833 1
Pkt 106 480 0.220833 1
Node 48 30 20.0998
Pkt 176 800 0.22 1
Pkt 165 750 0.22 1
Node 26 26 33.9411
Pkt 33 150 0.22 1
Pkt 28 125 0.224 1
Node 32 69 26.1725
Pkt 83 375 0.221333 1
Pkt 83 375 0.221333 1
Rate:441.833
==========
==========13
5 0 2 24000
Node 72 39 24.5967
Pkt 28 125 0.224 1
Pkt 43 192 0.223958 1
Node 39 61 15.5563
Pkt 106 480 0.220833 1
Pkt 88 400 0.22 1
Node 25 66 29.6816
Pkt 176 800 0.22 1
Pkt 176 800 0.22 1
Node 43 66 17.4642
Pkt 22 100 0.22 1
Pkt 36 160 0.225 1
Node 28 74 32.5576
Pkt 66 300 0.22 1
Pkt 83 375 0.221333 1
Rate:443.025
==========
==========14
5 0 2 24000
Node 29 61 23.7065
Pkt 28 125 0.224 1
Pkt 33 150 0.22 1
Node 48 30 20.0998
Pkt 106 480 0.220833 1
Pkt 83 375 0.221333 1
Node 38 38 16.9706
Pkt 165 750 0.22 1
Pkt 176 800 0.22 1
Node 73 65 27.4591
Pkt 28 125 0.224 1
Pkt 43 192 0.223958 1
Node 30 47 20.2237
Pkt 88 400 0.22 1
Pkt 106 480 0.220833 1
Rate:442.992
==========
==========15
5 0 2 24000
Node 49 55 5.09902
Pkt 43 192 0.223958 1
Pkt 27 120 0.225 1
Node 34 52 16.1245
Pkt 66 300 0.22 1
Pkt 88 400 0.22 1
Node 58 36 16.1245
Pkt 165 750 0.22 1
Pkt 165 750 0.22 1
Node 69 70 27.5862
Pkt 44 200 0.22 1
Pkt 53 240 0.220833 1
Node 37 47 13.3417
Pkt 66 300 0.22 1
Pkt 106 480 0.220833 1
Rate:442.125
==========
==========16
5 0 2 24000
Node 57 31 20.2485
Pkt 28 125 0.224 1
Pkt 53 240 0.220833 1
Node 53 35 15.2971
Pkt 88 400 0.22 1
Pkt 66 300 0.22 1
Node 27 57 24.0416
Pkt 176 800 0.22 1
Pkt 165 750 0.22 1
Node 35 35 21.2132
Pkt 36 160 0.225 1
Pkt 43 192 0.223958 1
Node 44 69 19.9249
Pkt 71 320 0.221875 1
Pkt 83 375 0.221333 1
Rate:443.4
==========
==========17
5 0 2 24000
Node 37 38 17.6918
Pkt 55 250 0.22 1
Pkt 22 100 0.22 1
Node 26 66 28.8444
Pkt 71 320 0.221875 1
Pkt 66 300 0.22 1
Node 28 28 31.1127
Pkt 165 750 0.22 1
Pkt 165 750 0.22 1
Node 32 44 18.9737
Pkt 22 100 0.22 1
Pkt 55 250 0.22 1
Node 69 54 19.4165
Pkt 106 480 0.220833 1
Pkt 71 320 0.221875 1
Rate:440.917
==========
==========18
5 0 2 24000
Node 61 72 24.5967
Pkt 43 192 0.223958 1
Pkt 36 160 0.225 1
Node 35 49 15.0333
Pkt 66 300 0.22 1
Pkt 88 400 0.22 1
Node 33 48 17.1172
Pkt 176 800 0.22 1
Pkt 165 750 0.22 1
Node 57 46 8.06226
Pkt 53 240 0.220833 1
Pkt 36 160 0.225 1
Node 64 32 22.8035
Pkt 88 400 0.22 1
Pkt 71 320 0.221875 1
Rate:443.333
==========
==========19
5 0 2 24000
Node 39 36 17.8045
Pkt 55 250 0.22 1
Pkt 53 240 0.220833 1
Node 34 35 21.9317
Pkt 88 400 0.22 1
Pkt 66 300 0.22 1
Node 29 38 24.1868
Pkt 165 750 0.22 1
Pkt 165 750 0.22 1
Node 63 57 14.7648
Pkt 28 125 0.224 1
Pkt 33 150 0.22 1
Node 67 38 20.8087
Pkt 106 480 0.220833 1
Pkt 71 320 0.221875 1
Rate:441.508
==========
==========20
5 0 2 24000
Node 68 60 20.5913
Pkt 28 125 0.224 1
Pkt 22 100 0.22 1
Node 69 31 26.8701
Pkt 83 375 0.221333 1
Pkt 83 375 0.221333 1
Node 56 33 18.0278
Pkt 176 800 0.22 1
Pkt 165 750 0.22 1
Node 31 32 26.1725
Pkt 33 150 0.22 1
Pkt 33 150 0.22 1
Node 29 72 30.4138
Pkt 83 375 0.221333 1
Pkt 83 375 0.221333 1
Rate:441.867
==========
==========21
5 0 2 24000
Node 43 42 10.6301
Pkt 43 192 0.223958 1
Pkt 33 150 0.22 1
Node 63 50 13
Pkt 83 375 0.221333 1
Pkt 83 375 0.221333 1
Node 40 67 19.7231
Pkt 176 800 0.22 1
Pkt 165 750 0.22 1
Node 47 54 5
Pkt 36 160 0.225 1
Pkt 36 160 0.225 1
Node 51 42 8.06226
Pkt 88 400 0.22 1
Pkt 106 480 0.220833 1
Rate:443.492
==========
==========22
5 0 2 24000
Node 46 51 4.12311
Pkt 28 125 0.224 1
Pkt 33 150 0.22 1
Node 36 39 17.8045
Pkt 83 375 0.221333 1
Pkt 88 400 0.22 1
Node 38 29 24.1868
Pkt 165 750 0.22 1
Pkt 165 750 0.22 1
Node 65 30 25
Pkt 55 250 0.22 1
Pkt 43 192 0.223958 1
Node 62 59 15
Pkt 66 300 0.22 1
Pkt 71 320 0.221875 1
Rate:442.233
==========
==========23
5 0 2 24000
Node 56 73 23.7697
Pkt 22 100 0.22 1
Pkt 22 100 0.22 1
Node 43 39 13.0384
Pkt 88 400 0.22 1
Pkt 88 400 0.22 1
Node 25 54 25.318
Pkt 176 800 0.22 1
Pkt 176 800 0.22 1
Node 45 41 10.2956
Pkt 53 240 0.220833 1
Pkt 44 200 0.22 1
Node 67 25 30.2324
Pkt 88 400 0.22 1
Pkt 106 480 0.220833 1
Rate:440.333
==========
==========24
5 0 2 24000
Node 42 66 17.8885
Pkt 44 200 0.22 1
Pkt 36 160 0.225 1
Node 53 72 22.2036
Pkt 88 400 0.22 1
Pkt 71 320 0.221875 1
Node 51 57 7.07107
Pkt 165 750 0.22 1
Pkt 176 800 0.22 1
Node 26 52 24.0832
Pkt 22 100 0.22 1
Pkt 33 150 0.22 1
Node 61 72 24.5967
Pkt 71 320 0.221875 1
Pkt 106 480 0.220833 1
Rate:441.917
==========
==========25
5 0 2 24000
Node 52 57 7.28011
Pkt 27 120 0.225 1
Pkt 36 160 0.225 1
Node 36 37 19.105
Pkt 83 375 0.221333 1
Pkt 88 400 0.22 1
Node 45 53 5.83095
Pkt 165 750 0.22 1
Pkt 165 750 0.22 1
Node 31 38 22.4722
Pkt 33 150 0.22 1
Pkt 43 192 0.223958 1
Node 42 43 10.6301
Pkt 106 480 0.220833 1
Pkt 71 320 0.221875 1
Rate:443.6
==========
==========26
5 0 2 24000
Node 54 44 7.2111
Pkt 44 200 0.22 1
Pkt 28 125 0.224 1
Node 38 35 19.2094
Pkt 71 320 0.221875 1
Pkt 106 480 0.220833 1
Node 39 73 25.4951
Pkt 165 750 0.22 1
Pkt 176 800 0.22 1
Node 34 31 24.8395
Pkt 43 192 0.223958 1
Pkt 22 100 0.22 1
Node 54 45 6.40312
Pkt 88 400 0.22 1
Pkt 106 480 0.220833 1
Rate:442.3
==========
==========27
5 0 2 24000
Node 67 51 17.0294
Pkt 27 120 0.225 1
Pkt 33 150 0.22 1
Node 58 51 8.06226
Pkt 83 375 0.221333 1
Pkt 88 400 0.22 1
Node 57 72 23.0868
Pkt 165 750 0.22 1
Pkt 165 750 0.22 1
Node 26 36 27.7849
Pkt 27 120 0.225 1
Pkt 44 200 0.22 1
Node 46 37 13.6015
Pkt 66 300 0.22 1
Pkt 66 300 0.22 1
Rate:442.267
==========
==========28
5 0 2 24000
Node 63 66 20.6155
Pkt 43 192 0.223958 1
Pkt 44 200 0.22 1
Node 47 29 21.2132
Pkt 88 400 0.22 1
Pkt 83 375 0.221333 1
Node 43 67 18.3848
Pkt 176 800 0.22 1
Pkt 176 800 0.22 1
Node 37 57 14.7648
Pkt 33 150 0.22 1
Pkt 28 125 0.224 1
Node 74 54 24.3311
Pkt 83 375 0.221333 1
Pkt 88 400 0.22 1
Rate:442.125
==========
==========29
5 0 2 24000
Node 46 35 15.5242
Pkt 33 150 0.22 1
Pkt 28 125 0.224 1
Node 59 65 17.4929
Pkt 106 480 0.220833 1
Pkt 106 480 0.220833 1
Node 68 35 23.4307
Pkt 176 800 0.22 1
Pkt 165 750 0.22 1
Node 36 45 14.8661
Pkt 44 200 0.22 1
Pkt 22 100 0.22 1
Node 34 33 23.3452
Pkt 83 375 0.221333 1
Pkt 83 375 0.221333 1
Rate:441.667
==========
==========30
5 0 2 24000
Node 44 39 12.53
Pkt 53 240 0.220833 1
Pkt 22 100 0.22 1
Node 50 74 24
Pkt 71 320 0.221875 1
Pkt 106 480 0.220833 1
Node 38 67 20.8087
Pkt 176 800 0.22 1
Pkt 176 800 0.22 1
Node 52 30 20.0998
Pkt 43 192 0.223958 1
Pkt 27 120 0.225 1
Node 56 73 23.7697
Pkt 88 400 0.22 1
Pkt 66 300 0.22 1
Rate:442.5
==========
==========31
5 0 2 24000
Node 51 27 23.0217
Pkt 44 200 0.22 1
Pkt 55 250 0.22 1
Node 34 30 25.6125
Pkt 66 300 0.22 1
Pkt 71 320 0.221875 1
Node 53 30 20.2237
Pkt 176 800 0.22 1
Pkt 176 800 0.22 1
Node 62 63 17.6918
Pkt 36 160 0.225 1
Pkt 53 240 0.220833 1
Node 66 48 16.1245
Pkt 83 375 0.221333 1
Pkt 88 400 0.22 1
Rate:441.808
==========
==========32
5 0 2 24000
Node 74 55 24.5153
Pkt 36 160 0.225 1
Pkt 43 192 0.223958 1
Node 54 49 4.12311
Pkt 66 300 0.22 1
Pkt 106 480 0.220833 1
Node 59 27 24.6982
Pkt 165 750 0.22 1
Pkt 176 800 0.22 1
Node 55 57 8.60233
Pkt 22 100 0.22 1
Pkt 22 100 0.22 1
Node 55 74 24.5153
Pkt 71 320 0.221875 1
Pkt 66 300 0.22 1
Rate:442.333
==========
==========33
5 0 2 24000
Node 45 58 9.43398
Pkt 43 192 0.223958 1
Pkt 28 125 0.224 1
Node 32 51 18.0278
Pkt 71 320 0.221875 1
Pkt 83 375 0.221333 1
Node 55 64 14.8661
Pkt 165 750 0.22 1
Pkt 176 800 0.22 1
Node 30 48 20.0998
Pkt 36 160 0.225 1
Pkt 44 200 0.22 1
Node 59 68 20.1246
Pkt 106 480 0.220833 1
Pkt 88 400 0.22 1
Rate:443.4
==========
==========34
5 0 2 24000
Node 51 59 9.05539
Pkt 36 160 0.225 1
Pkt 53 240 0.220833 1
Node 47 42 8.544
Pkt 83 375 0.221333 1
Pkt 66 300 0.22 1
Node 70 44 20.8806
Pkt 165 750 0.22 1
Pkt 165 750 0.22 1
Node 28 35 26.6271
Pkt 36 160 0.225 1
Pkt 43 192 0.223958 1
Node 42 36 16.1245
Pkt 66 300 0.22 1
Pkt 83 375 0.221333 1
Rate:443.492
==========
==========35
5 0 2 24000
Node 54 68 18.4391
Pkt 53 240 0.220833 1
Pkt 43 192 0.223958 1
Node 32 27 29.2062
Pkt 88 400 0.22 1
Pkt 71 320 0.221875 1
Node 64 44 15.2315
Pkt 165 750 0.22 1
Pkt 165 750 0.22 1
Node 40 71 23.2594
Pkt 44 200 0.22 1
Pkt 43 192 0.223958 1
Node 43 62 13.8924
Pkt 71 320 0.221875 1
Pkt 88 400 0.22 1
Rate:442.5
==========
==========36
5 0 2 24000
Node 48 58 8.24621
Pkt 43 192 0.223958 1
Pkt 53 240 0.220833 1
Node 69 72 29.0689
Pkt 71 320 0.221875 1
Pkt 71 320 0.221875 1
Node 50 52 2
Pkt 176 800 0.22 1
Pkt 176 800 0.22 1
Node 46 45 6.40312
Pkt 28 125 0.224 1
Pkt 55 250 0.22 1
Node 63 71 24.6982
Pkt 88 400 0.22 1
Pkt 66 300 0.22 1
Rate:442.508
==========
==========37
5 0 2 24000
Node 57 43 9.89949
Pkt 28 125 0.224 1
Pkt 55 250 0.22 1
Node 37 60 16.4012
Pkt 71 320 0.221875 1
Pkt 88 400 0.22 1
Node 46 44 7.2111
Pkt 176 800 0.22 1
Pkt 176 800 0.22 1
Node 60 40 14.1421
Pkt 27 120 0.225 1
Pkt 36 160 0.225 1
Node 57 68 19.3132
Pkt 83 375 0.221333 1
Pkt 71 320 0.221875 1
Rate:443.817
==========
==========38
5 0 2 24000
Node 27 66 28.0179
Pkt 55 250 0.22 1
Pkt 33 150 0.22 1
Node 63 45 13.9284
Pkt 83 375 0.221333 1
Pkt 88 400 0.22 1
Node 49 37 13.0384
Pkt 165 750 0.22 1
Pkt 165 750 0.22 1
Node 54 53 5
Pkt 55 250 0.22 1
Pkt 28 125 0.224 1
Node 44 69 19.9249
Pkt 88 400 0.22 1
Pkt 88 400 0.22 1
Rate:441.067
==========
==========39
5 0 2 24000
Node 51 33 17.0294
Pkt 33 150 0.22 1
Pkt 55 250 0.22 1
Node 51 42 8.06226
Pkt 83 375 0.221333 1
Pkt 83 375 0.221333 1
Node 71 66 26.4008
Pkt 165 750 0.22 1
Pkt 165 750 0.22 1
Node 73 29 31.1448
Pkt 27 120 0.225 1
Pkt 44 200 0.22 1
Node 70 68 26.9072
Pkt 71 320 0.221875 1
Pkt 88 400 0.22 1
Rate:441.908
==========
==========40
5 0 2 24000
Node 32 43 19.3132
Pkt 43 192 0.223958 1
Pkt 53 240 0.220833 1
Node 56 41 10.8167
Pkt 83 375 0.221333 1
Pkt 83 375 0.221333 1
Node 70 55 20.6155
Pkt 176 800 0.22 1
Pkt 176 800 0.22 1
Node 60 26 26
Pkt 27 120 0.225 1
Pkt 36 160 0.225 1
Node 73 71 31.1448
Pkt 106 480 0.220833 1
Pkt 88 400 0.22 1
Rate:443.658
==========
==========41
5 0 2 24000
Node 61 27 25.4951
Pkt 33 150 0.22 1
Pkt 43 192 0.223958 1
Node 34 65 21.9317
Pkt 66 300 0.22 1
Pkt 88 400 0.22 1
Node 28 32 28.4253
Pkt 176 800 0.22 1
Pkt 165 750 0.22 1
Node 66 55 16.7631
Pkt 36 160 0.225 1
Pkt 22 100 0.22 1
Node 31 49 19.0263
Pkt 106 480 0.220833 1
Pkt 83 375 0.221333 1
Rate:442.225
==========
==========42
5 0 2 24000
Node 56 70 20.8806
Pkt 43 192 0.223958 1
Pkt 44 200 0.22 1
Node 65 73 27.4591
Pkt 71 320 0.221875 1
Pkt 66 300 0.22 1
Node 46 62 12.6491
Pkt 165 750 0.22 1
Pkt 176 800 0.22 1
Node 29 52 21.095
Pkt 36 160 0.225 1
Pkt 22 100 0.22 1
Node 42 64 16.1245
Pkt 106 480 0.220833 1
Pkt 83 375 0.221333 1
Rate:442.6
==========
==========43
5 0 2 24000
Node 32 73 29.2062
Pkt 33 150 0.22 1
Pkt 43 192 0.223958 1
Node 67 37 21.4009
Pkt 88 400 0.22 1
Pkt 71 320 0.221875 1
Node 38 43 13.8924
Pkt 165 750 0.22 1
Pkt 165 750 0.22 1
Node 34 68 24.0832
Pkt 28 125 0.224 1
Pkt 28 125 0.224 1
Node 74 60 26
Pkt 106 480 0.220833 1
Pkt 71 320 0.221875 1
Rate:443.308
==========
==========44
5 0 2 24000
Node 64 70 24.4131
Pkt 33 150 0.22 1
Pkt 22 100 0.22 1
Node 63 58 15.2643
Pkt 88 400 0.22 1
Pkt 83 375 0.221333 1
Node 38 69 22.4722
Pkt 176 800 0.22 1
Pkt 176 800 0.22 1
Node 26 40 26
Pkt 33 150 0.22 1
Pkt 22 100 0.22 1
Node 66 45 16.7631
Pkt 88 400 0.22 1
Pkt 66 300 0.22 1
Rate:440.267
==========
==========45
5 0 2 24000
Node 48 41 9.21954
Pkt 22 100 0.22 1
Pkt 36 160 0.225 1
Node 66 26 28.8444
Pkt 88 400 0.22 1
Pkt 106 480 0.220833 1
Node 50 29 21
Pkt 176 800 0.22 1
Pkt 165 750 0.22 1
Node 58 35 17
Pkt 36 160 0.225 1
Pkt 36 160 0.225 1
Node 70 43 21.1896
Pkt 83 375 0.221333 1
Pkt 71 320 0.221875 1
Rate:443.808
==========
==========46
5 0 2 24000
Node 60 34 18.868
Pkt 36 160 0.225 1
Pkt 43 192 0.223958 1
Node 39 28 24.5967
Pkt 83 375 0.221333 1
Pkt 66 300 0.22 1
Node 55 41 10.2956
Pkt 165 750 0.22 1
Pkt 176 800 0.22 1
Node 33 26 29.4109
Pkt 44 200 0.22 1
Pkt 27 120 0.225 1
Node 53 49 3.16228
Pkt 106 480 0.220833 1
Pkt 88 400 0.22 1
Rate:443.225
==========
==========47
5 0 2 24000
Node 34 72 27.2029
Pkt 55 250 0.22 1
Pkt 22 100 0.22 1
Node 46 60 10.7703
Pkt 71 320 0.221875 1
Pkt 66 300 0.22 1
Node 53 37 13.3417
Pkt 165 750 0.22 1
Pkt 176 800 0.22 1
Node 61 51 11.0454
Pkt 43 192 0.223958 1
Pkt 28 125 0.224 1
Node 29 43 22.1359
Pkt 106 480 0.220833 1
Pkt 106 480 0.220833 1
Rate:442.3
==========
==========48
5 0 2 24000
Node 36 56 15.2315
Pkt 53 240 0.220833 1
Pkt 53 240 0.220833 1
Node 58 63 15.2643
Pkt 106 480 0.220833 1
Pkt 106 480 0.220833 1
Node 29 57 22.1359
Pkt 176 800 0.22 1
Pkt 165 750 0.22 1
Node 67 52 17.1172
Pkt 43 192 0.223958 1
Pkt 55 250 0.22 1
Node 65 70 25
Pkt 71 320 0.221875 1
Pkt 83 375 0.221333 1
Rate:442.1
==========
==========49
5 0 2 24000
Node 43 60 12.2066
Pkt 28 125 0.224 1
Pkt 44 200 0.22 1
Node 66 25 29.6816
Pkt 106 480 0.220833 1
Pkt 83 375 0.221333 1
Node 54 65 15.5242
Pkt 176 800 0.22 1
Pkt 176 800 0.22 1
Node 55 48 5.38516
Pkt 36 160 0.225 1
Pkt 28 125 0.224 1
Node 39 35 18.6011
Pkt 66 300 0.22 1
Pkt 106 480 0.220833 1
Rate:443.2
==========
==========50
5 0 2 24000
Node 41 27 24.6982
Pkt 55 250 0.22 1
Pkt 53 240 0.220833 1
Node 31 52 19.105
Pkt 66 300 0.22 1
Pkt 66 300 0.22 1
Node 60 39 14.8661
Pkt 165 750 0.22 1
Pkt 176 800 0.22 1
Node 42 27 24.3516
Pkt 53 240 0.220833 1
Pkt 44 200 0.22 1
Node 38 43 13.8924
Pkt 83 375 0.221333 1
Pkt 71 320 0.221875 1
Rate:440.975
==========
==========51
5 0 2 24000
Node 50 54 4
Pkt 55 250 0.22 1
Pkt 36 160 0.225 1
Node 66 26 28.8444
Pkt 71 320 0.221875 1
Pkt 88 400 0.22 1
Node 51 33 17.0294
Pkt 165 750 0.22 1
Pkt 176 800 0.22 1
Node 55 46 6.40312
Pkt 53 240 0.220833 1
Pkt 36 160 0.225 1
Node 54 71 21.3776
Pkt 106 480 0.220833 1
Pkt 71 320 0.221875 1
Rate:443.083
==========
==========52
5 0 2 24000
Node 72 27 31.8277
Pkt 53 240 0.220833 1
Pkt 33 150 0.22 1
Node 36 47 14.3178
Pkt 106 480 0.220833 1
Pkt 106 480 0.220833 1
Node 46 62 12.6491
Pkt 165 750 0.22 1
Pkt 176 800 0.22 1
Node 34 62 20
Pkt 27 120 0.225 1
Pkt 43 192 0.223958 1
Node 33 39 20.2485
Pkt 83 375 0.221333 1
Pkt 83 375 0.221333 1
Rate:442.825
==========
==========53
5 0 2 24000
Node 38 57 13.8924
Pkt 22 100 0.22 1
Pkt 55 250 0.22 1
Node 70 68 26.9072
Pkt 83 375 0.221333 1
Pkt 71 320 0.221875 1
Node 29 38 24.1868
Pkt 176 800 0.22 1
Pkt 176 800 0.22 1
Node 57 61 13.0384
Pkt 22 100 0.22 1
Pkt 43 192 0.223958 1
Node 55 37 13.9284
Pkt 83 375 0.221333 1
Pkt 106 480 0.220833 1
Rate:441.867
==========
==========54
5 0 2 24000
Node 31 34 24.8395
Pkt 55 250 0.22 1
Pkt 22 100 0.22 1
Node 39 44 12.53
Pkt 71 320 0.221875 1
Pkt 88 400 0.22 1
Node 71 45 21.587
Pkt 165 750 0.22 1
Pkt 165 750 0.22 1
Node 48 44 6.32456
Pkt 33 150 0.22 1
Pkt 44 200 0.22 1
Node 50 71 21
Pkt 71 320 0.221875 1
Pkt 88 400 0.22 1
Rate:440.75
==========
==========55
5 0 2 24000
Node 41 26 25.632
Pkt 44 200 0.22 1
Pkt 55 250 0.22 1
Node 54 31 19.4165
Pkt 66 300 0.22 1
Pkt 66 300 0.22 1
Node 41 38 15
Pkt 176 800 0.22 1
Pkt 165 750 0.22 1
Node 63 29 24.6982
Pkt 43 192 0.223958 1
Pkt 53 240 0.220833 1
Node 73 74 33.2415
Pkt 66 300 0.22 1
Pkt 66 300 0.22 1
Rate:440.958
==========
==========56
5 0 2 24000
Node 72 57 23.0868
Pkt 27 120 0.225 1
Pkt 43 192 0.223958 1
Node 56 49 6.08276
Pkt 71 320 0.221875 1
Pkt 83 375 0.221333 1
Node 68 26 30
Pkt 176 800 0.22 1
Pkt 165 750 0.22 1
Node 61 59 14.2127
Pkt 28 125 0.224 1
Pkt 36 160 0.225 1
Node 25 57 25.9615
Pkt 88 400 0.22 1
Pkt 106 480 0.220833 1
Rate:444.4
==========
==========57
5 0 2 24000
Node 39 43 13.0384
Pkt 36 160 0.225 1
Pkt 28 125 0.224 1
Node 48 33 17.1172
Pkt 71 320 0.221875 1
Pkt 71 320 0.221875 1
Node 27 37 26.4197
Pkt 176 800 0.22 1
Pkt 165 750 0.22 1
Node 52 60 10.198
Pkt 55 250 0.22 1
Pkt 55 250 0.22 1
Node 49 31 19.0263
Pkt 106 480 0.220833 1
Pkt 66 300 0.22 1
Rate:442.717
==========
==========58
5 0 2 24000
Node 56 42 10
Pkt 55 250 0.22 1
Pkt 36 160 0.225 1
Node 46 41 9.84886
Pkt 66 300 0.22 1
Pkt 88 400 0.22 1
Node 65 30 25
Pkt 176 800 0.22 1
Pkt 176 800 0.22 1
Node 63 27 26.4197
Pkt 36 160 0.225 1
Pkt 36 160 0.225 1
Node 63 73 26.4197
Pkt 88 400 0.22 1
Pkt 66 300 0.22 1
Rate:443
==========
==========59
5 0 2 24000
Node 30 45 20.6155
Pkt 28 125 0.224 1
Pkt 22 100 0.22 1
Node 36 40 17.2047
Pkt 66 300 0.22 1
Pkt 83 375 0.221333 1
Node 47 54 5
Pkt 176 800 0.22 1
Pkt 176 800 0.22 1
Node 68 43 19.3132
Pkt 27 120 0.225 1
Pkt 53 240 0.220833 1
Node 67 29 27.0185
Pkt 71 320 0.221875 1
Pkt 106 480 0.220833 1
Rate:442.775
==========
==========60
5 0 2 24000
Node 53 63 13.3417
Pkt 22 100 0.22 1
Pkt 28 125 0.224 1
Node 39 52 11.1803
Pkt 83 375 0.221333 1
Pkt 66 300 0.22 1
Node 39 36 17.8045
Pkt 176 800 0.22 1
Pkt 165 750 0.22 1
Node 61 67 20.2485
Pkt 55 250 0.22 1
Pkt 44 200 0.22 1
Node 69 31 26.8701
Pkt 88 400 0.22 1
Pkt 83 375 0.221333 1
Rate:441.333
==========
==========61
5 0 2 24000
Node 54 55 6.40312
Pkt 22 100 0.22 1
Pkt 44 200 0.22 1
Node 46 31 19.4165
Pkt 83 375 0.221333 1
Pkt 106 480 0.220833 1
Node 29 57 22.1359
Pkt 176 800 0.22 1
Pkt 165 750 0.22 1
Node 57 26 25
Pkt 43 192 0.223958 1
Pkt 22 100 0.22 1
Node 41 53 9.48683
Pkt 88 400 0.22 1
Pkt 83 375 0.221333 1
Rate:441.492
==========
==========62
5 0 2 24000
Node 67 42 18.7883
Pkt 27 120 0.225 1
Pkt 36 160 0.225 1
Node 69 61 21.9545
Pkt 83 375 0.221333 1
Pkt 83 375 0.221333 1
Node 59 66 18.3576
Pkt 165 750 0.22 1
Pkt 176 800 0.22 1
Node 42 25 26.2488
Pkt 36 160 0.225 1
Pkt 33 150 0.22 1
Node 44 32 18.9737
Pkt 88 400 0.22 1
Pkt 83 375 0.221333 1
Rate:443.8
==========
==========63
5 0 2 24000
Node 48 50 2
Pkt 36 160 0.225 1
Pkt 33 150 0.22 1
Node 58 40 12.8062
Pkt 106 480 0.220833 1
Pkt 83 375 0.221333 1
Node 35 66 21.9317
Pkt 176 800 0.22 1
Pkt 165 750 0.22 1
Node 26 65 28.3019
Pkt 36 160 0.225 1
Pkt 27 120 0.225 1
Node 50 40 10
Pkt 88 400 0.22 1
Pkt 66 300 0.22 1
Rate:443.433
==========
==========64
5 0 2 24000
Node 54 68 18.4391
Pkt 22 100 0.22 1
Pkt 28 125 0.224 1
Node 69 45 19.6469
Pkt 88 400 0.22 1
Pkt 83 375 0.221333 1
Node 61 31 21.9545
Pkt 176 800 0.22 1
Pkt 176 800 0.22 1
Node 45 55 7.07107
Pkt 28 125 0.224 1
Pkt 22 100 0.22 1
Node 52 44 6.32456
Pkt 83 375 0.221333 1
Pkt 66 300 0.22 1
Rate:442.133
==========
==========65
5 0 2 24000
Node 32 71 27.6586
Pkt 33 150 0.22 1
Pkt 22 100 0.22 1
Node 38 25 27.7308
Pkt 88 400 0.22 1
Pkt 83 375 0.221333 1
Node 60 44 11.6619
Pkt 176 800 0.22 1
Pkt 165 750 0.22 1
Node 71 26 31.8904
Pkt 53 240 0.220833 1
Pkt 33 150 0.22 1
Node 37 69 23.0217
Pkt 88 400 0.22 1
Pkt 71 320 0.221875 1
Rate:440.808
==========
==========66
5 0 2 24000
Node 57 67 18.3848
Pkt 36 160 0.225 1
Pkt 22 100 0.22 1
Node 55 28 22.561
Pkt 83 375 0.221333 1
Pkt 83 375 0.221333 1
Node 56 43 9.21954
Pkt 176 800 0.22 1
Pkt 176 800 0.22 1
Node 36 58 16.1245
Pkt 27 120 0.225 1
Pkt 33 150 0.22 1
Node 50 48 2
Pkt 106 480 0.220833 1
Pkt 66 300 0.22 1
Rate:442.7
==========
==========67
5 0 2 24000
Node 67 44 18.0278
Pkt 53 240 0.220833 1
Pkt 43 192 0.223958 1
Node 63 68 22.2036
Pkt 88 400 0.22 1
Pkt 83 375 0.221333 1
Node 32 35 23.4307
Pkt 176 800 0.22 1
Pkt 176 800 0.22 1
Node 35 54 15.5242
Pkt 55 250 0.22 1
Pkt 27 120 0.225 1
Node 47 55 5.83095
Pkt 71 320 0.221875 1
Pkt 88 400 0.22 1
Rate:442.6
==========
==========68
5 0 2 24000
Node 63 70 23.8537
Pkt 28 125 0.224 1
Pkt 33 150 0.22 1
Node 34 34 22.6274
Pkt 66 300 0.22 1
Pkt 71 320 0.221875 1
Node 57 73 24.0416
Pkt 176 800 0.22 1
Pkt 176 800 0.22 1
Node 73 50 23
Pkt 44 200 0.22 1
Pkt 22 100 0.22 1
Node 37 65 19.8494
Pkt 71 320 0.221875 1
Pkt 66 300 0.22 1
Rate:441.55
==========
==========69
5 0 2 24000
Node 31 53 19.2354
Pkt 53 240 0.220833 1
Pkt 27 120 0.225 1
Node 47 40 10.4403
Pkt 106 480 0.220833 1
Pkt 106 480 0.220833 1
Node 52 38 12.1655
Pkt 176 800 0.22 1
Pkt 176 800 0.22 1
Node 33 48 17.1172
Pkt 27 120 0.225 1
Pkt 33 150 0.22 1
Node 59 70 21.9317
Pkt 71 320 0.221875 1
Pkt 66 300 0.22 1
Rate:442.875
==========
==========70
5 0 2 24000
Node 46 61 11.7047
Pkt 55 250 0.22 1
Pkt 28 125 0.224 1
Node 73 37 26.4197
Pkt 71 320 0.221875 1
Pkt 106 480 0.220833 1
Node 37 66 20.6155
Pkt 176 800 0.22 1
Pkt 176 800 0.22 1
Node 56 59 10.8167
Pkt 22 100 0.22 1
Pkt 33 150 0.22 1
Node 73 65 27.4591
Pkt 71 320 0.221875 1
Pkt 71 320 0.221875 1
Rate:442.092
==========
==========71
5 0 2 24000
Node 71 50 21
Pkt 22 100 0.22 1
Pkt 22 100 0.22 1
Node 25 34 29.6816
Pkt 83 375 0.221333 1
Pkt 71 320 0.221875 1
Node 37 59 15.8114
Pkt 165 750 0.22 1
Pkt 176 800 0.22 1
Node 63 61 17.0294
Pkt 43 192 0.223958 1
Pkt 28 125 0.224 1
Node 67 67 24.0416
Pkt 83 375 0.221333 1
Pkt 106 480 0.220833 1
Rate:442.667
==========
==========72
5 0 2 24000
Node 26 33 29.4109
Pkt 33 150 0.22 1
Pkt 28 125 0.224 1
Node 34 53 16.2788
Pkt 83 375 0.221333 1
Pkt 83 375 0.221333 1
Node 49 62 12.0416
Pkt 176 800 0.22 1
Pkt 165 750 0.22 1
Node 32 42 19.6977
Pkt 55 250 0.22 1
Pkt 27 120 0.225 1
Node 29 42 22.4722
Pkt 88 400 0.22 1
Pkt 83 375 0.221333 1
Rate:442.6
==========
==========73
5 0 2 24000
Node 26 41 25.632
Pkt 53 240 0.220833 1
Pkt 27 120 0.225 1
Node 60 31 21.4709
Pkt 106 480 0.220833 1
Pkt 66 300 0.22 1
Node 54 51 4.12311
Pkt 165 750 0.22 1
Pkt 165 750 0.22 1
Node 63 41 15.8114
Pkt 27 120 0.225 1
Pkt 28 125 0.224 1
Node 64 73 26.9258
Pkt 83 375 0.221333 1
Pkt 66 300 0.22 1
Rate:443.4
==========
==========74
5 0 2 24000
Node 27 27 32.5269
Pkt 22 100 0.22 1
Pkt 28 125 0.224 1
Node 59 47 9.48683
Pkt 83 375 0.221333 1
Pkt 71 320 0.221875 1
Node 50 25 25
Pkt 165 750 0.22 1
Pkt 165 750 0.22 1
Node 62 31 22.4722
Pkt 27 120 0.225 1
Pkt 43 192 0.223958 1
Node 32 59 20.1246
Pkt 66 300 0.22 1
Pkt 106 480 0.220833 1
Rate:443.4
==========
==========75
5 0 2 24000
Node 26 59 25.632
Pkt 22 100 0.22 1
Pkt 53 240 0.220833 1
Node 45 25 25.4951
Pkt 88 400 0.22 1
Pkt 71 320 0.221875 1
Node 60 30 22.3607
Pkt 176 800 0.22 1
Pkt 165 750 0.22 1
Node 64 31 23.6008
Pkt 44 200 0.22 1
Pkt 53 240 0.220833 1
Node 38 70 23.3238
Pkt 88 400 0.22 1
Pkt 66 300 0.22 1
Rate:440.708
==========
==========76
5 0 2 24000
Node 41 61 14.2127
Pkt 36 160 0.225 1
Pkt 55 250 0.22 1
Node 36 40 17.2047
Pkt 66 300 0.22 1
Pkt 83 375 0.221333 1
Node 30 30 28.2843
Pkt 176 800 0.22 1
Pkt 176 800 0.22 1
Node 67 68 24.7588
Pkt 44 200 0.22 1
Pkt 53 240 0.220833 1
Node 45 72 22.561
Pkt 83 375 0.221333 1
Pkt 83 375 0.221333 1
Rate:441.967
==========
==========77
5 0 2 24000
Node 52 25 25.0799
Pkt 28 125 0.224 1
Pkt 36 160 0.225 1
Node 34 63 20.6155
Pkt 66 300 0.22 1
Pkt 88 400 0.22 1
Node 32 66 24.0832
Pkt 176 800 0.22 1
Pkt 165 750 0.22 1
Node 57 63 14.7648
Pkt 28 125 0.224 1
Pkt 53 240 0.220833 1
Node 43 37 14.7648
Pkt 71 320 0.221875 1
Pkt 66 300 0.22 1
Rate:443.142
==========
==========78
5 0 2 24000
Node 32 57 19.3132
Pkt 22 100 0.22 1
Pkt 43 192 0.223958 1
Node 54 69 19.4165
Pkt 66 300 0.22 1
Pkt 71 320 0.221875 1
Node 54 40 10.7703
Pkt 176 800 0.22 1
Pkt 176 800 0.22 1
Node 42 56 10
Pkt 55 250 0.22 1
Pkt 43 192 0.223958 1
Node 44 25 25.7099
Pkt 88 400 0.22 1
Pkt 71 320 0.221875 1
Rate:442.333
==========
==========79
5 0 2 24000
Node 29 59 22.8473
Pkt 53 240 0.220833 1
Pkt 53 240 0.220833 1
Node 28 34 27.2029
Pkt 88 400 0.22 1
Pkt 71 320 0.221875 1
Node 34 44 17.088
Pkt 165 750 0.22 1
Pkt 176 800 0.22 1
Node 52 60 10.198
Pkt 27 120 0.225 1
Pkt 22 100 0.22 1
Node 28 52 22.0907
Pkt 71 320 0.221875 1
Pkt 106 480 0.220833 1
Rate:442.25
==========
==========80
5 0 2 24000
Node 52 36 14.1421
Pkt 22 100 0.22 1
Pkt 22 100 0.22 1
Node 63 66 20.6155
Pkt 66 300 0.22 1
Pkt 106 480 0.220833 1
Node 30 51 20.025
Pkt 165 750 0.22 1
Pkt 176 800 0.22 1
Node 25 72 33.3017
Pkt 53 240 0.220833 1
Pkt 55 250 0.22 1
Node 46 59 9.84886
Pkt 71 320 0.221875 1
Pkt 83 375 0.221333 1
Rate:440.975
==========
==========81
5 0 2 24000
Node 30 49 20.025
Pkt 43 192 0.223958 1
Pkt 55 250 0.22 1
Node 50 36 14
Pkt 88 400 0.22 1
Pkt 66 300 0.22 1
Node 70 31 27.5862
Pkt 165 750 0.22 1
Pkt 176 800 0.22 1
Node 30 53 20.2237
Pkt 43 192 0.223958 1
Pkt 27 120 0.225 1
Node 32 46 18.4391
Pkt 66 300 0.22 1
Pkt 66 300 0.22 1
Rate:442.583
==========
==========82
5 0 2 24000
Node 74 60 26
Pkt 36 160 0.225 1
Pkt 53 240 0.220833 1
Node 61 46 11.7047
Pkt 71 320 0.221875 1
Pkt 88 400 0.22 1
Node 64 64 19.799
Pkt 165 750 0.22 1
Pkt 176 800 0.22 1
Node 51 40 10.0499
Pkt 36 160 0.225 1
Pkt 53 240 0.220833 1
Node 34 74 28.8444
Pkt 88 400 0.22 1
Pkt 66 300 0.22 1
Rate:442.708
==========
==========83
5 0 2 24000
Node 60 44 11.6619
Pkt 27 120 0.225 1
Pkt 22 100 0.22 1
Node 70 64 24.4131
Pkt 83 375 0.221333 1
Pkt 106 480 0.220833 1
Node 64 66 21.2603
Pkt 176 800 0.22 1
Pkt 176 800 0.22 1
Node 38 56 13.4164
Pkt 36 160 0.225 1
Pkt 22 100 0.22 1
Node 27 60 25.0799
Pkt 66 300 0.22 1
Pkt 66 300 0.22 1
Rate:442.433
==========
==========84
5 0 2 24000
Node 48 34 16.1245
Pkt 36 160 0.225 1
Pkt 36 160 0.225 1
Node 31 74 30.6105
Pkt 71 320 0.221875 1
Pkt 66 300 0.22 1
Node 51 64 14.0357
Pkt 176 800 0.22 1
Pkt 165 750 0.22 1
Node 72 28 31.1127
Pkt 43 192 0.223958 1
Pkt 22 100 0.22 1
Node 58 48 8.24621
Pkt 88 400 0.22 1
Pkt 88 400 0.22 1
Rate:443.167
==========
==========85
5 0 2 24000
Node 28 51 22.0227
Pkt 36 160 0.225 1
Pkt 28 125 0.224 1
Node 56 43 9.21954
Pkt 71 320 0.221875 1
Pkt 71 320 0.221875 1
Node 38 30 23.3238
Pkt 165 750 0.22 1
Pkt 165 750 0.22 1
Node 72 32 28.4253
Pkt 36 160 0.225 1
Pkt 43 192 0.223958 1
Node 39 31 21.9545
Pkt 88 400 0.22 1
Pkt 88 400 0.22 1
Rate:444.342
==========
==========86
5 0 2 24000
Node 30 67 26.2488
Pkt 27 120 0.225 1
Pkt 28 125 0.224 1
Node 29 33 27.0185
Pkt 106 480 0.220833 1
Pkt 66 300 0.22 1
Node 64 69 23.6008
Pkt 176 800 0.22 1
Pkt 176 800 0.22 1
Node 44 68 18.9737
Pkt 53 240 0.220833 1
Pkt 27 120 0.225 1
Node 48 57 7.28011
Pkt 83 375 0.221333 1
Pkt 106 480 0.220833 1
Rate:443.567
==========
==========87
5 0 2 24000
Node 49 67 17.0294
Pkt 36 160 0.225 1
Pkt 27 120 0.225 1
Node 25 56 25.7099
Pkt 66 300 0.22 1
Pkt 88 400 0.22 1
Node 43 29 22.1359
Pkt 176 800 0.22 1
Pkt 165 750 0.22 1
Node 61 32 21.095
Pkt 44 200 0.22 1
Pkt 53 240 0.220833 1
Node 53 71 21.2132
Pkt 71 320 0.221875 1
Pkt 83 375 0.221333 1
Rate:442.808
==========
==========88
5 0 2 24000
Node 37 68 22.2036
Pkt 33 150 0.22 1
Pkt 33 150 0.22 1
Node 26 68 30
Pkt 88 400 0.22 1
Pkt 106 480 0.220833 1
Node 37 44 14.3178
Pkt 176 800 0.22 1
Pkt 176 800 0.22 1
Node 47 55 5.83095
Pkt 55 250 0.22 1
Pkt 33 150 0.22 1
Node 45 42 9.43398
Pkt 83 375 0.221333 1
Pkt 83 375 0.221333 1
Rate:440.7
==========
==========89
5 0 2 24000
Node 42 71 22.4722
Pkt 43 192 0.223958 1
Pkt 53 240 0.220833 1
Node 56 71 21.8403
Pkt 66 300 0.22 1
Pkt 71 320 0.221875 1
Node 30 38 23.3238
Pkt 176 800 0.22 1
Pkt 165 750 0.22 1
Node 62 29 24.1868
Pkt 44 200 0.22 1
Pkt 22 100 0.22 1
Node 29 73 31.1448
Pkt 66 300 0.22 1
Pkt 88 400 0.22 1
Rate:441.333
==========
==========90
5 0 2 24000
Node 31 26 30.6105
Pkt 44 200 0.22 1
Pkt 36 160 0.225 1
Node 44 44 8.48528
Pkt 71 320 0.221875 1
Pkt 88 400 0.22 1
Node 68 65 23.4307
Pkt 176 800 0.22 1
Pkt 165 750 0.22 1
Node 69 38 22.4722
Pkt 22 100 0.22 1
Pkt 33 150 0.22 1
Node 69 70 27.5862
Pkt 66 300 0.22 1
Pkt 66 300 0.22 1
Rate:441.375
==========
==========91
5 0 2 24000
Node 28 41 23.7697
Pkt 27 120 0.225 1
Pkt 22 100 0.22 1
Node 71 60 23.2594
Pkt 88 400 0.22 1
Pkt 106 480 0.220833 1
Node 33 61 20.2485
Pkt 176 800 0.22 1
Pkt 176 800 0.22 1
Node 52 61 11.1803
Pkt 27 120 0.225 1
Pkt 44 200 0.22 1
Node 40 56 11.6619
Pkt 88 400 0.22 1
Pkt 83 375 0.221333 1
Rate:442.433
==========
==========92
5 0 2 24000
Node 43 52 7.28011
Pkt 44 200 0.22 1
Pkt 27 120 0.225 1
Node 40 49 10.0499
Pkt 71 320 0.221875 1
Pkt 66 300 0.22 1
Node 52 72 22.0907
Pkt 176 800 0.22 1
Pkt 165 750 0.22 1
Node 51 71 21.0238
Pkt 22 100 0.22 1
Pkt 55 250 0.22 1
Node 70 63 23.8537
Pkt 106 480 0.220833 1
Pkt 88 400 0.22 1
Rate:441.542
==========
==========93
5 0 2 24000
Node 54 68 18.4391
Pkt 33 150 0.22 1
Pkt 27 120 0.225 1
Node 51 52 2.23607
Pkt 106 480 0.220833 1
Pkt 71 320 0.221875 1
Node 51 73 23.0217
Pkt 176 800 0.22 1
Pkt 165 750 0.22 1
Node 51 51 1.41421
Pkt 53 240 0.220833 1
Pkt 33 150 0.22 1
Node 30 53 20.2237
Pkt 66 300 0.22 1
Pkt 106 480 0.220833 1
Rate:441.875
==========
==========94
5 0 2 24000
Node 60 67 19.7231
Pkt 55 250 0.22 1
Pkt 33 150 0.22 1
Node 64 62 18.4391
Pkt 88 400 0.22 1
Pkt 66 300 0.22 1
Node 54 73 23.3452
Pkt 165 750 0.22 1
Pkt 176 800 0.22 1
Node 51 43 7.07107
Pkt 36 160 0.225 1
Pkt 33 150 0.22 1
Node 68 63 22.2036
Pkt 88 400 0.22 1
Pkt 71 320 0.221875 1
Rate:441.375
==========
==========95
5 0 2 24000
Node 70 46 20.3961
Pkt 44 200 0.22 1
Pkt 36 160 0.225 1
Node 55 62 13
Pkt 66 300 0.22 1
Pkt 66 300 0.22 1
Node 55 37 13.9284
Pkt 176 800 0.22 1
Pkt 176 800 0.22 1
Node 49 30 20.025
Pkt 28 125 0.224 1
Pkt 36 160 0.225 1
Node 29 71 29.6985
Pkt 88 400 0.22 1
Pkt 88 400 0.22 1
Rate:442.8
==========
==========96
5 0 2 24000
Node 57 26 25
Pkt 27 120 0.225 1
Pkt 55 250 0.22 1
Node 29 30 29
Pkt 71 320 0.221875 1
Pkt 88 400 0.22 1
Node 46 42 8.94427
Pkt 176 800 0.22 1
Pkt 176 800 0.22 1
Node 56 71 21.8403
Pkt 33 150 0.22 1
Pkt 36 160 0.225 1
Node 58 71 22.4722
Pkt 88 400 0.22 1
Pkt 88 400 0.22 1
Rate:442.375
==========
==========97
5 0 2 24000
Node 30 27 30.4795
Pkt 28 125 0.224 1
Pkt 53 240 0.220833 1
Node 74 50 24
Pkt 66 300 0.22 1
Pkt 83 375 0.221333 1
Node 63 68 22.2036
Pkt 176 800 0.22 1
Pkt 176 800 0.22 1
Node 34 32 24.0832
Pkt 53 240 0.220833 1
Pkt 27 120 0.225 1
Node 36 38 18.4391
Pkt 88 400 0.22 1
Pkt 88 400 0.22 1
Rate:442.4
==========
==========98
5 0 2 24000
Node 70 32 26.9072
Pkt 28 125 0.224 1
Pkt 43 192 0.223958 1
Node 25 72 33.3017
Pkt 71 320 0.221875 1
Pkt 106 480 0.220833 1
Node 58 49 8.06226
Pkt 176 800 0.22 1
Pkt 165 750 0.22 1
Node 38 33 20.8087
Pkt 33 150 0.22 1
Pkt 53 240 0.220833 1
Node 33 46 17.4642
Pkt 71 320 0.221875 1
Pkt 71 320 0.221875 1
Rate:443.05
==========
==========99
