5 0 2 24000
Node 60 51 10.0499
Pkt 31 192 0.161458 1
Pkt 24 150 0.16 1
Node 71 60 23.2594
Pkt 52 320 0.1625 1
Pkt 60 375 0.16 1
Node 49 42 8.06226
Pkt 128 800 0.16 1
Pkt 120 750 0.16 1
Node 42 30 21.5407
Pkt 26 160 0.1625 1
Pkt 31 192 0.161458 1
Node 41 58 12.0416
Pkt 64 400 0.16 1
Pkt 77 480 0.160417 1
Rate:321.667
==========
==========0
5 0 2 24000
Node 59 69 21.0238
Pkt 16 100 0.16 1
Pkt 32 200 0.16 1
Node 65 54 15.5242
Pkt 77 480 0.160417 1
Pkt 52 320 0.1625 1
Node 57 65 16.5529
Pkt 120 750 0.16 1
Pkt 128 800 0.16 1
Node 74 57 25
Pkt 40 250 0.16 1
Pkt 26 160 0.1625 1
Node 36 33 22.0227
Pkt 52 320 0.1625 1
Pkt 60 375 0.16 1
Rate:321.583
==========
==========1
5 0 2 24000
Node 34 62 20
Pkt 20 125 0.16 1
Pkt 39 240 0.1625 1
Node 45 44 7.81025
Pkt 77 480 0.160417 1
Pkt 64 400 0.16 1
Node 65 66 21.9317
Pkt 120 750 0.16 1
Pkt 128 800 0.16 1
Node 59 32 20.1246
Pkt 20 125 0.16 1
Pkt 20 120 0.166667 1
Node 56 25 25.7099
Pkt 64 400 0.16 1
Pkt 77 480 0.160417 1
Rate:322
==========
==========2
5 0 2 24000
Node 71 26 31.8904
Pkt 20 120 0.166667 1
Pkt 39 240 0.1625 1
Node 73 32 29.2062
Pkt 77 480 0.160417 1
Pkt 60 375 0.16 1
Node 43 47 7.61577
Pkt 128 800 0.16 1
Pkt 120 750 0.16 1
Node 73 27 32.5269
Pkt 40 250 0.16 1
Pkt 16 100 0.16 1
Node 41 32 20.1246
Pkt 64 400 0.16 1
Pkt 52 320 0.1625 1
Rate:322.417
==========
==========3
5 0 2 24000
Node 35 38 19.2094
Pkt 39 240 0.1625 1
Pkt 16 100 0.16 1
Node 28 29 30.4138
Pkt 64 400 0.16 1
Pkt 77 480 0.160417 1
Node 46 68 18.4391
Pkt 128 800 0.16 1
Pkt 128 800 0.16 1
Node 71 52 21.095
Pkt 40 250 0.16 1
Pkt 20 125 0.16 1
Node 37 30 23.8537
Pkt 52 320 0.1625 1
Pkt 60 375 0.16 1
Rate:321.083
==========
==========4
5 0 2 24000
Node 62 49 12.0416
Pkt 32 200 0.16 1
Pkt 40 250 0.16 1
Node 44 32 18.9737
Pkt 60 375 0.16 1
Pkt 64 400 0.16 1
Node 57 29 22.1359
Pkt 128 800 0.16 1
Pkt 120 750 0.16 1
Node 46 46 5.65685
Pkt 31 192 0.161458 1
Pkt 24 150 0.16 1
Node 45 67 17.72
Pkt 64 400 0.16 1
Pkt 60 375 0.16 1
Rate:320.292
==========
==========5
5 0 2 24000
Node 34 26 28.8444
Pkt 24 150 0.16 1
Pkt 24 150 0.16 1
Node 63 61 17.0294
Pkt 77 480 0.160417 1
Pkt 48 300 0.16 1
Node 32 30 26.9072
Pkt 120 750 0.16 1
Pkt 120 750 0.16 1
Node 39 54 11.7047
Pkt 16 100 0.16 1
Pkt 16 100 0.16 1
Node 64 69 23.6008
Pkt 52 320 0.1625 1
Pkt 64 400 0.16 1
Rate:320.583
==========
==========6
5 0 2 24000
Node 47 72 22.2036
Pkt 40 250 0.16 1
Pkt 16 100 0.16 1
Node 29 67 27.0185
Pkt 64 400 0.16 1
Pkt 77 480 0.160417 1
Node 73 25 33.9706
Pkt 128 800 0.16 1
Pkt 128 800 0.16 1
Node 51 37 13.0384
Pkt 40 250 0.16 1
Pkt 40 250 0.16 1
Node 68 61 21.095
Pkt 64 400 0.16 1
Pkt 48 300 0.16 1
Rate:320.083
==========
==========7
5 0 2 24000
Node 62 52 12.1655
Pkt 31 192 0.161458 1
Pkt 20 125 0.16 1
Node 53 34 16.2788
Pkt 64 400 0.16 1
Pkt 64 400 0.16 1
Node 33 68 24.7588
Pkt 128 800 0.16 1
Pkt 120 750 0.16 1
Node 39 41 14.2127
Pkt 24 150 0.16 1
Pkt 39 240 0.1625 1
Node 70 62 23.3238
Pkt 48 300 0.16 1
Pkt 64 400 0.16 1
Rate:320.792
==========
==========8
5 0 2 24000
Node 45 66 16.7631
Pkt 39 240 0.1625 1
Pkt 20 120 0.166667 1
Node 51 60 10.0499
Pkt 64 400 0.16 1
Pkt 48 300 0.16 1
Node 64 29 25.2389
Pkt 120 750 0.16 1
Pkt 120 750 0.16 1
Node 53 67 17.2627
Pkt 20 120 0.166667 1
Pkt 24 150 0.16 1
Node 25 62 27.7308
Pkt 48 300 0.16 1
Pkt 64 400 0.16 1
Rate:323.167
==========
==========9
5 0 2 24000
Node 38 26 26.8328
Pkt 20 120 0.166667 1
Pkt 20 125 0.16 1
Node 60 29 23.2594
Pkt 60 375 0.16 1
Pkt 52 320 0.1625 1
Node 53 53 4.24264
Pkt 128 800 0.16 1
Pkt 128 800 0.16 1
Node 33 71 27.0185
Pkt 24 150 0.16 1
Pkt 26 160 0.1625 1
Node 71 50 21
Pkt 64 400 0.16 1
Pkt 60 375 0.16 1
Rate:322.333
==========
==========10
5 0 2 24000
Node 47 55 5.83095
Pkt 32 200 0.16 1
Pkt 31 192 0.161458 1
Node 66 25 29.6816
Pkt 52 320 0.1625 1
Pkt 60 375 0.16 1
Node 40 45 11.1803
Pkt 128 800 0.16 1
Pkt 128 800 0.16 1
Node 53 54 5
Pkt 39 240 0.1625 1
Pkt 26 160 0.1625 1
Node 38 33 20.8087
Pkt 52 320 0.1625 1
Pkt 77 480 0.160417 1
Rate:322.375
==========
==========11
5 0 2 24000
Node 61 53 11.4018
Pkt 20 125 0.16 1
Pkt 31 192 0.161458 1
Node 54 31 19.4165
Pkt 52 320 0.1625 1
Pkt 77 480 0.160417 1
Node 45 63 13.9284
Pkt 120 750 0.16 1
Pkt 128 800 0.16 1
Node 43 54 8.06226
Pkt 32 200 0.16 1
Pkt 24 150 0.16 1
Node 57 70 21.1896
Pkt 64 400 0.16 1
Pkt 77 480 0.160417 1
Rate:320.958
==========
==========12
5 0 2 24000
Node 29 65 25.807
Pkt 39 240 0.1625 1
Pkt 20 120 0.166667 1
Node 65 47 15.2971
Pkt 64 400 0.16 1
Pkt 64 400 0.16 1
Node 69 50 19
Pkt 128 800 0.16 1
Pkt 120 750 0.16 1
Node 67 42 18.7883
Pkt 20 120 0.166667 1
Pkt 40 250 0.16 1
Node 46 51 4.12311
Pkt 48 300 0.16 1
Pkt 48 300 0.16 1
Rate:323.167
==========
==========13
5 0 2 24000
Node 28 32 28.4253
Pkt 26 160 0.1625 1
Pkt 31 192 0.161458 1
Node 55 50 5
Pkt 64 400 0.16 1
Pkt 52 320 0.1625 1
Node 63 71 24.6982
Pkt 128 800 0.16 1
Pkt 120 750 0.16 1
Node 71 61 23.7065
Pkt 20 120 0.166667 1
Pkt 32 200 0.16 1
Node 60 53 10.4403
Pkt 48 300 0.16 1
Pkt 64 400 0.16 1
Rate:322.625
==========
==========14
5 0 2 24000
Node 71 51 21.0238
Pkt 24 150 0.16 1
Pkt 24 150 0.16 1
Node 59 61 14.2127
Pkt 52 320 0.1625 1
Pkt 52 320 0.1625 1
Node 55 71 21.587
Pkt 128 800 0.16 1
Pkt 120 750 0.16 1
Node 39 65 18.6011
Pkt 32 200 0.16 1
Pkt 39 240 0.1625 1
Node 53 31 19.2354
Pkt 48 300 0.16 1
Pkt 48 300 0.16 1
Rate:321.5
==========
==========15
5 0 2 24000
Node 44 35 16.1555
Pkt 39 240 0.1625 1
Pkt 32 200 0.16 1
Node 43 66 17.4642
Pkt 60 375 0.16 1
Pkt 60 375 0.16 1
Node 62 27 25.9422
Pkt 120 750 0.16 1
Pkt 120 750 0.16 1
Node 67 43 18.3848
Pkt 20 120 0.166667 1
Pkt 20 120 0.166667 1
Node 43 58 10.6301
Pkt 77 480 0.160417 1
Pkt 52 320 0.1625 1
Rate:323.75
==========
==========16
5 0 2 24000
Node 59 39 14.2127
Pkt 24 150 0.16 1
Pkt 16 100 0.16 1
Node 58 58 11.3137
Pkt 52 320 0.1625 1
Pkt 77 480 0.160417 1
Node 68 48 18.1108
Pkt 120 750 0.16 1
Pkt 128 800 0.16 1
Node 58 60 12.8062
Pkt 32 200 0.16 1
Pkt 24 150 0.16 1
Node 64 60 17.2047
Pkt 48 300 0.16 1
Pkt 77 480 0.160417 1
Rate:320.667
==========
==========17
5 0 2 24000
Node 53 53 4.24264
Pkt 16 100 0.16 1
Pkt 39 240 0.1625 1
Node 36 72 26.0768
Pkt 48 300 0.16 1
Pkt 60 375 0.16 1
Node 70 32 26.9072
Pkt 128 800 0.16 1
Pkt 120 750 0.16 1
Node 74 65 28.3019
Pkt 31 192 0.161458 1
Pkt 16 100 0.16 1
Node 40 28 24.1661
Pkt 77 480 0.160417 1
Pkt 77 480 0.160417 1
Rate:320.958
==========
==========18
5 0 2 24000
Node 60 62 15.6205
Pkt 20 125 0.16 1
Pkt 39 240 0.1625 1
Node 71 45 21.587
Pkt 52 320 0.1625 1
Pkt 52 320 0.1625 1
Node 25 40 26.9258
Pkt 128 800 0.16 1
Pkt 120 750 0.16 1
Node 53 70 20.2237
Pkt 40 250 0.16 1
Pkt 32 200 0.16 1
Node 43 38 13.8924
Pkt 64 400 0.16 1
Pkt 64 400 0.16 1
Rate:321.5
==========
==========19
5 0 2 24000
Node 52 28 22.0907
Pkt 39 240 0.1625 1
Pkt 32 200 0.16 1
Node 25 28 33.3017
Pkt 48 300 0.16 1
Pkt 48 300 0.16 1
Node 30 61 22.8254
Pkt 128 800 0.16 1
Pkt 120 750 0.16 1
Node 72 32 28.4253
Pkt 40 250 0.16 1
Pkt 20 120 0.166667 1
Node 62 69 22.4722
Pkt 52 320 0.1625 1
Pkt 60 375 0.16 1
Rate:322.333
==========
==========20
5 0 2 24000
Node 62 29 24.1868
Pkt 16 100 0.16 1
Pkt 32 200 0.16 1
Node 33 65 22.6716
Pkt 77 480 0.160417 1
Pkt 77 480 0.160417 1
Node 63 25 28.178
Pkt 128 800 0.16 1
Pkt 128 800 0.16 1
Node 38 27 25.9422
Pkt 16 100 0.16 1
Pkt 20 125 0.16 1
Node 42 26 25.2982
Pkt 52 320 0.1625 1
Pkt 60 375 0.16 1
Rate:320.667
==========
==========21
5 0 2 24000
Node 59 31 21.0238
Pkt 26 160 0.1625 1
Pkt 31 192 0.161458 1
Node 27 44 23.7697
Pkt 48 300 0.16 1
Pkt 77 480 0.160417 1
Node 59 64 16.6433
Pkt 120 750 0.16 1
Pkt 128 800 0.16 1
Node 62 55 13
Pkt 16 100 0.16 1
Pkt 20 120 0.166667 1
Node 56 53 6.7082
Pkt 52 320 0.1625 1
Pkt 52 320 0.1625 1
Rate:323.208
==========
==========22
5 0 2 24000
Node 35 29 25.807
Pkt 24 150 0.16 1
Pkt 26 160 0.1625 1
Node 69 74 30.6105
Pkt 60 375 0.16 1
Pkt 64 400 0.16 1
Node 52 51 2.23607
Pkt 128 800 0.16 1
Pkt 128 800 0.16 1
Node 34 35 21.9317
Pkt 26 160 0.1625 1
Pkt 20 120 0.166667 1
Node 30 36 24.4131
Pkt 64 400 0.16 1
Pkt 52 320 0.1625 1
Rate:322.833
==========
==========23
5 0 2 24000
Node 39 30 22.8254
Pkt 26 160 0.1625 1
Pkt 20 125 0.16 1
Node 34 29 26.4008
Pkt 48 300 0.16 1
Pkt 64 400 0.16 1
Node 65 51 15.0333
Pkt 120 750 0.16 1
Pkt 120 750 0.16 1
Node 58 42 11.3137
Pkt 26 160 0.1625 1
Pkt 31 192 0.161458 1
Node 61 72 24.5967
Pkt 48 300 0.16 1
Pkt 64 400 0.16 1
Rate:321.292
==========
==========24
5 0 2 24000
Node 72 26 32.5576
Pkt 39 240 0.1625 1
Pkt 32 200 0.16 1
Node 67 53 17.2627
Pkt 60 375 0.16 1
Pkt 60 375 0.16 1
Node 35 27 27.4591
Pkt 128 800 0.16 1
Pkt 128 800 0.16 1
Node 35 26 28.3019
Pkt 40 250 0.16 1
Pkt 26 160 0.1625 1
Node 72 63 25.5539
Pkt 77 480 0.160417 1
Pkt 48 300 0.16 1
Rate:321.083
==========
==========25
5 0 2 24000
Node 60 51 10.0499
Pkt 39 240 0.1625 1
Pkt 40 250 0.16 1
Node 57 28 23.0868
Pkt 60 375 0.16 1
Pkt 60 375 0.16 1
Node 32 72 28.4253
Pkt 128 800 0.16 1
Pkt 128 800 0.16 1
Node 62 34 20
Pkt 39 240 0.1625 1
Pkt 32 200 0.16 1
Node 42 62 14.4222
Pkt 60 375 0.16 1
Pkt 60 375 0.16 1
Rate:321
==========
==========26
5 0 2 24000
Node 51 44 6.08276
Pkt 24 150 0.16 1
Pkt 31 192 0.161458 1
Node 31 33 25.4951
Pkt 77 480 0.160417 1
Pkt 64 400 0.16 1
Node 44 47 6.7082
Pkt 128 800 0.16 1
Pkt 120 750 0.16 1
Node 52 64 14.1421
Pkt 31 192 0.161458 1
Pkt 39 240 0.1625 1
Node 34 25 29.6816
Pkt 64 400 0.16 1
Pkt 48 300 0.16 1
Rate:321.167
==========
==========27
5 0 2 24000
Node 74 56 24.7386
Pkt 16 100 0.16 1
Pkt 32 200 0.16 1
Node 45 29 21.587
Pkt 77 480 0.160417 1
Pkt 77 480 0.160417 1
Node 64 37 19.105
Pkt 128 800 0.16 1
Pkt 120 750 0.16 1
Node 38 52 12.1655
Pkt 40 250 0.16 1
Pkt 31 192 0.161458 1
Node 31 38 22.4722
Pkt 77 480 0.160417 1
Pkt 64 400 0.16 1
Rate:320.542
==========
==========28
5 0 2 24000
Node 26 60 26
Pkt 40 250 0.16 1
Pkt 31 192 0.161458 1
Node 69 41 21.0238
Pkt 77 480 0.160417 1
Pkt 48 300 0.16 1
Node 46 29 21.3776
Pkt 128 800 0.16 1
Pkt 128 800 0.16 1
Node 62 47 12.3693
Pkt 20 120 0.166667 1
Pkt 40 250 0.16 1
Node 42 58 11.3137
Pkt 77 480 0.160417 1
Pkt 52 320 0.1625 1
Rate:322.292
==========
==========29
5 0 2 24000
Node 34 52 16.1245
Pkt 39 240 0.1625 1
Pkt 39 240 0.1625 1
Node 38 73 25.9422
Pkt 64 400 0.16 1
Pkt 64 400 0.16 1
Node 71 45 21.587
Pkt 128 800 0.16 1
Pkt 120 750 0.16 1
Node 37 73 26.4197
Pkt 20 125 0.16 1
Pkt 32 200 0.16 1
Node 74 71 31.8904
Pkt 48 300 0.16 1
Pkt 48 300 0.16 1
Rate:321
==========
==========30
5 0 2 24000
Node 62 43 13.8924
Pkt 26 160 0.1625 1
Pkt 16 100 0.16 1
Node 32 26 30
Pkt 52 320 0.1625 1
Pkt 48 300 0.16 1
Node 25 67 30.2324
Pkt 120 750 0.16 1
Pkt 128 800 0.16 1
Node 55 49 5.09902
Pkt 26 160 0.1625 1
Pkt 31 192 0.161458 1
Node 25 39 27.313
Pkt 60 375 0.16 1
Pkt 52 320 0.1625 1
Rate:322.292
==========
==========31
5 0 2 24000
Node 39 61 15.5563
Pkt 40 250 0.16 1
Pkt 26 160 0.1625 1
Node 71 60 23.2594
Pkt 64 400 0.16 1
Pkt 48 300 0.16 1
Node 73 57 24.0416
Pkt 128 800 0.16 1
Pkt 120 750 0.16 1
Node 67 46 17.4642
Pkt 24 150 0.16 1
Pkt 31 192 0.161458 1
Node 30 66 25.6125
Pkt 52 320 0.1625 1
Pkt 52 320 0.1625 1
Rate:321.792
==========
==========32
5 0 2 24000
Node 53 46 5
Pkt 40 250 0.16 1
Pkt 39 240 0.1625 1
Node 73 53 23.1948
Pkt 60 375 0.16 1
Pkt 64 400 0.16 1
Node 34 45 16.7631
Pkt 120 750 0.16 1
Pkt 120 750 0.16 1
Node 61 62 16.2788
Pkt 20 125 0.16 1
Pkt 16 100 0.16 1
Node 73 46 23.3452
Pkt 48 300 0.16 1
Pkt 60 375 0.16 1
Rate:320.5
==========
==========33
5 0 2 24000
Node 25 53 25.1794
Pkt 39 240 0.1625 1
Pkt 20 120 0.166667 1
Node 62 38 16.9706
Pkt 52 320 0.1625 1
Pkt 60 375 0.16 1
Node 66 45 16.7631
Pkt 128 800 0.16 1
Pkt 120 750 0.16 1
Node 61 50 11
Pkt 26 160 0.1625 1
Pkt 20 125 0.16 1
Node 29 34 26.4008
Pkt 48 300 0.16 1
Pkt 60 375 0.16 1
Rate:322.833
==========
==========34
5 0 2 24000
Node 29 73 31.1448
Pkt 32 200 0.16 1
Pkt 39 240 0.1625 1
Node 66 34 22.6274
Pkt 52 320 0.1625 1
Pkt 64 400 0.16 1
Node 60 29 23.2594
Pkt 128 800 0.16 1
Pkt 128 800 0.16 1
Node 54 61 11.7047
Pkt 31 192 0.161458 1
Pkt 20 125 0.16 1
Node 61 27 25.4951
Pkt 48 300 0.16 1
Pkt 77 480 0.160417 1
Rate:321.375
==========
==========35
5 0 2 24000
Node 38 68 21.6333
Pkt 26 160 0.1625 1
Pkt 20 120 0.166667 1
Node 70 31 27.5862
Pkt 48 300 0.16 1
Pkt 64 400 0.16 1
Node 51 74 24.0208
Pkt 128 800 0.16 1
Pkt 128 800 0.16 1
Node 58 25 26.2488
Pkt 24 150 0.16 1
Pkt 32 200 0.16 1
Node 50 53 3
Pkt 77 480 0.160417 1
Pkt 77 480 0.160417 1
Rate:322
==========
==========36
5 0 2 24000
Node 60 63 16.4012
Pkt 39 240 0.1625 1
Pkt 16 100 0.16 1
Node 44 62 13.4164
Pkt 64 400 0.16 1
Pkt 64 400 0.16 1
Node 74 65 28.3019
Pkt 128 800 0.16 1
Pkt 128 800 0.16 1
Node 31 30 27.5862
Pkt 32 200 0.16 1
Pkt 20 120 0.166667 1
Node 38 71 24.1868
Pkt 48 300 0.16 1
Pkt 60 375 0.16 1
Rate:321.833
==========
==========37
5 0 2 24000
Node 34 66 22.6274
Pkt 16 100 0.16 1
Pkt 24 150 0.16 1
Node 52 68 18.1108
Pkt 60 375 0.16 1
Pkt 52 320 0.1625 1
Node 41 31 21.0238
Pkt 120 750 0.16 1
Pkt 128 800 0.16 1
Node 60 31 21.4709
Pkt 31 192 0.161458 1
Pkt 32 200 0.16 1
Node 32 50 18
Pkt 60 375 0.16 1
Pkt 52 320 0.1625 1
Rate:321.292
==========
==========38
5 0 2 24000
Node 38 65 19.2094
Pkt 20 125 0.16 1
Pkt 16 100 0.16 1
Node 29 63 24.6982
Pkt 52 320 0.1625 1
Pkt 48 300 0.16 1
Node 30 63 23.8537
Pkt 120 750 0.16 1
Pkt 128 800 0.16 1
Node 61 68 21.095
Pkt 26 160 0.1625 1
Pkt 40 250 0.16 1
Node 67 57 18.3848
Pkt 48 300 0.16 1
Pkt 52 320 0.1625 1
Rate:321.5
==========
==========39
5 0 2 24000
Node 51 65 15.0333
Pkt 16 100 0.16 1
Pkt 32 200 0.16 1
Node 41 43 11.4018
Pkt 77 480 0.160417 1
Pkt 64 400 0.16 1
Node 46 41 9.84886
Pkt 120 750 0.16 1
Pkt 120 750 0.16 1
Node 70 56 20.8806
Pkt 24 150 0.16 1
Pkt 26 160 0.1625 1
Node 41 57 11.4018
Pkt 48 300 0.16 1
Pkt 48 300 0.16 1
Rate:320.583
==========
==========40
5 0 2 24000
Node 49 47 3.16228
Pkt 26 160 0.1625 1
Pkt 16 100 0.16 1
Node 69 26 30.6105
Pkt 77 480 0.160417 1
Pkt 77 480 0.160417 1
Node 69 67 25.4951
Pkt 128 800 0.16 1
Pkt 120 750 0.16 1
Node 33 51 17.0294
Pkt 31 192 0.161458 1
Pkt 20 125 0.16 1
Node 59 60 13.4536
Pkt 52 320 0.1625 1
Pkt 60 375 0.16 1
Rate:321.458
==========
==========41
5 0 2 24000
Node 64 59 16.6433
Pkt 26 160 0.1625 1
Pkt 26 160 0.1625 1
Node 68 59 20.1246
Pkt 48 300 0.16 1
Pkt 77 480 0.160417 1
Node 63 41 15.8114
Pkt 120 750 0.16 1
Pkt 128 800 0.16 1
Node 62 64 18.4391
Pkt 39 240 0.1625 1
Pkt 40 250 0.16 1
Node 25 45 25.4951
Pkt 48 300 0.16 1
Pkt 60 375 0.16 1
Rate:321.583
==========
==========42
5 0 2 24000
Node 74 29 31.8904
Pkt 20 120 0.166667 1
Pkt 39 240 0.1625 1
Node 41 69 21.0238
Pkt 77 480 0.160417 1
Pkt 60 375 0.16 1
Node 27 45 23.5372
Pkt 120 750 0.16 1
Pkt 120 750 0.16 1
Node 54 49 4.12311
Pkt 26 160 0.1625 1
Pkt 31 192 0.161458 1
Node 57 72 23.0868
Pkt 64 400 0.16 1
Pkt 60 375 0.16 1
Rate:322.708
==========
==========43
5 0 2 24000
Node 55 60 11.1803
Pkt 39 240 0.1625 1
Pkt 20 125 0.16 1
Node 51 64 14.0357
Pkt 77 480 0.160417 1
Pkt 64 400 0.16 1
Node 28 61 24.5967
Pkt 120 750 0.16 1
Pkt 128 800 0.16 1
Node 44 47 6.7082
Pkt 24 150 0.16 1
Pkt 31 192 0.161458 1
Node 31 39 21.9545
Pkt 64 400 0.16 1
Pkt 48 300 0.16 1
Rate:320.875
==========
==========44
5 0 2 24000
Node 36 74 27.7849
Pkt 39 240 0.1625 1
Pkt 39 240 0.1625 1
Node 73 45 23.5372
Pkt 60 375 0.16 1
Pkt 48 300 0.16 1
Node 49 35 15.0333
Pkt 128 800 0.16 1
Pkt 120 750 0.16 1
Node 28 56 22.8035
Pkt 31 192 0.161458 1
Pkt 16 100 0.16 1
Node 48 67 17.1172
Pkt 77 480 0.160417 1
Pkt 64 400 0.16 1
Rate:321.375
==========
==========45
5 0 2 24000
Node 70 60 22.3607
Pkt 32 200 0.16 1
Pkt 20 125 0.16 1
Node 30 30 28.2843
Pkt 52 320 0.1625 1
Pkt 77 480 0.160417 1
Node 68 31 26.1725
Pkt 128 800 0.16 1
Pkt 120 750 0.16 1
Node 48 29 21.095
Pkt 20 120 0.166667 1
Pkt 31 192 0.161458 1
Node 64 68 22.8035
Pkt 52 320 0.1625 1
Pkt 77 480 0.160417 1
Rate:322.792
==========
==========46
5 0 2 24000
Node 26 46 24.3311
Pkt 24 150 0.16 1
Pkt 26 160 0.1625 1
Node 32 48 18.1108
Pkt 64 400 0.16 1
Pkt 64 400 0.16 1
Node 59 57 11.4018
Pkt 128 800 0.16 1
Pkt 120 750 0.16 1
Node 31 63 23.0217
Pkt 24 150 0.16 1
Pkt 31 192 0.161458 1
Node 32 35 23.4307
Pkt 64 400 0.16 1
Pkt 52 320 0.1625 1
Rate:321.292
==========
==========47
5 0 2 24000
Node 59 69 21.0238
Pkt 20 120 0.166667 1
Pkt 20 120 0.166667 1
Node 43 39 13.0384
Pkt 48 300 0.16 1
Pkt 48 300 0.16 1
Node 59 34 18.3576
Pkt 128 800 0.16 1
Pkt 120 750 0.16 1
Node 29 44 21.8403
Pkt 20 125 0.16 1
Pkt 24 150 0.16 1
Node 41 59 12.7279
Pkt 52 320 0.1625 1
Pkt 64 400 0.16 1
Rate:323.167
==========
==========48
5 0 2 24000
Node 64 58 16.1245
Pkt 39 240 0.1625 1
Pkt 20 125 0.16 1
Node 38 57 13.8924
Pkt 60 375 0.16 1
Pkt 48 300 0.16 1
Node 66 29 26.4008
Pkt 120 750 0.16 1
Pkt 128 800 0.16 1
Node 33 62 20.8087
Pkt 20 125 0.16 1
Pkt 20 125 0.16 1
Node 68 60 20.5913
Pkt 52 320 0.1625 1
Pkt 77 480 0.160417 1
Rate:321.083
==========
==========49
5 0 2 24000
Node 68 51 18.0278
Pkt 40 250 0.16 1
Pkt 16 100 0.16 1
Node 61 27 25.4951
Pkt 64 400 0.16 1
Pkt 60 375 0.16 1
Node 28 67 27.8029
Pkt 120 750 0.16 1
Pkt 120 750 0.16 1
Node 49 47 3.16228
Pkt 26 160 0.1625 1
Pkt 32 200 0.16 1
Node 73 47 23.1948
Pkt 52 320 0.1625 1
Pkt 48 300 0.16 1
Rate:321
==========
==========50
5 0 2 24000
Node 43 73 24.0416
Pkt 26 160 0.1625 1
Pkt 31 192 0.161458 1
Node 41 26 25.632
Pkt 60 375 0.16 1
Pkt 77 480 0.160417 1
Node 46 25 25.318
Pkt 128 800 0.16 1
Pkt 120 750 0.16 1
Node 51 27 23.0217
Pkt 16 100 0.16 1
Pkt 31 192 0.161458 1
Node 60 43 12.2066
Pkt 48 300 0.16 1
Pkt 60 375 0.16 1
Rate:321.167
==========
==========51
5 0 2 24000
Node 72 44 22.8035
Pkt 20 125 0.16 1
Pkt 32 200 0.16 1
Node 42 71 22.4722
Pkt 60 375 0.16 1
Pkt 64 400 0.16 1
Node 53 66 16.2788
Pkt 128 800 0.16 1
Pkt 120 750 0.16 1
Node 31 28 29.0689
Pkt 39 240 0.1625 1
Pkt 39 240 0.1625 1
Node 55 47 5.83095
Pkt 64 400 0.16 1
Pkt 48 300 0.16 1
Rate:321
==========
==========52
5 0 2 24000
Node 32 35 23.4307
Pkt 31 192 0.161458 1
Pkt 16 100 0.16 1
Node 69 33 25.4951
Pkt 77 480 0.160417 1
Pkt 48 300 0.16 1
Node 63 54 13.6015
Pkt 128 800 0.16 1
Pkt 120 750 0.16 1
Node 37 40 16.4012
Pkt 39 240 0.1625 1
Pkt 39 240 0.1625 1
Node 66 60 18.868
Pkt 48 300 0.16 1
Pkt 52 320 0.1625 1
Rate:321.875
==========
==========53
5 0 2 24000
Node 60 48 10.198
Pkt 31 192 0.161458 1
Pkt 26 160 0.1625 1
Node 34 74 28.8444
Pkt 77 480 0.160417 1
Pkt 77 480 0.160417 1
Node 59 37 15.8114
Pkt 120 750 0.16 1
Pkt 120 750 0.16 1
Node 46 51 4.12311
Pkt 40 250 0.16 1
Pkt 20 125 0.16 1
Node 37 44 14.3178
Pkt 77 480 0.160417 1
Pkt 52 320 0.1625 1
Rate:321.542
==========
==========54
5 0 2 24000
Node 56 38 13.4164
Pkt 31 192 0.161458 1
Pkt 40 250 0.16 1
Node 25 64 28.6531
Pkt 60 375 0.16 1
Pkt 52 320 0.1625 1
Node 31 67 25.4951
Pkt 128 800 0.16 1
Pkt 128 800 0.16 1
Node 74 46 24.3311
Pkt 26 160 0.1625 1
Pkt 20 120 0.166667 1
Node 47 65 15.2971
Pkt 48 300 0.16 1
Pkt 52 320 0.1625 1
Rate:323.125
==========
==========55
5 0 2 24000
Node 53 68 18.2483
Pkt 39 240 0.1625 1
Pkt 20 120 0.166667 1
Node 67 46 17.4642
Pkt 77 480 0.160417 1
Pkt 77 480 0.160417 1
Node 25 49 25.02
Pkt 120 750 0.16 1
Pkt 120 750 0.16 1
Node 33 66 23.3452
Pkt 16 100 0.16 1
Pkt 40 250 0.16 1
Node 42 47 8.544
Pkt 48 300 0.16 1
Pkt 64 400 0.16 1
Rate:322
==========
==========56
5 0 2 24000
Node 43 71 22.1359
Pkt 32 200 0.16 1
Pkt 20 125 0.16 1
Node 74 44 24.7386
Pkt 60 375 0.16 1
Pkt 60 375 0.16 1
Node 66 33 23.3452
Pkt 128 800 0.16 1
Pkt 120 750 0.16 1
Node 55 64 14.8661
Pkt 40 250 0.16 1
Pkt 40 250 0.16 1
Node 27 55 23.5372
Pkt 64 400 0.16 1
Pkt 77 480 0.160417 1
Rate:320.083
==========
==========57
5 0 2 24000
Node 49 54 4.12311
Pkt 16 100 0.16 1
Pkt 20 125 0.16 1
Node 30 36 24.4131
Pkt 77 480 0.160417 1
Pkt 52 320 0.1625 1
Node 57 68 19.3132
Pkt 128 800 0.16 1
Pkt 128 800 0.16 1
Node 54 50 4
Pkt 31 192 0.161458 1
Pkt 31 192 0.161458 1
Node 43 56 9.21954
Pkt 48 300 0.16 1
Pkt 64 400 0.16 1
Rate:321.167
==========
==========58
5 0 2 24000
Node 25 46 25.318
Pkt 26 160 0.1625 1
Pkt 31 192 0.161458 1
Node 52 69 19.105
Pkt 64 400 0.16 1
Pkt 48 300 0.16 1
Node 36 42 16.1245
Pkt 128 800 0.16 1
Pkt 128 800 0.16 1
Node 62 71 24.1868
Pkt 24 150 0.16 1
Pkt 31 192 0.161458 1
Node 70 42 21.5407
Pkt 60 375 0.16 1
Pkt 77 480 0.160417 1
Rate:321.167
==========
==========59
5 0 2 24000
Node 55 57 8.60233
Pkt 40 250 0.16 1
Pkt 20 120 0.166667 1
Node 40 68 20.5913
Pkt 77 480 0.160417 1
Pkt 60 375 0.16 1
Node 66 60 18.868
Pkt 120 750 0.16 1
Pkt 120 750 0.16 1
Node 36 60 17.2047
Pkt 40 250 0.16 1
Pkt 24 150 0.16 1
Node 32 40 20.5913
Pkt 64 400 0.16 1
Pkt 52 320 0.1625 1
Rate:321.917
==========
==========60
5 0 2 24000
Node 47 44 6.7082
Pkt 39 240 0.1625 1
Pkt 20 120 0.166667 1
Node 65 43 16.5529
Pkt 52 320 0.1625 1
Pkt 77 480 0.160417 1
Node 25 67 30.2324
Pkt 128 800 0.16 1
Pkt 128 800 0.16 1
Node 50 63 13
Pkt 20 120 0.166667 1
Pkt 31 192 0.161458 1
Node 55 38 13
Pkt 48 300 0.16 1
Pkt 77 480 0.160417 1
Rate:324.125
==========
==========61
5 0 2 24000
Node 47 56 6.7082
Pkt 20 120 0.166667 1
Pkt 20 120 0.166667 1
Node 49 66 16.0312
Pkt 48 300 0.16 1
Pkt 77 480 0.160417 1
Node 59 31 21.0238
Pkt 128 800 0.16 1
Pkt 120 750 0.16 1
Node 61 50 11
Pkt 16 100 0.16 1
Pkt 40 250 0.16 1
Node 35 54 15.5242
Pkt 48 300 0.16 1
Pkt 52 320 0.1625 1
Rate:323.25
==========
==========62
5 0 2 24000
Node 51 72 22.0227
Pkt 20 120 0.166667 1
Pkt 20 120 0.166667 1
Node 65 46 15.5242
Pkt 77 480 0.160417 1
Pkt 52 320 0.1625 1
Node 51 62 12.0416
Pkt 120 750 0.16 1
Pkt 128 800 0.16 1
Node 61 64 17.8045
Pkt 40 250 0.16 1
Pkt 20 120 0.166667 1
Node 56 54 7.2111
Pkt 52 320 0.1625 1
Pkt 60 375 0.16 1
Rate:325.083
==========
==========63
5 0 2 24000
Node 44 58 10
Pkt 39 240 0.1625 1
Pkt 20 125 0.16 1
Node 34 59 18.3576
Pkt 48 300 0.16 1
Pkt 60 375 0.16 1
Node 53 58 8.544
Pkt 120 750 0.16 1
Pkt 128 800 0.16 1
Node 61 70 22.8254
Pkt 20 120 0.166667 1
Pkt 16 100 0.16 1
Node 38 68 21.6333
Pkt 48 300 0.16 1
Pkt 48 300 0.16 1
Rate:321.833
==========
==========64
5 0 2 24000
Node 67 31 25.4951
Pkt 39 240 0.1625 1
Pkt 16 100 0.16 1
Node 50 39 11
Pkt 52 320 0.1625 1
Pkt 64 400 0.16 1
Node 74 40 26
Pkt 128 800 0.16 1
Pkt 120 750 0.16 1
Node 72 47 22.2036
Pkt 20 125 0.16 1
Pkt 16 100 0.16 1
Node 32 45 18.6815
Pkt 60 375 0.16 1
Pkt 77 480 0.160417 1
Rate:321.083
==========
==========65
5 0 2 24000
Node 33 53 17.2627
Pkt 20 125 0.16 1
Pkt 24 150 0.16 1
Node 25 62 27.7308
Pkt 60 375 0.16 1
Pkt 48 300 0.16 1
Node 29 47 21.2132
Pkt 120 750 0.16 1
Pkt 128 800 0.16 1
Node 37 26 27.2947
Pkt 40 250 0.16 1
Pkt 24 150 0.16 1
Node 69 74 30.6105
Pkt 48 300 0.16 1
Pkt 48 300 0.16 1
Rate:320
==========
==========66
5 0 2 24000
Node 65 54 15.5242
Pkt 16 100 0.16 1
Pkt 16 100 0.16 1
Node 29 32 27.6586
Pkt 52 320 0.1625 1
Pkt 77 480 0.160417 1
Node 51 63 13.0384
Pkt 120 750 0.16 1
Pkt 128 800 0.16 1
Node 40 32 20.5913
Pkt 39 240 0.1625 1
Pkt 39 240 0.1625 1
Node 39 41 14.2127
Pkt 77 480 0.160417 1
Pkt 64 400 0.16 1
Rate:321.667
==========
==========67
5 0 2 24000
Node 25 67 30.2324
Pkt 16 100 0.16 1
Pkt 26 160 0.1625 1
Node 70 41 21.9317
Pkt 64 400 0.16 1
Pkt 52 320 0.1625 1
Node 74 58 25.2982
Pkt 120 750 0.16 1
Pkt 128 800 0.16 1
Node 63 31 23.0217
Pkt 40 250 0.16 1
Pkt 31 192 0.161458 1
Node 31 73 29.8329
Pkt 52 320 0.1625 1
Pkt 52 320 0.1625 1
Rate:322.292
==========
==========68
5 0 2 24000
Node 65 35 21.2132
Pkt 24 150 0.16 1
Pkt 16 100 0.16 1
Node 43 56 9.21954
Pkt 77 480 0.160417 1
Pkt 52 320 0.1625 1
Node 65 71 25.807
Pkt 120 750 0.16 1
Pkt 120 750 0.16 1
Node 32 38 21.6333
Pkt 32 200 0.16 1
Pkt 39 240 0.1625 1
Node 69 46 19.4165
Pkt 64 400 0.16 1
Pkt 60 375 0.16 1
Rate:321.083
==========
==========69
5 0 2 24000
Node 30 66 25.6125
Pkt 40 250 0.16 1
Pkt 26 160 0.1625 1
Node 45 68 18.6815
Pkt 48 300 0.16 1
Pkt 48 300 0.16 1
Node 52 40 10.198
Pkt 128 800 0.16 1
Pkt 120 750 0.16 1
Node 28 62 25.0599
Pkt 20 120 0.166667 1
Pkt 32 200 0.16 1
Node 55 63 13.9284
Pkt 64 400 0.16 1
Pkt 52 320 0.1625 1
Rate:322.333
==========
==========70
5 0 2 24000
Node 27 61 25.4951
Pkt 26 160 0.1625 1
Pkt 31 192 0.161458 1
Node 59 59 12.7279
Pkt 77 480 0.160417 1
Pkt 64 400 0.16 1
Node 68 30 26.9072
Pkt 128 800 0.16 1
Pkt 120 750 0.16 1
Node 34 60 18.868
Pkt 20 120 0.166667 1
Pkt 31 192 0.161458 1
Node 58 67 18.7883
Pkt 48 300 0.16 1
Pkt 52 320 0.1625 1
Rate:323
==========
==========71
5 0 2 24000
Node 71 29 29.6985
Pkt 39 240 0.1625 1
Pkt 32 200 0.16 1
Node 41 36 16.6433
Pkt 52 320 0.1625 1
Pkt 52 320 0.1625 1
Node 51 40 10.0499
Pkt 120 750 0.16 1
Pkt 120 750 0.16 1
Node 57 52 7.28011
Pkt 40 250 0.16 1
Pkt 39 240 0.1625 1
Node 49 73 23.0217
Pkt 77 480 0.160417 1
Pkt 77 480 0.160417 1
Rate:322.167
==========
==========72
5 0 2 24000
Node 63 25 28.178
Pkt 31 192 0.161458 1
Pkt 24 150 0.16 1
Node 48 65 15.1327
Pkt 60 375 0.16 1
Pkt 48 300 0.16 1
Node 70 52 20.0998
Pkt 120 750 0.16 1
Pkt 120 750 0.16 1
Node 30 33 26.2488
Pkt 26 160 0.1625 1
Pkt 40 250 0.16 1
Node 52 68 18.1108
Pkt 52 320 0.1625 1
Pkt 52 320 0.1625 1
Rate:321.792
==========
==========73
5 0 2 24000
Node 51 55 5.09902
Pkt 24 150 0.16 1
Pkt 20 120 0.166667 1
Node 59 70 21.9317
Pkt 52 320 0.1625 1
Pkt 48 300 0.16 1
Node 61 46 11.7047
Pkt 128 800 0.16 1
Pkt 120 750 0.16 1
Node 52 40 10.198
Pkt 26 160 0.1625 1
Pkt 39 240 0.1625 1
Node 40 32 20.5913
Pkt 48 300 0.16 1
Pkt 64 400 0.16 1
Rate:322.833
==========
==========74
5 0 2 24000
Node 28 59 23.7697
Pkt 20 125 0.16 1
Pkt 32 200 0.16 1
Node 56 39 12.53
Pkt 52 320 0.1625 1
Pkt 48 300 0.16 1
Node 50 43 7
Pkt 128 800 0.16 1
Pkt 128 800 0.16 1
Node 52 37 13.1529
Pkt 16 100 0.16 1
Pkt 24 150 0.16 1
Node 68 34 24.0832
Pkt 60 375 0.16 1
Pkt 48 300 0.16 1
Rate:320.5
==========
==========75
5 0 2 24000
Node 72 48 22.0907
Pkt 20 120 0.166667 1
Pkt 31 192 0.161458 1
Node 32 51 18.0278
Pkt 60 375 0.16 1
Pkt 48 300 0.16 1
Node 33 61 20.2485
Pkt 128 800 0.16 1
Pkt 120 750 0.16 1
Node 54 31 19.4165
Pkt 24 150 0.16 1
Pkt 20 120 0.166667 1
Node 69 44 19.9249
Pkt 52 320 0.1625 1
Pkt 64 400 0.16 1
Rate:323.458
==========
==========76
5 0 2 24000
Node 50 27 23
Pkt 32 200 0.16 1
Pkt 40 250 0.16 1
Node 48 38 12.1655
Pkt 60 375 0.16 1
Pkt 77 480 0.160417 1
Node 25 38 27.7308
Pkt 128 800 0.16 1
Pkt 120 750 0.16 1
Node 48 26 24.0832
Pkt 40 250 0.16 1
Pkt 20 120 0.166667 1
Node 36 31 23.6008
Pkt 60 375 0.16 1
Pkt 48 300 0.16 1
Rate:321.417
==========
==========77
5 0 2 24000
Node 40 26 26
Pkt 16 100 0.16 1
Pkt 16 100 0.16 1
Node 45 65 15.8114
Pkt 60 375 0.16 1
Pkt 60 375 0.16 1
Node 63 30 23.8537
Pkt 128 800 0.16 1
Pkt 128 800 0.16 1
Node 71 25 32.6497
Pkt 24 150 0.16 1
Pkt 26 160 0.1625 1
Node 30 63 23.8537
Pkt 64 400 0.16 1
Pkt 64 400 0.16 1
Rate:320.5
==========
==========78
5 0 2 24000
Node 56 73 23.7697
Pkt 24 150 0.16 1
Pkt 40 250 0.16 1
Node 68 52 18.1108
Pkt 64 400 0.16 1
Pkt 64 400 0.16 1
Node 61 64 17.8045
Pkt 120 750 0.16 1
Pkt 120 750 0.16 1
Node 25 32 30.8058
Pkt 32 200 0.16 1
Pkt 39 240 0.1625 1
Node 74 61 26.4008
Pkt 60 375 0.16 1
Pkt 77 480 0.160417 1
Rate:320.583
==========
==========79
5 0 2 24000
Node 27 39 25.4951
Pkt 31 192 0.161458 1
Pkt 31 192 0.161458 1
Node 38 51 12.0416
Pkt 52 320 0.1625 1
Pkt 77 480 0.160417 1
Node 41 35 17.4929
Pkt 128 800 0.16 1
Pkt 120 750 0.16 1
Node 44 44 8.48528
Pkt 26 160 0.1625 1
Pkt 16 100 0.16 1
Node 35 73 27.4591
Pkt 48 300 0.16 1
Pkt 77 480 0.160417 1
Rate:321.75
==========
==========80
5 0 2 24000
Node 27 66 28.0179
Pkt 26 160 0.1625 1
Pkt 26 160 0.1625 1
Node 70 70 28.2843
Pkt 48 300 0.16 1
Pkt 60 375 0.16 1
Node 51 32 18.0278
Pkt 128 800 0.16 1
Pkt 128 800 0.16 1
Node 54 64 14.5602
Pkt 32 200 0.16 1
Pkt 24 150 0.16 1
Node 27 71 31.1448
Pkt 64 400 0.16 1
Pkt 60 375 0.16 1
Rate:321
==========
==========81
5 0 2 24000
Node 73 35 27.4591
Pkt 40 250 0.16 1
Pkt 26 160 0.1625 1
Node 56 44 8.48528
Pkt 77 480 0.160417 1
Pkt 52 320 0.1625 1
Node 39 32 21.095
Pkt 128 800 0.16 1
Pkt 120 750 0.16 1
Node 56 28 22.8035
Pkt 26 160 0.1625 1
Pkt 32 200 0.16 1
Node 33 62 20.8087
Pkt 64 400 0.16 1
Pkt 60 375 0.16 1
Rate:321.583
==========
==========82
5 0 2 24000
Node 38 66 20
Pkt 39 240 0.1625 1
Pkt 20 120 0.166667 1
Node 51 66 16.0312
Pkt 52 320 0.1625 1
Pkt 77 480 0.160417 1
Node 56 74 24.7386
Pkt 128 800 0.16 1
Pkt 120 750 0.16 1
Node 31 66 24.8395
Pkt 32 200 0.16 1
Pkt 20 125 0.16 1
Node 45 43 8.60233
Pkt 48 300 0.16 1
Pkt 52 320 0.1625 1
Rate:322.917
==========
==========83
5 0 2 24000
Node 37 67 21.4009
Pkt 24 150 0.16 1
Pkt 39 240 0.1625 1
Node 51 60 10.0499
Pkt 60 375 0.16 1
Pkt 60 375 0.16 1
Node 31 38 22.4722
Pkt 120 750 0.16 1
Pkt 128 800 0.16 1
Node 63 57 14.7648
Pkt 24 150 0.16 1
Pkt 20 120 0.166667 1
Node 35 69 24.2074
Pkt 48 300 0.16 1
Pkt 60 375 0.16 1
Rate:321.833
==========
==========84
5 0 2 24000
Node 67 51 17.0294
Pkt 20 120 0.166667 1
Pkt 39 240 0.1625 1
Node 35 30 25
Pkt 77 480 0.160417 1
Pkt 52 320 0.1625 1
Node 73 30 30.4795
Pkt 120 750 0.16 1
Pkt 128 800 0.16 1
Node 37 36 19.105
Pkt 26 160 0.1625 1
Pkt 20 125 0.16 1
Node 68 47 18.2483
Pkt 48 300 0.16 1
Pkt 64 400 0.16 1
Rate:322.917
==========
==========85
5 0 2 24000
Node 65 35 21.2132
Pkt 26 160 0.1625 1
Pkt 20 125 0.16 1
Node 32 71 27.6586
Pkt 48 300 0.16 1
Pkt 64 400 0.16 1
Node 68 49 18.0278
Pkt 128 800 0.16 1
Pkt 128 800 0.16 1
Node 52 59 9.21954
Pkt 40 250 0.16 1
Pkt 26 160 0.1625 1
Node 36 38 18.4391
Pkt 48 300 0.16 1
Pkt 60 375 0.16 1
Rate:321
==========
==========86
5 0 2 24000
Node 59 56 10.8167
Pkt 40 250 0.16 1
Pkt 31 192 0.161458 1
Node 60 42 12.8062
Pkt 60 375 0.16 1
Pkt 52 320 0.1625 1
Node 65 25 29.1548
Pkt 128 800 0.16 1
Pkt 128 800 0.16 1
Node 73 28 31.8277
Pkt 20 125 0.16 1
Pkt 32 200 0.16 1
Node 32 69 26.1725
Pkt 60 375 0.16 1
Pkt 60 375 0.16 1
Rate:320.792
==========
==========87
5 0 2 24000
Node 50 65 15
Pkt 20 120 0.166667 1
Pkt 40 250 0.16 1
Node 30 69 27.5862
Pkt 77 480 0.160417 1
Pkt 77 480 0.160417 1
Node 30 41 21.9317
Pkt 120 750 0.16 1
Pkt 128 800 0.16 1
Node 70 29 29
Pkt 16 100 0.16 1
Pkt 39 240 0.1625 1
Node 39 26 26.4008
Pkt 60 375 0.16 1
Pkt 60 375 0.16 1
Rate:322
==========
==========88
5 0 2 24000
Node 61 42 13.6015
Pkt 24 150 0.16 1
Pkt 20 120 0.166667 1
Node 26 31 30.6105
Pkt 77 480 0.160417 1
Pkt 64 400 0.16 1
Node 69 69 26.8701
Pkt 120 750 0.16 1
Pkt 128 800 0.16 1
Node 46 51 4.12311
Pkt 24 150 0.16 1
Pkt 26 160 0.1625 1
Node 62 37 17.6918
Pkt 77 480 0.160417 1
Pkt 48 300 0.16 1
Rate:322
==========
==========89
5 0 2 24000
Node 56 33 18.0278
Pkt 20 120 0.166667 1
Pkt 32 200 0.16 1
Node 52 33 17.1172
Pkt 60 375 0.16 1
Pkt 77 480 0.160417 1
Node 33 47 17.2627
Pkt 128 800 0.16 1
Pkt 120 750 0.16 1
Node 52 61 11.1803
Pkt 26 160 0.1625 1
Pkt 31 192 0.161458 1
Node 35 53 15.2971
Pkt 64 400 0.16 1
Pkt 52 320 0.1625 1
Rate:322.708
==========
==========90
5 0 2 24000
Node 59 29 22.8473
Pkt 20 120 0.166667 1
Pkt 31 192 0.161458 1
Node 67 45 17.72
Pkt 64 400 0.16 1
Pkt 77 480 0.160417 1
Node 61 62 16.2788
Pkt 128 800 0.16 1
Pkt 128 800 0.16 1
Node 51 46 4.12311
Pkt 24 150 0.16 1
Pkt 31 192 0.161458 1
Node 42 32 19.6977
Pkt 64 400 0.16 1
Pkt 77 480 0.160417 1
Rate:322.083
==========
==========91
5 0 2 24000
Node 62 69 22.4722
Pkt 24 150 0.16 1
Pkt 31 192 0.161458 1
Node 71 48 21.095
Pkt 48 300 0.16 1
Pkt 60 375 0.16 1
Node 72 42 23.4094
Pkt 120 750 0.16 1
Pkt 120 750 0.16 1
Node 58 32 19.6977
Pkt 26 160 0.1625 1
Pkt 40 250 0.16 1
Node 33 59 19.2354
Pkt 60 375 0.16 1
Pkt 64 400 0.16 1
Rate:320.792
==========
==========92
5 0 2 24000
Node 69 54 19.4165
Pkt 24 150 0.16 1
Pkt 39 240 0.1625 1
Node 58 36 16.1245
Pkt 52 320 0.1625 1
Pkt 64 400 0.16 1
Node 69 47 19.2354
Pkt 128 800 0.16 1
Pkt 128 800 0.16 1
Node 37 50 13
Pkt 32 200 0.16 1
Pkt 26 160 0.1625 1
Node 50 33 17
Pkt 64 400 0.16 1
Pkt 48 300 0.16 1
Rate:321.5
==========
==========93
5 0 2 24000
Node 51 71 21.0238
Pkt 24 150 0.16 1
Pkt 39 240 0.1625 1
Node 71 37 24.6982
Pkt 60 375 0.16 1
Pkt 48 300 0.16 1
Node 49 33 17.0294
Pkt 128 800 0.16 1
Pkt 128 800 0.16 1
Node 60 36 17.2047
Pkt 24 150 0.16 1
Pkt 26 160 0.1625 1
Node 52 26 24.0832
Pkt 64 400 0.16 1
Pkt 60 375 0.16 1
Rate:321
==========
==========94
5 0 2 24000
Node 48 44 6.32456
Pkt 40 250 0.16 1
Pkt 32 200 0.16 1
Node 49 53 3.16228
Pkt 60 375 0.16 1
Pkt 48 300 0.16 1
Node 37 52 13.1529
Pkt 120 750 0.16 1
Pkt 128 800 0.16 1
Node 30 73 30.4795
Pkt 31 192 0.161458 1
Pkt 31 192 0.161458 1
Node 68 34 24.0832
Pkt 48 300 0.16 1
Pkt 52 320 0.1625 1
Rate:321.083
==========
==========95
5 0 2 24000
Node 67 67 24.0416
Pkt 40 250 0.16 1
Pkt 20 125 0.16 1
Node 74 67 29.4109
Pkt 52 320 0.1625 1
Pkt 48 300 0.16 1
Node 70 32 26.9072
Pkt 120 750 0.16 1
Pkt 128 800 0.16 1
Node 26 33 29.4109
Pkt 20 120 0.166667 1
Pkt 20 120 0.166667 1
Node 35 27 27.4591
Pkt 48 300 0.16 1
Pkt 48 300 0.16 1
Rate:323.167
==========
==========96
5 0 2 24000
Node 29 72 30.4138
Pkt 24 150 0.16 1
Pkt 24 150 0.16 1
Node 73 43 24.0416
Pkt 60 375 0.16 1
Pkt 52 320 0.1625 1
Node 65 41 17.4929
Pkt 120 750 0.16 1
Pkt 128 800 0.16 1
Node 63 45 13.9284
Pkt 24 150 0.16 1
Pkt 31 192 0.161458 1
Node 38 36 18.4391
Pkt 48 300 0.16 1
Pkt 64 400 0.16 1
Rate:320.792
==========
==========97
5 0 2 24000
Node 46 30 20.3961
Pkt 16 100 0.16 1
Pkt 40 250 0.16 1
Node 66 62 20
Pkt 52 320 0.1625 1
Pkt 52 320 0.1625 1
Node 74 50 24
Pkt 120 750 0.16 1
Pkt 128 800 0.16 1
Node 73 55 23.5372
Pkt 20 120 0.166667 1
Pkt 24 150 0.16 1
Node 69 71 28.3196
Pkt 60 375 0.16 1
Pkt 48 300 0.16 1
Rate:322.333
==========
==========98
5 0 2 24000
Node 64 25 28.6531
Pkt 24 150 0.16 1
Pkt 32 200 0.16 1
Node 48 32 18.1108
Pkt 64 400 0.16 1
Pkt 77 480 0.160417 1
Node 43 50 7
Pkt 120 750 0.16 1
Pkt 120 750 0.16 1
Node 53 30 20.2237
Pkt 31 192 0.161458 1
Pkt 40 250 0.16 1
Node 72 45 22.561
Pkt 77 480 0.160417 1
Pkt 64 400 0.16 1
Rate:320.458
==========
==========99
