5 0 2 24000
Node 73 45 23.5372
Pkt 27 150 0.18 1
Pkt 45 250 0.18 1
Node 37 74 27.2947
Pkt 87 480 0.18125 1
Pkt 72 400 0.18 1
Node 67 74 29.4109
Pkt 144 800 0.18 1
Pkt 135 750 0.18 1
Node 39 59 14.2127
Pkt 44 240 0.183333 1
Pkt 27 150 0.18 1
Node 50 32 18
Pkt 68 375 0.181333 1
Pkt 68 375 0.181333 1
Rate:361.45
==========
==========0
5 0 2 24000
Node 42 64 16.1245
Pkt 35 192 0.182292 1
Pkt 35 192 0.182292 1
Node 71 30 29
Pkt 54 300 0.18 1
Pkt 58 320 0.18125 1
Node 46 30 20.3961
Pkt 144 800 0.18 1
Pkt 135 750 0.18 1
Node 27 30 30.4795
Pkt 23 125 0.184 1
Pkt 18 100 0.18 1
Node 57 58 10.6301
Pkt 58 320 0.18125 1
Pkt 58 320 0.18125 1
Rate:362.467
==========
==========1
5 0 2 24000
Node 45 43 8.60233
Pkt 29 160 0.18125 1
Pkt 36 200 0.18 1
Node 71 25 32.6497
Pkt 68 375 0.181333 1
Pkt 54 300 0.18 1
Node 41 28 23.7697
Pkt 135 750 0.18 1
Pkt 135 750 0.18 1
Node 42 61 13.6015
Pkt 29 160 0.18125 1
Pkt 22 120 0.183333 1
Node 52 33 17.1172
Pkt 58 320 0.18125 1
Pkt 54 300 0.18 1
Rate:361.683
==========
==========2
5 0 2 24000
Node 70 43 21.1896
Pkt 18 100 0.18 1
Pkt 35 192 0.182292 1
Node 33 37 21.4009
Pkt 58 320 0.18125 1
Pkt 54 300 0.18 1
Node 51 64 14.0357
Pkt 135 750 0.18 1
Pkt 144 800 0.18 1
Node 61 47 11.4018
Pkt 22 120 0.183333 1
Pkt 23 125 0.184 1
Node 61 41 14.2127
Pkt 87 480 0.18125 1
Pkt 54 300 0.18 1
Rate:362.425
==========
==========3
5 0 2 24000
Node 64 50 14
Pkt 44 240 0.183333 1
Pkt 18 100 0.18 1
Node 27 66 28.0179
Pkt 54 300 0.18 1
Pkt 58 320 0.18125 1
Node 36 53 14.3178
Pkt 144 800 0.18 1
Pkt 144 800 0.18 1
Node 74 37 27.2947
Pkt 29 160 0.18125 1
Pkt 35 192 0.182292 1
Node 28 29 30.4138
Pkt 87 480 0.18125 1
Pkt 87 480 0.18125 1
Rate:362.125
==========
==========4
5 0 2 24000
Node 34 33 23.3452
Pkt 36 200 0.18 1
Pkt 35 192 0.182292 1
Node 69 68 26.1725
Pkt 58 320 0.18125 1
Pkt 87 480 0.18125 1
Node 32 44 18.9737
Pkt 135 750 0.18 1
Pkt 144 800 0.18 1
Node 26 59 25.632
Pkt 18 100 0.18 1
Pkt 23 125 0.184 1
Node 29 52 21.095
Pkt 54 300 0.18 1
Pkt 72 400 0.18 1
Rate:361.758
==========
==========5
5 0 2 24000
Node 26 53 24.1868
Pkt 45 250 0.18 1
Pkt 29 160 0.18125 1
Node 35 52 15.1327
Pkt 58 320 0.18125 1
Pkt 72 400 0.18 1
Node 41 54 9.84886
Pkt 144 800 0.18 1
Pkt 135 750 0.18 1
Node 72 26 32.5576
Pkt 45 250 0.18 1
Pkt 44 240 0.183333 1
Node 63 56 14.3178
Pkt 72 400 0.18 1
Pkt 68 375 0.181333 1
Rate:361.433
==========
==========6
5 0 2 24000
Node 66 57 17.4642
Pkt 36 200 0.18 1
Pkt 35 192 0.182292 1
Node 62 33 20.8087
Pkt 72 400 0.18 1
Pkt 54 300 0.18 1
Node 29 30 29
Pkt 135 750 0.18 1
Pkt 135 750 0.18 1
Node 63 57 14.7648
Pkt 36 200 0.18 1
Pkt 44 240 0.183333 1
Node 62 54 12.6491
Pkt 68 375 0.181333 1
Pkt 68 375 0.181333 1
Rate:361.658
==========
==========7
5 0 2 24000
Node 66 52 16.1245
Pkt 36 200 0.18 1
Pkt 27 150 0.18 1
Node 51 47 3.16228
Pkt 72 400 0.18 1
Pkt 54 300 0.18 1
Node 53 73 23.1948
Pkt 135 750 0.18 1
Pkt 144 800 0.18 1
Node 37 58 15.2643
Pkt 44 240 0.183333 1
Pkt 36 200 0.18 1
Node 67 72 27.8029
Pkt 87 480 0.18125 1
Pkt 87 480 0.18125 1
Rate:361.167
==========
==========8
5 0 2 24000
Node 57 31 20.2485
Pkt 29 160 0.18125 1
Pkt 22 120 0.183333 1
Node 72 39 24.5967
Pkt 87 480 0.18125 1
Pkt 87 480 0.18125 1
Node 48 67 17.1172
Pkt 135 750 0.18 1
Pkt 135 750 0.18 1
Node 36 72 26.0768
Pkt 35 192 0.182292 1
Pkt 44 240 0.183333 1
Node 71 66 26.4008
Pkt 68 375 0.181333 1
Pkt 58 320 0.18125 1
Rate:363.058
==========
==========9
5 0 2 24000
Node 61 28 24.5967
Pkt 44 240 0.183333 1
Pkt 27 150 0.18 1
Node 29 33 27.0185
Pkt 54 300 0.18 1
Pkt 87 480 0.18125 1
Node 72 64 26.0768
Pkt 144 800 0.18 1
Pkt 135 750 0.18 1
Node 37 71 24.6982
Pkt 29 160 0.18125 1
Pkt 22 120 0.183333 1
Node 57 68 19.3132
Pkt 58 320 0.18125 1
Pkt 72 400 0.18 1
Rate:362.083
==========
==========10
5 0 2 24000
Node 67 44 18.0278
Pkt 23 125 0.184 1
Pkt 18 100 0.18 1
Node 69 25 31.4006
Pkt 72 400 0.18 1
Pkt 87 480 0.18125 1
Node 74 63 27.2947
Pkt 135 750 0.18 1
Pkt 144 800 0.18 1
Node 48 68 18.1108
Pkt 44 240 0.183333 1
Pkt 29 160 0.18125 1
Node 44 44 8.48528
Pkt 72 400 0.18 1
Pkt 87 480 0.18125 1
Rate:362.217
==========
==========11
5 0 2 24000
Node 39 39 15.5563
Pkt 29 160 0.18125 1
Pkt 44 240 0.183333 1
Node 65 57 16.5529
Pkt 68 375 0.181333 1
Pkt 54 300 0.18 1
Node 60 44 11.6619
Pkt 135 750 0.18 1
Pkt 144 800 0.18 1
Node 70 34 25.6125
Pkt 22 120 0.183333 1
Pkt 45 250 0.18 1
Node 49 60 10.0499
Pkt 58 320 0.18125 1
Pkt 68 375 0.181333 1
Rate:362.367
==========
==========12
5 0 2 24000
Node 64 39 17.8045
Pkt 35 192 0.182292 1
Pkt 44 240 0.183333 1
Node 28 31 29.0689
Pkt 87 480 0.18125 1
Pkt 68 375 0.181333 1
Node 29 69 28.3196
Pkt 144 800 0.18 1
Pkt 144 800 0.18 1
Node 25 44 25.7099
Pkt 44 240 0.183333 1
Pkt 29 160 0.18125 1
Node 41 57 11.4018
Pkt 68 375 0.181333 1
Pkt 54 300 0.18 1
Rate:362.825
==========
==========13
5 0 2 24000
Node 53 58 8.544
Pkt 44 240 0.183333 1
Pkt 27 150 0.18 1
Node 38 48 12.1655
Pkt 87 480 0.18125 1
Pkt 54 300 0.18 1
Node 63 30 23.8537
Pkt 144 800 0.18 1
Pkt 144 800 0.18 1
Node 45 63 13.9284
Pkt 36 200 0.18 1
Pkt 23 125 0.184 1
Node 60 47 10.4403
Pkt 72 400 0.18 1
Pkt 54 300 0.18 1
Rate:361.717
==========
==========14
5 0 2 24000
Node 36 42 16.1245
Pkt 45 250 0.18 1
Pkt 29 160 0.18125 1
Node 60 70 22.3607
Pkt 54 300 0.18 1
Pkt 54 300 0.18 1
Node 32 29 27.6586
Pkt 135 750 0.18 1
Pkt 144 800 0.18 1
Node 41 39 14.2127
Pkt 44 240 0.183333 1
Pkt 29 160 0.18125 1
Node 39 69 21.9545
Pkt 68 375 0.181333 1
Pkt 54 300 0.18 1
Rate:361.433
==========
==========15
5 0 2 24000
Node 58 58 11.3137
Pkt 22 120 0.183333 1
Pkt 29 160 0.18125 1
Node 49 35 15.0333
Pkt 58 320 0.18125 1
Pkt 54 300 0.18 1
Node 38 66 20
Pkt 135 750 0.18 1
Pkt 135 750 0.18 1
Node 49 43 7.07107
Pkt 22 120 0.183333 1
Pkt 44 240 0.183333 1
Node 52 25 25.0799
Pkt 87 480 0.18125 1
Pkt 54 300 0.18 1
Rate:362.75
==========
==========16
5 0 2 24000
Node 50 53 3
Pkt 27 150 0.18 1
Pkt 18 100 0.18 1
Node 46 46 5.65685
Pkt 87 480 0.18125 1
Pkt 68 375 0.181333 1
Node 37 71 24.6982
Pkt 135 750 0.18 1
Pkt 144 800 0.18 1
Node 69 39 21.9545
Pkt 35 192 0.182292 1
Pkt 23 125 0.184 1
Node 38 55 13
Pkt 87 480 0.18125 1
Pkt 72 400 0.18 1
Rate:362.025
==========
==========17
5 0 2 24000
Node 26 58 25.2982
Pkt 18 100 0.18 1
Pkt 18 100 0.18 1
Node 26 58 25.2982
Pkt 72 400 0.18 1
Pkt 87 480 0.18125 1
Node 25 43 25.9615
Pkt 144 800 0.18 1
Pkt 144 800 0.18 1
Node 26 40 26
Pkt 29 160 0.18125 1
Pkt 29 160 0.18125 1
Node 55 66 16.7631
Pkt 87 480 0.18125 1
Pkt 72 400 0.18 1
Rate:361
==========
==========18
5 0 2 24000
Node 71 44 21.8403
Pkt 18 100 0.18 1
Pkt 29 160 0.18125 1
Node 56 58 10
Pkt 58 320 0.18125 1
Pkt 87 480 0.18125 1
Node 66 28 27.2029
Pkt 135 750 0.18 1
Pkt 144 800 0.18 1
Node 37 35 19.8494
Pkt 29 160 0.18125 1
Pkt 36 200 0.18 1
Node 71 34 26.4008
Pkt 58 320 0.18125 1
Pkt 68 375 0.181333 1
Rate:361.517
==========
==========19
5 0 2 24000
Node 64 66 21.2603
Pkt 23 125 0.184 1
Pkt 22 120 0.183333 1
Node 72 50 22
Pkt 58 320 0.18125 1
Pkt 58 320 0.18125 1
Node 36 39 17.8045
Pkt 135 750 0.18 1
Pkt 135 750 0.18 1
Node 39 63 17.0294
Pkt 23 125 0.184 1
Pkt 22 120 0.183333 1
Node 38 62 16.9706
Pkt 58 320 0.18125 1
Pkt 58 320 0.18125 1
Rate:363.933
==========
==========20
5 0 2 24000
Node 30 35 25
Pkt 36 200 0.18 1
Pkt 23 125 0.184 1
Node 34 67 23.3452
Pkt 54 300 0.18 1
Pkt 58 320 0.18125 1
Node 38 57 13.8924
Pkt 135 750 0.18 1
Pkt 144 800 0.18 1
Node 53 60 10.4403
Pkt 35 192 0.182292 1
Pkt 18 100 0.18 1
Node 68 68 25.4558
Pkt 72 400 0.18 1
Pkt 68 375 0.181333 1
Rate:361.775
==========
==========21
5 0 2 24000
Node 48 63 13.1529
Pkt 36 200 0.18 1
Pkt 22 120 0.183333 1
Node 38 46 12.6491
Pkt 54 300 0.18 1
Pkt 54 300 0.18 1
Node 46 60 10.7703
Pkt 144 800 0.18 1
Pkt 144 800 0.18 1
Node 46 38 12.6491
Pkt 44 240 0.183333 1
Pkt 27 150 0.18 1
Node 57 71 22.1359
Pkt 68 375 0.181333 1
Pkt 68 375 0.181333 1
Rate:361.867
==========
==========22
5 0 2 24000
Node 35 63 19.8494
Pkt 22 120 0.183333 1
Pkt 27 150 0.18 1
Node 72 50 22
Pkt 58 320 0.18125 1
Pkt 87 480 0.18125 1
Node 50 57 7
Pkt 144 800 0.18 1
Pkt 135 750 0.18 1
Node 52 67 17.1172
Pkt 36 200 0.18 1
Pkt 22 120 0.183333 1
Node 45 38 13
Pkt 72 400 0.18 1
Pkt 72 400 0.18 1
Rate:361.833
==========
==========23
5 0 2 24000
Node 62 55 13
Pkt 23 125 0.184 1
Pkt 44 240 0.183333 1
Node 33 74 29.4109
Pkt 58 320 0.18125 1
Pkt 58 320 0.18125 1
Node 39 61 15.5563
Pkt 135 750 0.18 1
Pkt 144 800 0.18 1
Node 53 27 23.1948
Pkt 36 200 0.18 1
Pkt 35 192 0.182292 1
Node 28 32 28.4253
Pkt 72 400 0.18 1
Pkt 68 375 0.181333 1
Rate:362.692
==========
==========24
5 0 2 24000
Node 56 53 6.7082
Pkt 36 200 0.18 1
Pkt 22 120 0.183333 1
Node 42 56 10
Pkt 72 400 0.18 1
Pkt 58 320 0.18125 1
Node 27 70 30.4795
Pkt 144 800 0.18 1
Pkt 135 750 0.18 1
Node 38 63 17.6918
Pkt 22 120 0.183333 1
Pkt 22 120 0.183333 1
Node 71 73 31.1448
Pkt 72 400 0.18 1
Pkt 58 320 0.18125 1
Rate:362.5
==========
==========25
5 0 2 24000
Node 53 68 18.2483
Pkt 36 200 0.18 1
Pkt 23 125 0.184 1
Node 26 27 33.2415
Pkt 72 400 0.18 1
Pkt 87 480 0.18125 1
Node 56 69 19.9249
Pkt 144 800 0.18 1
Pkt 144 800 0.18 1
Node 59 48 9.21954
Pkt 29 160 0.18125 1
Pkt 29 160 0.18125 1
Node 53 66 16.2788
Pkt 54 300 0.18 1
Pkt 68 375 0.181333 1
Rate:361.817
==========
==========26
5 0 2 24000
Node 48 48 2.82843
Pkt 36 200 0.18 1
Pkt 44 240 0.183333 1
Node 57 28 23.0868
Pkt 54 300 0.18 1
Pkt 54 300 0.18 1
Node 29 27 31.1448
Pkt 144 800 0.18 1
Pkt 135 750 0.18 1
Node 56 61 12.53
Pkt 29 160 0.18125 1
Pkt 27 150 0.18 1
Node 51 71 21.0238
Pkt 54 300 0.18 1
Pkt 58 320 0.18125 1
Rate:361.167
==========
==========27
5 0 2 24000
Node 54 52 4.47214
Pkt 18 100 0.18 1
Pkt 18 100 0.18 1
Node 33 29 27.0185
Pkt 54 300 0.18 1
Pkt 68 375 0.181333 1
Node 54 36 14.5602
Pkt 135 750 0.18 1
Pkt 144 800 0.18 1
Node 32 67 24.7588
Pkt 23 125 0.184 1
Pkt 22 120 0.183333 1
Node 33 64 22.0227
Pkt 68 375 0.181333 1
Pkt 72 400 0.18 1
Rate:362
==========
==========28
5 0 2 24000
Node 67 54 17.4642
Pkt 22 120 0.183333 1
Pkt 45 250 0.18 1
Node 41 64 16.6433
Pkt 72 400 0.18 1
Pkt 54 300 0.18 1
Node 70 35 25
Pkt 135 750 0.18 1
Pkt 144 800 0.18 1
Node 70 46 20.3961
Pkt 27 150 0.18 1
Pkt 36 200 0.18 1
Node 43 65 16.5529
Pkt 58 320 0.18125 1
Pkt 58 320 0.18125 1
Rate:361.167
==========
==========29
5 0 2 24000
Node 56 68 18.9737
Pkt 36 200 0.18 1
Pkt 27 150 0.18 1
Node 30 38 23.3238
Pkt 87 480 0.18125 1
Pkt 58 320 0.18125 1
Node 27 46 23.3452
Pkt 144 800 0.18 1
Pkt 135 750 0.18 1
Node 25 36 28.6531
Pkt 23 125 0.184 1
Pkt 36 200 0.18 1
Node 44 35 16.1555
Pkt 72 400 0.18 1
Pkt 58 320 0.18125 1
Rate:361.55
==========
==========30
5 0 2 24000
Node 38 37 17.6918
Pkt 44 240 0.183333 1
Pkt 22 120 0.183333 1
Node 47 48 3.60555
Pkt 54 300 0.18 1
Pkt 58 320 0.18125 1
Node 28 40 24.1661
Pkt 144 800 0.18 1
Pkt 135 750 0.18 1
Node 73 50 23
Pkt 35 192 0.182292 1
Pkt 22 120 0.183333 1
Node 33 40 19.7231
Pkt 58 320 0.18125 1
Pkt 58 320 0.18125 1
Rate:363.208
==========
==========31
5 0 2 24000
Node 66 30 25.6125
Pkt 35 192 0.182292 1
Pkt 23 125 0.184 1
Node 37 52 13.1529
Pkt 72 400 0.18 1
Pkt 58 320 0.18125 1
Node 58 45 9.43398
Pkt 144 800 0.18 1
Pkt 144 800 0.18 1
Node 54 33 17.4642
Pkt 23 125 0.184 1
Pkt 22 120 0.183333 1
Node 53 31 19.2354
Pkt 72 400 0.18 1
Pkt 87 480 0.18125 1
Rate:363.225
==========
==========32
5 0 2 24000
Node 36 51 14.0357
Pkt 27 150 0.18 1
Pkt 29 160 0.18125 1
Node 71 31 28.3196
Pkt 72 400 0.18 1
Pkt 54 300 0.18 1
Node 40 36 17.2047
Pkt 144 800 0.18 1
Pkt 135 750 0.18 1
Node 25 42 26.2488
Pkt 44 240 0.183333 1
Pkt 27 150 0.18 1
Node 44 74 24.7386
Pkt 54 300 0.18 1
Pkt 87 480 0.18125 1
Rate:361.167
==========
==========33
5 0 2 24000
Node 39 45 12.083
Pkt 22 120 0.183333 1
Pkt 45 250 0.18 1
Node 66 37 20.6155
Pkt 87 480 0.18125 1
Pkt 54 300 0.18 1
Node 47 73 23.1948
Pkt 135 750 0.18 1
Pkt 135 750 0.18 1
Node 44 74 24.7386
Pkt 27 150 0.18 1
Pkt 22 120 0.183333 1
Node 47 25 25.1794
Pkt 68 375 0.181333 1
Pkt 68 375 0.181333 1
Rate:362.117
==========
==========34
5 0 2 24000
Node 48 69 19.105
Pkt 27 150 0.18 1
Pkt 22 120 0.183333 1
Node 64 44 15.2315
Pkt 54 300 0.18 1
Pkt 68 375 0.181333 1
Node 60 57 12.2066
Pkt 144 800 0.18 1
Pkt 144 800 0.18 1
Node 66 25 29.6816
Pkt 35 192 0.182292 1
Pkt 44 240 0.183333 1
Node 56 69 19.9249
Pkt 68 375 0.181333 1
Pkt 72 400 0.18 1
Rate:362.325
==========
==========35
5 0 2 24000
Node 57 38 13.8924
Pkt 27 150 0.18 1
Pkt 35 192 0.182292 1
Node 30 41 21.9317
Pkt 87 480 0.18125 1
Pkt 58 320 0.18125 1
Node 30 67 26.2488
Pkt 135 750 0.18 1
Pkt 144 800 0.18 1
Node 52 36 14.1421
Pkt 45 250 0.18 1
Pkt 27 150 0.18 1
Node 74 49 24.0208
Pkt 72 400 0.18 1
Pkt 87 480 0.18125 1
Rate:361.208
==========
==========36
5 0 2 24000
Node 37 32 22.2036
Pkt 29 160 0.18125 1
Pkt 45 250 0.18 1
Node 41 54 9.84886
Pkt 72 400 0.18 1
Pkt 72 400 0.18 1
Node 54 45 6.40312
Pkt 135 750 0.18 1
Pkt 135 750 0.18 1
Node 62 31 22.4722
Pkt 45 250 0.18 1
Pkt 18 100 0.18 1
Node 54 36 14.5602
Pkt 87 480 0.18125 1
Pkt 54 300 0.18 1
Rate:360.5
==========
==========37
5 0 2 24000
Node 62 26 26.8328
Pkt 36 200 0.18 1
Pkt 35 192 0.182292 1
Node 68 54 18.4391
Pkt 87 480 0.18125 1
Pkt 68 375 0.181333 1
Node 31 27 29.8329
Pkt 144 800 0.18 1
Pkt 135 750 0.18 1
Node 68 25 30.8058
Pkt 27 150 0.18 1
Pkt 45 250 0.18 1
Node 71 65 25.807
Pkt 68 375 0.181333 1
Pkt 72 400 0.18 1
Rate:361.242
==========
==========38
5 0 2 24000
Node 50 45 5
Pkt 22 120 0.183333 1
Pkt 27 150 0.18 1
Node 26 54 24.3311
Pkt 54 300 0.18 1
Pkt 68 375 0.181333 1
Node 33 68 24.7588
Pkt 144 800 0.18 1
Pkt 144 800 0.18 1
Node 71 63 24.6982
Pkt 35 192 0.182292 1
Pkt 29 160 0.18125 1
Node 56 39 12.53
Pkt 72 400 0.18 1
Pkt 54 300 0.18 1
Rate:361.642
==========
==========39
5 0 2 24000
Node 36 52 14.1421
Pkt 35 192 0.182292 1
Pkt 27 150 0.18 1
Node 71 25 32.6497
Pkt 58 320 0.18125 1
Pkt 54 300 0.18 1
Node 27 51 23.0217
Pkt 144 800 0.18 1
Pkt 144 800 0.18 1
Node 61 43 13.0384
Pkt 23 125 0.184 1
Pkt 45 250 0.18 1
Node 40 64 17.2047
Pkt 87 480 0.18125 1
Pkt 58 320 0.18125 1
Rate:362.008
==========
==========40
5 0 2 24000
Node 68 29 27.6586
Pkt 23 125 0.184 1
Pkt 18 100 0.18 1
Node 49 31 19.0263
Pkt 68 375 0.181333 1
Pkt 58 320 0.18125 1
Node 51 47 3.16228
Pkt 144 800 0.18 1
Pkt 135 750 0.18 1
Node 34 72 27.2029
Pkt 44 240 0.183333 1
Pkt 22 120 0.183333 1
Node 52 28 22.0907
Pkt 58 320 0.18125 1
Pkt 54 300 0.18 1
Rate:362.9
==========
==========41
5 0 2 24000
Node 49 55 5.09902
Pkt 36 200 0.18 1
Pkt 18 100 0.18 1
Node 64 65 20.5183
Pkt 68 375 0.181333 1
Pkt 72 400 0.18 1
Node 37 53 13.3417
Pkt 144 800 0.18 1
Pkt 135 750 0.18 1
Node 74 31 30.6105
Pkt 36 200 0.18 1
Pkt 18 100 0.18 1
Node 28 29 30.4138
Pkt 72 400 0.18 1
Pkt 72 400 0.18 1
Rate:360.267
==========
==========42
5 0 2 24000
Node 63 60 16.4012
Pkt 44 240 0.183333 1
Pkt 27 150 0.18 1
Node 37 70 23.8537
Pkt 72 400 0.18 1
Pkt 68 375 0.181333 1
Node 50 48 2
Pkt 144 800 0.18 1
Pkt 144 800 0.18 1
Node 37 33 21.4009
Pkt 22 120 0.183333 1
Pkt 36 200 0.18 1
Node 56 31 19.9249
Pkt 54 300 0.18 1
Pkt 72 400 0.18 1
Rate:361.6
==========
==========43
5 0 2 24000
Node 56 56 8.48528
Pkt 18 100 0.18 1
Pkt 35 192 0.182292 1
Node 38 67 20.8087
Pkt 72 400 0.18 1
Pkt 72 400 0.18 1
Node 64 27 26.9258
Pkt 135 750 0.18 1
Pkt 144 800 0.18 1
Node 74 71 31.8904
Pkt 22 120 0.183333 1
Pkt 18 100 0.18 1
Node 37 41 15.8114
Pkt 72 400 0.18 1
Pkt 87 480 0.18125 1
Rate:361.375
==========
==========44
5 0 2 24000
Node 54 49 4.12311
Pkt 45 250 0.18 1
Pkt 36 200 0.18 1
Node 35 36 20.5183
Pkt 54 300 0.18 1
Pkt 72 400 0.18 1
Node 67 27 28.6007
Pkt 144 800 0.18 1
Pkt 135 750 0.18 1
Node 45 65 15.8114
Pkt 22 120 0.183333 1
Pkt 18 100 0.18 1
Node 32 46 18.4391
Pkt 68 375 0.181333 1
Pkt 87 480 0.18125 1
Rate:361.183
==========
==========45
5 0 2 24000
Node 46 50 4
Pkt 29 160 0.18125 1
Pkt 27 150 0.18 1
Node 25 63 28.178
Pkt 54 300 0.18 1
Pkt 87 480 0.18125 1
Node 69 38 22.4722
Pkt 135 750 0.18 1
Pkt 135 750 0.18 1
Node 31 40 21.4709
Pkt 29 160 0.18125 1
Pkt 27 150 0.18 1
Node 27 52 23.0868
Pkt 68 375 0.181333 1
Pkt 58 320 0.18125 1
Rate:361.267
==========
==========46
5 0 2 24000
Node 35 47 15.2971
Pkt 44 240 0.183333 1
Pkt 36 200 0.18 1
Node 56 62 13.4164
Pkt 68 375 0.181333 1
Pkt 72 400 0.18 1
Node 45 33 17.72
Pkt 135 750 0.18 1
Pkt 135 750 0.18 1
Node 49 34 16.0312
Pkt 29 160 0.18125 1
Pkt 22 120 0.183333 1
Node 55 48 5.38516
Pkt 54 300 0.18 1
Pkt 58 320 0.18125 1
Rate:362.1
==========
==========47
5 0 2 24000
Node 38 39 16.2788
Pkt 22 120 0.183333 1
Pkt 23 125 0.184 1
Node 57 59 11.4018
Pkt 68 375 0.181333 1
Pkt 87 480 0.18125 1
Node 49 40 10.0499
Pkt 135 750 0.18 1
Pkt 135 750 0.18 1
Node 37 38 17.6918
Pkt 27 150 0.18 1
Pkt 35 192 0.182292 1
Node 31 65 24.2074
Pkt 54 300 0.18 1
Pkt 72 400 0.18 1
Rate:362.442
==========
==========48
5 0 2 24000
Node 47 55 5.83095
Pkt 35 192 0.182292 1
Pkt 23 125 0.184 1
Node 55 33 17.72
Pkt 54 300 0.18 1
Pkt 87 480 0.18125 1
Node 40 36 17.2047
Pkt 144 800 0.18 1
Pkt 135 750 0.18 1
Node 56 39 12.53
Pkt 45 250 0.18 1
Pkt 36 200 0.18 1
Node 31 40 21.4709
Pkt 68 375 0.181333 1
Pkt 87 480 0.18125 1
Rate:362.025
==========
==========49
5 0 2 24000
Node 59 63 15.8114
Pkt 35 192 0.182292 1
Pkt 44 240 0.183333 1
Node 49 57 7.07107
Pkt 54 300 0.18 1
Pkt 72 400 0.18 1
Node 42 40 12.8062
Pkt 144 800 0.18 1
Pkt 135 750 0.18 1
Node 66 50 16
Pkt 23 125 0.184 1
Pkt 27 150 0.18 1
Node 60 50 10
Pkt 54 300 0.18 1
Pkt 87 480 0.18125 1
Rate:362.175
==========
==========50
5 0 2 24000
Node 49 49 1.41421
Pkt 27 150 0.18 1
Pkt 29 160 0.18125 1
Node 43 51 7.07107
Pkt 72 400 0.18 1
Pkt 68 375 0.181333 1
Node 42 42 11.3137
Pkt 144 800 0.18 1
Pkt 135 750 0.18 1
Node 32 27 29.2062
Pkt 22 120 0.183333 1
Pkt 18 100 0.18 1
Node 57 52 7.28011
Pkt 68 375 0.181333 1
Pkt 68 375 0.181333 1
Rate:361.717
==========
==========51
5 0 2 24000
Node 65 42 17
Pkt 18 100 0.18 1
Pkt 45 250 0.18 1
Node 42 52 8.24621
Pkt 87 480 0.18125 1
Pkt 54 300 0.18 1
Node 48 33 17.1172
Pkt 135 750 0.18 1
Pkt 135 750 0.18 1
Node 30 53 20.2237
Pkt 22 120 0.183333 1
Pkt 35 192 0.182292 1
Node 41 45 10.2956
Pkt 72 400 0.18 1
Pkt 72 400 0.18 1
Rate:361.375
==========
==========52
5 0 2 24000
Node 63 64 19.105
Pkt 44 240 0.183333 1
Pkt 27 150 0.18 1
Node 51 34 16.0312
Pkt 58 320 0.18125 1
Pkt 68 375 0.181333 1
Node 32 54 18.4391
Pkt 135 750 0.18 1
Pkt 135 750 0.18 1
Node 70 43 21.1896
Pkt 36 200 0.18 1
Pkt 35 192 0.182292 1
Node 39 36 17.8045
Pkt 72 400 0.18 1
Pkt 68 375 0.181333 1
Rate:361.908
==========
==========53
5 0 2 24000
Node 28 28 31.1127
Pkt 35 192 0.182292 1
Pkt 45 250 0.18 1
Node 36 29 25.2389
Pkt 58 320 0.18125 1
Pkt 87 480 0.18125 1
Node 66 35 21.9317
Pkt 135 750 0.18 1
Pkt 144 800 0.18 1
Node 61 60 14.8661
Pkt 22 120 0.183333 1
Pkt 29 160 0.18125 1
Node 72 57 23.0868
Pkt 68 375 0.181333 1
Pkt 54 300 0.18 1
Rate:362.142
==========
==========54
5 0 2 24000
Node 27 53 23.1948
Pkt 36 200 0.18 1
Pkt 29 160 0.18125 1
Node 44 66 17.088
Pkt 58 320 0.18125 1
Pkt 68 375 0.181333 1
Node 47 32 18.2483
Pkt 135 750 0.18 1
Pkt 144 800 0.18 1
Node 73 41 24.6982
Pkt 23 125 0.184 1
Pkt 45 250 0.18 1
Node 29 58 22.4722
Pkt 87 480 0.18125 1
Pkt 68 375 0.181333 1
Rate:362.083
==========
==========55
5 0 2 24000
Node 42 49 8.06226
Pkt 18 100 0.18 1
Pkt 27 150 0.18 1
Node 32 29 27.6586
Pkt 58 320 0.18125 1
Pkt 54 300 0.18 1
Node 55 53 5.83095
Pkt 144 800 0.18 1
Pkt 144 800 0.18 1
Node 60 42 12.8062
Pkt 23 125 0.184 1
Pkt 22 120 0.183333 1
Node 64 58 16.1245
Pkt 72 400 0.18 1
Pkt 72 400 0.18 1
Rate:361.717
==========
==========56
5 0 2 24000
Node 42 55 9.43398
Pkt 29 160 0.18125 1
Pkt 45 250 0.18 1
Node 28 40 24.1661
Pkt 68 375 0.181333 1
Pkt 58 320 0.18125 1
Node 38 58 14.4222
Pkt 135 750 0.18 1
Pkt 135 750 0.18 1
Node 56 68 18.9737
Pkt 22 120 0.183333 1
Pkt 27 150 0.18 1
Node 44 55 7.81025
Pkt 54 300 0.18 1
Pkt 58 320 0.18125 1
Rate:361.683
==========
==========57
5 0 2 24000
Node 27 71 31.1448
Pkt 23 125 0.184 1
Pkt 44 240 0.183333 1
Node 68 59 20.1246
Pkt 54 300 0.18 1
Pkt 58 320 0.18125 1
Node 61 36 17.8045
Pkt 144 800 0.18 1
Pkt 135 750 0.18 1
Node 53 74 24.1868
Pkt 27 150 0.18 1
Pkt 29 160 0.18125 1
Node 63 67 21.4009
Pkt 72 400 0.18 1
Pkt 87 480 0.18125 1
Rate:362.217
==========
==========58
5 0 2 24000
Node 67 45 17.72
Pkt 35 192 0.182292 1
Pkt 44 240 0.183333 1
Node 47 26 24.1868
Pkt 87 480 0.18125 1
Pkt 54 300 0.18 1
Node 27 40 25.0799
Pkt 144 800 0.18 1
Pkt 135 750 0.18 1
Node 26 64 27.7849
Pkt 22 120 0.183333 1
Pkt 23 125 0.184 1
Node 49 28 22.0227
Pkt 68 375 0.181333 1
Pkt 68 375 0.181333 1
Rate:363.375
==========
==========59
5 0 2 24000
Node 43 66 17.4642
Pkt 36 200 0.18 1
Pkt 45 250 0.18 1
Node 27 60 25.0799
Pkt 58 320 0.18125 1
Pkt 54 300 0.18 1
Node 41 45 10.2956
Pkt 135 750 0.18 1
Pkt 144 800 0.18 1
Node 56 43 9.21954
Pkt 35 192 0.182292 1
Pkt 36 200 0.18 1
Node 63 69 23.0217
Pkt 87 480 0.18125 1
Pkt 58 320 0.18125 1
Rate:361.208
==========
==========60
5 0 2 24000
Node 31 68 26.1725
Pkt 23 125 0.184 1
Pkt 45 250 0.18 1
Node 44 32 18.9737
Pkt 54 300 0.18 1
Pkt 68 375 0.181333 1
Node 71 56 21.8403
Pkt 144 800 0.18 1
Pkt 135 750 0.18 1
Node 60 67 19.7231
Pkt 36 200 0.18 1
Pkt 23 125 0.184 1
Node 34 37 20.6155
Pkt 87 480 0.18125 1
Pkt 58 320 0.18125 1
Rate:362.367
==========
==========61
5 0 2 24000
Node 52 64 14.1421
Pkt 29 160 0.18125 1
Pkt 29 160 0.18125 1
Node 39 49 11.0454
Pkt 68 375 0.181333 1
Pkt 72 400 0.18 1
Node 27 57 24.0416
Pkt 135 750 0.18 1
Pkt 144 800 0.18 1
Node 64 43 15.6525
Pkt 18 100 0.18 1
Pkt 44 240 0.183333 1
Node 39 56 12.53
Pkt 54 300 0.18 1
Pkt 87 480 0.18125 1
Rate:361.683
==========
==========62
5 0 2 24000
Node 52 47 3.60555
Pkt 22 120 0.183333 1
Pkt 45 250 0.18 1
Node 72 65 26.6271
Pkt 72 400 0.18 1
Pkt 68 375 0.181333 1
Node 69 39 21.9545
Pkt 135 750 0.18 1
Pkt 135 750 0.18 1
Node 68 68 25.4558
Pkt 44 240 0.183333 1
Pkt 18 100 0.18 1
Node 59 49 9.05539
Pkt 58 320 0.18125 1
Pkt 68 375 0.181333 1
Rate:362.117
==========
==========63
5 0 2 24000
Node 56 40 11.6619
Pkt 29 160 0.18125 1
Pkt 23 125 0.184 1
Node 32 59 20.1246
Pkt 72 400 0.18 1
Pkt 54 300 0.18 1
Node 52 63 13.1529
Pkt 144 800 0.18 1
Pkt 144 800 0.18 1
Node 34 44 17.088
Pkt 27 150 0.18 1
Pkt 29 160 0.18125 1
Node 32 57 19.3132
Pkt 72 400 0.18 1
Pkt 87 480 0.18125 1
Rate:361.55
==========
==========64
5 0 2 24000
Node 37 35 19.8494
Pkt 23 125 0.184 1
Pkt 23 125 0.184 1
Node 46 65 15.5242
Pkt 68 375 0.181333 1
Pkt 87 480 0.18125 1
Node 36 27 26.9258
Pkt 144 800 0.18 1
Pkt 135 750 0.18 1
Node 26 42 25.2982
Pkt 44 240 0.183333 1
Pkt 27 150 0.18 1
Node 66 58 17.8885
Pkt 87 480 0.18125 1
Pkt 54 300 0.18 1
Rate:363.033
==========
==========65
5 0 2 24000
Node 29 33 27.0185
Pkt 36 200 0.18 1
Pkt 23 125 0.184 1
Node 48 31 19.105
Pkt 54 300 0.18 1
Pkt 72 400 0.18 1
Node 69 58 20.6155
Pkt 144 800 0.18 1
Pkt 135 750 0.18 1
Node 37 31 23.0217
Pkt 29 160 0.18125 1
Pkt 35 192 0.182292 1
Node 57 61 13.0384
Pkt 68 375 0.181333 1
Pkt 54 300 0.18 1
Rate:361.775
==========
==========66
5 0 2 24000
Node 29 67 27.0185
Pkt 35 192 0.182292 1
Pkt 44 240 0.183333 1
Node 33 33 24.0416
Pkt 87 480 0.18125 1
Pkt 72 400 0.18 1
Node 51 53 3.16228
Pkt 135 750 0.18 1
Pkt 135 750 0.18 1
Node 25 35 29.1548
Pkt 29 160 0.18125 1
Pkt 35 192 0.182292 1
Node 52 51 2.23607
Pkt 54 300 0.18 1
Pkt 58 320 0.18125 1
Rate:362.333
==========
==========67
5 0 2 24000
Node 58 51 8.06226
Pkt 29 160 0.18125 1
Pkt 44 240 0.183333 1
Node 42 44 10
Pkt 58 320 0.18125 1
Pkt 68 375 0.181333 1
Node 72 60 24.1661
Pkt 144 800 0.18 1
Pkt 135 750 0.18 1
Node 60 74 26
Pkt 22 120 0.183333 1
Pkt 27 150 0.18 1
Node 25 58 26.2488
Pkt 58 320 0.18125 1
Pkt 58 320 0.18125 1
Rate:362.6
==========
==========68
5 0 2 24000
Node 32 46 18.4391
Pkt 45 250 0.18 1
Pkt 45 250 0.18 1
Node 27 48 23.0868
Pkt 72 400 0.18 1
Pkt 68 375 0.181333 1
Node 28 37 25.5539
Pkt 135 750 0.18 1
Pkt 135 750 0.18 1
Node 27 48 23.0868
Pkt 18 100 0.18 1
Pkt 29 160 0.18125 1
Node 43 45 8.60233
Pkt 72 400 0.18 1
Pkt 72 400 0.18 1
Rate:360.517
==========
==========69
5 0 2 24000
Node 65 63 19.8494
Pkt 23 125 0.184 1
Pkt 18 100 0.18 1
Node 41 49 9.05539
Pkt 72 400 0.18 1
Pkt 87 480 0.18125 1
Node 32 68 25.4558
Pkt 144 800 0.18 1
Pkt 144 800 0.18 1
Node 34 74 28.8444
Pkt 27 150 0.18 1
Pkt 22 120 0.183333 1
Node 40 55 11.1803
Pkt 87 480 0.18125 1
Pkt 58 320 0.18125 1
Rate:362.217
==========
==========70
5 0 2 24000
Node 38 60 15.6205
Pkt 35 192 0.182292 1
Pkt 44 240 0.183333 1
Node 74 35 28.3019
Pkt 54 300 0.18 1
Pkt 72 400 0.18 1
Node 72 63 25.5539
Pkt 144 800 0.18 1
Pkt 144 800 0.18 1
Node 41 41 12.7279
Pkt 35 192 0.182292 1
Pkt 27 150 0.18 1
Node 52 44 6.32456
Pkt 54 300 0.18 1
Pkt 54 300 0.18 1
Rate:361.583
==========
==========71
5 0 2 24000
Node 38 41 15
Pkt 36 200 0.18 1
Pkt 45 250 0.18 1
Node 43 69 20.2485
Pkt 87 480 0.18125 1
Pkt 72 400 0.18 1
Node 43 70 21.1896
Pkt 144 800 0.18 1
Pkt 135 750 0.18 1
Node 72 35 26.6271
Pkt 27 150 0.18 1
Pkt 45 250 0.18 1
Node 51 31 19.0263
Pkt 72 400 0.18 1
Pkt 72 400 0.18 1
Rate:360.25
==========
==========72
5 0 2 24000
Node 32 56 18.9737
Pkt 44 240 0.183333 1
Pkt 22 120 0.183333 1
Node 63 60 16.4012
Pkt 68 375 0.181333 1
Pkt 72 400 0.18 1
Node 65 47 15.2971
Pkt 144 800 0.18 1
Pkt 135 750 0.18 1
Node 44 53 6.7082
Pkt 36 200 0.18 1
Pkt 45 250 0.18 1
Node 58 62 14.4222
Pkt 72 400 0.18 1
Pkt 72 400 0.18 1
Rate:361.6
==========
==========73
5 0 2 24000
Node 41 39 14.2127
Pkt 22 120 0.183333 1
Pkt 29 160 0.18125 1
Node 34 25 29.6816
Pkt 68 375 0.181333 1
Pkt 58 320 0.18125 1
Node 66 66 22.6274
Pkt 144 800 0.18 1
Pkt 135 750 0.18 1
Node 59 59 12.7279
Pkt 22 120 0.183333 1
Pkt 18 100 0.18 1
Node 35 52 15.1327
Pkt 68 375 0.181333 1
Pkt 54 300 0.18 1
Rate:362.367
==========
==========74
5 0 2 24000
Node 30 66 25.6125
Pkt 23 125 0.184 1
Pkt 45 250 0.18 1
Node 48 40 10.198
Pkt 58 320 0.18125 1
Pkt 54 300 0.18 1
Node 40 73 25.0799
Pkt 135 750 0.18 1
Pkt 135 750 0.18 1
Node 49 29 21.0238
Pkt 35 192 0.182292 1
Pkt 35 192 0.182292 1
Node 60 63 16.4012
Pkt 87 480 0.18125 1
Pkt 54 300 0.18 1
Rate:362.217
==========
==========75
5 0 2 24000
Node 73 56 23.7697
Pkt 29 160 0.18125 1
Pkt 23 125 0.184 1
Node 63 59 15.8114
Pkt 72 400 0.18 1
Pkt 54 300 0.18 1
Node 66 55 16.7631
Pkt 135 750 0.18 1
Pkt 135 750 0.18 1
Node 67 42 18.7883
Pkt 29 160 0.18125 1
Pkt 18 100 0.18 1
Node 33 38 20.8087
Pkt 72 400 0.18 1
Pkt 68 375 0.181333 1
Rate:361.567
==========
==========76
5 0 2 24000
Node 28 33 27.8029
Pkt 27 150 0.18 1
Pkt 23 125 0.184 1
Node 51 29 21.0238
Pkt 68 375 0.181333 1
Pkt 54 300 0.18 1
Node 67 56 18.0278
Pkt 135 750 0.18 1
Pkt 135 750 0.18 1
Node 69 30 27.5862
Pkt 36 200 0.18 1
Pkt 29 160 0.18125 1
Node 48 60 10.198
Pkt 68 375 0.181333 1
Pkt 58 320 0.18125 1
Rate:361.833
==========
==========77
5 0 2 24000
Node 57 53 7.61577
Pkt 18 100 0.18 1
Pkt 45 250 0.18 1
Node 63 30 23.8537
Pkt 68 375 0.181333 1
Pkt 68 375 0.181333 1
Node 39 44 12.53
Pkt 144 800 0.18 1
Pkt 135 750 0.18 1
Node 31 50 19
Pkt 45 250 0.18 1
Pkt 18 100 0.18 1
Node 58 63 15.2643
Pkt 68 375 0.181333 1
Pkt 54 300 0.18 1
Rate:360.8
==========
==========78
5 0 2 24000
Node 50 60 10
Pkt 29 160 0.18125 1
Pkt 45 250 0.18 1
Node 74 62 26.8328
Pkt 72 400 0.18 1
Pkt 87 480 0.18125 1
Node 42 57 10.6301
Pkt 135 750 0.18 1
Pkt 135 750 0.18 1
Node 28 41 23.7697
Pkt 44 240 0.183333 1
Pkt 29 160 0.18125 1
Node 49 54 4.12311
Pkt 58 320 0.18125 1
Pkt 72 400 0.18 1
Rate:361.667
==========
==========79
5 0 2 24000
Node 73 32 29.2062
Pkt 45 250 0.18 1
Pkt 45 250 0.18 1
Node 74 55 24.5153
Pkt 87 480 0.18125 1
Pkt 58 320 0.18125 1
Node 64 36 19.799
Pkt 144 800 0.18 1
Pkt 135 750 0.18 1
Node 42 70 21.5407
Pkt 36 200 0.18 1
Pkt 44 240 0.183333 1
Node 38 59 15
Pkt 54 300 0.18 1
Pkt 87 480 0.18125 1
Rate:361.417
==========
==========80
5 0 2 24000
Node 52 25 25.0799
Pkt 18 100 0.18 1
Pkt 22 120 0.183333 1
Node 57 74 25
Pkt 72 400 0.18 1
Pkt 58 320 0.18125 1
Node 65 72 26.6271
Pkt 144 800 0.18 1
Pkt 144 800 0.18 1
Node 30 60 22.3607
Pkt 18 100 0.18 1
Pkt 22 120 0.183333 1
Node 38 25 27.7308
Pkt 58 320 0.18125 1
Pkt 68 375 0.181333 1
Rate:362.1
==========
==========81
5 0 2 24000
Node 62 49 12.0416
Pkt 35 192 0.182292 1
Pkt 27 150 0.18 1
Node 61 39 15.5563
Pkt 58 320 0.18125 1
Pkt 58 320 0.18125 1
Node 55 54 6.40312
Pkt 135 750 0.18 1
Pkt 144 800 0.18 1
Node 42 71 22.4722
Pkt 27 150 0.18 1
Pkt 44 240 0.183333 1
Node 31 46 19.4165
Pkt 87 480 0.18125 1
Pkt 54 300 0.18 1
Rate:361.875
==========
==========82
5 0 2 24000
Node 60 62 15.6205
Pkt 22 120 0.183333 1
Pkt 44 240 0.183333 1
Node 64 45 14.8661
Pkt 87 480 0.18125 1
Pkt 54 300 0.18 1
Node 68 52 18.1108
Pkt 135 750 0.18 1
Pkt 135 750 0.18 1
Node 38 69 22.4722
Pkt 23 125 0.184 1
Pkt 18 100 0.18 1
Node 41 66 18.3576
Pkt 87 480 0.18125 1
Pkt 54 300 0.18 1
Rate:362.633
==========
==========83
5 0 2 24000
Node 69 34 24.8395
Pkt 23 125 0.184 1
Pkt 29 160 0.18125 1
Node 56 52 6.32456
Pkt 72 400 0.18 1
Pkt 87 480 0.18125 1
Node 59 26 25.632
Pkt 144 800 0.18 1
Pkt 135 750 0.18 1
Node 44 56 8.48528
Pkt 36 200 0.18 1
Pkt 36 200 0.18 1
Node 67 71 27.0185
Pkt 54 300 0.18 1
Pkt 87 480 0.18125 1
Rate:361.55
==========
==========84
5 0 2 24000
Node 55 67 17.72
Pkt 45 250 0.18 1
Pkt 35 192 0.182292 1
Node 27 37 26.4197
Pkt 72 400 0.18 1
Pkt 68 375 0.181333 1
Node 64 51 14.0357
Pkt 144 800 0.18 1
Pkt 144 800 0.18 1
Node 74 50 24
Pkt 27 150 0.18 1
Pkt 29 160 0.18125 1
Node 30 45 20.6155
Pkt 58 320 0.18125 1
Pkt 68 375 0.181333 1
Rate:361.492
==========
==========85
5 0 2 24000
Node 32 72 28.4253
Pkt 22 120 0.183333 1
Pkt 45 250 0.18 1
Node 40 60 14.1421
Pkt 87 480 0.18125 1
Pkt 58 320 0.18125 1
Node 57 37 14.7648
Pkt 144 800 0.18 1
Pkt 144 800 0.18 1
Node 63 27 26.4197
Pkt 35 192 0.182292 1
Pkt 27 150 0.18 1
Node 30 61 22.8254
Pkt 68 375 0.181333 1
Pkt 72 400 0.18 1
Rate:361.892
==========
==========86
5 0 2 24000
Node 39 48 11.1803
Pkt 36 200 0.18 1
Pkt 45 250 0.18 1
Node 63 50 13
Pkt 58 320 0.18125 1
Pkt 72 400 0.18 1
Node 62 68 21.6333
Pkt 135 750 0.18 1
Pkt 144 800 0.18 1
Node 34 56 17.088
Pkt 18 100 0.18 1
Pkt 27 150 0.18 1
Node 36 43 15.6525
Pkt 87 480 0.18125 1
Pkt 58 320 0.18125 1
Rate:360.75
==========
==========87
5 0 2 24000
Node 70 70 28.2843
Pkt 18 100 0.18 1
Pkt 35 192 0.182292 1
Node 30 38 23.3238
Pkt 68 375 0.181333 1
Pkt 68 375 0.181333 1
Node 32 31 26.1725
Pkt 135 750 0.18 1
Pkt 144 800 0.18 1
Node 56 35 16.1555
Pkt 29 160 0.18125 1
Pkt 45 250 0.18 1
Node 62 30 23.3238
Pkt 87 480 0.18125 1
Pkt 54 300 0.18 1
Rate:361.492
==========
==========88
5 0 2 24000
Node 53 49 3.16228
Pkt 29 160 0.18125 1
Pkt 29 160 0.18125 1
Node 27 63 26.4197
Pkt 72 400 0.18 1
Pkt 68 375 0.181333 1
Node 52 26 24.0832
Pkt 144 800 0.18 1
Pkt 144 800 0.18 1
Node 68 29 27.6586
Pkt 29 160 0.18125 1
Pkt 18 100 0.18 1
Node 70 44 20.8806
Pkt 58 320 0.18125 1
Pkt 87 480 0.18125 1
Rate:361.517
==========
==========89
5 0 2 24000
Node 32 47 18.2483
Pkt 22 120 0.183333 1
Pkt 35 192 0.182292 1
Node 34 38 20
Pkt 68 375 0.181333 1
Pkt 58 320 0.18125 1
Node 68 50 18
Pkt 135 750 0.18 1
Pkt 144 800 0.18 1
Node 25 45 25.4951
Pkt 36 200 0.18 1
Pkt 27 150 0.18 1
Node 72 63 25.5539
Pkt 87 480 0.18125 1
Pkt 68 375 0.181333 1
Rate:362.158
==========
==========90
5 0 2 24000
Node 64 38 18.4391
Pkt 22 120 0.183333 1
Pkt 22 120 0.183333 1
Node 40 62 15.6205
Pkt 54 300 0.18 1
Pkt 72 400 0.18 1
Node 48 32 18.1108
Pkt 135 750 0.18 1
Pkt 135 750 0.18 1
Node 47 73 23.1948
Pkt 35 192 0.182292 1
Pkt 36 200 0.18 1
Node 53 43 7.61577
Pkt 54 300 0.18 1
Pkt 58 320 0.18125 1
Rate:362.042
==========
==========91
5 0 2 24000
Node 50 67 17
Pkt 23 125 0.184 1
Pkt 29 160 0.18125 1
Node 27 65 27.4591
Pkt 68 375 0.181333 1
Pkt 54 300 0.18 1
Node 25 31 31.4006
Pkt 144 800 0.18 1
Pkt 144 800 0.18 1
Node 25 71 32.6497
Pkt 27 150 0.18 1
Pkt 45 250 0.18 1
Node 53 70 20.2237
Pkt 54 300 0.18 1
Pkt 58 320 0.18125 1
Rate:361.567
==========
==========92
5 0 2 24000
Node 38 57 13.8924
Pkt 44 240 0.183333 1
Pkt 36 200 0.18 1
Node 58 31 20.6155
Pkt 87 480 0.18125 1
Pkt 68 375 0.181333 1
Node 31 32 26.1725
Pkt 144 800 0.18 1
Pkt 144 800 0.18 1
Node 31 69 26.8701
Pkt 23 125 0.184 1
Pkt 36 200 0.18 1
Node 37 74 27.2947
Pkt 58 320 0.18125 1
Pkt 72 400 0.18 1
Rate:362.233
==========
==========93
5 0 2 24000
Node 51 28 22.0227
Pkt 23 125 0.184 1
Pkt 44 240 0.183333 1
Node 58 45 9.43398
Pkt 87 480 0.18125 1
Pkt 54 300 0.18 1
Node 31 72 29.0689
Pkt 135 750 0.18 1
Pkt 144 800 0.18 1
Node 67 46 17.4642
Pkt 23 125 0.184 1
Pkt 18 100 0.18 1
Node 29 65 25.807
Pkt 54 300 0.18 1
Pkt 68 375 0.181333 1
Rate:362.783
==========
==========94
5 0 2 24000
Node 29 36 25.2389
Pkt 22 120 0.183333 1
Pkt 22 120 0.183333 1
Node 51 47 3.16228
Pkt 68 375 0.181333 1
Pkt 87 480 0.18125 1
Node 39 53 11.4018
Pkt 135 750 0.18 1
Pkt 135 750 0.18 1
Node 54 42 8.94427
Pkt 35 192 0.182292 1
Pkt 45 250 0.18 1
Node 26 38 26.8328
Pkt 72 400 0.18 1
Pkt 68 375 0.181333 1
Rate:362.575
==========
==========95
5 0 2 24000
Node 32 47 18.2483
Pkt 44 240 0.183333 1
Pkt 35 192 0.182292 1
Node 57 44 9.21954
Pkt 68 375 0.181333 1
Pkt 68 375 0.181333 1
Node 58 30 21.5407
Pkt 135 750 0.18 1
Pkt 135 750 0.18 1
Node 44 30 20.8806
Pkt 22 120 0.183333 1
Pkt 27 150 0.18 1
Node 27 52 23.0868
Pkt 58 320 0.18125 1
Pkt 87 480 0.18125 1
Rate:362.825
==========
==========96
5 0 2 24000
Node 57 55 8.60233
Pkt 18 100 0.18 1
Pkt 22 120 0.183333 1
Node 57 34 17.4642
Pkt 68 375 0.181333 1
Pkt 54 300 0.18 1
Node 30 51 20.025
Pkt 144 800 0.18 1
Pkt 135 750 0.18 1
Node 46 35 15.5242
Pkt 45 250 0.18 1
Pkt 29 160 0.18125 1
Node 73 29 31.1448
Pkt 54 300 0.18 1
Pkt 54 300 0.18 1
Rate:361.183
==========
==========97
5 0 2 24000
Node 71 27 31.1448
Pkt 27 150 0.18 1
Pkt 45 250 0.18 1
Node 35 28 26.6271
Pkt 58 320 0.18125 1
Pkt 68 375 0.181333 1
Node 64 45 14.8661
Pkt 135 750 0.18 1
Pkt 135 750 0.18 1
Node 62 54 12.6491
Pkt 22 120 0.183333 1
Pkt 35 192 0.182292 1
Node 52 49 2.23607
Pkt 68 375 0.181333 1
Pkt 87 480 0.18125 1
Rate:362.158
==========
==========98
5 0 2 24000
Node 28 37 25.5539
Pkt 36 200 0.18 1
Pkt 22 120 0.183333 1
Node 48 34 16.1245
Pkt 54 300 0.18 1
Pkt 68 375 0.181333 1
Node 49 61 11.0454
Pkt 144 800 0.18 1
Pkt 144 800 0.18 1
Node 59 73 24.6982
Pkt 45 250 0.18 1
Pkt 36 200 0.18 1
Node 61 72 24.5967
Pkt 68 375 0.181333 1
Pkt 58 320 0.18125 1
Rate:361.45
==========
==========99
