5 0 2 24000
Node 73 72 31.8277
Pkt 44 100 0.44 1
Pkt 66 150 0.44 1
Node 29 61 23.7065
Pkt 212 480 0.441667 1
Pkt 132 300 0.44 1
Node 32 73 29.2062
Pkt 330 750 0.44 1
Pkt 352 800 0.44 1
Node 37 25 28.178
Pkt 85 192 0.442708 1
Pkt 53 120 0.441667 1
Node 27 32 29.2062
Pkt 212 480 0.441667 1
Pkt 141 320 0.440625 1
Rate:881.667
==========
==========0
5 0 2 24000
Node 73 32 29.2062
Pkt 44 100 0.44 1
Pkt 66 150 0.44 1
Node 49 28 22.0227
Pkt 165 375 0.44 1
Pkt 165 375 0.44 1
Node 49 59 9.05539
Pkt 330 750 0.44 1
Pkt 352 800 0.44 1
Node 69 53 19.2354
Pkt 88 200 0.44 1
Pkt 53 120 0.441667 1
Node 71 54 21.3776
Pkt 141 320 0.440625 1
Pkt 176 400 0.44 1
Rate:880.458
==========
==========1
5 0 2 24000
Node 33 58 18.7883
Pkt 44 100 0.44 1
Pkt 110 250 0.44 1
Node 30 32 26.9072
Pkt 176 400 0.44 1
Pkt 141 320 0.440625 1
Node 33 60 19.7231
Pkt 352 800 0.44 1
Pkt 352 800 0.44 1
Node 63 44 14.3178
Pkt 110 250 0.44 1
Pkt 55 125 0.44 1
Node 74 25 34.6554
Pkt 141 320 0.440625 1
Pkt 141 320 0.440625 1
Rate:880.375
==========
==========2
5 0 2 24000
Node 73 41 24.6982
Pkt 106 240 0.441667 1
Pkt 88 200 0.44 1
Node 51 31 19.0263
Pkt 141 320 0.440625 1
Pkt 212 480 0.441667 1
Node 31 27 29.8329
Pkt 352 800 0.44 1
Pkt 352 800 0.44 1
Node 54 30 20.3961
Pkt 53 120 0.441667 1
Pkt 55 125 0.44 1
Node 49 50 1
Pkt 141 320 0.440625 1
Pkt 176 400 0.44 1
Rate:881.25
==========
==========3
5 0 2 24000
Node 67 43 18.3848
Pkt 110 250 0.44 1
Pkt 106 240 0.441667 1
Node 28 63 25.5539
Pkt 176 400 0.44 1
Pkt 141 320 0.440625 1
Node 72 71 30.4138
Pkt 352 800 0.44 1
Pkt 352 800 0.44 1
Node 49 41 9.05539
Pkt 106 240 0.441667 1
Pkt 110 250 0.44 1
Node 70 34 25.6125
Pkt 176 400 0.44 1
Pkt 212 480 0.441667 1
Rate:881.125
==========
==========4
5 0 2 24000
Node 51 32 18.0278
Pkt 44 100 0.44 1
Pkt 110 250 0.44 1
Node 50 62 12
Pkt 212 480 0.441667 1
Pkt 212 480 0.441667 1
Node 58 37 15.2643
Pkt 352 800 0.44 1
Pkt 352 800 0.44 1
Node 58 73 24.3516
Pkt 53 120 0.441667 1
Pkt 110 250 0.44 1
Node 37 44 14.3178
Pkt 141 320 0.440625 1
Pkt 165 375 0.44 1
Rate:881.125
==========
==========5
5 0 2 24000
Node 31 55 19.6469
Pkt 88 200 0.44 1
Pkt 88 200 0.44 1
Node 51 56 6.08276
Pkt 141 320 0.440625 1
Pkt 176 400 0.44 1
Node 67 70 26.2488
Pkt 352 800 0.44 1
Pkt 352 800 0.44 1
Node 40 37 16.4012
Pkt 55 125 0.44 1
Pkt 110 250 0.44 1
Node 71 66 26.4008
Pkt 141 320 0.440625 1
Pkt 141 320 0.440625 1
Rate:880.375
==========
==========6
5 0 2 24000
Node 72 28 31.1127
Pkt 106 240 0.441667 1
Pkt 88 200 0.44 1
Node 59 67 19.2354
Pkt 165 375 0.44 1
Pkt 132 300 0.44 1
Node 71 71 29.6985
Pkt 352 800 0.44 1
Pkt 330 750 0.44 1
Node 31 43 20.2485
Pkt 44 100 0.44 1
Pkt 85 192 0.442708 1
Node 51 31 19.0263
Pkt 165 375 0.44 1
Pkt 165 375 0.44 1
Rate:880.875
==========
==========7
5 0 2 24000
Node 25 68 30.8058
Pkt 55 125 0.44 1
Pkt 53 120 0.441667 1
Node 57 69 20.2485
Pkt 132 300 0.44 1
Pkt 132 300 0.44 1
Node 59 74 25.632
Pkt 352 800 0.44 1
Pkt 330 750 0.44 1
Node 72 49 22.0227
Pkt 55 125 0.44 1
Pkt 85 192 0.442708 1
Node 37 41 15.8114
Pkt 132 300 0.44 1
Pkt 165 375 0.44 1
Rate:880.875
==========
==========8
5 0 2 24000
Node 62 67 20.8087
Pkt 85 192 0.442708 1
Pkt 66 150 0.44 1
Node 44 69 19.9249
Pkt 165 375 0.44 1
Pkt 212 480 0.441667 1
Node 44 74 24.7386
Pkt 330 750 0.44 1
Pkt 352 800 0.44 1
Node 38 44 13.4164
Pkt 44 100 0.44 1
Pkt 44 100 0.44 1
Node 33 35 22.6716
Pkt 176 400 0.44 1
Pkt 176 400 0.44 1
Rate:880.875
==========
==========9
5 0 2 24000
Node 62 48 12.1655
Pkt 55 125 0.44 1
Pkt 85 192 0.442708 1
Node 41 55 10.2956
Pkt 165 375 0.44 1
Pkt 165 375 0.44 1
Node 44 40 11.6619
Pkt 330 750 0.44 1
Pkt 330 750 0.44 1
Node 70 31 27.5862
Pkt 44 100 0.44 1
Pkt 88 200 0.44 1
Node 58 59 12.0416
Pkt 165 375 0.44 1
Pkt 141 320 0.440625 1
Rate:880.667
==========
==========10
5 0 2 24000
Node 44 41 10.8167
Pkt 44 100 0.44 1
Pkt 106 240 0.441667 1
Node 30 55 20.6155
Pkt 165 375 0.44 1
Pkt 141 320 0.440625 1
Node 49 37 13.0384
Pkt 330 750 0.44 1
Pkt 352 800 0.44 1
Node 31 26 30.6105
Pkt 106 240 0.441667 1
Pkt 110 250 0.44 1
Node 42 67 18.7883
Pkt 132 300 0.44 1
Pkt 212 480 0.441667 1
Rate:881.125
==========
==========11
5 0 2 24000
Node 62 39 16.2788
Pkt 71 160 0.44375 1
Pkt 85 192 0.442708 1
Node 35 29 25.807
Pkt 176 400 0.44 1
Pkt 165 375 0.44 1
Node 45 54 6.40312
Pkt 330 750 0.44 1
Pkt 330 750 0.44 1
Node 36 52 14.1421
Pkt 110 250 0.44 1
Pkt 53 120 0.441667 1
Node 38 32 21.6333
Pkt 132 300 0.44 1
Pkt 141 320 0.440625 1
Rate:881.75
==========
==========12
5 0 2 24000
Node 37 25 28.178
Pkt 53 120 0.441667 1
Pkt 55 125 0.44 1
Node 39 58 13.6015
Pkt 176 400 0.44 1
Pkt 141 320 0.440625 1
Node 28 67 27.8029
Pkt 330 750 0.44 1
Pkt 330 750 0.44 1
Node 56 61 12.53
Pkt 106 240 0.441667 1
Pkt 106 240 0.441667 1
Node 55 58 9.43398
Pkt 132 300 0.44 1
Pkt 212 480 0.441667 1
Rate:881.458
==========
==========13
5 0 2 24000
Node 34 61 19.4165
Pkt 66 150 0.44 1
Pkt 110 250 0.44 1
Node 65 56 16.1555
Pkt 176 400 0.44 1
Pkt 212 480 0.441667 1
Node 31 53 19.2354
Pkt 352 800 0.44 1
Pkt 352 800 0.44 1
Node 30 74 31.241
Pkt 66 150 0.44 1
Pkt 85 192 0.442708 1
Node 53 66 16.2788
Pkt 132 300 0.44 1
Pkt 132 300 0.44 1
Rate:880.875
==========
==========14
5 0 2 24000
Node 59 29 22.8473
Pkt 85 192 0.442708 1
Pkt 110 250 0.44 1
Node 43 36 15.6525
Pkt 165 375 0.44 1
Pkt 212 480 0.441667 1
Node 55 44 7.81025
Pkt 352 800 0.44 1
Pkt 330 750 0.44 1
Node 31 56 19.9249
Pkt 71 160 0.44375 1
Pkt 71 160 0.44375 1
Node 74 63 27.2947
Pkt 132 300 0.44 1
Pkt 176 400 0.44 1
Rate:882.375
==========
==========15
5 0 2 24000
Node 60 67 19.7231
Pkt 85 192 0.442708 1
Pkt 66 150 0.44 1
Node 70 50 20
Pkt 176 400 0.44 1
Pkt 141 320 0.440625 1
Node 25 62 27.7308
Pkt 330 750 0.44 1
Pkt 330 750 0.44 1
Node 45 73 23.5372
Pkt 88 200 0.44 1
Pkt 88 200 0.44 1
Node 54 43 8.06226
Pkt 176 400 0.44 1
Pkt 165 375 0.44 1
Rate:880.667
==========
==========16
5 0 2 24000
Node 37 29 24.6982
Pkt 110 250 0.44 1
Pkt 53 120 0.441667 1
Node 47 42 8.544
Pkt 132 300 0.44 1
Pkt 132 300 0.44 1
Node 25 35 29.1548
Pkt 330 750 0.44 1
Pkt 330 750 0.44 1
Node 65 35 21.2132
Pkt 53 120 0.441667 1
Pkt 55 125 0.44 1
Node 38 53 12.3693
Pkt 176 400 0.44 1
Pkt 132 300 0.44 1
Rate:880.667
==========
==========17
5 0 2 24000
Node 33 55 17.72
Pkt 88 200 0.44 1
Pkt 88 200 0.44 1
Node 46 38 12.6491
Pkt 212 480 0.441667 1
Pkt 165 375 0.44 1
Node 74 42 25.2982
Pkt 352 800 0.44 1
Pkt 352 800 0.44 1
Node 26 47 24.1868
Pkt 106 240 0.441667 1
Pkt 106 240 0.441667 1
Node 53 55 5.83095
Pkt 141 320 0.440625 1
Pkt 132 300 0.44 1
Rate:881.125
==========
==========18
5 0 2 24000
Node 72 39 24.5967
Pkt 110 250 0.44 1
Pkt 44 100 0.44 1
Node 42 74 25.2982
Pkt 165 375 0.44 1
Pkt 165 375 0.44 1
Node 28 57 23.0868
Pkt 352 800 0.44 1
Pkt 352 800 0.44 1
Node 41 50 9
Pkt 71 160 0.44375 1
Pkt 106 240 0.441667 1
Node 55 74 24.5153
Pkt 132 300 0.44 1
Pkt 141 320 0.440625 1
Rate:881.208
==========
==========19
5 0 2 24000
Node 56 69 19.9249
Pkt 110 250 0.44 1
Pkt 55 125 0.44 1
Node 70 53 20.2237
Pkt 141 320 0.440625 1
Pkt 165 375 0.44 1
Node 35 57 16.5529
Pkt 330 750 0.44 1
Pkt 330 750 0.44 1
Node 33 64 22.0227
Pkt 106 240 0.441667 1
Pkt 55 125 0.44 1
Node 46 40 10.7703
Pkt 132 300 0.44 1
Pkt 132 300 0.44 1
Rate:880.458
==========
==========20
5 0 2 24000
Node 34 72 27.2029
Pkt 53 120 0.441667 1
Pkt 71 160 0.44375 1
Node 53 64 14.3178
Pkt 212 480 0.441667 1
Pkt 165 375 0.44 1
Node 25 59 26.5707
Pkt 352 800 0.44 1
Pkt 352 800 0.44 1
Node 54 34 16.4924
Pkt 53 120 0.441667 1
Pkt 71 160 0.44375 1
Node 37 54 13.6015
Pkt 176 400 0.44 1
Pkt 165 375 0.44 1
Rate:882.5
==========
==========21
5 0 2 24000
Node 34 72 27.2029
Pkt 106 240 0.441667 1
Pkt 44 100 0.44 1
Node 62 25 27.7308
Pkt 141 320 0.440625 1
Pkt 165 375 0.44 1
Node 71 29 29.6985
Pkt 352 800 0.44 1
Pkt 352 800 0.44 1
Node 62 53 12.3693
Pkt 85 192 0.442708 1
Pkt 88 200 0.44 1
Node 72 58 23.4094
Pkt 141 320 0.440625 1
Pkt 141 320 0.440625 1
Rate:881.25
==========
==========22
5 0 2 24000
Node 30 54 20.3961
Pkt 88 200 0.44 1
Pkt 85 192 0.442708 1
Node 56 36 15.2315
Pkt 176 400 0.44 1
Pkt 165 375 0.44 1
Node 31 53 19.2354
Pkt 330 750 0.44 1
Pkt 330 750 0.44 1
Node 70 33 26.2488
Pkt 44 100 0.44 1
Pkt 88 200 0.44 1
Node 28 61 24.5967
Pkt 212 480 0.441667 1
Pkt 176 400 0.44 1
Rate:880.875
==========
==========23
5 0 2 24000
Node 45 25 25.4951
Pkt 85 192 0.442708 1
Pkt 66 150 0.44 1
Node 53 60 10.4403
Pkt 141 320 0.440625 1
Pkt 132 300 0.44 1
Node 73 47 23.1948
Pkt 330 750 0.44 1
Pkt 330 750 0.44 1
Node 36 73 26.9258
Pkt 106 240 0.441667 1
Pkt 106 240 0.441667 1
Node 35 66 21.9317
Pkt 132 300 0.44 1
Pkt 212 480 0.441667 1
Rate:881.667
==========
==========24
5 0 2 24000
Node 65 55 15.8114
Pkt 110 250 0.44 1
Pkt 71 160 0.44375 1
Node 33 52 17.1172
Pkt 165 375 0.44 1
Pkt 141 320 0.440625 1
Node 56 51 6.08276
Pkt 352 800 0.44 1
Pkt 352 800 0.44 1
Node 26 30 31.241
Pkt 71 160 0.44375 1
Pkt 106 240 0.441667 1
Node 50 34 16
Pkt 132 300 0.44 1
Pkt 165 375 0.44 1
Rate:881.958
==========
==========25
5 0 2 24000
Node 36 52 14.1421
Pkt 55 125 0.44 1
Pkt 53 120 0.441667 1
Node 73 68 29.2062
Pkt 132 300 0.44 1
Pkt 176 400 0.44 1
Node 60 69 21.4709
Pkt 330 750 0.44 1
Pkt 330 750 0.44 1
Node 53 53 4.24264
Pkt 88 200 0.44 1
Pkt 110 250 0.44 1
Node 31 39 21.9545
Pkt 132 300 0.44 1
Pkt 132 300 0.44 1
Rate:880.333
==========
==========26
5 0 2 24000
Node 54 49 4.12311
Pkt 66 150 0.44 1
Pkt 71 160 0.44375 1
Node 39 26 26.4008
Pkt 165 375 0.44 1
Pkt 212 480 0.441667 1
Node 65 59 17.4929
Pkt 352 800 0.44 1
Pkt 330 750 0.44 1
Node 47 67 17.2627
Pkt 106 240 0.441667 1
Pkt 44 100 0.44 1
Node 43 67 18.3848
Pkt 176 400 0.44 1
Pkt 212 480 0.441667 1
Rate:881.75
==========
==========27
5 0 2 24000
Node 27 68 29.2062
Pkt 106 240 0.441667 1
Pkt 53 120 0.441667 1
Node 66 41 18.3576
Pkt 132 300 0.44 1
Pkt 165 375 0.44 1
Node 67 74 29.4109
Pkt 352 800 0.44 1
Pkt 330 750 0.44 1
Node 65 42 17
Pkt 53 120 0.441667 1
Pkt 110 250 0.44 1
Node 70 49 20.025
Pkt 176 400 0.44 1
Pkt 132 300 0.44 1
Rate:881
==========
==========28
5 0 2 24000
Node 43 33 18.3848
Pkt 85 192 0.442708 1
Pkt 106 240 0.441667 1
Node 37 35 19.8494
Pkt 132 300 0.44 1
Pkt 132 300 0.44 1
Node 37 51 13.0384
Pkt 330 750 0.44 1
Pkt 352 800 0.44 1
Node 27 59 24.6982
Pkt 44 100 0.44 1
Pkt 53 120 0.441667 1
Node 47 63 13.3417
Pkt 132 300 0.44 1
Pkt 212 480 0.441667 1
Rate:881.542
==========
==========29
5 0 2 24000
Node 43 45 8.60233
Pkt 55 125 0.44 1
Pkt 88 200 0.44 1
Node 56 69 19.9249
Pkt 176 400 0.44 1
Pkt 141 320 0.440625 1
Node 30 65 25
Pkt 330 750 0.44 1
Pkt 330 750 0.44 1
Node 61 64 17.8045
Pkt 106 240 0.441667 1
Pkt 85 192 0.442708 1
Node 34 58 17.8885
Pkt 141 320 0.440625 1
Pkt 141 320 0.440625 1
Rate:881.25
==========
==========30
5 0 2 24000
Node 31 26 30.6105
Pkt 85 192 0.442708 1
Pkt 110 250 0.44 1
Node 61 73 25.4951
Pkt 165 375 0.44 1
Pkt 132 300 0.44 1
Node 64 74 27.7849
Pkt 330 750 0.44 1
Pkt 352 800 0.44 1
Node 51 56 6.08276
Pkt 53 120 0.441667 1
Pkt 55 125 0.44 1
Node 56 32 18.9737
Pkt 176 400 0.44 1
Pkt 165 375 0.44 1
Rate:880.875
==========
==========31
5 0 2 24000
Node 70 41 21.9317
Pkt 55 125 0.44 1
Pkt 55 125 0.44 1
Node 40 42 12.8062
Pkt 212 480 0.441667 1
Pkt 212 480 0.441667 1
Node 26 45 24.5153
Pkt 352 800 0.44 1
Pkt 330 750 0.44 1
Node 26 42 25.2982
Pkt 66 150 0.44 1
Pkt 88 200 0.44 1
Node 52 28 22.0907
Pkt 141 320 0.440625 1
Pkt 165 375 0.44 1
Rate:880.792
==========
==========32
5 0 2 24000
Node 64 67 22.0227
Pkt 71 160 0.44375 1
Pkt 55 125 0.44 1
Node 65 72 26.6271
Pkt 176 400 0.44 1
Pkt 176 400 0.44 1
Node 60 69 21.4709
Pkt 330 750 0.44 1
Pkt 352 800 0.44 1
Node 32 38 21.6333
Pkt 106 240 0.441667 1
Pkt 66 150 0.44 1
Node 48 59 9.21954
Pkt 165 375 0.44 1
Pkt 141 320 0.440625 1
Rate:881.208
==========
==========33
5 0 2 24000
Node 72 35 26.6271
Pkt 85 192 0.442708 1
Pkt 53 120 0.441667 1
Node 25 34 29.6816
Pkt 212 480 0.441667 1
Pkt 132 300 0.44 1
Node 52 41 9.21954
Pkt 352 800 0.44 1
Pkt 330 750 0.44 1
Node 38 72 25.0599
Pkt 110 250 0.44 1
Pkt 106 240 0.441667 1
Node 68 31 26.1725
Pkt 141 320 0.440625 1
Pkt 176 400 0.44 1
Rate:881.667
==========
==========34
5 0 2 24000
Node 26 68 30
Pkt 71 160 0.44375 1
Pkt 66 150 0.44 1
Node 64 52 14.1421
Pkt 165 375 0.44 1
Pkt 141 320 0.440625 1
Node 29 29 29.6985
Pkt 330 750 0.44 1
Pkt 352 800 0.44 1
Node 66 55 16.7631
Pkt 71 160 0.44375 1
Pkt 55 125 0.44 1
Node 71 45 21.587
Pkt 132 300 0.44 1
Pkt 165 375 0.44 1
Rate:881.625
==========
==========35
5 0 2 24000
Node 68 58 19.6977
Pkt 110 250 0.44 1
Pkt 55 125 0.44 1
Node 45 57 8.60233
Pkt 165 375 0.44 1
Pkt 141 320 0.440625 1
Node 74 72 32.5576
Pkt 330 750 0.44 1
Pkt 352 800 0.44 1
Node 69 26 30.6105
Pkt 71 160 0.44375 1
Pkt 88 200 0.44 1
Node 62 52 12.1655
Pkt 212 480 0.441667 1
Pkt 212 480 0.441667 1
Rate:881.542
==========
==========36
5 0 2 24000
Node 51 59 9.05539
Pkt 106 240 0.441667 1
Pkt 88 200 0.44 1
Node 60 74 26
Pkt 141 320 0.440625 1
Pkt 165 375 0.44 1
Node 51 38 12.0416
Pkt 352 800 0.44 1
Pkt 330 750 0.44 1
Node 45 51 5.09902
Pkt 71 160 0.44375 1
Pkt 53 120 0.441667 1
Node 62 73 25.9422
Pkt 132 300 0.44 1
Pkt 176 400 0.44 1
Rate:881.542
==========
==========37
5 0 2 24000
Node 43 44 9.21954
Pkt 106 240 0.441667 1
Pkt 71 160 0.44375 1
Node 36 32 22.8035
Pkt 165 375 0.44 1
Pkt 141 320 0.440625 1
Node 61 39 15.5563
Pkt 352 800 0.44 1
Pkt 352 800 0.44 1
Node 67 33 24.0416
Pkt 44 100 0.44 1
Pkt 44 100 0.44 1
Node 45 67 17.72
Pkt 132 300 0.44 1
Pkt 176 400 0.44 1
Rate:881.208
==========
==========38
5 0 2 24000
Node 27 72 31.8277
Pkt 71 160 0.44375 1
Pkt 55 125 0.44 1
Node 34 42 17.8885
Pkt 141 320 0.440625 1
Pkt 132 300 0.44 1
Node 44 74 24.7386
Pkt 330 750 0.44 1
Pkt 352 800 0.44 1
Node 30 33 26.2488
Pkt 66 150 0.44 1
Pkt 44 100 0.44 1
Node 61 37 17.0294
Pkt 141 320 0.440625 1
Pkt 212 480 0.441667 1
Rate:881.333
==========
==========39
5 0 2 24000
Node 54 62 12.6491
Pkt 71 160 0.44375 1
Pkt 106 240 0.441667 1
Node 26 68 30
Pkt 176 400 0.44 1
Pkt 212 480 0.441667 1
Node 33 35 22.6716
Pkt 330 750 0.44 1
Pkt 330 750 0.44 1
Node 58 28 23.4094
Pkt 88 200 0.44 1
Pkt 110 250 0.44 1
Node 31 30 27.5862
Pkt 132 300 0.44 1
Pkt 165 375 0.44 1
Rate:881.417
==========
==========40
5 0 2 24000
Node 61 71 23.7065
Pkt 53 120 0.441667 1
Pkt 71 160 0.44375 1
Node 40 47 10.4403
Pkt 165 375 0.44 1
Pkt 165 375 0.44 1
Node 55 63 13.9284
Pkt 352 800 0.44 1
Pkt 330 750 0.44 1
Node 43 58 10.6301
Pkt 55 125 0.44 1
Pkt 71 160 0.44375 1
Node 56 60 11.6619
Pkt 132 300 0.44 1
Pkt 141 320 0.440625 1
Rate:881.958
==========
==========41
5 0 2 24000
Node 61 45 12.083
Pkt 66 150 0.44 1
Pkt 88 200 0.44 1
Node 71 43 22.1359
Pkt 165 375 0.44 1
Pkt 212 480 0.441667 1
Node 32 39 21.095
Pkt 352 800 0.44 1
Pkt 330 750 0.44 1
Node 55 25 25.4951
Pkt 88 200 0.44 1
Pkt 71 160 0.44375 1
Node 34 56 17.088
Pkt 212 480 0.441667 1
Pkt 132 300 0.44 1
Rate:881.417
==========
==========42
5 0 2 24000
Node 56 56 8.48528
Pkt 55 125 0.44 1
Pkt 66 150 0.44 1
Node 58 73 24.3516
Pkt 132 300 0.44 1
Pkt 132 300 0.44 1
Node 56 52 6.32456
Pkt 330 750 0.44 1
Pkt 330 750 0.44 1
Node 56 41 10.8167
Pkt 85 192 0.442708 1
Pkt 66 150 0.44 1
Node 37 59 15.8114
Pkt 165 375 0.44 1
Pkt 176 400 0.44 1
Rate:880.542
==========
==========43
5 0 2 24000
Node 55 39 12.083
Pkt 66 150 0.44 1
Pkt 55 125 0.44 1
Node 65 26 28.3019
Pkt 141 320 0.440625 1
Pkt 212 480 0.441667 1
Node 70 73 30.4795
Pkt 352 800 0.44 1
Pkt 352 800 0.44 1
Node 60 38 15.6205
Pkt 55 125 0.44 1
Pkt 85 192 0.442708 1
Node 29 53 21.2132
Pkt 141 320 0.440625 1
Pkt 132 300 0.44 1
Rate:881.125
==========
==========44
5 0 2 24000
Node 59 71 22.8473
Pkt 55 125 0.44 1
Pkt 106 240 0.441667 1
Node 39 64 17.8045
Pkt 176 400 0.44 1
Pkt 141 320 0.440625 1
Node 65 45 15.8114
Pkt 352 800 0.44 1
Pkt 330 750 0.44 1
Node 37 67 21.4009
Pkt 44 100 0.44 1
Pkt 110 250 0.44 1
Node 45 44 7.81025
Pkt 132 300 0.44 1
Pkt 176 400 0.44 1
Rate:880.458
==========
==========45
5 0 2 24000
Node 65 29 25.807
Pkt 53 120 0.441667 1
Pkt 106 240 0.441667 1
Node 40 42 12.8062
Pkt 176 400 0.44 1
Pkt 212 480 0.441667 1
Node 37 32 22.2036
Pkt 330 750 0.44 1
Pkt 352 800 0.44 1
Node 42 49 8.06226
Pkt 88 200 0.44 1
Pkt 85 192 0.442708 1
Node 59 45 10.2956
Pkt 176 400 0.44 1
Pkt 212 480 0.441667 1
Rate:881.875
==========
==========46
5 0 2 24000
Node 60 67 19.7231
Pkt 44 100 0.44 1
Pkt 106 240 0.441667 1
Node 38 48 12.1655
Pkt 212 480 0.441667 1
Pkt 176 400 0.44 1
Node 27 72 31.8277
Pkt 330 750 0.44 1
Pkt 352 800 0.44 1
Node 66 71 26.4008
Pkt 85 192 0.442708 1
Pkt 106 240 0.441667 1
Node 72 41 23.7697
Pkt 132 300 0.44 1
Pkt 132 300 0.44 1
Rate:881.542
==========
==========47
5 0 2 24000
Node 49 62 12.0416
Pkt 55 125 0.44 1
Pkt 85 192 0.442708 1
Node 27 48 23.0868
Pkt 165 375 0.44 1
Pkt 141 320 0.440625 1
Node 47 32 18.2483
Pkt 352 800 0.44 1
Pkt 330 750 0.44 1
Node 33 55 17.72
Pkt 53 120 0.441667 1
Pkt 66 150 0.44 1
Node 52 39 11.1803
Pkt 141 320 0.440625 1
Pkt 165 375 0.44 1
Rate:881.125
==========
==========48
5 0 2 24000
Node 26 37 27.2947
Pkt 44 100 0.44 1
Pkt 53 120 0.441667 1
Node 39 59 14.2127
Pkt 176 400 0.44 1
Pkt 176 400 0.44 1
Node 66 49 16.0312
Pkt 352 800 0.44 1
Pkt 330 750 0.44 1
Node 64 72 26.0768
Pkt 110 250 0.44 1
Pkt 44 100 0.44 1
Node 38 27 25.9422
Pkt 132 300 0.44 1
Pkt 176 400 0.44 1
Rate:880.333
==========
==========49
5 0 2 24000
Node 61 29 23.7065
Pkt 53 120 0.441667 1
Pkt 66 150 0.44 1
Node 32 35 23.4307
Pkt 132 300 0.44 1
Pkt 165 375 0.44 1
Node 40 72 24.1661
Pkt 352 800 0.44 1
Pkt 330 750 0.44 1
Node 48 62 12.1655
Pkt 44 100 0.44 1
Pkt 44 100 0.44 1
Node 39 73 25.4951
Pkt 176 400 0.44 1
Pkt 165 375 0.44 1
Rate:880.333
==========
==========50
5 0 2 24000
Node 39 74 26.4008
Pkt 88 200 0.44 1
Pkt 71 160 0.44375 1
Node 66 49 16.0312
Pkt 165 375 0.44 1
Pkt 165 375 0.44 1
Node 45 34 16.7631
Pkt 352 800 0.44 1
Pkt 352 800 0.44 1
Node 61 27 25.4951
Pkt 53 120 0.441667 1
Pkt 66 150 0.44 1
Node 33 63 21.4009
Pkt 165 375 0.44 1
Pkt 176 400 0.44 1
Rate:881.083
==========
==========51
5 0 2 24000
Node 51 32 18.0278
Pkt 71 160 0.44375 1
Pkt 44 100 0.44 1
Node 53 53 4.24264
Pkt 176 400 0.44 1
Pkt 176 400 0.44 1
Node 50 70 20
Pkt 330 750 0.44 1
Pkt 352 800 0.44 1
Node 65 36 20.5183
Pkt 110 250 0.44 1
Pkt 110 250 0.44 1
Node 73 28 31.8277
Pkt 176 400 0.44 1
Pkt 165 375 0.44 1
Rate:880.75
==========
==========52
5 0 2 24000
Node 43 30 21.1896
Pkt 71 160 0.44375 1
Pkt 53 120 0.441667 1
Node 62 53 12.3693
Pkt 212 480 0.441667 1
Pkt 165 375 0.44 1
Node 74 35 28.3019
Pkt 352 800 0.44 1
Pkt 330 750 0.44 1
Node 50 29 21
Pkt 55 125 0.44 1
Pkt 110 250 0.44 1
Node 42 67 18.7883
Pkt 141 320 0.440625 1
Pkt 165 375 0.44 1
Rate:881.542
==========
==========53
5 0 2 24000
Node 52 54 4.47214
Pkt 44 100 0.44 1
Pkt 66 150 0.44 1
Node 68 29 27.6586
Pkt 212 480 0.441667 1
Pkt 132 300 0.44 1
Node 73 31 29.8329
Pkt 352 800 0.44 1
Pkt 330 750 0.44 1
Node 60 33 19.7231
Pkt 53 120 0.441667 1
Pkt 53 120 0.441667 1
Node 55 65 15.8114
Pkt 132 300 0.44 1
Pkt 165 375 0.44 1
Rate:881
==========
==========54
5 0 2 24000
Node 35 58 17
Pkt 85 192 0.442708 1
Pkt 106 240 0.441667 1
Node 47 34 16.2788
Pkt 165 375 0.44 1
Pkt 165 375 0.44 1
Node 28 29 30.4138
Pkt 352 800 0.44 1
Pkt 352 800 0.44 1
Node 48 58 8.24621
Pkt 66 150 0.44 1
Pkt 85 192 0.442708 1
Node 39 58 13.6015
Pkt 165 375 0.44 1
Pkt 165 375 0.44 1
Rate:881.417
==========
==========55
5 0 2 24000
Node 59 51 9.05539
Pkt 44 100 0.44 1
Pkt 55 125 0.44 1
Node 31 69 26.8701
Pkt 212 480 0.441667 1
Pkt 132 300 0.44 1
Node 30 57 21.1896
Pkt 352 800 0.44 1
Pkt 352 800 0.44 1
Node 61 50 11
Pkt 44 100 0.44 1
Pkt 106 240 0.441667 1
Node 67 63 21.4009
Pkt 176 400 0.44 1
Pkt 176 400 0.44 1
Rate:880.667
==========
==========56
5 0 2 24000
Node 66 71 26.4008
Pkt 53 120 0.441667 1
Pkt 66 150 0.44 1
Node 48 51 2.23607
Pkt 165 375 0.44 1
Pkt 176 400 0.44 1
Node 59 46 9.84886
Pkt 330 750 0.44 1
Pkt 330 750 0.44 1
Node 28 47 22.2036
Pkt 110 250 0.44 1
Pkt 106 240 0.441667 1
Node 56 53 6.7082
Pkt 165 375 0.44 1
Pkt 132 300 0.44 1
Rate:880.667
==========
==========57
5 0 2 24000
Node 26 55 24.5153
Pkt 66 150 0.44 1
Pkt 110 250 0.44 1
Node 40 74 26
Pkt 141 320 0.440625 1
Pkt 141 320 0.440625 1
Node 64 48 14.1421
Pkt 330 750 0.44 1
Pkt 330 750 0.44 1
Node 35 28 26.6271
Pkt 85 192 0.442708 1
Pkt 53 120 0.441667 1
Node 33 52 17.1172
Pkt 176 400 0.44 1
Pkt 141 320 0.440625 1
Rate:881.25
==========
==========58
5 0 2 24000
Node 61 35 18.6011
Pkt 71 160 0.44375 1
Pkt 53 120 0.441667 1
Node 47 31 19.2354
Pkt 212 480 0.441667 1
Pkt 176 400 0.44 1
Node 26 67 29.4109
Pkt 330 750 0.44 1
Pkt 330 750 0.44 1
Node 55 41 10.2956
Pkt 106 240 0.441667 1
Pkt 66 150 0.44 1
Node 35 70 25
Pkt 132 300 0.44 1
Pkt 165 375 0.44 1
Rate:881.75
==========
==========59
5 0 2 24000
Node 36 36 19.799
Pkt 66 150 0.44 1
Pkt 44 100 0.44 1
Node 61 25 27.313
Pkt 212 480 0.441667 1
Pkt 165 375 0.44 1
Node 48 40 10.198
Pkt 330 750 0.44 1
Pkt 330 750 0.44 1
Node 50 28 22
Pkt 71 160 0.44375 1
Pkt 66 150 0.44 1
Node 69 44 19.9249
Pkt 212 480 0.441667 1
Pkt 165 375 0.44 1
Rate:881.417
==========
==========60
5 0 2 24000
Node 50 35 15
Pkt 106 240 0.441667 1
Pkt 106 240 0.441667 1
Node 40 73 25.0799
Pkt 165 375 0.44 1
Pkt 212 480 0.441667 1
Node 74 53 24.1868
Pkt 330 750 0.44 1
Pkt 352 800 0.44 1
Node 33 59 19.2354
Pkt 85 192 0.442708 1
Pkt 106 240 0.441667 1
Node 57 73 24.0416
Pkt 176 400 0.44 1
Pkt 141 320 0.440625 1
Rate:882
==========
==========61
5 0 2 24000
Node 59 47 9.48683
Pkt 110 250 0.44 1
Pkt 66 150 0.44 1
Node 68 33 24.7588
Pkt 165 375 0.44 1
Pkt 132 300 0.44 1
Node 67 65 22.6716
Pkt 352 800 0.44 1
Pkt 330 750 0.44 1
Node 47 52 3.60555
Pkt 44 100 0.44 1
Pkt 110 250 0.44 1
Node 43 45 8.60233
Pkt 176 400 0.44 1
Pkt 176 400 0.44 1
Rate:880
==========
==========62
5 0 2 24000
Node 31 55 19.6469
Pkt 55 125 0.44 1
Pkt 88 200 0.44 1
Node 25 56 25.7099
Pkt 132 300 0.44 1
Pkt 165 375 0.44 1
Node 66 62 20
Pkt 352 800 0.44 1
Pkt 330 750 0.44 1
Node 43 54 8.06226
Pkt 44 100 0.44 1
Pkt 71 160 0.44375 1
Node 67 69 25.4951
Pkt 176 400 0.44 1
Pkt 141 320 0.440625 1
Rate:880.875
==========
==========63
5 0 2 24000
Node 29 25 32.6497
Pkt 55 125 0.44 1
Pkt 110 250 0.44 1
Node 48 37 13.1529
Pkt 165 375 0.44 1
Pkt 141 320 0.440625 1
Node 38 33 20.8087
Pkt 352 800 0.44 1
Pkt 352 800 0.44 1
Node 57 69 20.2485
Pkt 106 240 0.441667 1
Pkt 110 250 0.44 1
Node 29 44 21.8403
Pkt 141 320 0.440625 1
Pkt 212 480 0.441667 1
Rate:880.917
==========
==========64
5 0 2 24000
Node 70 59 21.9317
Pkt 66 150 0.44 1
Pkt 71 160 0.44375 1
Node 62 28 25.0599
Pkt 132 300 0.44 1
Pkt 165 375 0.44 1
Node 38 29 24.1868
Pkt 330 750 0.44 1
Pkt 352 800 0.44 1
Node 46 58 8.94427
Pkt 55 125 0.44 1
Pkt 55 125 0.44 1
Node 39 42 13.6015
Pkt 165 375 0.44 1
Pkt 212 480 0.441667 1
Rate:881.083
==========
==========65
5 0 2 24000
Node 43 28 23.0868
Pkt 106 240 0.441667 1
Pkt 55 125 0.44 1
Node 52 37 13.1529
Pkt 212 480 0.441667 1
Pkt 176 400 0.44 1
Node 61 42 13.6015
Pkt 330 750 0.44 1
Pkt 352 800 0.44 1
Node 58 60 12.8062
Pkt 110 250 0.44 1
Pkt 106 240 0.441667 1
Node 51 54 4.12311
Pkt 132 300 0.44 1
Pkt 176 400 0.44 1
Rate:881
==========
==========66
5 0 2 24000
Node 48 51 2.23607
Pkt 44 100 0.44 1
Pkt 88 200 0.44 1
Node 36 71 25.2389
Pkt 165 375 0.44 1
Pkt 176 400 0.44 1
Node 49 31 19.0263
Pkt 330 750 0.44 1
Pkt 330 750 0.44 1
Node 40 30 22.3607
Pkt 66 150 0.44 1
Pkt 66 150 0.44 1
Node 30 73 30.4795
Pkt 141 320 0.440625 1
Pkt 132 300 0.44 1
Rate:880.125
==========
==========67
5 0 2 24000
Node 42 61 13.6015
Pkt 66 150 0.44 1
Pkt 53 120 0.441667 1
Node 62 59 15
Pkt 132 300 0.44 1
Pkt 132 300 0.44 1
Node 65 28 26.6271
Pkt 352 800 0.44 1
Pkt 330 750 0.44 1
Node 29 27 31.1448
Pkt 53 120 0.441667 1
Pkt 110 250 0.44 1
Node 60 46 10.7703
Pkt 165 375 0.44 1
Pkt 141 320 0.440625 1
Rate:880.792
==========
==========68
5 0 2 24000
Node 72 46 22.3607
Pkt 110 250 0.44 1
Pkt 88 200 0.44 1
Node 69 36 23.6008
Pkt 165 375 0.44 1
Pkt 176 400 0.44 1
Node 61 62 16.2788
Pkt 330 750 0.44 1
Pkt 330 750 0.44 1
Node 40 40 14.1421
Pkt 53 120 0.441667 1
Pkt 88 200 0.44 1
Node 40 72 24.1661
Pkt 212 480 0.441667 1
Pkt 165 375 0.44 1
Rate:880.667
==========
==========69
5 0 2 24000
Node 30 56 20.8806
Pkt 110 250 0.44 1
Pkt 106 240 0.441667 1
Node 40 55 11.1803
Pkt 176 400 0.44 1
Pkt 176 400 0.44 1
Node 66 29 26.4008
Pkt 352 800 0.44 1
Pkt 352 800 0.44 1
Node 66 68 24.0832
Pkt 106 240 0.441667 1
Pkt 88 200 0.44 1
Node 38 63 17.6918
Pkt 212 480 0.441667 1
Pkt 165 375 0.44 1
Rate:881
==========
==========70
5 0 2 24000
Node 32 56 18.9737
Pkt 71 160 0.44375 1
Pkt 44 100 0.44 1
Node 42 31 20.6155
Pkt 132 300 0.44 1
Pkt 176 400 0.44 1
Node 29 52 21.095
Pkt 330 750 0.44 1
Pkt 330 750 0.44 1
Node 67 54 17.4642
Pkt 110 250 0.44 1
Pkt 66 150 0.44 1
Node 71 32 27.6586
Pkt 141 320 0.440625 1
Pkt 176 400 0.44 1
Rate:880.875
==========
==========71
5 0 2 24000
Node 66 49 16.0312
Pkt 44 100 0.44 1
Pkt 53 120 0.441667 1
Node 52 72 22.0907
Pkt 165 375 0.44 1
Pkt 141 320 0.440625 1
Node 28 70 29.7321
Pkt 352 800 0.44 1
Pkt 352 800 0.44 1
Node 72 66 27.2029
Pkt 88 200 0.44 1
Pkt 88 200 0.44 1
Node 27 57 24.0416
Pkt 141 320 0.440625 1
Pkt 165 375 0.44 1
Rate:880.583
==========
==========72
5 0 2 24000
Node 46 50 4
Pkt 53 120 0.441667 1
Pkt 71 160 0.44375 1
Node 60 55 11.1803
Pkt 212 480 0.441667 1
Pkt 165 375 0.44 1
Node 54 44 7.2111
Pkt 352 800 0.44 1
Pkt 330 750 0.44 1
Node 61 41 14.2127
Pkt 55 125 0.44 1
Pkt 106 240 0.441667 1
Node 42 74 25.2982
Pkt 132 300 0.44 1
Pkt 176 400 0.44 1
Rate:881.75
==========
==========73
5 0 2 24000
Node 57 47 7.61577
Pkt 53 120 0.441667 1
Pkt 88 200 0.44 1
Node 30 46 20.3961
Pkt 176 400 0.44 1
Pkt 141 320 0.440625 1
Node 72 67 27.8029
Pkt 330 750 0.44 1
Pkt 352 800 0.44 1
Node 27 47 23.1948
Pkt 106 240 0.441667 1
Pkt 106 240 0.441667 1
Node 43 59 11.4018
Pkt 132 300 0.44 1
Pkt 132 300 0.44 1
Rate:881.125
==========
==========74
5 0 2 24000
Node 48 55 5.38516
Pkt 53 120 0.441667 1
Pkt 106 240 0.441667 1
Node 27 30 30.4795
Pkt 176 400 0.44 1
Pkt 132 300 0.44 1
Node 52 41 9.21954
Pkt 330 750 0.44 1
Pkt 330 750 0.44 1
Node 27 54 23.3452
Pkt 66 150 0.44 1
Pkt 71 160 0.44375 1
Node 53 44 6.7082
Pkt 132 300 0.44 1
Pkt 165 375 0.44 1
Rate:881.417
==========
==========75
5 0 2 24000
Node 25 30 32.0156
Pkt 88 200 0.44 1
Pkt 71 160 0.44375 1
Node 35 71 25.807
Pkt 132 300 0.44 1
Pkt 176 400 0.44 1
Node 56 34 17.088
Pkt 352 800 0.44 1
Pkt 330 750 0.44 1
Node 63 64 19.105
Pkt 55 125 0.44 1
Pkt 106 240 0.441667 1
Node 56 72 22.8035
Pkt 141 320 0.440625 1
Pkt 165 375 0.44 1
Rate:881.208
==========
==========76
5 0 2 24000
Node 29 31 28.3196
Pkt 44 100 0.44 1
Pkt 71 160 0.44375 1
Node 50 70 20
Pkt 132 300 0.44 1
Pkt 165 375 0.44 1
Node 37 50 13
Pkt 330 750 0.44 1
Pkt 352 800 0.44 1
Node 39 40 14.8661
Pkt 88 200 0.44 1
Pkt 53 120 0.441667 1
Node 31 61 21.9545
Pkt 176 400 0.44 1
Pkt 165 375 0.44 1
Rate:881.083
==========
==========77
5 0 2 24000
Node 39 29 23.7065
Pkt 44 100 0.44 1
Pkt 71 160 0.44375 1
Node 39 53 11.4018
Pkt 165 375 0.44 1
Pkt 141 320 0.440625 1
Node 41 56 10.8167
Pkt 352 800 0.44 1
Pkt 352 800 0.44 1
Node 29 34 26.4008
Pkt 88 200 0.44 1
Pkt 85 192 0.442708 1
Node 35 63 19.8494
Pkt 176 400 0.44 1
Pkt 132 300 0.44 1
Rate:881.417
==========
==========78
5 0 2 24000
Node 47 67 17.2627
Pkt 106 240 0.441667 1
Pkt 110 250 0.44 1
Node 58 54 8.94427
Pkt 165 375 0.44 1
Pkt 132 300 0.44 1
Node 25 68 30.8058
Pkt 352 800 0.44 1
Pkt 352 800 0.44 1
Node 40 46 10.7703
Pkt 66 150 0.44 1
Pkt 44 100 0.44 1
Node 65 62 19.2094
Pkt 212 480 0.441667 1
Pkt 176 400 0.44 1
Rate:880.667
==========
==========79
5 0 2 24000
Node 28 61 24.5967
Pkt 110 250 0.44 1
Pkt 110 250 0.44 1
Node 39 62 16.2788
Pkt 132 300 0.44 1
Pkt 176 400 0.44 1
Node 26 28 32.5576
Pkt 352 800 0.44 1
Pkt 330 750 0.44 1
Node 38 45 13
Pkt 106 240 0.441667 1
Pkt 44 100 0.44 1
Node 27 39 25.4951
Pkt 165 375 0.44 1
Pkt 176 400 0.44 1
Rate:880.333
==========
==========80
5 0 2 24000
Node 70 57 21.1896
Pkt 85 192 0.442708 1
Pkt 44 100 0.44 1
Node 67 65 22.6716
Pkt 165 375 0.44 1
Pkt 212 480 0.441667 1
Node 28 34 27.2029
Pkt 330 750 0.44 1
Pkt 352 800 0.44 1
Node 33 66 23.3452
Pkt 85 192 0.442708 1
Pkt 53 120 0.441667 1
Node 60 49 10.0499
Pkt 141 320 0.440625 1
Pkt 132 300 0.44 1
Rate:881.875
==========
==========81
5 0 2 24000
Node 33 66 23.3452
Pkt 53 120 0.441667 1
Pkt 53 120 0.441667 1
Node 35 29 25.807
Pkt 212 480 0.441667 1
Pkt 176 400 0.44 1
Node 57 68 19.3132
Pkt 330 750 0.44 1
Pkt 330 750 0.44 1
Node 43 30 21.1896
Pkt 71 160 0.44375 1
Pkt 88 200 0.44 1
Node 36 64 19.799
Pkt 176 400 0.44 1
Pkt 132 300 0.44 1
Rate:881.75
==========
==========82
5 0 2 24000
Node 52 48 2.82843
Pkt 66 150 0.44 1
Pkt 110 250 0.44 1
Node 56 43 9.21954
Pkt 176 400 0.44 1
Pkt 176 400 0.44 1
Node 45 32 18.6815
Pkt 330 750 0.44 1
Pkt 352 800 0.44 1
Node 40 40 14.1421
Pkt 106 240 0.441667 1
Pkt 44 100 0.44 1
Node 69 30 27.5862
Pkt 176 400 0.44 1
Pkt 132 300 0.44 1
Rate:880.333
==========
==========83
5 0 2 24000
Node 30 47 20.2237
Pkt 53 120 0.441667 1
Pkt 110 250 0.44 1
Node 61 58 13.6015
Pkt 176 400 0.44 1
Pkt 141 320 0.440625 1
Node 60 65 18.0278
Pkt 352 800 0.44 1
Pkt 330 750 0.44 1
Node 25 70 32.0156
Pkt 53 120 0.441667 1
Pkt 53 120 0.441667 1
Node 46 54 5.65685
Pkt 212 480 0.441667 1
Pkt 176 400 0.44 1
Rate:881.458
==========
==========84
5 0 2 24000
Node 58 51 8.06226
Pkt 106 240 0.441667 1
Pkt 110 250 0.44 1
Node 44 29 21.8403
Pkt 176 400 0.44 1
Pkt 212 480 0.441667 1
Node 59 50 9
Pkt 330 750 0.44 1
Pkt 352 800 0.44 1
Node 37 64 19.105
Pkt 71 160 0.44375 1
Pkt 106 240 0.441667 1
Node 50 61 11
Pkt 176 400 0.44 1
Pkt 165 375 0.44 1
Rate:881.75
==========
==========85
5 0 2 24000
Node 46 73 23.3452
Pkt 85 192 0.442708 1
Pkt 85 192 0.442708 1
Node 70 35 25
Pkt 176 400 0.44 1
Pkt 176 400 0.44 1
Node 52 54 4.47214
Pkt 352 800 0.44 1
Pkt 352 800 0.44 1
Node 59 67 19.2354
Pkt 110 250 0.44 1
Pkt 106 240 0.441667 1
Node 27 57 24.0416
Pkt 212 480 0.441667 1
Pkt 141 320 0.440625 1
Rate:881.875
==========
==========86
5 0 2 24000
Node 60 62 15.6205
Pkt 106 240 0.441667 1
Pkt 110 250 0.44 1
Node 51 58 8.06226
Pkt 132 300 0.44 1
Pkt 165 375 0.44 1
Node 72 52 22.0907
Pkt 352 800 0.44 1
Pkt 330 750 0.44 1
Node 28 68 28.4253
Pkt 110 250 0.44 1
Pkt 88 200 0.44 1
Node 26 37 27.2947
Pkt 212 480 0.441667 1
Pkt 176 400 0.44 1
Rate:880.667
==========
==========87
5 0 2 24000
Node 25 69 31.4006
Pkt 106 240 0.441667 1
Pkt 110 250 0.44 1
Node 37 29 24.6982
Pkt 132 300 0.44 1
Pkt 132 300 0.44 1
Node 61 45 12.083
Pkt 330 750 0.44 1
Pkt 352 800 0.44 1
Node 39 74 26.4008
Pkt 71 160 0.44375 1
Pkt 71 160 0.44375 1
Node 37 47 13.3417
Pkt 132 300 0.44 1
Pkt 132 300 0.44 1
Rate:881.833
==========
==========88
5 0 2 24000
Node 56 60 11.6619
Pkt 71 160 0.44375 1
Pkt 110 250 0.44 1
Node 37 58 15.2643
Pkt 132 300 0.44 1
Pkt 132 300 0.44 1
Node 29 55 21.587
Pkt 330 750 0.44 1
Pkt 352 800 0.44 1
Node 51 46 4.12311
Pkt 110 250 0.44 1
Pkt 88 200 0.44 1
Node 53 30 20.2237
Pkt 176 400 0.44 1
Pkt 132 300 0.44 1
Rate:880.75
==========
==========89
5 0 2 24000
Node 54 32 18.4391
Pkt 53 120 0.441667 1
Pkt 85 192 0.442708 1
Node 65 67 22.6716
Pkt 212 480 0.441667 1
Pkt 132 300 0.44 1
Node 38 51 12.0416
Pkt 330 750 0.44 1
Pkt 330 750 0.44 1
Node 60 40 14.1421
Pkt 44 100 0.44 1
Pkt 106 240 0.441667 1
Node 65 31 24.2074
Pkt 165 375 0.44 1
Pkt 132 300 0.44 1
Rate:881.542
==========
==========90
5 0 2 24000
Node 40 54 10.7703
Pkt 85 192 0.442708 1
Pkt 106 240 0.441667 1
Node 73 45 23.5372
Pkt 165 375 0.44 1
Pkt 176 400 0.44 1
Node 34 31 24.8395
Pkt 352 800 0.44 1
Pkt 352 800 0.44 1
Node 67 52 17.1172
Pkt 110 250 0.44 1
Pkt 110 250 0.44 1
Node 28 47 22.2036
Pkt 212 480 0.441667 1
Pkt 132 300 0.44 1
Rate:881.208
==========
==========91
5 0 2 24000
Node 26 52 24.0832
Pkt 66 150 0.44 1
Pkt 44 100 0.44 1
Node 48 41 9.21954
Pkt 176 400 0.44 1
Pkt 165 375 0.44 1
Node 74 41 25.632
Pkt 330 750 0.44 1
Pkt 352 800 0.44 1
Node 40 33 19.7231
Pkt 106 240 0.441667 1
Pkt 71 160 0.44375 1
Node 72 71 30.4138
Pkt 141 320 0.440625 1
Pkt 212 480 0.441667 1
Rate:881.542
==========
==========92
5 0 2 24000
Node 52 51 2.23607
Pkt 85 192 0.442708 1
Pkt 44 100 0.44 1
Node 53 51 3.16228
Pkt 132 300 0.44 1
Pkt 176 400 0.44 1
Node 31 41 21.0238
Pkt 330 750 0.44 1
Pkt 352 800 0.44 1
Node 39 40 14.8661
Pkt 53 120 0.441667 1
Pkt 110 250 0.44 1
Node 32 63 22.2036
Pkt 165 375 0.44 1
Pkt 212 480 0.441667 1
Rate:881.208
==========
==========93
5 0 2 24000
Node 70 57 21.1896
Pkt 85 192 0.442708 1
Pkt 44 100 0.44 1
Node 54 62 12.6491
Pkt 176 400 0.44 1
Pkt 176 400 0.44 1
Node 42 62 14.4222
Pkt 330 750 0.44 1
Pkt 352 800 0.44 1
Node 45 56 7.81025
Pkt 44 100 0.44 1
Pkt 71 160 0.44375 1
Node 64 63 19.105
Pkt 132 300 0.44 1
Pkt 141 320 0.440625 1
Rate:881.417
==========
==========94
5 0 2 24000
Node 55 39 12.083
Pkt 44 100 0.44 1
Pkt 110 250 0.44 1
Node 33 74 29.4109
Pkt 176 400 0.44 1
Pkt 141 320 0.440625 1
Node 54 70 20.3961
Pkt 330 750 0.44 1
Pkt 352 800 0.44 1
Node 39 68 21.095
Pkt 53 120 0.441667 1
Pkt 66 150 0.44 1
Node 25 66 29.6816
Pkt 141 320 0.440625 1
Pkt 141 320 0.440625 1
Rate:880.708
==========
==========95
5 0 2 24000
Node 71 43 22.1359
Pkt 53 120 0.441667 1
Pkt 66 150 0.44 1
Node 69 38 22.4722
Pkt 132 300 0.44 1
Pkt 132 300 0.44 1
Node 49 50 1
Pkt 352 800 0.44 1
Pkt 352 800 0.44 1
Node 54 38 12.6491
Pkt 110 250 0.44 1
Pkt 53 120 0.441667 1
Node 55 58 9.43398
Pkt 176 400 0.44 1
Pkt 165 375 0.44 1
Rate:880.667
==========
==========96
5 0 2 24000
Node 42 30 21.5407
Pkt 55 125 0.44 1
Pkt 71 160 0.44375 1
Node 26 66 28.8444
Pkt 132 300 0.44 1
Pkt 212 480 0.441667 1
Node 66 56 17.088
Pkt 352 800 0.44 1
Pkt 352 800 0.44 1
Node 70 66 25.6125
Pkt 55 125 0.44 1
Pkt 66 150 0.44 1
Node 70 49 20.025
Pkt 141 320 0.440625 1
Pkt 165 375 0.44 1
Rate:881.208
==========
==========97
5 0 2 24000
Node 36 57 15.6525
Pkt 71 160 0.44375 1
Pkt 66 150 0.44 1
Node 67 49 17.0294
Pkt 132 300 0.44 1
Pkt 176 400 0.44 1
Node 30 61 22.8254
Pkt 352 800 0.44 1
Pkt 352 800 0.44 1
Node 64 38 18.4391
Pkt 85 192 0.442708 1
Pkt 53 120 0.441667 1
Node 32 66 24.0832
Pkt 212 480 0.441667 1
Pkt 165 375 0.44 1
Rate:881.958
==========
==========98
5 0 2 24000
Node 32 51 18.0278
Pkt 88 200 0.44 1
Pkt 85 192 0.442708 1
Node 65 71 25.807
Pkt 141 320 0.440625 1
Pkt 141 320 0.440625 1
Node 30 61 22.8254
Pkt 330 750 0.44 1
Pkt 352 800 0.44 1
Node 27 52 23.0868
Pkt 66 150 0.44 1
Pkt 110 250 0.44 1
Node 33 29 27.0185
Pkt 212 480 0.441667 1
Pkt 132 300 0.44 1
Rate:881.125
==========
==========99
