5 0 2 24000
Node 37 42 15.2643
Pkt 42 100 0.42 1
Pkt 101 240 0.420833 1
Node 63 46 13.6015
Pkt 126 300 0.42 1
Pkt 135 320 0.421875 1
Node 39 40 14.8661
Pkt 315 750 0.42 1
Pkt 315 750 0.42 1
Node 69 27 29.8329
Pkt 84 200 0.42 1
Pkt 51 120 0.425 1
Node 45 30 20.6155
Pkt 202 480 0.420833 1
Pkt 135 320 0.421875 1
Rate:842.083
==========
==========0
5 0 2 24000
Node 67 28 27.8029
Pkt 84 200 0.42 1
Pkt 81 192 0.421875 1
Node 33 68 24.7588
Pkt 126 300 0.42 1
Pkt 168 400 0.42 1
Node 26 67 29.4109
Pkt 315 750 0.42 1
Pkt 336 800 0.42 1
Node 27 29 31.1448
Pkt 81 192 0.421875 1
Pkt 42 100 0.42 1
Node 56 26 24.7386
Pkt 158 375 0.421333 1
Pkt 168 400 0.42 1
Rate:841.017
==========
==========1
5 0 2 24000
Node 48 65 15.1327
Pkt 42 100 0.42 1
Pkt 68 160 0.425 1
Node 44 44 8.48528
Pkt 168 400 0.42 1
Pkt 202 480 0.420833 1
Node 55 63 13.9284
Pkt 336 800 0.42 1
Pkt 336 800 0.42 1
Node 38 51 12.0416
Pkt 42 100 0.42 1
Pkt 105 250 0.42 1
Node 29 40 23.2594
Pkt 158 375 0.421333 1
Pkt 158 375 0.421333 1
Rate:841.7
==========
==========2
5 0 2 24000
Node 43 72 23.0868
Pkt 68 160 0.425 1
Pkt 81 192 0.421875 1
Node 44 72 22.8035
Pkt 202 480 0.420833 1
Pkt 126 300 0.42 1
Node 64 55 14.8661
Pkt 336 800 0.42 1
Pkt 315 750 0.42 1
Node 73 37 26.4197
Pkt 81 192 0.421875 1
Pkt 84 200 0.42 1
Node 42 60 12.8062
Pkt 135 320 0.421875 1
Pkt 158 375 0.421333 1
Rate:842.558
==========
==========3
5 0 2 24000
Node 43 46 8.06226
Pkt 42 100 0.42 1
Pkt 105 250 0.42 1
Node 48 45 5.38516
Pkt 135 320 0.421875 1
Pkt 168 400 0.42 1
Node 35 43 16.5529
Pkt 336 800 0.42 1
Pkt 336 800 0.42 1
Node 52 56 6.32456
Pkt 101 240 0.420833 1
Pkt 53 125 0.424 1
Node 49 31 19.0263
Pkt 126 300 0.42 1
Pkt 126 300 0.42 1
Rate:841.342
==========
==========4
5 0 2 24000
Node 45 41 10.2956
Pkt 105 250 0.42 1
Pkt 81 192 0.421875 1
Node 68 28 28.4253
Pkt 135 320 0.421875 1
Pkt 158 375 0.421333 1
Node 40 40 14.1421
Pkt 336 800 0.42 1
Pkt 315 750 0.42 1
Node 41 45 10.2956
Pkt 68 160 0.425 1
Pkt 84 200 0.42 1
Node 40 64 17.2047
Pkt 168 400 0.42 1
Pkt 126 300 0.42 1
Rate:842.017
==========
==========5
5 0 2 24000
Node 34 45 16.7631
Pkt 63 150 0.42 1
Pkt 84 200 0.42 1
Node 46 30 20.3961
Pkt 126 300 0.42 1
Pkt 168 400 0.42 1
Node 26 52 24.0832
Pkt 315 750 0.42 1
Pkt 336 800 0.42 1
Node 64 57 15.6525
Pkt 84 200 0.42 1
Pkt 53 125 0.424 1
Node 70 43 21.1896
Pkt 202 480 0.420833 1
Pkt 158 375 0.421333 1
Rate:841.233
==========
==========6
5 0 2 24000
Node 35 27 27.4591
Pkt 84 200 0.42 1
Pkt 68 160 0.425 1
Node 61 39 15.5563
Pkt 158 375 0.421333 1
Pkt 158 375 0.421333 1
Node 65 65 21.2132
Pkt 336 800 0.42 1
Pkt 336 800 0.42 1
Node 51 54 4.12311
Pkt 68 160 0.425 1
Pkt 84 200 0.42 1
Node 47 25 25.1794
Pkt 202 480 0.420833 1
Pkt 158 375 0.421333 1
Rate:842.967
==========
==========7
5 0 2 24000
Node 27 25 33.9706
Pkt 68 160 0.425 1
Pkt 81 192 0.421875 1
Node 42 70 21.5407
Pkt 202 480 0.420833 1
Pkt 158 375 0.421333 1
Node 39 69 21.9545
Pkt 336 800 0.42 1
Pkt 336 800 0.42 1
Node 40 60 14.1421
Pkt 42 100 0.42 1
Pkt 84 200 0.42 1
Node 44 55 7.81025
Pkt 168 400 0.42 1
Pkt 168 400 0.42 1
Rate:841.808
==========
==========8
5 0 2 24000
Node 26 26 33.9411
Pkt 84 200 0.42 1
Pkt 81 192 0.421875 1
Node 59 34 18.3576
Pkt 202 480 0.420833 1
Pkt 126 300 0.42 1
Node 58 35 17
Pkt 315 750 0.42 1
Pkt 315 750 0.42 1
Node 41 74 25.632
Pkt 63 150 0.42 1
Pkt 105 250 0.42 1
Node 57 38 13.8924
Pkt 168 400 0.42 1
Pkt 168 400 0.42 1
Rate:840.542
==========
==========9
5 0 2 24000
Node 55 37 13.9284
Pkt 105 250 0.42 1
Pkt 68 160 0.425 1
Node 51 31 19.0263
Pkt 202 480 0.420833 1
Pkt 168 400 0.42 1
Node 44 65 16.1555
Pkt 315 750 0.42 1
Pkt 336 800 0.42 1
Node 25 67 30.2324
Pkt 68 160 0.425 1
Pkt 68 160 0.425 1
Node 30 42 21.5407
Pkt 202 480 0.420833 1
Pkt 168 400 0.42 1
Rate:843.333
==========
==========10
5 0 2 24000
Node 56 28 22.8035
Pkt 53 125 0.424 1
Pkt 63 150 0.42 1
Node 56 35 16.1555
Pkt 158 375 0.421333 1
Pkt 126 300 0.42 1
Node 41 70 21.9317
Pkt 315 750 0.42 1
Pkt 315 750 0.42 1
Node 28 66 27.2029
Pkt 68 160 0.425 1
Pkt 51 120 0.425 1
Node 52 58 8.24621
Pkt 158 375 0.421333 1
Pkt 158 375 0.421333 1
Rate:843.6
==========
==========11
5 0 2 24000
Node 61 37 17.0294
Pkt 51 120 0.425 1
Pkt 68 160 0.425 1
Node 35 48 15.1327
Pkt 202 480 0.420833 1
Pkt 168 400 0.42 1
Node 59 28 23.7697
Pkt 336 800 0.42 1
Pkt 315 750 0.42 1
Node 39 43 13.0384
Pkt 84 200 0.42 1
Pkt 42 100 0.42 1
Node 52 49 2.23607
Pkt 168 400 0.42 1
Pkt 168 400 0.42 1
Rate:842.167
==========
==========12
5 0 2 24000
Node 42 55 9.43398
Pkt 53 125 0.424 1
Pkt 84 200 0.42 1
Node 38 37 17.6918
Pkt 126 300 0.42 1
Pkt 135 320 0.421875 1
Node 34 61 19.4165
Pkt 315 750 0.42 1
Pkt 315 750 0.42 1
Node 61 31 21.9545
Pkt 42 100 0.42 1
Pkt 68 160 0.425 1
Node 28 28 31.1127
Pkt 135 320 0.421875 1
Pkt 168 400 0.42 1
Rate:842.55
==========
==========13
5 0 2 24000
Node 57 55 8.60233
Pkt 42 100 0.42 1
Pkt 81 192 0.421875 1
Node 73 40 25.0799
Pkt 202 480 0.420833 1
Pkt 126 300 0.42 1
Node 44 70 20.8806
Pkt 315 750 0.42 1
Pkt 315 750 0.42 1
Node 63 50 13
Pkt 63 150 0.42 1
Pkt 68 160 0.425 1
Node 61 67 20.2485
Pkt 158 375 0.421333 1
Pkt 126 300 0.42 1
Rate:841.808
==========
==========14
5 0 2 24000
Node 26 41 25.632
Pkt 68 160 0.425 1
Pkt 51 120 0.425 1
Node 51 25 25.02
Pkt 202 480 0.420833 1
Pkt 202 480 0.420833 1
Node 73 35 27.4591
Pkt 315 750 0.42 1
Pkt 336 800 0.42 1
Node 43 33 18.3848
Pkt 42 100 0.42 1
Pkt 84 200 0.42 1
Node 35 70 25
Pkt 168 400 0.42 1
Pkt 158 375 0.421333 1
Rate:842.6
==========
==========15
5 0 2 24000
Node 43 59 11.4018
Pkt 105 250 0.42 1
Pkt 81 192 0.421875 1
Node 58 64 16.1245
Pkt 158 375 0.421333 1
Pkt 126 300 0.42 1
Node 25 52 25.0799
Pkt 336 800 0.42 1
Pkt 336 800 0.42 1
Node 37 60 16.4012
Pkt 105 250 0.42 1
Pkt 53 125 0.424 1
Node 63 45 13.9284
Pkt 158 375 0.421333 1
Pkt 202 480 0.420833 1
Rate:841.875
==========
==========16
5 0 2 24000
Node 69 72 29.0689
Pkt 84 200 0.42 1
Pkt 42 100 0.42 1
Node 49 27 23.0217
Pkt 135 320 0.421875 1
Pkt 168 400 0.42 1
Node 50 26 24
Pkt 315 750 0.42 1
Pkt 315 750 0.42 1
Node 67 60 19.7231
Pkt 63 150 0.42 1
Pkt 42 100 0.42 1
Node 45 39 12.083
Pkt 126 300 0.42 1
Pkt 202 480 0.420833 1
Rate:840.542
==========
==========17
5 0 2 24000
Node 58 32 19.6977
Pkt 68 160 0.425 1
Pkt 81 192 0.421875 1
Node 55 54 6.40312
Pkt 168 400 0.42 1
Pkt 168 400 0.42 1
Node 39 56 12.53
Pkt 315 750 0.42 1
Pkt 315 750 0.42 1
Node 59 64 16.6433
Pkt 51 120 0.425 1
Pkt 105 250 0.42 1
Node 57 29 22.1359
Pkt 168 400 0.42 1
Pkt 202 480 0.420833 1
Rate:842.542
==========
==========18
5 0 2 24000
Node 59 28 23.7697
Pkt 84 200 0.42 1
Pkt 81 192 0.421875 1
Node 30 61 22.8254
Pkt 135 320 0.421875 1
Pkt 168 400 0.42 1
Node 62 41 15
Pkt 315 750 0.42 1
Pkt 336 800 0.42 1
Node 56 50 6
Pkt 101 240 0.420833 1
Pkt 53 125 0.424 1
Node 61 50 11
Pkt 158 375 0.421333 1
Pkt 126 300 0.42 1
Rate:841.983
==========
==========19
5 0 2 24000
Node 37 27 26.4197
Pkt 42 100 0.42 1
Pkt 63 150 0.42 1
Node 30 54 20.3961
Pkt 126 300 0.42 1
Pkt 126 300 0.42 1
Node 67 56 18.0278
Pkt 336 800 0.42 1
Pkt 315 750 0.42 1
Node 41 35 17.4929
Pkt 81 192 0.421875 1
Pkt 101 240 0.420833 1
Node 45 52 5.38516
Pkt 126 300 0.42 1
Pkt 126 300 0.42 1
Rate:840.542
==========
==========20
5 0 2 24000
Node 61 44 12.53
Pkt 42 100 0.42 1
Pkt 105 250 0.42 1
Node 26 49 24.0208
Pkt 126 300 0.42 1
Pkt 202 480 0.420833 1
Node 65 43 16.5529
Pkt 336 800 0.42 1
Pkt 336 800 0.42 1
Node 52 33 17.1172
Pkt 51 120 0.425 1
Pkt 53 125 0.424 1
Node 29 60 23.2594
Pkt 158 375 0.421333 1
Pkt 202 480 0.420833 1
Rate:842.4
==========
==========21
5 0 2 24000
Node 53 38 12.3693
Pkt 51 120 0.425 1
Pkt 51 120 0.425 1
Node 61 62 16.2788
Pkt 126 300 0.42 1
Pkt 126 300 0.42 1
Node 70 55 20.6155
Pkt 315 750 0.42 1
Pkt 315 750 0.42 1
Node 63 68 22.2036
Pkt 51 120 0.425 1
Pkt 81 192 0.421875 1
Node 39 48 11.1803
Pkt 135 320 0.421875 1
Pkt 168 400 0.42 1
Rate:843.75
==========
==========22
5 0 2 24000
Node 65 67 22.6716
Pkt 105 250 0.42 1
Pkt 101 240 0.420833 1
Node 59 66 18.3576
Pkt 135 320 0.421875 1
Pkt 168 400 0.42 1
Node 51 73 23.0217
Pkt 315 750 0.42 1
Pkt 336 800 0.42 1
Node 70 45 20.6155
Pkt 51 120 0.425 1
Pkt 68 160 0.425 1
Node 48 33 17.1172
Pkt 126 300 0.42 1
Pkt 202 480 0.420833 1
Rate:842.708
==========
==========23
5 0 2 24000
Node 51 74 24.0208
Pkt 51 120 0.425 1
Pkt 53 125 0.424 1
Node 69 73 29.8329
Pkt 158 375 0.421333 1
Pkt 135 320 0.421875 1
Node 27 74 33.2415
Pkt 315 750 0.42 1
Pkt 336 800 0.42 1
Node 56 32 18.9737
Pkt 105 250 0.42 1
Pkt 84 200 0.42 1
Node 53 33 17.2627
Pkt 168 400 0.42 1
Pkt 135 320 0.421875 1
Rate:842.817
==========
==========24
5 0 2 24000
Node 32 41 20.1246
Pkt 105 250 0.42 1
Pkt 81 192 0.421875 1
Node 31 58 20.6155
Pkt 168 400 0.42 1
Pkt 168 400 0.42 1
Node 27 68 29.2062
Pkt 336 800 0.42 1
Pkt 336 800 0.42 1
Node 61 57 13.0384
Pkt 42 100 0.42 1
Pkt 51 120 0.425 1
Node 33 50 17
Pkt 126 300 0.42 1
Pkt 202 480 0.420833 1
Rate:841.542
==========
==========25
5 0 2 24000
Node 26 44 24.7386
Pkt 63 150 0.42 1
Pkt 101 240 0.420833 1
Node 56 52 6.32456
Pkt 158 375 0.421333 1
Pkt 135 320 0.421875 1
Node 50 38 12
Pkt 315 750 0.42 1
Pkt 315 750 0.42 1
Node 62 34 20
Pkt 42 100 0.42 1
Pkt 101 240 0.420833 1
Node 70 66 25.6125
Pkt 168 400 0.42 1
Pkt 135 320 0.421875 1
Rate:841.35
==========
==========26
5 0 2 24000
Node 35 68 23.4307
Pkt 105 250 0.42 1
Pkt 51 120 0.425 1
Node 74 34 28.8444
Pkt 202 480 0.420833 1
Pkt 168 400 0.42 1
Node 53 31 19.2354
Pkt 315 750 0.42 1
Pkt 336 800 0.42 1
Node 34 37 20.6155
Pkt 105 250 0.42 1
Pkt 53 125 0.424 1
Node 68 33 24.7588
Pkt 135 320 0.421875 1
Pkt 202 480 0.420833 1
Rate:842.508
==========
==========27
5 0 2 24000
Node 59 63 15.8114
Pkt 105 250 0.42 1
Pkt 51 120 0.425 1
Node 30 68 26.9072
Pkt 126 300 0.42 1
Pkt 126 300 0.42 1
Node 42 45 9.43398
Pkt 315 750 0.42 1
Pkt 315 750 0.42 1
Node 65 31 24.2074
Pkt 105 250 0.42 1
Pkt 81 192 0.421875 1
Node 63 72 25.5539
Pkt 126 300 0.42 1
Pkt 158 375 0.421333 1
Rate:841.642
==========
==========28
5 0 2 24000
Node 73 74 33.2415
Pkt 81 192 0.421875 1
Pkt 51 120 0.425 1
Node 28 31 29.0689
Pkt 202 480 0.420833 1
Pkt 168 400 0.42 1
Node 69 45 19.6469
Pkt 315 750 0.42 1
Pkt 336 800 0.42 1
Node 26 40 26
Pkt 63 150 0.42 1
Pkt 68 160 0.425 1
Node 27 47 23.1948
Pkt 202 480 0.420833 1
Pkt 126 300 0.42 1
Rate:842.708
==========
==========29
5 0 2 24000
Node 51 64 14.0357
Pkt 84 200 0.42 1
Pkt 63 150 0.42 1
Node 72 34 27.2029
Pkt 158 375 0.421333 1
Pkt 135 320 0.421875 1
Node 49 42 8.06226
Pkt 315 750 0.42 1
Pkt 336 800 0.42 1
Node 49 43 7.07107
Pkt 42 100 0.42 1
Pkt 63 150 0.42 1
Node 57 63 14.7648
Pkt 158 375 0.421333 1
Pkt 202 480 0.420833 1
Rate:841.075
==========
==========30
5 0 2 24000
Node 47 25 25.1794
Pkt 68 160 0.425 1
Pkt 68 160 0.425 1
Node 63 41 15.8114
Pkt 126 300 0.42 1
Pkt 168 400 0.42 1
Node 53 54 5
Pkt 315 750 0.42 1
Pkt 336 800 0.42 1
Node 45 34 16.7631
Pkt 101 240 0.420833 1
Pkt 81 192 0.421875 1
Node 50 39 11
Pkt 135 320 0.421875 1
Pkt 126 300 0.42 1
Rate:842.917
==========
==========31
5 0 2 24000
Node 34 68 24.0832
Pkt 42 100 0.42 1
Pkt 42 100 0.42 1
Node 56 40 11.6619
Pkt 135 320 0.421875 1
Pkt 202 480 0.420833 1
Node 41 71 22.8473
Pkt 336 800 0.42 1
Pkt 315 750 0.42 1
Node 36 53 14.3178
Pkt 105 250 0.42 1
Pkt 81 192 0.421875 1
Node 52 36 14.1421
Pkt 126 300 0.42 1
Pkt 135 320 0.421875 1
Rate:841.292
==========
==========32
5 0 2 24000
Node 54 72 22.3607
Pkt 105 250 0.42 1
Pkt 53 125 0.424 1
Node 45 26 24.5153
Pkt 158 375 0.421333 1
Pkt 202 480 0.420833 1
Node 53 29 21.2132
Pkt 315 750 0.42 1
Pkt 336 800 0.42 1
Node 28 50 22
Pkt 81 192 0.421875 1
Pkt 63 150 0.42 1
Node 64 55 14.8661
Pkt 126 300 0.42 1
Pkt 158 375 0.421333 1
Rate:841.875
==========
==========33
5 0 2 24000
Node 50 30 20
Pkt 101 240 0.420833 1
Pkt 81 192 0.421875 1
Node 41 41 12.7279
Pkt 168 400 0.42 1
Pkt 126 300 0.42 1
Node 57 70 21.1896
Pkt 315 750 0.42 1
Pkt 336 800 0.42 1
Node 68 46 18.4391
Pkt 81 192 0.421875 1
Pkt 101 240 0.420833 1
Node 30 33 26.2488
Pkt 135 320 0.421875 1
Pkt 158 375 0.421333 1
Rate:841.725
==========
==========34
5 0 2 24000
Node 68 34 24.0832
Pkt 101 240 0.420833 1
Pkt 68 160 0.425 1
Node 69 60 21.4709
Pkt 135 320 0.421875 1
Pkt 126 300 0.42 1
Node 70 29 29
Pkt 336 800 0.42 1
Pkt 336 800 0.42 1
Node 60 37 16.4012
Pkt 51 120 0.425 1
Pkt 68 160 0.425 1
Node 37 68 22.2036
Pkt 135 320 0.421875 1
Pkt 135 320 0.421875 1
Rate:844.292
==========
==========35
5 0 2 24000
Node 74 33 29.4109
Pkt 51 120 0.425 1
Pkt 84 200 0.42 1
Node 48 31 19.105
Pkt 135 320 0.421875 1
Pkt 126 300 0.42 1
Node 29 29 29.6985
Pkt 336 800 0.42 1
Pkt 336 800 0.42 1
Node 63 36 19.105
Pkt 84 200 0.42 1
Pkt 81 192 0.421875 1
Node 51 42 8.06226
Pkt 158 375 0.421333 1
Pkt 126 300 0.42 1
Rate:842.017
==========
==========36
5 0 2 24000
Node 26 55 24.5153
Pkt 53 125 0.424 1
Pkt 63 150 0.42 1
Node 34 25 29.6816
Pkt 168 400 0.42 1
Pkt 126 300 0.42 1
Node 45 63 13.9284
Pkt 336 800 0.42 1
Pkt 336 800 0.42 1
Node 55 56 7.81025
Pkt 51 120 0.425 1
Pkt 68 160 0.425 1
Node 49 33 17.0294
Pkt 135 320 0.421875 1
Pkt 126 300 0.42 1
Rate:843.175
==========
==========37
5 0 2 24000
Node 67 74 29.4109
Pkt 63 150 0.42 1
Pkt 101 240 0.420833 1
Node 57 50 7
Pkt 126 300 0.42 1
Pkt 202 480 0.420833 1
Node 50 64 14
Pkt 315 750 0.42 1
Pkt 336 800 0.42 1
Node 60 31 21.4709
Pkt 81 192 0.421875 1
Pkt 63 150 0.42 1
Node 62 72 25.0599
Pkt 168 400 0.42 1
Pkt 202 480 0.420833 1
Rate:840.875
==========
==========38
5 0 2 24000
Node 66 74 28.8444
Pkt 42 100 0.42 1
Pkt 81 192 0.421875 1
Node 37 44 14.3178
Pkt 135 320 0.421875 1
Pkt 168 400 0.42 1
Node 39 40 14.8661
Pkt 315 750 0.42 1
Pkt 315 750 0.42 1
Node 66 50 16
Pkt 53 125 0.424 1
Pkt 105 250 0.42 1
Node 34 52 16.1245
Pkt 135 320 0.421875 1
Pkt 168 400 0.42 1
Rate:841.925
==========
==========39
5 0 2 24000
Node 73 44 23.7697
Pkt 105 250 0.42 1
Pkt 101 240 0.420833 1
Node 49 67 17.0294
Pkt 135 320 0.421875 1
Pkt 158 375 0.421333 1
Node 41 27 24.6982
Pkt 315 750 0.42 1
Pkt 336 800 0.42 1
Node 54 65 15.5242
Pkt 84 200 0.42 1
Pkt 63 150 0.42 1
Node 69 44 19.9249
Pkt 135 320 0.421875 1
Pkt 126 300 0.42 1
Rate:841.183
==========
==========40
5 0 2 24000
Node 56 38 13.4164
Pkt 53 125 0.424 1
Pkt 63 150 0.42 1
Node 46 68 18.4391
Pkt 168 400 0.42 1
Pkt 168 400 0.42 1
Node 42 51 8.06226
Pkt 336 800 0.42 1
Pkt 336 800 0.42 1
Node 49 43 7.07107
Pkt 53 125 0.424 1
Pkt 68 160 0.425 1
Node 41 39 14.2127
Pkt 202 480 0.420833 1
Pkt 168 400 0.42 1
Rate:842.767
==========
==========41
5 0 2 24000
Node 66 42 17.8885
Pkt 84 200 0.42 1
Pkt 68 160 0.425 1
Node 32 39 21.095
Pkt 202 480 0.420833 1
Pkt 158 375 0.421333 1
Node 28 59 23.7697
Pkt 315 750 0.42 1
Pkt 315 750 0.42 1
Node 45 73 23.5372
Pkt 105 250 0.42 1
Pkt 51 120 0.425 1
Node 53 28 22.2036
Pkt 202 480 0.420833 1
Pkt 126 300 0.42 1
Rate:842.6
==========
==========42
5 0 2 24000
Node 36 43 15.6525
Pkt 68 160 0.425 1
Pkt 53 125 0.424 1
Node 58 41 12.0416
Pkt 135 320 0.421875 1
Pkt 135 320 0.421875 1
Node 40 68 20.5913
Pkt 315 750 0.42 1
Pkt 315 750 0.42 1
Node 70 40 22.3607
Pkt 81 192 0.421875 1
Pkt 81 192 0.421875 1
Node 50 49 1
Pkt 126 300 0.42 1
Pkt 158 375 0.421333 1
Rate:843.567
==========
==========43
5 0 2 24000
Node 31 55 19.6469
Pkt 101 240 0.420833 1
Pkt 101 240 0.420833 1
Node 52 71 21.095
Pkt 168 400 0.42 1
Pkt 135 320 0.421875 1
Node 60 71 23.2594
Pkt 315 750 0.42 1
Pkt 315 750 0.42 1
Node 31 56 19.9249
Pkt 68 160 0.425 1
Pkt 84 200 0.42 1
Node 28 45 22.561
Pkt 158 375 0.421333 1
Pkt 168 400 0.42 1
Rate:841.975
==========
==========44
5 0 2 24000
Node 57 52 7.28011
Pkt 105 250 0.42 1
Pkt 68 160 0.425 1
Node 34 67 23.3452
Pkt 202 480 0.420833 1
Pkt 168 400 0.42 1
Node 74 42 25.2982
Pkt 336 800 0.42 1
Pkt 315 750 0.42 1
Node 37 74 27.2947
Pkt 84 200 0.42 1
Pkt 53 125 0.424 1
Node 65 57 16.5529
Pkt 135 320 0.421875 1
Pkt 202 480 0.420833 1
Rate:842.508
==========
==========45
5 0 2 24000
Node 25 53 25.1794
Pkt 84 200 0.42 1
Pkt 42 100 0.42 1
Node 41 72 23.7697
Pkt 126 300 0.42 1
Pkt 135 320 0.421875 1
Node 53 43 7.61577
Pkt 315 750 0.42 1
Pkt 315 750 0.42 1
Node 55 37 13.9284
Pkt 53 125 0.424 1
Pkt 42 100 0.42 1
Node 50 26 24
Pkt 135 320 0.421875 1
Pkt 168 400 0.42 1
Rate:841.55
==========
==========46
5 0 2 24000
Node 60 58 12.8062
Pkt 53 125 0.424 1
Pkt 84 200 0.42 1
Node 70 54 20.3961
Pkt 126 300 0.42 1
Pkt 158 375 0.421333 1
Node 71 42 22.4722
Pkt 336 800 0.42 1
Pkt 336 800 0.42 1
Node 68 38 21.6333
Pkt 63 150 0.42 1
Pkt 68 160 0.425 1
Node 27 29 31.1448
Pkt 168 400 0.42 1
Pkt 126 300 0.42 1
Rate:842.067
==========
==========47
5 0 2 24000
Node 42 48 8.24621
Pkt 68 160 0.425 1
Pkt 81 192 0.421875 1
Node 43 51 7.07107
Pkt 126 300 0.42 1
Pkt 202 480 0.420833 1
Node 46 58 8.94427
Pkt 336 800 0.42 1
Pkt 336 800 0.42 1
Node 72 36 26.0768
Pkt 101 240 0.420833 1
Pkt 53 125 0.424 1
Node 49 59 9.05539
Pkt 126 300 0.42 1
Pkt 202 480 0.420833 1
Rate:842.675
==========
==========48
5 0 2 24000
Node 31 45 19.6469
Pkt 105 250 0.42 1
Pkt 101 240 0.420833 1
Node 40 27 25.0799
Pkt 135 320 0.421875 1
Pkt 168 400 0.42 1
Node 45 69 19.6469
Pkt 336 800 0.42 1
Pkt 336 800 0.42 1
Node 29 25 32.6497
Pkt 68 160 0.425 1
Pkt 63 150 0.42 1
Node 26 33 29.4109
Pkt 202 480 0.420833 1
Pkt 158 375 0.421333 1
Rate:841.975
==========
==========49
5 0 2 24000
Node 73 65 27.4591
Pkt 68 160 0.425 1
Pkt 42 100 0.42 1
Node 58 69 20.6155
Pkt 158 375 0.421333 1
Pkt 158 375 0.421333 1
Node 39 67 20.2485
Pkt 336 800 0.42 1
Pkt 315 750 0.42 1
Node 71 63 24.6982
Pkt 84 200 0.42 1
Pkt 63 150 0.42 1
Node 27 74 33.2415
Pkt 202 480 0.420833 1
Pkt 168 400 0.42 1
Rate:841.7
==========
==========50
5 0 2 24000
Node 36 67 22.0227
Pkt 81 192 0.421875 1
Pkt 68 160 0.425 1
Node 73 46 23.3452
Pkt 158 375 0.421333 1
Pkt 202 480 0.420833 1
Node 63 38 17.6918
Pkt 336 800 0.42 1
Pkt 315 750 0.42 1
Node 41 56 10.8167
Pkt 101 240 0.420833 1
Pkt 53 125 0.424 1
Node 64 65 20.5183
Pkt 126 300 0.42 1
Pkt 158 375 0.421333 1
Rate:843.042
==========
==========51
5 0 2 24000
Node 39 43 13.0384
Pkt 81 192 0.421875 1
Pkt 63 150 0.42 1
Node 64 72 26.0768
Pkt 202 480 0.420833 1
Pkt 158 375 0.421333 1
Node 40 29 23.2594
Pkt 315 750 0.42 1
Pkt 315 750 0.42 1
Node 34 46 16.4924
Pkt 105 250 0.42 1
Pkt 51 120 0.425 1
Node 64 45 14.8661
Pkt 202 480 0.420833 1
Pkt 135 320 0.421875 1
Rate:842.35
==========
==========52
5 0 2 24000
Node 29 57 22.1359
Pkt 63 150 0.42 1
Pkt 42 100 0.42 1
Node 34 47 16.2788
Pkt 135 320 0.421875 1
Pkt 126 300 0.42 1
Node 38 53 12.3693
Pkt 336 800 0.42 1
Pkt 336 800 0.42 1
Node 36 31 23.6008
Pkt 105 250 0.42 1
Pkt 105 250 0.42 1
Node 39 38 16.2788
Pkt 158 375 0.421333 1
Pkt 168 400 0.42 1
Rate:840.642
==========
==========53
5 0 2 24000
Node 70 30 28.2843
Pkt 105 250 0.42 1
Pkt 53 125 0.424 1
Node 32 67 24.7588
Pkt 202 480 0.420833 1
Pkt 202 480 0.420833 1
Node 47 42 8.544
Pkt 315 750 0.42 1
Pkt 315 750 0.42 1
Node 55 30 20.6155
Pkt 105 250 0.42 1
Pkt 42 100 0.42 1
Node 49 62 12.0416
Pkt 135 320 0.421875 1
Pkt 202 480 0.420833 1
Rate:841.675
==========
==========54
5 0 2 24000
Node 47 55 5.83095
Pkt 63 150 0.42 1
Pkt 105 250 0.42 1
Node 27 39 25.4951
Pkt 126 300 0.42 1
Pkt 135 320 0.421875 1
Node 30 41 21.9317
Pkt 336 800 0.42 1
Pkt 315 750 0.42 1
Node 44 47 6.7082
Pkt 42 100 0.42 1
Pkt 101 240 0.420833 1
Node 49 31 19.0263
Pkt 168 400 0.42 1
Pkt 126 300 0.42 1
Rate:840.542
==========
==========55
5 0 2 24000
Node 25 59 26.5707
Pkt 84 200 0.42 1
Pkt 51 120 0.425 1
Node 59 72 23.7697
Pkt 135 320 0.421875 1
Pkt 126 300 0.42 1
Node 46 71 21.3776
Pkt 336 800 0.42 1
Pkt 315 750 0.42 1
Node 52 47 3.60555
Pkt 81 192 0.421875 1
Pkt 68 160 0.425 1
Node 31 49 19.0263
Pkt 158 375 0.421333 1
Pkt 135 320 0.421875 1
Rate:843.392
==========
==========56
5 0 2 24000
Node 51 54 4.12311
Pkt 53 125 0.424 1
Pkt 53 125 0.424 1
Node 44 29 21.8403
Pkt 202 480 0.420833 1
Pkt 158 375 0.421333 1
Node 69 73 29.8329
Pkt 336 800 0.42 1
Pkt 315 750 0.42 1
Node 54 25 25.318
Pkt 42 100 0.42 1
Pkt 53 125 0.424 1
Node 47 70 20.2237
Pkt 158 375 0.421333 1
Pkt 135 320 0.421875 1
Rate:843.475
==========
==========57
5 0 2 24000
Node 50 61 11
Pkt 68 160 0.425 1
Pkt 51 120 0.425 1
Node 58 63 15.2643
Pkt 202 480 0.420833 1
Pkt 158 375 0.421333 1
Node 57 48 7.28011
Pkt 336 800 0.42 1
Pkt 315 750 0.42 1
Node 35 37 19.8494
Pkt 105 250 0.42 1
Pkt 42 100 0.42 1
Node 41 70 21.9317
Pkt 202 480 0.420833 1
Pkt 168 400 0.42 1
Rate:842.6
==========
==========58
5 0 2 24000
Node 43 47 7.61577
Pkt 51 120 0.425 1
Pkt 53 125 0.424 1
Node 43 65 16.5529
Pkt 126 300 0.42 1
Pkt 202 480 0.420833 1
Node 66 40 18.868
Pkt 315 750 0.42 1
Pkt 336 800 0.42 1
Node 62 62 16.9706
Pkt 105 250 0.42 1
Pkt 63 150 0.42 1
Node 30 66 25.6125
Pkt 158 375 0.421333 1
Pkt 135 320 0.421875 1
Rate:842.608
==========
==========59
5 0 2 24000
Node 66 60 18.868
Pkt 63 150 0.42 1
Pkt 63 150 0.42 1
Node 52 70 20.0998
Pkt 202 480 0.420833 1
Pkt 158 375 0.421333 1
Node 30 46 20.3961
Pkt 315 750 0.42 1
Pkt 315 750 0.42 1
Node 62 55 13
Pkt 101 240 0.420833 1
Pkt 105 250 0.42 1
Node 40 58 12.8062
Pkt 202 480 0.420833 1
Pkt 135 320 0.421875 1
Rate:841.142
==========
==========60
5 0 2 24000
Node 73 29 31.1448
Pkt 105 250 0.42 1
Pkt 105 250 0.42 1
Node 44 40 11.6619
Pkt 135 320 0.421875 1
Pkt 135 320 0.421875 1
Node 67 33 24.0416
Pkt 336 800 0.42 1
Pkt 315 750 0.42 1
Node 58 47 8.544
Pkt 53 125 0.424 1
Pkt 51 120 0.425 1
Node 30 58 21.5407
Pkt 168 400 0.42 1
Pkt 202 480 0.420833 1
Rate:842.717
==========
==========61
5 0 2 24000
Node 48 36 14.1421
Pkt 105 250 0.42 1
Pkt 101 240 0.420833 1
Node 33 27 28.6007
Pkt 168 400 0.42 1
Pkt 126 300 0.42 1
Node 56 43 9.21954
Pkt 336 800 0.42 1
Pkt 336 800 0.42 1
Node 57 38 13.8924
Pkt 105 250 0.42 1
Pkt 63 150 0.42 1
Node 48 30 20.0998
Pkt 168 400 0.42 1
Pkt 158 375 0.421333 1
Rate:840.433
==========
==========62
5 0 2 24000
Node 68 65 23.4307
Pkt 105 250 0.42 1
Pkt 63 150 0.42 1
Node 27 39 25.4951
Pkt 158 375 0.421333 1
Pkt 168 400 0.42 1
Node 31 47 19.2354
Pkt 315 750 0.42 1
Pkt 315 750 0.42 1
Node 33 60 19.7231
Pkt 101 240 0.420833 1
Pkt 105 250 0.42 1
Node 33 40 19.7231
Pkt 202 480 0.420833 1
Pkt 158 375 0.421333 1
Rate:840.867
==========
==========63
5 0 2 24000
Node 27 26 33.2415
Pkt 51 120 0.425 1
Pkt 63 150 0.42 1
Node 39 61 15.5563
Pkt 202 480 0.420833 1
Pkt 126 300 0.42 1
Node 50 30 20
Pkt 315 750 0.42 1
Pkt 315 750 0.42 1
Node 63 70 23.8537
Pkt 51 120 0.425 1
Pkt 53 125 0.424 1
Node 48 43 7.28011
Pkt 135 320 0.421875 1
Pkt 202 480 0.420833 1
Rate:843.508
==========
==========64
5 0 2 24000
Node 27 32 29.2062
Pkt 81 192 0.421875 1
Pkt 81 192 0.421875 1
Node 54 55 6.40312
Pkt 126 300 0.42 1
Pkt 202 480 0.420833 1
Node 58 72 23.4094
Pkt 336 800 0.42 1
Pkt 336 800 0.42 1
Node 59 31 21.0238
Pkt 68 160 0.425 1
Pkt 101 240 0.420833 1
Node 67 26 29.4109
Pkt 158 375 0.421333 1
Pkt 126 300 0.42 1
Rate:842.35
==========
==========65
5 0 2 24000
Node 53 34 16.2788
Pkt 105 250 0.42 1
Pkt 53 125 0.424 1
Node 40 59 13.4536
Pkt 158 375 0.421333 1
Pkt 135 320 0.421875 1
Node 29 55 21.587
Pkt 315 750 0.42 1
Pkt 315 750 0.42 1
Node 27 40 25.0799
Pkt 101 240 0.420833 1
Pkt 101 240 0.420833 1
Node 48 41 9.21954
Pkt 168 400 0.42 1
Pkt 158 375 0.421333 1
Rate:842.042
==========
==========66
5 0 2 24000
Node 59 33 19.2354
Pkt 68 160 0.425 1
Pkt 81 192 0.421875 1
Node 36 43 15.6525
Pkt 158 375 0.421333 1
Pkt 158 375 0.421333 1
Node 45 50 5
Pkt 315 750 0.42 1
Pkt 315 750 0.42 1
Node 37 67 21.4009
Pkt 101 240 0.420833 1
Pkt 68 160 0.425 1
Node 25 59 26.5707
Pkt 168 400 0.42 1
Pkt 126 300 0.42 1
Rate:843.075
==========
==========67
5 0 2 24000
Node 62 45 13
Pkt 101 240 0.420833 1
Pkt 101 240 0.420833 1
Node 25 72 33.3017
Pkt 168 400 0.42 1
Pkt 168 400 0.42 1
Node 60 68 20.5913
Pkt 336 800 0.42 1
Pkt 315 750 0.42 1
Node 45 70 20.6155
Pkt 105 250 0.42 1
Pkt 84 200 0.42 1
Node 44 50 6
Pkt 202 480 0.420833 1
Pkt 135 320 0.421875 1
Rate:840.875
==========
==========68
5 0 2 24000
Node 50 25 25
Pkt 51 120 0.425 1
Pkt 101 240 0.420833 1
Node 40 48 10.198
Pkt 135 320 0.421875 1
Pkt 168 400 0.42 1
Node 25 46 25.318
Pkt 315 750 0.42 1
Pkt 336 800 0.42 1
Node 59 66 18.3576
Pkt 42 100 0.42 1
Pkt 42 100 0.42 1
Node 30 73 30.4795
Pkt 158 375 0.421333 1
Pkt 168 400 0.42 1
Rate:841.808
==========
==========69
5 0 2 24000
Node 40 43 12.2066
Pkt 81 192 0.421875 1
Pkt 68 160 0.425 1
Node 55 73 23.5372
Pkt 126 300 0.42 1
Pkt 135 320 0.421875 1
Node 35 37 19.8494
Pkt 336 800 0.42 1
Pkt 315 750 0.42 1
Node 68 60 20.5913
Pkt 53 125 0.424 1
Pkt 68 160 0.425 1
Node 51 49 1.41421
Pkt 168 400 0.42 1
Pkt 135 320 0.421875 1
Rate:843.925
==========
==========70
5 0 2 24000
Node 38 69 22.4722
Pkt 105 250 0.42 1
Pkt 51 120 0.425 1
Node 25 50 25
Pkt 135 320 0.421875 1
Pkt 168 400 0.42 1
Node 30 48 20.0998
Pkt 315 750 0.42 1
Pkt 336 800 0.42 1
Node 37 51 13.0384
Pkt 53 125 0.424 1
Pkt 63 150 0.42 1
Node 52 72 22.0907
Pkt 158 375 0.421333 1
Pkt 202 480 0.420833 1
Rate:842.608
==========
==========71
5 0 2 24000
Node 67 28 27.8029
Pkt 101 240 0.420833 1
Pkt 101 240 0.420833 1
Node 64 72 26.0768
Pkt 126 300 0.42 1
Pkt 126 300 0.42 1
Node 26 64 27.7849
Pkt 336 800 0.42 1
Pkt 315 750 0.42 1
Node 36 47 14.3178
Pkt 81 192 0.421875 1
Pkt 101 240 0.420833 1
Node 37 59 15.8114
Pkt 135 320 0.421875 1
Pkt 135 320 0.421875 1
Rate:841.625
==========
==========72
5 0 2 24000
Node 57 68 19.3132
Pkt 105 250 0.42 1
Pkt 42 100 0.42 1
Node 67 63 21.4009
Pkt 168 400 0.42 1
Pkt 202 480 0.420833 1
Node 43 70 21.1896
Pkt 315 750 0.42 1
Pkt 336 800 0.42 1
Node 34 63 20.6155
Pkt 101 240 0.420833 1
Pkt 63 150 0.42 1
Node 50 74 24
Pkt 168 400 0.42 1
Pkt 126 300 0.42 1
Rate:840.333
==========
==========73
5 0 2 24000
Node 56 26 24.7386
Pkt 81 192 0.421875 1
Pkt 101 240 0.420833 1
Node 73 60 25.0799
Pkt 202 480 0.420833 1
Pkt 126 300 0.42 1
Node 31 59 21.0238
Pkt 315 750 0.42 1
Pkt 336 800 0.42 1
Node 55 58 9.43398
Pkt 68 160 0.425 1
Pkt 101 240 0.420833 1
Node 56 70 20.8806
Pkt 168 400 0.42 1
Pkt 168 400 0.42 1
Rate:841.875
==========
==========74
5 0 2 24000
Node 56 65 16.1555
Pkt 42 100 0.42 1
Pkt 51 120 0.425 1
Node 34 66 22.6274
Pkt 158 375 0.421333 1
Pkt 126 300 0.42 1
Node 63 50 13
Pkt 336 800 0.42 1
Pkt 315 750 0.42 1
Node 57 27 24.0416
Pkt 105 250 0.42 1
Pkt 68 160 0.425 1
Node 55 36 14.8661
Pkt 168 400 0.42 1
Pkt 202 480 0.420833 1
Rate:842.433
==========
==========75
5 0 2 24000
Node 65 47 15.2971
Pkt 63 150 0.42 1
Pkt 84 200 0.42 1
Node 37 69 23.0217
Pkt 158 375 0.421333 1
Pkt 158 375 0.421333 1
Node 49 63 13.0384
Pkt 315 750 0.42 1
Pkt 336 800 0.42 1
Node 74 48 24.0832
Pkt 81 192 0.421875 1
Pkt 63 150 0.42 1
Node 71 66 26.4008
Pkt 168 400 0.42 1
Pkt 202 480 0.420833 1
Rate:841.075
==========
==========76
5 0 2 24000
Node 69 43 20.2485
Pkt 42 100 0.42 1
Pkt 51 120 0.425 1
Node 68 41 20.1246
Pkt 135 320 0.421875 1
Pkt 202 480 0.420833 1
Node 35 43 16.5529
Pkt 336 800 0.42 1
Pkt 315 750 0.42 1
Node 36 58 16.1245
Pkt 53 125 0.424 1
Pkt 42 100 0.42 1
Node 41 59 12.7279
Pkt 135 320 0.421875 1
Pkt 135 320 0.421875 1
Rate:843.092
==========
==========77
5 0 2 24000
Node 45 74 24.5153
Pkt 63 150 0.42 1
Pkt 101 240 0.420833 1
Node 48 52 2.82843
Pkt 135 320 0.421875 1
Pkt 126 300 0.42 1
Node 49 65 15.0333
Pkt 336 800 0.42 1
Pkt 336 800 0.42 1
Node 69 28 29.0689
Pkt 63 150 0.42 1
Pkt 63 150 0.42 1
Node 59 28 23.7697
Pkt 158 375 0.421333 1
Pkt 135 320 0.421875 1
Rate:841.183
==========
==========78
5 0 2 24000
Node 63 32 22.2036
Pkt 53 125 0.424 1
Pkt 81 192 0.421875 1
Node 44 59 10.8167
Pkt 126 300 0.42 1
Pkt 135 320 0.421875 1
Node 26 71 31.8904
Pkt 336 800 0.42 1
Pkt 336 800 0.42 1
Node 29 36 25.2389
Pkt 51 120 0.425 1
Pkt 63 150 0.42 1
Node 33 37 21.4009
Pkt 158 375 0.421333 1
Pkt 202 480 0.420833 1
Rate:842.983
==========
==========79
5 0 2 24000
Node 27 30 30.4795
Pkt 105 250 0.42 1
Pkt 63 150 0.42 1
Node 50 58 8
Pkt 168 400 0.42 1
Pkt 202 480 0.420833 1
Node 57 59 11.4018
Pkt 315 750 0.42 1
Pkt 315 750 0.42 1
Node 69 34 24.8395
Pkt 53 125 0.424 1
Pkt 51 120 0.425 1
Node 59 45 10.2956
Pkt 202 480 0.420833 1
Pkt 158 375 0.421333 1
Rate:842.4
==========
==========80
5 0 2 24000
Node 63 43 14.7648
Pkt 105 250 0.42 1
Pkt 68 160 0.425 1
Node 67 45 17.72
Pkt 158 375 0.421333 1
Pkt 158 375 0.421333 1
Node 71 58 22.4722
Pkt 336 800 0.42 1
Pkt 336 800 0.42 1
Node 52 53 3.60555
Pkt 53 125 0.424 1
Pkt 51 120 0.425 1
Node 38 67 20.8087
Pkt 126 300 0.42 1
Pkt 168 400 0.42 1
Rate:843.333
==========
==========81
5 0 2 24000
Node 48 39 11.1803
Pkt 101 240 0.420833 1
Pkt 51 120 0.425 1
Node 25 52 25.0799
Pkt 158 375 0.421333 1
Pkt 135 320 0.421875 1
Node 40 54 10.7703
Pkt 336 800 0.42 1
Pkt 336 800 0.42 1
Node 70 69 27.5862
Pkt 84 200 0.42 1
Pkt 53 125 0.424 1
Node 30 69 27.5862
Pkt 158 375 0.421333 1
Pkt 126 300 0.42 1
Rate:842.875
==========
==========82
5 0 2 24000
Node 33 38 20.8087
Pkt 68 160 0.425 1
Pkt 51 120 0.425 1
Node 34 57 17.4642
Pkt 158 375 0.421333 1
Pkt 135 320 0.421875 1
Node 29 29 29.6985
Pkt 315 750 0.42 1
Pkt 315 750 0.42 1
Node 67 45 17.72
Pkt 68 160 0.425 1
Pkt 81 192 0.421875 1
Node 60 43 12.2066
Pkt 168 400 0.42 1
Pkt 202 480 0.420833 1
Rate:844.183
==========
==========83
5 0 2 24000
Node 61 48 11.1803
Pkt 101 240 0.420833 1
Pkt 53 125 0.424 1
Node 25 43 25.9615
Pkt 158 375 0.421333 1
Pkt 126 300 0.42 1
Node 38 62 16.9706
Pkt 336 800 0.42 1
Pkt 336 800 0.42 1
Node 74 42 25.2982
Pkt 63 150 0.42 1
Pkt 53 125 0.424 1
Node 58 25 26.2488
Pkt 158 375 0.421333 1
Pkt 168 400 0.42 1
Rate:842.3
==========
==========84
5 0 2 24000
Node 72 59 23.7697
Pkt 81 192 0.421875 1
Pkt 42 100 0.42 1
Node 34 45 16.7631
Pkt 158 375 0.421333 1
Pkt 168 400 0.42 1
Node 35 66 21.9317
Pkt 336 800 0.42 1
Pkt 336 800 0.42 1
Node 69 61 21.9545
Pkt 105 250 0.42 1
Pkt 84 200 0.42 1
Node 58 70 21.5407
Pkt 168 400 0.42 1
Pkt 126 300 0.42 1
Rate:840.642
==========
==========85
5 0 2 24000
Node 55 44 7.81025
Pkt 51 120 0.425 1
Pkt 63 150 0.42 1
Node 43 34 17.4642
Pkt 158 375 0.421333 1
Pkt 202 480 0.420833 1
Node 74 31 30.6105
Pkt 336 800 0.42 1
Pkt 315 750 0.42 1
Node 64 26 27.7849
Pkt 81 192 0.421875 1
Pkt 42 100 0.42 1
Node 51 60 10.0499
Pkt 202 480 0.420833 1
Pkt 202 480 0.420833 1
Rate:842.142
==========
==========86
5 0 2 24000
Node 66 61 19.4165
Pkt 105 250 0.42 1
Pkt 84 200 0.42 1
Node 42 45 9.43398
Pkt 135 320 0.421875 1
Pkt 168 400 0.42 1
Node 41 59 12.7279
Pkt 315 750 0.42 1
Pkt 336 800 0.42 1
Node 34 40 18.868
Pkt 105 250 0.42 1
Pkt 84 200 0.42 1
Node 50 32 18
Pkt 126 300 0.42 1
Pkt 168 400 0.42 1
Rate:840.375
==========
==========87
5 0 2 24000
Node 41 30 21.9317
Pkt 105 250 0.42 1
Pkt 42 100 0.42 1
Node 53 39 11.4018
Pkt 135 320 0.421875 1
Pkt 168 400 0.42 1
Node 34 38 20
Pkt 315 750 0.42 1
Pkt 336 800 0.42 1
Node 62 69 22.4722
Pkt 81 192 0.421875 1
Pkt 53 125 0.424 1
Node 68 61 21.095
Pkt 202 480 0.420833 1
Pkt 202 480 0.420833 1
Rate:841.883
==========
==========88
5 0 2 24000
Node 31 50 19
Pkt 84 200 0.42 1
Pkt 101 240 0.420833 1
Node 38 65 19.2094
Pkt 126 300 0.42 1
Pkt 168 400 0.42 1
Node 46 41 9.84886
Pkt 336 800 0.42 1
Pkt 315 750 0.42 1
Node 59 63 15.8114
Pkt 42 100 0.42 1
Pkt 84 200 0.42 1
Node 63 28 25.5539
Pkt 168 400 0.42 1
Pkt 135 320 0.421875 1
Rate:840.542
==========
==========89
5 0 2 24000
Node 55 72 22.561
Pkt 42 100 0.42 1
Pkt 84 200 0.42 1
Node 48 69 19.105
Pkt 126 300 0.42 1
Pkt 202 480 0.420833 1
Node 55 55 7.07107
Pkt 336 800 0.42 1
Pkt 315 750 0.42 1
Node 55 26 24.5153
Pkt 53 125 0.424 1
Pkt 101 240 0.420833 1
Node 49 26 24.0208
Pkt 158 375 0.421333 1
Pkt 135 320 0.421875 1
Rate:841.775
==========
==========90
5 0 2 24000
Node 68 51 18.0278
Pkt 105 250 0.42 1
Pkt 105 250 0.42 1
Node 40 54 10.7703
Pkt 158 375 0.421333 1
Pkt 168 400 0.42 1
Node 64 71 25.2389
Pkt 315 750 0.42 1
Pkt 336 800 0.42 1
Node 42 28 23.4094
Pkt 81 192 0.421875 1
Pkt 105 250 0.42 1
Node 29 25 32.6497
Pkt 168 400 0.42 1
Pkt 126 300 0.42 1
Rate:840.642
==========
==========91
5 0 2 24000
Node 52 63 13.1529
Pkt 53 125 0.424 1
Pkt 81 192 0.421875 1
Node 63 43 14.7648
Pkt 168 400 0.42 1
Pkt 202 480 0.420833 1
Node 58 46 8.94427
Pkt 336 800 0.42 1
Pkt 315 750 0.42 1
Node 41 59 12.7279
Pkt 42 100 0.42 1
Pkt 81 192 0.421875 1
Node 74 25 34.6554
Pkt 135 320 0.421875 1
Pkt 168 400 0.42 1
Rate:842.092
==========
==========92
5 0 2 24000
Node 36 48 14.1421
Pkt 42 100 0.42 1
Pkt 53 125 0.424 1
Node 69 46 19.4165
Pkt 126 300 0.42 1
Pkt 168 400 0.42 1
Node 40 33 19.7231
Pkt 336 800 0.42 1
Pkt 315 750 0.42 1
Node 48 64 14.1421
Pkt 84 200 0.42 1
Pkt 84 200 0.42 1
Node 37 62 17.6918
Pkt 158 375 0.421333 1
Pkt 202 480 0.420833 1
Rate:841.233
==========
==========93
5 0 2 24000
Node 46 58 8.94427
Pkt 84 200 0.42 1
Pkt 63 150 0.42 1
Node 58 36 16.1245
Pkt 126 300 0.42 1
Pkt 135 320 0.421875 1
Node 49 35 15.0333
Pkt 336 800 0.42 1
Pkt 315 750 0.42 1
Node 61 56 12.53
Pkt 68 160 0.425 1
Pkt 101 240 0.420833 1
Node 55 62 13
Pkt 158 375 0.421333 1
Pkt 135 320 0.421875 1
Rate:842.183
==========
==========94
5 0 2 24000
Node 33 71 27.0185
Pkt 42 100 0.42 1
Pkt 101 240 0.420833 1
Node 52 67 17.1172
Pkt 158 375 0.421333 1
Pkt 158 375 0.421333 1
Node 57 41 11.4018
Pkt 315 750 0.42 1
Pkt 336 800 0.42 1
Node 39 55 12.083
Pkt 68 160 0.425 1
Pkt 63 150 0.42 1
Node 59 74 25.632
Pkt 135 320 0.421875 1
Pkt 126 300 0.42 1
Rate:842.075
==========
==========95
5 0 2 24000
Node 67 60 19.7231
Pkt 53 125 0.424 1
Pkt 51 120 0.425 1
Node 56 32 18.9737
Pkt 202 480 0.420833 1
Pkt 168 400 0.42 1
Node 42 45 9.43398
Pkt 315 750 0.42 1
Pkt 336 800 0.42 1
Node 49 26 24.0208
Pkt 101 240 0.420833 1
Pkt 105 250 0.42 1
Node 46 36 14.5602
Pkt 168 400 0.42 1
Pkt 135 320 0.421875 1
Rate:842.508
==========
==========96
5 0 2 24000
Node 47 26 24.1868
Pkt 105 250 0.42 1
Pkt 51 120 0.425 1
Node 66 39 19.4165
Pkt 126 300 0.42 1
Pkt 168 400 0.42 1
Node 43 58 10.6301
Pkt 315 750 0.42 1
Pkt 336 800 0.42 1
Node 51 49 1.41421
Pkt 101 240 0.420833 1
Pkt 105 250 0.42 1
Node 44 25 25.7099
Pkt 168 400 0.42 1
Pkt 202 480 0.420833 1
Rate:841.333
==========
==========97
5 0 2 24000
Node 61 29 23.7065
Pkt 84 200 0.42 1
Pkt 84 200 0.42 1
Node 63 44 14.3178
Pkt 135 320 0.421875 1
Pkt 126 300 0.42 1
Node 67 68 24.7588
Pkt 336 800 0.42 1
Pkt 315 750 0.42 1
Node 47 44 6.7082
Pkt 68 160 0.425 1
Pkt 42 100 0.42 1
Node 35 71 25.807
Pkt 158 375 0.421333 1
Pkt 202 480 0.420833 1
Rate:841.808
==========
==========98
5 0 2 24000
Node 34 35 21.9317
Pkt 53 125 0.424 1
Pkt 101 240 0.420833 1
Node 57 71 22.1359
Pkt 135 320 0.421875 1
Pkt 202 480 0.420833 1
Node 69 40 21.4709
Pkt 336 800 0.42 1
Pkt 336 800 0.42 1
Node 47 72 22.2036
Pkt 105 250 0.42 1
Pkt 84 200 0.42 1
Node 44 57 9.21954
Pkt 135 320 0.421875 1
Pkt 158 375 0.421333 1
Rate:842.15
==========
==========99
