5 0 2 24000
Node 38 49 12.0416
Pkt 89 192 0.463542 1
Pkt 92 200 0.46 1
Node 50 35 15
Pkt 148 320 0.4625 1
Pkt 138 300 0.46 1
Node 42 60 12.8062
Pkt 368 800 0.46 1
Pkt 368 800 0.46 1
Node 69 28 29.0689
Pkt 74 160 0.4625 1
Pkt 56 120 0.466667 1
Node 61 59 14.2127
Pkt 221 480 0.460417 1
Pkt 221 480 0.460417 1
Rate:923.208
==========
==========0
5 0 2 24000
Node 26 71 31.8904
Pkt 74 160 0.4625 1
Pkt 115 250 0.46 1
Node 55 69 19.6469
Pkt 138 300 0.46 1
Pkt 148 320 0.4625 1
Node 67 50 17
Pkt 345 750 0.46 1
Pkt 345 750 0.46 1
Node 71 67 27.0185
Pkt 115 250 0.46 1
Pkt 69 150 0.46 1
Node 60 61 14.8661
Pkt 221 480 0.460417 1
Pkt 173 375 0.461333 1
Rate:921.35
==========
==========1
5 0 2 24000
Node 36 44 15.2315
Pkt 74 160 0.4625 1
Pkt 92 200 0.46 1
Node 32 39 21.095
Pkt 138 300 0.46 1
Pkt 184 400 0.46 1
Node 71 31 28.3196
Pkt 345 750 0.46 1
Pkt 368 800 0.46 1
Node 58 39 13.6015
Pkt 115 250 0.46 1
Pkt 56 120 0.466667 1
Node 68 70 26.9072
Pkt 184 400 0.46 1
Pkt 148 320 0.4625 1
Rate:922.333
==========
==========2
5 0 2 24000
Node 47 74 24.1868
Pkt 115 250 0.46 1
Pkt 92 200 0.46 1
Node 30 27 30.4795
Pkt 138 300 0.46 1
Pkt 138 300 0.46 1
Node 60 62 15.6205
Pkt 345 750 0.46 1
Pkt 368 800 0.46 1
Node 35 25 29.1548
Pkt 58 125 0.464 1
Pkt 46 100 0.46 1
Node 39 71 23.7065
Pkt 138 300 0.46 1
Pkt 184 400 0.46 1
Rate:920.8
==========
==========3
5 0 2 24000
Node 34 43 17.4642
Pkt 58 125 0.464 1
Pkt 56 120 0.466667 1
Node 57 54 8.06226
Pkt 138 300 0.46 1
Pkt 221 480 0.460417 1
Node 45 73 23.5372
Pkt 368 800 0.46 1
Pkt 368 800 0.46 1
Node 31 46 19.4165
Pkt 111 240 0.4625 1
Pkt 46 100 0.46 1
Node 26 56 24.7386
Pkt 221 480 0.460417 1
Pkt 173 375 0.461333 1
Rate:923.067
==========
==========4
5 0 2 24000
Node 46 38 12.6491
Pkt 58 125 0.464 1
Pkt 92 200 0.46 1
Node 49 60 10.0499
Pkt 173 375 0.461333 1
Pkt 221 480 0.460417 1
Node 68 72 28.4253
Pkt 368 800 0.46 1
Pkt 368 800 0.46 1
Node 45 53 5.83095
Pkt 115 250 0.46 1
Pkt 56 120 0.466667 1
Node 59 70 21.9317
Pkt 184 400 0.46 1
Pkt 221 480 0.460417 1
Rate:922.567
==========
==========5
5 0 2 24000
Node 62 31 22.4722
Pkt 115 250 0.46 1
Pkt 92 200 0.46 1
Node 47 72 22.2036
Pkt 184 400 0.46 1
Pkt 173 375 0.461333 1
Node 66 38 20
Pkt 345 750 0.46 1
Pkt 345 750 0.46 1
Node 37 57 14.7648
Pkt 111 240 0.4625 1
Pkt 58 125 0.464 1
Node 26 36 27.7849
Pkt 138 300 0.46 1
Pkt 138 300 0.46 1
Rate:921.567
==========
==========6
5 0 2 24000
Node 41 39 14.2127
Pkt 74 160 0.4625 1
Pkt 56 120 0.466667 1
Node 41 44 10.8167
Pkt 221 480 0.460417 1
Pkt 173 375 0.461333 1
Node 50 61 11
Pkt 345 750 0.46 1
Pkt 368 800 0.46 1
Node 33 59 19.2354
Pkt 111 240 0.4625 1
Pkt 92 200 0.46 1
Node 58 59 12.0416
Pkt 173 375 0.461333 1
Pkt 148 320 0.4625 1
Rate:923.45
==========
==========7
5 0 2 24000
Node 25 62 27.7308
Pkt 111 240 0.4625 1
Pkt 115 250 0.46 1
Node 52 74 24.0832
Pkt 221 480 0.460417 1
Pkt 138 300 0.46 1
Node 45 31 19.6469
Pkt 345 750 0.46 1
Pkt 368 800 0.46 1
Node 25 66 29.6816
Pkt 111 240 0.4625 1
Pkt 115 250 0.46 1
Node 37 57 14.7648
Pkt 148 320 0.4625 1
Pkt 138 300 0.46 1
Rate:921.583
==========
==========8
5 0 2 24000
Node 25 37 28.178
Pkt 92 200 0.46 1
Pkt 69 150 0.46 1
Node 70 58 21.5407
Pkt 221 480 0.460417 1
Pkt 173 375 0.461333 1
Node 42 33 18.7883
Pkt 368 800 0.46 1
Pkt 345 750 0.46 1
Node 71 42 22.4722
Pkt 115 250 0.46 1
Pkt 115 250 0.46 1
Node 41 27 24.6982
Pkt 221 480 0.460417 1
Pkt 173 375 0.461333 1
Rate:920.7
==========
==========9
5 0 2 24000
Node 71 25 32.6497
Pkt 89 192 0.463542 1
Pkt 115 250 0.46 1
Node 68 59 20.1246
Pkt 148 320 0.4625 1
Pkt 184 400 0.46 1
Node 69 35 24.2074
Pkt 345 750 0.46 1
Pkt 345 750 0.46 1
Node 37 37 18.3848
Pkt 56 120 0.466667 1
Pkt 92 200 0.46 1
Node 45 51 5.09902
Pkt 221 480 0.460417 1
Pkt 148 320 0.4625 1
Rate:923.125
==========
==========10
5 0 2 24000
Node 70 48 20.0998
Pkt 89 192 0.463542 1
Pkt 58 125 0.464 1
Node 68 30 26.9072
Pkt 138 300 0.46 1
Pkt 138 300 0.46 1
Node 26 35 28.3019
Pkt 345 750 0.46 1
Pkt 345 750 0.46 1
Node 56 25 25.7099
Pkt 69 150 0.46 1
Pkt 89 192 0.463542 1
Node 46 37 13.6015
Pkt 173 375 0.461333 1
Pkt 148 320 0.4625 1
Rate:922.983
==========
==========11
5 0 2 24000
Node 52 48 2.82843
Pkt 111 240 0.4625 1
Pkt 115 250 0.46 1
Node 64 65 20.5183
Pkt 184 400 0.46 1
Pkt 138 300 0.46 1
Node 74 31 30.6105
Pkt 368 800 0.46 1
Pkt 368 800 0.46 1
Node 68 64 22.8035
Pkt 46 100 0.46 1
Pkt 115 250 0.46 1
Node 37 26 27.2947
Pkt 148 320 0.4625 1
Pkt 173 375 0.461333 1
Rate:921.267
==========
==========12
5 0 2 24000
Node 43 42 10.6301
Pkt 56 120 0.466667 1
Pkt 115 250 0.46 1
Node 54 69 19.4165
Pkt 221 480 0.460417 1
Pkt 184 400 0.46 1
Node 54 47 5
Pkt 368 800 0.46 1
Pkt 345 750 0.46 1
Node 41 50 9
Pkt 46 100 0.46 1
Pkt 58 125 0.464 1
Node 50 62 12
Pkt 148 320 0.4625 1
Pkt 138 300 0.46 1
Rate:922.717
==========
==========13
5 0 2 24000
Node 65 54 15.5242
Pkt 111 240 0.4625 1
Pkt 56 120 0.466667 1
Node 70 34 25.6125
Pkt 173 375 0.461333 1
Pkt 173 375 0.461333 1
Node 49 57 7.07107
Pkt 345 750 0.46 1
Pkt 345 750 0.46 1
Node 59 27 24.6982
Pkt 89 192 0.463542 1
Pkt 89 192 0.463542 1
Node 43 44 9.21954
Pkt 138 300 0.46 1
Pkt 184 400 0.46 1
Rate:923.783
==========
==========14
5 0 2 24000
Node 35 66 21.9317
Pkt 115 250 0.46 1
Pkt 74 160 0.4625 1
Node 36 71 25.2389
Pkt 148 320 0.4625 1
Pkt 184 400 0.46 1
Node 74 57 25
Pkt 345 750 0.46 1
Pkt 345 750 0.46 1
Node 33 73 28.6007
Pkt 74 160 0.4625 1
Pkt 89 192 0.463542 1
Node 67 52 17.1172
Pkt 221 480 0.460417 1
Pkt 173 375 0.461333 1
Rate:922.558
==========
==========15
5 0 2 24000
Node 25 36 28.6531
Pkt 111 240 0.4625 1
Pkt 46 100 0.46 1
Node 26 48 24.0832
Pkt 221 480 0.460417 1
Pkt 221 480 0.460417 1
Node 72 69 29.0689
Pkt 345 750 0.46 1
Pkt 345 750 0.46 1
Node 71 33 27.0185
Pkt 69 150 0.46 1
Pkt 111 240 0.4625 1
Node 40 31 21.4709
Pkt 173 375 0.461333 1
Pkt 184 400 0.46 1
Rate:921.433
==========
==========16
5 0 2 24000
Node 69 49 19.0263
Pkt 58 125 0.464 1
Pkt 115 250 0.46 1
Node 55 56 7.81025
Pkt 221 480 0.460417 1
Pkt 184 400 0.46 1
Node 51 53 3.16228
Pkt 345 750 0.46 1
Pkt 345 750 0.46 1
Node 35 31 24.2074
Pkt 46 100 0.46 1
Pkt 92 200 0.46 1
Node 37 74 27.2947
Pkt 148 320 0.4625 1
Pkt 184 400 0.46 1
Rate:921.383
==========
==========17
5 0 2 24000
Node 69 37 23.0217
Pkt 69 150 0.46 1
Pkt 115 250 0.46 1
Node 67 73 28.6007
Pkt 148 320 0.4625 1
Pkt 184 400 0.46 1
Node 44 55 7.81025
Pkt 345 750 0.46 1
Pkt 345 750 0.46 1
Node 48 62 12.1655
Pkt 92 200 0.46 1
Pkt 46 100 0.46 1
Node 42 47 8.544
Pkt 221 480 0.460417 1
Pkt 148 320 0.4625 1
Rate:921.083
==========
==========18
5 0 2 24000
Node 66 61 19.4165
Pkt 69 150 0.46 1
Pkt 74 160 0.4625 1
Node 70 53 20.2237
Pkt 173 375 0.461333 1
Pkt 184 400 0.46 1
Node 40 73 25.0799
Pkt 368 800 0.46 1
Pkt 345 750 0.46 1
Node 43 70 21.1896
Pkt 56 120 0.466667 1
Pkt 89 192 0.463542 1
Node 38 30 23.3238
Pkt 148 320 0.4625 1
Pkt 138 300 0.46 1
Rate:923.308
==========
==========19
5 0 2 24000
Node 34 55 16.7631
Pkt 56 120 0.466667 1
Pkt 89 192 0.463542 1
Node 74 66 28.8444
Pkt 148 320 0.4625 1
Pkt 221 480 0.460417 1
Node 55 29 21.587
Pkt 345 750 0.46 1
Pkt 345 750 0.46 1
Node 42 64 16.1245
Pkt 111 240 0.4625 1
Pkt 69 150 0.46 1
Node 30 74 31.241
Pkt 148 320 0.4625 1
Pkt 184 400 0.46 1
Rate:923.625
==========
==========20
5 0 2 24000
Node 68 70 26.9072
Pkt 58 125 0.464 1
Pkt 89 192 0.463542 1
Node 39 35 18.6011
Pkt 221 480 0.460417 1
Pkt 148 320 0.4625 1
Node 72 51 22.0227
Pkt 345 750 0.46 1
Pkt 345 750 0.46 1
Node 35 25 29.1548
Pkt 89 192 0.463542 1
Pkt 89 192 0.463542 1
Node 58 26 25.2982
Pkt 138 300 0.46 1
Pkt 184 400 0.46 1
Rate:923.508
==========
==========21
5 0 2 24000
Node 61 62 16.2788
Pkt 92 200 0.46 1
Pkt 92 200 0.46 1
Node 43 48 7.28011
Pkt 138 300 0.46 1
Pkt 148 320 0.4625 1
Node 40 26 26
Pkt 368 800 0.46 1
Pkt 368 800 0.46 1
Node 45 54 6.40312
Pkt 92 200 0.46 1
Pkt 89 192 0.463542 1
Node 64 43 15.6525
Pkt 184 400 0.46 1
Pkt 148 320 0.4625 1
Rate:921.708
==========
==========22
5 0 2 24000
Node 65 29 25.807
Pkt 58 125 0.464 1
Pkt 46 100 0.46 1
Node 53 66 16.2788
Pkt 184 400 0.46 1
Pkt 138 300 0.46 1
Node 71 34 26.4008
Pkt 368 800 0.46 1
Pkt 368 800 0.46 1
Node 34 58 17.8885
Pkt 69 150 0.46 1
Pkt 58 125 0.464 1
Node 41 41 12.7279
Pkt 184 400 0.46 1
Pkt 184 400 0.46 1
Rate:921.6
==========
==========23
5 0 2 24000
Node 62 43 13.8924
Pkt 69 150 0.46 1
Pkt 69 150 0.46 1
Node 52 30 20.0998
Pkt 138 300 0.46 1
Pkt 184 400 0.46 1
Node 59 57 11.4018
Pkt 345 750 0.46 1
Pkt 368 800 0.46 1
Node 51 30 20.025
Pkt 115 250 0.46 1
Pkt 56 120 0.466667 1
Node 54 45 6.40312
Pkt 148 320 0.4625 1
Pkt 138 300 0.46 1
Rate:921.833
==========
==========24
5 0 2 24000
Node 41 39 14.2127
Pkt 74 160 0.4625 1
Pkt 58 125 0.464 1
Node 72 31 29.0689
Pkt 184 400 0.46 1
Pkt 221 480 0.460417 1
Node 54 45 6.40312
Pkt 345 750 0.46 1
Pkt 345 750 0.46 1
Node 42 31 20.6155
Pkt 115 250 0.46 1
Pkt 89 192 0.463542 1
Node 39 71 23.7065
Pkt 221 480 0.460417 1
Pkt 184 400 0.46 1
Rate:922.175
==========
==========25
5 0 2 24000
Node 48 50 2
Pkt 115 250 0.46 1
Pkt 89 192 0.463542 1
Node 62 30 23.3238
Pkt 148 320 0.4625 1
Pkt 148 320 0.4625 1
Node 32 36 22.8035
Pkt 345 750 0.46 1
Pkt 368 800 0.46 1
Node 63 70 23.8537
Pkt 92 200 0.46 1
Pkt 92 200 0.46 1
Node 69 28 29.0689
Pkt 184 400 0.46 1
Pkt 221 480 0.460417 1
Rate:921.792
==========
==========26
5 0 2 24000
Node 59 61 14.2127
Pkt 56 120 0.466667 1
Pkt 74 160 0.4625 1
Node 27 41 24.6982
Pkt 221 480 0.460417 1
Pkt 148 320 0.4625 1
Node 59 46 9.84886
Pkt 368 800 0.46 1
Pkt 345 750 0.46 1
Node 44 70 20.8806
Pkt 92 200 0.46 1
Pkt 89 192 0.463542 1
Node 72 64 26.0768
Pkt 221 480 0.460417 1
Pkt 148 320 0.4625 1
Rate:923.708
==========
==========27
5 0 2 24000
Node 70 66 25.6125
Pkt 74 160 0.4625 1
Pkt 111 240 0.4625 1
Node 72 58 23.4094
Pkt 184 400 0.46 1
Pkt 173 375 0.461333 1
Node 25 39 27.313
Pkt 368 800 0.46 1
Pkt 368 800 0.46 1
Node 38 73 25.9422
Pkt 46 100 0.46 1
Pkt 89 192 0.463542 1
Node 47 30 20.2237
Pkt 184 400 0.46 1
Pkt 138 300 0.46 1
Rate:921.975
==========
==========28
5 0 2 24000
Node 53 39 11.4018
Pkt 115 250 0.46 1
Pkt 115 250 0.46 1
Node 57 46 8.06226
Pkt 148 320 0.4625 1
Pkt 138 300 0.46 1
Node 25 70 32.0156
Pkt 368 800 0.46 1
Pkt 345 750 0.46 1
Node 46 33 17.4642
Pkt 58 125 0.464 1
Pkt 111 240 0.4625 1
Node 51 44 6.08276
Pkt 221 480 0.460417 1
Pkt 148 320 0.4625 1
Rate:922.383
==========
==========29
5 0 2 24000
Node 74 32 30
Pkt 115 250 0.46 1
Pkt 89 192 0.463542 1
Node 69 56 19.9249
Pkt 173 375 0.461333 1
Pkt 138 300 0.46 1
Node 46 45 6.40312
Pkt 368 800 0.46 1
Pkt 345 750 0.46 1
Node 65 57 16.5529
Pkt 46 100 0.46 1
Pkt 56 120 0.466667 1
Node 55 41 10.2956
Pkt 184 400 0.46 1
Pkt 184 400 0.46 1
Rate:922.308
==========
==========30
5 0 2 24000
Node 57 31 20.2485
Pkt 69 150 0.46 1
Pkt 115 250 0.46 1
Node 54 38 12.6491
Pkt 173 375 0.461333 1
Pkt 138 300 0.46 1
Node 27 32 29.2062
Pkt 345 750 0.46 1
Pkt 368 800 0.46 1
Node 27 29 31.1448
Pkt 58 125 0.464 1
Pkt 111 240 0.4625 1
Node 66 33 23.3452
Pkt 173 375 0.461333 1
Pkt 221 480 0.460417 1
Rate:921.917
==========
==========31
5 0 2 24000
Node 30 45 20.6155
Pkt 74 160 0.4625 1
Pkt 89 192 0.463542 1
Node 27 57 24.0416
Pkt 138 300 0.46 1
Pkt 148 320 0.4625 1
Node 52 62 12.1655
Pkt 368 800 0.46 1
Pkt 368 800 0.46 1
Node 52 55 5.38516
Pkt 92 200 0.46 1
Pkt 56 120 0.466667 1
Node 70 50 20
Pkt 148 320 0.4625 1
Pkt 148 320 0.4625 1
Rate:924.042
==========
==========32
5 0 2 24000
Node 49 50 1
Pkt 46 100 0.46 1
Pkt 115 250 0.46 1
Node 52 60 10.198
Pkt 184 400 0.46 1
Pkt 138 300 0.46 1
Node 31 38 22.4722
Pkt 345 750 0.46 1
Pkt 345 750 0.46 1
Node 25 25 35.3553
Pkt 111 240 0.4625 1
Pkt 56 120 0.466667 1
Node 56 70 20.8806
Pkt 148 320 0.4625 1
Pkt 138 300 0.46 1
Rate:922.333
==========
==========33
5 0 2 24000
Node 67 32 24.7588
Pkt 69 150 0.46 1
Pkt 89 192 0.463542 1
Node 42 70 21.5407
Pkt 184 400 0.46 1
Pkt 138 300 0.46 1
Node 27 53 23.1948
Pkt 345 750 0.46 1
Pkt 345 750 0.46 1
Node 45 41 10.2956
Pkt 89 192 0.463542 1
Pkt 111 240 0.4625 1
Node 39 29 23.7065
Pkt 173 375 0.461333 1
Pkt 221 480 0.460417 1
Rate:922.267
==========
==========34
5 0 2 24000
Node 48 25 25.0799
Pkt 74 160 0.4625 1
Pkt 89 192 0.463542 1
Node 47 35 15.2971
Pkt 148 320 0.4625 1
Pkt 184 400 0.46 1
Node 60 57 12.2066
Pkt 368 800 0.46 1
Pkt 345 750 0.46 1
Node 61 61 15.5563
Pkt 92 200 0.46 1
Pkt 56 120 0.466667 1
Node 59 35 17.4929
Pkt 221 480 0.460417 1
Pkt 184 400 0.46 1
Rate:923.125
==========
==========35
5 0 2 24000
Node 38 59 15
Pkt 111 240 0.4625 1
Pkt 46 100 0.46 1
Node 40 43 12.2066
Pkt 173 375 0.461333 1
Pkt 148 320 0.4625 1
Node 62 36 18.4391
Pkt 368 800 0.46 1
Pkt 368 800 0.46 1
Node 25 61 27.313
Pkt 46 100 0.46 1
Pkt 74 160 0.4625 1
Node 56 61 12.53
Pkt 173 375 0.461333 1
Pkt 173 375 0.461333 1
Rate:922.3
==========
==========36
5 0 2 24000
Node 32 28 28.4253
Pkt 74 160 0.4625 1
Pkt 46 100 0.46 1
Node 57 50 7
Pkt 138 300 0.46 1
Pkt 173 375 0.461333 1
Node 37 58 15.2643
Pkt 368 800 0.46 1
Pkt 345 750 0.46 1
Node 32 35 23.4307
Pkt 92 200 0.46 1
Pkt 111 240 0.4625 1
Node 53 26 24.1868
Pkt 138 300 0.46 1
Pkt 221 480 0.460417 1
Rate:921.35
==========
==========37
5 0 2 24000
Node 41 32 20.1246
Pkt 111 240 0.4625 1
Pkt 69 150 0.46 1
Node 42 48 8.24621
Pkt 184 400 0.46 1
Pkt 173 375 0.461333 1
Node 68 73 29.2062
Pkt 345 750 0.46 1
Pkt 345 750 0.46 1
Node 25 49 25.02
Pkt 56 120 0.466667 1
Pkt 115 250 0.46 1
Node 62 29 24.1868
Pkt 138 300 0.46 1
Pkt 148 320 0.4625 1
Rate:922.6
==========
==========38
5 0 2 24000
Node 49 42 8.06226
Pkt 74 160 0.4625 1
Pkt 92 200 0.46 1
Node 39 34 19.4165
Pkt 173 375 0.461333 1
Pkt 173 375 0.461333 1
Node 37 43 14.7648
Pkt 368 800 0.46 1
Pkt 368 800 0.46 1
Node 47 59 9.48683
Pkt 46 100 0.46 1
Pkt 74 160 0.4625 1
Node 53 46 5
Pkt 221 480 0.460417 1
Pkt 221 480 0.460417 1
Rate:921.7
==========
==========39
5 0 2 24000
Node 66 74 28.8444
Pkt 56 120 0.466667 1
Pkt 46 100 0.46 1
Node 60 33 19.7231
Pkt 173 375 0.461333 1
Pkt 173 375 0.461333 1
Node 39 61 15.5563
Pkt 368 800 0.46 1
Pkt 345 750 0.46 1
Node 44 59 10.8167
Pkt 56 120 0.466667 1
Pkt 69 150 0.46 1
Node 58 35 17
Pkt 148 320 0.4625 1
Pkt 138 300 0.46 1
Rate:923.7
==========
==========40
5 0 2 24000
Node 53 33 17.2627
Pkt 115 250 0.46 1
Pkt 56 120 0.466667 1
Node 48 46 4.47214
Pkt 148 320 0.4625 1
Pkt 148 320 0.4625 1
Node 71 57 22.1359
Pkt 368 800 0.46 1
Pkt 368 800 0.46 1
Node 48 63 13.1529
Pkt 46 100 0.46 1
Pkt 46 100 0.46 1
Node 39 40 14.8661
Pkt 138 300 0.46 1
Pkt 173 375 0.461333 1
Rate:922.6
==========
==========41
5 0 2 24000
Node 44 33 18.0278
Pkt 58 125 0.464 1
Pkt 111 240 0.4625 1
Node 41 36 16.6433
Pkt 138 300 0.46 1
Pkt 184 400 0.46 1
Node 67 30 26.2488
Pkt 345 750 0.46 1
Pkt 368 800 0.46 1
Node 37 66 20.6155
Pkt 46 100 0.46 1
Pkt 69 150 0.46 1
Node 61 55 12.083
Pkt 173 375 0.461333 1
Pkt 221 480 0.460417 1
Rate:921.65
==========
==========42
5 0 2 24000
Node 56 38 13.4164
Pkt 46 100 0.46 1
Pkt 89 192 0.463542 1
Node 57 36 15.6525
Pkt 221 480 0.460417 1
Pkt 138 300 0.46 1
Node 56 30 20.8806
Pkt 368 800 0.46 1
Pkt 345 750 0.46 1
Node 28 27 31.8277
Pkt 69 150 0.46 1
Pkt 74 160 0.4625 1
Node 30 35 25
Pkt 173 375 0.461333 1
Pkt 138 300 0.46 1
Rate:921.558
==========
==========43
5 0 2 24000
Node 52 27 23.0868
Pkt 74 160 0.4625 1
Pkt 56 120 0.466667 1
Node 50 49 1
Pkt 221 480 0.460417 1
Pkt 148 320 0.4625 1
Node 39 26 26.4008
Pkt 368 800 0.46 1
Pkt 345 750 0.46 1
Node 61 62 16.2788
Pkt 111 240 0.4625 1
Pkt 74 160 0.4625 1
Node 63 66 20.6155
Pkt 173 375 0.461333 1
Pkt 148 320 0.4625 1
Rate:924.183
==========
==========44
5 0 2 24000
Node 72 40 24.1661
Pkt 89 192 0.463542 1
Pkt 69 150 0.46 1
Node 72 49 22.0227
Pkt 173 375 0.461333 1
Pkt 138 300 0.46 1
Node 74 67 29.4109
Pkt 368 800 0.46 1
Pkt 368 800 0.46 1
Node 26 64 27.7849
Pkt 115 250 0.46 1
Pkt 69 150 0.46 1
Node 54 43 8.06226
Pkt 184 400 0.46 1
Pkt 221 480 0.460417 1
Rate:921.058
==========
==========45
5 0 2 24000
Node 53 43 7.61577
Pkt 115 250 0.46 1
Pkt 69 150 0.46 1
Node 47 69 19.2354
Pkt 184 400 0.46 1
Pkt 184 400 0.46 1
Node 41 58 12.0416
Pkt 345 750 0.46 1
Pkt 368 800 0.46 1
Node 37 71 24.6982
Pkt 69 150 0.46 1
Pkt 111 240 0.4625 1
Node 48 30 20.0998
Pkt 221 480 0.460417 1
Pkt 184 400 0.46 1
Rate:920.583
==========
==========46
5 0 2 24000
Node 58 36 16.1245
Pkt 58 125 0.464 1
Pkt 89 192 0.463542 1
Node 37 74 27.2947
Pkt 221 480 0.460417 1
Pkt 184 400 0.46 1
Node 45 67 17.72
Pkt 345 750 0.46 1
Pkt 368 800 0.46 1
Node 44 51 6.08276
Pkt 69 150 0.46 1
Pkt 56 120 0.466667 1
Node 51 42 8.06226
Pkt 138 300 0.46 1
Pkt 173 375 0.461333 1
Rate:923.192
==========
==========47
5 0 2 24000
Node 59 52 9.21954
Pkt 58 125 0.464 1
Pkt 69 150 0.46 1
Node 41 34 18.3576
Pkt 184 400 0.46 1
Pkt 184 400 0.46 1
Node 40 62 15.6205
Pkt 368 800 0.46 1
Pkt 368 800 0.46 1
Node 31 31 26.8701
Pkt 69 150 0.46 1
Pkt 58 125 0.464 1
Node 55 30 20.6155
Pkt 184 400 0.46 1
Pkt 148 320 0.4625 1
Rate:922.1
==========
==========48
5 0 2 24000
Node 47 73 23.1948
Pkt 46 100 0.46 1
Pkt 58 125 0.464 1
Node 32 70 26.9072
Pkt 221 480 0.460417 1
Pkt 148 320 0.4625 1
Node 64 39 17.8045
Pkt 345 750 0.46 1
Pkt 368 800 0.46 1
Node 71 64 25.2389
Pkt 58 125 0.464 1
Pkt 56 120 0.466667 1
Node 30 61 22.8254
Pkt 221 480 0.460417 1
Pkt 184 400 0.46 1
Rate:923.6
==========
==========49
5 0 2 24000
Node 46 27 23.3452
Pkt 56 120 0.466667 1
Pkt 58 125 0.464 1
Node 65 26 28.3019
Pkt 221 480 0.460417 1
Pkt 173 375 0.461333 1
Node 66 58 17.8885
Pkt 345 750 0.46 1
Pkt 368 800 0.46 1
Node 48 74 24.0832
Pkt 46 100 0.46 1
Pkt 111 240 0.4625 1
Node 73 36 26.9258
Pkt 148 320 0.4625 1
Pkt 173 375 0.461333 1
Rate:923.75
==========
==========50
5 0 2 24000
Node 63 36 19.105
Pkt 46 100 0.46 1
Pkt 58 125 0.464 1
Node 49 72 22.0227
Pkt 173 375 0.461333 1
Pkt 173 375 0.461333 1
Node 27 47 23.1948
Pkt 368 800 0.46 1
Pkt 345 750 0.46 1
Node 42 30 21.5407
Pkt 92 200 0.46 1
Pkt 111 240 0.4625 1
Node 49 56 6.08276
Pkt 221 480 0.460417 1
Pkt 138 300 0.46 1
Rate:921.917
==========
==========51
5 0 2 24000
Node 50 63 13
Pkt 92 200 0.46 1
Pkt 115 250 0.46 1
Node 49 45 5.09902
Pkt 138 300 0.46 1
Pkt 173 375 0.461333 1
Node 44 29 21.8403
Pkt 345 750 0.46 1
Pkt 368 800 0.46 1
Node 71 55 21.587
Pkt 46 100 0.46 1
Pkt 115 250 0.46 1
Node 40 44 11.6619
Pkt 173 375 0.461333 1
Pkt 148 320 0.4625 1
Rate:921.033
==========
==========52
5 0 2 24000
Node 65 25 29.1548
Pkt 58 125 0.464 1
Pkt 58 125 0.464 1
Node 25 38 27.7308
Pkt 221 480 0.460417 1
Pkt 221 480 0.460417 1
Node 61 28 24.5967
Pkt 368 800 0.46 1
Pkt 345 750 0.46 1
Node 55 67 17.72
Pkt 115 250 0.46 1
Pkt 115 250 0.46 1
Node 28 33 27.8029
Pkt 138 300 0.46 1
Pkt 184 400 0.46 1
Rate:921.767
==========
==========53
5 0 2 24000
Node 38 61 16.2788
Pkt 89 192 0.463542 1
Pkt 58 125 0.464 1
Node 36 38 18.4391
Pkt 184 400 0.46 1
Pkt 138 300 0.46 1
Node 41 46 9.84886
Pkt 345 750 0.46 1
Pkt 345 750 0.46 1
Node 38 33 20.8087
Pkt 92 200 0.46 1
Pkt 92 200 0.46 1
Node 45 58 9.43398
Pkt 221 480 0.460417 1
Pkt 173 375 0.461333 1
Rate:921.858
==========
==========54
5 0 2 24000
Node 46 74 24.3311
Pkt 89 192 0.463542 1
Pkt 92 200 0.46 1
Node 55 63 13.9284
Pkt 173 375 0.461333 1
Pkt 138 300 0.46 1
Node 68 47 18.2483
Pkt 368 800 0.46 1
Pkt 368 800 0.46 1
Node 26 71 31.8904
Pkt 111 240 0.4625 1
Pkt 115 250 0.46 1
Node 40 41 13.4536
Pkt 184 400 0.46 1
Pkt 173 375 0.461333 1
Rate:921.742
==========
==========55
5 0 2 24000
Node 48 30 20.0998
Pkt 69 150 0.46 1
Pkt 56 120 0.466667 1
Node 31 29 28.3196
Pkt 148 320 0.4625 1
Pkt 184 400 0.46 1
Node 40 72 24.1661
Pkt 345 750 0.46 1
Pkt 368 800 0.46 1
Node 40 29 23.2594
Pkt 92 200 0.46 1
Pkt 115 250 0.46 1
Node 58 60 12.8062
Pkt 184 400 0.46 1
Pkt 221 480 0.460417 1
Rate:921.917
==========
==========56
5 0 2 24000
Node 39 29 23.7065
Pkt 89 192 0.463542 1
Pkt 46 100 0.46 1
Node 36 50 14
Pkt 173 375 0.461333 1
Pkt 148 320 0.4625 1
Node 53 55 5.83095
Pkt 345 750 0.46 1
Pkt 368 800 0.46 1
Node 38 35 19.2094
Pkt 111 240 0.4625 1
Pkt 89 192 0.463542 1
Node 45 50 5
Pkt 138 300 0.46 1
Pkt 184 400 0.46 1
Rate:922.683
==========
==========57
5 0 2 24000
Node 66 71 26.4008
Pkt 69 150 0.46 1
Pkt 56 120 0.466667 1
Node 41 72 23.7697
Pkt 173 375 0.461333 1
Pkt 173 375 0.461333 1
Node 40 69 21.4709
Pkt 368 800 0.46 1
Pkt 345 750 0.46 1
Node 28 67 27.8029
Pkt 92 200 0.46 1
Pkt 58 125 0.464 1
Node 56 71 21.8403
Pkt 148 320 0.4625 1
Pkt 221 480 0.460417 1
Rate:923.25
==========
==========58
5 0 2 24000
Node 54 49 4.12311
Pkt 56 120 0.466667 1
Pkt 115 250 0.46 1
Node 59 50 9
Pkt 221 480 0.460417 1
Pkt 148 320 0.4625 1
Node 50 44 6
Pkt 345 750 0.46 1
Pkt 368 800 0.46 1
Node 33 26 29.4109
Pkt 111 240 0.4625 1
Pkt 46 100 0.46 1
Node 44 55 7.81025
Pkt 148 320 0.4625 1
Pkt 221 480 0.460417 1
Rate:923
==========
==========59
5 0 2 24000
Node 52 73 23.0868
Pkt 56 120 0.466667 1
Pkt 74 160 0.4625 1
Node 51 46 4.12311
Pkt 221 480 0.460417 1
Pkt 173 375 0.461333 1
Node 56 40 11.6619
Pkt 345 750 0.46 1
Pkt 345 750 0.46 1
Node 30 71 29
Pkt 111 240 0.4625 1
Pkt 74 160 0.4625 1
Node 57 68 19.3132
Pkt 138 300 0.46 1
Pkt 173 375 0.461333 1
Rate:923.45
==========
==========60
5 0 2 24000
Node 25 31 31.4006
Pkt 69 150 0.46 1
Pkt 58 125 0.464 1
Node 36 73 26.9258
Pkt 173 375 0.461333 1
Pkt 184 400 0.46 1
Node 73 49 23.0217
Pkt 345 750 0.46 1
Pkt 368 800 0.46 1
Node 39 53 11.4018
Pkt 56 120 0.466667 1
Pkt 74 160 0.4625 1
Node 32 46 18.4391
Pkt 148 320 0.4625 1
Pkt 148 320 0.4625 1
Rate:923.9
==========
==========61
5 0 2 24000
Node 42 67 18.7883
Pkt 111 240 0.4625 1
Pkt 115 250 0.46 1
Node 32 71 27.6586
Pkt 138 300 0.46 1
Pkt 173 375 0.461333 1
Node 67 30 26.2488
Pkt 345 750 0.46 1
Pkt 345 750 0.46 1
Node 51 37 13.0384
Pkt 56 120 0.466667 1
Pkt 115 250 0.46 1
Node 57 36 15.6525
Pkt 138 300 0.46 1
Pkt 221 480 0.460417 1
Rate:922.183
==========
==========62
5 0 2 24000
Node 47 28 22.2036
Pkt 92 200 0.46 1
Pkt 46 100 0.46 1
Node 38 62 16.9706
Pkt 184 400 0.46 1
Pkt 184 400 0.46 1
Node 43 28 23.0868
Pkt 368 800 0.46 1
Pkt 345 750 0.46 1
Node 31 41 21.0238
Pkt 111 240 0.4625 1
Pkt 111 240 0.4625 1
Node 67 62 20.8087
Pkt 184 400 0.46 1
Pkt 173 375 0.461333 1
Rate:921.267
==========
==========63
5 0 2 24000
Node 42 39 13.6015
Pkt 69 150 0.46 1
Pkt 58 125 0.464 1
Node 43 44 9.21954
Pkt 148 320 0.4625 1
Pkt 148 320 0.4625 1
Node 52 62 12.1655
Pkt 345 750 0.46 1
Pkt 345 750 0.46 1
Node 46 62 12.6491
Pkt 92 200 0.46 1
Pkt 111 240 0.4625 1
Node 47 63 13.3417
Pkt 221 480 0.460417 1
Pkt 138 300 0.46 1
Rate:922.383
==========
==========64
5 0 2 24000
Node 63 29 24.6982
Pkt 46 100 0.46 1
Pkt 89 192 0.463542 1
Node 43 29 22.1359
Pkt 148 320 0.4625 1
Pkt 173 375 0.461333 1
Node 58 67 18.7883
Pkt 345 750 0.46 1
Pkt 345 750 0.46 1
Node 37 72 25.5539
Pkt 89 192 0.463542 1
Pkt 115 250 0.46 1
Node 41 61 14.2127
Pkt 138 300 0.46 1
Pkt 184 400 0.46 1
Rate:922.183
==========
==========65
5 0 2 24000
Node 31 67 25.4951
Pkt 111 240 0.4625 1
Pkt 56 120 0.466667 1
Node 26 33 29.4109
Pkt 173 375 0.461333 1
Pkt 221 480 0.460417 1
Node 38 41 15
Pkt 345 750 0.46 1
Pkt 345 750 0.46 1
Node 37 46 13.6015
Pkt 56 120 0.466667 1
Pkt 58 125 0.464 1
Node 59 63 15.8114
Pkt 148 320 0.4625 1
Pkt 184 400 0.46 1
Rate:924.817
==========
==========66
5 0 2 24000
Node 43 60 12.2066
Pkt 92 200 0.46 1
Pkt 115 250 0.46 1
Node 26 70 31.241
Pkt 148 320 0.4625 1
Pkt 173 375 0.461333 1
Node 44 74 24.7386
Pkt 345 750 0.46 1
Pkt 345 750 0.46 1
Node 35 37 19.8494
Pkt 74 160 0.4625 1
Pkt 115 250 0.46 1
Node 48 62 12.1655
Pkt 148 320 0.4625 1
Pkt 221 480 0.460417 1
Rate:921.85
==========
==========67
5 0 2 24000
Node 28 36 26.0768
Pkt 92 200 0.46 1
Pkt 56 120 0.466667 1
Node 45 27 23.5372
Pkt 148 320 0.4625 1
Pkt 173 375 0.461333 1
Node 29 33 27.0185
Pkt 345 750 0.46 1
Pkt 368 800 0.46 1
Node 27 30 30.4795
Pkt 111 240 0.4625 1
Pkt 69 150 0.46 1
Node 51 73 23.0217
Pkt 138 300 0.46 1
Pkt 184 400 0.46 1
Rate:922.6
==========
==========68
5 0 2 24000
Node 29 55 21.587
Pkt 56 120 0.466667 1
Pkt 46 100 0.46 1
Node 68 37 22.2036
Pkt 221 480 0.460417 1
Pkt 148 320 0.4625 1
Node 47 35 15.2971
Pkt 345 750 0.46 1
Pkt 345 750 0.46 1
Node 34 62 20
Pkt 115 250 0.46 1
Pkt 69 150 0.46 1
Node 67 57 18.3848
Pkt 138 300 0.46 1
Pkt 184 400 0.46 1
Rate:921.917
==========
==========69
5 0 2 24000
Node 37 72 25.5539
Pkt 115 250 0.46 1
Pkt 74 160 0.4625 1
Node 38 42 14.4222
Pkt 184 400 0.46 1
Pkt 173 375 0.461333 1
Node 42 53 8.544
Pkt 345 750 0.46 1
Pkt 368 800 0.46 1
Node 49 46 4.12311
Pkt 58 125 0.464 1
Pkt 111 240 0.4625 1
Node 49 42 8.06226
Pkt 173 375 0.461333 1
Pkt 138 300 0.46 1
Rate:922.333
==========
==========70
5 0 2 24000
Node 70 54 20.3961
Pkt 111 240 0.4625 1
Pkt 111 240 0.4625 1
Node 57 71 22.1359
Pkt 184 400 0.46 1
Pkt 148 320 0.4625 1
Node 37 64 19.105
Pkt 368 800 0.46 1
Pkt 368 800 0.46 1
Node 33 48 17.1172
Pkt 115 250 0.46 1
Pkt 46 100 0.46 1
Node 30 29 29
Pkt 221 480 0.460417 1
Pkt 184 400 0.46 1
Rate:921.583
==========
==========71
5 0 2 24000
Node 53 41 9.48683
Pkt 58 125 0.464 1
Pkt 58 125 0.464 1
Node 50 28 22
Pkt 148 320 0.4625 1
Pkt 173 375 0.461333 1
Node 68 28 28.4253
Pkt 345 750 0.46 1
Pkt 345 750 0.46 1
Node 56 35 16.1555
Pkt 111 240 0.4625 1
Pkt 115 250 0.46 1
Node 60 31 21.4709
Pkt 184 400 0.46 1
Pkt 148 320 0.4625 1
Rate:923.367
==========
==========72
5 0 2 24000
Node 64 60 17.2047
Pkt 74 160 0.4625 1
Pkt 115 250 0.46 1
Node 70 67 26.2488
Pkt 184 400 0.46 1
Pkt 221 480 0.460417 1
Node 51 30 20.025
Pkt 345 750 0.46 1
Pkt 368 800 0.46 1
Node 62 71 24.1868
Pkt 46 100 0.46 1
Pkt 89 192 0.463542 1
Node 67 71 27.0185
Pkt 221 480 0.460417 1
Pkt 148 320 0.4625 1
Rate:921.875
==========
==========73
5 0 2 24000
Node 28 33 27.8029
Pkt 89 192 0.463542 1
Pkt 74 160 0.4625 1
Node 59 27 24.6982
Pkt 138 300 0.46 1
Pkt 148 320 0.4625 1
Node 44 41 10.8167
Pkt 368 800 0.46 1
Pkt 368 800 0.46 1
Node 52 33 17.1172
Pkt 56 120 0.466667 1
Pkt 58 125 0.464 1
Node 45 44 7.81025
Pkt 184 400 0.46 1
Pkt 138 300 0.46 1
Rate:923.842
==========
==========74
5 0 2 24000
Node 39 43 13.0384
Pkt 92 200 0.46 1
Pkt 46 100 0.46 1
Node 55 56 7.81025
Pkt 173 375 0.461333 1
Pkt 148 320 0.4625 1
Node 45 45 7.07107
Pkt 345 750 0.46 1
Pkt 345 750 0.46 1
Node 52 27 23.0868
Pkt 56 120 0.466667 1
Pkt 111 240 0.4625 1
Node 30 55 20.6155
Pkt 173 375 0.461333 1
Pkt 148 320 0.4625 1
Rate:923.367
==========
==========75
5 0 2 24000
Node 58 60 12.8062
Pkt 58 125 0.464 1
Pkt 69 150 0.46 1
Node 38 60 15.6205
Pkt 184 400 0.46 1
Pkt 148 320 0.4625 1
Node 49 35 15.0333
Pkt 345 750 0.46 1
Pkt 368 800 0.46 1
Node 69 34 24.8395
Pkt 92 200 0.46 1
Pkt 56 120 0.466667 1
Node 40 45 11.1803
Pkt 173 375 0.461333 1
Pkt 221 480 0.460417 1
Rate:922.983
==========
==========76
5 0 2 24000
Node 66 71 26.4008
Pkt 115 250 0.46 1
Pkt 115 250 0.46 1
Node 28 70 29.7321
Pkt 148 320 0.4625 1
Pkt 138 300 0.46 1
Node 56 41 10.8167
Pkt 345 750 0.46 1
Pkt 368 800 0.46 1
Node 58 74 25.2982
Pkt 74 160 0.4625 1
Pkt 56 120 0.466667 1
Node 37 67 21.4009
Pkt 138 300 0.46 1
Pkt 184 400 0.46 1
Rate:922.333
==========
==========77
5 0 2 24000
Node 52 40 10.198
Pkt 58 125 0.464 1
Pkt 58 125 0.464 1
Node 64 57 15.6525
Pkt 148 320 0.4625 1
Pkt 221 480 0.460417 1
Node 37 41 15.8114
Pkt 345 750 0.46 1
Pkt 345 750 0.46 1
Node 59 58 12.0416
Pkt 56 120 0.466667 1
Pkt 92 200 0.46 1
Node 43 38 13.8924
Pkt 138 300 0.46 1
Pkt 148 320 0.4625 1
Rate:924.017
==========
==========78
5 0 2 24000
Node 53 31 19.2354
Pkt 89 192 0.463542 1
Pkt 92 200 0.46 1
Node 32 47 18.2483
Pkt 173 375 0.461333 1
Pkt 148 320 0.4625 1
Node 64 45 14.8661
Pkt 368 800 0.46 1
Pkt 368 800 0.46 1
Node 44 68 18.9737
Pkt 111 240 0.4625 1
Pkt 115 250 0.46 1
Node 66 36 21.2603
Pkt 221 480 0.460417 1
Pkt 148 320 0.4625 1
Rate:922.558
==========
==========79
5 0 2 24000
Node 62 25 27.7308
Pkt 69 150 0.46 1
Pkt 46 100 0.46 1
Node 25 43 25.9615
Pkt 138 300 0.46 1
Pkt 138 300 0.46 1
Node 52 64 14.1421
Pkt 345 750 0.46 1
Pkt 345 750 0.46 1
Node 50 36 14
Pkt 111 240 0.4625 1
Pkt 56 120 0.466667 1
Node 61 25 27.313
Pkt 221 480 0.460417 1
Pkt 184 400 0.46 1
Rate:921.917
==========
==========80
5 0 2 24000
Node 64 43 15.6525
Pkt 115 250 0.46 1
Pkt 69 150 0.46 1
Node 72 37 25.5539
Pkt 173 375 0.461333 1
Pkt 138 300 0.46 1
Node 73 27 32.5269
Pkt 345 750 0.46 1
Pkt 345 750 0.46 1
Node 61 31 21.9545
Pkt 115 250 0.46 1
Pkt 74 160 0.4625 1
Node 34 39 19.4165
Pkt 184 400 0.46 1
Pkt 148 320 0.4625 1
Rate:921.267
==========
==========81
5 0 2 24000
Node 70 35 25
Pkt 89 192 0.463542 1
Pkt 111 240 0.4625 1
Node 42 35 17
Pkt 221 480 0.460417 1
Pkt 138 300 0.46 1
Node 61 27 25.4951
Pkt 345 750 0.46 1
Pkt 345 750 0.46 1
Node 50 68 18
Pkt 89 192 0.463542 1
Pkt 56 120 0.466667 1
Node 55 33 17.72
Pkt 184 400 0.46 1
Pkt 148 320 0.4625 1
Rate:923.833
==========
==========82
5 0 2 24000
Node 52 66 16.1245
Pkt 92 200 0.46 1
Pkt 69 150 0.46 1
Node 72 45 22.561
Pkt 221 480 0.460417 1
Pkt 221 480 0.460417 1
Node 40 29 23.2594
Pkt 345 750 0.46 1
Pkt 345 750 0.46 1
Node 61 38 16.2788
Pkt 58 125 0.464 1
Pkt 46 100 0.46 1
Node 60 32 20.5913
Pkt 173 375 0.461333 1
Pkt 184 400 0.46 1
Rate:921.233
==========
==========83
5 0 2 24000
Node 62 37 17.6918
Pkt 74 160 0.4625 1
Pkt 89 192 0.463542 1
Node 47 44 6.7082
Pkt 173 375 0.461333 1
Pkt 184 400 0.46 1
Node 37 59 15.8114
Pkt 368 800 0.46 1
Pkt 368 800 0.46 1
Node 35 59 17.4929
Pkt 58 125 0.464 1
Pkt 58 125 0.464 1
Node 57 33 18.3848
Pkt 173 375 0.461333 1
Pkt 184 400 0.46 1
Rate:923.342
==========
==========84
5 0 2 24000
Node 69 74 30.6105
Pkt 89 192 0.463542 1
Pkt 74 160 0.4625 1
Node 72 38 25.0599
Pkt 173 375 0.461333 1
Pkt 184 400 0.46 1
Node 57 62 13.8924
Pkt 368 800 0.46 1
Pkt 345 750 0.46 1
Node 67 38 20.8087
Pkt 115 250 0.46 1
Pkt 46 100 0.46 1
Node 70 47 20.2237
Pkt 184 400 0.46 1
Pkt 221 480 0.460417 1
Rate:921.558
==========
==========85
5 0 2 24000
Node 41 42 12.0416
Pkt 58 125 0.464 1
Pkt 111 240 0.4625 1
Node 42 29 22.4722
Pkt 173 375 0.461333 1
Pkt 173 375 0.461333 1
Node 71 62 24.1868
Pkt 368 800 0.46 1
Pkt 368 800 0.46 1
Node 34 35 21.9317
Pkt 58 125 0.464 1
Pkt 89 192 0.463542 1
Node 39 53 11.4018
Pkt 138 300 0.46 1
Pkt 173 375 0.461333 1
Rate:923.608
==========
==========86
5 0 2 24000
Node 30 35 25
Pkt 92 200 0.46 1
Pkt 56 120 0.466667 1
Node 48 48 2.82843
Pkt 184 400 0.46 1
Pkt 221 480 0.460417 1
Node 71 67 27.0185
Pkt 368 800 0.46 1
Pkt 345 750 0.46 1
Node 27 40 25.0799
Pkt 111 240 0.4625 1
Pkt 56 120 0.466667 1
Node 59 25 26.5707
Pkt 221 480 0.460417 1
Pkt 221 480 0.460417 1
Rate:923.417
==========
==========87
5 0 2 24000
Node 70 46 20.3961
Pkt 111 240 0.4625 1
Pkt 92 200 0.46 1
Node 38 25 27.7308
Pkt 138 300 0.46 1
Pkt 148 320 0.4625 1
Node 67 51 17.0294
Pkt 368 800 0.46 1
Pkt 368 800 0.46 1
Node 30 43 21.1896
Pkt 89 192 0.463542 1
Pkt 46 100 0.46 1
Node 72 62 25.0599
Pkt 173 375 0.461333 1
Pkt 138 300 0.46 1
Rate:921.975
==========
==========88
5 0 2 24000
Node 62 70 23.3238
Pkt 89 192 0.463542 1
Pkt 89 192 0.463542 1
Node 36 50 14
Pkt 184 400 0.46 1
Pkt 173 375 0.461333 1
Node 70 57 21.1896
Pkt 345 750 0.46 1
Pkt 345 750 0.46 1
Node 63 60 16.4012
Pkt 89 192 0.463542 1
Pkt 74 160 0.4625 1
Node 51 25 25.02
Pkt 184 400 0.46 1
Pkt 148 320 0.4625 1
Rate:923.392
==========
==========89
5 0 2 24000
Node 44 44 8.48528
Pkt 56 120 0.466667 1
Pkt 46 100 0.46 1
Node 35 62 19.2094
Pkt 173 375 0.461333 1
Pkt 148 320 0.4625 1
Node 70 34 25.6125
Pkt 368 800 0.46 1
Pkt 368 800 0.46 1
Node 72 65 26.6271
Pkt 89 192 0.463542 1
Pkt 46 100 0.46 1
Node 33 30 26.2488
Pkt 138 300 0.46 1
Pkt 173 375 0.461333 1
Rate:923.075
==========
==========90
5 0 2 24000
Node 51 55 5.09902
Pkt 89 192 0.463542 1
Pkt 92 200 0.46 1
Node 26 54 24.3311
Pkt 173 375 0.461333 1
Pkt 173 375 0.461333 1
Node 33 67 24.0416
Pkt 345 750 0.46 1
Pkt 345 750 0.46 1
Node 34 35 21.9317
Pkt 111 240 0.4625 1
Pkt 58 125 0.464 1
Node 40 60 14.1421
Pkt 184 400 0.46 1
Pkt 221 480 0.460417 1
Rate:922.625
==========
==========91
5 0 2 24000
Node 56 32 18.9737
Pkt 92 200 0.46 1
Pkt 92 200 0.46 1
Node 40 61 14.8661
Pkt 173 375 0.461333 1
Pkt 184 400 0.46 1
Node 28 54 22.3607
Pkt 368 800 0.46 1
Pkt 368 800 0.46 1
Node 59 34 18.3576
Pkt 111 240 0.4625 1
Pkt 56 120 0.466667 1
Node 42 48 8.24621
Pkt 184 400 0.46 1
Pkt 221 480 0.460417 1
Rate:922.183
==========
==========92
5 0 2 24000
Node 60 42 12.8062
Pkt 69 150 0.46 1
Pkt 46 100 0.46 1
Node 58 68 19.6977
Pkt 184 400 0.46 1
Pkt 221 480 0.460417 1
Node 25 25 35.3553
Pkt 368 800 0.46 1
Pkt 368 800 0.46 1
Node 49 69 19.0263
Pkt 74 160 0.4625 1
Pkt 89 192 0.463542 1
Node 71 44 21.8403
Pkt 148 320 0.4625 1
Pkt 138 300 0.46 1
Rate:921.792
==========
==========93
5 0 2 24000
Node 73 71 31.1448
Pkt 46 100 0.46 1
Pkt 89 192 0.463542 1
Node 69 70 27.5862
Pkt 173 375 0.461333 1
Pkt 184 400 0.46 1
Node 39 56 12.53
Pkt 345 750 0.46 1
Pkt 345 750 0.46 1
Node 47 31 19.2354
Pkt 56 120 0.466667 1
Pkt 56 120 0.466667 1
Node 33 71 27.0185
Pkt 148 320 0.4625 1
Pkt 173 375 0.461333 1
Rate:924.408
==========
==========94
5 0 2 24000
Node 70 42 21.5407
Pkt 58 125 0.464 1
Pkt 46 100 0.46 1
Node 65 68 23.4307
Pkt 138 300 0.46 1
Pkt 148 320 0.4625 1
Node 30 31 27.5862
Pkt 345 750 0.46 1
Pkt 368 800 0.46 1
Node 47 67 17.2627
Pkt 69 150 0.46 1
Pkt 56 120 0.466667 1
Node 41 31 21.0238
Pkt 221 480 0.460417 1
Pkt 184 400 0.46 1
Rate:922.717
==========
==========95
5 0 2 24000
Node 26 54 24.3311
Pkt 69 150 0.46 1
Pkt 69 150 0.46 1
Node 56 54 7.2111
Pkt 148 320 0.4625 1
Pkt 173 375 0.461333 1
Node 43 33 18.3848
Pkt 368 800 0.46 1
Pkt 368 800 0.46 1
Node 60 46 10.7703
Pkt 46 100 0.46 1
Pkt 89 192 0.463542 1
Node 71 66 26.4008
Pkt 184 400 0.46 1
Pkt 221 480 0.460417 1
Rate:921.558
==========
==========96
5 0 2 24000
Node 26 32 30
Pkt 115 250 0.46 1
Pkt 89 192 0.463542 1
Node 28 39 24.5967
Pkt 184 400 0.46 1
Pkt 221 480 0.460417 1
Node 33 36 22.0227
Pkt 345 750 0.46 1
Pkt 368 800 0.46 1
Node 39 60 14.8661
Pkt 92 200 0.46 1
Pkt 115 250 0.46 1
Node 35 73 27.4591
Pkt 138 300 0.46 1
Pkt 184 400 0.46 1
Rate:920.792
==========
==========97
5 0 2 24000
Node 47 47 4.24264
Pkt 92 200 0.46 1
Pkt 69 150 0.46 1
Node 41 31 21.0238
Pkt 148 320 0.4625 1
Pkt 184 400 0.46 1
Node 58 66 17.8885
Pkt 368 800 0.46 1
Pkt 345 750 0.46 1
Node 61 39 15.5563
Pkt 74 160 0.4625 1
Pkt 111 240 0.4625 1
Node 66 53 16.2788
Pkt 173 375 0.461333 1
Pkt 148 320 0.4625 1
Rate:922.267
==========
==========98
5 0 2 24000
Node 36 59 16.6433
Pkt 111 240 0.4625 1
Pkt 74 160 0.4625 1
Node 37 31 23.0217
Pkt 138 300 0.46 1
Pkt 148 320 0.4625 1
Node 43 37 14.7648
Pkt 345 750 0.46 1
Pkt 345 750 0.46 1
Node 40 31 21.4709
Pkt 89 192 0.463542 1
Pkt 56 120 0.466667 1
Node 33 60 19.7231
Pkt 221 480 0.460417 1
Pkt 173 375 0.461333 1
Rate:923.892
==========
==========99
