5 0 2 24000
Node 44 63 14.3178
Pkt 38 125 0.304 1
Pkt 30 100 0.3 1
Node 51 51 1.41421
Pkt 90 300 0.3 1
Pkt 113 375 0.301333 1
Node 72 72 31.1127
Pkt 240 800 0.3 1
Pkt 240 800 0.3 1
Node 59 50 9
Pkt 72 240 0.3 1
Pkt 45 150 0.3 1
Node 36 36 19.799
Pkt 113 375 0.301333 1
Pkt 144 480 0.3 1
Rate:601.333
==========
==========0
5 0 2 24000
Node 34 71 26.4008
Pkt 60 200 0.3 1
Pkt 36 120 0.3 1
Node 30 26 31.241
Pkt 113 375 0.301333 1
Pkt 144 480 0.3 1
Node 73 36 26.9258
Pkt 240 800 0.3 1
Pkt 240 800 0.3 1
Node 39 36 17.8045
Pkt 45 150 0.3 1
Pkt 30 100 0.3 1
Node 55 34 16.7631
Pkt 90 300 0.3 1
Pkt 90 300 0.3 1
Rate:600.267
==========
==========1
5 0 2 24000
Node 49 52 2.23607
Pkt 30 100 0.3 1
Pkt 48 160 0.3 1
Node 68 48 18.1108
Pkt 113 375 0.301333 1
Pkt 144 480 0.3 1
Node 36 62 18.4391
Pkt 225 750 0.3 1
Pkt 225 750 0.3 1
Node 49 55 5.09902
Pkt 72 240 0.3 1
Pkt 38 125 0.304 1
Node 40 32 20.5913
Pkt 90 300 0.3 1
Pkt 113 375 0.301333 1
Rate:601.333
==========
==========2
5 0 2 24000
Node 43 61 13.0384
Pkt 45 150 0.3 1
Pkt 45 150 0.3 1
Node 65 33 22.6716
Pkt 113 375 0.301333 1
Pkt 144 480 0.3 1
Node 30 32 26.9072
Pkt 240 800 0.3 1
Pkt 240 800 0.3 1
Node 67 52 17.1172
Pkt 72 240 0.3 1
Pkt 75 250 0.3 1
Node 66 38 20
Pkt 144 480 0.3 1
Pkt 90 300 0.3 1
Rate:600.267
==========
==========3
5 0 2 24000
Node 60 38 15.6205
Pkt 30 100 0.3 1
Pkt 72 240 0.3 1
Node 68 55 18.6815
Pkt 90 300 0.3 1
Pkt 90 300 0.3 1
Node 46 72 22.3607
Pkt 240 800 0.3 1
Pkt 225 750 0.3 1
Node 64 26 27.7849
Pkt 36 120 0.3 1
Pkt 75 250 0.3 1
Node 29 46 21.3776
Pkt 96 320 0.3 1
Pkt 90 300 0.3 1
Rate:600
==========
==========4
5 0 2 24000
Node 64 72 26.0768
Pkt 48 160 0.3 1
Pkt 60 200 0.3 1
Node 59 37 15.8114
Pkt 113 375 0.301333 1
Pkt 96 320 0.3 1
Node 60 26 26
Pkt 240 800 0.3 1
Pkt 240 800 0.3 1
Node 47 68 18.2483
Pkt 45 150 0.3 1
Pkt 36 120 0.3 1
Node 63 42 15.2643
Pkt 96 320 0.3 1
Pkt 113 375 0.301333 1
Rate:600.533
==========
==========5
5 0 2 24000
Node 67 44 18.0278
Pkt 38 125 0.304 1
Pkt 30 100 0.3 1
Node 67 33 24.0416
Pkt 113 375 0.301333 1
Pkt 144 480 0.3 1
Node 72 62 25.0599
Pkt 225 750 0.3 1
Pkt 225 750 0.3 1
Node 71 33 27.0185
Pkt 38 125 0.304 1
Pkt 48 160 0.3 1
Node 30 64 24.4131
Pkt 120 400 0.3 1
Pkt 90 300 0.3 1
Rate:601.867
==========
==========6
5 0 2 24000
Node 37 69 23.0217
Pkt 72 240 0.3 1
Pkt 38 125 0.304 1
Node 64 27 26.9258
Pkt 96 320 0.3 1
Pkt 144 480 0.3 1
Node 40 59 13.4536
Pkt 225 750 0.3 1
Pkt 240 800 0.3 1
Node 44 52 6.32456
Pkt 36 120 0.3 1
Pkt 48 160 0.3 1
Node 38 28 25.0599
Pkt 120 400 0.3 1
Pkt 144 480 0.3 1
Rate:600.8
==========
==========7
5 0 2 24000
Node 32 54 18.4391
Pkt 58 192 0.302083 1
Pkt 60 200 0.3 1
Node 35 34 21.9317
Pkt 113 375 0.301333 1
Pkt 120 400 0.3 1
Node 31 72 29.0689
Pkt 240 800 0.3 1
Pkt 225 750 0.3 1
Node 25 42 26.2488
Pkt 45 150 0.3 1
Pkt 48 160 0.3 1
Node 58 39 13.6015
Pkt 96 320 0.3 1
Pkt 113 375 0.301333 1
Rate:600.95
==========
==========8
5 0 2 24000
Node 37 41 15.8114
Pkt 45 150 0.3 1
Pkt 36 120 0.3 1
Node 56 53 6.7082
Pkt 96 320 0.3 1
Pkt 120 400 0.3 1
Node 73 43 24.0416
Pkt 225 750 0.3 1
Pkt 240 800 0.3 1
Node 58 31 20.6155
Pkt 38 125 0.304 1
Pkt 60 200 0.3 1
Node 43 27 24.0416
Pkt 144 480 0.3 1
Pkt 96 320 0.3 1
Rate:600.8
==========
==========9
5 0 2 24000
Node 41 55 10.2956
Pkt 45 150 0.3 1
Pkt 38 125 0.304 1
Node 45 58 9.43398
Pkt 144 480 0.3 1
Pkt 90 300 0.3 1
Node 72 60 24.1661
Pkt 225 750 0.3 1
Pkt 225 750 0.3 1
Node 61 58 13.6015
Pkt 38 125 0.304 1
Pkt 75 250 0.3 1
Node 72 41 23.7697
Pkt 90 300 0.3 1
Pkt 90 300 0.3 1
Rate:601.6
==========
==========10
5 0 2 24000
Node 70 27 30.4795
Pkt 38 125 0.304 1
Pkt 45 150 0.3 1
Node 55 38 13
Pkt 120 400 0.3 1
Pkt 113 375 0.301333 1
Node 31 37 23.0217
Pkt 240 800 0.3 1
Pkt 225 750 0.3 1
Node 65 57 16.5529
Pkt 48 160 0.3 1
Pkt 75 250 0.3 1
Node 52 36 14.1421
Pkt 90 300 0.3 1
Pkt 113 375 0.301333 1
Rate:601.333
==========
==========11
5 0 2 24000
Node 38 71 24.1868
Pkt 58 192 0.302083 1
Pkt 72 240 0.3 1
Node 67 74 29.4109
Pkt 90 300 0.3 1
Pkt 90 300 0.3 1
Node 45 41 10.2956
Pkt 225 750 0.3 1
Pkt 240 800 0.3 1
Node 34 44 17.088
Pkt 36 120 0.3 1
Pkt 75 250 0.3 1
Node 37 42 15.2643
Pkt 144 480 0.3 1
Pkt 113 375 0.301333 1
Rate:600.683
==========
==========12
5 0 2 24000
Node 58 69 20.6155
Pkt 72 240 0.3 1
Pkt 36 120 0.3 1
Node 28 28 31.1127
Pkt 113 375 0.301333 1
Pkt 144 480 0.3 1
Node 49 34 16.0312
Pkt 240 800 0.3 1
Pkt 225 750 0.3 1
Node 61 57 13.0384
Pkt 38 125 0.304 1
Pkt 38 125 0.304 1
Node 46 33 17.4642
Pkt 90 300 0.3 1
Pkt 96 320 0.3 1
Rate:601.867
==========
==========13
5 0 2 24000
Node 30 74 31.241
Pkt 48 160 0.3 1
Pkt 48 160 0.3 1
Node 36 39 17.8045
Pkt 113 375 0.301333 1
Pkt 96 320 0.3 1
Node 43 33 18.3848
Pkt 225 750 0.3 1
Pkt 240 800 0.3 1
Node 43 28 23.0868
Pkt 30 100 0.3 1
Pkt 48 160 0.3 1
Node 62 31 22.4722
Pkt 113 375 0.301333 1
Pkt 120 400 0.3 1
Rate:600.533
==========
==========14
5 0 2 24000
Node 70 36 24.4131
Pkt 58 192 0.302083 1
Pkt 48 160 0.3 1
Node 32 28 28.4253
Pkt 96 320 0.3 1
Pkt 144 480 0.3 1
Node 40 30 22.3607
Pkt 240 800 0.3 1
Pkt 225 750 0.3 1
Node 43 63 14.7648
Pkt 36 120 0.3 1
Pkt 38 125 0.304 1
Node 70 63 23.8537
Pkt 120 400 0.3 1
Pkt 120 400 0.3 1
Rate:601.217
==========
==========15
5 0 2 24000
Node 72 68 28.4253
Pkt 75 250 0.3 1
Pkt 72 240 0.3 1
Node 50 63 13
Pkt 113 375 0.301333 1
Pkt 144 480 0.3 1
Node 58 71 22.4722
Pkt 240 800 0.3 1
Pkt 240 800 0.3 1
Node 27 47 23.1948
Pkt 30 100 0.3 1
Pkt 72 240 0.3 1
Node 65 53 15.2971
Pkt 144 480 0.3 1
Pkt 113 375 0.301333 1
Rate:600.533
==========
==========16
5 0 2 24000
Node 29 35 25.807
Pkt 75 250 0.3 1
Pkt 36 120 0.3 1
Node 33 38 20.8087
Pkt 120 400 0.3 1
Pkt 120 400 0.3 1
Node 65 40 18.0278
Pkt 225 750 0.3 1
Pkt 225 750 0.3 1
Node 52 25 25.0799
Pkt 36 120 0.3 1
Pkt 60 200 0.3 1
Node 44 65 16.1555
Pkt 144 480 0.3 1
Pkt 144 480 0.3 1
Rate:600
==========
==========17
5 0 2 24000
Node 70 55 20.6155
Pkt 72 240 0.3 1
Pkt 45 150 0.3 1
Node 63 60 16.4012
Pkt 96 320 0.3 1
Pkt 96 320 0.3 1
Node 27 51 23.0217
Pkt 240 800 0.3 1
Pkt 240 800 0.3 1
Node 50 73 23
Pkt 45 150 0.3 1
Pkt 45 150 0.3 1
Node 45 27 23.5372
Pkt 90 300 0.3 1
Pkt 113 375 0.301333 1
Rate:600.267
==========
==========18
5 0 2 24000
Node 48 34 16.1245
Pkt 58 192 0.302083 1
Pkt 72 240 0.3 1
Node 45 43 8.60233
Pkt 96 320 0.3 1
Pkt 90 300 0.3 1
Node 49 25 25.02
Pkt 225 750 0.3 1
Pkt 225 750 0.3 1
Node 52 58 8.24621
Pkt 38 125 0.304 1
Pkt 45 150 0.3 1
Node 46 54 5.65685
Pkt 120 400 0.3 1
Pkt 113 375 0.301333 1
Rate:601.483
==========
==========19
5 0 2 24000
Node 48 70 20.0998
Pkt 38 125 0.304 1
Pkt 48 160 0.3 1
Node 61 69 21.9545
Pkt 144 480 0.3 1
Pkt 90 300 0.3 1
Node 53 25 25.1794
Pkt 240 800 0.3 1
Pkt 240 800 0.3 1
Node 30 69 27.5862
Pkt 75 250 0.3 1
Pkt 38 125 0.304 1
Node 50 62 12
Pkt 120 400 0.3 1
Pkt 96 320 0.3 1
Rate:601.6
==========
==========20
5 0 2 24000
Node 28 51 22.0227
Pkt 30 100 0.3 1
Pkt 75 250 0.3 1
Node 74 30 31.241
Pkt 96 320 0.3 1
Pkt 96 320 0.3 1
Node 57 40 12.2066
Pkt 240 800 0.3 1
Pkt 240 800 0.3 1
Node 46 25 25.318
Pkt 60 200 0.3 1
Pkt 36 120 0.3 1
Node 44 66 17.088
Pkt 96 320 0.3 1
Pkt 113 375 0.301333 1
Rate:600.267
==========
==========21
5 0 2 24000
Node 35 49 15.0333
Pkt 38 125 0.304 1
Pkt 38 125 0.304 1
Node 71 41 22.8473
Pkt 120 400 0.3 1
Pkt 90 300 0.3 1
Node 58 61 13.6015
Pkt 225 750 0.3 1
Pkt 225 750 0.3 1
Node 49 29 21.0238
Pkt 72 240 0.3 1
Pkt 72 240 0.3 1
Node 29 30 29
Pkt 96 320 0.3 1
Pkt 144 480 0.3 1
Rate:601.6
==========
==========22
5 0 2 24000
Node 41 34 18.3576
Pkt 60 200 0.3 1
Pkt 38 125 0.304 1
Node 65 57 16.5529
Pkt 120 400 0.3 1
Pkt 113 375 0.301333 1
Node 38 61 16.2788
Pkt 225 750 0.3 1
Pkt 225 750 0.3 1
Node 30 46 20.3961
Pkt 72 240 0.3 1
Pkt 72 240 0.3 1
Node 48 45 5.38516
Pkt 113 375 0.301333 1
Pkt 90 300 0.3 1
Rate:601.333
==========
==========23
5 0 2 24000
Node 34 46 16.4924
Pkt 30 100 0.3 1
Pkt 75 250 0.3 1
Node 36 62 18.4391
Pkt 96 320 0.3 1
Pkt 113 375 0.301333 1
Node 62 31 22.4722
Pkt 240 800 0.3 1
Pkt 225 750 0.3 1
Node 35 52 15.1327
Pkt 30 100 0.3 1
Pkt 72 240 0.3 1
Node 69 61 21.9545
Pkt 90 300 0.3 1
Pkt 113 375 0.301333 1
Rate:600.533
==========
==========24
5 0 2 24000
Node 46 46 5.65685
Pkt 58 192 0.302083 1
Pkt 58 192 0.302083 1
Node 33 71 27.0185
Pkt 90 300 0.3 1
Pkt 120 400 0.3 1
Node 30 72 29.7321
Pkt 240 800 0.3 1
Pkt 225 750 0.3 1
Node 69 34 24.8395
Pkt 38 125 0.304 1
Pkt 30 100 0.3 1
Node 47 25 25.1794
Pkt 113 375 0.301333 1
Pkt 120 400 0.3 1
Rate:601.9
==========
==========25
5 0 2 24000
Node 42 31 20.6155
Pkt 72 240 0.3 1
Pkt 38 125 0.304 1
Node 60 29 23.2594
Pkt 144 480 0.3 1
Pkt 120 400 0.3 1
Node 69 59 21.0238
Pkt 240 800 0.3 1
Pkt 240 800 0.3 1
Node 43 46 8.06226
Pkt 38 125 0.304 1
Pkt 38 125 0.304 1
Node 56 73 23.7697
Pkt 144 480 0.3 1
Pkt 113 375 0.301333 1
Rate:602.667
==========
==========26
5 0 2 24000
Node 40 74 26
Pkt 60 200 0.3 1
Pkt 45 150 0.3 1
Node 61 52 11.1803
Pkt 90 300 0.3 1
Pkt 120 400 0.3 1
Node 54 67 17.4642
Pkt 240 800 0.3 1
Pkt 240 800 0.3 1
Node 30 73 30.4795
Pkt 58 192 0.302083 1
Pkt 38 125 0.304 1
Node 40 25 26.9258
Pkt 90 300 0.3 1
Pkt 96 320 0.3 1
Rate:601.217
==========
==========27
5 0 2 24000
Node 58 26 25.2982
Pkt 36 120 0.3 1
Pkt 36 120 0.3 1
Node 35 50 15
Pkt 96 320 0.3 1
Pkt 96 320 0.3 1
Node 34 43 17.4642
Pkt 240 800 0.3 1
Pkt 240 800 0.3 1
Node 63 46 13.6015
Pkt 45 150 0.3 1
Pkt 75 250 0.3 1
Node 55 54 6.40312
Pkt 90 300 0.3 1
Pkt 113 375 0.301333 1
Rate:600.267
==========
==========28
5 0 2 24000
Node 38 29 24.1868
Pkt 30 100 0.3 1
Pkt 30 100 0.3 1
Node 46 30 20.3961
Pkt 120 400 0.3 1
Pkt 96 320 0.3 1
Node 57 34 17.4642
Pkt 240 800 0.3 1
Pkt 240 800 0.3 1
Node 43 72 23.0868
Pkt 58 192 0.302083 1
Pkt 58 192 0.302083 1
Node 31 41 21.0238
Pkt 120 400 0.3 1
Pkt 96 320 0.3 1
Rate:600.833
==========
==========29
5 0 2 24000
Node 65 46 15.5242
Pkt 38 125 0.304 1
Pkt 38 125 0.304 1
Node 59 30 21.9317
Pkt 90 300 0.3 1
Pkt 144 480 0.3 1
Node 33 41 19.2354
Pkt 225 750 0.3 1
Pkt 225 750 0.3 1
Node 66 71 26.4008
Pkt 75 250 0.3 1
Pkt 75 250 0.3 1
Node 30 29 29
Pkt 96 320 0.3 1
Pkt 144 480 0.3 1
Rate:601.6
==========
==========30
5 0 2 24000
Node 29 57 22.1359
Pkt 72 240 0.3 1
Pkt 38 125 0.304 1
Node 39 38 16.2788
Pkt 96 320 0.3 1
Pkt 90 300 0.3 1
Node 49 31 19.0263
Pkt 225 750 0.3 1
Pkt 240 800 0.3 1
Node 60 37 16.4012
Pkt 75 250 0.3 1
Pkt 30 100 0.3 1
Node 35 30 25
Pkt 120 400 0.3 1
Pkt 96 320 0.3 1
Rate:600.8
==========
==========31
5 0 2 24000
Node 34 28 27.2029
Pkt 60 200 0.3 1
Pkt 45 150 0.3 1
Node 61 28 24.5967
Pkt 120 400 0.3 1
Pkt 120 400 0.3 1
Node 60 69 21.4709
Pkt 240 800 0.3 1
Pkt 240 800 0.3 1
Node 63 31 23.0217
Pkt 72 240 0.3 1
Pkt 30 100 0.3 1
Node 26 41 25.632
Pkt 90 300 0.3 1
Pkt 120 400 0.3 1
Rate:600
==========
==========32
5 0 2 24000
Node 65 52 15.1327
Pkt 36 120 0.3 1
Pkt 30 100 0.3 1
Node 44 25 25.7099
Pkt 144 480 0.3 1
Pkt 90 300 0.3 1
Node 33 39 20.2485
Pkt 225 750 0.3 1
Pkt 240 800 0.3 1
Node 63 53 13.3417
Pkt 48 160 0.3 1
Pkt 72 240 0.3 1
Node 72 64 26.0768
Pkt 120 400 0.3 1
Pkt 96 320 0.3 1
Rate:600
==========
==========33
5 0 2 24000
Node 60 34 18.868
Pkt 48 160 0.3 1
Pkt 36 120 0.3 1
Node 41 50 9
Pkt 144 480 0.3 1
Pkt 120 400 0.3 1
Node 55 33 17.72
Pkt 240 800 0.3 1
Pkt 225 750 0.3 1
Node 26 71 31.8904
Pkt 75 250 0.3 1
Pkt 72 240 0.3 1
Node 42 50 8
Pkt 120 400 0.3 1
Pkt 96 320 0.3 1
Rate:600
==========
==========34
5 0 2 24000
Node 59 38 15
Pkt 58 192 0.302083 1
Pkt 38 125 0.304 1
Node 62 54 12.6491
Pkt 96 320 0.3 1
Pkt 96 320 0.3 1
Node 56 27 23.7697
Pkt 240 800 0.3 1
Pkt 225 750 0.3 1
Node 42 42 11.3137
Pkt 36 120 0.3 1
Pkt 48 160 0.3 1
Node 36 42 16.1245
Pkt 120 400 0.3 1
Pkt 120 400 0.3 1
Rate:601.217
==========
==========35
5 0 2 24000
Node 56 41 10.8167
Pkt 45 150 0.3 1
Pkt 75 250 0.3 1
Node 40 61 14.8661
Pkt 90 300 0.3 1
Pkt 120 400 0.3 1
Node 57 68 19.3132
Pkt 240 800 0.3 1
Pkt 225 750 0.3 1
Node 39 43 13.0384
Pkt 36 120 0.3 1
Pkt 45 150 0.3 1
Node 50 64 14
Pkt 120 400 0.3 1
Pkt 120 400 0.3 1
Rate:600
==========
==========36
5 0 2 24000
Node 48 37 13.1529
Pkt 45 150 0.3 1
Pkt 45 150 0.3 1
Node 36 41 16.6433
Pkt 96 320 0.3 1
Pkt 120 400 0.3 1
Node 58 27 24.3516
Pkt 225 750 0.3 1
Pkt 240 800 0.3 1
Node 26 32 30
Pkt 58 192 0.302083 1
Pkt 48 160 0.3 1
Node 70 67 26.2488
Pkt 120 400 0.3 1
Pkt 113 375 0.301333 1
Rate:600.683
==========
==========37
5 0 2 24000
Node 68 30 26.9072
Pkt 75 250 0.3 1
Pkt 48 160 0.3 1
Node 32 49 18.0278
Pkt 113 375 0.301333 1
Pkt 90 300 0.3 1
Node 29 29 29.6985
Pkt 240 800 0.3 1
Pkt 240 800 0.3 1
Node 39 70 22.8254
Pkt 38 125 0.304 1
Pkt 48 160 0.3 1
Node 58 65 17
Pkt 90 300 0.3 1
Pkt 90 300 0.3 1
Rate:601.067
==========
==========38
5 0 2 24000
Node 43 35 16.5529
Pkt 30 100 0.3 1
Pkt 48 160 0.3 1
Node 30 66 25.6125
Pkt 144 480 0.3 1
Pkt 90 300 0.3 1
Node 53 43 7.61577
Pkt 240 800 0.3 1
Pkt 225 750 0.3 1
Node 53 58 8.544
Pkt 36 120 0.3 1
Pkt 75 250 0.3 1
Node 45 43 8.60233
Pkt 120 400 0.3 1
Pkt 96 320 0.3 1
Rate:600
==========
==========39
5 0 2 24000
Node 53 57 7.61577
Pkt 72 240 0.3 1
Pkt 48 160 0.3 1
Node 33 28 27.8029
Pkt 96 320 0.3 1
Pkt 90 300 0.3 1
Node 72 66 27.2029
Pkt 240 800 0.3 1
Pkt 225 750 0.3 1
Node 67 57 18.3848
Pkt 36 120 0.3 1
Pkt 58 192 0.302083 1
Node 52 49 2.23607
Pkt 113 375 0.301333 1
Pkt 120 400 0.3 1
Rate:600.683
==========
==========40
5 0 2 24000
Node 59 35 17.4929
Pkt 36 120 0.3 1
Pkt 58 192 0.302083 1
Node 66 59 18.3576
Pkt 120 400 0.3 1
Pkt 144 480 0.3 1
Node 42 48 8.24621
Pkt 240 800 0.3 1
Pkt 240 800 0.3 1
Node 68 28 28.4253
Pkt 72 240 0.3 1
Pkt 60 200 0.3 1
Node 65 39 18.6011
Pkt 96 320 0.3 1
Pkt 144 480 0.3 1
Rate:600.417
==========
==========41
5 0 2 24000
Node 57 53 7.61577
Pkt 48 160 0.3 1
Pkt 48 160 0.3 1
Node 34 37 20.6155
Pkt 113 375 0.301333 1
Pkt 144 480 0.3 1
Node 33 44 18.0278
Pkt 240 800 0.3 1
Pkt 240 800 0.3 1
Node 63 38 17.6918
Pkt 72 240 0.3 1
Pkt 30 100 0.3 1
Node 71 51 21.0238
Pkt 144 480 0.3 1
Pkt 96 320 0.3 1
Rate:600.267
==========
==========42
5 0 2 24000
Node 65 54 15.5242
Pkt 36 120 0.3 1
Pkt 75 250 0.3 1
Node 52 62 12.1655
Pkt 144 480 0.3 1
Pkt 120 400 0.3 1
Node 65 64 20.5183
Pkt 240 800 0.3 1
Pkt 225 750 0.3 1
Node 32 59 20.1246
Pkt 60 200 0.3 1
Pkt 58 192 0.302083 1
Node 57 71 22.1359
Pkt 90 300 0.3 1
Pkt 144 480 0.3 1
Rate:600.417
==========
==========43
5 0 2 24000
Node 56 33 18.0278
Pkt 72 240 0.3 1
Pkt 48 160 0.3 1
Node 63 40 16.4012
Pkt 90 300 0.3 1
Pkt 96 320 0.3 1
Node 59 63 15.8114
Pkt 225 750 0.3 1
Pkt 240 800 0.3 1
Node 68 32 25.4558
Pkt 36 120 0.3 1
Pkt 38 125 0.304 1
Node 66 48 16.1245
Pkt 120 400 0.3 1
Pkt 90 300 0.3 1
Rate:600.8
==========
==========44
5 0 2 24000
Node 49 73 23.0217
Pkt 60 200 0.3 1
Pkt 48 160 0.3 1
Node 71 43 22.1359
Pkt 96 320 0.3 1
Pkt 90 300 0.3 1
Node 37 74 27.2947
Pkt 240 800 0.3 1
Pkt 240 800 0.3 1
Node 59 28 23.7697
Pkt 60 200 0.3 1
Pkt 60 200 0.3 1
Node 46 52 4.47214
Pkt 144 480 0.3 1
Pkt 120 400 0.3 1
Rate:600
==========
==========45
5 0 2 24000
Node 54 39 11.7047
Pkt 60 200 0.3 1
Pkt 58 192 0.302083 1
Node 49 70 20.025
Pkt 90 300 0.3 1
Pkt 113 375 0.301333 1
Node 28 57 23.0868
Pkt 240 800 0.3 1
Pkt 225 750 0.3 1
Node 66 40 18.868
Pkt 48 160 0.3 1
Pkt 45 150 0.3 1
Node 36 48 14.1421
Pkt 90 300 0.3 1
Pkt 90 300 0.3 1
Rate:600.683
==========
==========46
5 0 2 24000
Node 39 62 16.2788
Pkt 58 192 0.302083 1
Pkt 72 240 0.3 1
Node 62 63 17.6918
Pkt 90 300 0.3 1
Pkt 113 375 0.301333 1
Node 63 59 15.8114
Pkt 240 800 0.3 1
Pkt 240 800 0.3 1
Node 62 63 17.6918
Pkt 75 250 0.3 1
Pkt 48 160 0.3 1
Node 59 41 12.7279
Pkt 144 480 0.3 1
Pkt 90 300 0.3 1
Rate:600.683
==========
==========47
5 0 2 24000
Node 73 45 23.5372
Pkt 48 160 0.3 1
Pkt 48 160 0.3 1
Node 43 63 14.7648
Pkt 96 320 0.3 1
Pkt 144 480 0.3 1
Node 40 62 15.6205
Pkt 225 750 0.3 1
Pkt 225 750 0.3 1
Node 44 37 14.3178
Pkt 30 100 0.3 1
Pkt 38 125 0.304 1
Node 37 54 13.6015
Pkt 144 480 0.3 1
Pkt 96 320 0.3 1
Rate:600.8
==========
==========48
5 0 2 24000
Node 33 46 17.4642
Pkt 58 192 0.302083 1
Pkt 72 240 0.3 1
Node 73 66 28.0179
Pkt 96 320 0.3 1
Pkt 120 400 0.3 1
Node 48 29 21.095
Pkt 225 750 0.3 1
Pkt 240 800 0.3 1
Node 46 62 12.6491
Pkt 75 250 0.3 1
Pkt 30 100 0.3 1
Node 49 52 2.23607
Pkt 96 320 0.3 1
Pkt 144 480 0.3 1
Rate:600.417
==========
==========49
5 0 2 24000
Node 43 46 8.06226
Pkt 60 200 0.3 1
Pkt 60 200 0.3 1
Node 70 40 22.3607
Pkt 96 320 0.3 1
Pkt 96 320 0.3 1
Node 58 61 13.6015
Pkt 240 800 0.3 1
Pkt 225 750 0.3 1
Node 44 66 17.088
Pkt 38 125 0.304 1
Pkt 60 200 0.3 1
Node 69 25 31.4006
Pkt 90 300 0.3 1
Pkt 90 300 0.3 1
Rate:600.8
==========
==========50
5 0 2 24000
Node 51 40 10.0499
Pkt 30 100 0.3 1
Pkt 45 150 0.3 1
Node 38 65 19.2094
Pkt 96 320 0.3 1
Pkt 120 400 0.3 1
Node 25 56 25.7099
Pkt 225 750 0.3 1
Pkt 240 800 0.3 1
Node 72 70 29.7321
Pkt 72 240 0.3 1
Pkt 36 120 0.3 1
Node 61 33 20.2485
Pkt 96 320 0.3 1
Pkt 120 400 0.3 1
Rate:600
==========
==========51
5 0 2 24000
Node 47 72 22.2036
Pkt 60 200 0.3 1
Pkt 45 150 0.3 1
Node 67 40 19.7231
Pkt 113 375 0.301333 1
Pkt 90 300 0.3 1
Node 35 36 20.5183
Pkt 225 750 0.3 1
Pkt 240 800 0.3 1
Node 42 63 15.2643
Pkt 36 120 0.3 1
Pkt 30 100 0.3 1
Node 69 67 25.4951
Pkt 120 400 0.3 1
Pkt 144 480 0.3 1
Rate:600.267
==========
==========52
5 0 2 24000
Node 50 29 21
Pkt 30 100 0.3 1
Pkt 45 150 0.3 1
Node 35 43 16.5529
Pkt 120 400 0.3 1
Pkt 113 375 0.301333 1
Node 25 67 30.2324
Pkt 240 800 0.3 1
Pkt 225 750 0.3 1
Node 26 38 26.8328
Pkt 75 250 0.3 1
Pkt 72 240 0.3 1
Node 74 42 25.2982
Pkt 113 375 0.301333 1
Pkt 96 320 0.3 1
Rate:600.533
==========
==========53
5 0 2 24000
Node 56 61 12.53
Pkt 30 100 0.3 1
Pkt 48 160 0.3 1
Node 50 32 18
Pkt 96 320 0.3 1
Pkt 144 480 0.3 1
Node 44 25 25.7099
Pkt 225 750 0.3 1
Pkt 225 750 0.3 1
Node 69 54 19.4165
Pkt 30 100 0.3 1
Pkt 60 200 0.3 1
Node 32 27 29.2062
Pkt 144 480 0.3 1
Pkt 120 400 0.3 1
Rate:600
==========
==========54
5 0 2 24000
Node 65 68 23.4307
Pkt 75 250 0.3 1
Pkt 75 250 0.3 1
Node 58 30 21.5407
Pkt 90 300 0.3 1
Pkt 90 300 0.3 1
Node 60 66 18.868
Pkt 225 750 0.3 1
Pkt 225 750 0.3 1
Node 69 44 19.9249
Pkt 38 125 0.304 1
Pkt 58 192 0.302083 1
Node 66 38 20
Pkt 144 480 0.3 1
Pkt 144 480 0.3 1
Rate:601.217
==========
==========55
5 0 2 24000
Node 61 42 13.6015
Pkt 30 100 0.3 1
Pkt 75 250 0.3 1
Node 54 36 14.5602
Pkt 90 300 0.3 1
Pkt 90 300 0.3 1
Node 44 63 14.3178
Pkt 225 750 0.3 1
Pkt 225 750 0.3 1
Node 71 54 21.3776
Pkt 30 100 0.3 1
Pkt 45 150 0.3 1
Node 25 60 26.9258
Pkt 113 375 0.301333 1
Pkt 120 400 0.3 1
Rate:600.267
==========
==========56
5 0 2 24000
Node 57 27 24.0416
Pkt 58 192 0.302083 1
Pkt 60 200 0.3 1
Node 65 30 25
Pkt 120 400 0.3 1
Pkt 96 320 0.3 1
Node 55 66 16.7631
Pkt 240 800 0.3 1
Pkt 225 750 0.3 1
Node 27 28 31.8277
Pkt 38 125 0.304 1
Pkt 30 100 0.3 1
Node 73 26 33.2415
Pkt 144 480 0.3 1
Pkt 90 300 0.3 1
Rate:601.217
==========
==========57
5 0 2 24000
Node 31 63 23.0217
Pkt 45 150 0.3 1
Pkt 45 150 0.3 1
Node 68 74 30
Pkt 96 320 0.3 1
Pkt 90 300 0.3 1
Node 62 61 16.2788
Pkt 240 800 0.3 1
Pkt 225 750 0.3 1
Node 40 31 21.4709
Pkt 60 200 0.3 1
Pkt 48 160 0.3 1
Node 38 49 12.0416
Pkt 90 300 0.3 1
Pkt 90 300 0.3 1
Rate:600
==========
==========58
5 0 2 24000
Node 40 28 24.1661
Pkt 58 192 0.302083 1
Pkt 38 125 0.304 1
Node 28 62 25.0599
Pkt 113 375 0.301333 1
Pkt 96 320 0.3 1
Node 70 40 22.3607
Pkt 240 800 0.3 1
Pkt 240 800 0.3 1
Node 38 60 15.6205
Pkt 36 120 0.3 1
Pkt 72 240 0.3 1
Node 54 73 23.3452
Pkt 144 480 0.3 1
Pkt 90 300 0.3 1
Rate:601.483
==========
==========59
5 0 2 24000
Node 31 55 19.6469
Pkt 36 120 0.3 1
Pkt 30 100 0.3 1
Node 39 73 25.4951
Pkt 113 375 0.301333 1
Pkt 113 375 0.301333 1
Node 57 36 15.6525
Pkt 240 800 0.3 1
Pkt 240 800 0.3 1
Node 46 71 21.3776
Pkt 30 100 0.3 1
Pkt 38 125 0.304 1
Node 44 67 18.0278
Pkt 90 300 0.3 1
Pkt 113 375 0.301333 1
Rate:601.6
==========
==========60
5 0 2 24000
Node 37 31 23.0217
Pkt 30 100 0.3 1
Pkt 60 200 0.3 1
Node 42 36 16.1245
Pkt 120 400 0.3 1
Pkt 113 375 0.301333 1
Node 42 26 25.2982
Pkt 240 800 0.3 1
Pkt 225 750 0.3 1
Node 74 26 33.9411
Pkt 38 125 0.304 1
Pkt 58 192 0.302083 1
Node 58 26 25.2982
Pkt 113 375 0.301333 1
Pkt 120 400 0.3 1
Rate:601.75
==========
==========61
5 0 2 24000
Node 38 69 22.4722
Pkt 45 150 0.3 1
Pkt 72 240 0.3 1
Node 41 29 22.8473
Pkt 96 320 0.3 1
Pkt 144 480 0.3 1
Node 48 55 5.38516
Pkt 240 800 0.3 1
Pkt 240 800 0.3 1
Node 57 50 7
Pkt 58 192 0.302083 1
Pkt 75 250 0.3 1
Node 28 61 24.5967
Pkt 113 375 0.301333 1
Pkt 120 400 0.3 1
Rate:600.683
==========
==========62
5 0 2 24000
Node 44 39 12.53
Pkt 38 125 0.304 1
Pkt 48 160 0.3 1
Node 59 53 9.48683
Pkt 144 480 0.3 1
Pkt 113 375 0.301333 1
Node 59 51 9.05539
Pkt 240 800 0.3 1
Pkt 225 750 0.3 1
Node 25 36 28.6531
Pkt 48 160 0.3 1
Pkt 30 100 0.3 1
Node 34 66 22.6274
Pkt 113 375 0.301333 1
Pkt 90 300 0.3 1
Rate:601.333
==========
==========63
5 0 2 24000
Node 63 52 13.1529
Pkt 75 250 0.3 1
Pkt 38 125 0.304 1
Node 53 51 3.16228
Pkt 120 400 0.3 1
Pkt 120 400 0.3 1
Node 38 26 26.8328
Pkt 240 800 0.3 1
Pkt 225 750 0.3 1
Node 31 27 29.8329
Pkt 45 150 0.3 1
Pkt 58 192 0.302083 1
Node 38 41 15
Pkt 90 300 0.3 1
Pkt 120 400 0.3 1
Rate:601.217
==========
==========64
5 0 2 24000
Node 51 60 10.0499
Pkt 45 150 0.3 1
Pkt 75 250 0.3 1
Node 67 26 29.4109
Pkt 90 300 0.3 1
Pkt 120 400 0.3 1
Node 49 35 15.0333
Pkt 240 800 0.3 1
Pkt 240 800 0.3 1
Node 44 66 17.088
Pkt 38 125 0.304 1
Pkt 72 240 0.3 1
Node 36 49 14.0357
Pkt 120 400 0.3 1
Pkt 120 400 0.3 1
Rate:600.8
==========
==========65
5 0 2 24000
Node 41 53 9.48683
Pkt 48 160 0.3 1
Pkt 45 150 0.3 1
Node 43 73 24.0416
Pkt 120 400 0.3 1
Pkt 113 375 0.301333 1
Node 46 69 19.4165
Pkt 225 750 0.3 1
Pkt 225 750 0.3 1
Node 55 57 8.60233
Pkt 72 240 0.3 1
Pkt 48 160 0.3 1
Node 72 67 27.8029
Pkt 120 400 0.3 1
Pkt 144 480 0.3 1
Rate:600.267
==========
==========66
5 0 2 24000
Node 30 65 25
Pkt 72 240 0.3 1
Pkt 75 250 0.3 1
Node 28 29 30.4138
Pkt 96 320 0.3 1
Pkt 90 300 0.3 1
Node 74 59 25.632
Pkt 225 750 0.3 1
Pkt 240 800 0.3 1
Node 57 71 22.1359
Pkt 48 160 0.3 1
Pkt 48 160 0.3 1
Node 65 25 29.1548
Pkt 113 375 0.301333 1
Pkt 120 400 0.3 1
Rate:600.267
==========
==========67
5 0 2 24000
Node 73 66 28.0179
Pkt 45 150 0.3 1
Pkt 45 150 0.3 1
Node 33 25 30.2324
Pkt 120 400 0.3 1
Pkt 113 375 0.301333 1
Node 34 42 17.8885
Pkt 240 800 0.3 1
Pkt 240 800 0.3 1
Node 71 63 24.6982
Pkt 60 200 0.3 1
Pkt 36 120 0.3 1
Node 33 47 17.2627
Pkt 113 375 0.301333 1
Pkt 90 300 0.3 1
Rate:600.533
==========
==========68
5 0 2 24000
Node 51 68 18.0278
Pkt 60 200 0.3 1
Pkt 60 200 0.3 1
Node 45 60 11.1803
Pkt 113 375 0.301333 1
Pkt 96 320 0.3 1
Node 59 73 24.6982
Pkt 225 750 0.3 1
Pkt 240 800 0.3 1
Node 61 28 24.5967
Pkt 75 250 0.3 1
Pkt 38 125 0.304 1
Node 58 62 14.4222
Pkt 90 300 0.3 1
Pkt 120 400 0.3 1
Rate:601.067
==========
==========69
5 0 2 24000
Node 31 28 29.0689
Pkt 48 160 0.3 1
Pkt 38 125 0.304 1
Node 46 69 19.4165
Pkt 120 400 0.3 1
Pkt 96 320 0.3 1
Node 30 69 27.5862
Pkt 225 750 0.3 1
Pkt 225 750 0.3 1
Node 58 73 24.3516
Pkt 48 160 0.3 1
Pkt 72 240 0.3 1
Node 27 67 28.6007
Pkt 90 300 0.3 1
Pkt 113 375 0.301333 1
Rate:601.067
==========
==========70
5 0 2 24000
Node 35 43 16.5529
Pkt 36 120 0.3 1
Pkt 38 125 0.304 1
Node 32 38 21.6333
Pkt 113 375 0.301333 1
Pkt 113 375 0.301333 1
Node 56 73 23.7697
Pkt 240 800 0.3 1
Pkt 225 750 0.3 1
Node 38 59 15
Pkt 48 160 0.3 1
Pkt 45 150 0.3 1
Node 66 72 27.2029
Pkt 96 320 0.3 1
Pkt 120 400 0.3 1
Rate:601.333
==========
==========71
5 0 2 24000
Node 44 43 9.21954
Pkt 38 125 0.304 1
Pkt 36 120 0.3 1
Node 48 27 23.0868
Pkt 113 375 0.301333 1
Pkt 144 480 0.3 1
Node 39 49 11.0454
Pkt 225 750 0.3 1
Pkt 240 800 0.3 1
Node 60 59 13.4536
Pkt 48 160 0.3 1
Pkt 36 120 0.3 1
Node 53 72 22.2036
Pkt 96 320 0.3 1
Pkt 90 300 0.3 1
Rate:601.067
==========
==========72
5 0 2 24000
Node 52 31 19.105
Pkt 45 150 0.3 1
Pkt 48 160 0.3 1
Node 70 61 22.8254
Pkt 144 480 0.3 1
Pkt 113 375 0.301333 1
Node 71 66 26.4008
Pkt 240 800 0.3 1
Pkt 225 750 0.3 1
Node 72 38 25.0599
Pkt 30 100 0.3 1
Pkt 75 250 0.3 1
Node 51 45 5.09902
Pkt 90 300 0.3 1
Pkt 113 375 0.301333 1
Rate:600.533
==========
==========73
5 0 2 24000
Node 47 59 9.48683
Pkt 60 200 0.3 1
Pkt 30 100 0.3 1
Node 27 50 23
Pkt 96 320 0.3 1
Pkt 96 320 0.3 1
Node 59 47 9.48683
Pkt 240 800 0.3 1
Pkt 240 800 0.3 1
Node 27 39 25.4951
Pkt 45 150 0.3 1
Pkt 38 125 0.304 1
Node 35 62 19.2094
Pkt 113 375 0.301333 1
Pkt 144 480 0.3 1
Rate:601.067
==========
==========74
5 0 2 24000
Node 65 43 16.5529
Pkt 48 160 0.3 1
Pkt 58 192 0.302083 1
Node 64 29 25.2389
Pkt 90 300 0.3 1
Pkt 144 480 0.3 1
Node 36 34 21.2603
Pkt 240 800 0.3 1
Pkt 225 750 0.3 1
Node 31 35 24.2074
Pkt 75 250 0.3 1
Pkt 30 100 0.3 1
Node 27 52 23.0868
Pkt 90 300 0.3 1
Pkt 120 400 0.3 1
Rate:600.417
==========
==========75
5 0 2 24000
Node 56 40 11.6619
Pkt 36 120 0.3 1
Pkt 58 192 0.302083 1
Node 29 35 25.807
Pkt 96 320 0.3 1
Pkt 120 400 0.3 1
Node 62 36 18.4391
Pkt 240 800 0.3 1
Pkt 225 750 0.3 1
Node 57 32 19.3132
Pkt 48 160 0.3 1
Pkt 58 192 0.302083 1
Node 27 33 28.6007
Pkt 120 400 0.3 1
Pkt 144 480 0.3 1
Rate:600.833
==========
==========76
5 0 2 24000
Node 72 43 23.0868
Pkt 75 250 0.3 1
Pkt 45 150 0.3 1
Node 38 36 18.4391
Pkt 144 480 0.3 1
Pkt 113 375 0.301333 1
Node 66 48 16.1245
Pkt 225 750 0.3 1
Pkt 225 750 0.3 1
Node 50 66 16
Pkt 72 240 0.3 1
Pkt 38 125 0.304 1
Node 34 44 17.088
Pkt 120 400 0.3 1
Pkt 96 320 0.3 1
Rate:601.067
==========
==========77
5 0 2 24000
Node 69 32 26.1725
Pkt 75 250 0.3 1
Pkt 60 200 0.3 1
Node 56 29 21.8403
Pkt 90 300 0.3 1
Pkt 113 375 0.301333 1
Node 38 40 15.6205
Pkt 240 800 0.3 1
Pkt 240 800 0.3 1
Node 73 41 24.6982
Pkt 38 125 0.304 1
Pkt 48 160 0.3 1
Node 42 42 11.3137
Pkt 90 300 0.3 1
Pkt 144 480 0.3 1
Rate:601.067
==========
==========78
5 0 2 24000
Node 48 74 24.0832
Pkt 30 100 0.3 1
Pkt 60 200 0.3 1
Node 32 30 26.9072
Pkt 144 480 0.3 1
Pkt 120 400 0.3 1
Node 49 32 18.0278
Pkt 225 750 0.3 1
Pkt 240 800 0.3 1
Node 74 34 28.8444
Pkt 38 125 0.304 1
Pkt 36 120 0.3 1
Node 69 58 20.6155
Pkt 96 320 0.3 1
Pkt 96 320 0.3 1
Rate:600.8
==========
==========79
5 0 2 24000
Node 31 63 23.0217
Pkt 58 192 0.302083 1
Pkt 36 120 0.3 1
Node 42 43 10.6301
Pkt 120 400 0.3 1
Pkt 113 375 0.301333 1
Node 63 57 14.7648
Pkt 240 800 0.3 1
Pkt 240 800 0.3 1
Node 30 54 20.3961
Pkt 45 150 0.3 1
Pkt 60 200 0.3 1
Node 55 50 5
Pkt 90 300 0.3 1
Pkt 90 300 0.3 1
Rate:600.683
==========
==========80
5 0 2 24000
Node 53 60 10.4403
Pkt 45 150 0.3 1
Pkt 60 200 0.3 1
Node 40 36 17.2047
Pkt 96 320 0.3 1
Pkt 113 375 0.301333 1
Node 30 26 31.241
Pkt 240 800 0.3 1
Pkt 225 750 0.3 1
Node 61 27 25.4951
Pkt 30 100 0.3 1
Pkt 58 192 0.302083 1
Node 71 65 25.807
Pkt 96 320 0.3 1
Pkt 120 400 0.3 1
Rate:600.683
==========
==========81
5 0 2 24000
Node 72 64 26.0768
Pkt 72 240 0.3 1
Pkt 36 120 0.3 1
Node 58 48 8.24621
Pkt 120 400 0.3 1
Pkt 113 375 0.301333 1
Node 58 74 25.2982
Pkt 225 750 0.3 1
Pkt 240 800 0.3 1
Node 61 60 14.8661
Pkt 72 240 0.3 1
Pkt 38 125 0.304 1
Node 59 60 13.4536
Pkt 113 375 0.301333 1
Pkt 144 480 0.3 1
Rate:601.333
==========
==========82
5 0 2 24000
Node 44 44 8.48528
Pkt 48 160 0.3 1
Pkt 72 240 0.3 1
Node 34 51 16.0312
Pkt 113 375 0.301333 1
Pkt 96 320 0.3 1
Node 39 46 11.7047
Pkt 225 750 0.3 1
Pkt 240 800 0.3 1
Node 47 32 18.2483
Pkt 45 150 0.3 1
Pkt 72 240 0.3 1
Node 26 46 24.3311
Pkt 113 375 0.301333 1
Pkt 113 375 0.301333 1
Rate:600.8
==========
==========83
5 0 2 24000
Node 44 58 10
Pkt 30 100 0.3 1
Pkt 36 120 0.3 1
Node 57 52 7.28011
Pkt 144 480 0.3 1
Pkt 144 480 0.3 1
Node 55 30 20.6155
Pkt 240 800 0.3 1
Pkt 240 800 0.3 1
Node 49 39 11.0454
Pkt 60 200 0.3 1
Pkt 60 200 0.3 1
Node 45 56 7.81025
Pkt 90 300 0.3 1
Pkt 90 300 0.3 1
Rate:600
==========
==========84
5 0 2 24000
Node 62 57 13.8924
Pkt 60 200 0.3 1
Pkt 48 160 0.3 1
Node 66 62 20
Pkt 144 480 0.3 1
Pkt 144 480 0.3 1
Node 63 28 25.5539
Pkt 240 800 0.3 1
Pkt 240 800 0.3 1
Node 46 55 6.40312
Pkt 60 200 0.3 1
Pkt 36 120 0.3 1
Node 58 67 18.7883
Pkt 113 375 0.301333 1
Pkt 96 320 0.3 1
Rate:600.267
==========
==========85
5 0 2 24000
Node 29 29 29.6985
Pkt 45 150 0.3 1
Pkt 60 200 0.3 1
Node 58 26 25.2982
Pkt 90 300 0.3 1
Pkt 90 300 0.3 1
Node 57 59 11.4018
Pkt 240 800 0.3 1
Pkt 225 750 0.3 1
Node 36 51 14.0357
Pkt 38 125 0.304 1
Pkt 38 125 0.304 1
Node 39 43 13.0384
Pkt 144 480 0.3 1
Pkt 144 480 0.3 1
Rate:601.6
==========
==========86
5 0 2 24000
Node 26 65 28.3019
Pkt 45 150 0.3 1
Pkt 30 100 0.3 1
Node 59 44 10.8167
Pkt 96 320 0.3 1
Pkt 144 480 0.3 1
Node 46 63 13.6015
Pkt 225 750 0.3 1
Pkt 225 750 0.3 1
Node 27 38 25.9422
Pkt 30 100 0.3 1
Pkt 72 240 0.3 1
Node 70 57 21.1896
Pkt 120 400 0.3 1
Pkt 144 480 0.3 1
Rate:600
==========
==========87
5 0 2 24000
Node 52 65 15.1327
Pkt 75 250 0.3 1
Pkt 38 125 0.304 1
Node 62 57 13.8924
Pkt 120 400 0.3 1
Pkt 144 480 0.3 1
Node 74 27 33.2415
Pkt 225 750 0.3 1
Pkt 225 750 0.3 1
Node 53 52 3.60555
Pkt 72 240 0.3 1
Pkt 60 200 0.3 1
Node 63 26 27.2947
Pkt 144 480 0.3 1
Pkt 120 400 0.3 1
Rate:600.8
==========
==========88
5 0 2 24000
Node 62 33 20.8087
Pkt 60 200 0.3 1
Pkt 36 120 0.3 1
Node 62 41 15
Pkt 144 480 0.3 1
Pkt 96 320 0.3 1
Node 69 73 29.8329
Pkt 240 800 0.3 1
Pkt 225 750 0.3 1
Node 35 51 15.0333
Pkt 58 192 0.302083 1
Pkt 75 250 0.3 1
Node 37 43 14.7648
Pkt 120 400 0.3 1
Pkt 144 480 0.3 1
Rate:600.417
==========
==========89
5 0 2 24000
Node 63 42 15.2643
Pkt 45 150 0.3 1
Pkt 60 200 0.3 1
Node 36 39 17.8045
Pkt 90 300 0.3 1
Pkt 90 300 0.3 1
Node 30 43 21.1896
Pkt 240 800 0.3 1
Pkt 225 750 0.3 1
Node 31 33 25.4951
Pkt 36 120 0.3 1
Pkt 30 100 0.3 1
Node 41 63 15.8114
Pkt 113 375 0.301333 1
Pkt 144 480 0.3 1
Rate:600.267
==========
==========90
5 0 2 24000
Node 28 34 27.2029
Pkt 75 250 0.3 1
Pkt 36 120 0.3 1
Node 71 26 31.8904
Pkt 96 320 0.3 1
Pkt 113 375 0.301333 1
Node 34 56 17.088
Pkt 225 750 0.3 1
Pkt 240 800 0.3 1
Node 53 34 16.2788
Pkt 48 160 0.3 1
Pkt 48 160 0.3 1
Node 64 42 16.1245
Pkt 120 400 0.3 1
Pkt 96 320 0.3 1
Rate:600.267
==========
==========91
5 0 2 24000
Node 59 45 10.2956
Pkt 48 160 0.3 1
Pkt 36 120 0.3 1
Node 65 67 22.6716
Pkt 90 300 0.3 1
Pkt 90 300 0.3 1
Node 45 55 7.07107
Pkt 225 750 0.3 1
Pkt 225 750 0.3 1
Node 41 30 21.9317
Pkt 72 240 0.3 1
Pkt 36 120 0.3 1
Node 42 49 8.06226
Pkt 144 480 0.3 1
Pkt 96 320 0.3 1
Rate:600
==========
==========92
5 0 2 24000
Node 66 62 20
Pkt 38 125 0.304 1
Pkt 36 120 0.3 1
Node 39 48 11.1803
Pkt 144 480 0.3 1
Pkt 120 400 0.3 1
Node 26 51 24.0208
Pkt 240 800 0.3 1
Pkt 240 800 0.3 1
Node 70 56 20.8806
Pkt 58 192 0.302083 1
Pkt 45 150 0.3 1
Node 50 68 18
Pkt 113 375 0.301333 1
Pkt 113 375 0.301333 1
Rate:601.75
==========
==========93
5 0 2 24000
Node 47 33 17.2627
Pkt 45 150 0.3 1
Pkt 36 120 0.3 1
Node 53 63 13.3417
Pkt 144 480 0.3 1
Pkt 90 300 0.3 1
Node 55 62 13
Pkt 225 750 0.3 1
Pkt 225 750 0.3 1
Node 27 48 23.0868
Pkt 30 100 0.3 1
Pkt 72 240 0.3 1
Node 65 63 19.8494
Pkt 90 300 0.3 1
Pkt 90 300 0.3 1
Rate:600
==========
==========94
5 0 2 24000
Node 37 66 20.6155
Pkt 38 125 0.304 1
Pkt 36 120 0.3 1
Node 25 38 27.7308
Pkt 120 400 0.3 1
Pkt 113 375 0.301333 1
Node 65 69 24.2074
Pkt 225 750 0.3 1
Pkt 240 800 0.3 1
Node 45 32 18.6815
Pkt 38 125 0.304 1
Pkt 45 150 0.3 1
Node 44 29 21.8403
Pkt 90 300 0.3 1
Pkt 96 320 0.3 1
Rate:601.867
==========
==========95
5 0 2 24000
Node 33 71 27.0185
Pkt 30 100 0.3 1
Pkt 75 250 0.3 1
Node 42 56 10
Pkt 120 400 0.3 1
Pkt 144 480 0.3 1
Node 31 36 23.6008
Pkt 240 800 0.3 1
Pkt 225 750 0.3 1
Node 42 68 19.6977
Pkt 36 120 0.3 1
Pkt 58 192 0.302083 1
Node 51 26 24.0208
Pkt 96 320 0.3 1
Pkt 120 400 0.3 1
Rate:600.417
==========
==========96
5 0 2 24000
Node 28 45 22.561
Pkt 58 192 0.302083 1
Pkt 38 125 0.304 1
Node 32 61 21.095
Pkt 90 300 0.3 1
Pkt 144 480 0.3 1
Node 73 52 23.0868
Pkt 225 750 0.3 1
Pkt 240 800 0.3 1
Node 33 61 20.2485
Pkt 38 125 0.304 1
Pkt 48 160 0.3 1
Node 29 42 22.4722
Pkt 120 400 0.3 1
Pkt 90 300 0.3 1
Rate:602.017
==========
==========97
5 0 2 24000
Node 74 39 26.4008
Pkt 45 150 0.3 1
Pkt 75 250 0.3 1
Node 74 52 24.0832
Pkt 120 400 0.3 1
Pkt 96 320 0.3 1
Node 50 71 21
Pkt 240 800 0.3 1
Pkt 240 800 0.3 1
Node 53 30 20.2237
Pkt 60 200 0.3 1
Pkt 38 125 0.304 1
Node 41 25 26.5707
Pkt 113 375 0.301333 1
Pkt 96 320 0.3 1
Rate:601.067
==========
==========98
5 0 2 24000
Node 45 25 25.4951
Pkt 30 100 0.3 1
Pkt 45 150 0.3 1
Node 58 74 25.2982
Pkt 144 480 0.3 1
Pkt 90 300 0.3 1
Node 51 41 9.05539
Pkt 240 800 0.3 1
Pkt 240 800 0.3 1
Node 52 43 7.28011
Pkt 58 192 0.302083 1
Pkt 60 200 0.3 1
Node 46 54 5.65685
Pkt 90 300 0.3 1
Pkt 90 300 0.3 1
Rate:600.417
==========
==========99
