5 0 2 24000
Node 48 32 18.1108
Pkt 47 192 0.244792 1
Pkt 30 125 0.24 1
Node 63 74 27.2947
Pkt 96 400 0.24 1
Pkt 96 400 0.24 1
Node 54 65 15.5242
Pkt 180 750 0.24 1
Pkt 180 750 0.24 1
Node 64 57 15.6525
Pkt 36 150 0.24 1
Pkt 36 150 0.24 1
Node 61 28 24.5967
Pkt 77 320 0.240625 1
Pkt 90 375 0.24 1
Rate:481.083
==========
==========0
5 0 2 24000
Node 31 67 25.4951
Pkt 24 100 0.24 1
Pkt 36 150 0.24 1
Node 27 62 25.9422
Pkt 72 300 0.24 1
Pkt 72 300 0.24 1
Node 59 62 15
Pkt 192 800 0.24 1
Pkt 192 800 0.24 1
Node 66 36 21.2603
Pkt 47 192 0.244792 1
Pkt 36 150 0.24 1
Node 42 60 12.8062
Pkt 90 375 0.24 1
Pkt 96 400 0.24 1
Rate:480.958
==========
==========1
5 0 2 24000
Node 44 44 8.48528
Pkt 39 160 0.24375 1
Pkt 60 250 0.24 1
Node 63 28 25.5539
Pkt 77 320 0.240625 1
Pkt 90 375 0.24 1
Node 57 57 9.89949
Pkt 192 800 0.24 1
Pkt 180 750 0.24 1
Node 73 25 33.9706
Pkt 24 100 0.24 1
Pkt 29 120 0.241667 1
Node 35 52 15.1327
Pkt 116 480 0.241667 1
Pkt 116 480 0.241667 1
Rate:481.875
==========
==========2
5 0 2 24000
Node 33 26 29.4109
Pkt 29 120 0.241667 1
Pkt 60 250 0.24 1
Node 28 50 22
Pkt 72 300 0.24 1
Pkt 90 375 0.24 1
Node 35 67 22.6716
Pkt 192 800 0.24 1
Pkt 192 800 0.24 1
Node 52 47 3.60555
Pkt 29 120 0.241667 1
Pkt 24 100 0.24 1
Node 72 72 31.1127
Pkt 116 480 0.241667 1
Pkt 72 300 0.24 1
Rate:481
==========
==========3
5 0 2 24000
Node 62 26 26.8328
Pkt 29 120 0.241667 1
Pkt 39 160 0.24375 1
Node 56 41 10.8167
Pkt 90 375 0.24 1
Pkt 77 320 0.240625 1
Node 64 55 14.8661
Pkt 180 750 0.24 1
Pkt 180 750 0.24 1
Node 37 42 15.2643
Pkt 30 125 0.24 1
Pkt 47 192 0.244792 1
Node 54 26 24.3311
Pkt 90 375 0.24 1
Pkt 90 375 0.24 1
Rate:482.167
==========
==========4
5 0 2 24000
Node 52 55 5.38516
Pkt 36 150 0.24 1
Pkt 58 240 0.241667 1
Node 29 29 29.6985
Pkt 116 480 0.241667 1
Pkt 96 400 0.24 1
Node 27 66 28.0179
Pkt 180 750 0.24 1
Pkt 192 800 0.24 1
Node 25 35 29.1548
Pkt 39 160 0.24375 1
Pkt 48 200 0.24 1
Node 43 52 7.28011
Pkt 77 320 0.240625 1
Pkt 96 400 0.24 1
Rate:481.542
==========
==========5
5 0 2 24000
Node 55 35 15.8114
Pkt 60 250 0.24 1
Pkt 39 160 0.24375 1
Node 51 28 22.0227
Pkt 77 320 0.240625 1
Pkt 90 375 0.24 1
Node 74 68 30
Pkt 180 750 0.24 1
Pkt 192 800 0.24 1
Node 32 58 19.6977
Pkt 39 160 0.24375 1
Pkt 60 250 0.24 1
Node 48 31 19.105
Pkt 116 480 0.241667 1
Pkt 96 400 0.24 1
Rate:481.958
==========
==========6
5 0 2 24000
Node 58 28 23.4094
Pkt 30 125 0.24 1
Pkt 30 125 0.24 1
Node 51 49 1.41421
Pkt 90 375 0.24 1
Pkt 90 375 0.24 1
Node 33 32 24.7588
Pkt 180 750 0.24 1
Pkt 192 800 0.24 1
Node 25 68 30.8058
Pkt 58 240 0.241667 1
Pkt 48 200 0.24 1
Node 42 52 8.24621
Pkt 96 400 0.24 1
Pkt 77 320 0.240625 1
Rate:480.458
==========
==========7
5 0 2 24000
Node 51 25 25.02
Pkt 47 192 0.244792 1
Pkt 30 125 0.24 1
Node 71 50 21
Pkt 96 400 0.24 1
Pkt 116 480 0.241667 1
Node 35 43 16.5529
Pkt 180 750 0.24 1
Pkt 192 800 0.24 1
Node 48 37 13.1529
Pkt 48 200 0.24 1
Pkt 60 250 0.24 1
Node 28 67 27.8029
Pkt 77 320 0.240625 1
Pkt 90 375 0.24 1
Rate:481.417
==========
==========8
5 0 2 24000
Node 32 41 20.1246
Pkt 36 150 0.24 1
Pkt 58 240 0.241667 1
Node 62 49 12.0416
Pkt 72 300 0.24 1
Pkt 90 375 0.24 1
Node 27 66 28.0179
Pkt 180 750 0.24 1
Pkt 180 750 0.24 1
Node 45 66 16.7631
Pkt 36 150 0.24 1
Pkt 48 200 0.24 1
Node 39 42 13.6015
Pkt 77 320 0.240625 1
Pkt 116 480 0.241667 1
Rate:480.792
==========
==========9
5 0 2 24000
Node 47 56 6.7082
Pkt 60 250 0.24 1
Pkt 24 100 0.24 1
Node 35 64 20.5183
Pkt 90 375 0.24 1
Pkt 116 480 0.241667 1
Node 31 35 24.2074
Pkt 192 800 0.24 1
Pkt 192 800 0.24 1
Node 38 38 16.9706
Pkt 30 125 0.24 1
Pkt 47 192 0.244792 1
Node 39 36 17.8045
Pkt 77 320 0.240625 1
Pkt 77 320 0.240625 1
Rate:481.542
==========
==========10
5 0 2 24000
Node 41 50 9
Pkt 39 160 0.24375 1
Pkt 29 120 0.241667 1
Node 68 45 18.6815
Pkt 77 320 0.240625 1
Pkt 116 480 0.241667 1
Node 33 66 23.3452
Pkt 180 750 0.24 1
Pkt 192 800 0.24 1
Node 68 71 27.6586
Pkt 60 250 0.24 1
Pkt 47 192 0.244792 1
Node 56 56 8.48528
Pkt 77 320 0.240625 1
Pkt 96 400 0.24 1
Rate:482.625
==========
==========11
5 0 2 24000
Node 74 53 24.1868
Pkt 30 125 0.24 1
Pkt 29 120 0.241667 1
Node 30 38 23.3238
Pkt 77 320 0.240625 1
Pkt 90 375 0.24 1
Node 50 67 17
Pkt 180 750 0.24 1
Pkt 180 750 0.24 1
Node 28 58 23.4094
Pkt 24 100 0.24 1
Pkt 24 100 0.24 1
Node 65 51 15.0333
Pkt 90 375 0.24 1
Pkt 116 480 0.241667 1
Rate:480.792
==========
==========12
5 0 2 24000
Node 74 28 32.5576
Pkt 39 160 0.24375 1
Pkt 39 160 0.24375 1
Node 70 28 29.7321
Pkt 116 480 0.241667 1
Pkt 96 400 0.24 1
Node 39 35 18.6011
Pkt 192 800 0.24 1
Pkt 180 750 0.24 1
Node 62 70 23.3238
Pkt 48 200 0.24 1
Pkt 47 192 0.244792 1
Node 44 45 7.81025
Pkt 96 400 0.24 1
Pkt 90 375 0.24 1
Rate:482.792
==========
==========13
5 0 2 24000
Node 72 50 22
Pkt 36 150 0.24 1
Pkt 58 240 0.241667 1
Node 29 63 24.6982
Pkt 72 300 0.24 1
Pkt 77 320 0.240625 1
Node 26 56 24.7386
Pkt 180 750 0.24 1
Pkt 180 750 0.24 1
Node 39 57 13.0384
Pkt 24 100 0.24 1
Pkt 58 240 0.241667 1
Node 35 58 17
Pkt 96 400 0.24 1
Pkt 90 375 0.24 1
Rate:480.792
==========
==========14
5 0 2 24000
Node 71 54 21.3776
Pkt 30 125 0.24 1
Pkt 48 200 0.24 1
Node 33 61 20.2485
Pkt 90 375 0.24 1
Pkt 116 480 0.241667 1
Node 66 65 21.9317
Pkt 192 800 0.24 1
Pkt 192 800 0.24 1
Node 35 46 15.5242
Pkt 48 200 0.24 1
Pkt 60 250 0.24 1
Node 31 30 27.5862
Pkt 96 400 0.24 1
Pkt 77 320 0.240625 1
Rate:480.458
==========
==========15
5 0 2 24000
Node 66 39 19.4165
Pkt 60 250 0.24 1
Pkt 48 200 0.24 1
Node 53 30 20.2237
Pkt 90 375 0.24 1
Pkt 116 480 0.241667 1
Node 47 47 4.24264
Pkt 180 750 0.24 1
Pkt 180 750 0.24 1
Node 51 52 2.23607
Pkt 60 250 0.24 1
Pkt 48 200 0.24 1
Node 64 74 27.7849
Pkt 90 375 0.24 1
Pkt 96 400 0.24 1
Rate:480.333
==========
==========16
5 0 2 24000
Node 67 28 27.8029
Pkt 30 125 0.24 1
Pkt 24 100 0.24 1
Node 58 44 10
Pkt 116 480 0.241667 1
Pkt 116 480 0.241667 1
Node 45 55 7.07107
Pkt 180 750 0.24 1
Pkt 180 750 0.24 1
Node 56 60 11.6619
Pkt 36 150 0.24 1
Pkt 39 160 0.24375 1
Node 64 74 27.7849
Pkt 72 300 0.24 1
Pkt 96 400 0.24 1
Rate:481.417
==========
==========17
5 0 2 24000
Node 52 59 9.21954
Pkt 30 125 0.24 1
Pkt 36 150 0.24 1
Node 52 61 11.1803
Pkt 96 400 0.24 1
Pkt 116 480 0.241667 1
Node 61 47 11.4018
Pkt 192 800 0.24 1
Pkt 180 750 0.24 1
Node 61 60 14.8661
Pkt 39 160 0.24375 1
Pkt 58 240 0.241667 1
Node 51 30 20.025
Pkt 72 300 0.24 1
Pkt 77 320 0.240625 1
Rate:481.542
==========
==========18
5 0 2 24000
Node 47 39 11.4018
Pkt 58 240 0.241667 1
Pkt 30 125 0.24 1
Node 28 58 23.4094
Pkt 116 480 0.241667 1
Pkt 116 480 0.241667 1
Node 47 46 5
Pkt 192 800 0.24 1
Pkt 180 750 0.24 1
Node 38 32 21.6333
Pkt 60 250 0.24 1
Pkt 36 150 0.24 1
Node 33 59 19.2354
Pkt 90 375 0.24 1
Pkt 116 480 0.241667 1
Rate:481.333
==========
==========19
5 0 2 24000
Node 46 33 17.4642
Pkt 47 192 0.244792 1
Pkt 47 192 0.244792 1
Node 65 49 15.0333
Pkt 77 320 0.240625 1
Pkt 90 375 0.24 1
Node 30 69 27.5862
Pkt 180 750 0.24 1
Pkt 180 750 0.24 1
Node 61 27 25.4951
Pkt 60 250 0.24 1
Pkt 48 200 0.24 1
Node 60 35 18.0278
Pkt 77 320 0.240625 1
Pkt 72 300 0.24 1
Rate:482.167
==========
==========20
5 0 2 24000
Node 46 64 14.5602
Pkt 24 100 0.24 1
Pkt 30 125 0.24 1
Node 43 45 8.60233
Pkt 96 400 0.24 1
Pkt 96 400 0.24 1
Node 74 58 25.2982
Pkt 180 750 0.24 1
Pkt 180 750 0.24 1
Node 44 48 6.32456
Pkt 48 200 0.24 1
Pkt 36 150 0.24 1
Node 73 68 29.2062
Pkt 96 400 0.24 1
Pkt 90 375 0.24 1
Rate:480
==========
==========21
5 0 2 24000
Node 26 47 24.1868
Pkt 24 100 0.24 1
Pkt 36 150 0.24 1
Node 30 36 24.4131
Pkt 77 320 0.240625 1
Pkt 72 300 0.24 1
Node 65 60 18.0278
Pkt 180 750 0.24 1
Pkt 192 800 0.24 1
Node 39 58 13.6015
Pkt 36 150 0.24 1
Pkt 39 160 0.24375 1
Node 43 54 8.06226
Pkt 90 375 0.24 1
Pkt 77 320 0.240625 1
Rate:481
==========
==========22
5 0 2 24000
Node 27 45 23.5372
Pkt 47 192 0.244792 1
Pkt 48 200 0.24 1
Node 32 48 18.1108
Pkt 96 400 0.24 1
Pkt 72 300 0.24 1
Node 74 58 25.2982
Pkt 180 750 0.24 1
Pkt 180 750 0.24 1
Node 28 38 25.0599
Pkt 39 160 0.24375 1
Pkt 30 125 0.24 1
Node 28 60 24.1661
Pkt 90 375 0.24 1
Pkt 77 320 0.240625 1
Rate:481.833
==========
==========23
5 0 2 24000
Node 50 59 9
Pkt 39 160 0.24375 1
Pkt 29 120 0.241667 1
Node 35 56 16.1555
Pkt 72 300 0.24 1
Pkt 96 400 0.24 1
Node 48 42 8.24621
Pkt 192 800 0.24 1
Pkt 192 800 0.24 1
Node 49 28 22.0227
Pkt 36 150 0.24 1
Pkt 60 250 0.24 1
Node 61 33 20.2485
Pkt 96 400 0.24 1
Pkt 77 320 0.240625 1
Rate:481.208
==========
==========24
5 0 2 24000
Node 72 71 30.4138
Pkt 48 200 0.24 1
Pkt 30 125 0.24 1
Node 25 62 27.7308
Pkt 116 480 0.241667 1
Pkt 77 320 0.240625 1
Node 66 52 16.1245
Pkt 180 750 0.24 1
Pkt 192 800 0.24 1
Node 57 29 22.1359
Pkt 58 240 0.241667 1
Pkt 47 192 0.244792 1
Node 64 51 14.0357
Pkt 77 320 0.240625 1
Pkt 77 320 0.240625 1
Rate:482
==========
==========25
5 0 2 24000
Node 29 64 25.2389
Pkt 30 125 0.24 1
Pkt 60 250 0.24 1
Node 60 26 26
Pkt 90 375 0.24 1
Pkt 116 480 0.241667 1
Node 42 65 17
Pkt 192 800 0.24 1
Pkt 192 800 0.24 1
Node 71 40 23.2594
Pkt 58 240 0.241667 1
Pkt 36 150 0.24 1
Node 31 73 29.8329
Pkt 72 300 0.24 1
Pkt 77 320 0.240625 1
Rate:480.792
==========
==========26
5 0 2 24000
Node 26 39 26.4008
Pkt 47 192 0.244792 1
Pkt 30 125 0.24 1
Node 29 35 25.807
Pkt 77 320 0.240625 1
Pkt 72 300 0.24 1
Node 50 56 6
Pkt 180 750 0.24 1
Pkt 180 750 0.24 1
Node 42 32 19.6977
Pkt 48 200 0.24 1
Pkt 30 125 0.24 1
Node 74 25 34.6554
Pkt 90 375 0.24 1
Pkt 116 480 0.241667 1
Rate:481.417
==========
==========27
5 0 2 24000
Node 72 48 22.0907
Pkt 47 192 0.244792 1
Pkt 60 250 0.24 1
Node 68 67 24.7588
Pkt 96 400 0.24 1
Pkt 72 300 0.24 1
Node 34 25 29.6816
Pkt 192 800 0.24 1
Pkt 180 750 0.24 1
Node 63 67 21.4009
Pkt 36 150 0.24 1
Pkt 30 125 0.24 1
Node 57 67 18.3848
Pkt 96 400 0.24 1
Pkt 77 320 0.240625 1
Rate:481.083
==========
==========28
5 0 2 24000
Node 61 48 11.1803
Pkt 60 250 0.24 1
Pkt 47 192 0.244792 1
Node 66 61 19.4165
Pkt 90 375 0.24 1
Pkt 90 375 0.24 1
Node 40 73 25.0799
Pkt 192 800 0.24 1
Pkt 192 800 0.24 1
Node 68 45 18.6815
Pkt 60 250 0.24 1
Pkt 47 192 0.244792 1
Node 51 68 18.0278
Pkt 96 400 0.24 1
Pkt 96 400 0.24 1
Rate:481.917
==========
==========29
5 0 2 24000
Node 35 31 24.2074
Pkt 48 200 0.24 1
Pkt 29 120 0.241667 1
Node 39 41 14.2127
Pkt 72 300 0.24 1
Pkt 72 300 0.24 1
Node 57 32 19.3132
Pkt 192 800 0.24 1
Pkt 180 750 0.24 1
Node 28 52 22.0907
Pkt 60 250 0.24 1
Pkt 60 250 0.24 1
Node 30 32 26.9072
Pkt 77 320 0.240625 1
Pkt 116 480 0.241667 1
Rate:480.792
==========
==========30
5 0 2 24000
Node 62 73 25.9422
Pkt 48 200 0.24 1
Pkt 24 100 0.24 1
Node 29 52 21.095
Pkt 77 320 0.240625 1
Pkt 77 320 0.240625 1
Node 45 53 5.83095
Pkt 180 750 0.24 1
Pkt 192 800 0.24 1
Node 42 47 8.544
Pkt 30 125 0.24 1
Pkt 36 150 0.24 1
Node 71 56 21.8403
Pkt 96 400 0.24 1
Pkt 96 400 0.24 1
Rate:480.25
==========
==========31
5 0 2 24000
Node 39 32 21.095
Pkt 24 100 0.24 1
Pkt 47 192 0.244792 1
Node 73 39 25.4951
Pkt 77 320 0.240625 1
Pkt 96 400 0.24 1
Node 65 30 25
Pkt 180 750 0.24 1
Pkt 192 800 0.24 1
Node 45 57 8.60233
Pkt 39 160 0.24375 1
Pkt 30 125 0.24 1
Node 42 59 12.0416
Pkt 96 400 0.24 1
Pkt 90 375 0.24 1
Rate:481.833
==========
==========32
5 0 2 24000
Node 63 45 13.9284
Pkt 30 125 0.24 1
Pkt 30 125 0.24 1
Node 53 36 14.3178
Pkt 90 375 0.24 1
Pkt 77 320 0.240625 1
Node 40 54 10.7703
Pkt 180 750 0.24 1
Pkt 180 750 0.24 1
Node 54 36 14.5602
Pkt 29 120 0.241667 1
Pkt 24 100 0.24 1
Node 43 34 17.4642
Pkt 116 480 0.241667 1
Pkt 72 300 0.24 1
Rate:480.792
==========
==========33
5 0 2 24000
Node 70 44 20.8806
Pkt 60 250 0.24 1
Pkt 36 150 0.24 1
Node 30 51 20.025
Pkt 72 300 0.24 1
Pkt 77 320 0.240625 1
Node 66 69 24.8395
Pkt 180 750 0.24 1
Pkt 180 750 0.24 1
Node 55 54 6.40312
Pkt 58 240 0.241667 1
Pkt 47 192 0.244792 1
Node 57 33 18.3848
Pkt 90 375 0.24 1
Pkt 90 375 0.24 1
Rate:481.417
==========
==========34
5 0 2 24000
Node 65 66 21.9317
Pkt 39 160 0.24375 1
Pkt 48 200 0.24 1
Node 66 62 20
Pkt 90 375 0.24 1
Pkt 116 480 0.241667 1
Node 32 62 21.6333
Pkt 180 750 0.24 1
Pkt 192 800 0.24 1
Node 37 40 16.4012
Pkt 47 192 0.244792 1
Pkt 39 160 0.24375 1
Node 36 58 16.1245
Pkt 96 400 0.24 1
Pkt 77 320 0.240625 1
Rate:482.917
==========
==========35
5 0 2 24000
Node 25 29 32.6497
Pkt 24 100 0.24 1
Pkt 60 250 0.24 1
Node 44 65 16.1555
Pkt 90 375 0.24 1
Pkt 72 300 0.24 1
Node 50 44 6
Pkt 180 750 0.24 1
Pkt 180 750 0.24 1
Node 53 72 22.2036
Pkt 58 240 0.241667 1
Pkt 48 200 0.24 1
Node 53 47 4.24264
Pkt 116 480 0.241667 1
Pkt 90 375 0.24 1
Rate:480.667
==========
==========36
5 0 2 24000
Node 27 36 26.9258
Pkt 30 125 0.24 1
Pkt 60 250 0.24 1
Node 32 65 23.4307
Pkt 90 375 0.24 1
Pkt 77 320 0.240625 1
Node 40 35 18.0278
Pkt 180 750 0.24 1
Pkt 180 750 0.24 1
Node 52 70 20.0998
Pkt 58 240 0.241667 1
Pkt 36 150 0.24 1
Node 25 32 30.8058
Pkt 90 375 0.24 1
Pkt 96 400 0.24 1
Rate:480.458
==========
==========37
5 0 2 24000
Node 65 43 16.5529
Pkt 29 120 0.241667 1
Pkt 58 240 0.241667 1
Node 45 61 12.083
Pkt 72 300 0.24 1
Pkt 77 320 0.240625 1
Node 72 25 33.3017
Pkt 192 800 0.24 1
Pkt 180 750 0.24 1
Node 29 38 24.1868
Pkt 48 200 0.24 1
Pkt 30 125 0.24 1
Node 56 47 6.7082
Pkt 96 400 0.24 1
Pkt 77 320 0.240625 1
Rate:480.917
==========
==========38
5 0 2 24000
Node 41 52 9.21954
Pkt 60 250 0.24 1
Pkt 29 120 0.241667 1
Node 49 29 21.0238
Pkt 96 400 0.24 1
Pkt 77 320 0.240625 1
Node 25 62 27.7308
Pkt 192 800 0.24 1
Pkt 192 800 0.24 1
Node 62 69 22.4722
Pkt 47 192 0.244792 1
Pkt 30 125 0.24 1
Node 27 33 28.6007
Pkt 116 480 0.241667 1
Pkt 96 400 0.24 1
Rate:481.75
==========
==========39
5 0 2 24000
Node 67 39 20.2485
Pkt 60 250 0.24 1
Pkt 29 120 0.241667 1
Node 39 29 23.7065
Pkt 96 400 0.24 1
Pkt 116 480 0.241667 1
Node 29 34 26.4008
Pkt 180 750 0.24 1
Pkt 180 750 0.24 1
Node 56 43 9.21954
Pkt 39 160 0.24375 1
Pkt 30 125 0.24 1
Node 51 74 24.0208
Pkt 96 400 0.24 1
Pkt 90 375 0.24 1
Rate:481.417
==========
==========40
5 0 2 24000
Node 44 65 16.1555
Pkt 30 125 0.24 1
Pkt 39 160 0.24375 1
Node 29 45 21.587
Pkt 77 320 0.240625 1
Pkt 77 320 0.240625 1
Node 73 49 23.0217
Pkt 180 750 0.24 1
Pkt 192 800 0.24 1
Node 34 46 16.4924
Pkt 24 100 0.24 1
Pkt 47 192 0.244792 1
Node 62 30 23.3238
Pkt 72 300 0.24 1
Pkt 77 320 0.240625 1
Rate:482.083
==========
==========41
5 0 2 24000
Node 28 48 22.0907
Pkt 30 125 0.24 1
Pkt 47 192 0.244792 1
Node 63 61 17.0294
Pkt 96 400 0.24 1
Pkt 90 375 0.24 1
Node 27 34 28.0179
Pkt 192 800 0.24 1
Pkt 180 750 0.24 1
Node 36 30 24.4131
Pkt 60 250 0.24 1
Pkt 60 250 0.24 1
Node 25 30 32.0156
Pkt 72 300 0.24 1
Pkt 90 375 0.24 1
Rate:480.958
==========
==========42
5 0 2 24000
Node 44 38 13.4164
Pkt 39 160 0.24375 1
Pkt 58 240 0.241667 1
Node 73 57 24.0416
Pkt 77 320 0.240625 1
Pkt 77 320 0.240625 1
Node 71 49 21.0238
Pkt 192 800 0.24 1
Pkt 180 750 0.24 1
Node 53 36 14.3178
Pkt 29 120 0.241667 1
Pkt 58 240 0.241667 1
Node 66 48 16.1245
Pkt 116 480 0.241667 1
Pkt 116 480 0.241667 1
Rate:482.667
==========
==========43
5 0 2 24000
Node 58 41 12.0416
Pkt 36 150 0.24 1
Pkt 24 100 0.24 1
Node 53 63 13.3417
Pkt 96 400 0.24 1
Pkt 90 375 0.24 1
Node 27 64 26.9258
Pkt 180 750 0.24 1
Pkt 180 750 0.24 1
Node 58 56 10
Pkt 39 160 0.24375 1
Pkt 60 250 0.24 1
Node 37 54 13.6015
Pkt 96 400 0.24 1
Pkt 72 300 0.24 1
Rate:480.75
==========
==========44
5 0 2 24000
Node 67 48 17.1172
Pkt 60 250 0.24 1
Pkt 60 250 0.24 1
Node 65 65 21.2132
Pkt 90 375 0.24 1
Pkt 96 400 0.24 1
Node 66 29 26.4008
Pkt 192 800 0.24 1
Pkt 192 800 0.24 1
Node 27 41 24.6982
Pkt 48 200 0.24 1
Pkt 48 200 0.24 1
Node 54 46 5.65685
Pkt 116 480 0.241667 1
Pkt 96 400 0.24 1
Rate:480.333
==========
==========45
5 0 2 24000
Node 55 37 13.9284
Pkt 47 192 0.244792 1
Pkt 60 250 0.24 1
Node 74 66 28.8444
Pkt 77 320 0.240625 1
Pkt 77 320 0.240625 1
Node 44 28 22.8035
Pkt 180 750 0.24 1
Pkt 180 750 0.24 1
Node 53 26 24.1868
Pkt 60 250 0.24 1
Pkt 48 200 0.24 1
Node 25 64 28.6531
Pkt 116 480 0.241667 1
Pkt 72 300 0.24 1
Rate:481.542
==========
==========46
5 0 2 24000
Node 54 69 19.4165
Pkt 30 125 0.24 1
Pkt 39 160 0.24375 1
Node 65 74 28.3019
Pkt 77 320 0.240625 1
Pkt 116 480 0.241667 1
Node 46 46 5.65685
Pkt 180 750 0.24 1
Pkt 192 800 0.24 1
Node 53 43 7.61577
Pkt 24 100 0.24 1
Pkt 48 200 0.24 1
Node 63 69 23.0217
Pkt 72 300 0.24 1
Pkt 96 400 0.24 1
Rate:481.208
==========
==========47
5 0 2 24000
Node 45 61 12.083
Pkt 36 150 0.24 1
Pkt 30 125 0.24 1
Node 71 42 22.4722
Pkt 116 480 0.241667 1
Pkt 96 400 0.24 1
Node 36 55 14.8661
Pkt 192 800 0.24 1
Pkt 180 750 0.24 1
Node 50 68 18
Pkt 24 100 0.24 1
Pkt 29 120 0.241667 1
Node 50 35 15
Pkt 96 400 0.24 1
Pkt 116 480 0.241667 1
Rate:481
==========
==========48
5 0 2 24000
Node 68 46 18.4391
Pkt 30 125 0.24 1
Pkt 47 192 0.244792 1
Node 73 43 24.0416
Pkt 96 400 0.24 1
Pkt 72 300 0.24 1
Node 71 28 30.4138
Pkt 192 800 0.24 1
Pkt 180 750 0.24 1
Node 62 30 23.3238
Pkt 47 192 0.244792 1
Pkt 60 250 0.24 1
Node 58 29 22.4722
Pkt 77 320 0.240625 1
Pkt 96 400 0.24 1
Rate:482.042
==========
==========49
5 0 2 24000
Node 42 32 19.6977
Pkt 58 240 0.241667 1
Pkt 30 125 0.24 1
Node 60 73 25.0799
Pkt 72 300 0.24 1
Pkt 116 480 0.241667 1
Node 59 62 15
Pkt 180 750 0.24 1
Pkt 192 800 0.24 1
Node 43 47 7.61577
Pkt 36 150 0.24 1
Pkt 47 192 0.244792 1
Node 52 36 14.1421
Pkt 90 375 0.24 1
Pkt 77 320 0.240625 1
Rate:481.75
==========
==========50
5 0 2 24000
Node 65 63 19.8494
Pkt 39 160 0.24375 1
Pkt 58 240 0.241667 1
Node 51 67 17.0294
Pkt 116 480 0.241667 1
Pkt 96 400 0.24 1
Node 39 73 25.4951
Pkt 192 800 0.24 1
Pkt 192 800 0.24 1
Node 25 71 32.6497
Pkt 30 125 0.24 1
Pkt 47 192 0.244792 1
Node 28 65 26.6271
Pkt 90 375 0.24 1
Pkt 116 480 0.241667 1
Rate:482.708
==========
==========51
5 0 2 24000
Node 28 26 32.5576
Pkt 29 120 0.241667 1
Pkt 30 125 0.24 1
Node 32 52 18.1108
Pkt 116 480 0.241667 1
Pkt 77 320 0.240625 1
Node 74 73 33.2415
Pkt 192 800 0.24 1
Pkt 180 750 0.24 1
Node 28 74 32.5576
Pkt 60 250 0.24 1
Pkt 24 100 0.24 1
Node 31 57 20.2485
Pkt 77 320 0.240625 1
Pkt 72 300 0.24 1
Rate:480.917
==========
==========52
5 0 2 24000
Node 73 49 23.0217
Pkt 58 240 0.241667 1
Pkt 58 240 0.241667 1
Node 29 48 21.095
Pkt 90 375 0.24 1
Pkt 90 375 0.24 1
Node 64 48 14.1421
Pkt 192 800 0.24 1
Pkt 192 800 0.24 1
Node 51 43 7.07107
Pkt 48 200 0.24 1
Pkt 24 100 0.24 1
Node 59 44 10.8167
Pkt 72 300 0.24 1
Pkt 77 320 0.240625 1
Rate:480.792
==========
==========53
5 0 2 24000
Node 56 74 24.7386
Pkt 48 200 0.24 1
Pkt 30 125 0.24 1
Node 50 45 5
Pkt 72 300 0.24 1
Pkt 116 480 0.241667 1
Node 46 40 10.7703
Pkt 180 750 0.24 1
Pkt 192 800 0.24 1
Node 29 48 21.095
Pkt 60 250 0.24 1
Pkt 47 192 0.244792 1
Node 44 54 7.2111
Pkt 96 400 0.24 1
Pkt 90 375 0.24 1
Rate:481.292
==========
==========54
5 0 2 24000
Node 67 33 24.0416
Pkt 48 200 0.24 1
Pkt 24 100 0.24 1
Node 54 29 21.3776
Pkt 116 480 0.241667 1
Pkt 116 480 0.241667 1
Node 71 58 22.4722
Pkt 192 800 0.24 1
Pkt 180 750 0.24 1
Node 58 26 25.2982
Pkt 39 160 0.24375 1
Pkt 36 150 0.24 1
Node 58 60 12.8062
Pkt 77 320 0.240625 1
Pkt 96 400 0.24 1
Rate:481.542
==========
==========55
5 0 2 24000
Node 54 33 17.4642
Pkt 47 192 0.244792 1
Pkt 39 160 0.24375 1
Node 58 56 10
Pkt 96 400 0.24 1
Pkt 77 320 0.240625 1
Node 54 41 9.84886
Pkt 180 750 0.24 1
Pkt 192 800 0.24 1
Node 47 36 14.3178
Pkt 39 160 0.24375 1
Pkt 29 120 0.241667 1
Node 26 71 31.8904
Pkt 72 300 0.24 1
Pkt 96 400 0.24 1
Rate:482.917
==========
==========56
5 0 2 24000
Node 73 32 29.2062
Pkt 47 192 0.244792 1
Pkt 30 125 0.24 1
Node 44 45 7.81025
Pkt 77 320 0.240625 1
Pkt 116 480 0.241667 1
Node 35 41 17.4929
Pkt 192 800 0.24 1
Pkt 180 750 0.24 1
Node 69 32 26.1725
Pkt 24 100 0.24 1
Pkt 36 150 0.24 1
Node 49 30 20.025
Pkt 77 320 0.240625 1
Pkt 96 400 0.24 1
Rate:481.542
==========
==========57
5 0 2 24000
Node 69 38 22.4722
Pkt 48 200 0.24 1
Pkt 60 250 0.24 1
Node 61 65 18.6011
Pkt 72 300 0.24 1
Pkt 90 375 0.24 1
Node 39 26 26.4008
Pkt 180 750 0.24 1
Pkt 192 800 0.24 1
Node 32 33 24.7588
Pkt 24 100 0.24 1
Pkt 58 240 0.241667 1
Node 53 54 5
Pkt 72 300 0.24 1
Pkt 72 300 0.24 1
Rate:480.333
==========
==========58
5 0 2 24000
Node 66 39 19.4165
Pkt 24 100 0.24 1
Pkt 29 120 0.241667 1
Node 53 66 16.2788
Pkt 90 375 0.24 1
Pkt 90 375 0.24 1
Node 69 72 29.0689
Pkt 192 800 0.24 1
Pkt 192 800 0.24 1
Node 30 70 28.2843
Pkt 60 250 0.24 1
Pkt 30 125 0.24 1
Node 73 73 32.5269
Pkt 116 480 0.241667 1
Pkt 77 320 0.240625 1
Rate:480.792
==========
==========59
5 0 2 24000
Node 36 51 14.0357
Pkt 29 120 0.241667 1
Pkt 36 150 0.24 1
Node 43 29 22.1359
Pkt 77 320 0.240625 1
Pkt 116 480 0.241667 1
Node 43 57 9.89949
Pkt 192 800 0.24 1
Pkt 192 800 0.24 1
Node 44 46 7.2111
Pkt 39 160 0.24375 1
Pkt 48 200 0.24 1
Node 72 62 25.0599
Pkt 77 320 0.240625 1
Pkt 77 320 0.240625 1
Rate:481.792
==========
==========60
5 0 2 24000
Node 72 65 26.6271
Pkt 36 150 0.24 1
Pkt 30 125 0.24 1
Node 38 31 22.4722
Pkt 90 375 0.24 1
Pkt 96 400 0.24 1
Node 36 53 14.3178
Pkt 192 800 0.24 1
Pkt 180 750 0.24 1
Node 40 64 17.2047
Pkt 36 150 0.24 1
Pkt 29 120 0.241667 1
Node 50 37 13
Pkt 72 300 0.24 1
Pkt 72 300 0.24 1
Rate:480.333
==========
==========61
5 0 2 24000
Node 49 71 21.0238
Pkt 47 192 0.244792 1
Pkt 29 120 0.241667 1
Node 45 70 20.6155
Pkt 90 375 0.24 1
Pkt 77 320 0.240625 1
Node 50 63 13
Pkt 192 800 0.24 1
Pkt 180 750 0.24 1
Node 37 26 27.2947
Pkt 60 250 0.24 1
Pkt 29 120 0.241667 1
Node 61 56 12.53
Pkt 72 300 0.24 1
Pkt 96 400 0.24 1
Rate:481.75
==========
==========62
5 0 2 24000
Node 59 26 25.632
Pkt 29 120 0.241667 1
Pkt 24 100 0.24 1
Node 44 73 23.7697
Pkt 116 480 0.241667 1
Pkt 116 480 0.241667 1
Node 42 48 8.24621
Pkt 192 800 0.24 1
Pkt 192 800 0.24 1
Node 55 72 22.561
Pkt 24 100 0.24 1
Pkt 29 120 0.241667 1
Node 45 49 5.09902
Pkt 96 400 0.24 1
Pkt 96 400 0.24 1
Rate:481.333
==========
==========63
5 0 2 24000
Node 33 45 17.72
Pkt 60 250 0.24 1
Pkt 58 240 0.241667 1
Node 52 55 5.38516
Pkt 72 300 0.24 1
Pkt 96 400 0.24 1
Node 44 49 6.08276
Pkt 192 800 0.24 1
Pkt 192 800 0.24 1
Node 61 34 19.4165
Pkt 39 160 0.24375 1
Pkt 30 125 0.24 1
Node 72 41 23.7697
Pkt 116 480 0.241667 1
Pkt 116 480 0.241667 1
Rate:481.75
==========
==========64
5 0 2 24000
Node 68 65 23.4307
Pkt 48 200 0.24 1
Pkt 48 200 0.24 1
Node 38 41 15
Pkt 96 400 0.24 1
Pkt 116 480 0.241667 1
Node 27 65 27.4591
Pkt 192 800 0.24 1
Pkt 192 800 0.24 1
Node 37 61 17.0294
Pkt 29 120 0.241667 1
Pkt 58 240 0.241667 1
Node 33 59 19.2354
Pkt 96 400 0.24 1
Pkt 77 320 0.240625 1
Rate:481.125
==========
==========65
5 0 2 24000
Node 48 29 21.095
Pkt 36 150 0.24 1
Pkt 39 160 0.24375 1
Node 38 39 16.2788
Pkt 96 400 0.24 1
Pkt 72 300 0.24 1
Node 56 42 10
Pkt 180 750 0.24 1
Pkt 192 800 0.24 1
Node 42 32 19.6977
Pkt 39 160 0.24375 1
Pkt 39 160 0.24375 1
Node 56 68 18.9737
Pkt 116 480 0.241667 1
Pkt 72 300 0.24 1
Rate:482.583
==========
==========66
5 0 2 24000
Node 41 49 9.05539
Pkt 29 120 0.241667 1
Pkt 29 120 0.241667 1
Node 55 25 25.4951
Pkt 116 480 0.241667 1
Pkt 72 300 0.24 1
Node 62 46 12.6491
Pkt 192 800 0.24 1
Pkt 192 800 0.24 1
Node 34 35 21.9317
Pkt 48 200 0.24 1
Pkt 29 120 0.241667 1
Node 60 59 13.4536
Pkt 96 400 0.24 1
Pkt 90 375 0.24 1
Rate:481.333
==========
==========67
5 0 2 24000
Node 68 55 18.6815
Pkt 24 100 0.24 1
Pkt 39 160 0.24375 1
Node 73 50 23
Pkt 72 300 0.24 1
Pkt 77 320 0.240625 1
Node 32 67 24.7588
Pkt 192 800 0.24 1
Pkt 180 750 0.24 1
Node 58 27 24.3516
Pkt 58 240 0.241667 1
Pkt 36 150 0.24 1
Node 72 56 22.8035
Pkt 72 300 0.24 1
Pkt 77 320 0.240625 1
Rate:481.333
==========
==========68
5 0 2 24000
Node 26 42 25.2982
Pkt 30 125 0.24 1
Pkt 48 200 0.24 1
Node 44 27 23.7697
Pkt 72 300 0.24 1
Pkt 116 480 0.241667 1
Node 74 39 26.4008
Pkt 180 750 0.24 1
Pkt 180 750 0.24 1
Node 31 32 26.1725
Pkt 39 160 0.24375 1
Pkt 39 160 0.24375 1
Node 59 72 23.7697
Pkt 72 300 0.24 1
Pkt 90 375 0.24 1
Rate:481.833
==========
==========69
5 0 2 24000
Node 59 55 10.2956
Pkt 60 250 0.24 1
Pkt 29 120 0.241667 1
Node 39 67 20.2485
Pkt 72 300 0.24 1
Pkt 90 375 0.24 1
Node 67 67 24.0416
Pkt 180 750 0.24 1
Pkt 192 800 0.24 1
Node 41 25 26.5707
Pkt 29 120 0.241667 1
Pkt 29 120 0.241667 1
Node 34 61 19.4165
Pkt 116 480 0.241667 1
Pkt 72 300 0.24 1
Rate:481.333
==========
==========70
5 0 2 24000
Node 67 60 19.7231
Pkt 48 200 0.24 1
Pkt 29 120 0.241667 1
Node 64 44 15.2315
Pkt 116 480 0.241667 1
Pkt 96 400 0.24 1
Node 43 26 25
Pkt 180 750 0.24 1
Pkt 192 800 0.24 1
Node 25 69 31.4006
Pkt 39 160 0.24375 1
Pkt 30 125 0.24 1
Node 61 27 25.4951
Pkt 72 300 0.24 1
Pkt 96 400 0.24 1
Rate:481.417
==========
==========71
5 0 2 24000
Node 67 62 20.8087
Pkt 36 150 0.24 1
Pkt 47 192 0.244792 1
Node 37 34 20.6155
Pkt 90 375 0.24 1
Pkt 116 480 0.241667 1
Node 53 55 5.83095
Pkt 180 750 0.24 1
Pkt 180 750 0.24 1
Node 37 55 13.9284
Pkt 29 120 0.241667 1
Pkt 58 240 0.241667 1
Node 44 41 10.8167
Pkt 77 320 0.240625 1
Pkt 116 480 0.241667 1
Rate:482.417
==========
==========72
5 0 2 24000
Node 61 40 14.8661
Pkt 39 160 0.24375 1
Pkt 36 150 0.24 1
Node 74 54 24.3311
Pkt 116 480 0.241667 1
Pkt 90 375 0.24 1
Node 74 70 31.241
Pkt 192 800 0.24 1
Pkt 180 750 0.24 1
Node 39 65 18.6011
Pkt 36 150 0.24 1
Pkt 30 125 0.24 1
Node 49 32 18.0278
Pkt 90 375 0.24 1
Pkt 116 480 0.241667 1
Rate:481.417
==========
==========73
5 0 2 24000
Node 25 74 34.6554
Pkt 30 125 0.24 1
Pkt 39 160 0.24375 1
Node 27 47 23.1948
Pkt 116 480 0.241667 1
Pkt 72 300 0.24 1
Node 64 58 16.1245
Pkt 192 800 0.24 1
Pkt 180 750 0.24 1
Node 65 47 15.2971
Pkt 58 240 0.241667 1
Pkt 24 100 0.24 1
Node 60 36 17.2047
Pkt 96 400 0.24 1
Pkt 116 480 0.241667 1
Rate:481.75
==========
==========74
5 0 2 24000
Node 43 51 7.07107
Pkt 47 192 0.244792 1
Pkt 47 192 0.244792 1
Node 59 40 13.4536
Pkt 90 375 0.24 1
Pkt 96 400 0.24 1
Node 46 45 6.40312
Pkt 192 800 0.24 1
Pkt 180 750 0.24 1
Node 43 48 7.28011
Pkt 60 250 0.24 1
Pkt 30 125 0.24 1
Node 66 62 20
Pkt 90 375 0.24 1
Pkt 96 400 0.24 1
Rate:481.917
==========
==========75
5 0 2 24000
Node 30 31 27.5862
Pkt 24 100 0.24 1
Pkt 48 200 0.24 1
Node 62 52 12.1655
Pkt 96 400 0.24 1
Pkt 90 375 0.24 1
Node 72 38 25.0599
Pkt 180 750 0.24 1
Pkt 192 800 0.24 1
Node 61 51 11.0454
Pkt 60 250 0.24 1
Pkt 58 240 0.241667 1
Node 72 30 29.7321
Pkt 90 375 0.24 1
Pkt 96 400 0.24 1
Rate:480.333
==========
==========76
5 0 2 24000
Node 60 30 22.3607
Pkt 39 160 0.24375 1
Pkt 60 250 0.24 1
Node 49 62 12.0416
Pkt 90 375 0.24 1
Pkt 116 480 0.241667 1
Node 43 58 10.6301
Pkt 180 750 0.24 1
Pkt 192 800 0.24 1
Node 51 70 20.025
Pkt 60 250 0.24 1
Pkt 39 160 0.24375 1
Node 58 27 24.3516
Pkt 77 320 0.240625 1
Pkt 72 300 0.24 1
Rate:481.958
==========
==========77
5 0 2 24000
Node 72 31 29.0689
Pkt 24 100 0.24 1
Pkt 39 160 0.24375 1
Node 43 69 20.2485
Pkt 72 300 0.24 1
Pkt 96 400 0.24 1
Node 37 63 18.3848
Pkt 180 750 0.24 1
Pkt 180 750 0.24 1
Node 43 55 8.60233
Pkt 30 125 0.24 1
Pkt 60 250 0.24 1
Node 68 46 18.4391
Pkt 116 480 0.241667 1
Pkt 90 375 0.24 1
Rate:481.083
==========
==========78
5 0 2 24000
Node 43 45 8.60233
Pkt 48 200 0.24 1
Pkt 24 100 0.24 1
Node 56 72 22.8035
Pkt 116 480 0.241667 1
Pkt 72 300 0.24 1
Node 60 71 23.2594
Pkt 180 750 0.24 1
Pkt 192 800 0.24 1
Node 42 72 23.4094
Pkt 24 100 0.24 1
Pkt 29 120 0.241667 1
Node 73 58 24.3516
Pkt 72 300 0.24 1
Pkt 116 480 0.241667 1
Rate:481
==========
==========79
5 0 2 24000
Node 32 33 24.7588
Pkt 47 192 0.244792 1
Pkt 47 192 0.244792 1
Node 39 41 14.2127
Pkt 90 375 0.24 1
Pkt 72 300 0.24 1
Node 31 64 23.6008
Pkt 192 800 0.24 1
Pkt 192 800 0.24 1
Node 58 35 17
Pkt 48 200 0.24 1
Pkt 60 250 0.24 1
Node 69 42 20.6155
Pkt 96 400 0.24 1
Pkt 96 400 0.24 1
Rate:481.917
==========
==========80
5 0 2 24000
Node 29 53 21.2132
Pkt 47 192 0.244792 1
Pkt 60 250 0.24 1
Node 42 35 17
Pkt 116 480 0.241667 1
Pkt 116 480 0.241667 1
Node 29 40 23.2594
Pkt 192 800 0.24 1
Pkt 180 750 0.24 1
Node 59 60 13.4536
Pkt 58 240 0.241667 1
Pkt 24 100 0.24 1
Node 47 67 17.2627
Pkt 116 480 0.241667 1
Pkt 77 320 0.240625 1
Rate:482.417
==========
==========81
5 0 2 24000
Node 55 72 22.561
Pkt 47 192 0.244792 1
Pkt 47 192 0.244792 1
Node 27 39 25.4951
Pkt 72 300 0.24 1
Pkt 116 480 0.241667 1
Node 47 37 13.3417
Pkt 180 750 0.24 1
Pkt 192 800 0.24 1
Node 39 37 17.0294
Pkt 30 125 0.24 1
Pkt 36 150 0.24 1
Node 57 68 19.3132
Pkt 77 320 0.240625 1
Pkt 116 480 0.241667 1
Rate:482.708
==========
==========82
5 0 2 24000
Node 38 39 16.2788
Pkt 36 150 0.24 1
Pkt 48 200 0.24 1
Node 35 67 22.6716
Pkt 72 300 0.24 1
Pkt 96 400 0.24 1
Node 49 41 9.05539
Pkt 192 800 0.24 1
Pkt 180 750 0.24 1
Node 62 39 16.2788
Pkt 58 240 0.241667 1
Pkt 47 192 0.244792 1
Node 36 63 19.105
Pkt 116 480 0.241667 1
Pkt 96 400 0.24 1
Rate:481.625
==========
==========83
5 0 2 24000
Node 74 54 24.3311
Pkt 47 192 0.244792 1
Pkt 29 120 0.241667 1
Node 55 67 17.72
Pkt 90 375 0.24 1
Pkt 96 400 0.24 1
Node 57 42 10.6301
Pkt 180 750 0.24 1
Pkt 192 800 0.24 1
Node 57 71 22.1359
Pkt 48 200 0.24 1
Pkt 48 200 0.24 1
Node 58 71 22.4722
Pkt 90 375 0.24 1
Pkt 77 320 0.240625 1
Rate:481.417
==========
==========84
5 0 2 24000
Node 42 57 10.6301
Pkt 58 240 0.241667 1
Pkt 24 100 0.24 1
Node 62 41 15
Pkt 96 400 0.24 1
Pkt 90 375 0.24 1
Node 45 71 21.587
Pkt 192 800 0.24 1
Pkt 192 800 0.24 1
Node 40 54 10.7703
Pkt 29 120 0.241667 1
Pkt 36 150 0.24 1
Node 33 35 22.6716
Pkt 72 300 0.24 1
Pkt 116 480 0.241667 1
Rate:481
==========
==========85
5 0 2 24000
Node 60 28 24.1661
Pkt 48 200 0.24 1
Pkt 47 192 0.244792 1
Node 65 72 26.6271
Pkt 72 300 0.24 1
Pkt 116 480 0.241667 1
Node 39 37 17.0294
Pkt 180 750 0.24 1
Pkt 180 750 0.24 1
Node 74 25 34.6554
Pkt 58 240 0.241667 1
Pkt 29 120 0.241667 1
Node 41 30 21.9317
Pkt 90 375 0.24 1
Pkt 116 480 0.241667 1
Rate:482.292
==========
==========86
5 0 2 24000
Node 34 53 16.2788
Pkt 47 192 0.244792 1
Pkt 39 160 0.24375 1
Node 66 30 25.6125
Pkt 96 400 0.24 1
Pkt 116 480 0.241667 1
Node 34 42 17.8885
Pkt 192 800 0.24 1
Pkt 180 750 0.24 1
Node 62 29 24.1868
Pkt 48 200 0.24 1
Pkt 39 160 0.24375 1
Node 39 72 24.5967
Pkt 90 375 0.24 1
Pkt 72 300 0.24 1
Rate:482.792
==========
==========87
5 0 2 24000
Node 55 63 13.9284
Pkt 58 240 0.241667 1
Pkt 29 120 0.241667 1
Node 61 73 25.4951
Pkt 116 480 0.241667 1
Pkt 96 400 0.24 1
Node 67 74 29.4109
Pkt 192 800 0.24 1
Pkt 192 800 0.24 1
Node 29 64 25.2389
Pkt 58 240 0.241667 1
Pkt 58 240 0.241667 1
Node 72 63 25.5539
Pkt 72 300 0.24 1
Pkt 77 320 0.240625 1
Rate:481.792
==========
==========88
5 0 2 24000
Node 44 71 21.8403
Pkt 48 200 0.24 1
Pkt 47 192 0.244792 1
Node 46 37 13.6015
Pkt 96 400 0.24 1
Pkt 72 300 0.24 1
Node 67 74 29.4109
Pkt 192 800 0.24 1
Pkt 192 800 0.24 1
Node 65 56 16.1555
Pkt 39 160 0.24375 1
Pkt 36 150 0.24 1
Node 68 47 18.2483
Pkt 116 480 0.241667 1
Pkt 96 400 0.24 1
Rate:482.042
==========
==========89
5 0 2 24000
Node 62 45 13
Pkt 47 192 0.244792 1
Pkt 60 250 0.24 1
Node 54 70 20.3961
Pkt 72 300 0.24 1
Pkt 72 300 0.24 1
Node 32 40 20.5913
Pkt 192 800 0.24 1
Pkt 180 750 0.24 1
Node 72 36 26.0768
Pkt 30 125 0.24 1
Pkt 36 150 0.24 1
Node 50 38 12
Pkt 72 300 0.24 1
Pkt 72 300 0.24 1
Rate:480.958
==========
==========90
5 0 2 24000
Node 38 31 22.4722
Pkt 24 100 0.24 1
Pkt 30 125 0.24 1
Node 73 30 30.4795
Pkt 90 375 0.24 1
Pkt 72 300 0.24 1
Node 28 74 32.5576
Pkt 180 750 0.24 1
Pkt 192 800 0.24 1
Node 74 25 34.6554
Pkt 24 100 0.24 1
Pkt 58 240 0.241667 1
Node 35 65 21.2132
Pkt 116 480 0.241667 1
Pkt 116 480 0.241667 1
Rate:481
==========
==========91
5 0 2 24000
Node 45 62 13
Pkt 39 160 0.24375 1
Pkt 29 120 0.241667 1
Node 56 46 7.2111
Pkt 72 300 0.24 1
Pkt 116 480 0.241667 1
Node 39 68 21.095
Pkt 180 750 0.24 1
Pkt 192 800 0.24 1
Node 26 51 24.0208
Pkt 30 125 0.24 1
Pkt 24 100 0.24 1
Node 28 27 31.8277
Pkt 90 375 0.24 1
Pkt 90 375 0.24 1
Rate:481.417
==========
==========92
5 0 2 24000
Node 70 67 26.2488
Pkt 48 200 0.24 1
Pkt 24 100 0.24 1
Node 36 36 19.799
Pkt 77 320 0.240625 1
Pkt 96 400 0.24 1
Node 56 25 25.7099
Pkt 192 800 0.24 1
Pkt 180 750 0.24 1
Node 41 58 12.0416
Pkt 30 125 0.24 1
Pkt 60 250 0.24 1
Node 68 61 21.095
Pkt 90 375 0.24 1
Pkt 77 320 0.240625 1
Rate:480.25
==========
==========93
5 0 2 24000
Node 56 40 11.6619
Pkt 30 125 0.24 1
Pkt 47 192 0.244792 1
Node 52 68 18.1108
Pkt 116 480 0.241667 1
Pkt 90 375 0.24 1
Node 57 54 8.06226
Pkt 192 800 0.24 1
Pkt 180 750 0.24 1
Node 26 59 25.632
Pkt 36 150 0.24 1
Pkt 24 100 0.24 1
Node 53 66 16.2788
Pkt 72 300 0.24 1
Pkt 90 375 0.24 1
Rate:481.292
==========
==========94
5 0 2 24000
Node 63 56 14.3178
Pkt 60 250 0.24 1
Pkt 29 120 0.241667 1
Node 36 29 25.2389
Pkt 116 480 0.241667 1
Pkt 90 375 0.24 1
Node 29 27 31.1448
Pkt 180 750 0.24 1
Pkt 192 800 0.24 1
Node 48 72 22.0907
Pkt 58 240 0.241667 1
Pkt 36 150 0.24 1
Node 53 59 9.48683
Pkt 72 300 0.24 1
Pkt 116 480 0.241667 1
Rate:481.333
==========
==========95
5 0 2 24000
Node 63 60 16.4012
Pkt 58 240 0.241667 1
Pkt 39 160 0.24375 1
Node 73 73 32.5269
Pkt 116 480 0.241667 1
Pkt 116 480 0.241667 1
Node 43 34 17.4642
Pkt 192 800 0.24 1
Pkt 180 750 0.24 1
Node 35 53 15.2971
Pkt 36 150 0.24 1
Pkt 48 200 0.24 1
Node 35 49 15.0333
Pkt 116 480 0.241667 1
Pkt 116 480 0.241667 1
Rate:482.417
==========
==========96
5 0 2 24000
Node 73 53 23.1948
Pkt 60 250 0.24 1
Pkt 29 120 0.241667 1
Node 31 50 19
Pkt 72 300 0.24 1
Pkt 96 400 0.24 1
Node 61 46 11.7047
Pkt 192 800 0.24 1
Pkt 192 800 0.24 1
Node 70 72 29.7321
Pkt 39 160 0.24375 1
Pkt 58 240 0.241667 1
Node 72 54 22.3607
Pkt 116 480 0.241667 1
Pkt 72 300 0.24 1
Rate:481.75
==========
==========97
5 0 2 24000
Node 44 71 21.8403
Pkt 30 125 0.24 1
Pkt 24 100 0.24 1
Node 64 55 14.8661
Pkt 77 320 0.240625 1
Pkt 72 300 0.24 1
Node 40 62 15.6205
Pkt 180 750 0.24 1
Pkt 180 750 0.24 1
Node 54 55 6.40312
Pkt 47 192 0.244792 1
Pkt 60 250 0.24 1
Node 74 63 27.2947
Pkt 116 480 0.241667 1
Pkt 90 375 0.24 1
Rate:481.417
==========
==========98
5 0 2 24000
Node 49 34 16.0312
Pkt 47 192 0.244792 1
Pkt 60 250 0.24 1
Node 65 60 18.0278
Pkt 77 320 0.240625 1
Pkt 77 320 0.240625 1
Node 60 28 24.1661
Pkt 180 750 0.24 1
Pkt 192 800 0.24 1
Node 35 34 21.9317
Pkt 58 240 0.241667 1
Pkt 60 250 0.24 1
Node 70 39 22.8254
Pkt 90 375 0.24 1
Pkt 77 320 0.240625 1
Rate:481.667
==========
==========99
