5 0 2 24000
Node 36 53 14.3178
Pkt 15 125 0.12 1
Pkt 12 100 0.12 1
Node 56 39 12.53
Pkt 48 400 0.12 1
Pkt 58 480 0.120833 1
Node 67 67 24.0416
Pkt 96 800 0.12 1
Pkt 96 800 0.12 1
Node 53 31 19.2354
Pkt 15 125 0.12 1
Pkt 29 240 0.120833 1
Node 73 44 23.7697
Pkt 58 480 0.120833 1
Pkt 45 375 0.12 1
Rate:240.5
==========
==========0
5 0 2 24000
Node 70 45 20.6155
Pkt 18 150 0.12 1
Pkt 30 250 0.12 1
Node 49 39 11.0454
Pkt 58 480 0.120833 1
Pkt 45 375 0.12 1
Node 26 51 24.0208
Pkt 90 750 0.12 1
Pkt 96 800 0.12 1
Node 28 28 31.1127
Pkt 29 240 0.120833 1
Pkt 15 125 0.12 1
Node 69 54 19.4165
Pkt 45 375 0.12 1
Pkt 48 400 0.12 1
Rate:240.333
==========
==========1
5 0 2 24000
Node 35 65 21.2132
Pkt 15 120 0.125 1
Pkt 15 120 0.125 1
Node 38 70 23.3238
Pkt 39 320 0.121875 1
Pkt 58 480 0.120833 1
Node 31 38 22.4722
Pkt 90 750 0.12 1
Pkt 90 750 0.12 1
Node 26 37 27.2947
Pkt 29 240 0.120833 1
Pkt 29 240 0.120833 1
Node 57 45 8.60233
Pkt 36 300 0.12 1
Pkt 58 480 0.120833 1
Rate:243.042
==========
==========2
5 0 2 24000
Node 27 51 23.0217
Pkt 30 250 0.12 1
Pkt 30 250 0.12 1
Node 28 36 26.0768
Pkt 39 320 0.121875 1
Pkt 58 480 0.120833 1
Node 40 62 15.6205
Pkt 96 800 0.12 1
Pkt 96 800 0.12 1
Node 26 56 24.7386
Pkt 30 250 0.12 1
Pkt 24 192 0.125 1
Node 34 52 16.1245
Pkt 48 400 0.12 1
Pkt 36 300 0.12 1
Rate:241.542
==========
==========3
5 0 2 24000
Node 36 42 16.1245
Pkt 15 125 0.12 1
Pkt 24 192 0.125 1
Node 64 71 25.2389
Pkt 39 320 0.121875 1
Pkt 45 375 0.12 1
Node 64 48 14.1421
Pkt 96 800 0.12 1
Pkt 90 750 0.12 1
Node 58 63 15.2643
Pkt 20 160 0.125 1
Pkt 29 240 0.120833 1
Node 49 38 12.0416
Pkt 48 400 0.12 1
Pkt 48 400 0.12 1
Rate:242.542
==========
==========4
5 0 2 24000
Node 72 46 22.3607
Pkt 15 120 0.125 1
Pkt 24 192 0.125 1
Node 32 65 23.4307
Pkt 36 300 0.12 1
Pkt 58 480 0.120833 1
Node 45 53 5.83095
Pkt 96 800 0.12 1
Pkt 90 750 0.12 1
Node 47 39 11.4018
Pkt 24 192 0.125 1
Pkt 15 120 0.125 1
Node 28 68 28.4253
Pkt 48 400 0.12 1
Pkt 36 300 0.12 1
Rate:244.167
==========
==========5
5 0 2 24000
Node 67 69 25.4951
Pkt 24 200 0.12 1
Pkt 12 100 0.12 1
Node 37 37 18.3848
Pkt 45 375 0.12 1
Pkt 36 300 0.12 1
Node 37 69 23.0217
Pkt 96 800 0.12 1
Pkt 90 750 0.12 1
Node 50 26 24
Pkt 24 192 0.125 1
Pkt 24 192 0.125 1
Node 62 38 16.9706
Pkt 45 375 0.12 1
Pkt 39 320 0.121875 1
Rate:242.375
==========
==========6
5 0 2 24000
Node 44 49 6.08276
Pkt 15 120 0.125 1
Pkt 15 120 0.125 1
Node 66 39 19.4165
Pkt 58 480 0.120833 1
Pkt 48 400 0.12 1
Node 53 63 13.3417
Pkt 90 750 0.12 1
Pkt 96 800 0.12 1
Node 40 72 24.1661
Pkt 24 192 0.125 1
Pkt 24 200 0.12 1
Node 33 46 17.4642
Pkt 48 400 0.12 1
Pkt 39 320 0.121875 1
Rate:243.542
==========
==========7
5 0 2 24000
Node 73 42 24.3516
Pkt 24 192 0.125 1
Pkt 24 200 0.12 1
Node 58 55 9.43398
Pkt 58 480 0.120833 1
Pkt 36 300 0.12 1
Node 36 59 16.6433
Pkt 90 750 0.12 1
Pkt 90 750 0.12 1
Node 53 71 21.2132
Pkt 12 100 0.12 1
Pkt 15 120 0.125 1
Node 42 44 10
Pkt 48 400 0.12 1
Pkt 45 375 0.12 1
Rate:242.167
==========
==========8
5 0 2 24000
Node 26 35 28.3019
Pkt 29 240 0.120833 1
Pkt 24 200 0.12 1
Node 62 61 16.2788
Pkt 58 480 0.120833 1
Pkt 58 480 0.120833 1
Node 59 49 9.05539
Pkt 96 800 0.12 1
Pkt 96 800 0.12 1
Node 62 33 20.8087
Pkt 12 100 0.12 1
Pkt 15 125 0.12 1
Node 56 71 21.8403
Pkt 36 300 0.12 1
Pkt 45 375 0.12 1
Rate:240.5
==========
==========9
5 0 2 24000
Node 37 44 14.3178
Pkt 15 125 0.12 1
Pkt 18 150 0.12 1
Node 25 48 25.0799
Pkt 45 375 0.12 1
Pkt 36 300 0.12 1
Node 53 68 18.2483
Pkt 96 800 0.12 1
Pkt 90 750 0.12 1
Node 57 39 13.0384
Pkt 15 120 0.125 1
Pkt 30 250 0.12 1
Node 55 51 5.09902
Pkt 58 480 0.120833 1
Pkt 48 400 0.12 1
Rate:241.167
==========
==========10
5 0 2 24000
Node 57 48 7.28011
Pkt 15 120 0.125 1
Pkt 24 200 0.12 1
Node 28 30 29.7321
Pkt 36 300 0.12 1
Pkt 39 320 0.121875 1
Node 68 67 24.7588
Pkt 90 750 0.12 1
Pkt 90 750 0.12 1
Node 25 37 28.178
Pkt 30 250 0.12 1
Pkt 15 120 0.125 1
Node 30 55 20.6155
Pkt 39 320 0.121875 1
Pkt 45 375 0.12 1
Rate:242.75
==========
==========11
5 0 2 24000
Node 53 57 7.61577
Pkt 20 160 0.125 1
Pkt 15 120 0.125 1
Node 28 42 23.4094
Pkt 45 375 0.12 1
Pkt 58 480 0.120833 1
Node 67 68 24.7588
Pkt 90 750 0.12 1
Pkt 96 800 0.12 1
Node 66 59 18.3576
Pkt 30 250 0.12 1
Pkt 15 120 0.125 1
Node 44 36 15.2315
Pkt 45 375 0.12 1
Pkt 58 480 0.120833 1
Rate:243.333
==========
==========12
5 0 2 24000
Node 37 54 13.6015
Pkt 24 200 0.12 1
Pkt 12 100 0.12 1
Node 69 58 20.6155
Pkt 39 320 0.121875 1
Pkt 36 300 0.12 1
Node 46 59 9.84886
Pkt 90 750 0.12 1
Pkt 90 750 0.12 1
Node 27 34 28.0179
Pkt 20 160 0.125 1
Pkt 15 120 0.125 1
Node 74 39 26.4008
Pkt 36 300 0.12 1
Pkt 48 400 0.12 1
Rate:242.375
==========
==========13
5 0 2 24000
Node 58 50 8
Pkt 15 125 0.12 1
Pkt 12 100 0.12 1
Node 65 35 21.2132
Pkt 58 480 0.120833 1
Pkt 45 375 0.12 1
Node 65 42 17
Pkt 96 800 0.12 1
Pkt 90 750 0.12 1
Node 61 27 25.4951
Pkt 15 120 0.125 1
Pkt 30 250 0.12 1
Node 55 72 22.561
Pkt 39 320 0.121875 1
Pkt 39 320 0.121875 1
Rate:241.917
==========
==========14
5 0 2 24000
Node 41 40 13.4536
Pkt 24 200 0.12 1
Pkt 15 120 0.125 1
Node 52 45 5.38516
Pkt 58 480 0.120833 1
Pkt 39 320 0.121875 1
Node 56 49 6.08276
Pkt 90 750 0.12 1
Pkt 96 800 0.12 1
Node 62 56 13.4164
Pkt 12 100 0.12 1
Pkt 29 240 0.120833 1
Node 44 61 12.53
Pkt 58 480 0.120833 1
Pkt 58 480 0.120833 1
Rate:242.042
==========
==========15
5 0 2 24000
Node 31 47 19.2354
Pkt 30 250 0.12 1
Pkt 15 120 0.125 1
Node 25 53 25.1794
Pkt 39 320 0.121875 1
Pkt 39 320 0.121875 1
Node 57 59 11.4018
Pkt 90 750 0.12 1
Pkt 96 800 0.12 1
Node 49 60 10.0499
Pkt 15 125 0.12 1
Pkt 20 160 0.125 1
Node 74 38 26.8328
Pkt 45 375 0.12 1
Pkt 45 375 0.12 1
Rate:242.75
==========
==========16
5 0 2 24000
Node 62 57 13.8924
Pkt 18 150 0.12 1
Pkt 20 160 0.125 1
Node 70 44 20.8806
Pkt 58 480 0.120833 1
Pkt 58 480 0.120833 1
Node 72 34 27.2029
Pkt 90 750 0.12 1
Pkt 96 800 0.12 1
Node 63 34 20.6155
Pkt 24 192 0.125 1
Pkt 24 200 0.12 1
Node 59 38 15
Pkt 39 320 0.121875 1
Pkt 36 300 0.12 1
Rate:242.708
==========
==========17
5 0 2 24000
Node 67 44 18.0278
Pkt 30 250 0.12 1
Pkt 18 150 0.12 1
Node 62 48 12.1655
Pkt 36 300 0.12 1
Pkt 45 375 0.12 1
Node 51 61 11.0454
Pkt 90 750 0.12 1
Pkt 90 750 0.12 1
Node 42 39 13.6015
Pkt 15 125 0.12 1
Pkt 30 250 0.12 1
Node 31 65 24.2074
Pkt 48 400 0.12 1
Pkt 39 320 0.121875 1
Rate:240.375
==========
==========18
5 0 2 24000
Node 29 30 29
Pkt 18 150 0.12 1
Pkt 12 100 0.12 1
Node 60 50 10
Pkt 36 300 0.12 1
Pkt 39 320 0.121875 1
Node 58 26 25.2982
Pkt 90 750 0.12 1
Pkt 90 750 0.12 1
Node 27 50 23
Pkt 18 150 0.12 1
Pkt 18 150 0.12 1
Node 41 42 12.0416
Pkt 48 400 0.12 1
Pkt 45 375 0.12 1
Rate:240.375
==========
==========19
5 0 2 24000
Node 72 63 25.5539
Pkt 12 100 0.12 1
Pkt 15 125 0.12 1
Node 33 36 22.0227
Pkt 58 480 0.120833 1
Pkt 36 300 0.12 1
Node 57 44 9.21954
Pkt 90 750 0.12 1
Pkt 96 800 0.12 1
Node 47 36 14.3178
Pkt 18 150 0.12 1
Pkt 18 150 0.12 1
Node 30 70 28.2843
Pkt 36 300 0.12 1
Pkt 48 400 0.12 1
Rate:240.167
==========
==========20
5 0 2 24000
Node 46 39 11.7047
Pkt 15 120 0.125 1
Pkt 18 150 0.12 1
Node 34 50 16
Pkt 45 375 0.12 1
Pkt 48 400 0.12 1
Node 68 33 24.7588
Pkt 90 750 0.12 1
Pkt 90 750 0.12 1
Node 41 33 19.2354
Pkt 20 160 0.125 1
Pkt 15 120 0.125 1
Node 29 35 25.807
Pkt 45 375 0.12 1
Pkt 36 300 0.12 1
Rate:243
==========
==========21
5 0 2 24000
Node 68 50 18
Pkt 15 125 0.12 1
Pkt 24 192 0.125 1
Node 67 31 25.4951
Pkt 45 375 0.12 1
Pkt 48 400 0.12 1
Node 30 26 31.241
Pkt 96 800 0.12 1
Pkt 90 750 0.12 1
Node 35 32 23.4307
Pkt 15 125 0.12 1
Pkt 24 200 0.12 1
Node 34 27 28.0179
Pkt 48 400 0.12 1
Pkt 58 480 0.120833 1
Rate:241.167
==========
==========22
5 0 2 24000
Node 33 30 26.2488
Pkt 15 125 0.12 1
Pkt 29 240 0.120833 1
Node 65 36 20.5183
Pkt 58 480 0.120833 1
Pkt 48 400 0.12 1
Node 68 40 20.5913
Pkt 90 750 0.12 1
Pkt 96 800 0.12 1
Node 39 49 11.0454
Pkt 15 120 0.125 1
Pkt 15 120 0.125 1
Node 55 68 18.6815
Pkt 36 300 0.12 1
Pkt 48 400 0.12 1
Rate:242.333
==========
==========23
5 0 2 24000
Node 40 48 10.198
Pkt 29 240 0.120833 1
Pkt 24 200 0.12 1
Node 42 55 9.43398
Pkt 45 375 0.12 1
Pkt 58 480 0.120833 1
Node 40 50 10
Pkt 90 750 0.12 1
Pkt 90 750 0.12 1
Node 58 58 11.3137
Pkt 30 250 0.12 1
Pkt 15 120 0.125 1
Node 43 49 7.07107
Pkt 36 300 0.12 1
Pkt 45 375 0.12 1
Rate:241.333
==========
==========24
5 0 2 24000
Node 51 58 8.06226
Pkt 29 240 0.120833 1
Pkt 12 100 0.12 1
Node 45 72 22.561
Pkt 48 400 0.12 1
Pkt 36 300 0.12 1
Node 48 28 22.0907
Pkt 96 800 0.12 1
Pkt 90 750 0.12 1
Node 61 44 12.53
Pkt 30 250 0.12 1
Pkt 30 250 0.12 1
Node 62 50 12
Pkt 48 400 0.12 1
Pkt 45 375 0.12 1
Rate:240.167
==========
==========25
5 0 2 24000
Node 71 44 21.8403
Pkt 24 200 0.12 1
Pkt 30 250 0.12 1
Node 66 52 16.1245
Pkt 58 480 0.120833 1
Pkt 39 320 0.121875 1
Node 32 46 18.4391
Pkt 96 800 0.12 1
Pkt 96 800 0.12 1
Node 52 51 2.23607
Pkt 24 200 0.12 1
Pkt 30 250 0.12 1
Node 44 45 7.81025
Pkt 36 300 0.12 1
Pkt 48 400 0.12 1
Rate:240.542
==========
==========26
5 0 2 24000
Node 61 50 11
Pkt 20 160 0.125 1
Pkt 24 192 0.125 1
Node 47 70 20.2237
Pkt 58 480 0.120833 1
Pkt 45 375 0.12 1
Node 50 71 21
Pkt 96 800 0.12 1
Pkt 96 800 0.12 1
Node 27 34 28.0179
Pkt 15 125 0.12 1
Pkt 20 160 0.125 1
Node 26 56 24.7386
Pkt 36 300 0.12 1
Pkt 39 320 0.121875 1
Rate:243.542
==========
==========27
5 0 2 24000
Node 71 67 27.0185
Pkt 24 200 0.12 1
Pkt 20 160 0.125 1
Node 74 30 31.241
Pkt 58 480 0.120833 1
Pkt 58 480 0.120833 1
Node 56 25 25.7099
Pkt 90 750 0.12 1
Pkt 96 800 0.12 1
Node 38 35 19.2094
Pkt 29 240 0.120833 1
Pkt 18 150 0.12 1
Node 39 56 12.53
Pkt 39 320 0.121875 1
Pkt 36 300 0.12 1
Rate:241.875
==========
==========28
5 0 2 24000
Node 53 61 11.4018
Pkt 24 200 0.12 1
Pkt 24 192 0.125 1
Node 37 45 13.9284
Pkt 39 320 0.121875 1
Pkt 39 320 0.121875 1
Node 25 56 25.7099
Pkt 90 750 0.12 1
Pkt 96 800 0.12 1
Node 36 57 15.6525
Pkt 15 125 0.12 1
Pkt 30 250 0.12 1
Node 66 54 16.4924
Pkt 45 375 0.12 1
Pkt 36 300 0.12 1
Rate:241.75
==========
==========29
5 0 2 24000
Node 56 27 23.7697
Pkt 24 192 0.125 1
Pkt 30 250 0.12 1
Node 55 33 17.72
Pkt 45 375 0.12 1
Pkt 36 300 0.12 1
Node 74 32 30
Pkt 96 800 0.12 1
Pkt 90 750 0.12 1
Node 71 53 21.2132
Pkt 15 120 0.125 1
Pkt 29 240 0.120833 1
Node 28 59 23.7697
Pkt 48 400 0.12 1
Pkt 58 480 0.120833 1
Rate:242.333
==========
==========30
5 0 2 24000
Node 25 49 25.02
Pkt 12 100 0.12 1
Pkt 15 120 0.125 1
Node 55 60 11.1803
Pkt 39 320 0.121875 1
Pkt 45 375 0.12 1
Node 60 68 20.5913
Pkt 96 800 0.12 1
Pkt 90 750 0.12 1
Node 66 30 25.6125
Pkt 15 120 0.125 1
Pkt 24 200 0.12 1
Node 64 25 28.6531
Pkt 45 375 0.12 1
Pkt 39 320 0.121875 1
Rate:242.75
==========
==========31
5 0 2 24000
Node 28 55 22.561
Pkt 20 160 0.125 1
Pkt 30 250 0.12 1
Node 73 74 33.2415
Pkt 45 375 0.12 1
Pkt 45 375 0.12 1
Node 30 58 21.5407
Pkt 90 750 0.12 1
Pkt 90 750 0.12 1
Node 49 66 16.0312
Pkt 24 192 0.125 1
Pkt 20 160 0.125 1
Node 52 38 12.1655
Pkt 48 400 0.12 1
Pkt 39 320 0.121875 1
Rate:243.375
==========
==========32
5 0 2 24000
Node 45 39 12.083
Pkt 15 120 0.125 1
Pkt 29 240 0.120833 1
Node 36 33 22.0227
Pkt 36 300 0.12 1
Pkt 39 320 0.121875 1
Node 30 39 22.8254
Pkt 90 750 0.12 1
Pkt 96 800 0.12 1
Node 32 54 18.4391
Pkt 24 192 0.125 1
Pkt 15 125 0.12 1
Node 65 48 15.1327
Pkt 48 400 0.12 1
Pkt 36 300 0.12 1
Rate:242.542
==========
==========33
5 0 2 24000
Node 27 47 23.1948
Pkt 29 240 0.120833 1
Pkt 30 250 0.12 1
Node 51 30 20.025
Pkt 45 375 0.12 1
Pkt 58 480 0.120833 1
Node 55 27 23.5372
Pkt 90 750 0.12 1
Pkt 90 750 0.12 1
Node 43 70 21.1896
Pkt 15 125 0.12 1
Pkt 24 192 0.125 1
Node 39 39 15.5563
Pkt 45 375 0.12 1
Pkt 48 400 0.12 1
Rate:241.333
==========
==========34
5 0 2 24000
Node 55 37 13.9284
Pkt 15 120 0.125 1
Pkt 15 120 0.125 1
Node 64 52 14.1421
Pkt 48 400 0.12 1
Pkt 48 400 0.12 1
Node 37 36 19.105
Pkt 96 800 0.12 1
Pkt 90 750 0.12 1
Node 69 41 21.0238
Pkt 24 200 0.12 1
Pkt 18 150 0.12 1
Node 41 26 25.632
Pkt 39 320 0.121875 1
Pkt 58 480 0.120833 1
Rate:242.542
==========
==========35
5 0 2 24000
Node 57 27 24.0416
Pkt 20 160 0.125 1
Pkt 15 125 0.12 1
Node 48 46 4.47214
Pkt 58 480 0.120833 1
Pkt 45 375 0.12 1
Node 43 57 9.89949
Pkt 90 750 0.12 1
Pkt 90 750 0.12 1
Node 33 36 22.0227
Pkt 12 100 0.12 1
Pkt 20 160 0.125 1
Node 47 66 16.2788
Pkt 45 375 0.12 1
Pkt 39 320 0.121875 1
Rate:242.542
==========
==========36
5 0 2 24000
Node 49 53 3.16228
Pkt 12 100 0.12 1
Pkt 20 160 0.125 1
Node 51 44 6.08276
Pkt 45 375 0.12 1
Pkt 58 480 0.120833 1
Node 28 48 22.0907
Pkt 96 800 0.12 1
Pkt 96 800 0.12 1
Node 56 51 6.08276
Pkt 29 240 0.120833 1
Pkt 30 250 0.12 1
Node 33 47 17.2627
Pkt 48 400 0.12 1
Pkt 58 480 0.120833 1
Rate:241.5
==========
==========37
5 0 2 24000
Node 47 45 5.83095
Pkt 24 200 0.12 1
Pkt 30 250 0.12 1
Node 35 67 22.6716
Pkt 45 375 0.12 1
Pkt 48 400 0.12 1
Node 66 52 16.1245
Pkt 90 750 0.12 1
Pkt 96 800 0.12 1
Node 49 35 15.0333
Pkt 20 160 0.125 1
Pkt 18 150 0.12 1
Node 49 52 2.23607
Pkt 45 375 0.12 1
Pkt 39 320 0.121875 1
Rate:241.375
==========
==========38
5 0 2 24000
Node 41 43 11.4018
Pkt 30 250 0.12 1
Pkt 24 192 0.125 1
Node 65 45 15.8114
Pkt 48 400 0.12 1
Pkt 45 375 0.12 1
Node 73 25 33.9706
Pkt 90 750 0.12 1
Pkt 96 800 0.12 1
Node 51 69 19.0263
Pkt 15 120 0.125 1
Pkt 12 100 0.12 1
Node 49 65 15.0333
Pkt 39 320 0.121875 1
Pkt 48 400 0.12 1
Rate:242.375
==========
==========39
5 0 2 24000
Node 58 47 8.544
Pkt 24 192 0.125 1
Pkt 24 192 0.125 1
Node 67 53 17.2627
Pkt 36 300 0.12 1
Pkt 48 400 0.12 1
Node 57 36 15.6525
Pkt 96 800 0.12 1
Pkt 90 750 0.12 1
Node 49 36 14.0357
Pkt 15 120 0.125 1
Pkt 29 240 0.120833 1
Node 25 70 32.0156
Pkt 36 300 0.12 1
Pkt 39 320 0.121875 1
Rate:243.542
==========
==========40
5 0 2 24000
Node 64 72 26.0768
Pkt 24 200 0.12 1
Pkt 30 250 0.12 1
Node 41 29 22.8473
Pkt 36 300 0.12 1
Pkt 58 480 0.120833 1
Node 47 58 8.544
Pkt 90 750 0.12 1
Pkt 90 750 0.12 1
Node 45 62 13
Pkt 20 160 0.125 1
Pkt 24 192 0.125 1
Node 63 45 13.9284
Pkt 45 375 0.12 1
Pkt 58 480 0.120833 1
Rate:242.333
==========
==========41
5 0 2 24000
Node 48 63 13.1529
Pkt 15 120 0.125 1
Pkt 12 100 0.12 1
Node 55 31 19.6469
Pkt 48 400 0.12 1
Pkt 36 300 0.12 1
Node 45 28 22.561
Pkt 96 800 0.12 1
Pkt 90 750 0.12 1
Node 74 29 31.8904
Pkt 24 200 0.12 1
Pkt 15 120 0.125 1
Node 37 54 13.6015
Pkt 48 400 0.12 1
Pkt 39 320 0.121875 1
Rate:242.375
==========
==========42
5 0 2 24000
Node 65 72 26.6271
Pkt 30 250 0.12 1
Pkt 20 160 0.125 1
Node 34 29 26.4008
Pkt 58 480 0.120833 1
Pkt 48 400 0.12 1
Node 32 70 26.9072
Pkt 90 750 0.12 1
Pkt 90 750 0.12 1
Node 71 50 21
Pkt 29 240 0.120833 1
Pkt 15 125 0.12 1
Node 70 67 26.2488
Pkt 36 300 0.12 1
Pkt 58 480 0.120833 1
Rate:241.5
==========
==========43
5 0 2 24000
Node 37 71 24.6982
Pkt 12 100 0.12 1
Pkt 12 100 0.12 1
Node 73 50 23
Pkt 45 375 0.12 1
Pkt 36 300 0.12 1
Node 64 33 22.0227
Pkt 90 750 0.12 1
Pkt 90 750 0.12 1
Node 59 63 15.8114
Pkt 29 240 0.120833 1
Pkt 29 240 0.120833 1
Node 44 58 10
Pkt 48 400 0.12 1
Pkt 39 320 0.121875 1
Rate:240.708
==========
==========44
5 0 2 24000
Node 47 57 7.61577
Pkt 15 120 0.125 1
Pkt 15 125 0.12 1
Node 45 41 10.2956
Pkt 36 300 0.12 1
Pkt 39 320 0.121875 1
Node 69 32 26.1725
Pkt 90 750 0.12 1
Pkt 96 800 0.12 1
Node 33 44 18.0278
Pkt 24 200 0.12 1
Pkt 15 125 0.12 1
Node 62 48 12.1655
Pkt 58 480 0.120833 1
Pkt 45 375 0.12 1
Rate:241.542
==========
==========45
5 0 2 24000
Node 51 71 21.0238
Pkt 30 250 0.12 1
Pkt 24 200 0.12 1
Node 65 34 21.9317
Pkt 48 400 0.12 1
Pkt 48 400 0.12 1
Node 43 59 11.4018
Pkt 90 750 0.12 1
Pkt 90 750 0.12 1
Node 58 27 24.3516
Pkt 15 120 0.125 1
Pkt 29 240 0.120833 1
Node 59 44 10.8167
Pkt 58 480 0.120833 1
Pkt 58 480 0.120833 1
Rate:241.5
==========
==========46
5 0 2 24000
Node 63 45 13.9284
Pkt 12 100 0.12 1
Pkt 15 120 0.125 1
Node 64 25 28.6531
Pkt 45 375 0.12 1
Pkt 58 480 0.120833 1
Node 31 68 26.1725
Pkt 90 750 0.12 1
Pkt 90 750 0.12 1
Node 66 39 19.4165
Pkt 18 150 0.12 1
Pkt 18 150 0.12 1
Node 45 39 12.083
Pkt 36 300 0.12 1
Pkt 39 320 0.121875 1
Rate:241.542
==========
==========47
5 0 2 24000
Node 34 38 20
Pkt 24 200 0.12 1
Pkt 30 250 0.12 1
Node 39 31 21.9545
Pkt 39 320 0.121875 1
Pkt 58 480 0.120833 1
Node 47 41 9.48683
Pkt 90 750 0.12 1
Pkt 90 750 0.12 1
Node 55 30 20.6155
Pkt 29 240 0.120833 1
Pkt 15 125 0.12 1
Node 61 48 11.1803
Pkt 48 400 0.12 1
Pkt 58 480 0.120833 1
Rate:240.875
==========
==========48
5 0 2 24000
Node 61 40 14.8661
Pkt 12 100 0.12 1
Pkt 18 150 0.12 1
Node 70 74 31.241
Pkt 48 400 0.12 1
Pkt 58 480 0.120833 1
Node 66 35 21.9317
Pkt 90 750 0.12 1
Pkt 96 800 0.12 1
Node 39 51 11.0454
Pkt 30 250 0.12 1
Pkt 12 100 0.12 1
Node 50 46 4
Pkt 39 320 0.121875 1
Pkt 36 300 0.12 1
Rate:240.542
==========
==========49
5 0 2 24000
Node 70 42 21.5407
Pkt 24 192 0.125 1
Pkt 12 100 0.12 1
Node 28 31 29.0689
Pkt 39 320 0.121875 1
Pkt 48 400 0.12 1
Node 66 45 16.7631
Pkt 90 750 0.12 1
Pkt 90 750 0.12 1
Node 50 27 23
Pkt 30 250 0.12 1
Pkt 30 250 0.12 1
Node 46 55 6.40312
Pkt 39 320 0.121875 1
Pkt 58 480 0.120833 1
Rate:241.917
==========
==========50
5 0 2 24000
Node 67 63 21.4009
Pkt 30 250 0.12 1
Pkt 24 192 0.125 1
Node 72 34 27.2029
Pkt 48 400 0.12 1
Pkt 36 300 0.12 1
Node 32 29 27.6586
Pkt 90 750 0.12 1
Pkt 90 750 0.12 1
Node 70 64 24.4131
Pkt 12 100 0.12 1
Pkt 24 200 0.12 1
Node 55 52 5.38516
Pkt 39 320 0.121875 1
Pkt 48 400 0.12 1
Rate:241.375
==========
==========51
5 0 2 24000
Node 73 67 28.6007
Pkt 24 200 0.12 1
Pkt 24 192 0.125 1
Node 42 62 14.4222
Pkt 45 375 0.12 1
Pkt 45 375 0.12 1
Node 50 25 25
Pkt 90 750 0.12 1
Pkt 96 800 0.12 1
Node 34 46 16.4924
Pkt 30 250 0.12 1
Pkt 18 150 0.12 1
Node 29 57 22.1359
Pkt 36 300 0.12 1
Pkt 36 300 0.12 1
Rate:241
==========
==========52
5 0 2 24000
Node 62 54 12.6491
Pkt 24 192 0.125 1
Pkt 24 200 0.12 1
Node 43 60 12.2066
Pkt 36 300 0.12 1
Pkt 48 400 0.12 1
Node 72 62 25.0599
Pkt 96 800 0.12 1
Pkt 90 750 0.12 1
Node 50 34 16
Pkt 15 120 0.125 1
Pkt 15 125 0.12 1
Node 66 72 27.2029
Pkt 48 400 0.12 1
Pkt 36 300 0.12 1
Rate:242
==========
==========53
5 0 2 24000
Node 28 36 26.0768
Pkt 24 200 0.12 1
Pkt 20 160 0.125 1
Node 40 53 10.4403
Pkt 45 375 0.12 1
Pkt 45 375 0.12 1
Node 57 66 17.4642
Pkt 96 800 0.12 1
Pkt 96 800 0.12 1
Node 73 51 23.0217
Pkt 24 200 0.12 1
Pkt 20 160 0.125 1
Node 39 71 23.7065
Pkt 39 320 0.121875 1
Pkt 48 400 0.12 1
Rate:242.375
==========
==========54
5 0 2 24000
Node 25 74 34.6554
Pkt 24 192 0.125 1
Pkt 18 150 0.12 1
Node 30 42 21.5407
Pkt 58 480 0.120833 1
Pkt 39 320 0.121875 1
Node 35 47 15.2971
Pkt 96 800 0.12 1
Pkt 96 800 0.12 1
Node 41 46 9.84886
Pkt 15 120 0.125 1
Pkt 18 150 0.12 1
Node 49 32 18.0278
Pkt 36 300 0.12 1
Pkt 48 400 0.12 1
Rate:242.542
==========
==========55
5 0 2 24000
Node 36 31 23.6008
Pkt 12 100 0.12 1
Pkt 24 192 0.125 1
Node 62 26 26.8328
Pkt 36 300 0.12 1
Pkt 39 320 0.121875 1
Node 53 53 4.24264
Pkt 90 750 0.12 1
Pkt 96 800 0.12 1
Node 52 34 16.1245
Pkt 24 200 0.12 1
Pkt 15 125 0.12 1
Node 51 50 1
Pkt 58 480 0.120833 1
Pkt 36 300 0.12 1
Rate:241.542
==========
==========56
5 0 2 24000
Node 50 28 22
Pkt 29 240 0.120833 1
Pkt 30 250 0.12 1
Node 60 72 24.1661
Pkt 48 400 0.12 1
Pkt 58 480 0.120833 1
Node 48 36 14.1421
Pkt 96 800 0.12 1
Pkt 96 800 0.12 1
Node 66 45 16.7631
Pkt 24 192 0.125 1
Pkt 15 120 0.125 1
Node 58 28 23.4094
Pkt 45 375 0.12 1
Pkt 36 300 0.12 1
Rate:242.333
==========
==========57
5 0 2 24000
Node 27 73 32.5269
Pkt 15 120 0.125 1
Pkt 24 200 0.12 1
Node 40 51 10.0499
Pkt 36 300 0.12 1
Pkt 39 320 0.121875 1
Node 46 39 11.7047
Pkt 90 750 0.12 1
Pkt 90 750 0.12 1
Node 36 39 17.8045
Pkt 15 125 0.12 1
Pkt 29 240 0.120833 1
Node 28 62 25.0599
Pkt 39 320 0.121875 1
Pkt 39 320 0.121875 1
Rate:242.292
==========
==========58
5 0 2 24000
Node 71 58 22.4722
Pkt 18 150 0.12 1
Pkt 24 200 0.12 1
Node 33 65 22.6716
Pkt 58 480 0.120833 1
Pkt 45 375 0.12 1
Node 61 28 24.5967
Pkt 96 800 0.12 1
Pkt 96 800 0.12 1
Node 38 45 13
Pkt 30 250 0.12 1
Pkt 15 120 0.125 1
Node 41 53 9.48683
Pkt 36 300 0.12 1
Pkt 45 375 0.12 1
Rate:241.167
==========
==========59
5 0 2 24000
Node 71 37 24.6982
Pkt 24 200 0.12 1
Pkt 15 120 0.125 1
Node 42 35 17
Pkt 45 375 0.12 1
Pkt 39 320 0.121875 1
Node 39 46 11.7047
Pkt 96 800 0.12 1
Pkt 90 750 0.12 1
Node 71 31 28.3196
Pkt 12 100 0.12 1
Pkt 15 125 0.12 1
Node 66 40 18.868
Pkt 36 300 0.12 1
Pkt 36 300 0.12 1
Rate:241.375
==========
==========60
5 0 2 24000
Node 36 30 24.4131
Pkt 29 240 0.120833 1
Pkt 18 150 0.12 1
Node 58 33 18.7883
Pkt 36 300 0.12 1
Pkt 39 320 0.121875 1
Node 42 33 18.7883
Pkt 90 750 0.12 1
Pkt 90 750 0.12 1
Node 30 35 25
Pkt 24 200 0.12 1
Pkt 18 150 0.12 1
Node 35 68 23.4307
Pkt 39 320 0.121875 1
Pkt 58 480 0.120833 1
Rate:241.083
==========
==========61
5 0 2 24000
Node 53 71 21.2132
Pkt 24 192 0.125 1
Pkt 29 240 0.120833 1
Node 41 52 9.21954
Pkt 58 480 0.120833 1
Pkt 45 375 0.12 1
Node 51 41 9.05539
Pkt 96 800 0.12 1
Pkt 96 800 0.12 1
Node 30 59 21.9317
Pkt 24 200 0.12 1
Pkt 15 120 0.125 1
Node 65 61 18.6011
Pkt 45 375 0.12 1
Pkt 36 300 0.12 1
Rate:242.333
==========
==========62
5 0 2 24000
Node 58 28 23.4094
Pkt 30 250 0.12 1
Pkt 24 192 0.125 1
Node 28 56 22.8035
Pkt 39 320 0.121875 1
Pkt 58 480 0.120833 1
Node 40 72 24.1661
Pkt 90 750 0.12 1
Pkt 96 800 0.12 1
Node 40 48 10.198
Pkt 30 250 0.12 1
Pkt 30 250 0.12 1
Node 54 57 8.06226
Pkt 36 300 0.12 1
Pkt 45 375 0.12 1
Rate:241.542
==========
==========63
5 0 2 24000
Node 69 41 21.0238
Pkt 24 192 0.125 1
Pkt 18 150 0.12 1
Node 72 52 22.0907
Pkt 39 320 0.121875 1
Pkt 48 400 0.12 1
Node 32 68 25.4558
Pkt 90 750 0.12 1
Pkt 96 800 0.12 1
Node 55 40 11.1803
Pkt 24 200 0.12 1
Pkt 12 100 0.12 1
Node 64 25 28.6531
Pkt 45 375 0.12 1
Pkt 58 480 0.120833 1
Rate:241.542
==========
==========64
5 0 2 24000
Node 74 62 26.8328
Pkt 24 192 0.125 1
Pkt 29 240 0.120833 1
Node 34 53 16.2788
Pkt 45 375 0.12 1
Pkt 36 300 0.12 1
Node 42 27 24.3516
Pkt 96 800 0.12 1
Pkt 96 800 0.12 1
Node 54 47 5
Pkt 18 150 0.12 1
Pkt 20 160 0.125 1
Node 31 48 19.105
Pkt 48 400 0.12 1
Pkt 39 320 0.121875 1
Rate:242.542
==========
==========65
5 0 2 24000
Node 45 40 11.1803
Pkt 18 150 0.12 1
Pkt 24 192 0.125 1
Node 53 73 23.1948
Pkt 39 320 0.121875 1
Pkt 39 320 0.121875 1
Node 32 43 19.3132
Pkt 90 750 0.12 1
Pkt 96 800 0.12 1
Node 53 69 19.2354
Pkt 18 150 0.12 1
Pkt 18 150 0.12 1
Node 36 60 17.2047
Pkt 36 300 0.12 1
Pkt 36 300 0.12 1
Rate:241.75
==========
==========66
5 0 2 24000
Node 40 41 13.4536
Pkt 24 200 0.12 1
Pkt 24 192 0.125 1
Node 62 40 15.6205
Pkt 36 300 0.12 1
Pkt 48 400 0.12 1
Node 60 29 23.2594
Pkt 96 800 0.12 1
Pkt 96 800 0.12 1
Node 50 48 2
Pkt 20 160 0.125 1
Pkt 29 240 0.120833 1
Node 52 34 16.1245
Pkt 39 320 0.121875 1
Pkt 45 375 0.12 1
Rate:242.542
==========
==========67
5 0 2 24000
Node 72 67 27.8029
Pkt 15 120 0.125 1
Pkt 20 160 0.125 1
Node 60 62 15.6205
Pkt 45 375 0.12 1
Pkt 58 480 0.120833 1
Node 50 65 15
Pkt 96 800 0.12 1
Pkt 90 750 0.12 1
Node 70 66 25.6125
Pkt 18 150 0.12 1
Pkt 12 100 0.12 1
Node 59 28 23.7697
Pkt 36 300 0.12 1
Pkt 45 375 0.12 1
Rate:242.167
==========
==========68
5 0 2 24000
Node 28 26 32.5576
Pkt 20 160 0.125 1
Pkt 24 192 0.125 1
Node 37 30 23.8537
Pkt 48 400 0.12 1
Pkt 36 300 0.12 1
Node 72 35 26.6271
Pkt 96 800 0.12 1
Pkt 90 750 0.12 1
Node 58 35 17
Pkt 24 200 0.12 1
Pkt 12 100 0.12 1
Node 42 72 23.4094
Pkt 39 320 0.121875 1
Pkt 58 480 0.120833 1
Rate:242.542
==========
==========69
5 0 2 24000
Node 47 71 21.2132
Pkt 18 150 0.12 1
Pkt 24 200 0.12 1
Node 48 59 9.21954
Pkt 58 480 0.120833 1
Pkt 45 375 0.12 1
Node 48 62 12.1655
Pkt 96 800 0.12 1
Pkt 90 750 0.12 1
Node 51 38 12.0416
Pkt 30 250 0.12 1
Pkt 20 160 0.125 1
Node 70 64 24.4131
Pkt 48 400 0.12 1
Pkt 58 480 0.120833 1
Rate:241.333
==========
==========70
5 0 2 24000
Node 44 51 6.08276
Pkt 15 125 0.12 1
Pkt 15 120 0.125 1
Node 71 51 21.0238
Pkt 39 320 0.121875 1
Pkt 58 480 0.120833 1
Node 27 63 26.4197
Pkt 90 750 0.12 1
Pkt 96 800 0.12 1
Node 56 57 9.21954
Pkt 29 240 0.120833 1
Pkt 20 160 0.125 1
Node 31 30 27.5862
Pkt 39 320 0.121875 1
Pkt 45 375 0.12 1
Rate:243.083
==========
==========71
5 0 2 24000
Node 38 38 16.9706
Pkt 15 125 0.12 1
Pkt 29 240 0.120833 1
Node 46 55 6.40312
Pkt 58 480 0.120833 1
Pkt 58 480 0.120833 1
Node 47 74 24.1868
Pkt 90 750 0.12 1
Pkt 96 800 0.12 1
Node 63 35 19.8494
Pkt 24 192 0.125 1
Pkt 24 192 0.125 1
Node 72 57 23.0868
Pkt 58 480 0.120833 1
Pkt 48 400 0.12 1
Rate:242.667
==========
==========72
5 0 2 24000
Node 74 34 28.8444
Pkt 15 120 0.125 1
Pkt 24 192 0.125 1
Node 74 27 33.2415
Pkt 45 375 0.12 1
Pkt 39 320 0.121875 1
Node 55 57 8.60233
Pkt 96 800 0.12 1
Pkt 90 750 0.12 1
Node 58 34 17.8885
Pkt 15 120 0.125 1
Pkt 24 200 0.12 1
Node 64 43 15.6525
Pkt 48 400 0.12 1
Pkt 36 300 0.12 1
Rate:243.375
==========
==========73
5 0 2 24000
Node 51 74 24.0208
Pkt 15 125 0.12 1
Pkt 18 150 0.12 1
Node 39 35 18.6011
Pkt 36 300 0.12 1
Pkt 39 320 0.121875 1
Node 46 26 24.3311
Pkt 90 750 0.12 1
Pkt 96 800 0.12 1
Node 35 64 20.5183
Pkt 15 125 0.12 1
Pkt 15 120 0.125 1
Node 34 40 18.868
Pkt 45 375 0.12 1
Pkt 48 400 0.12 1
Rate:241.375
==========
==========74
5 0 2 24000
Node 65 46 15.5242
Pkt 20 160 0.125 1
Pkt 15 120 0.125 1
Node 53 69 19.2354
Pkt 36 300 0.12 1
Pkt 45 375 0.12 1
Node 40 59 13.4536
Pkt 96 800 0.12 1
Pkt 90 750 0.12 1
Node 39 71 23.7065
Pkt 12 100 0.12 1
Pkt 20 160 0.125 1
Node 42 63 15.2643
Pkt 48 400 0.12 1
Pkt 39 320 0.121875 1
Rate:243.375
==========
==========75
5 0 2 24000
Node 40 50 10
Pkt 29 240 0.120833 1
Pkt 15 120 0.125 1
Node 50 31 19
Pkt 36 300 0.12 1
Pkt 58 480 0.120833 1
Node 50 51 1
Pkt 96 800 0.12 1
Pkt 96 800 0.12 1
Node 64 66 21.2603
Pkt 18 150 0.12 1
Pkt 12 100 0.12 1
Node 59 72 23.7697
Pkt 45 375 0.12 1
Pkt 58 480 0.120833 1
Rate:241.5
==========
==========76
5 0 2 24000
Node 68 69 26.1725
Pkt 12 100 0.12 1
Pkt 15 120 0.125 1
Node 73 60 25.0799
Pkt 45 375 0.12 1
Pkt 48 400 0.12 1
Node 28 36 26.0768
Pkt 96 800 0.12 1
Pkt 96 800 0.12 1
Node 61 67 20.2485
Pkt 20 160 0.125 1
Pkt 15 125 0.12 1
Node 51 51 1.41421
Pkt 48 400 0.12 1
Pkt 45 375 0.12 1
Rate:242
==========
==========77
5 0 2 24000
Node 74 46 24.3311
Pkt 20 160 0.125 1
Pkt 24 200 0.12 1
Node 31 63 23.0217
Pkt 58 480 0.120833 1
Pkt 39 320 0.121875 1
Node 55 32 18.6815
Pkt 96 800 0.12 1
Pkt 90 750 0.12 1
Node 35 42 17
Pkt 20 160 0.125 1
Pkt 30 250 0.12 1
Node 56 32 18.9737
Pkt 36 300 0.12 1
Pkt 45 375 0.12 1
Rate:242.542
==========
==========78
5 0 2 24000
Node 30 46 20.3961
Pkt 12 100 0.12 1
Pkt 30 250 0.12 1
Node 52 33 17.1172
Pkt 58 480 0.120833 1
Pkt 58 480 0.120833 1
Node 46 65 15.5242
Pkt 96 800 0.12 1
Pkt 96 800 0.12 1
Node 53 30 20.2237
Pkt 30 250 0.12 1
Pkt 15 125 0.12 1
Node 46 27 23.3452
Pkt 36 300 0.12 1
Pkt 58 480 0.120833 1
Rate:240.5
==========
==========79
5 0 2 24000
Node 68 36 22.8035
Pkt 24 192 0.125 1
Pkt 29 240 0.120833 1
Node 49 29 21.0238
Pkt 45 375 0.12 1
Pkt 45 375 0.12 1
Node 72 50 22
Pkt 90 750 0.12 1
Pkt 90 750 0.12 1
Node 40 30 22.3607
Pkt 12 100 0.12 1
Pkt 24 200 0.12 1
Node 37 42 15.2643
Pkt 45 375 0.12 1
Pkt 45 375 0.12 1
Rate:241.167
==========
==========80
5 0 2 24000
Node 26 47 24.1868
Pkt 18 150 0.12 1
Pkt 30 250 0.12 1
Node 37 35 19.8494
Pkt 58 480 0.120833 1
Pkt 45 375 0.12 1
Node 66 65 21.9317
Pkt 90 750 0.12 1
Pkt 96 800 0.12 1
Node 52 59 9.21954
Pkt 24 200 0.12 1
Pkt 15 120 0.125 1
Node 43 71 22.1359
Pkt 58 480 0.120833 1
Pkt 45 375 0.12 1
Rate:241.333
==========
==========81
5 0 2 24000
Node 71 53 21.2132
Pkt 20 160 0.125 1
Pkt 29 240 0.120833 1
Node 40 35 18.0278
Pkt 45 375 0.12 1
Pkt 45 375 0.12 1
Node 26 61 26.4008
Pkt 96 800 0.12 1
Pkt 96 800 0.12 1
Node 54 53 5
Pkt 24 192 0.125 1
Pkt 20 160 0.125 1
Node 25 67 30.2324
Pkt 48 400 0.12 1
Pkt 45 375 0.12 1
Rate:243.167
==========
==========82
5 0 2 24000
Node 27 36 26.9258
Pkt 30 250 0.12 1
Pkt 20 160 0.125 1
Node 62 57 13.8924
Pkt 39 320 0.121875 1
Pkt 36 300 0.12 1
Node 62 73 25.9422
Pkt 90 750 0.12 1
Pkt 96 800 0.12 1
Node 60 48 10.198
Pkt 20 160 0.125 1
Pkt 18 150 0.12 1
Node 58 26 25.2982
Pkt 36 300 0.12 1
Pkt 58 480 0.120833 1
Rate:242.542
==========
==========83
5 0 2 24000
Node 56 38 13.4164
Pkt 12 100 0.12 1
Pkt 20 160 0.125 1
Node 59 69 21.0238
Pkt 58 480 0.120833 1
Pkt 36 300 0.12 1
Node 36 60 17.2047
Pkt 90 750 0.12 1
Pkt 90 750 0.12 1
Node 68 58 19.6977
Pkt 24 192 0.125 1
Pkt 12 100 0.12 1
Node 69 59 21.0238
Pkt 48 400 0.12 1
Pkt 58 480 0.120833 1
Rate:242.333
==========
==========84
5 0 2 24000
Node 74 47 24.1868
Pkt 24 192 0.125 1
Pkt 15 125 0.12 1
Node 52 39 11.1803
Pkt 36 300 0.12 1
Pkt 45 375 0.12 1
Node 32 69 26.1725
Pkt 90 750 0.12 1
Pkt 96 800 0.12 1
Node 35 69 24.2074
Pkt 15 125 0.12 1
Pkt 29 240 0.120833 1
Node 67 60 19.7231
Pkt 45 375 0.12 1
Pkt 39 320 0.121875 1
Rate:241.542
==========
==========85
5 0 2 24000
Node 66 60 18.868
Pkt 29 240 0.120833 1
Pkt 15 120 0.125 1
Node 30 27 30.4795
Pkt 58 480 0.120833 1
Pkt 39 320 0.121875 1
Node 48 49 2.23607
Pkt 90 750 0.12 1
Pkt 96 800 0.12 1
Node 54 53 5
Pkt 15 125 0.12 1
Pkt 24 200 0.12 1
Node 35 68 23.4307
Pkt 48 400 0.12 1
Pkt 58 480 0.120833 1
Rate:241.875
==========
==========86
5 0 2 24000
Node 35 60 18.0278
Pkt 24 200 0.12 1
Pkt 20 160 0.125 1
Node 34 47 16.2788
Pkt 39 320 0.121875 1
Pkt 36 300 0.12 1
Node 56 68 18.9737
Pkt 90 750 0.12 1
Pkt 90 750 0.12 1
Node 31 73 29.8329
Pkt 24 192 0.125 1
Pkt 18 150 0.12 1
Node 28 62 25.0599
Pkt 36 300 0.12 1
Pkt 45 375 0.12 1
Rate:242.375
==========
==========87
5 0 2 24000
Node 45 38 13
Pkt 15 125 0.12 1
Pkt 24 200 0.12 1
Node 74 74 33.9411
Pkt 36 300 0.12 1
Pkt 48 400 0.12 1
Node 63 26 27.2947
Pkt 96 800 0.12 1
Pkt 96 800 0.12 1
Node 58 51 8.06226
Pkt 15 120 0.125 1
Pkt 24 200 0.12 1
Node 72 56 22.8035
Pkt 48 400 0.12 1
Pkt 36 300 0.12 1
Rate:241
==========
==========88
5 0 2 24000
Node 53 28 22.2036
Pkt 18 150 0.12 1
Pkt 30 250 0.12 1
Node 64 71 25.2389
Pkt 48 400 0.12 1
Pkt 36 300 0.12 1
Node 63 55 13.9284
Pkt 90 750 0.12 1
Pkt 96 800 0.12 1
Node 68 60 20.5913
Pkt 30 250 0.12 1
Pkt 24 192 0.125 1
Node 37 49 13.0384
Pkt 58 480 0.120833 1
Pkt 48 400 0.12 1
Rate:241.167
==========
==========89
5 0 2 24000
Node 66 26 28.8444
Pkt 18 150 0.12 1
Pkt 18 150 0.12 1
Node 34 57 17.4642
Pkt 48 400 0.12 1
Pkt 36 300 0.12 1
Node 44 40 11.6619
Pkt 90 750 0.12 1
Pkt 90 750 0.12 1
Node 72 26 32.5576
Pkt 20 160 0.125 1
Pkt 15 120 0.125 1
Node 39 55 12.083
Pkt 58 480 0.120833 1
Pkt 48 400 0.12 1
Rate:242.167
==========
==========90
5 0 2 24000
Node 73 26 33.2415
Pkt 29 240 0.120833 1
Pkt 20 160 0.125 1
Node 63 25 28.178
Pkt 39 320 0.121875 1
Pkt 58 480 0.120833 1
Node 35 36 20.5183
Pkt 90 750 0.12 1
Pkt 96 800 0.12 1
Node 36 33 22.0227
Pkt 24 200 0.12 1
Pkt 15 120 0.125 1
Node 40 32 20.5913
Pkt 39 320 0.121875 1
Pkt 58 480 0.120833 1
Rate:243.25
==========
==========91
5 0 2 24000
Node 72 57 23.0868
Pkt 24 200 0.12 1
Pkt 29 240 0.120833 1
Node 48 60 10.198
Pkt 39 320 0.121875 1
Pkt 48 400 0.12 1
Node 28 66 27.2029
Pkt 96 800 0.12 1
Pkt 90 750 0.12 1
Node 53 54 5
Pkt 15 120 0.125 1
Pkt 29 240 0.120833 1
Node 39 25 27.313
Pkt 36 300 0.12 1
Pkt 58 480 0.120833 1
Rate:241.875
==========
==========92
5 0 2 24000
Node 54 62 12.6491
Pkt 20 160 0.125 1
Pkt 15 120 0.125 1
Node 60 57 12.2066
Pkt 45 375 0.12 1
Pkt 48 400 0.12 1
Node 51 39 11.0454
Pkt 90 750 0.12 1
Pkt 90 750 0.12 1
Node 37 27 26.4197
Pkt 24 192 0.125 1
Pkt 29 240 0.120833 1
Node 41 26 25.632
Pkt 58 480 0.120833 1
Pkt 39 320 0.121875 1
Rate:243.708
==========
==========93
5 0 2 24000
Node 37 45 13.9284
Pkt 15 125 0.12 1
Pkt 24 192 0.125 1
Node 53 64 14.3178
Pkt 58 480 0.120833 1
Pkt 48 400 0.12 1
Node 62 55 13
Pkt 90 750 0.12 1
Pkt 90 750 0.12 1
Node 72 44 22.8035
Pkt 29 240 0.120833 1
Pkt 15 125 0.12 1
Node 31 70 27.5862
Pkt 39 320 0.121875 1
Pkt 45 375 0.12 1
Rate:241.708
==========
==========94
5 0 2 24000
Node 61 50 11
Pkt 29 240 0.120833 1
Pkt 12 100 0.12 1
Node 56 42 10
Pkt 39 320 0.121875 1
Pkt 39 320 0.121875 1
Node 54 40 10.7703
Pkt 96 800 0.12 1
Pkt 96 800 0.12 1
Node 57 36 15.6525
Pkt 29 240 0.120833 1
Pkt 30 250 0.12 1
Node 63 51 13.0384
Pkt 39 320 0.121875 1
Pkt 45 375 0.12 1
Rate:241.458
==========
==========95
5 0 2 24000
Node 32 26 30
Pkt 12 100 0.12 1
Pkt 24 200 0.12 1
Node 71 58 22.4722
Pkt 36 300 0.12 1
Pkt 36 300 0.12 1
Node 57 45 8.60233
Pkt 90 750 0.12 1
Pkt 96 800 0.12 1
Node 50 27 23
Pkt 29 240 0.120833 1
Pkt 24 192 0.125 1
Node 58 27 24.3516
Pkt 58 480 0.120833 1
Pkt 45 375 0.12 1
Rate:241.333
==========
==========96
5 0 2 24000
Node 44 68 18.9737
Pkt 20 160 0.125 1
Pkt 12 100 0.12 1
Node 60 71 23.2594
Pkt 48 400 0.12 1
Pkt 45 375 0.12 1
Node 64 69 23.6008
Pkt 96 800 0.12 1
Pkt 90 750 0.12 1
Node 57 49 7.07107
Pkt 20 160 0.125 1
Pkt 15 120 0.125 1
Node 60 67 19.7231
Pkt 48 400 0.12 1
Pkt 48 400 0.12 1
Rate:243
==========
==========97
5 0 2 24000
Node 52 41 9.21954
Pkt 15 125 0.12 1
Pkt 24 192 0.125 1
Node 53 60 10.4403
Pkt 39 320 0.121875 1
Pkt 36 300 0.12 1
Node 47 45 5.83095
Pkt 90 750 0.12 1
Pkt 90 750 0.12 1
Node 43 28 23.0868
Pkt 12 100 0.12 1
Pkt 30 250 0.12 1
Node 73 61 25.4951
Pkt 36 300 0.12 1
Pkt 36 300 0.12 1
Rate:241.375
==========
==========98
5 0 2 24000
Node 44 45 7.81025
Pkt 20 160 0.125 1
Pkt 30 250 0.12 1
Node 69 44 19.9249
Pkt 45 375 0.12 1
Pkt 45 375 0.12 1
Node 73 53 23.1948
Pkt 96 800 0.12 1
Pkt 96 800 0.12 1
Node 31 66 24.8395
Pkt 18 150 0.12 1
Pkt 24 192 0.125 1
Node 48 28 22.0907
Pkt 36 300 0.12 1
Pkt 58 480 0.120833 1
Rate:242.167
==========
==========99
