5 0 2 24000
Node 39 43 13.0384
Pkt 10 100 0.1 1
Pkt 12 120 0.1 1
Node 65 52 15.1327
Pkt 32 320 0.1 1
Pkt 30 300 0.1 1
Node 41 62 15
Pkt 80 800 0.1 1
Pkt 80 800 0.1 1
Node 61 56 12.53
Pkt 20 200 0.1 1
Pkt 20 192 0.104167 1
Node 66 60 18.868
Pkt 40 400 0.1 1
Pkt 48 480 0.1 1
Rate:200.833
==========
==========0
5 0 2 24000
Node 74 65 28.3019
Pkt 20 200 0.1 1
Pkt 25 250 0.1 1
Node 53 46 5
Pkt 30 300 0.1 1
Pkt 40 400 0.1 1
Node 51 40 10.0499
Pkt 80 800 0.1 1
Pkt 75 750 0.1 1
Node 67 64 22.0227
Pkt 10 100 0.1 1
Pkt 10 100 0.1 1
Node 52 31 19.105
Pkt 38 375 0.101333 1
Pkt 40 400 0.1 1
Rate:200.267
==========
==========1
5 0 2 24000
Node 39 52 11.1803
Pkt 20 192 0.104167 1
Pkt 25 250 0.1 1
Node 52 63 13.1529
Pkt 30 300 0.1 1
Pkt 32 320 0.1 1
Node 66 66 22.6274
Pkt 75 750 0.1 1
Pkt 80 800 0.1 1
Node 35 63 19.8494
Pkt 13 125 0.104 1
Pkt 10 100 0.1 1
Node 61 49 11.0454
Pkt 48 480 0.1 1
Pkt 40 400 0.1 1
Rate:201.633
==========
==========2
5 0 2 24000
Node 70 55 20.6155
Pkt 10 100 0.1 1
Pkt 16 160 0.1 1
Node 56 59 10.8167
Pkt 38 375 0.101333 1
Pkt 48 480 0.1 1
Node 63 25 28.178
Pkt 75 750 0.1 1
Pkt 80 800 0.1 1
Node 50 48 2
Pkt 20 192 0.104167 1
Pkt 10 100 0.1 1
Node 63 47 13.3417
Pkt 32 320 0.1 1
Pkt 30 300 0.1 1
Rate:201.1
==========
==========3
5 0 2 24000
Node 54 25 25.318
Pkt 15 150 0.1 1
Pkt 13 125 0.104 1
Node 39 29 23.7065
Pkt 40 400 0.1 1
Pkt 40 400 0.1 1
Node 27 25 33.9706
Pkt 80 800 0.1 1
Pkt 75 750 0.1 1
Node 63 70 23.8537
Pkt 24 240 0.1 1
Pkt 12 120 0.1 1
Node 32 28 28.4253
Pkt 32 320 0.1 1
Pkt 38 375 0.101333 1
Rate:201.067
==========
==========4
5 0 2 24000
Node 55 32 18.6815
Pkt 15 150 0.1 1
Pkt 24 240 0.1 1
Node 74 38 26.8328
Pkt 48 480 0.1 1
Pkt 48 480 0.1 1
Node 53 48 3.60555
Pkt 80 800 0.1 1
Pkt 75 750 0.1 1
Node 63 55 13.9284
Pkt 13 125 0.104 1
Pkt 20 192 0.104167 1
Node 62 55 13
Pkt 30 300 0.1 1
Pkt 32 320 0.1 1
Rate:201.633
==========
==========5
5 0 2 24000
Node 25 58 26.2488
Pkt 13 125 0.104 1
Pkt 15 150 0.1 1
Node 42 65 17
Pkt 38 375 0.101333 1
Pkt 38 375 0.101333 1
Node 51 46 4.12311
Pkt 80 800 0.1 1
Pkt 75 750 0.1 1
Node 47 25 25.1794
Pkt 15 150 0.1 1
Pkt 15 150 0.1 1
Node 40 64 17.2047
Pkt 32 320 0.1 1
Pkt 48 480 0.1 1
Rate:201.333
==========
==========6
5 0 2 24000
Node 38 73 25.9422
Pkt 10 100 0.1 1
Pkt 12 120 0.1 1
Node 32 54 18.4391
Pkt 32 320 0.1 1
Pkt 32 320 0.1 1
Node 71 68 27.6586
Pkt 75 750 0.1 1
Pkt 80 800 0.1 1
Node 49 64 14.0357
Pkt 12 120 0.1 1
Pkt 24 240 0.1 1
Node 46 32 18.4391
Pkt 38 375 0.101333 1
Pkt 48 480 0.1 1
Rate:200.267
==========
==========7
5 0 2 24000
Node 43 62 13.8924
Pkt 20 192 0.104167 1
Pkt 15 150 0.1 1
Node 67 39 20.2485
Pkt 38 375 0.101333 1
Pkt 48 480 0.1 1
Node 42 71 22.4722
Pkt 75 750 0.1 1
Pkt 80 800 0.1 1
Node 67 70 26.2488
Pkt 12 120 0.1 1
Pkt 12 120 0.1 1
Node 54 47 5
Pkt 30 300 0.1 1
Pkt 38 375 0.101333 1
Rate:201.367
==========
==========8
5 0 2 24000
Node 34 71 26.4008
Pkt 15 150 0.1 1
Pkt 20 192 0.104167 1
Node 64 61 17.8045
Pkt 30 300 0.1 1
Pkt 40 400 0.1 1
Node 32 55 18.6815
Pkt 75 750 0.1 1
Pkt 75 750 0.1 1
Node 71 51 21.0238
Pkt 10 100 0.1 1
Pkt 15 150 0.1 1
Node 34 66 22.6274
Pkt 40 400 0.1 1
Pkt 30 300 0.1 1
Rate:200.833
==========
==========9
5 0 2 24000
Node 36 74 27.7849
Pkt 15 150 0.1 1
Pkt 15 150 0.1 1
Node 57 25 25.9615
Pkt 48 480 0.1 1
Pkt 30 300 0.1 1
Node 59 29 22.8473
Pkt 75 750 0.1 1
Pkt 80 800 0.1 1
Node 51 37 13.0384
Pkt 12 120 0.1 1
Pkt 13 125 0.104 1
Node 67 70 26.2488
Pkt 38 375 0.101333 1
Pkt 40 400 0.1 1
Rate:201.067
==========
==========10
5 0 2 24000
Node 53 72 22.2036
Pkt 13 125 0.104 1
Pkt 10 100 0.1 1
Node 73 53 23.1948
Pkt 32 320 0.1 1
Pkt 48 480 0.1 1
Node 39 30 22.8254
Pkt 75 750 0.1 1
Pkt 80 800 0.1 1
Node 70 51 20.025
Pkt 20 192 0.104167 1
Pkt 12 120 0.1 1
Node 71 52 21.095
Pkt 38 375 0.101333 1
Pkt 48 480 0.1 1
Rate:201.9
==========
==========11
5 0 2 24000
Node 50 51 1
Pkt 10 100 0.1 1
Pkt 20 192 0.104167 1
Node 26 53 24.1868
Pkt 32 320 0.1 1
Pkt 48 480 0.1 1
Node 28 40 24.1661
Pkt 75 750 0.1 1
Pkt 80 800 0.1 1
Node 69 53 19.2354
Pkt 25 250 0.1 1
Pkt 10 100 0.1 1
Node 61 57 13.0384
Pkt 48 480 0.1 1
Pkt 38 375 0.101333 1
Rate:201.1
==========
==========12
5 0 2 24000
Node 40 51 10.0499
Pkt 16 160 0.1 1
Pkt 24 240 0.1 1
Node 45 28 22.561
Pkt 48 480 0.1 1
Pkt 48 480 0.1 1
Node 26 37 27.2947
Pkt 80 800 0.1 1
Pkt 75 750 0.1 1
Node 57 26 25
Pkt 12 120 0.1 1
Pkt 13 125 0.104 1
Node 40 55 11.1803
Pkt 40 400 0.1 1
Pkt 48 480 0.1 1
Rate:200.8
==========
==========13
5 0 2 24000
Node 32 31 26.1725
Pkt 13 125 0.104 1
Pkt 16 160 0.1 1
Node 61 51 11.0454
Pkt 48 480 0.1 1
Pkt 32 320 0.1 1
Node 47 57 7.61577
Pkt 75 750 0.1 1
Pkt 80 800 0.1 1
Node 70 68 26.9072
Pkt 16 160 0.1 1
Pkt 15 150 0.1 1
Node 26 25 34.6554
Pkt 32 320 0.1 1
Pkt 48 480 0.1 1
Rate:200.8
==========
==========14
5 0 2 24000
Node 54 66 16.4924
Pkt 24 240 0.1 1
Pkt 25 250 0.1 1
Node 73 47 23.1948
Pkt 38 375 0.101333 1
Pkt 48 480 0.1 1
Node 43 42 10.6301
Pkt 75 750 0.1 1
Pkt 80 800 0.1 1
Node 34 59 18.3576
Pkt 24 240 0.1 1
Pkt 12 120 0.1 1
Node 56 44 8.48528
Pkt 30 300 0.1 1
Pkt 40 400 0.1 1
Rate:200.267
==========
==========15
5 0 2 24000
Node 67 37 21.4009
Pkt 10 100 0.1 1
Pkt 10 100 0.1 1
Node 36 31 23.6008
Pkt 30 300 0.1 1
Pkt 48 480 0.1 1
Node 27 38 25.9422
Pkt 80 800 0.1 1
Pkt 80 800 0.1 1
Node 28 29 30.4138
Pkt 15 150 0.1 1
Pkt 15 150 0.1 1
Node 45 59 10.2956
Pkt 48 480 0.1 1
Pkt 32 320 0.1 1
Rate:200
==========
==========16
5 0 2 24000
Node 29 47 21.2132
Pkt 16 160 0.1 1
Pkt 24 240 0.1 1
Node 30 46 20.3961
Pkt 38 375 0.101333 1
Pkt 32 320 0.1 1
Node 40 35 18.0278
Pkt 75 750 0.1 1
Pkt 80 800 0.1 1
Node 34 37 20.6155
Pkt 25 250 0.1 1
Pkt 16 160 0.1 1
Node 34 30 25.6125
Pkt 30 300 0.1 1
Pkt 40 400 0.1 1
Rate:200.267
==========
==========17
5 0 2 24000
Node 53 69 19.2354
Pkt 25 250 0.1 1
Pkt 20 192 0.104167 1
Node 62 56 13.4164
Pkt 38 375 0.101333 1
Pkt 38 375 0.101333 1
Node 51 60 10.0499
Pkt 80 800 0.1 1
Pkt 75 750 0.1 1
Node 59 57 11.4018
Pkt 24 240 0.1 1
Pkt 24 240 0.1 1
Node 52 32 18.1108
Pkt 40 400 0.1 1
Pkt 48 480 0.1 1
Rate:201.367
==========
==========18
5 0 2 24000
Node 29 52 21.095
Pkt 24 240 0.1 1
Pkt 20 200 0.1 1
Node 60 38 15.6205
Pkt 30 300 0.1 1
Pkt 40 400 0.1 1
Node 34 38 20
Pkt 75 750 0.1 1
Pkt 75 750 0.1 1
Node 25 64 28.6531
Pkt 13 125 0.104 1
Pkt 15 150 0.1 1
Node 60 51 10.0499
Pkt 48 480 0.1 1
Pkt 40 400 0.1 1
Rate:200.8
==========
==========19
5 0 2 24000
Node 73 48 23.0868
Pkt 16 160 0.1 1
Pkt 24 240 0.1 1
Node 32 50 18
Pkt 30 300 0.1 1
Pkt 32 320 0.1 1
Node 35 57 16.5529
Pkt 80 800 0.1 1
Pkt 75 750 0.1 1
Node 38 40 15.6205
Pkt 15 150 0.1 1
Pkt 24 240 0.1 1
Node 51 65 15.0333
Pkt 32 320 0.1 1
Pkt 48 480 0.1 1
Rate:200
==========
==========20
5 0 2 24000
Node 67 45 17.72
Pkt 15 150 0.1 1
Pkt 20 192 0.104167 1
Node 74 30 31.241
Pkt 30 300 0.1 1
Pkt 38 375 0.101333 1
Node 55 58 9.43398
Pkt 75 750 0.1 1
Pkt 80 800 0.1 1
Node 44 46 7.2111
Pkt 10 100 0.1 1
Pkt 20 192 0.104167 1
Node 37 46 13.6015
Pkt 32 320 0.1 1
Pkt 32 320 0.1 1
Rate:201.933
==========
==========21
5 0 2 24000
Node 67 65 22.6716
Pkt 20 192 0.104167 1
Pkt 13 125 0.104 1
Node 41 57 11.4018
Pkt 40 400 0.1 1
Pkt 40 400 0.1 1
Node 39 72 24.5967
Pkt 80 800 0.1 1
Pkt 80 800 0.1 1
Node 72 41 23.7697
Pkt 12 120 0.1 1
Pkt 20 192 0.104167 1
Node 38 52 12.1655
Pkt 40 400 0.1 1
Pkt 38 375 0.101333 1
Rate:202.733
==========
==========22
5 0 2 24000
Node 60 69 21.4709
Pkt 25 250 0.1 1
Pkt 10 100 0.1 1
Node 74 43 25
Pkt 40 400 0.1 1
Pkt 40 400 0.1 1
Node 30 63 23.8537
Pkt 75 750 0.1 1
Pkt 80 800 0.1 1
Node 51 63 13.0384
Pkt 15 150 0.1 1
Pkt 16 160 0.1 1
Node 40 41 13.4536
Pkt 48 480 0.1 1
Pkt 38 375 0.101333 1
Rate:200.267
==========
==========23
5 0 2 24000
Node 38 57 13.8924
Pkt 25 250 0.1 1
Pkt 25 250 0.1 1
Node 63 61 17.0294
Pkt 32 320 0.1 1
Pkt 32 320 0.1 1
Node 73 49 23.0217
Pkt 80 800 0.1 1
Pkt 80 800 0.1 1
Node 40 32 20.5913
Pkt 13 125 0.104 1
Pkt 13 125 0.104 1
Node 54 55 6.40312
Pkt 38 375 0.101333 1
Pkt 40 400 0.1 1
Rate:201.867
==========
==========24
5 0 2 24000
Node 41 35 17.4929
Pkt 20 192 0.104167 1
Pkt 12 120 0.1 1
Node 53 73 23.1948
Pkt 38 375 0.101333 1
Pkt 30 300 0.1 1
Node 48 45 5.38516
Pkt 80 800 0.1 1
Pkt 75 750 0.1 1
Node 29 68 27.6586
Pkt 13 125 0.104 1
Pkt 12 120 0.1 1
Node 67 51 17.0294
Pkt 32 320 0.1 1
Pkt 38 375 0.101333 1
Rate:202.167
==========
==========25
5 0 2 24000
Node 44 42 10
Pkt 25 250 0.1 1
Pkt 12 120 0.1 1
Node 37 28 25.5539
Pkt 32 320 0.1 1
Pkt 40 400 0.1 1
Node 66 33 23.3452
Pkt 80 800 0.1 1
Pkt 75 750 0.1 1
Node 34 43 17.4642
Pkt 24 240 0.1 1
Pkt 25 250 0.1 1
Node 38 27 25.9422
Pkt 38 375 0.101333 1
Pkt 40 400 0.1 1
Rate:200.267
==========
==========26
5 0 2 24000
Node 68 54 18.4391
Pkt 25 250 0.1 1
Pkt 16 160 0.1 1
Node 51 61 11.0454
Pkt 40 400 0.1 1
Pkt 30 300 0.1 1
Node 32 55 18.6815
Pkt 80 800 0.1 1
Pkt 80 800 0.1 1
Node 65 46 15.5242
Pkt 24 240 0.1 1
Pkt 25 250 0.1 1
Node 29 33 27.0185
Pkt 48 480 0.1 1
Pkt 40 400 0.1 1
Rate:200
==========
==========27
5 0 2 24000
Node 71 53 21.2132
Pkt 20 192 0.104167 1
Pkt 15 150 0.1 1
Node 34 35 21.9317
Pkt 32 320 0.1 1
Pkt 32 320 0.1 1
Node 35 57 16.5529
Pkt 75 750 0.1 1
Pkt 75 750 0.1 1
Node 73 36 26.9258
Pkt 12 120 0.1 1
Pkt 12 120 0.1 1
Node 37 43 14.7648
Pkt 40 400 0.1 1
Pkt 48 480 0.1 1
Rate:200.833
==========
==========28
5 0 2 24000
Node 67 47 17.2627
Pkt 20 192 0.104167 1
Pkt 15 150 0.1 1
Node 61 66 19.4165
Pkt 40 400 0.1 1
Pkt 38 375 0.101333 1
Node 25 28 33.3017
Pkt 75 750 0.1 1
Pkt 75 750 0.1 1
Node 45 69 19.6469
Pkt 15 150 0.1 1
Pkt 20 192 0.104167 1
Node 42 64 16.1245
Pkt 32 320 0.1 1
Pkt 32 320 0.1 1
Rate:201.933
==========
==========29
5 0 2 24000
Node 70 67 26.2488
Pkt 12 120 0.1 1
Pkt 20 200 0.1 1
Node 25 57 25.9615
Pkt 40 400 0.1 1
Pkt 32 320 0.1 1
Node 63 52 13.1529
Pkt 80 800 0.1 1
Pkt 75 750 0.1 1
Node 43 52 7.28011
Pkt 13 125 0.104 1
Pkt 25 250 0.1 1
Node 65 67 22.6716
Pkt 40 400 0.1 1
Pkt 48 480 0.1 1
Rate:200.8
==========
==========30
5 0 2 24000
Node 41 53 9.48683
Pkt 15 150 0.1 1
Pkt 20 192 0.104167 1
Node 25 29 32.6497
Pkt 32 320 0.1 1
Pkt 38 375 0.101333 1
Node 30 72 29.7321
Pkt 80 800 0.1 1
Pkt 80 800 0.1 1
Node 52 62 12.1655
Pkt 12 120 0.1 1
Pkt 10 100 0.1 1
Node 52 32 18.1108
Pkt 38 375 0.101333 1
Pkt 48 480 0.1 1
Rate:201.367
==========
==========31
5 0 2 24000
Node 62 45 13
Pkt 20 200 0.1 1
Pkt 15 150 0.1 1
Node 59 69 21.0238
Pkt 32 320 0.1 1
Pkt 32 320 0.1 1
Node 41 49 9.05539
Pkt 80 800 0.1 1
Pkt 80 800 0.1 1
Node 41 70 21.9317
Pkt 10 100 0.1 1
Pkt 10 100 0.1 1
Node 65 64 20.5183
Pkt 38 375 0.101333 1
Pkt 48 480 0.1 1
Rate:200.267
==========
==========32
5 0 2 24000
Node 27 42 24.3516
Pkt 16 160 0.1 1
Pkt 16 160 0.1 1
Node 62 36 18.4391
Pkt 32 320 0.1 1
Pkt 38 375 0.101333 1
Node 38 56 13.4164
Pkt 75 750 0.1 1
Pkt 80 800 0.1 1
Node 45 63 13.9284
Pkt 25 250 0.1 1
Pkt 10 100 0.1 1
Node 60 64 17.2047
Pkt 40 400 0.1 1
Pkt 38 375 0.101333 1
Rate:200.533
==========
==========33
5 0 2 24000
Node 74 67 29.4109
Pkt 25 250 0.1 1
Pkt 20 192 0.104167 1
Node 64 56 15.2315
Pkt 38 375 0.101333 1
Pkt 38 375 0.101333 1
Node 45 28 22.561
Pkt 80 800 0.1 1
Pkt 75 750 0.1 1
Node 56 69 19.9249
Pkt 25 250 0.1 1
Pkt 25 250 0.1 1
Node 41 32 20.1246
Pkt 30 300 0.1 1
Pkt 30 300 0.1 1
Rate:201.367
==========
==========34
5 0 2 24000
Node 42 36 16.1245
Pkt 24 240 0.1 1
Pkt 25 250 0.1 1
Node 50 53 3
Pkt 32 320 0.1 1
Pkt 48 480 0.1 1
Node 42 32 19.6977
Pkt 80 800 0.1 1
Pkt 75 750 0.1 1
Node 49 27 23.0217
Pkt 24 240 0.1 1
Pkt 16 160 0.1 1
Node 72 26 32.5576
Pkt 38 375 0.101333 1
Pkt 32 320 0.1 1
Rate:200.267
==========
==========35
5 0 2 24000
Node 51 66 16.0312
Pkt 25 250 0.1 1
Pkt 15 150 0.1 1
Node 37 35 19.8494
Pkt 38 375 0.101333 1
Pkt 30 300 0.1 1
Node 59 41 12.7279
Pkt 80 800 0.1 1
Pkt 80 800 0.1 1
Node 67 66 23.3452
Pkt 20 200 0.1 1
Pkt 20 200 0.1 1
Node 45 25 25.4951
Pkt 40 400 0.1 1
Pkt 38 375 0.101333 1
Rate:200.533
==========
==========36
5 0 2 24000
Node 29 73 31.1448
Pkt 24 240 0.1 1
Pkt 10 100 0.1 1
Node 55 57 8.60233
Pkt 48 480 0.1 1
Pkt 40 400 0.1 1
Node 30 40 22.3607
Pkt 75 750 0.1 1
Pkt 75 750 0.1 1
Node 30 54 20.3961
Pkt 20 200 0.1 1
Pkt 16 160 0.1 1
Node 36 57 15.6525
Pkt 38 375 0.101333 1
Pkt 48 480 0.1 1
Rate:200.267
==========
==========37
5 0 2 24000
Node 40 41 13.4536
Pkt 12 120 0.1 1
Pkt 13 125 0.104 1
Node 51 46 4.12311
Pkt 32 320 0.1 1
Pkt 30 300 0.1 1
Node 42 42 11.3137
Pkt 75 750 0.1 1
Pkt 75 750 0.1 1
Node 67 70 26.2488
Pkt 25 250 0.1 1
Pkt 20 192 0.104167 1
Node 32 59 20.1246
Pkt 30 300 0.1 1
Pkt 38 375 0.101333 1
Rate:201.9
==========
==========38
5 0 2 24000
Node 40 45 11.1803
Pkt 20 192 0.104167 1
Pkt 25 250 0.1 1
Node 69 25 31.4006
Pkt 48 480 0.1 1
Pkt 32 320 0.1 1
Node 25 58 26.2488
Pkt 75 750 0.1 1
Pkt 80 800 0.1 1
Node 28 54 22.3607
Pkt 10 100 0.1 1
Pkt 13 125 0.104 1
Node 58 47 8.544
Pkt 30 300 0.1 1
Pkt 40 400 0.1 1
Rate:201.633
==========
==========39
5 0 2 24000
Node 30 43 21.1896
Pkt 24 240 0.1 1
Pkt 12 120 0.1 1
Node 58 56 10
Pkt 48 480 0.1 1
Pkt 38 375 0.101333 1
Node 54 35 15.5242
Pkt 80 800 0.1 1
Pkt 75 750 0.1 1
Node 74 59 25.632
Pkt 13 125 0.104 1
Pkt 20 192 0.104167 1
Node 32 55 18.6815
Pkt 48 480 0.1 1
Pkt 40 400 0.1 1
Rate:201.9
==========
==========40
5 0 2 24000
Node 66 36 21.2603
Pkt 13 125 0.104 1
Pkt 20 200 0.1 1
Node 40 36 17.2047
Pkt 40 400 0.1 1
Pkt 38 375 0.101333 1
Node 50 30 20
Pkt 75 750 0.1 1
Pkt 80 800 0.1 1
Node 58 38 14.4222
Pkt 13 125 0.104 1
Pkt 13 125 0.104 1
Node 38 56 13.4164
Pkt 40 400 0.1 1
Pkt 48 480 0.1 1
Rate:202.667
==========
==========41
5 0 2 24000
Node 56 71 21.8403
Pkt 12 120 0.1 1
Pkt 12 120 0.1 1
Node 36 36 19.799
Pkt 32 320 0.1 1
Pkt 30 300 0.1 1
Node 56 32 18.9737
Pkt 80 800 0.1 1
Pkt 80 800 0.1 1
Node 51 44 6.08276
Pkt 24 240 0.1 1
Pkt 15 150 0.1 1
Node 39 25 27.313
Pkt 30 300 0.1 1
Pkt 48 480 0.1 1
Rate:200
==========
==========42
5 0 2 24000
Node 28 33 27.8029
Pkt 20 200 0.1 1
Pkt 25 250 0.1 1
Node 54 64 14.5602
Pkt 40 400 0.1 1
Pkt 38 375 0.101333 1
Node 34 47 16.2788
Pkt 80 800 0.1 1
Pkt 75 750 0.1 1
Node 25 74 34.6554
Pkt 25 250 0.1 1
Pkt 13 125 0.104 1
Node 55 56 7.81025
Pkt 38 375 0.101333 1
Pkt 30 300 0.1 1
Rate:201.333
==========
==========43
5 0 2 24000
Node 26 33 29.4109
Pkt 12 120 0.1 1
Pkt 16 160 0.1 1
Node 43 58 10.6301
Pkt 48 480 0.1 1
Pkt 48 480 0.1 1
Node 37 66 20.6155
Pkt 80 800 0.1 1
Pkt 75 750 0.1 1
Node 36 34 21.2603
Pkt 16 160 0.1 1
Pkt 20 200 0.1 1
Node 43 40 12.2066
Pkt 32 320 0.1 1
Pkt 40 400 0.1 1
Rate:200
==========
==========44
5 0 2 24000
Node 57 66 17.4642
Pkt 12 120 0.1 1
Pkt 20 192 0.104167 1
Node 26 33 29.4109
Pkt 48 480 0.1 1
Pkt 40 400 0.1 1
Node 59 25 26.5707
Pkt 75 750 0.1 1
Pkt 80 800 0.1 1
Node 46 30 20.3961
Pkt 10 100 0.1 1
Pkt 24 240 0.1 1
Node 70 41 21.9317
Pkt 30 300 0.1 1
Pkt 40 400 0.1 1
Rate:200.833
==========
==========45
5 0 2 24000
Node 61 39 15.5563
Pkt 16 160 0.1 1
Pkt 13 125 0.104 1
Node 29 72 30.4138
Pkt 30 300 0.1 1
Pkt 40 400 0.1 1
Node 29 58 22.4722
Pkt 80 800 0.1 1
Pkt 80 800 0.1 1
Node 44 56 8.48528
Pkt 15 150 0.1 1
Pkt 20 192 0.104167 1
Node 50 54 4
Pkt 32 320 0.1 1
Pkt 48 480 0.1 1
Rate:201.633
==========
==========46
5 0 2 24000
Node 40 51 10.0499
Pkt 20 192 0.104167 1
Pkt 10 100 0.1 1
Node 57 37 14.7648
Pkt 38 375 0.101333 1
Pkt 40 400 0.1 1
Node 36 27 26.9258
Pkt 80 800 0.1 1
Pkt 75 750 0.1 1
Node 44 37 14.3178
Pkt 13 125 0.104 1
Pkt 16 160 0.1 1
Node 71 26 31.8904
Pkt 48 480 0.1 1
Pkt 32 320 0.1 1
Rate:201.9
==========
==========47
5 0 2 24000
Node 59 52 9.21954
Pkt 10 100 0.1 1
Pkt 20 200 0.1 1
Node 37 35 19.8494
Pkt 38 375 0.101333 1
Pkt 30 300 0.1 1
Node 31 37 23.0217
Pkt 80 800 0.1 1
Pkt 75 750 0.1 1
Node 36 30 24.4131
Pkt 10 100 0.1 1
Pkt 20 200 0.1 1
Node 44 34 17.088
Pkt 30 300 0.1 1
Pkt 38 375 0.101333 1
Rate:200.533
==========
==========48
5 0 2 24000
Node 38 62 16.9706
Pkt 20 192 0.104167 1
Pkt 24 240 0.1 1
Node 48 41 9.21954
Pkt 32 320 0.1 1
Pkt 48 480 0.1 1
Node 63 48 13.1529
Pkt 80 800 0.1 1
Pkt 75 750 0.1 1
Node 58 49 8.06226
Pkt 20 192 0.104167 1
Pkt 24 240 0.1 1
Node 41 44 10.8167
Pkt 32 320 0.1 1
Pkt 32 320 0.1 1
Rate:201.667
==========
==========49
5 0 2 24000
Node 58 69 20.6155
Pkt 24 240 0.1 1
Pkt 20 200 0.1 1
Node 50 29 21
Pkt 48 480 0.1 1
Pkt 30 300 0.1 1
Node 28 48 22.0907
Pkt 80 800 0.1 1
Pkt 75 750 0.1 1
Node 42 52 8.24621
Pkt 13 125 0.104 1
Pkt 10 100 0.1 1
Node 35 57 16.5529
Pkt 40 400 0.1 1
Pkt 32 320 0.1 1
Rate:200.8
==========
==========50
5 0 2 24000
Node 46 68 18.4391
Pkt 25 250 0.1 1
Pkt 25 250 0.1 1
Node 43 36 15.6525
Pkt 30 300 0.1 1
Pkt 38 375 0.101333 1
Node 64 29 25.2389
Pkt 80 800 0.1 1
Pkt 75 750 0.1 1
Node 45 30 20.6155
Pkt 10 100 0.1 1
Pkt 24 240 0.1 1
Node 49 62 12.0416
Pkt 30 300 0.1 1
Pkt 48 480 0.1 1
Rate:200.267
==========
==========51
5 0 2 24000
Node 33 28 27.8029
Pkt 24 240 0.1 1
Pkt 25 250 0.1 1
Node 61 60 14.8661
Pkt 30 300 0.1 1
Pkt 48 480 0.1 1
Node 63 50 13
Pkt 75 750 0.1 1
Pkt 80 800 0.1 1
Node 45 57 8.60233
Pkt 16 160 0.1 1
Pkt 10 100 0.1 1
Node 37 41 15.8114
Pkt 38 375 0.101333 1
Pkt 40 400 0.1 1
Rate:200.267
==========
==========52
5 0 2 24000
Node 52 72 22.0907
Pkt 10 100 0.1 1
Pkt 24 240 0.1 1
Node 30 56 20.8806
Pkt 38 375 0.101333 1
Pkt 32 320 0.1 1
Node 37 58 15.2643
Pkt 75 750 0.1 1
Pkt 80 800 0.1 1
Node 58 42 11.3137
Pkt 16 160 0.1 1
Pkt 16 160 0.1 1
Node 36 36 19.799
Pkt 32 320 0.1 1
Pkt 30 300 0.1 1
Rate:200.267
==========
==========53
5 0 2 24000
Node 39 30 22.8254
Pkt 15 150 0.1 1
Pkt 15 150 0.1 1
Node 66 71 26.4008
Pkt 40 400 0.1 1
Pkt 30 300 0.1 1
Node 69 36 23.6008
Pkt 75 750 0.1 1
Pkt 75 750 0.1 1
Node 35 28 26.6271
Pkt 15 150 0.1 1
Pkt 16 160 0.1 1
Node 39 74 26.4008
Pkt 30 300 0.1 1
Pkt 40 400 0.1 1
Rate:200
==========
==========54
5 0 2 24000
Node 62 54 12.6491
Pkt 24 240 0.1 1
Pkt 12 120 0.1 1
Node 74 32 30
Pkt 48 480 0.1 1
Pkt 40 400 0.1 1
Node 41 36 16.6433
Pkt 75 750 0.1 1
Pkt 80 800 0.1 1
Node 53 49 3.16228
Pkt 25 250 0.1 1
Pkt 20 192 0.104167 1
Node 44 31 19.9249
Pkt 38 375 0.101333 1
Pkt 32 320 0.1 1
Rate:201.1
==========
==========55
5 0 2 24000
Node 53 54 5
Pkt 25 250 0.1 1
Pkt 13 125 0.104 1
Node 44 56 8.48528
Pkt 32 320 0.1 1
Pkt 38 375 0.101333 1
Node 27 59 24.6982
Pkt 80 800 0.1 1
Pkt 80 800 0.1 1
Node 27 41 24.6982
Pkt 15 150 0.1 1
Pkt 10 100 0.1 1
Node 44 36 15.2315
Pkt 30 300 0.1 1
Pkt 32 320 0.1 1
Rate:201.067
==========
==========56
5 0 2 24000
Node 41 39 14.2127
Pkt 13 125 0.104 1
Pkt 25 250 0.1 1
Node 53 49 3.16228
Pkt 30 300 0.1 1
Pkt 48 480 0.1 1
Node 53 62 12.3693
Pkt 75 750 0.1 1
Pkt 80 800 0.1 1
Node 33 61 20.2485
Pkt 24 240 0.1 1
Pkt 20 192 0.104167 1
Node 50 69 19
Pkt 30 300 0.1 1
Pkt 32 320 0.1 1
Rate:201.633
==========
==========57
5 0 2 24000
Node 67 42 18.7883
Pkt 20 200 0.1 1
Pkt 20 192 0.104167 1
Node 36 38 18.4391
Pkt 38 375 0.101333 1
Pkt 30 300 0.1 1
Node 35 41 17.4929
Pkt 80 800 0.1 1
Pkt 75 750 0.1 1
Node 58 42 11.3137
Pkt 13 125 0.104 1
Pkt 24 240 0.1 1
Node 72 26 32.5576
Pkt 40 400 0.1 1
Pkt 38 375 0.101333 1
Rate:202.167
==========
==========58
5 0 2 24000
Node 48 65 15.1327
Pkt 25 250 0.1 1
Pkt 15 150 0.1 1
Node 44 53 6.7082
Pkt 40 400 0.1 1
Pkt 48 480 0.1 1
Node 34 31 24.8395
Pkt 80 800 0.1 1
Pkt 75 750 0.1 1
Node 68 38 21.6333
Pkt 15 150 0.1 1
Pkt 10 100 0.1 1
Node 38 50 12
Pkt 38 375 0.101333 1
Pkt 38 375 0.101333 1
Rate:200.533
==========
==========59
5 0 2 24000
Node 41 63 15.8114
Pkt 24 240 0.1 1
Pkt 20 192 0.104167 1
Node 70 45 20.6155
Pkt 38 375 0.101333 1
Pkt 32 320 0.1 1
Node 58 35 17
Pkt 75 750 0.1 1
Pkt 80 800 0.1 1
Node 33 50 17
Pkt 13 125 0.104 1
Pkt 24 240 0.1 1
Node 44 53 6.7082
Pkt 30 300 0.1 1
Pkt 40 400 0.1 1
Rate:201.9
==========
==========60
5 0 2 24000
Node 44 50 6
Pkt 16 160 0.1 1
Pkt 15 150 0.1 1
Node 50 33 17
Pkt 30 300 0.1 1
Pkt 48 480 0.1 1
Node 29 65 25.807
Pkt 80 800 0.1 1
Pkt 80 800 0.1 1
Node 54 59 9.84886
Pkt 13 125 0.104 1
Pkt 15 150 0.1 1
Node 37 58 15.2643
Pkt 32 320 0.1 1
Pkt 40 400 0.1 1
Rate:200.8
==========
==========61
5 0 2 24000
Node 54 60 10.7703
Pkt 13 125 0.104 1
Pkt 20 200 0.1 1
Node 48 72 22.0907
Pkt 38 375 0.101333 1
Pkt 30 300 0.1 1
Node 45 27 23.5372
Pkt 80 800 0.1 1
Pkt 80 800 0.1 1
Node 54 50 4
Pkt 15 150 0.1 1
Pkt 12 120 0.1 1
Node 33 66 23.3452
Pkt 40 400 0.1 1
Pkt 38 375 0.101333 1
Rate:201.333
==========
==========62
5 0 2 24000
Node 29 48 21.095
Pkt 12 120 0.1 1
Pkt 16 160 0.1 1
Node 35 66 21.9317
Pkt 32 320 0.1 1
Pkt 30 300 0.1 1
Node 56 62 13.4164
Pkt 80 800 0.1 1
Pkt 80 800 0.1 1
Node 69 64 23.6008
Pkt 20 192 0.104167 1
Pkt 20 192 0.104167 1
Node 45 28 22.561
Pkt 48 480 0.1 1
Pkt 38 375 0.101333 1
Rate:201.933
==========
==========63
5 0 2 24000
Node 55 67 17.72
Pkt 12 120 0.1 1
Pkt 15 150 0.1 1
Node 56 48 6.32456
Pkt 38 375 0.101333 1
Pkt 40 400 0.1 1
Node 39 74 26.4008
Pkt 80 800 0.1 1
Pkt 80 800 0.1 1
Node 36 53 14.3178
Pkt 25 250 0.1 1
Pkt 13 125 0.104 1
Node 42 68 19.6977
Pkt 48 480 0.1 1
Pkt 40 400 0.1 1
Rate:201.067
==========
==========64
5 0 2 24000
Node 71 48 21.095
Pkt 20 200 0.1 1
Pkt 15 150 0.1 1
Node 67 46 17.4642
Pkt 38 375 0.101333 1
Pkt 30 300 0.1 1
Node 60 31 21.4709
Pkt 75 750 0.1 1
Pkt 80 800 0.1 1
Node 67 60 19.7231
Pkt 10 100 0.1 1
Pkt 15 150 0.1 1
Node 71 73 31.1448
Pkt 32 320 0.1 1
Pkt 40 400 0.1 1
Rate:200.267
==========
==========65
5 0 2 24000
Node 39 38 16.2788
Pkt 12 120 0.1 1
Pkt 15 150 0.1 1
Node 55 53 5.83095
Pkt 38 375 0.101333 1
Pkt 48 480 0.1 1
Node 51 48 2.23607
Pkt 80 800 0.1 1
Pkt 75 750 0.1 1
Node 63 51 13.0384
Pkt 25 250 0.1 1
Pkt 16 160 0.1 1
Node 64 63 19.105
Pkt 38 375 0.101333 1
Pkt 40 400 0.1 1
Rate:200.533
==========
==========66
5 0 2 24000
Node 30 28 29.7321
Pkt 15 150 0.1 1
Pkt 13 125 0.104 1
Node 70 39 22.8254
Pkt 48 480 0.1 1
Pkt 38 375 0.101333 1
Node 47 55 5.83095
Pkt 80 800 0.1 1
Pkt 75 750 0.1 1
Node 52 71 21.095
Pkt 24 240 0.1 1
Pkt 25 250 0.1 1
Node 37 29 24.6982
Pkt 32 320 0.1 1
Pkt 48 480 0.1 1
Rate:201.067
==========
==========67
5 0 2 24000
Node 57 57 9.89949
Pkt 24 240 0.1 1
Pkt 20 192 0.104167 1
Node 51 63 13.0384
Pkt 38 375 0.101333 1
Pkt 32 320 0.1 1
Node 62 41 15
Pkt 80 800 0.1 1
Pkt 75 750 0.1 1
Node 58 37 15.2643
Pkt 25 250 0.1 1
Pkt 24 240 0.1 1
Node 74 37 27.2947
Pkt 38 375 0.101333 1
Pkt 48 480 0.1 1
Rate:201.367
==========
==========68
5 0 2 24000
Node 58 44 10
Pkt 15 150 0.1 1
Pkt 10 100 0.1 1
Node 67 66 23.3452
Pkt 32 320 0.1 1
Pkt 30 300 0.1 1
Node 48 73 23.0868
Pkt 80 800 0.1 1
Pkt 75 750 0.1 1
Node 61 45 12.083
Pkt 16 160 0.1 1
Pkt 15 150 0.1 1
Node 63 33 21.4009
Pkt 38 375 0.101333 1
Pkt 30 300 0.1 1
Rate:200.267
==========
==========69
5 0 2 24000
Node 67 44 18.0278
Pkt 10 100 0.1 1
Pkt 13 125 0.104 1
Node 29 28 30.4138
Pkt 48 480 0.1 1
Pkt 48 480 0.1 1
Node 40 74 26
Pkt 80 800 0.1 1
Pkt 80 800 0.1 1
Node 34 49 16.0312
Pkt 12 120 0.1 1
Pkt 16 160 0.1 1
Node 72 67 27.8029
Pkt 30 300 0.1 1
Pkt 30 300 0.1 1
Rate:200.8
==========
==========70
5 0 2 24000
Node 26 32 30
Pkt 15 150 0.1 1
Pkt 10 100 0.1 1
Node 50 66 16
Pkt 30 300 0.1 1
Pkt 40 400 0.1 1
Node 42 67 18.7883
Pkt 80 800 0.1 1
Pkt 75 750 0.1 1
Node 54 35 15.5242
Pkt 12 120 0.1 1
Pkt 16 160 0.1 1
Node 28 53 22.2036
Pkt 38 375 0.101333 1
Pkt 30 300 0.1 1
Rate:200.267
==========
==========71
5 0 2 24000
Node 30 73 30.4795
Pkt 24 240 0.1 1
Pkt 24 240 0.1 1
Node 43 55 8.60233
Pkt 48 480 0.1 1
Pkt 32 320 0.1 1
Node 29 63 24.6982
Pkt 80 800 0.1 1
Pkt 75 750 0.1 1
Node 46 49 4.12311
Pkt 20 192 0.104167 1
Pkt 10 100 0.1 1
Node 38 53 12.3693
Pkt 30 300 0.1 1
Pkt 38 375 0.101333 1
Rate:201.1
==========
==========72
5 0 2 24000
Node 68 37 22.2036
Pkt 20 200 0.1 1
Pkt 25 250 0.1 1
Node 47 54 5
Pkt 30 300 0.1 1
Pkt 38 375 0.101333 1
Node 47 41 9.48683
Pkt 80 800 0.1 1
Pkt 80 800 0.1 1
Node 69 57 20.2485
Pkt 15 150 0.1 1
Pkt 12 120 0.1 1
Node 71 41 22.8473
Pkt 32 320 0.1 1
Pkt 38 375 0.101333 1
Rate:200.533
==========
==========73
5 0 2 24000
Node 33 32 24.7588
Pkt 24 240 0.1 1
Pkt 10 100 0.1 1
Node 70 51 20.025
Pkt 32 320 0.1 1
Pkt 38 375 0.101333 1
Node 70 28 29.7321
Pkt 80 800 0.1 1
Pkt 75 750 0.1 1
Node 30 55 20.6155
Pkt 25 250 0.1 1
Pkt 20 192 0.104167 1
Node 54 48 4.47214
Pkt 32 320 0.1 1
Pkt 32 320 0.1 1
Rate:201.1
==========
==========74
5 0 2 24000
Node 57 53 7.61577
Pkt 15 150 0.1 1
Pkt 15 150 0.1 1
Node 71 33 27.0185
Pkt 38 375 0.101333 1
Pkt 38 375 0.101333 1
Node 31 70 27.5862
Pkt 80 800 0.1 1
Pkt 75 750 0.1 1
Node 56 69 19.9249
Pkt 10 100 0.1 1
Pkt 12 120 0.1 1
Node 45 26 24.5153
Pkt 32 320 0.1 1
Pkt 48 480 0.1 1
Rate:200.533
==========
==========75
5 0 2 24000
Node 58 41 12.0416
Pkt 20 200 0.1 1
Pkt 13 125 0.104 1
Node 64 61 17.8045
Pkt 40 400 0.1 1
Pkt 48 480 0.1 1
Node 29 32 27.6586
Pkt 80 800 0.1 1
Pkt 75 750 0.1 1
Node 54 61 11.7047
Pkt 12 120 0.1 1
Pkt 12 120 0.1 1
Node 53 26 24.1868
Pkt 40 400 0.1 1
Pkt 48 480 0.1 1
Rate:200.8
==========
==========76
5 0 2 24000
Node 37 46 13.6015
Pkt 16 160 0.1 1
Pkt 16 160 0.1 1
Node 72 46 22.3607
Pkt 48 480 0.1 1
Pkt 30 300 0.1 1
Node 34 60 18.868
Pkt 80 800 0.1 1
Pkt 75 750 0.1 1
Node 50 60 10
Pkt 25 250 0.1 1
Pkt 15 150 0.1 1
Node 70 47 20.2237
Pkt 40 400 0.1 1
Pkt 40 400 0.1 1
Rate:200
==========
==========77
5 0 2 24000
Node 69 54 19.4165
Pkt 12 120 0.1 1
Pkt 20 200 0.1 1
Node 51 49 1.41421
Pkt 38 375 0.101333 1
Pkt 48 480 0.1 1
Node 38 73 25.9422
Pkt 75 750 0.1 1
Pkt 80 800 0.1 1
Node 74 35 28.3019
Pkt 24 240 0.1 1
Pkt 13 125 0.104 1
Node 25 65 29.1548
Pkt 38 375 0.101333 1
Pkt 48 480 0.1 1
Rate:201.333
==========
==========78
5 0 2 24000
Node 47 29 21.2132
Pkt 16 160 0.1 1
Pkt 24 240 0.1 1
Node 73 48 23.0868
Pkt 38 375 0.101333 1
Pkt 32 320 0.1 1
Node 28 42 23.4094
Pkt 75 750 0.1 1
Pkt 80 800 0.1 1
Node 30 73 30.4795
Pkt 20 200 0.1 1
Pkt 20 200 0.1 1
Node 74 53 24.1868
Pkt 32 320 0.1 1
Pkt 32 320 0.1 1
Rate:200.267
==========
==========79
5 0 2 24000
Node 38 44 13.4164
Pkt 25 250 0.1 1
Pkt 20 192 0.104167 1
Node 60 58 12.8062
Pkt 38 375 0.101333 1
Pkt 40 400 0.1 1
Node 34 62 20
Pkt 80 800 0.1 1
Pkt 75 750 0.1 1
Node 63 60 16.4012
Pkt 13 125 0.104 1
Pkt 20 192 0.104167 1
Node 48 36 14.1421
Pkt 40 400 0.1 1
Pkt 30 300 0.1 1
Rate:202.733
==========
==========80
5 0 2 24000
Node 71 41 22.8473
Pkt 12 120 0.1 1
Pkt 10 100 0.1 1
Node 53 63 13.3417
Pkt 38 375 0.101333 1
Pkt 30 300 0.1 1
Node 56 62 13.4164
Pkt 75 750 0.1 1
Pkt 80 800 0.1 1
Node 25 60 26.9258
Pkt 10 100 0.1 1
Pkt 16 160 0.1 1
Node 46 60 10.7703
Pkt 30 300 0.1 1
Pkt 32 320 0.1 1
Rate:200.267
==========
==========81
5 0 2 24000
Node 54 29 21.3776
Pkt 25 250 0.1 1
Pkt 20 200 0.1 1
Node 34 36 21.2603
Pkt 30 300 0.1 1
Pkt 38 375 0.101333 1
Node 62 46 12.6491
Pkt 75 750 0.1 1
Pkt 80 800 0.1 1
Node 72 55 22.561
Pkt 16 160 0.1 1
Pkt 24 240 0.1 1
Node 33 44 18.0278
Pkt 30 300 0.1 1
Pkt 48 480 0.1 1
Rate:200.267
==========
==========82
5 0 2 24000
Node 33 43 18.3848
Pkt 10 100 0.1 1
Pkt 24 240 0.1 1
Node 54 51 4.12311
Pkt 32 320 0.1 1
Pkt 32 320 0.1 1
Node 67 28 27.8029
Pkt 80 800 0.1 1
Pkt 80 800 0.1 1
Node 35 66 21.9317
Pkt 16 160 0.1 1
Pkt 10 100 0.1 1
Node 54 51 4.12311
Pkt 40 400 0.1 1
Pkt 40 400 0.1 1
Rate:200
==========
==========83
5 0 2 24000
Node 34 65 21.9317
Pkt 25 250 0.1 1
Pkt 16 160 0.1 1
Node 72 46 22.3607
Pkt 30 300 0.1 1
Pkt 48 480 0.1 1
Node 36 39 17.8045
Pkt 75 750 0.1 1
Pkt 75 750 0.1 1
Node 51 26 24.0208
Pkt 12 120 0.1 1
Pkt 24 240 0.1 1
Node 48 69 19.105
Pkt 38 375 0.101333 1
Pkt 30 300 0.1 1
Rate:200.267
==========
==========84
5 0 2 24000
Node 67 53 17.2627
Pkt 24 240 0.1 1
Pkt 20 192 0.104167 1
Node 44 32 18.9737
Pkt 40 400 0.1 1
Pkt 38 375 0.101333 1
Node 53 39 11.4018
Pkt 80 800 0.1 1
Pkt 75 750 0.1 1
Node 43 37 14.7648
Pkt 12 120 0.1 1
Pkt 13 125 0.104 1
Node 49 30 20.025
Pkt 30 300 0.1 1
Pkt 38 375 0.101333 1
Rate:202.167
==========
==========85
5 0 2 24000
Node 56 34 17.088
Pkt 20 200 0.1 1
Pkt 15 150 0.1 1
Node 48 54 4.47214
Pkt 48 480 0.1 1
Pkt 40 400 0.1 1
Node 44 43 9.21954
Pkt 75 750 0.1 1
Pkt 80 800 0.1 1
Node 74 29 31.8904
Pkt 20 192 0.104167 1
Pkt 10 100 0.1 1
Node 28 42 23.4094
Pkt 48 480 0.1 1
Pkt 30 300 0.1 1
Rate:200.833
==========
==========86
5 0 2 24000
Node 60 70 22.3607
Pkt 10 100 0.1 1
Pkt 12 120 0.1 1
Node 36 41 16.6433
Pkt 30 300 0.1 1
Pkt 38 375 0.101333 1
Node 42 49 8.06226
Pkt 75 750 0.1 1
Pkt 80 800 0.1 1
Node 55 61 12.083
Pkt 20 192 0.104167 1
Pkt 24 240 0.1 1
Node 47 54 5
Pkt 30 300 0.1 1
Pkt 30 300 0.1 1
Rate:201.1
==========
==========87
5 0 2 24000
Node 27 66 28.0179
Pkt 12 120 0.1 1
Pkt 25 250 0.1 1
Node 51 66 16.0312
Pkt 40 400 0.1 1
Pkt 48 480 0.1 1
Node 68 60 20.5913
Pkt 80 800 0.1 1
Pkt 75 750 0.1 1
Node 42 69 20.6155
Pkt 10 100 0.1 1
Pkt 16 160 0.1 1
Node 70 72 29.7321
Pkt 48 480 0.1 1
Pkt 38 375 0.101333 1
Rate:200.267
==========
==========88
5 0 2 24000
Node 25 47 25.1794
Pkt 25 250 0.1 1
Pkt 15 150 0.1 1
Node 29 37 24.6982
Pkt 30 300 0.1 1
Pkt 32 320 0.1 1
Node 44 25 25.7099
Pkt 80 800 0.1 1
Pkt 75 750 0.1 1
Node 32 29 27.6586
Pkt 20 192 0.104167 1
Pkt 20 200 0.1 1
Node 73 35 27.4591
Pkt 38 375 0.101333 1
Pkt 48 480 0.1 1
Rate:201.1
==========
==========89
5 0 2 24000
Node 46 57 8.06226
Pkt 12 120 0.1 1
Pkt 20 200 0.1 1
Node 48 49 2.23607
Pkt 30 300 0.1 1
Pkt 40 400 0.1 1
Node 64 64 19.799
Pkt 75 750 0.1 1
Pkt 75 750 0.1 1
Node 56 55 7.81025
Pkt 12 120 0.1 1
Pkt 12 120 0.1 1
Node 57 68 19.3132
Pkt 30 300 0.1 1
Pkt 48 480 0.1 1
Rate:200
==========
==========90
5 0 2 24000
Node 27 74 33.2415
Pkt 24 240 0.1 1
Pkt 13 125 0.104 1
Node 48 39 11.1803
Pkt 32 320 0.1 1
Pkt 30 300 0.1 1
Node 65 50 15
Pkt 80 800 0.1 1
Pkt 80 800 0.1 1
Node 34 52 16.1245
Pkt 13 125 0.104 1
Pkt 20 200 0.1 1
Node 40 55 11.1803
Pkt 30 300 0.1 1
Pkt 32 320 0.1 1
Rate:201.6
==========
==========91
5 0 2 24000
Node 48 27 23.0868
Pkt 10 100 0.1 1
Pkt 25 250 0.1 1
Node 38 27 25.9422
Pkt 38 375 0.101333 1
Pkt 40 400 0.1 1
Node 48 50 2
Pkt 75 750 0.1 1
Pkt 80 800 0.1 1
Node 28 26 32.5576
Pkt 13 125 0.104 1
Pkt 15 150 0.1 1
Node 41 47 9.48683
Pkt 48 480 0.1 1
Pkt 48 480 0.1 1
Rate:201.067
==========
==========92
5 0 2 24000
Node 38 53 12.3693
Pkt 20 200 0.1 1
Pkt 20 192 0.104167 1
Node 46 63 13.6015
Pkt 32 320 0.1 1
Pkt 40 400 0.1 1
Node 58 59 12.0416
Pkt 75 750 0.1 1
Pkt 75 750 0.1 1
Node 38 61 16.2788
Pkt 20 200 0.1 1
Pkt 20 192 0.104167 1
Node 26 32 30
Pkt 48 480 0.1 1
Pkt 30 300 0.1 1
Rate:201.667
==========
==========93
5 0 2 24000
Node 68 61 21.095
Pkt 24 240 0.1 1
Pkt 16 160 0.1 1
Node 44 41 10.8167
Pkt 38 375 0.101333 1
Pkt 30 300 0.1 1
Node 30 56 20.8806
Pkt 80 800 0.1 1
Pkt 75 750 0.1 1
Node 60 46 10.7703
Pkt 24 240 0.1 1
Pkt 12 120 0.1 1
Node 48 69 19.105
Pkt 38 375 0.101333 1
Pkt 40 400 0.1 1
Rate:200.533
==========
==========94
5 0 2 24000
Node 41 54 9.84886
Pkt 25 250 0.1 1
Pkt 24 240 0.1 1
Node 57 69 20.2485
Pkt 38 375 0.101333 1
Pkt 48 480 0.1 1
Node 52 46 4.47214
Pkt 75 750 0.1 1
Pkt 75 750 0.1 1
Node 73 58 24.3516
Pkt 13 125 0.104 1
Pkt 10 100 0.1 1
Node 43 27 24.0416
Pkt 30 300 0.1 1
Pkt 30 300 0.1 1
Rate:201.067
==========
==========95
5 0 2 24000
Node 52 43 7.28011
Pkt 15 150 0.1 1
Pkt 13 125 0.104 1
Node 25 25 35.3553
Pkt 48 480 0.1 1
Pkt 40 400 0.1 1
Node 45 59 10.2956
Pkt 80 800 0.1 1
Pkt 75 750 0.1 1
Node 27 41 24.6982
Pkt 20 192 0.104167 1
Pkt 24 240 0.1 1
Node 32 38 21.6333
Pkt 40 400 0.1 1
Pkt 30 300 0.1 1
Rate:201.633
==========
==========96
5 0 2 24000
Node 36 57 15.6525
Pkt 16 160 0.1 1
Pkt 15 150 0.1 1
Node 35 61 18.6011
Pkt 40 400 0.1 1
Pkt 30 300 0.1 1
Node 44 55 7.81025
Pkt 80 800 0.1 1
Pkt 80 800 0.1 1
Node 40 48 10.198
Pkt 13 125 0.104 1
Pkt 25 250 0.1 1
Node 65 33 22.6716
Pkt 32 320 0.1 1
Pkt 38 375 0.101333 1
Rate:201.067
==========
==========97
5 0 2 24000
Node 52 69 19.105
Pkt 20 200 0.1 1
Pkt 25 250 0.1 1
Node 52 56 6.32456
Pkt 30 300 0.1 1
Pkt 48 480 0.1 1
Node 40 46 10.7703
Pkt 75 750 0.1 1
Pkt 75 750 0.1 1
Node 50 65 15
Pkt 20 192 0.104167 1
Pkt 13 125 0.104 1
Node 71 29 29.6985
Pkt 48 480 0.1 1
Pkt 30 300 0.1 1
Rate:201.633
==========
==========98
5 0 2 24000
Node 47 46 5
Pkt 16 160 0.1 1
Pkt 20 192 0.104167 1
Node 43 40 12.2066
Pkt 32 320 0.1 1
Pkt 38 375 0.101333 1
Node 50 56 6
Pkt 75 750 0.1 1
Pkt 75 750 0.1 1
Node 35 35 21.2132
Pkt 16 160 0.1 1
Pkt 20 200 0.1 1
Node 31 45 19.6469
Pkt 30 300 0.1 1
Pkt 48 480 0.1 1
Rate:201.1
==========
==========99
