5 0 2 24000
Node 56 36 15.2315
Pkt 93 192 0.484375 1
Pkt 116 240 0.483333 1
Node 50 28 22
Pkt 192 400 0.48 1
Pkt 180 375 0.48 1
Node 73 39 25.4951
Pkt 384 800 0.48 1
Pkt 360 750 0.48 1
Node 63 44 14.3178
Pkt 72 150 0.48 1
Pkt 48 100 0.48 1
Node 52 45 5.38516
Pkt 192 400 0.48 1
Pkt 180 375 0.48 1
Rate:961.542
==========
==========0
5 0 2 24000
Node 74 31 30.6105
Pkt 116 240 0.483333 1
Pkt 77 160 0.48125 1
Node 55 62 13
Pkt 154 320 0.48125 1
Pkt 144 300 0.48 1
Node 54 69 19.4165
Pkt 384 800 0.48 1
Pkt 360 750 0.48 1
Node 40 26 26
Pkt 116 240 0.483333 1
Pkt 72 150 0.48 1
Node 35 33 22.6716
Pkt 144 300 0.48 1
Pkt 144 300 0.48 1
Rate:961.833
==========
==========1
5 0 2 24000
Node 28 35 26.6271
Pkt 48 100 0.48 1
Pkt 58 120 0.483333 1
Node 50 33 17
Pkt 144 300 0.48 1
Pkt 180 375 0.48 1
Node 70 62 23.3238
Pkt 360 750 0.48 1
Pkt 384 800 0.48 1
Node 44 40 11.6619
Pkt 120 250 0.48 1
Pkt 77 160 0.48125 1
Node 28 64 26.0768
Pkt 154 320 0.48125 1
Pkt 144 300 0.48 1
Rate:961.167
==========
==========2
5 0 2 24000
Node 57 43 9.89949
Pkt 72 150 0.48 1
Pkt 77 160 0.48125 1
Node 44 40 11.6619
Pkt 144 300 0.48 1
Pkt 154 320 0.48125 1
Node 58 59 12.0416
Pkt 384 800 0.48 1
Pkt 384 800 0.48 1
Node 28 45 22.561
Pkt 48 100 0.48 1
Pkt 116 240 0.483333 1
Node 38 54 12.6491
Pkt 180 375 0.48 1
Pkt 192 400 0.48 1
Rate:961.167
==========
==========3
5 0 2 24000
Node 54 70 20.3961
Pkt 116 240 0.483333 1
Pkt 48 100 0.48 1
Node 51 69 19.0263
Pkt 154 320 0.48125 1
Pkt 231 480 0.48125 1
Node 56 73 23.7697
Pkt 384 800 0.48 1
Pkt 360 750 0.48 1
Node 41 36 16.6433
Pkt 120 250 0.48 1
Pkt 93 192 0.484375 1
Node 72 45 22.561
Pkt 144 300 0.48 1
Pkt 180 375 0.48 1
Rate:962.042
==========
==========4
5 0 2 24000
Node 61 42 13.6015
Pkt 60 125 0.48 1
Pkt 120 250 0.48 1
Node 48 63 13.1529
Pkt 180 375 0.48 1
Pkt 231 480 0.48125 1
Node 60 62 15.6205
Pkt 384 800 0.48 1
Pkt 384 800 0.48 1
Node 44 68 18.9737
Pkt 93 192 0.484375 1
Pkt 60 125 0.48 1
Node 42 28 23.4094
Pkt 192 400 0.48 1
Pkt 154 320 0.48125 1
Rate:961.375
==========
==========5
5 0 2 24000
Node 34 74 28.8444
Pkt 60 125 0.48 1
Pkt 93 192 0.484375 1
Node 71 64 25.2389
Pkt 180 375 0.48 1
Pkt 154 320 0.48125 1
Node 56 56 8.48528
Pkt 384 800 0.48 1
Pkt 384 800 0.48 1
Node 31 40 21.4709
Pkt 120 250 0.48 1
Pkt 96 200 0.48 1
Node 30 42 21.5407
Pkt 231 480 0.48125 1
Pkt 154 320 0.48125 1
Rate:961.625
==========
==========6
5 0 2 24000
Node 26 66 28.8444
Pkt 58 120 0.483333 1
Pkt 77 160 0.48125 1
Node 41 53 9.48683
Pkt 231 480 0.48125 1
Pkt 192 400 0.48 1
Node 39 72 24.5967
Pkt 384 800 0.48 1
Pkt 360 750 0.48 1
Node 74 61 26.4008
Pkt 58 120 0.483333 1
Pkt 48 100 0.48 1
Node 66 71 26.4008
Pkt 154 320 0.48125 1
Pkt 144 300 0.48 1
Rate:962.083
==========
==========7
5 0 2 24000
Node 57 44 9.21954
Pkt 120 250 0.48 1
Pkt 96 200 0.48 1
Node 51 70 20.025
Pkt 154 320 0.48125 1
Pkt 144 300 0.48 1
Node 27 67 28.6007
Pkt 360 750 0.48 1
Pkt 384 800 0.48 1
Node 32 25 30.8058
Pkt 93 192 0.484375 1
Pkt 60 125 0.48 1
Node 47 47 4.24264
Pkt 192 400 0.48 1
Pkt 231 480 0.48125 1
Rate:961.375
==========
==========8
5 0 2 24000
Node 44 47 6.7082
Pkt 58 120 0.483333 1
Pkt 93 192 0.484375 1
Node 58 35 17
Pkt 192 400 0.48 1
Pkt 192 400 0.48 1
Node 27 43 24.0416
Pkt 360 750 0.48 1
Pkt 360 750 0.48 1
Node 66 72 27.2029
Pkt 77 160 0.48125 1
Pkt 120 250 0.48 1
Node 31 56 19.9249
Pkt 154 320 0.48125 1
Pkt 231 480 0.48125 1
Rate:962.292
==========
==========9
5 0 2 24000
Node 46 52 4.47214
Pkt 77 160 0.48125 1
Pkt 48 100 0.48 1
Node 72 33 27.8029
Pkt 180 375 0.48 1
Pkt 144 300 0.48 1
Node 52 57 7.28011
Pkt 384 800 0.48 1
Pkt 384 800 0.48 1
Node 37 54 13.6015
Pkt 96 200 0.48 1
Pkt 60 125 0.48 1
Node 26 54 24.3311
Pkt 180 375 0.48 1
Pkt 231 480 0.48125 1
Rate:960.5
==========
==========10
5 0 2 24000
Node 51 32 18.0278
Pkt 60 125 0.48 1
Pkt 96 200 0.48 1
Node 55 36 14.8661
Pkt 192 400 0.48 1
Pkt 231 480 0.48125 1
Node 26 30 31.241
Pkt 384 800 0.48 1
Pkt 384 800 0.48 1
Node 28 53 22.2036
Pkt 60 125 0.48 1
Pkt 48 100 0.48 1
Node 55 38 13
Pkt 154 320 0.48125 1
Pkt 154 320 0.48125 1
Rate:960.75
==========
==========11
5 0 2 24000
Node 72 60 24.1661
Pkt 72 150 0.48 1
Pkt 116 240 0.483333 1
Node 67 59 19.2354
Pkt 192 400 0.48 1
Pkt 180 375 0.48 1
Node 35 57 16.5529
Pkt 360 750 0.48 1
Pkt 384 800 0.48 1
Node 57 66 17.4642
Pkt 58 120 0.483333 1
Pkt 77 160 0.48125 1
Node 59 66 18.3576
Pkt 231 480 0.48125 1
Pkt 231 480 0.48125 1
Rate:962.083
==========
==========12
5 0 2 24000
Node 52 36 14.1421
Pkt 93 192 0.484375 1
Pkt 93 192 0.484375 1
Node 52 52 2.82843
Pkt 180 375 0.48 1
Pkt 192 400 0.48 1
Node 39 51 11.0454
Pkt 360 750 0.48 1
Pkt 360 750 0.48 1
Node 72 55 22.561
Pkt 48 100 0.48 1
Pkt 120 250 0.48 1
Node 49 27 23.0217
Pkt 144 300 0.48 1
Pkt 192 400 0.48 1
Rate:961.75
==========
==========13
5 0 2 24000
Node 27 44 23.7697
Pkt 96 200 0.48 1
Pkt 116 240 0.483333 1
Node 53 37 13.3417
Pkt 192 400 0.48 1
Pkt 231 480 0.48125 1
Node 68 29 27.6586
Pkt 360 750 0.48 1
Pkt 384 800 0.48 1
Node 54 57 8.06226
Pkt 72 150 0.48 1
Pkt 72 150 0.48 1
Node 56 56 8.48528
Pkt 180 375 0.48 1
Pkt 231 480 0.48125 1
Rate:961.167
==========
==========14
5 0 2 24000
Node 55 51 5.09902
Pkt 58 120 0.483333 1
Pkt 72 150 0.48 1
Node 41 39 14.2127
Pkt 180 375 0.48 1
Pkt 180 375 0.48 1
Node 60 69 21.4709
Pkt 360 750 0.48 1
Pkt 360 750 0.48 1
Node 50 57 7
Pkt 58 120 0.483333 1
Pkt 60 125 0.48 1
Node 63 71 24.6982
Pkt 144 300 0.48 1
Pkt 144 300 0.48 1
Rate:961.333
==========
==========15
5 0 2 24000
Node 48 33 17.1172
Pkt 93 192 0.484375 1
Pkt 96 200 0.48 1
Node 32 27 29.2062
Pkt 154 320 0.48125 1
Pkt 231 480 0.48125 1
Node 66 73 28.0179
Pkt 384 800 0.48 1
Pkt 360 750 0.48 1
Node 53 56 6.7082
Pkt 77 160 0.48125 1
Pkt 96 200 0.48 1
Node 25 65 29.1548
Pkt 231 480 0.48125 1
Pkt 180 375 0.48 1
Rate:961.875
==========
==========16
5 0 2 24000
Node 44 29 21.8403
Pkt 120 250 0.48 1
Pkt 77 160 0.48125 1
Node 74 32 30
Pkt 144 300 0.48 1
Pkt 180 375 0.48 1
Node 42 45 9.43398
Pkt 384 800 0.48 1
Pkt 384 800 0.48 1
Node 37 29 24.6982
Pkt 48 100 0.48 1
Pkt 93 192 0.484375 1
Node 31 61 21.9545
Pkt 180 375 0.48 1
Pkt 154 320 0.48125 1
Rate:961.375
==========
==========17
5 0 2 24000
Node 66 25 29.6816
Pkt 96 200 0.48 1
Pkt 116 240 0.483333 1
Node 69 37 23.0217
Pkt 154 320 0.48125 1
Pkt 180 375 0.48 1
Node 58 72 23.4094
Pkt 384 800 0.48 1
Pkt 384 800 0.48 1
Node 42 37 15.2643
Pkt 48 100 0.48 1
Pkt 93 192 0.484375 1
Node 36 45 14.8661
Pkt 231 480 0.48125 1
Pkt 144 300 0.48 1
Rate:962.042
==========
==========18
5 0 2 24000
Node 58 53 8.544
Pkt 72 150 0.48 1
Pkt 77 160 0.48125 1
Node 64 37 19.105
Pkt 144 300 0.48 1
Pkt 231 480 0.48125 1
Node 59 58 12.0416
Pkt 360 750 0.48 1
Pkt 360 750 0.48 1
Node 60 38 15.6205
Pkt 72 150 0.48 1
Pkt 48 100 0.48 1
Node 31 51 19.0263
Pkt 180 375 0.48 1
Pkt 180 375 0.48 1
Rate:960.5
==========
==========19
5 0 2 24000
Node 71 32 27.6586
Pkt 72 150 0.48 1
Pkt 120 250 0.48 1
Node 71 43 22.1359
Pkt 192 400 0.48 1
Pkt 154 320 0.48125 1
Node 56 74 24.7386
Pkt 360 750 0.48 1
Pkt 360 750 0.48 1
Node 60 52 10.198
Pkt 116 240 0.483333 1
Pkt 120 250 0.48 1
Node 63 71 24.6982
Pkt 231 480 0.48125 1
Pkt 144 300 0.48 1
Rate:961.167
==========
==========20
5 0 2 24000
Node 70 42 21.5407
Pkt 72 150 0.48 1
Pkt 72 150 0.48 1
Node 35 34 21.9317
Pkt 180 375 0.48 1
Pkt 154 320 0.48125 1
Node 27 47 23.1948
Pkt 360 750 0.48 1
Pkt 360 750 0.48 1
Node 36 61 17.8045
Pkt 96 200 0.48 1
Pkt 60 125 0.48 1
Node 54 34 16.4924
Pkt 144 300 0.48 1
Pkt 144 300 0.48 1
Rate:960.25
==========
==========21
5 0 2 24000
Node 38 51 12.0416
Pkt 77 160 0.48125 1
Pkt 116 240 0.483333 1
Node 36 47 14.3178
Pkt 180 375 0.48 1
Pkt 154 320 0.48125 1
Node 51 50 1
Pkt 360 750 0.48 1
Pkt 384 800 0.48 1
Node 65 68 23.4307
Pkt 93 192 0.484375 1
Pkt 72 150 0.48 1
Node 62 61 16.2788
Pkt 154 320 0.48125 1
Pkt 231 480 0.48125 1
Rate:962.542
==========
==========22
5 0 2 24000
Node 50 56 6
Pkt 120 250 0.48 1
Pkt 48 100 0.48 1
Node 69 31 26.8701
Pkt 180 375 0.48 1
Pkt 154 320 0.48125 1
Node 63 40 16.4012
Pkt 384 800 0.48 1
Pkt 360 750 0.48 1
Node 56 65 16.1555
Pkt 48 100 0.48 1
Pkt 93 192 0.484375 1
Node 48 66 16.1245
Pkt 144 300 0.48 1
Pkt 192 400 0.48 1
Rate:961.125
==========
==========23
5 0 2 24000
Node 54 67 17.4642
Pkt 48 100 0.48 1
Pkt 116 240 0.483333 1
Node 45 64 14.8661
Pkt 231 480 0.48125 1
Pkt 144 300 0.48 1
Node 56 70 20.8806
Pkt 384 800 0.48 1
Pkt 384 800 0.48 1
Node 63 49 13.0384
Pkt 96 200 0.48 1
Pkt 93 192 0.484375 1
Node 63 45 13.9284
Pkt 231 480 0.48125 1
Pkt 231 480 0.48125 1
Rate:962.292
==========
==========24
5 0 2 24000
Node 47 26 24.1868
Pkt 58 120 0.483333 1
Pkt 58 120 0.483333 1
Node 42 70 21.5407
Pkt 192 400 0.48 1
Pkt 144 300 0.48 1
Node 47 62 12.3693
Pkt 384 800 0.48 1
Pkt 360 750 0.48 1
Node 45 49 5.09902
Pkt 72 150 0.48 1
Pkt 120 250 0.48 1
Node 54 47 5
Pkt 180 375 0.48 1
Pkt 154 320 0.48125 1
Rate:961.583
==========
==========25
5 0 2 24000
Node 72 48 22.0907
Pkt 120 250 0.48 1
Pkt 120 250 0.48 1
Node 48 48 2.82843
Pkt 154 320 0.48125 1
Pkt 180 375 0.48 1
Node 74 45 24.5153
Pkt 360 750 0.48 1
Pkt 384 800 0.48 1
Node 25 51 25.02
Pkt 58 120 0.483333 1
Pkt 58 120 0.483333 1
Node 49 66 16.0312
Pkt 154 320 0.48125 1
Pkt 192 400 0.48 1
Rate:961.833
==========
==========26
5 0 2 24000
Node 32 69 26.1725
Pkt 58 120 0.483333 1
Pkt 77 160 0.48125 1
Node 33 74 29.4109
Pkt 180 375 0.48 1
Pkt 192 400 0.48 1
Node 37 48 13.1529
Pkt 360 750 0.48 1
Pkt 384 800 0.48 1
Node 50 62 12
Pkt 72 150 0.48 1
Pkt 116 240 0.483333 1
Node 40 45 11.1803
Pkt 192 400 0.48 1
Pkt 154 320 0.48125 1
Rate:961.833
==========
==========27
5 0 2 24000
Node 74 50 24
Pkt 116 240 0.483333 1
Pkt 120 250 0.48 1
Node 57 59 11.4018
Pkt 180 375 0.48 1
Pkt 154 320 0.48125 1
Node 28 33 27.8029
Pkt 360 750 0.48 1
Pkt 384 800 0.48 1
Node 62 41 15
Pkt 60 125 0.48 1
Pkt 93 192 0.484375 1
Node 57 32 19.3132
Pkt 231 480 0.48125 1
Pkt 180 375 0.48 1
Rate:962.042
==========
==========28
5 0 2 24000
Node 39 71 23.7065
Pkt 60 125 0.48 1
Pkt 116 240 0.483333 1
Node 45 57 8.60233
Pkt 231 480 0.48125 1
Pkt 144 300 0.48 1
Node 64 44 15.2315
Pkt 360 750 0.48 1
Pkt 384 800 0.48 1
Node 74 58 25.2982
Pkt 48 100 0.48 1
Pkt 48 100 0.48 1
Node 68 32 25.4558
Pkt 144 300 0.48 1
Pkt 180 375 0.48 1
Rate:960.917
==========
==========29
5 0 2 24000
Node 49 41 9.05539
Pkt 77 160 0.48125 1
Pkt 77 160 0.48125 1
Node 36 35 20.5183
Pkt 154 320 0.48125 1
Pkt 180 375 0.48 1
Node 59 37 15.8114
Pkt 360 750 0.48 1
Pkt 360 750 0.48 1
Node 69 66 24.8395
Pkt 58 120 0.483333 1
Pkt 93 192 0.484375 1
Node 64 55 14.8661
Pkt 154 320 0.48125 1
Pkt 154 320 0.48125 1
Rate:962.792
==========
==========30
5 0 2 24000
Node 53 56 6.7082
Pkt 58 120 0.483333 1
Pkt 93 192 0.484375 1
Node 58 38 14.4222
Pkt 231 480 0.48125 1
Pkt 180 375 0.48 1
Node 35 37 19.8494
Pkt 384 800 0.48 1
Pkt 360 750 0.48 1
Node 37 61 17.0294
Pkt 58 120 0.483333 1
Pkt 77 160 0.48125 1
Node 40 57 12.2066
Pkt 180 375 0.48 1
Pkt 144 300 0.48 1
Rate:962.708
==========
==========31
5 0 2 24000
Node 46 54 5.65685
Pkt 60 125 0.48 1
Pkt 96 200 0.48 1
Node 61 54 11.7047
Pkt 192 400 0.48 1
Pkt 231 480 0.48125 1
Node 33 45 17.72
Pkt 384 800 0.48 1
Pkt 384 800 0.48 1
Node 56 43 9.21954
Pkt 96 200 0.48 1
Pkt 58 120 0.483333 1
Node 67 74 29.4109
Pkt 144 300 0.48 1
Pkt 144 300 0.48 1
Rate:960.917
==========
==========32
5 0 2 24000
Node 36 68 22.8035
Pkt 72 150 0.48 1
Pkt 72 150 0.48 1
Node 74 59 25.632
Pkt 180 375 0.48 1
Pkt 231 480 0.48125 1
Node 40 70 22.3607
Pkt 384 800 0.48 1
Pkt 360 750 0.48 1
Node 42 63 15.2643
Pkt 120 250 0.48 1
Pkt 120 250 0.48 1
Node 65 39 18.6011
Pkt 180 375 0.48 1
Pkt 180 375 0.48 1
Rate:960.25
==========
==========33
5 0 2 24000
Node 54 27 23.3452
Pkt 72 150 0.48 1
Pkt 60 125 0.48 1
Node 26 55 24.5153
Pkt 154 320 0.48125 1
Pkt 180 375 0.48 1
Node 67 40 19.7231
Pkt 360 750 0.48 1
Pkt 360 750 0.48 1
Node 69 64 23.6008
Pkt 93 192 0.484375 1
Pkt 48 100 0.48 1
Node 30 56 20.8806
Pkt 231 480 0.48125 1
Pkt 180 375 0.48 1
Rate:961.375
==========
==========34
5 0 2 24000
Node 66 29 26.4008
Pkt 72 150 0.48 1
Pkt 48 100 0.48 1
Node 58 60 12.8062
Pkt 231 480 0.48125 1
Pkt 231 480 0.48125 1
Node 35 37 19.8494
Pkt 384 800 0.48 1
Pkt 384 800 0.48 1
Node 60 59 13.4536
Pkt 72 150 0.48 1
Pkt 96 200 0.48 1
Node 41 47 9.48683
Pkt 192 400 0.48 1
Pkt 192 400 0.48 1
Rate:960.5
==========
==========35
5 0 2 24000
Node 50 39 11
Pkt 120 250 0.48 1
Pkt 60 125 0.48 1
Node 31 70 27.5862
Pkt 144 300 0.48 1
Pkt 231 480 0.48125 1
Node 40 68 20.5913
Pkt 360 750 0.48 1
Pkt 384 800 0.48 1
Node 47 60 10.4403
Pkt 77 160 0.48125 1
Pkt 96 200 0.48 1
Node 29 46 21.3776
Pkt 192 400 0.48 1
Pkt 231 480 0.48125 1
Rate:960.75
==========
==========36
5 0 2 24000
Node 29 25 32.6497
Pkt 116 240 0.483333 1
Pkt 58 120 0.483333 1
Node 34 60 18.868
Pkt 180 375 0.48 1
Pkt 192 400 0.48 1
Node 27 53 23.1948
Pkt 384 800 0.48 1
Pkt 360 750 0.48 1
Node 58 52 8.24621
Pkt 60 125 0.48 1
Pkt 77 160 0.48125 1
Node 71 50 21
Pkt 231 480 0.48125 1
Pkt 231 480 0.48125 1
Rate:962.083
==========
==========37
5 0 2 24000
Node 35 72 26.6271
Pkt 48 100 0.48 1
Pkt 48 100 0.48 1
Node 59 28 23.7697
Pkt 192 400 0.48 1
Pkt 192 400 0.48 1
Node 67 50 17
Pkt 360 750 0.48 1
Pkt 384 800 0.48 1
Node 37 68 22.2036
Pkt 60 125 0.48 1
Pkt 58 120 0.483333 1
Node 33 41 19.2354
Pkt 180 375 0.48 1
Pkt 192 400 0.48 1
Rate:960.667
==========
==========38
5 0 2 24000
Node 38 28 25.0599
Pkt 60 125 0.48 1
Pkt 120 250 0.48 1
Node 74 29 31.8904
Pkt 154 320 0.48125 1
Pkt 192 400 0.48 1
Node 54 71 21.3776
Pkt 384 800 0.48 1
Pkt 360 750 0.48 1
Node 55 64 14.8661
Pkt 48 100 0.48 1
Pkt 120 250 0.48 1
Node 60 30 22.3607
Pkt 180 375 0.48 1
Pkt 144 300 0.48 1
Rate:960.25
==========
==========39
5 0 2 24000
Node 74 58 25.2982
Pkt 48 100 0.48 1
Pkt 93 192 0.484375 1
Node 74 58 25.2982
Pkt 231 480 0.48125 1
Pkt 231 480 0.48125 1
Node 64 58 16.1245
Pkt 360 750 0.48 1
Pkt 384 800 0.48 1
Node 40 33 19.7231
Pkt 93 192 0.484375 1
Pkt 96 200 0.48 1
Node 40 26 26
Pkt 231 480 0.48125 1
Pkt 231 480 0.48125 1
Rate:962.75
==========
==========40
5 0 2 24000
Node 48 58 8.24621
Pkt 77 160 0.48125 1
Pkt 116 240 0.483333 1
Node 67 32 24.7588
Pkt 180 375 0.48 1
Pkt 154 320 0.48125 1
Node 74 25 34.6554
Pkt 360 750 0.48 1
Pkt 360 750 0.48 1
Node 69 56 19.9249
Pkt 120 250 0.48 1
Pkt 116 240 0.483333 1
Node 53 27 23.1948
Pkt 144 300 0.48 1
Pkt 231 480 0.48125 1
Rate:962.083
==========
==========41
5 0 2 24000
Node 53 64 14.3178
Pkt 96 200 0.48 1
Pkt 116 240 0.483333 1
Node 32 29 27.6586
Pkt 144 300 0.48 1
Pkt 231 480 0.48125 1
Node 48 60 10.198
Pkt 360 750 0.48 1
Pkt 384 800 0.48 1
Node 71 33 27.0185
Pkt 72 150 0.48 1
Pkt 116 240 0.483333 1
Node 54 59 9.84886
Pkt 180 375 0.48 1
Pkt 231 480 0.48125 1
Rate:961.833
==========
==========42
5 0 2 24000
Node 62 26 26.8328
Pkt 96 200 0.48 1
Pkt 93 192 0.484375 1
Node 69 27 29.8329
Pkt 231 480 0.48125 1
Pkt 192 400 0.48 1
Node 30 68 26.9072
Pkt 360 750 0.48 1
Pkt 384 800 0.48 1
Node 41 74 25.632
Pkt 116 240 0.483333 1
Pkt 96 200 0.48 1
Node 38 41 15
Pkt 231 480 0.48125 1
Pkt 154 320 0.48125 1
Rate:962.292
==========
==========43
5 0 2 24000
Node 73 43 24.0416
Pkt 120 250 0.48 1
Pkt 48 100 0.48 1
Node 63 54 13.6015
Pkt 192 400 0.48 1
Pkt 154 320 0.48125 1
Node 52 66 16.1245
Pkt 384 800 0.48 1
Pkt 360 750 0.48 1
Node 48 67 17.1172
Pkt 72 150 0.48 1
Pkt 96 200 0.48 1
Node 42 69 20.6155
Pkt 192 400 0.48 1
Pkt 154 320 0.48125 1
Rate:960.5
==========
==========44
5 0 2 24000
Node 27 72 31.8277
Pkt 72 150 0.48 1
Pkt 96 200 0.48 1
Node 54 37 13.6015
Pkt 192 400 0.48 1
Pkt 144 300 0.48 1
Node 62 40 15.6205
Pkt 360 750 0.48 1
Pkt 360 750 0.48 1
Node 63 49 13.0384
Pkt 96 200 0.48 1
Pkt 48 100 0.48 1
Node 67 58 18.7883
Pkt 192 400 0.48 1
Pkt 154 320 0.48125 1
Rate:960.25
==========
==========45
5 0 2 24000
Node 25 54 25.318
Pkt 60 125 0.48 1
Pkt 72 150 0.48 1
Node 48 43 7.28011
Pkt 144 300 0.48 1
Pkt 144 300 0.48 1
Node 49 74 24.0208
Pkt 360 750 0.48 1
Pkt 360 750 0.48 1
Node 71 53 21.2132
Pkt 77 160 0.48125 1
Pkt 77 160 0.48125 1
Node 52 26 24.0832
Pkt 192 400 0.48 1
Pkt 154 320 0.48125 1
Rate:960.75
==========
==========46
5 0 2 24000
Node 69 56 19.9249
Pkt 96 200 0.48 1
Pkt 120 250 0.48 1
Node 66 48 16.1245
Pkt 231 480 0.48125 1
Pkt 144 300 0.48 1
Node 39 49 11.0454
Pkt 360 750 0.48 1
Pkt 360 750 0.48 1
Node 29 66 26.4008
Pkt 93 192 0.484375 1
Pkt 96 200 0.48 1
Node 69 32 26.1725
Pkt 144 300 0.48 1
Pkt 192 400 0.48 1
Rate:961.125
==========
==========47
5 0 2 24000
Node 37 55 13.9284
Pkt 48 100 0.48 1
Pkt 72 150 0.48 1
Node 41 57 11.4018
Pkt 192 400 0.48 1
Pkt 154 320 0.48125 1
Node 57 40 12.2066
Pkt 360 750 0.48 1
Pkt 360 750 0.48 1
Node 30 43 21.1896
Pkt 48 100 0.48 1
Pkt 48 100 0.48 1
Node 30 64 24.4131
Pkt 180 375 0.48 1
Pkt 180 375 0.48 1
Rate:960.25
==========
==========48
5 0 2 24000
Node 41 27 24.6982
Pkt 96 200 0.48 1
Pkt 58 120 0.483333 1
Node 72 47 22.2036
Pkt 231 480 0.48125 1
Pkt 231 480 0.48125 1
Node 44 37 14.3178
Pkt 360 750 0.48 1
Pkt 384 800 0.48 1
Node 27 32 29.2062
Pkt 93 192 0.484375 1
Pkt 96 200 0.48 1
Node 31 40 21.4709
Pkt 231 480 0.48125 1
Pkt 144 300 0.48 1
Rate:962.292
==========
==========49
5 0 2 24000
Node 57 32 19.3132
Pkt 48 100 0.48 1
Pkt 77 160 0.48125 1
Node 31 37 23.0217
Pkt 231 480 0.48125 1
Pkt 154 320 0.48125 1
Node 73 54 23.3452
Pkt 360 750 0.48 1
Pkt 360 750 0.48 1
Node 51 37 13.0384
Pkt 120 250 0.48 1
Pkt 48 100 0.48 1
Node 31 47 19.2354
Pkt 144 300 0.48 1
Pkt 231 480 0.48125 1
Rate:961
==========
==========50
5 0 2 24000
Node 39 42 13.6015
Pkt 48 100 0.48 1
Pkt 120 250 0.48 1
Node 69 65 24.2074
Pkt 144 300 0.48 1
Pkt 154 320 0.48125 1
Node 60 53 10.4403
Pkt 360 750 0.48 1
Pkt 384 800 0.48 1
Node 50 71 21
Pkt 72 150 0.48 1
Pkt 96 200 0.48 1
Node 31 48 19.105
Pkt 180 375 0.48 1
Pkt 180 375 0.48 1
Rate:960.25
==========
==========51
5 0 2 24000
Node 57 68 19.3132
Pkt 116 240 0.483333 1
Pkt 58 120 0.483333 1
Node 25 68 30.8058
Pkt 192 400 0.48 1
Pkt 154 320 0.48125 1
Node 72 72 31.1127
Pkt 384 800 0.48 1
Pkt 360 750 0.48 1
Node 30 47 20.2237
Pkt 96 200 0.48 1
Pkt 48 100 0.48 1
Node 54 26 24.3311
Pkt 154 320 0.48125 1
Pkt 180 375 0.48 1
Rate:961.833
==========
==========52
5 0 2 24000
Node 52 53 3.60555
Pkt 77 160 0.48125 1
Pkt 96 200 0.48 1
Node 53 50 3
Pkt 231 480 0.48125 1
Pkt 192 400 0.48 1
Node 46 50 4
Pkt 360 750 0.48 1
Pkt 384 800 0.48 1
Node 57 42 10.6301
Pkt 120 250 0.48 1
Pkt 72 150 0.48 1
Node 33 41 19.2354
Pkt 180 375 0.48 1
Pkt 231 480 0.48125 1
Rate:960.75
==========
==========53
5 0 2 24000
Node 33 36 22.0227
Pkt 72 150 0.48 1
Pkt 48 100 0.48 1
Node 73 58 24.3516
Pkt 154 320 0.48125 1
Pkt 180 375 0.48 1
Node 69 30 27.5862
Pkt 360 750 0.48 1
Pkt 360 750 0.48 1
Node 26 29 31.8904
Pkt 48 100 0.48 1
Pkt 48 100 0.48 1
Node 70 28 29.7321
Pkt 231 480 0.48125 1
Pkt 231 480 0.48125 1
Rate:960.75
==========
==========54
5 0 2 24000
Node 30 43 21.1896
Pkt 48 100 0.48 1
Pkt 72 150 0.48 1
Node 37 45 13.9284
Pkt 180 375 0.48 1
Pkt 192 400 0.48 1
Node 49 66 16.0312
Pkt 384 800 0.48 1
Pkt 360 750 0.48 1
Node 52 58 8.24621
Pkt 93 192 0.484375 1
Pkt 72 150 0.48 1
Node 51 50 1
Pkt 154 320 0.48125 1
Pkt 144 300 0.48 1
Rate:961.125
==========
==========55
5 0 2 24000
Node 50 72 22
Pkt 48 100 0.48 1
Pkt 116 240 0.483333 1
Node 54 48 4.47214
Pkt 154 320 0.48125 1
Pkt 154 320 0.48125 1
Node 31 29 28.3196
Pkt 384 800 0.48 1
Pkt 384 800 0.48 1
Node 52 65 15.1327
Pkt 72 150 0.48 1
Pkt 77 160 0.48125 1
Node 52 50 2
Pkt 144 300 0.48 1
Pkt 144 300 0.48 1
Rate:961.417
==========
==========56
5 0 2 24000
Node 57 27 24.0416
Pkt 48 100 0.48 1
Pkt 72 150 0.48 1
Node 59 49 9.05539
Pkt 154 320 0.48125 1
Pkt 144 300 0.48 1
Node 26 45 24.5153
Pkt 384 800 0.48 1
Pkt 360 750 0.48 1
Node 68 62 21.6333
Pkt 120 250 0.48 1
Pkt 77 160 0.48125 1
Node 31 57 20.2485
Pkt 192 400 0.48 1
Pkt 180 375 0.48 1
Rate:960.5
==========
==========57
5 0 2 24000
Node 44 25 25.7099
Pkt 60 125 0.48 1
Pkt 116 240 0.483333 1
Node 36 43 15.6525
Pkt 231 480 0.48125 1
Pkt 192 400 0.48 1
Node 32 68 25.4558
Pkt 384 800 0.48 1
Pkt 360 750 0.48 1
Node 25 48 25.0799
Pkt 60 125 0.48 1
Pkt 93 192 0.484375 1
Node 67 39 20.2485
Pkt 192 400 0.48 1
Pkt 192 400 0.48 1
Rate:961.792
==========
==========58
5 0 2 24000
Node 28 31 29.0689
Pkt 60 125 0.48 1
Pkt 93 192 0.484375 1
Node 30 53 20.2237
Pkt 144 300 0.48 1
Pkt 192 400 0.48 1
Node 28 58 23.4094
Pkt 384 800 0.48 1
Pkt 384 800 0.48 1
Node 25 42 26.2488
Pkt 48 100 0.48 1
Pkt 77 160 0.48125 1
Node 66 35 21.9317
Pkt 231 480 0.48125 1
Pkt 180 375 0.48 1
Rate:961.375
==========
==========59
5 0 2 24000
Node 30 65 25
Pkt 72 150 0.48 1
Pkt 96 200 0.48 1
Node 30 37 23.8537
Pkt 144 300 0.48 1
Pkt 231 480 0.48125 1
Node 66 44 17.088
Pkt 384 800 0.48 1
Pkt 384 800 0.48 1
Node 59 35 17.4929
Pkt 120 250 0.48 1
Pkt 120 250 0.48 1
Node 37 55 13.9284
Pkt 154 320 0.48125 1
Pkt 154 320 0.48125 1
Rate:960.75
==========
==========60
5 0 2 24000
Node 28 37 25.5539
Pkt 60 125 0.48 1
Pkt 72 150 0.48 1
Node 37 66 20.6155
Pkt 192 400 0.48 1
Pkt 154 320 0.48125 1
Node 45 35 15.8114
Pkt 384 800 0.48 1
Pkt 384 800 0.48 1
Node 33 43 18.3848
Pkt 60 125 0.48 1
Pkt 96 200 0.48 1
Node 67 55 17.72
Pkt 154 320 0.48125 1
Pkt 192 400 0.48 1
Rate:960.5
==========
==========61
5 0 2 24000
Node 32 26 30
Pkt 48 100 0.48 1
Pkt 48 100 0.48 1
Node 57 59 11.4018
Pkt 192 400 0.48 1
Pkt 180 375 0.48 1
Node 31 47 19.2354
Pkt 360 750 0.48 1
Pkt 360 750 0.48 1
Node 69 44 19.9249
Pkt 60 125 0.48 1
Pkt 96 200 0.48 1
Node 67 40 19.7231
Pkt 192 400 0.48 1
Pkt 231 480 0.48125 1
Rate:960.25
==========
==========62
5 0 2 24000
Node 53 30 20.2237
Pkt 58 120 0.483333 1
Pkt 77 160 0.48125 1
Node 35 68 23.4307
Pkt 231 480 0.48125 1
Pkt 192 400 0.48 1
Node 74 51 24.0208
Pkt 384 800 0.48 1
Pkt 384 800 0.48 1
Node 30 63 23.8537
Pkt 77 160 0.48125 1
Pkt 120 250 0.48 1
Node 44 31 19.9249
Pkt 144 300 0.48 1
Pkt 180 375 0.48 1
Rate:961.417
==========
==========63
5 0 2 24000
Node 46 61 11.7047
Pkt 116 240 0.483333 1
Pkt 120 250 0.48 1
Node 46 67 17.4642
Pkt 154 320 0.48125 1
Pkt 192 400 0.48 1
Node 62 73 25.9422
Pkt 360 750 0.48 1
Pkt 360 750 0.48 1
Node 41 62 15
Pkt 116 240 0.483333 1
Pkt 58 120 0.483333 1
Node 57 45 8.60233
Pkt 154 320 0.48125 1
Pkt 144 300 0.48 1
Rate:962.5
==========
==========64
5 0 2 24000
Node 47 39 11.4018
Pkt 72 150 0.48 1
Pkt 96 200 0.48 1
Node 34 27 28.0179
Pkt 192 400 0.48 1
Pkt 192 400 0.48 1
Node 66 36 21.2603
Pkt 384 800 0.48 1
Pkt 384 800 0.48 1
Node 54 29 21.3776
Pkt 93 192 0.484375 1
Pkt 72 150 0.48 1
Node 48 56 6.32456
Pkt 144 300 0.48 1
Pkt 144 300 0.48 1
Rate:960.875
==========
==========65
5 0 2 24000
Node 46 49 4.12311
Pkt 72 150 0.48 1
Pkt 116 240 0.483333 1
Node 57 73 24.0416
Pkt 192 400 0.48 1
Pkt 154 320 0.48125 1
Node 28 64 26.0768
Pkt 384 800 0.48 1
Pkt 384 800 0.48 1
Node 30 55 20.6155
Pkt 77 160 0.48125 1
Pkt 58 120 0.483333 1
Node 30 74 31.241
Pkt 180 375 0.48 1
Pkt 231 480 0.48125 1
Rate:962.083
==========
==========66
5 0 2 24000
Node 37 44 14.3178
Pkt 72 150 0.48 1
Pkt 96 200 0.48 1
Node 46 38 12.6491
Pkt 192 400 0.48 1
Pkt 144 300 0.48 1
Node 25 28 33.3017
Pkt 360 750 0.48 1
Pkt 360 750 0.48 1
Node 72 46 22.3607
Pkt 116 240 0.483333 1
Pkt 120 250 0.48 1
Node 64 61 17.8045
Pkt 231 480 0.48125 1
Pkt 231 480 0.48125 1
Rate:961.167
==========
==========67
5 0 2 24000
Node 51 53 3.16228
Pkt 93 192 0.484375 1
Pkt 116 240 0.483333 1
Node 69 49 19.0263
Pkt 154 320 0.48125 1
Pkt 192 400 0.48 1
Node 66 39 19.4165
Pkt 384 800 0.48 1
Pkt 384 800 0.48 1
Node 66 42 17.8885
Pkt 48 100 0.48 1
Pkt 58 120 0.483333 1
Node 39 54 11.7047
Pkt 154 320 0.48125 1
Pkt 192 400 0.48 1
Rate:962.708
==========
==========68
5 0 2 24000
Node 29 41 22.8473
Pkt 120 250 0.48 1
Pkt 116 240 0.483333 1
Node 45 74 24.5153
Pkt 192 400 0.48 1
Pkt 180 375 0.48 1
Node 31 56 19.9249
Pkt 384 800 0.48 1
Pkt 360 750 0.48 1
Node 30 65 25
Pkt 93 192 0.484375 1
Pkt 120 250 0.48 1
Node 58 51 8.06226
Pkt 144 300 0.48 1
Pkt 180 375 0.48 1
Rate:961.542
==========
==========69
5 0 2 24000
Node 58 35 17
Pkt 120 250 0.48 1
Pkt 72 150 0.48 1
Node 58 25 26.2488
Pkt 180 375 0.48 1
Pkt 180 375 0.48 1
Node 60 47 10.4403
Pkt 384 800 0.48 1
Pkt 360 750 0.48 1
Node 46 39 11.7047
Pkt 58 120 0.483333 1
Pkt 72 150 0.48 1
Node 65 44 16.1555
Pkt 231 480 0.48125 1
Pkt 192 400 0.48 1
Rate:960.917
==========
==========70
5 0 2 24000
Node 53 45 5.83095
Pkt 77 160 0.48125 1
Pkt 77 160 0.48125 1
Node 74 66 28.8444
Pkt 231 480 0.48125 1
Pkt 231 480 0.48125 1
Node 26 30 31.241
Pkt 360 750 0.48 1
Pkt 360 750 0.48 1
Node 45 30 20.6155
Pkt 93 192 0.484375 1
Pkt 93 192 0.484375 1
Node 54 38 12.6491
Pkt 144 300 0.48 1
Pkt 154 320 0.48125 1
Rate:963
==========
==========71
5 0 2 24000
Node 51 58 8.06226
Pkt 96 200 0.48 1
Pkt 60 125 0.48 1
Node 58 48 8.24621
Pkt 154 320 0.48125 1
Pkt 144 300 0.48 1
Node 57 38 13.8924
Pkt 360 750 0.48 1
Pkt 384 800 0.48 1
Node 57 48 7.28011
Pkt 72 150 0.48 1
Pkt 77 160 0.48125 1
Node 54 73 23.3452
Pkt 180 375 0.48 1
Pkt 144 300 0.48 1
Rate:960.5
==========
==========72
5 0 2 24000
Node 63 50 13
Pkt 77 160 0.48125 1
Pkt 72 150 0.48 1
Node 49 74 24.0208
Pkt 154 320 0.48125 1
Pkt 154 320 0.48125 1
Node 72 44 22.8035
Pkt 384 800 0.48 1
Pkt 384 800 0.48 1
Node 51 43 7.07107
Pkt 116 240 0.483333 1
Pkt 60 125 0.48 1
Node 55 48 5.38516
Pkt 144 300 0.48 1
Pkt 154 320 0.48125 1
Rate:961.667
==========
==========73
5 0 2 24000
Node 28 33 27.8029
Pkt 116 240 0.483333 1
Pkt 48 100 0.48 1
Node 73 32 29.2062
Pkt 231 480 0.48125 1
Pkt 192 400 0.48 1
Node 31 60 21.4709
Pkt 384 800 0.48 1
Pkt 360 750 0.48 1
Node 62 40 15.6205
Pkt 93 192 0.484375 1
Pkt 58 120 0.483333 1
Node 61 66 19.4165
Pkt 192 400 0.48 1
Pkt 231 480 0.48125 1
Rate:962.708
==========
==========74
5 0 2 24000
Node 33 70 26.2488
Pkt 77 160 0.48125 1
Pkt 116 240 0.483333 1
Node 36 47 14.3178
Pkt 154 320 0.48125 1
Pkt 180 375 0.48 1
Node 36 73 26.9258
Pkt 360 750 0.48 1
Pkt 360 750 0.48 1
Node 32 55 18.6815
Pkt 77 160 0.48125 1
Pkt 72 150 0.48 1
Node 38 34 20
Pkt 180 375 0.48 1
Pkt 192 400 0.48 1
Rate:961.417
==========
==========75
5 0 2 24000
Node 38 48 12.1655
Pkt 116 240 0.483333 1
Pkt 58 120 0.483333 1
Node 36 72 26.0768
Pkt 154 320 0.48125 1
Pkt 231 480 0.48125 1
Node 63 67 21.4009
Pkt 384 800 0.48 1
Pkt 384 800 0.48 1
Node 62 67 20.8087
Pkt 116 240 0.483333 1
Pkt 116 240 0.483333 1
Node 30 39 22.8254
Pkt 180 375 0.48 1
Pkt 154 320 0.48125 1
Rate:963.417
==========
==========76
5 0 2 24000
Node 33 66 23.3452
Pkt 72 150 0.48 1
Pkt 93 192 0.484375 1
Node 62 43 13.8924
Pkt 144 300 0.48 1
Pkt 154 320 0.48125 1
Node 27 35 27.4591
Pkt 384 800 0.48 1
Pkt 384 800 0.48 1
Node 57 73 24.0416
Pkt 48 100 0.48 1
Pkt 48 100 0.48 1
Node 61 73 25.4951
Pkt 231 480 0.48125 1
Pkt 180 375 0.48 1
Rate:961.375
==========
==========77
5 0 2 24000
Node 59 54 9.84886
Pkt 96 200 0.48 1
Pkt 60 125 0.48 1
Node 47 59 9.48683
Pkt 154 320 0.48125 1
Pkt 231 480 0.48125 1
Node 28 44 22.8035
Pkt 360 750 0.48 1
Pkt 360 750 0.48 1
Node 30 69 27.5862
Pkt 96 200 0.48 1
Pkt 96 200 0.48 1
Node 41 54 9.84886
Pkt 180 375 0.48 1
Pkt 144 300 0.48 1
Rate:960.5
==========
==========78
5 0 2 24000
Node 61 35 18.6011
Pkt 116 240 0.483333 1
Pkt 96 200 0.48 1
Node 61 69 21.9545
Pkt 192 400 0.48 1
Pkt 231 480 0.48125 1
Node 43 40 12.2066
Pkt 360 750 0.48 1
Pkt 360 750 0.48 1
Node 27 38 25.9422
Pkt 93 192 0.484375 1
Pkt 48 100 0.48 1
Node 59 61 14.2127
Pkt 154 320 0.48125 1
Pkt 144 300 0.48 1
Rate:962.042
==========
==========79
5 0 2 24000
Node 30 26 31.241
Pkt 60 125 0.48 1
Pkt 58 120 0.483333 1
Node 29 43 22.1359
Pkt 154 320 0.48125 1
Pkt 231 480 0.48125 1
Node 38 39 16.2788
Pkt 384 800 0.48 1
Pkt 360 750 0.48 1
Node 40 72 24.1661
Pkt 96 200 0.48 1
Pkt 120 250 0.48 1
Node 73 45 23.5372
Pkt 180 375 0.48 1
Pkt 144 300 0.48 1
Rate:961.167
==========
==========80
5 0 2 24000
Node 36 32 22.8035
Pkt 93 192 0.484375 1
Pkt 120 250 0.48 1
Node 43 38 13.8924
Pkt 154 320 0.48125 1
Pkt 154 320 0.48125 1
Node 74 62 26.8328
Pkt 360 750 0.48 1
Pkt 384 800 0.48 1
Node 65 73 27.4591
Pkt 77 160 0.48125 1
Pkt 72 150 0.48 1
Node 55 49 5.09902
Pkt 154 320 0.48125 1
Pkt 192 400 0.48 1
Rate:961.875
==========
==========81
5 0 2 24000
Node 51 28 22.0227
Pkt 120 250 0.48 1
Pkt 120 250 0.48 1
Node 60 40 14.1421
Pkt 192 400 0.48 1
Pkt 180 375 0.48 1
Node 32 35 23.4307
Pkt 384 800 0.48 1
Pkt 384 800 0.48 1
Node 33 32 24.7588
Pkt 120 250 0.48 1
Pkt 120 250 0.48 1
Node 36 71 25.2389
Pkt 154 320 0.48125 1
Pkt 154 320 0.48125 1
Rate:960.5
==========
==========82
5 0 2 24000
Node 55 72 22.561
Pkt 60 125 0.48 1
Pkt 116 240 0.483333 1
Node 50 46 4
Pkt 144 300 0.48 1
Pkt 192 400 0.48 1
Node 46 38 12.6491
Pkt 384 800 0.48 1
Pkt 384 800 0.48 1
Node 31 46 19.4165
Pkt 72 150 0.48 1
Pkt 120 250 0.48 1
Node 60 54 10.7703
Pkt 192 400 0.48 1
Pkt 154 320 0.48125 1
Rate:960.917
==========
==========83
5 0 2 24000
Node 65 67 22.6716
Pkt 120 250 0.48 1
Pkt 96 200 0.48 1
Node 73 37 26.4197
Pkt 144 300 0.48 1
Pkt 180 375 0.48 1
Node 26 30 31.241
Pkt 384 800 0.48 1
Pkt 360 750 0.48 1
Node 47 27 23.1948
Pkt 116 240 0.483333 1
Pkt 96 200 0.48 1
Node 47 45 5.83095
Pkt 144 300 0.48 1
Pkt 154 320 0.48125 1
Rate:960.917
==========
==========84
5 0 2 24000
Node 42 50 8
Pkt 48 100 0.48 1
Pkt 96 200 0.48 1
Node 44 31 19.9249
Pkt 144 300 0.48 1
Pkt 231 480 0.48125 1
Node 47 35 15.2971
Pkt 384 800 0.48 1
Pkt 360 750 0.48 1
Node 67 28 27.8029
Pkt 58 120 0.483333 1
Pkt 96 200 0.48 1
Node 48 55 5.38516
Pkt 192 400 0.48 1
Pkt 231 480 0.48125 1
Rate:961.167
==========
==========85
5 0 2 24000
Node 66 44 17.088
Pkt 77 160 0.48125 1
Pkt 77 160 0.48125 1
Node 37 74 27.2947
Pkt 231 480 0.48125 1
Pkt 154 320 0.48125 1
Node 30 44 20.8806
Pkt 384 800 0.48 1
Pkt 360 750 0.48 1
Node 71 30 29
Pkt 120 250 0.48 1
Pkt 72 150 0.48 1
Node 34 40 18.868
Pkt 144 300 0.48 1
Pkt 192 400 0.48 1
Rate:961
==========
==========86
5 0 2 24000
Node 62 60 15.6205
Pkt 48 100 0.48 1
Pkt 60 125 0.48 1
Node 63 33 21.4009
Pkt 154 320 0.48125 1
Pkt 180 375 0.48 1
Node 58 65 17
Pkt 360 750 0.48 1
Pkt 384 800 0.48 1
Node 72 41 23.7697
Pkt 93 192 0.484375 1
Pkt 116 240 0.483333 1
Node 61 38 16.2788
Pkt 144 300 0.48 1
Pkt 154 320 0.48125 1
Rate:962.042
==========
==========87
5 0 2 24000
Node 74 44 24.7386
Pkt 93 192 0.484375 1
Pkt 60 125 0.48 1
Node 50 74 24
Pkt 154 320 0.48125 1
Pkt 154 320 0.48125 1
Node 32 40 20.5913
Pkt 360 750 0.48 1
Pkt 360 750 0.48 1
Node 42 56 10
Pkt 96 200 0.48 1
Pkt 96 200 0.48 1
Node 32 34 24.0832
Pkt 154 320 0.48125 1
Pkt 154 320 0.48125 1
Rate:961.875
==========
==========88
5 0 2 24000
Node 73 25 33.9706
Pkt 120 250 0.48 1
Pkt 72 150 0.48 1
Node 67 63 21.4009
Pkt 154 320 0.48125 1
Pkt 144 300 0.48 1
Node 71 33 27.0185
Pkt 384 800 0.48 1
Pkt 360 750 0.48 1
Node 63 33 21.4009
Pkt 58 120 0.483333 1
Pkt 93 192 0.484375 1
Node 40 45 11.1803
Pkt 154 320 0.48125 1
Pkt 192 400 0.48 1
Rate:962.042
==========
==========89
5 0 2 24000
Node 57 74 25
Pkt 77 160 0.48125 1
Pkt 60 125 0.48 1
Node 72 45 22.561
Pkt 192 400 0.48 1
Pkt 180 375 0.48 1
Node 60 57 12.2066
Pkt 384 800 0.48 1
Pkt 384 800 0.48 1
Node 40 41 13.4536
Pkt 72 150 0.48 1
Pkt 48 100 0.48 1
Node 26 54 24.3311
Pkt 144 300 0.48 1
Pkt 154 320 0.48125 1
Rate:960.5
==========
==========90
5 0 2 24000
Node 50 70 20
Pkt 72 150 0.48 1
Pkt 116 240 0.483333 1
Node 49 61 11.0454
Pkt 180 375 0.48 1
Pkt 144 300 0.48 1
Node 26 58 25.2982
Pkt 384 800 0.48 1
Pkt 360 750 0.48 1
Node 37 44 14.3178
Pkt 48 100 0.48 1
Pkt 72 150 0.48 1
Node 35 36 20.5183
Pkt 192 400 0.48 1
Pkt 231 480 0.48125 1
Rate:960.917
==========
==========91
5 0 2 24000
Node 47 72 22.2036
Pkt 60 125 0.48 1
Pkt 77 160 0.48125 1
Node 70 28 29.7321
Pkt 144 300 0.48 1
Pkt 231 480 0.48125 1
Node 42 39 13.6015
Pkt 384 800 0.48 1
Pkt 360 750 0.48 1
Node 49 72 22.0227
Pkt 48 100 0.48 1
Pkt 93 192 0.484375 1
Node 53 70 20.2237
Pkt 231 480 0.48125 1
Pkt 180 375 0.48 1
Rate:961.625
==========
==========92
5 0 2 24000
Node 51 46 4.12311
Pkt 48 100 0.48 1
Pkt 120 250 0.48 1
Node 42 42 11.3137
Pkt 180 375 0.48 1
Pkt 180 375 0.48 1
Node 72 45 22.561
Pkt 360 750 0.48 1
Pkt 360 750 0.48 1
Node 72 68 28.4253
Pkt 116 240 0.483333 1
Pkt 120 250 0.48 1
Node 72 25 33.3017
Pkt 231 480 0.48125 1
Pkt 180 375 0.48 1
Rate:960.917
==========
==========93
5 0 2 24000
Node 74 61 26.4008
Pkt 77 160 0.48125 1
Pkt 116 240 0.483333 1
Node 49 45 5.09902
Pkt 144 300 0.48 1
Pkt 180 375 0.48 1
Node 66 62 20
Pkt 360 750 0.48 1
Pkt 384 800 0.48 1
Node 32 64 22.8035
Pkt 77 160 0.48125 1
Pkt 58 120 0.483333 1
Node 44 30 20.8806
Pkt 180 375 0.48 1
Pkt 192 400 0.48 1
Rate:961.833
==========
==========94
5 0 2 24000
Node 71 38 24.1868
Pkt 58 120 0.483333 1
Pkt 48 100 0.48 1
Node 59 46 9.84886
Pkt 154 320 0.48125 1
Pkt 231 480 0.48125 1
Node 61 66 19.4165
Pkt 360 750 0.48 1
Pkt 384 800 0.48 1
Node 38 73 25.9422
Pkt 60 125 0.48 1
Pkt 60 125 0.48 1
Node 36 39 17.8045
Pkt 231 480 0.48125 1
Pkt 154 320 0.48125 1
Rate:961.667
==========
==========95
5 0 2 24000
Node 39 73 25.4951
Pkt 58 120 0.483333 1
Pkt 60 125 0.48 1
Node 43 49 7.07107
Pkt 231 480 0.48125 1
Pkt 192 400 0.48 1
Node 35 55 15.8114
Pkt 360 750 0.48 1
Pkt 360 750 0.48 1
Node 40 25 26.9258
Pkt 120 250 0.48 1
Pkt 48 100 0.48 1
Node 33 45 17.72
Pkt 144 300 0.48 1
Pkt 144 300 0.48 1
Rate:960.917
==========
==========96
5 0 2 24000
Node 27 40 25.0799
Pkt 116 240 0.483333 1
Pkt 77 160 0.48125 1
Node 33 27 28.6007
Pkt 231 480 0.48125 1
Pkt 180 375 0.48 1
Node 27 52 23.0868
Pkt 384 800 0.48 1
Pkt 384 800 0.48 1
Node 49 26 24.0208
Pkt 116 240 0.483333 1
Pkt 120 250 0.48 1
Node 62 52 12.1655
Pkt 180 375 0.48 1
Pkt 144 300 0.48 1
Rate:961.833
==========
==========97
5 0 2 24000
Node 57 66 17.4642
Pkt 93 192 0.484375 1
Pkt 96 200 0.48 1
Node 70 68 26.9072
Pkt 192 400 0.48 1
Pkt 144 300 0.48 1
Node 35 27 27.4591
Pkt 360 750 0.48 1
Pkt 360 750 0.48 1
Node 43 54 8.06226
Pkt 116 240 0.483333 1
Pkt 93 192 0.484375 1
Node 58 38 14.4222
Pkt 192 400 0.48 1
Pkt 154 320 0.48125 1
Rate:962.667
==========
==========98
5 0 2 24000
Node 32 36 22.8035
Pkt 120 250 0.48 1
Pkt 96 200 0.48 1
Node 58 39 13.6015
Pkt 192 400 0.48 1
Pkt 231 480 0.48125 1
Node 62 43 13.8924
Pkt 384 800 0.48 1
Pkt 360 750 0.48 1
Node 42 63 15.2643
Pkt 72 150 0.48 1
Pkt 120 250 0.48 1
Node 47 31 19.2354
Pkt 180 375 0.48 1
Pkt 231 480 0.48125 1
Rate:960.5
==========
==========99
