5 0 2 24000
Node 65 59 17.4929
Pkt 52 200 0.26 1
Pkt 26 100 0.26 1
Node 56 74 24.7386
Pkt 84 320 0.2625 1
Pkt 98 375 0.261333 1
Node 56 38 13.4164
Pkt 195 750 0.26 1
Pkt 195 750 0.26 1
Node 65 68 23.4307
Pkt 42 160 0.2625 1
Pkt 52 200 0.26 1
Node 71 34 26.4008
Pkt 84 320 0.2625 1
Pkt 84 320 0.2625 1
Rate:522.267
==========
==========0
5 0 2 24000
Node 50 44 6
Pkt 39 150 0.26 1
Pkt 33 125 0.264 1
Node 34 52 16.1245
Pkt 84 320 0.2625 1
Pkt 78 300 0.26 1
Node 62 63 17.6918
Pkt 195 750 0.26 1
Pkt 208 800 0.26 1
Node 41 74 25.632
Pkt 50 192 0.260417 1
Pkt 42 160 0.2625 1
Node 72 53 22.2036
Pkt 78 300 0.26 1
Pkt 104 400 0.26 1
Rate:521.883
==========
==========1
5 0 2 24000
Node 45 29 21.587
Pkt 52 200 0.26 1
Pkt 26 100 0.26 1
Node 66 66 22.6274
Pkt 84 320 0.2625 1
Pkt 78 300 0.26 1
Node 56 74 24.7386
Pkt 208 800 0.26 1
Pkt 195 750 0.26 1
Node 64 38 18.4391
Pkt 42 160 0.2625 1
Pkt 50 192 0.260417 1
Node 62 45 13
Pkt 78 300 0.26 1
Pkt 104 400 0.26 1
Rate:521.083
==========
==========2
5 0 2 24000
Node 37 67 21.4009
Pkt 52 200 0.26 1
Pkt 52 200 0.26 1
Node 55 58 9.43398
Pkt 98 375 0.261333 1
Pkt 84 320 0.2625 1
Node 34 72 27.2029
Pkt 208 800 0.26 1
Pkt 208 800 0.26 1
Node 68 53 18.2483
Pkt 63 240 0.2625 1
Pkt 42 160 0.2625 1
Node 58 43 10.6301
Pkt 104 400 0.26 1
Pkt 125 480 0.260417 1
Rate:521.85
==========
==========3
5 0 2 24000
Node 47 44 6.7082
Pkt 65 250 0.26 1
Pkt 32 120 0.266667 1
Node 32 42 19.6977
Pkt 78 300 0.26 1
Pkt 125 480 0.260417 1
Node 40 41 13.4536
Pkt 195 750 0.26 1
Pkt 208 800 0.26 1
Node 45 29 21.587
Pkt 33 125 0.264 1
Pkt 32 120 0.266667 1
Node 59 42 12.0416
Pkt 84 320 0.2625 1
Pkt 104 400 0.26 1
Rate:524.05
==========
==========4
5 0 2 24000
Node 53 45 5.83095
Pkt 52 200 0.26 1
Pkt 52 200 0.26 1
Node 45 49 5.09902
Pkt 84 320 0.2625 1
Pkt 125 480 0.260417 1
Node 27 33 28.6007
Pkt 208 800 0.26 1
Pkt 208 800 0.26 1
Node 68 59 20.1246
Pkt 32 120 0.266667 1
Pkt 42 160 0.2625 1
Node 41 69 21.0238
Pkt 78 300 0.26 1
Pkt 78 300 0.26 1
Rate:522.417
==========
==========5
5 0 2 24000
Node 62 56 13.4164
Pkt 26 100 0.26 1
Pkt 63 240 0.2625 1
Node 56 36 15.2315
Pkt 84 320 0.2625 1
Pkt 104 400 0.26 1
Node 65 52 15.1327
Pkt 195 750 0.26 1
Pkt 195 750 0.26 1
Node 38 44 13.4164
Pkt 50 192 0.260417 1
Pkt 32 120 0.266667 1
Node 29 34 26.4008
Pkt 78 300 0.26 1
Pkt 125 480 0.260417 1
Rate:522.5
==========
==========6
5 0 2 24000
Node 69 25 31.4006
Pkt 42 160 0.2625 1
Pkt 32 120 0.266667 1
Node 36 25 28.6531
Pkt 125 480 0.260417 1
Pkt 125 480 0.260417 1
Node 41 48 9.21954
Pkt 208 800 0.26 1
Pkt 208 800 0.26 1
Node 56 36 15.2315
Pkt 39 150 0.26 1
Pkt 52 200 0.26 1
Node 29 47 21.2132
Pkt 104 400 0.26 1
Pkt 84 320 0.2625 1
Rate:522.5
==========
==========7
5 0 2 24000
Node 39 51 11.0454
Pkt 39 150 0.26 1
Pkt 42 160 0.2625 1
Node 57 30 21.1896
Pkt 78 300 0.26 1
Pkt 84 320 0.2625 1
Node 65 51 15.0333
Pkt 195 750 0.26 1
Pkt 195 750 0.26 1
Node 31 46 19.4165
Pkt 42 160 0.2625 1
Pkt 52 200 0.26 1
Node 37 72 25.5539
Pkt 98 375 0.261333 1
Pkt 125 480 0.260417 1
Rate:521.85
==========
==========8
5 0 2 24000
Node 44 43 9.21954
Pkt 52 200 0.26 1
Pkt 39 150 0.26 1
Node 65 28 26.6271
Pkt 78 300 0.26 1
Pkt 84 320 0.2625 1
Node 63 74 27.2947
Pkt 208 800 0.26 1
Pkt 195 750 0.26 1
Node 40 43 12.2066
Pkt 33 125 0.264 1
Pkt 33 125 0.264 1
Node 25 51 25.02
Pkt 98 375 0.261333 1
Pkt 98 375 0.261333 1
Rate:522.633
==========
==========9
5 0 2 24000
Node 34 28 27.2029
Pkt 52 200 0.26 1
Pkt 63 240 0.2625 1
Node 48 37 13.1529
Pkt 125 480 0.260417 1
Pkt 104 400 0.26 1
Node 60 45 11.1803
Pkt 208 800 0.26 1
Pkt 208 800 0.26 1
Node 56 36 15.2315
Pkt 33 125 0.264 1
Pkt 52 200 0.26 1
Node 60 59 13.4536
Pkt 98 375 0.261333 1
Pkt 104 400 0.26 1
Rate:521.65
==========
==========10
5 0 2 24000
Node 55 35 15.8114
Pkt 32 120 0.266667 1
Pkt 39 150 0.26 1
Node 47 35 15.2971
Pkt 104 400 0.26 1
Pkt 125 480 0.260417 1
Node 42 70 21.5407
Pkt 195 750 0.26 1
Pkt 208 800 0.26 1
Node 26 49 24.0208
Pkt 39 150 0.26 1
Pkt 65 250 0.26 1
Node 25 40 26.9258
Pkt 84 320 0.2625 1
Pkt 98 375 0.261333 1
Rate:522.183
==========
==========11
5 0 2 24000
Node 32 54 18.4391
Pkt 26 100 0.26 1
Pkt 26 100 0.26 1
Node 57 29 22.1359
Pkt 104 400 0.26 1
Pkt 125 480 0.260417 1
Node 43 57 9.89949
Pkt 208 800 0.26 1
Pkt 208 800 0.26 1
Node 38 45 13
Pkt 33 125 0.264 1
Pkt 65 250 0.26 1
Node 39 37 17.0294
Pkt 98 375 0.261333 1
Pkt 98 375 0.261333 1
Rate:521.417
==========
==========12
5 0 2 24000
Node 36 27 26.9258
Pkt 50 192 0.260417 1
Pkt 65 250 0.26 1
Node 37 44 14.3178
Pkt 125 480 0.260417 1
Pkt 84 320 0.2625 1
Node 66 63 20.6155
Pkt 195 750 0.26 1
Pkt 208 800 0.26 1
Node 51 51 1.41421
Pkt 26 100 0.26 1
Pkt 50 192 0.260417 1
Node 38 44 13.4164
Pkt 84 320 0.2625 1
Pkt 78 300 0.26 1
Rate:521.25
==========
==========13
5 0 2 24000
Node 57 56 9.21954
Pkt 42 160 0.2625 1
Pkt 63 240 0.2625 1
Node 54 29 21.3776
Pkt 78 300 0.26 1
Pkt 78 300 0.26 1
Node 64 45 14.8661
Pkt 208 800 0.26 1
Pkt 208 800 0.26 1
Node 70 34 25.6125
Pkt 32 120 0.266667 1
Pkt 50 192 0.260417 1
Node 56 60 11.6619
Pkt 104 400 0.26 1
Pkt 104 400 0.26 1
Rate:522.417
==========
==========14
5 0 2 24000
Node 35 30 25
Pkt 32 120 0.266667 1
Pkt 26 100 0.26 1
Node 41 64 16.6433
Pkt 104 400 0.26 1
Pkt 98 375 0.261333 1
Node 58 33 18.7883
Pkt 208 800 0.26 1
Pkt 195 750 0.26 1
Node 62 50 12
Pkt 42 160 0.2625 1
Pkt 63 240 0.2625 1
Node 70 64 24.4131
Pkt 125 480 0.260417 1
Pkt 104 400 0.26 1
Rate:522.683
==========
==========15
5 0 2 24000
Node 40 39 14.8661
Pkt 42 160 0.2625 1
Pkt 63 240 0.2625 1
Node 50 42 8
Pkt 84 320 0.2625 1
Pkt 84 320 0.2625 1
Node 31 47 19.2354
Pkt 195 750 0.26 1
Pkt 195 750 0.26 1
Node 33 49 17.0294
Pkt 52 200 0.26 1
Pkt 65 250 0.26 1
Node 25 61 27.313
Pkt 78 300 0.26 1
Pkt 125 480 0.260417 1
Rate:522.083
==========
==========16
5 0 2 24000
Node 49 51 1.41421
Pkt 39 150 0.26 1
Pkt 33 125 0.264 1
Node 58 42 11.3137
Pkt 125 480 0.260417 1
Pkt 78 300 0.26 1
Node 39 46 11.7047
Pkt 208 800 0.26 1
Pkt 208 800 0.26 1
Node 33 71 27.0185
Pkt 39 150 0.26 1
Pkt 63 240 0.2625 1
Node 67 58 18.7883
Pkt 125 480 0.260417 1
Pkt 104 400 0.26 1
Rate:521.467
==========
==========17
5 0 2 24000
Node 48 74 24.0832
Pkt 26 100 0.26 1
Pkt 50 192 0.260417 1
Node 52 73 23.0868
Pkt 78 300 0.26 1
Pkt 84 320 0.2625 1
Node 64 48 14.1421
Pkt 208 800 0.26 1
Pkt 208 800 0.26 1
Node 50 40 10
Pkt 52 200 0.26 1
Pkt 52 200 0.26 1
Node 27 64 26.9258
Pkt 78 300 0.26 1
Pkt 84 320 0.2625 1
Rate:521.083
==========
==========18
5 0 2 24000
Node 38 55 13
Pkt 33 125 0.264 1
Pkt 42 160 0.2625 1
Node 42 39 13.6015
Pkt 98 375 0.261333 1
Pkt 125 480 0.260417 1
Node 48 58 8.24621
Pkt 208 800 0.26 1
Pkt 208 800 0.26 1
Node 40 26 26
Pkt 39 150 0.26 1
Pkt 32 120 0.266667 1
Node 50 35 15
Pkt 84 320 0.2625 1
Pkt 78 300 0.26 1
Rate:523.483
==========
==========19
5 0 2 24000
Node 69 46 19.4165
Pkt 33 125 0.264 1
Pkt 33 125 0.264 1
Node 67 56 18.0278
Pkt 98 375 0.261333 1
Pkt 125 480 0.260417 1
Node 62 27 25.9422
Pkt 195 750 0.26 1
Pkt 208 800 0.26 1
Node 74 35 28.3019
Pkt 63 240 0.2625 1
Pkt 65 250 0.26 1
Node 74 68 30
Pkt 84 320 0.2625 1
Pkt 78 300 0.26 1
Rate:522.95
==========
==========20
5 0 2 24000
Node 33 36 22.0227
Pkt 63 240 0.2625 1
Pkt 33 125 0.264 1
Node 58 57 10.6301
Pkt 104 400 0.26 1
Pkt 78 300 0.26 1
Node 73 53 23.1948
Pkt 208 800 0.26 1
Pkt 208 800 0.26 1
Node 67 39 20.2485
Pkt 26 100 0.26 1
Pkt 50 192 0.260417 1
Node 29 39 23.7065
Pkt 104 400 0.26 1
Pkt 125 480 0.260417 1
Rate:521.467
==========
==========21
5 0 2 24000
Node 69 56 19.9249
Pkt 63 240 0.2625 1
Pkt 65 250 0.26 1
Node 42 67 18.7883
Pkt 84 320 0.2625 1
Pkt 125 480 0.260417 1
Node 53 39 11.4018
Pkt 208 800 0.26 1
Pkt 208 800 0.26 1
Node 38 36 18.4391
Pkt 32 120 0.266667 1
Pkt 39 150 0.26 1
Node 60 25 26.9258
Pkt 104 400 0.26 1
Pkt 98 375 0.261333 1
Rate:522.683
==========
==========22
5 0 2 24000
Node 37 59 15.8114
Pkt 52 200 0.26 1
Pkt 63 240 0.2625 1
Node 48 31 19.105
Pkt 125 480 0.260417 1
Pkt 78 300 0.26 1
Node 34 52 16.1245
Pkt 195 750 0.26 1
Pkt 208 800 0.26 1
Node 37 59 15.8114
Pkt 26 100 0.26 1
Pkt 32 120 0.266667 1
Node 56 37 14.3178
Pkt 125 480 0.260417 1
Pkt 84 320 0.2625 1
Rate:522.5
==========
==========23
5 0 2 24000
Node 49 45 5.09902
Pkt 26 100 0.26 1
Pkt 39 150 0.26 1
Node 56 53 6.7082
Pkt 98 375 0.261333 1
Pkt 98 375 0.261333 1
Node 69 67 25.4951
Pkt 195 750 0.26 1
Pkt 195 750 0.26 1
Node 70 29 29
Pkt 42 160 0.2625 1
Pkt 52 200 0.26 1
Node 51 74 24.0208
Pkt 125 480 0.260417 1
Pkt 78 300 0.26 1
Rate:521.117
==========
==========24
5 0 2 24000
Node 53 48 3.60555
Pkt 32 120 0.266667 1
Pkt 63 240 0.2625 1
Node 63 70 23.8537
Pkt 98 375 0.261333 1
Pkt 84 320 0.2625 1
Node 31 41 21.0238
Pkt 208 800 0.26 1
Pkt 195 750 0.26 1
Node 71 39 23.7065
Pkt 63 240 0.2625 1
Pkt 50 192 0.260417 1
Node 58 59 12.0416
Pkt 104 400 0.26 1
Pkt 125 480 0.260417 1
Rate:523.267
==========
==========25
5 0 2 24000
Node 63 60 16.4012
Pkt 39 150 0.26 1
Pkt 32 120 0.266667 1
Node 69 62 22.4722
Pkt 125 480 0.260417 1
Pkt 78 300 0.26 1
Node 37 56 14.3178
Pkt 195 750 0.26 1
Pkt 208 800 0.26 1
Node 28 61 24.5967
Pkt 32 120 0.266667 1
Pkt 32 120 0.266667 1
Node 64 53 14.3178
Pkt 78 300 0.26 1
Pkt 104 400 0.26 1
Rate:524.083
==========
==========26
5 0 2 24000
Node 34 42 17.8885
Pkt 42 160 0.2625 1
Pkt 63 240 0.2625 1
Node 51 71 21.0238
Pkt 125 480 0.260417 1
Pkt 78 300 0.26 1
Node 69 50 19
Pkt 208 800 0.26 1
Pkt 208 800 0.26 1
Node 25 61 27.313
Pkt 33 125 0.264 1
Pkt 32 120 0.266667 1
Node 66 33 23.3452
Pkt 125 480 0.260417 1
Pkt 104 400 0.26 1
Rate:523.3
==========
==========27
5 0 2 24000
Node 37 65 19.8494
Pkt 52 200 0.26 1
Pkt 33 125 0.264 1
Node 61 41 14.2127
Pkt 78 300 0.26 1
Pkt 104 400 0.26 1
Node 54 71 21.3776
Pkt 195 750 0.26 1
Pkt 208 800 0.26 1
Node 51 52 2.23607
Pkt 52 200 0.26 1
Pkt 39 150 0.26 1
Node 56 35 16.1555
Pkt 125 480 0.260417 1
Pkt 84 320 0.2625 1
Rate:521.383
==========
==========28
5 0 2 24000
Node 39 28 24.5967
Pkt 42 160 0.2625 1
Pkt 39 150 0.26 1
Node 45 60 11.1803
Pkt 84 320 0.2625 1
Pkt 98 375 0.261333 1
Node 26 25 34.6554
Pkt 208 800 0.26 1
Pkt 208 800 0.26 1
Node 71 59 22.8473
Pkt 26 100 0.26 1
Pkt 33 125 0.264 1
Node 61 65 18.6011
Pkt 104 400 0.26 1
Pkt 104 400 0.26 1
Rate:522.067
==========
==========29
5 0 2 24000
Node 41 71 22.8473
Pkt 39 150 0.26 1
Pkt 50 192 0.260417 1
Node 50 63 13
Pkt 104 400 0.26 1
Pkt 104 400 0.26 1
Node 61 39 15.5563
Pkt 208 800 0.26 1
Pkt 195 750 0.26 1
Node 27 36 26.9258
Pkt 50 192 0.260417 1
Pkt 52 200 0.26 1
Node 69 61 21.9545
Pkt 78 300 0.26 1
Pkt 78 300 0.26 1
Rate:520.167
==========
==========30
5 0 2 24000
Node 48 70 20.0998
Pkt 52 200 0.26 1
Pkt 33 125 0.264 1
Node 67 34 23.3452
Pkt 125 480 0.260417 1
Pkt 84 320 0.2625 1
Node 69 42 20.6155
Pkt 208 800 0.26 1
Pkt 195 750 0.26 1
Node 45 41 10.2956
Pkt 50 192 0.260417 1
Pkt 32 120 0.266667 1
Node 62 73 25.9422
Pkt 84 320 0.2625 1
Pkt 104 400 0.26 1
Rate:523.3
==========
==========31
5 0 2 24000
Node 54 50 4
Pkt 65 250 0.26 1
Pkt 39 150 0.26 1
Node 69 65 24.2074
Pkt 84 320 0.2625 1
Pkt 78 300 0.26 1
Node 46 57 8.06226
Pkt 208 800 0.26 1
Pkt 208 800 0.26 1
Node 33 72 27.8029
Pkt 65 250 0.26 1
Pkt 50 192 0.260417 1
Node 40 53 10.4403
Pkt 125 480 0.260417 1
Pkt 84 320 0.2625 1
Rate:521.167
==========
==========32
5 0 2 24000
Node 57 43 9.89949
Pkt 39 150 0.26 1
Pkt 42 160 0.2625 1
Node 35 29 25.807
Pkt 104 400 0.26 1
Pkt 84 320 0.2625 1
Node 60 68 20.5913
Pkt 208 800 0.26 1
Pkt 195 750 0.26 1
Node 25 46 25.318
Pkt 65 250 0.26 1
Pkt 65 250 0.26 1
Node 60 31 21.4709
Pkt 78 300 0.26 1
Pkt 78 300 0.26 1
Rate:521
==========
==========33
5 0 2 24000
Node 74 63 27.2947
Pkt 39 150 0.26 1
Pkt 33 125 0.264 1
Node 74 65 28.3019
Pkt 78 300 0.26 1
Pkt 98 375 0.261333 1
Node 54 64 14.5602
Pkt 195 750 0.26 1
Pkt 195 750 0.26 1
Node 28 59 23.7697
Pkt 42 160 0.2625 1
Pkt 39 150 0.26 1
Node 33 28 27.8029
Pkt 78 300 0.26 1
Pkt 78 300 0.26 1
Rate:521.567
==========
==========34
5 0 2 24000
Node 69 40 21.4709
Pkt 63 240 0.2625 1
Pkt 50 192 0.260417 1
Node 72 46 22.3607
Pkt 104 400 0.26 1
Pkt 125 480 0.260417 1
Node 58 49 8.06226
Pkt 195 750 0.26 1
Pkt 195 750 0.26 1
Node 72 50 22
Pkt 63 240 0.2625 1
Pkt 52 200 0.26 1
Node 54 61 11.7047
Pkt 84 320 0.2625 1
Pkt 84 320 0.2625 1
Rate:522.167
==========
==========35
5 0 2 24000
Node 37 68 22.2036
Pkt 26 100 0.26 1
Pkt 39 150 0.26 1
Node 41 57 11.4018
Pkt 84 320 0.2625 1
Pkt 84 320 0.2625 1
Node 59 73 24.6982
Pkt 195 750 0.26 1
Pkt 208 800 0.26 1
Node 41 49 9.05539
Pkt 26 100 0.26 1
Pkt 26 100 0.26 1
Node 27 55 23.5372
Pkt 84 320 0.2625 1
Pkt 104 400 0.26 1
Rate:521.5
==========
==========36
5 0 2 24000
Node 60 60 14.1421
Pkt 50 192 0.260417 1
Pkt 42 160 0.2625 1
Node 55 50 5
Pkt 104 400 0.26 1
Pkt 104 400 0.26 1
Node 66 52 16.1245
Pkt 195 750 0.26 1
Pkt 195 750 0.26 1
Node 32 43 19.3132
Pkt 32 120 0.266667 1
Pkt 65 250 0.26 1
Node 50 60 10
Pkt 84 320 0.2625 1
Pkt 84 320 0.2625 1
Rate:522.917
==========
==========37
5 0 2 24000
Node 53 37 13.3417
Pkt 32 120 0.266667 1
Pkt 63 240 0.2625 1
Node 49 62 12.0416
Pkt 84 320 0.2625 1
Pkt 78 300 0.26 1
Node 54 71 21.3776
Pkt 208 800 0.26 1
Pkt 208 800 0.26 1
Node 36 65 20.5183
Pkt 50 192 0.260417 1
Pkt 63 240 0.2625 1
Node 26 56 24.7386
Pkt 78 300 0.26 1
Pkt 78 300 0.26 1
Rate:522.917
==========
==========38
5 0 2 24000
Node 50 49 1
Pkt 39 150 0.26 1
Pkt 65 250 0.26 1
Node 31 60 21.4709
Pkt 78 300 0.26 1
Pkt 104 400 0.26 1
Node 32 59 20.1246
Pkt 208 800 0.26 1
Pkt 208 800 0.26 1
Node 59 42 12.0416
Pkt 50 192 0.260417 1
Pkt 39 150 0.26 1
Node 28 35 26.6271
Pkt 84 320 0.2625 1
Pkt 84 320 0.2625 1
Rate:521.083
==========
==========39
5 0 2 24000
Node 51 68 18.0278
Pkt 42 160 0.2625 1
Pkt 42 160 0.2625 1
Node 37 52 13.1529
Pkt 78 300 0.26 1
Pkt 125 480 0.260417 1
Node 30 58 21.5407
Pkt 208 800 0.26 1
Pkt 195 750 0.26 1
Node 40 35 18.0278
Pkt 39 150 0.26 1
Pkt 52 200 0.26 1
Node 46 52 4.47214
Pkt 98 375 0.261333 1
Pkt 84 320 0.2625 1
Rate:521.85
==========
==========40
5 0 2 24000
Node 54 70 20.3961
Pkt 42 160 0.2625 1
Pkt 52 200 0.26 1
Node 50 49 1
Pkt 84 320 0.2625 1
Pkt 125 480 0.260417 1
Node 26 57 25
Pkt 195 750 0.26 1
Pkt 208 800 0.26 1
Node 58 59 12.0416
Pkt 39 150 0.26 1
Pkt 50 192 0.260417 1
Node 63 59 15.8114
Pkt 125 480 0.260417 1
Pkt 98 375 0.261333 1
Rate:521.517
==========
==========41
5 0 2 24000
Node 54 41 9.84886
Pkt 50 192 0.260417 1
Pkt 50 192 0.260417 1
Node 53 55 5.83095
Pkt 78 300 0.26 1
Pkt 78 300 0.26 1
Node 56 39 12.53
Pkt 208 800 0.26 1
Pkt 208 800 0.26 1
Node 54 57 8.06226
Pkt 32 120 0.266667 1
Pkt 33 125 0.264 1
Node 45 29 21.587
Pkt 125 480 0.260417 1
Pkt 125 480 0.260417 1
Rate:522.467
==========
==========42
5 0 2 24000
Node 32 31 26.1725
Pkt 39 150 0.26 1
Pkt 33 125 0.264 1
Node 47 52 3.60555
Pkt 98 375 0.261333 1
Pkt 78 300 0.26 1
Node 71 62 24.1868
Pkt 195 750 0.26 1
Pkt 195 750 0.26 1
Node 42 62 14.4222
Pkt 26 100 0.26 1
Pkt 32 120 0.266667 1
Node 35 43 16.5529
Pkt 98 375 0.261333 1
Pkt 125 480 0.260417 1
Rate:522.75
==========
==========43
5 0 2 24000
Node 65 35 21.2132
Pkt 52 200 0.26 1
Pkt 42 160 0.2625 1
Node 72 40 24.1661
Pkt 98 375 0.261333 1
Pkt 84 320 0.2625 1
Node 32 66 24.0832
Pkt 208 800 0.26 1
Pkt 208 800 0.26 1
Node 50 70 20
Pkt 39 150 0.26 1
Pkt 65 250 0.26 1
Node 62 57 13.8924
Pkt 78 300 0.26 1
Pkt 98 375 0.261333 1
Rate:521.533
==========
==========44
5 0 2 24000
Node 66 62 20
Pkt 65 250 0.26 1
Pkt 39 150 0.26 1
Node 42 56 10
Pkt 125 480 0.260417 1
Pkt 125 480 0.260417 1
Node 29 28 30.4138
Pkt 195 750 0.26 1
Pkt 208 800 0.26 1
Node 60 33 19.7231
Pkt 26 100 0.26 1
Pkt 42 160 0.2625 1
Node 28 39 24.5967
Pkt 125 480 0.260417 1
Pkt 98 375 0.261333 1
Rate:521.017
==========
==========45
5 0 2 24000
Node 68 26 30
Pkt 42 160 0.2625 1
Pkt 63 240 0.2625 1
Node 72 73 31.8277
Pkt 104 400 0.26 1
Pkt 78 300 0.26 1
Node 37 27 26.4197
Pkt 195 750 0.26 1
Pkt 195 750 0.26 1
Node 35 29 25.807
Pkt 50 192 0.260417 1
Pkt 26 100 0.26 1
Node 72 47 22.2036
Pkt 104 400 0.26 1
Pkt 78 300 0.26 1
Rate:521.083
==========
==========46
5 0 2 24000
Node 60 48 10.198
Pkt 39 150 0.26 1
Pkt 33 125 0.264 1
Node 31 44 19.9249
Pkt 78 300 0.26 1
Pkt 84 320 0.2625 1
Node 25 60 26.9258
Pkt 208 800 0.26 1
Pkt 195 750 0.26 1
Node 73 33 28.6007
Pkt 26 100 0.26 1
Pkt 63 240 0.2625 1
Node 53 46 5
Pkt 84 320 0.2625 1
Pkt 78 300 0.26 1
Rate:522.3
==========
==========47
5 0 2 24000
Node 63 66 20.6155
Pkt 50 192 0.260417 1
Pkt 39 150 0.26 1
Node 55 37 13.9284
Pkt 84 320 0.2625 1
Pkt 125 480 0.260417 1
Node 65 72 26.6271
Pkt 195 750 0.26 1
Pkt 195 750 0.26 1
Node 73 28 31.8277
Pkt 33 125 0.264 1
Pkt 39 150 0.26 1
Node 41 54 9.84886
Pkt 84 320 0.2625 1
Pkt 78 300 0.26 1
Rate:521.967
==========
==========48
5 0 2 24000
Node 41 71 22.8473
Pkt 52 200 0.26 1
Pkt 32 120 0.266667 1
Node 61 49 11.0454
Pkt 125 480 0.260417 1
Pkt 104 400 0.26 1
Node 57 52 7.28011
Pkt 208 800 0.26 1
Pkt 208 800 0.26 1
Node 64 66 21.2603
Pkt 39 150 0.26 1
Pkt 26 100 0.26 1
Node 53 44 6.7082
Pkt 98 375 0.261333 1
Pkt 125 480 0.260417 1
Rate:521.767
==========
==========49
5 0 2 24000
Node 46 39 11.7047
Pkt 50 192 0.260417 1
Pkt 50 192 0.260417 1
Node 35 26 28.3019
Pkt 78 300 0.26 1
Pkt 78 300 0.26 1
Node 51 74 24.0208
Pkt 208 800 0.26 1
Pkt 208 800 0.26 1
Node 52 48 2.82843
Pkt 52 200 0.26 1
Pkt 63 240 0.2625 1
Node 50 57 7
Pkt 84 320 0.2625 1
Pkt 104 400 0.26 1
Rate:521.167
==========
==========50
5 0 2 24000
Node 71 46 21.3776
Pkt 33 125 0.264 1
Pkt 50 192 0.260417 1
Node 49 52 2.23607
Pkt 104 400 0.26 1
Pkt 125 480 0.260417 1
Node 65 42 17
Pkt 195 750 0.26 1
Pkt 208 800 0.26 1
Node 60 46 10.7703
Pkt 33 125 0.264 1
Pkt 42 160 0.2625 1
Node 73 58 24.3516
Pkt 125 480 0.260417 1
Pkt 125 480 0.260417 1
Rate:522.433
==========
==========51
5 0 2 24000
Node 32 60 20.5913
Pkt 33 125 0.264 1
Pkt 26 100 0.26 1
Node 34 28 27.2029
Pkt 84 320 0.2625 1
Pkt 84 320 0.2625 1
Node 41 59 12.7279
Pkt 195 750 0.26 1
Pkt 195 750 0.26 1
Node 58 27 24.3516
Pkt 39 150 0.26 1
Pkt 26 100 0.26 1
Node 59 27 24.6982
Pkt 125 480 0.260417 1
Pkt 104 400 0.26 1
Rate:521.883
==========
==========52
5 0 2 24000
Node 31 49 19.0263
Pkt 50 192 0.260417 1
Pkt 63 240 0.2625 1
Node 72 55 22.561
Pkt 104 400 0.26 1
Pkt 78 300 0.26 1
Node 48 50 2
Pkt 195 750 0.26 1
Pkt 208 800 0.26 1
Node 61 61 15.5563
Pkt 33 125 0.264 1
Pkt 26 100 0.26 1
Node 47 51 3.16228
Pkt 98 375 0.261333 1
Pkt 78 300 0.26 1
Rate:521.65
==========
==========53
5 0 2 24000
Node 50 39 11
Pkt 52 200 0.26 1
Pkt 26 100 0.26 1
Node 49 52 2.23607
Pkt 125 480 0.260417 1
Pkt 84 320 0.2625 1
Node 39 41 14.2127
Pkt 195 750 0.26 1
Pkt 208 800 0.26 1
Node 65 67 22.6716
Pkt 26 100 0.26 1
Pkt 50 192 0.260417 1
Node 44 72 22.8035
Pkt 98 375 0.261333 1
Pkt 98 375 0.261333 1
Rate:521.2
==========
==========54
5 0 2 24000
Node 49 50 1
Pkt 42 160 0.2625 1
Pkt 39 150 0.26 1
Node 70 46 20.3961
Pkt 125 480 0.260417 1
Pkt 104 400 0.26 1
Node 41 29 22.8473
Pkt 208 800 0.26 1
Pkt 208 800 0.26 1
Node 64 52 14.1421
Pkt 26 100 0.26 1
Pkt 33 125 0.264 1
Node 55 39 12.083
Pkt 104 400 0.26 1
Pkt 78 300 0.26 1
Rate:521.383
==========
==========55
5 0 2 24000
Node 73 59 24.6982
Pkt 42 160 0.2625 1
Pkt 26 100 0.26 1
Node 25 47 25.1794
Pkt 84 320 0.2625 1
Pkt 98 375 0.261333 1
Node 25 47 25.1794
Pkt 208 800 0.26 1
Pkt 208 800 0.26 1
Node 29 46 21.3776
Pkt 39 150 0.26 1
Pkt 33 125 0.264 1
Node 41 57 11.4018
Pkt 125 480 0.260417 1
Pkt 84 320 0.2625 1
Rate:522.65
==========
==========56
5 0 2 24000
Node 44 58 10
Pkt 50 192 0.260417 1
Pkt 42 160 0.2625 1
Node 55 73 23.5372
Pkt 98 375 0.261333 1
Pkt 104 400 0.26 1
Node 35 43 16.5529
Pkt 195 750 0.26 1
Pkt 208 800 0.26 1
Node 46 64 14.5602
Pkt 65 250 0.26 1
Pkt 32 120 0.266667 1
Node 42 42 11.3137
Pkt 104 400 0.26 1
Pkt 98 375 0.261333 1
Rate:522.45
==========
==========57
5 0 2 24000
Node 73 46 23.3452
Pkt 32 120 0.266667 1
Pkt 32 120 0.266667 1
Node 68 39 21.095
Pkt 125 480 0.260417 1
Pkt 84 320 0.2625 1
Node 62 25 27.7308
Pkt 208 800 0.26 1
Pkt 195 750 0.26 1
Node 40 57 12.2066
Pkt 65 250 0.26 1
Pkt 63 240 0.2625 1
Node 66 27 28.0179
Pkt 84 320 0.2625 1
Pkt 84 320 0.2625 1
Rate:524.75
==========
==========58
5 0 2 24000
Node 25 37 28.178
Pkt 33 125 0.264 1
Pkt 42 160 0.2625 1
Node 73 52 23.0868
Pkt 78 300 0.26 1
Pkt 78 300 0.26 1
Node 34 26 28.8444
Pkt 208 800 0.26 1
Pkt 208 800 0.26 1
Node 26 64 27.7849
Pkt 26 100 0.26 1
Pkt 39 150 0.26 1
Node 53 41 9.48683
Pkt 104 400 0.26 1
Pkt 104 400 0.26 1
Rate:521.3
==========
==========59
5 0 2 24000
Node 66 50 16
Pkt 39 150 0.26 1
Pkt 50 192 0.260417 1
Node 52 63 13.1529
Pkt 98 375 0.261333 1
Pkt 125 480 0.260417 1
Node 25 31 31.4006
Pkt 195 750 0.26 1
Pkt 208 800 0.26 1
Node 53 64 14.3178
Pkt 33 125 0.264 1
Pkt 50 192 0.260417 1
Node 42 62 14.4222
Pkt 104 400 0.26 1
Pkt 104 400 0.26 1
Rate:521.317
==========
==========60
5 0 2 24000
Node 67 56 18.0278
Pkt 26 100 0.26 1
Pkt 52 200 0.26 1
Node 42 37 15.2643
Pkt 98 375 0.261333 1
Pkt 104 400 0.26 1
Node 73 54 23.3452
Pkt 195 750 0.26 1
Pkt 208 800 0.26 1
Node 67 30 26.2488
Pkt 50 192 0.260417 1
Pkt 39 150 0.26 1
Node 51 28 22.0227
Pkt 125 480 0.260417 1
Pkt 125 480 0.260417 1
Rate:520.517
==========
==========61
5 0 2 24000
Node 55 58 9.43398
Pkt 32 120 0.266667 1
Pkt 52 200 0.26 1
Node 69 42 20.6155
Pkt 125 480 0.260417 1
Pkt 98 375 0.261333 1
Node 36 64 19.799
Pkt 208 800 0.26 1
Pkt 195 750 0.26 1
Node 58 30 21.5407
Pkt 52 200 0.26 1
Pkt 32 120 0.266667 1
Node 49 65 15.0333
Pkt 125 480 0.260417 1
Pkt 125 480 0.260417 1
Rate:523.183
==========
==========62
5 0 2 24000
Node 61 33 20.2485
Pkt 63 240 0.2625 1
Pkt 42 160 0.2625 1
Node 29 64 25.2389
Pkt 98 375 0.261333 1
Pkt 125 480 0.260417 1
Node 34 66 22.6274
Pkt 195 750 0.26 1
Pkt 195 750 0.26 1
Node 66 58 17.8885
Pkt 32 120 0.266667 1
Pkt 33 125 0.264 1
Node 48 25 25.0799
Pkt 78 300 0.26 1
Pkt 84 320 0.2625 1
Rate:523.983
==========
==========63
5 0 2 24000
Node 25 64 28.6531
Pkt 26 100 0.26 1
Pkt 50 192 0.260417 1
Node 37 33 21.4009
Pkt 78 300 0.26 1
Pkt 125 480 0.260417 1
Node 71 48 21.095
Pkt 208 800 0.26 1
Pkt 208 800 0.26 1
Node 59 47 9.48683
Pkt 65 250 0.26 1
Pkt 33 125 0.264 1
Node 54 66 16.4924
Pkt 78 300 0.26 1
Pkt 125 480 0.260417 1
Rate:521.05
==========
==========64
5 0 2 24000
Node 66 69 24.8395
Pkt 50 192 0.260417 1
Pkt 42 160 0.2625 1
Node 58 70 21.5407
Pkt 98 375 0.261333 1
Pkt 104 400 0.26 1
Node 41 34 18.3576
Pkt 195 750 0.26 1
Pkt 195 750 0.26 1
Node 28 32 28.4253
Pkt 39 150 0.26 1
Pkt 50 192 0.260417 1
Node 30 54 20.3961
Pkt 84 320 0.2625 1
Pkt 104 400 0.26 1
Rate:521.433
==========
==========65
5 0 2 24000
Node 40 54 10.7703
Pkt 63 240 0.2625 1
Pkt 39 150 0.26 1
Node 40 32 20.5913
Pkt 98 375 0.261333 1
Pkt 125 480 0.260417 1
Node 55 46 6.40312
Pkt 195 750 0.26 1
Pkt 195 750 0.26 1
Node 40 64 17.2047
Pkt 42 160 0.2625 1
Pkt 32 120 0.266667 1
Node 48 58 8.24621
Pkt 84 320 0.2625 1
Pkt 78 300 0.26 1
Rate:523.183
==========
==========66
5 0 2 24000
Node 61 49 11.0454
Pkt 63 240 0.2625 1
Pkt 32 120 0.266667 1
Node 67 44 18.0278
Pkt 104 400 0.26 1
Pkt 104 400 0.26 1
Node 69 63 23.0217
Pkt 195 750 0.26 1
Pkt 208 800 0.26 1
Node 49 40 10.0499
Pkt 42 160 0.2625 1
Pkt 52 200 0.26 1
Node 51 52 2.23607
Pkt 84 320 0.2625 1
Pkt 125 480 0.260417 1
Rate:522.917
==========
==========67
5 0 2 24000
Node 51 44 6.08276
Pkt 39 150 0.26 1
Pkt 65 250 0.26 1
Node 38 71 24.1868
Pkt 84 320 0.2625 1
Pkt 98 375 0.261333 1
Node 30 65 25
Pkt 208 800 0.26 1
Pkt 208 800 0.26 1
Node 48 39 11.1803
Pkt 52 200 0.26 1
Pkt 39 150 0.26 1
Node 38 51 12.0416
Pkt 98 375 0.261333 1
Pkt 104 400 0.26 1
Rate:521.033
==========
==========68
5 0 2 24000
Node 57 27 24.0416
Pkt 33 125 0.264 1
Pkt 32 120 0.266667 1
Node 36 34 21.2603
Pkt 125 480 0.260417 1
Pkt 84 320 0.2625 1
Node 68 47 18.2483
Pkt 208 800 0.26 1
Pkt 195 750 0.26 1
Node 38 36 18.4391
Pkt 65 250 0.26 1
Pkt 52 200 0.26 1
Node 71 28 30.4138
Pkt 98 375 0.261333 1
Pkt 98 375 0.261333 1
Rate:523.25
==========
==========69
5 0 2 24000
Node 64 63 19.105
Pkt 33 125 0.264 1
Pkt 63 240 0.2625 1
Node 69 31 26.8701
Pkt 125 480 0.260417 1
Pkt 125 480 0.260417 1
Node 63 50 13
Pkt 208 800 0.26 1
Pkt 195 750 0.26 1
Node 55 69 19.6469
Pkt 50 192 0.260417 1
Pkt 33 125 0.264 1
Node 34 74 28.8444
Pkt 98 375 0.261333 1
Pkt 104 400 0.26 1
Rate:522.617
==========
==========70
5 0 2 24000
Node 57 48 7.28011
Pkt 63 240 0.2625 1
Pkt 52 200 0.26 1
Node 68 61 21.095
Pkt 98 375 0.261333 1
Pkt 125 480 0.260417 1
Node 61 47 11.4018
Pkt 195 750 0.26 1
Pkt 208 800 0.26 1
Node 37 29 24.6982
Pkt 65 250 0.26 1
Pkt 26 100 0.26 1
Node 52 48 2.82843
Pkt 104 400 0.26 1
Pkt 78 300 0.26 1
Rate:520.85
==========
==========71
5 0 2 24000
Node 74 68 30
Pkt 26 100 0.26 1
Pkt 50 192 0.260417 1
Node 47 32 18.2483
Pkt 104 400 0.26 1
Pkt 125 480 0.260417 1
Node 31 37 23.0217
Pkt 195 750 0.26 1
Pkt 208 800 0.26 1
Node 51 30 20.025
Pkt 26 100 0.26 1
Pkt 50 192 0.260417 1
Node 52 58 8.24621
Pkt 104 400 0.26 1
Pkt 104 400 0.26 1
Rate:520.25
==========
==========72
5 0 2 24000
Node 40 48 10.198
Pkt 50 192 0.260417 1
Pkt 42 160 0.2625 1
Node 35 52 15.1327
Pkt 125 480 0.260417 1
Pkt 104 400 0.26 1
Node 71 65 25.807
Pkt 195 750 0.26 1
Pkt 208 800 0.26 1
Node 30 73 30.4795
Pkt 42 160 0.2625 1
Pkt 63 240 0.2625 1
Node 57 48 7.28011
Pkt 104 400 0.26 1
Pkt 104 400 0.26 1
Rate:521.667
==========
==========73
5 0 2 24000
Node 41 73 24.6982
Pkt 63 240 0.2625 1
Pkt 65 250 0.26 1
Node 37 43 14.7648
Pkt 78 300 0.26 1
Pkt 125 480 0.260417 1
Node 39 40 14.8661
Pkt 195 750 0.26 1
Pkt 208 800 0.26 1
Node 74 44 24.7386
Pkt 50 192 0.260417 1
Pkt 33 125 0.264 1
Node 55 39 12.083
Pkt 84 320 0.2625 1
Pkt 125 480 0.260417 1
Rate:522.05
==========
==========74
5 0 2 24000
Node 55 65 15.8114
Pkt 50 192 0.260417 1
Pkt 39 150 0.26 1
Node 44 40 11.6619
Pkt 78 300 0.26 1
Pkt 84 320 0.2625 1
Node 30 36 24.4131
Pkt 195 750 0.26 1
Pkt 208 800 0.26 1
Node 62 73 25.9422
Pkt 39 150 0.26 1
Pkt 42 160 0.2625 1
Node 70 37 23.8537
Pkt 125 480 0.260417 1
Pkt 104 400 0.26 1
Rate:521.167
==========
==========75
5 0 2 24000
Node 71 49 21.0238
Pkt 33 125 0.264 1
Pkt 42 160 0.2625 1
Node 48 54 4.47214
Pkt 125 480 0.260417 1
Pkt 104 400 0.26 1
Node 28 65 26.6271
Pkt 208 800 0.26 1
Pkt 208 800 0.26 1
Node 68 64 22.8035
Pkt 65 250 0.26 1
Pkt 65 250 0.26 1
Node 74 50 24
Pkt 98 375 0.261333 1
Pkt 125 480 0.260417 1
Rate:521.733
==========
==========76
5 0 2 24000
Node 35 74 28.3019
Pkt 65 250 0.26 1
Pkt 52 200 0.26 1
Node 43 26 25
Pkt 98 375 0.261333 1
Pkt 78 300 0.26 1
Node 54 27 23.3452
Pkt 195 750 0.26 1
Pkt 208 800 0.26 1
Node 37 25 28.178
Pkt 26 100 0.26 1
Pkt 52 200 0.26 1
Node 37 36 19.105
Pkt 125 480 0.260417 1
Pkt 125 480 0.260417 1
Rate:520.433
==========
==========77
5 0 2 24000
Node 26 59 25.632
Pkt 39 150 0.26 1
Pkt 50 192 0.260417 1
Node 36 73 26.9258
Pkt 98 375 0.261333 1
Pkt 104 400 0.26 1
Node 54 45 6.40312
Pkt 208 800 0.26 1
Pkt 208 800 0.26 1
Node 26 54 24.3311
Pkt 33 125 0.264 1
Pkt 52 200 0.26 1
Node 51 51 1.41421
Pkt 84 320 0.2625 1
Pkt 78 300 0.26 1
Rate:521.65
==========
==========78
5 0 2 24000
Node 38 25 27.7308
Pkt 33 125 0.264 1
Pkt 32 120 0.266667 1
Node 72 32 28.4253
Pkt 78 300 0.26 1
Pkt 98 375 0.261333 1
Node 69 39 21.9545
Pkt 208 800 0.26 1
Pkt 195 750 0.26 1
Node 41 47 9.48683
Pkt 42 160 0.2625 1
Pkt 26 100 0.26 1
Node 65 42 17
Pkt 98 375 0.261333 1
Pkt 98 375 0.261333 1
Rate:523.433
==========
==========79
5 0 2 24000
Node 64 39 17.8045
Pkt 52 200 0.26 1
Pkt 26 100 0.26 1
Node 26 46 24.3311
Pkt 98 375 0.261333 1
Pkt 98 375 0.261333 1
Node 63 56 14.3178
Pkt 195 750 0.26 1
Pkt 208 800 0.26 1
Node 70 67 26.2488
Pkt 42 160 0.2625 1
Pkt 50 192 0.260417 1
Node 34 39 19.4165
Pkt 98 375 0.261333 1
Pkt 78 300 0.26 1
Rate:521.383
==========
==========80
5 0 2 24000
Node 29 54 21.3776
Pkt 26 100 0.26 1
Pkt 32 120 0.266667 1
Node 61 61 15.5563
Pkt 125 480 0.260417 1
Pkt 84 320 0.2625 1
Node 57 47 7.61577
Pkt 208 800 0.26 1
Pkt 208 800 0.26 1
Node 67 38 20.8087
Pkt 32 120 0.266667 1
Pkt 33 125 0.264 1
Node 56 44 8.48528
Pkt 104 400 0.26 1
Pkt 104 400 0.26 1
Rate:524.05
==========
==========81
5 0 2 24000
Node 49 50 1
Pkt 50 192 0.260417 1
Pkt 63 240 0.2625 1
Node 59 26 25.632
Pkt 125 480 0.260417 1
Pkt 78 300 0.26 1
Node 54 27 23.3452
Pkt 195 750 0.26 1
Pkt 195 750 0.26 1
Node 59 33 19.2354
Pkt 33 125 0.264 1
Pkt 32 120 0.266667 1
Node 25 41 26.5707
Pkt 98 375 0.261333 1
Pkt 125 480 0.260417 1
Rate:523.15
==========
==========82
5 0 2 24000
Node 48 46 4.47214
Pkt 65 250 0.26 1
Pkt 32 120 0.266667 1
Node 52 53 3.60555
Pkt 98 375 0.261333 1
Pkt 84 320 0.2625 1
Node 66 63 20.6155
Pkt 195 750 0.26 1
Pkt 208 800 0.26 1
Node 69 70 27.5862
Pkt 52 200 0.26 1
Pkt 39 150 0.26 1
Node 27 54 23.3452
Pkt 84 320 0.2625 1
Pkt 125 480 0.260417 1
Rate:522.683
==========
==========83
5 0 2 24000
Node 67 27 28.6007
Pkt 39 150 0.26 1
Pkt 39 150 0.26 1
Node 62 62 16.9706
Pkt 125 480 0.260417 1
Pkt 104 400 0.26 1
Node 49 55 5.09902
Pkt 195 750 0.26 1
Pkt 208 800 0.26 1
Node 34 61 19.4165
Pkt 52 200 0.26 1
Pkt 52 200 0.26 1
Node 57 38 13.8924
Pkt 84 320 0.2625 1
Pkt 84 320 0.2625 1
Rate:521.083
==========
==========84
5 0 2 24000
Node 49 68 18.0278
Pkt 42 160 0.2625 1
Pkt 39 150 0.26 1
Node 28 64 26.0768
Pkt 125 480 0.260417 1
Pkt 78 300 0.26 1
Node 55 64 14.8661
Pkt 208 800 0.26 1
Pkt 195 750 0.26 1
Node 25 47 25.1794
Pkt 26 100 0.26 1
Pkt 50 192 0.260417 1
Node 59 70 21.9317
Pkt 84 320 0.2625 1
Pkt 98 375 0.261333 1
Rate:521.433
==========
==========85
5 0 2 24000
Node 33 68 24.7588
Pkt 39 150 0.26 1
Pkt 65 250 0.26 1
Node 64 62 18.4391
Pkt 98 375 0.261333 1
Pkt 78 300 0.26 1
Node 43 58 10.6301
Pkt 208 800 0.26 1
Pkt 208 800 0.26 1
Node 61 61 15.5563
Pkt 39 150 0.26 1
Pkt 63 240 0.2625 1
Node 33 62 20.8087
Pkt 84 320 0.2625 1
Pkt 125 480 0.260417 1
Rate:521.35
==========
==========86
5 0 2 24000
Node 59 51 9.05539
Pkt 33 125 0.264 1
Pkt 32 120 0.266667 1
Node 56 28 22.8035
Pkt 78 300 0.26 1
Pkt 98 375 0.261333 1
Node 43 31 20.2485
Pkt 208 800 0.26 1
Pkt 208 800 0.26 1
Node 64 50 14
Pkt 50 192 0.260417 1
Pkt 63 240 0.2625 1
Node 74 48 24.0832
Pkt 104 400 0.26 1
Pkt 78 300 0.26 1
Rate:522.983
==========
==========87
5 0 2 24000
Node 70 35 25
Pkt 42 160 0.2625 1
Pkt 26 100 0.26 1
Node 74 32 30
Pkt 84 320 0.2625 1
Pkt 104 400 0.26 1
Node 36 60 17.2047
Pkt 208 800 0.26 1
Pkt 195 750 0.26 1
Node 59 72 23.7697
Pkt 32 120 0.266667 1
Pkt 39 150 0.26 1
Node 48 53 3.60555
Pkt 78 300 0.26 1
Pkt 78 300 0.26 1
Rate:522.333
==========
==========88
5 0 2 24000
Node 44 59 10.8167
Pkt 50 192 0.260417 1
Pkt 39 150 0.26 1
Node 72 45 22.561
Pkt 78 300 0.26 1
Pkt 98 375 0.261333 1
Node 56 38 13.4164
Pkt 195 750 0.26 1
Pkt 208 800 0.26 1
Node 64 33 22.0227
Pkt 39 150 0.26 1
Pkt 42 160 0.2625 1
Node 32 26 30
Pkt 78 300 0.26 1
Pkt 78 300 0.26 1
Rate:520.85
==========
==========89
5 0 2 24000
Node 31 71 28.3196
Pkt 65 250 0.26 1
Pkt 32 120 0.266667 1
Node 57 59 11.4018
Pkt 98 375 0.261333 1
Pkt 98 375 0.261333 1
Node 49 60 10.0499
Pkt 195 750 0.26 1
Pkt 195 750 0.26 1
Node 67 60 19.7231
Pkt 33 125 0.264 1
Pkt 39 150 0.26 1
Node 64 74 27.7849
Pkt 104 400 0.26 1
Pkt 104 400 0.26 1
Rate:522.667
==========
==========90
5 0 2 24000
Node 58 39 13.6015
Pkt 52 200 0.26 1
Pkt 39 150 0.26 1
Node 39 52 11.1803
Pkt 78 300 0.26 1
Pkt 98 375 0.261333 1
Node 27 44 23.7697
Pkt 208 800 0.26 1
Pkt 195 750 0.26 1
Node 34 31 24.8395
Pkt 52 200 0.26 1
Pkt 33 125 0.264 1
Node 62 49 12.0416
Pkt 84 320 0.2625 1
Pkt 125 480 0.260417 1
Rate:521.65
==========
==========91
5 0 2 24000
Node 49 65 15.0333
Pkt 39 150 0.26 1
Pkt 63 240 0.2625 1
Node 58 35 17
Pkt 98 375 0.261333 1
Pkt 98 375 0.261333 1
Node 47 25 25.1794
Pkt 208 800 0.26 1
Pkt 195 750 0.26 1
Node 44 64 15.2315
Pkt 33 125 0.264 1
Pkt 50 192 0.260417 1
Node 50 66 16
Pkt 84 320 0.2625 1
Pkt 98 375 0.261333 1
Rate:522.683
==========
==========92
5 0 2 24000
Node 52 67 17.1172
Pkt 42 160 0.2625 1
Pkt 39 150 0.26 1
Node 52 68 18.1108
Pkt 78 300 0.26 1
Pkt 125 480 0.260417 1
Node 41 55 10.2956
Pkt 195 750 0.26 1
Pkt 208 800 0.26 1
Node 49 51 1.41421
Pkt 65 250 0.26 1
Pkt 50 192 0.260417 1
Node 58 57 10.6301
Pkt 84 320 0.2625 1
Pkt 104 400 0.26 1
Rate:521.167
==========
==========93
5 0 2 24000
Node 65 39 18.6011
Pkt 65 250 0.26 1
Pkt 65 250 0.26 1
Node 30 30 28.2843
Pkt 84 320 0.2625 1
Pkt 78 300 0.26 1
Node 57 35 16.5529
Pkt 208 800 0.26 1
Pkt 208 800 0.26 1
Node 36 43 15.6525
Pkt 33 125 0.264 1
Pkt 50 192 0.260417 1
Node 59 34 18.3576
Pkt 84 320 0.2625 1
Pkt 98 375 0.261333 1
Rate:522.15
==========
==========94
5 0 2 24000
Node 41 69 21.0238
Pkt 63 240 0.2625 1
Pkt 42 160 0.2625 1
Node 74 34 28.8444
Pkt 84 320 0.2625 1
Pkt 104 400 0.26 1
Node 46 28 22.3607
Pkt 208 800 0.26 1
Pkt 195 750 0.26 1
Node 47 43 7.61577
Pkt 33 125 0.264 1
Pkt 63 240 0.2625 1
Node 35 60 18.0278
Pkt 78 300 0.26 1
Pkt 98 375 0.261333 1
Rate:523.067
==========
==========95
5 0 2 24000
Node 59 32 20.1246
Pkt 33 125 0.264 1
Pkt 50 192 0.260417 1
Node 61 73 25.4951
Pkt 104 400 0.26 1
Pkt 78 300 0.26 1
Node 60 53 10.4403
Pkt 208 800 0.26 1
Pkt 195 750 0.26 1
Node 42 66 17.8885
Pkt 26 100 0.26 1
Pkt 42 160 0.2625 1
Node 39 59 14.2127
Pkt 78 300 0.26 1
Pkt 98 375 0.261333 1
Rate:521.65
==========
==========96
5 0 2 24000
Node 36 63 19.105
Pkt 26 100 0.26 1
Pkt 65 250 0.26 1
Node 50 57 7
Pkt 98 375 0.261333 1
Pkt 125 480 0.260417 1
Node 54 29 21.3776
Pkt 208 800 0.26 1
Pkt 195 750 0.26 1
Node 67 64 22.0227
Pkt 50 192 0.260417 1
Pkt 52 200 0.26 1
Node 36 39 17.8045
Pkt 125 480 0.260417 1
Pkt 104 400 0.26 1
Rate:520.517
==========
==========97
5 0 2 24000
Node 36 32 22.8035
Pkt 39 150 0.26 1
Pkt 39 150 0.26 1
Node 65 62 19.2094
Pkt 125 480 0.260417 1
Pkt 78 300 0.26 1
Node 58 73 24.3516
Pkt 208 800 0.26 1
Pkt 208 800 0.26 1
Node 42 26 25.2982
Pkt 33 125 0.264 1
Pkt 50 192 0.260417 1
Node 61 31 21.9545
Pkt 104 400 0.26 1
Pkt 125 480 0.260417 1
Rate:521.05
==========
==========98
5 0 2 24000
Node 69 59 21.0238
Pkt 39 150 0.26 1
Pkt 39 150 0.26 1
Node 25 40 26.9258
Pkt 104 400 0.26 1
Pkt 104 400 0.26 1
Node 51 25 25.02
Pkt 208 800 0.26 1
Pkt 208 800 0.26 1
Node 27 51 23.0217
Pkt 65 250 0.26 1
Pkt 33 125 0.264 1
Node 56 46 7.2111
Pkt 78 300 0.26 1
Pkt 125 480 0.260417 1
Rate:520.883
==========
==========99
