5 0 2 24000
Node 37 65 19.8494
Pkt 32 160 0.2 1
Pkt 24 120 0.2 1
Node 68 40 20.5913
Pkt 80 400 0.2 1
Pkt 75 375 0.2 1
Node 34 65 21.9317
Pkt 160 800 0.2 1
Pkt 160 800 0.2 1
Node 30 27 30.4795
Pkt 25 125 0.2 1
Pkt 50 250 0.2 1
Node 48 68 18.1108
Pkt 64 320 0.2 1
Pkt 60 300 0.2 1
Rate:400
==========
==========0
5 0 2 24000
Node 43 25 25.9615
Pkt 24 120 0.2 1
Pkt 20 100 0.2 1
Node 32 65 23.4307
Pkt 75 375 0.2 1
Pkt 75 375 0.2 1
Node 33 52 17.1172
Pkt 150 750 0.2 1
Pkt 160 800 0.2 1
Node 25 50 25
Pkt 20 100 0.2 1
Pkt 40 200 0.2 1
Node 40 55 11.1803
Pkt 64 320 0.2 1
Pkt 80 400 0.2 1
Rate:400
==========
==========1
5 0 2 24000
Node 40 62 15.6205
Pkt 40 200 0.2 1
Pkt 32 160 0.2 1
Node 30 57 21.1896
Pkt 80 400 0.2 1
Pkt 64 320 0.2 1
Node 61 41 14.2127
Pkt 160 800 0.2 1
Pkt 150 750 0.2 1
Node 52 37 13.1529
Pkt 40 200 0.2 1
Pkt 50 250 0.2 1
Node 55 71 21.587
Pkt 80 400 0.2 1
Pkt 60 300 0.2 1
Rate:400
==========
==========2
5 0 2 24000
Node 29 28 30.4138
Pkt 25 125 0.2 1
Pkt 48 240 0.2 1
Node 52 61 11.1803
Pkt 96 480 0.2 1
Pkt 75 375 0.2 1
Node 66 65 21.9317
Pkt 160 800 0.2 1
Pkt 160 800 0.2 1
Node 70 47 20.2237
Pkt 25 125 0.2 1
Pkt 39 192 0.203125 1
Node 54 69 19.4165
Pkt 60 300 0.2 1
Pkt 64 320 0.2 1
Rate:400.625
==========
==========3
5 0 2 24000
Node 54 65 15.5242
Pkt 48 240 0.2 1
Pkt 50 250 0.2 1
Node 28 68 28.4253
Pkt 96 480 0.2 1
Pkt 75 375 0.2 1
Node 64 51 14.0357
Pkt 160 800 0.2 1
Pkt 150 750 0.2 1
Node 32 55 18.6815
Pkt 24 120 0.2 1
Pkt 50 250 0.2 1
Node 32 26 30
Pkt 64 320 0.2 1
Pkt 64 320 0.2 1
Rate:400
==========
==========4
5 0 2 24000
Node 34 45 16.7631
Pkt 20 100 0.2 1
Pkt 48 240 0.2 1
Node 48 64 14.1421
Pkt 75 375 0.2 1
Pkt 60 300 0.2 1
Node 55 60 11.1803
Pkt 150 750 0.2 1
Pkt 150 750 0.2 1
Node 67 53 17.2627
Pkt 39 192 0.203125 1
Pkt 39 192 0.203125 1
Node 53 69 19.2354
Pkt 64 320 0.2 1
Pkt 96 480 0.2 1
Rate:401.25
==========
==========5
5 0 2 24000
Node 55 34 16.7631
Pkt 25 125 0.2 1
Pkt 39 192 0.203125 1
Node 28 36 26.0768
Pkt 80 400 0.2 1
Pkt 64 320 0.2 1
Node 58 29 22.4722
Pkt 160 800 0.2 1
Pkt 160 800 0.2 1
Node 46 55 6.40312
Pkt 39 192 0.203125 1
Pkt 48 240 0.2 1
Node 56 61 12.53
Pkt 60 300 0.2 1
Pkt 96 480 0.2 1
Rate:401.25
==========
==========6
5 0 2 24000
Node 33 74 29.4109
Pkt 20 100 0.2 1
Pkt 32 160 0.2 1
Node 71 54 21.3776
Pkt 60 300 0.2 1
Pkt 60 300 0.2 1
Node 39 32 21.095
Pkt 150 750 0.2 1
Pkt 150 750 0.2 1
Node 25 64 28.6531
Pkt 39 192 0.203125 1
Pkt 24 120 0.2 1
Node 54 45 6.40312
Pkt 75 375 0.2 1
Pkt 75 375 0.2 1
Rate:400.625
==========
==========7
5 0 2 24000
Node 40 40 14.1421
Pkt 25 125 0.2 1
Pkt 48 240 0.2 1
Node 61 72 24.5967
Pkt 96 480 0.2 1
Pkt 80 400 0.2 1
Node 70 30 28.2843
Pkt 150 750 0.2 1
Pkt 150 750 0.2 1
Node 38 48 12.1655
Pkt 25 125 0.2 1
Pkt 32 160 0.2 1
Node 39 65 18.6011
Pkt 60 300 0.2 1
Pkt 64 320 0.2 1
Rate:400
==========
==========8
5 0 2 24000
Node 57 70 21.1896
Pkt 30 150 0.2 1
Pkt 25 125 0.2 1
Node 47 54 5
Pkt 96 480 0.2 1
Pkt 96 480 0.2 1
Node 32 61 21.095
Pkt 160 800 0.2 1
Pkt 160 800 0.2 1
Node 61 35 18.6011
Pkt 48 240 0.2 1
Pkt 30 150 0.2 1
Node 73 61 25.4951
Pkt 80 400 0.2 1
Pkt 96 480 0.2 1
Rate:400
==========
==========9
5 0 2 24000
Node 44 26 24.7386
Pkt 24 120 0.2 1
Pkt 20 100 0.2 1
Node 40 64 17.2047
Pkt 60 300 0.2 1
Pkt 75 375 0.2 1
Node 46 54 5.65685
Pkt 160 800 0.2 1
Pkt 160 800 0.2 1
Node 57 32 19.3132
Pkt 24 120 0.2 1
Pkt 39 192 0.203125 1
Node 29 62 24.1868
Pkt 80 400 0.2 1
Pkt 60 300 0.2 1
Rate:400.625
==========
==========10
5 0 2 24000
Node 71 71 29.6985
Pkt 50 250 0.2 1
Pkt 24 120 0.2 1
Node 46 48 4.47214
Pkt 96 480 0.2 1
Pkt 75 375 0.2 1
Node 25 68 30.8058
Pkt 160 800 0.2 1
Pkt 160 800 0.2 1
Node 30 26 31.241
Pkt 20 100 0.2 1
Pkt 24 120 0.2 1
Node 49 72 22.0227
Pkt 96 480 0.2 1
Pkt 75 375 0.2 1
Rate:400
==========
==========11
5 0 2 24000
Node 34 48 16.1245
Pkt 32 160 0.2 1
Pkt 40 200 0.2 1
Node 33 64 22.0227
Pkt 60 300 0.2 1
Pkt 60 300 0.2 1
Node 57 63 14.7648
Pkt 160 800 0.2 1
Pkt 160 800 0.2 1
Node 28 43 23.0868
Pkt 39 192 0.203125 1
Pkt 25 125 0.2 1
Node 27 66 28.0179
Pkt 64 320 0.2 1
Pkt 75 375 0.2 1
Rate:400.625
==========
==========12
5 0 2 24000
Node 49 59 9.05539
Pkt 25 125 0.2 1
Pkt 24 120 0.2 1
Node 47 30 20.2237
Pkt 64 320 0.2 1
Pkt 80 400 0.2 1
Node 32 71 27.6586
Pkt 160 800 0.2 1
Pkt 150 750 0.2 1
Node 38 59 15
Pkt 40 200 0.2 1
Pkt 32 160 0.2 1
Node 31 66 24.8395
Pkt 60 300 0.2 1
Pkt 96 480 0.2 1
Rate:400
==========
==========13
5 0 2 24000
Node 74 63 27.2947
Pkt 50 250 0.2 1
Pkt 20 100 0.2 1
Node 31 45 19.6469
Pkt 75 375 0.2 1
Pkt 64 320 0.2 1
Node 53 30 20.2237
Pkt 160 800 0.2 1
Pkt 150 750 0.2 1
Node 57 29 22.1359
Pkt 50 250 0.2 1
Pkt 20 100 0.2 1
Node 70 27 30.4795
Pkt 80 400 0.2 1
Pkt 80 400 0.2 1
Rate:400
==========
==========14
5 0 2 24000
Node 68 52 18.1108
Pkt 32 160 0.2 1
Pkt 30 150 0.2 1
Node 71 41 22.8473
Pkt 75 375 0.2 1
Pkt 80 400 0.2 1
Node 28 64 26.0768
Pkt 150 750 0.2 1
Pkt 150 750 0.2 1
Node 61 56 12.53
Pkt 48 240 0.2 1
Pkt 25 125 0.2 1
Node 74 65 28.3019
Pkt 96 480 0.2 1
Pkt 80 400 0.2 1
Rate:400
==========
==========15
5 0 2 24000
Node 39 50 11
Pkt 25 125 0.2 1
Pkt 32 160 0.2 1
Node 67 51 17.0294
Pkt 75 375 0.2 1
Pkt 60 300 0.2 1
Node 61 58 13.6015
Pkt 160 800 0.2 1
Pkt 160 800 0.2 1
Node 67 38 20.8087
Pkt 39 192 0.203125 1
Pkt 40 200 0.2 1
Node 32 58 19.6977
Pkt 60 300 0.2 1
Pkt 80 400 0.2 1
Rate:400.625
==========
==========16
5 0 2 24000
Node 66 47 16.2788
Pkt 20 100 0.2 1
Pkt 25 125 0.2 1
Node 31 26 30.6105
Pkt 96 480 0.2 1
Pkt 60 300 0.2 1
Node 69 74 30.6105
Pkt 150 750 0.2 1
Pkt 160 800 0.2 1
Node 68 37 22.2036
Pkt 24 120 0.2 1
Pkt 39 192 0.203125 1
Node 62 63 17.6918
Pkt 80 400 0.2 1
Pkt 80 400 0.2 1
Rate:400.625
==========
==========17
5 0 2 24000
Node 67 46 17.4642
Pkt 39 192 0.203125 1
Pkt 30 150 0.2 1
Node 71 34 26.4008
Pkt 96 480 0.2 1
Pkt 96 480 0.2 1
Node 33 64 22.0227
Pkt 160 800 0.2 1
Pkt 150 750 0.2 1
Node 49 25 25.02
Pkt 50 250 0.2 1
Pkt 25 125 0.2 1
Node 54 49 4.12311
Pkt 60 300 0.2 1
Pkt 64 320 0.2 1
Rate:400.625
==========
==========18
5 0 2 24000
Node 66 71 26.4008
Pkt 40 200 0.2 1
Pkt 32 160 0.2 1
Node 66 35 21.9317
Pkt 96 480 0.2 1
Pkt 96 480 0.2 1
Node 30 28 29.7321
Pkt 160 800 0.2 1
Pkt 150 750 0.2 1
Node 40 54 10.7703
Pkt 24 120 0.2 1
Pkt 25 125 0.2 1
Node 41 33 19.2354
Pkt 96 480 0.2 1
Pkt 75 375 0.2 1
Rate:400
==========
==========19
5 0 2 24000
Node 61 38 16.2788
Pkt 20 100 0.2 1
Pkt 48 240 0.2 1
Node 55 34 16.7631
Pkt 96 480 0.2 1
Pkt 60 300 0.2 1
Node 25 38 27.7308
Pkt 160 800 0.2 1
Pkt 150 750 0.2 1
Node 42 41 12.0416
Pkt 25 125 0.2 1
Pkt 24 120 0.2 1
Node 70 60 22.3607
Pkt 64 320 0.2 1
Pkt 80 400 0.2 1
Rate:400
==========
==========20
5 0 2 24000
Node 28 49 22.0227
Pkt 24 120 0.2 1
Pkt 50 250 0.2 1
Node 55 47 5.83095
Pkt 75 375 0.2 1
Pkt 60 300 0.2 1
Node 35 32 23.4307
Pkt 150 750 0.2 1
Pkt 160 800 0.2 1
Node 44 53 6.7082
Pkt 20 100 0.2 1
Pkt 25 125 0.2 1
Node 60 47 10.4403
Pkt 60 300 0.2 1
Pkt 60 300 0.2 1
Rate:400
==========
==========21
5 0 2 24000
Node 43 40 12.2066
Pkt 39 192 0.203125 1
Pkt 30 150 0.2 1
Node 71 29 29.6985
Pkt 96 480 0.2 1
Pkt 80 400 0.2 1
Node 59 41 12.7279
Pkt 160 800 0.2 1
Pkt 160 800 0.2 1
Node 42 72 23.4094
Pkt 40 200 0.2 1
Pkt 48 240 0.2 1
Node 32 30 26.9072
Pkt 64 320 0.2 1
Pkt 75 375 0.2 1
Rate:400.625
==========
==========22
5 0 2 24000
Node 56 66 17.088
Pkt 20 100 0.2 1
Pkt 48 240 0.2 1
Node 51 38 12.0416
Pkt 60 300 0.2 1
Pkt 96 480 0.2 1
Node 26 70 31.241
Pkt 150 750 0.2 1
Pkt 160 800 0.2 1
Node 54 54 5.65685
Pkt 48 240 0.2 1
Pkt 25 125 0.2 1
Node 31 64 23.6008
Pkt 60 300 0.2 1
Pkt 80 400 0.2 1
Rate:400
==========
==========23
5 0 2 24000
Node 44 27 23.7697
Pkt 24 120 0.2 1
Pkt 24 120 0.2 1
Node 66 42 17.8885
Pkt 80 400 0.2 1
Pkt 60 300 0.2 1
Node 37 43 14.7648
Pkt 160 800 0.2 1
Pkt 150 750 0.2 1
Node 63 40 16.4012
Pkt 25 125 0.2 1
Pkt 39 192 0.203125 1
Node 68 72 28.4253
Pkt 64 320 0.2 1
Pkt 80 400 0.2 1
Rate:400.625
==========
==========24
5 0 2 24000
Node 45 47 5.83095
Pkt 20 100 0.2 1
Pkt 40 200 0.2 1
Node 43 39 13.0384
Pkt 60 300 0.2 1
Pkt 80 400 0.2 1
Node 30 55 20.6155
Pkt 160 800 0.2 1
Pkt 150 750 0.2 1
Node 46 71 21.3776
Pkt 50 250 0.2 1
Pkt 50 250 0.2 1
Node 49 49 1.41421
Pkt 96 480 0.2 1
Pkt 96 480 0.2 1
Rate:400
==========
==========25
5 0 2 24000
Node 63 58 15.2643
Pkt 40 200 0.2 1
Pkt 48 240 0.2 1
Node 46 27 23.3452
Pkt 60 300 0.2 1
Pkt 75 375 0.2 1
Node 54 68 18.4391
Pkt 150 750 0.2 1
Pkt 150 750 0.2 1
Node 58 47 8.544
Pkt 24 120 0.2 1
Pkt 20 100 0.2 1
Node 64 32 22.8035
Pkt 75 375 0.2 1
Pkt 60 300 0.2 1
Rate:400
==========
==========26
5 0 2 24000
Node 55 28 22.561
Pkt 39 192 0.203125 1
Pkt 24 120 0.2 1
Node 32 39 21.095
Pkt 80 400 0.2 1
Pkt 96 480 0.2 1
Node 36 53 14.3178
Pkt 160 800 0.2 1
Pkt 150 750 0.2 1
Node 67 42 18.7883
Pkt 32 160 0.2 1
Pkt 24 120 0.2 1
Node 31 33 25.4951
Pkt 96 480 0.2 1
Pkt 64 320 0.2 1
Rate:400.625
==========
==========27
5 0 2 24000
Node 30 43 21.1896
Pkt 25 125 0.2 1
Pkt 30 150 0.2 1
Node 71 70 29
Pkt 75 375 0.2 1
Pkt 60 300 0.2 1
Node 37 36 19.105
Pkt 150 750 0.2 1
Pkt 160 800 0.2 1
Node 58 63 15.2643
Pkt 20 100 0.2 1
Pkt 39 192 0.203125 1
Node 55 38 13
Pkt 75 375 0.2 1
Pkt 75 375 0.2 1
Rate:400.625
==========
==========28
5 0 2 24000
Node 68 73 29.2062
Pkt 32 160 0.2 1
Pkt 32 160 0.2 1
Node 29 48 21.095
Pkt 75 375 0.2 1
Pkt 64 320 0.2 1
Node 64 35 20.5183
Pkt 150 750 0.2 1
Pkt 160 800 0.2 1
Node 66 64 21.2603
Pkt 25 125 0.2 1
Pkt 50 250 0.2 1
Node 34 58 17.8885
Pkt 60 300 0.2 1
Pkt 60 300 0.2 1
Rate:400
==========
==========29
5 0 2 24000
Node 28 69 29.0689
Pkt 39 192 0.203125 1
Pkt 48 240 0.2 1
Node 48 49 2.23607
Pkt 80 400 0.2 1
Pkt 80 400 0.2 1
Node 49 44 6.08276
Pkt 160 800 0.2 1
Pkt 150 750 0.2 1
Node 72 52 22.0907
Pkt 48 240 0.2 1
Pkt 24 120 0.2 1
Node 32 44 18.9737
Pkt 80 400 0.2 1
Pkt 96 480 0.2 1
Rate:400.625
==========
==========30
5 0 2 24000
Node 45 73 23.5372
Pkt 24 120 0.2 1
Pkt 30 150 0.2 1
Node 27 48 23.0868
Pkt 75 375 0.2 1
Pkt 96 480 0.2 1
Node 29 29 29.6985
Pkt 150 750 0.2 1
Pkt 150 750 0.2 1
Node 63 53 13.3417
Pkt 32 160 0.2 1
Pkt 25 125 0.2 1
Node 64 28 26.0768
Pkt 80 400 0.2 1
Pkt 96 480 0.2 1
Rate:400
==========
==========31
5 0 2 24000
Node 61 50 11
Pkt 39 192 0.203125 1
Pkt 20 100 0.2 1
Node 37 31 23.0217
Pkt 60 300 0.2 1
Pkt 80 400 0.2 1
Node 39 54 11.7047
Pkt 160 800 0.2 1
Pkt 150 750 0.2 1
Node 63 30 23.8537
Pkt 40 200 0.2 1
Pkt 30 150 0.2 1
Node 54 27 23.3452
Pkt 64 320 0.2 1
Pkt 80 400 0.2 1
Rate:400.625
==========
==========32
5 0 2 24000
Node 63 72 25.5539
Pkt 40 200 0.2 1
Pkt 50 250 0.2 1
Node 38 41 15
Pkt 75 375 0.2 1
Pkt 80 400 0.2 1
Node 43 36 15.6525
Pkt 160 800 0.2 1
Pkt 150 750 0.2 1
Node 53 42 8.544
Pkt 20 100 0.2 1
Pkt 20 100 0.2 1
Node 73 56 23.7697
Pkt 60 300 0.2 1
Pkt 60 300 0.2 1
Rate:400
==========
==========33
5 0 2 24000
Node 59 71 22.8473
Pkt 50 250 0.2 1
Pkt 48 240 0.2 1
Node 25 51 25.02
Pkt 80 400 0.2 1
Pkt 96 480 0.2 1
Node 47 68 18.2483
Pkt 160 800 0.2 1
Pkt 160 800 0.2 1
Node 57 64 15.6525
Pkt 20 100 0.2 1
Pkt 20 100 0.2 1
Node 37 59 15.8114
Pkt 64 320 0.2 1
Pkt 75 375 0.2 1
Rate:400
==========
==========34
5 0 2 24000
Node 62 68 21.6333
Pkt 25 125 0.2 1
Pkt 25 125 0.2 1
Node 32 68 25.4558
Pkt 60 300 0.2 1
Pkt 60 300 0.2 1
Node 32 63 22.2036
Pkt 150 750 0.2 1
Pkt 160 800 0.2 1
Node 33 65 22.6716
Pkt 48 240 0.2 1
Pkt 39 192 0.203125 1
Node 26 43 25
Pkt 60 300 0.2 1
Pkt 64 320 0.2 1
Rate:400.625
==========
==========35
5 0 2 24000
Node 48 60 10.198
Pkt 32 160 0.2 1
Pkt 50 250 0.2 1
Node 42 55 9.43398
Pkt 60 300 0.2 1
Pkt 80 400 0.2 1
Node 39 58 13.6015
Pkt 150 750 0.2 1
Pkt 160 800 0.2 1
Node 45 56 7.81025
Pkt 24 120 0.2 1
Pkt 39 192 0.203125 1
Node 65 44 16.1555
Pkt 60 300 0.2 1
Pkt 64 320 0.2 1
Rate:400.625
==========
==========36
5 0 2 24000
Node 41 42 12.0416
Pkt 32 160 0.2 1
Pkt 24 120 0.2 1
Node 39 71 23.7065
Pkt 96 480 0.2 1
Pkt 64 320 0.2 1
Node 64 43 15.6525
Pkt 160 800 0.2 1
Pkt 150 750 0.2 1
Node 56 31 19.9249
Pkt 39 192 0.203125 1
Pkt 48 240 0.2 1
Node 72 42 23.4094
Pkt 96 480 0.2 1
Pkt 80 400 0.2 1
Rate:400.625
==========
==========37
5 0 2 24000
Node 35 35 21.2132
Pkt 50 250 0.2 1
Pkt 25 125 0.2 1
Node 28 59 23.7697
Pkt 80 400 0.2 1
Pkt 75 375 0.2 1
Node 38 55 13
Pkt 150 750 0.2 1
Pkt 160 800 0.2 1
Node 49 34 16.0312
Pkt 50 250 0.2 1
Pkt 30 150 0.2 1
Node 73 50 23
Pkt 80 400 0.2 1
Pkt 80 400 0.2 1
Rate:400
==========
==========38
5 0 2 24000
Node 35 62 19.2094
Pkt 24 120 0.2 1
Pkt 25 125 0.2 1
Node 32 40 20.5913
Pkt 80 400 0.2 1
Pkt 96 480 0.2 1
Node 44 64 15.2315
Pkt 160 800 0.2 1
Pkt 150 750 0.2 1
Node 40 39 14.8661
Pkt 50 250 0.2 1
Pkt 40 200 0.2 1
Node 65 47 15.2971
Pkt 60 300 0.2 1
Pkt 80 400 0.2 1
Rate:400
==========
==========39
5 0 2 24000
Node 42 56 10
Pkt 50 250 0.2 1
Pkt 40 200 0.2 1
Node 70 44 20.8806
Pkt 64 320 0.2 1
Pkt 96 480 0.2 1
Node 67 50 17
Pkt 150 750 0.2 1
Pkt 150 750 0.2 1
Node 41 38 15
Pkt 39 192 0.203125 1
Pkt 24 120 0.2 1
Node 28 59 23.7697
Pkt 80 400 0.2 1
Pkt 60 300 0.2 1
Rate:400.625
==========
==========40
5 0 2 24000
Node 61 36 17.8045
Pkt 39 192 0.203125 1
Pkt 50 250 0.2 1
Node 52 46 4.47214
Pkt 75 375 0.2 1
Pkt 75 375 0.2 1
Node 27 71 31.1448
Pkt 160 800 0.2 1
Pkt 160 800 0.2 1
Node 70 38 23.3238
Pkt 20 100 0.2 1
Pkt 20 100 0.2 1
Node 34 42 17.8885
Pkt 64 320 0.2 1
Pkt 75 375 0.2 1
Rate:400.625
==========
==========41
5 0 2 24000
Node 43 51 7.07107
Pkt 40 200 0.2 1
Pkt 48 240 0.2 1
Node 34 40 18.868
Pkt 96 480 0.2 1
Pkt 80 400 0.2 1
Node 42 43 10.6301
Pkt 160 800 0.2 1
Pkt 160 800 0.2 1
Node 49 70 20.025
Pkt 24 120 0.2 1
Pkt 50 250 0.2 1
Node 74 36 27.7849
Pkt 96 480 0.2 1
Pkt 80 400 0.2 1
Rate:400
==========
==========42
5 0 2 24000
Node 49 50 1
Pkt 30 150 0.2 1
Pkt 25 125 0.2 1
Node 41 67 19.2354
Pkt 75 375 0.2 1
Pkt 80 400 0.2 1
Node 57 64 15.6525
Pkt 160 800 0.2 1
Pkt 160 800 0.2 1
Node 41 70 21.9317
Pkt 25 125 0.2 1
Pkt 30 150 0.2 1
Node 40 31 21.4709
Pkt 80 400 0.2 1
Pkt 60 300 0.2 1
Rate:400
==========
==========43
5 0 2 24000
Node 42 65 17
Pkt 39 192 0.203125 1
Pkt 48 240 0.2 1
Node 48 26 24.0832
Pkt 60 300 0.2 1
Pkt 64 320 0.2 1
Node 41 30 21.9317
Pkt 150 750 0.2 1
Pkt 150 750 0.2 1
Node 70 33 26.2488
Pkt 32 160 0.2 1
Pkt 39 192 0.203125 1
Node 70 43 21.1896
Pkt 96 480 0.2 1
Pkt 75 375 0.2 1
Rate:401.25
==========
==========44
5 0 2 24000
Node 26 30 31.241
Pkt 20 100 0.2 1
Pkt 50 250 0.2 1
Node 69 56 19.9249
Pkt 64 320 0.2 1
Pkt 75 375 0.2 1
Node 31 42 20.6155
Pkt 150 750 0.2 1
Pkt 150 750 0.2 1
Node 31 44 19.9249
Pkt 20 100 0.2 1
Pkt 24 120 0.2 1
Node 25 29 32.6497
Pkt 80 400 0.2 1
Pkt 64 320 0.2 1
Rate:400
==========
==========45
5 0 2 24000
Node 54 43 8.06226
Pkt 24 120 0.2 1
Pkt 39 192 0.203125 1
Node 42 57 10.6301
Pkt 80 400 0.2 1
Pkt 75 375 0.2 1
Node 31 25 31.4006
Pkt 150 750 0.2 1
Pkt 160 800 0.2 1
Node 54 44 7.2111
Pkt 32 160 0.2 1
Pkt 40 200 0.2 1
Node 39 54 11.7047
Pkt 96 480 0.2 1
Pkt 75 375 0.2 1
Rate:400.625
==========
==========46
5 0 2 24000
Node 47 72 22.2036
Pkt 20 100 0.2 1
Pkt 32 160 0.2 1
Node 34 31 24.8395
Pkt 96 480 0.2 1
Pkt 75 375 0.2 1
Node 62 71 24.1868
Pkt 160 800 0.2 1
Pkt 160 800 0.2 1
Node 41 34 18.3576
Pkt 39 192 0.203125 1
Pkt 20 100 0.2 1
Node 50 58 8
Pkt 80 400 0.2 1
Pkt 75 375 0.2 1
Rate:400.625
==========
==========47
5 0 2 24000
Node 38 31 22.4722
Pkt 20 100 0.2 1
Pkt 20 100 0.2 1
Node 26 29 31.8904
Pkt 60 300 0.2 1
Pkt 75 375 0.2 1
Node 63 45 13.9284
Pkt 150 750 0.2 1
Pkt 160 800 0.2 1
Node 40 68 20.5913
Pkt 25 125 0.2 1
Pkt 30 150 0.2 1
Node 67 35 22.6716
Pkt 75 375 0.2 1
Pkt 80 400 0.2 1
Rate:400
==========
==========48
5 0 2 24000
Node 62 69 22.4722
Pkt 50 250 0.2 1
Pkt 30 150 0.2 1
Node 36 73 26.9258
Pkt 80 400 0.2 1
Pkt 80 400 0.2 1
Node 60 57 12.2066
Pkt 160 800 0.2 1
Pkt 150 750 0.2 1
Node 67 57 18.3848
Pkt 40 200 0.2 1
Pkt 25 125 0.2 1
Node 58 55 9.43398
Pkt 64 320 0.2 1
Pkt 64 320 0.2 1
Rate:400
==========
==========49
5 0 2 24000
Node 63 50 13
Pkt 20 100 0.2 1
Pkt 39 192 0.203125 1
Node 56 49 6.08276
Pkt 64 320 0.2 1
Pkt 64 320 0.2 1
Node 33 60 19.7231
Pkt 160 800 0.2 1
Pkt 160 800 0.2 1
Node 42 51 8.06226
Pkt 50 250 0.2 1
Pkt 25 125 0.2 1
Node 65 66 21.9317
Pkt 75 375 0.2 1
Pkt 80 400 0.2 1
Rate:400.625
==========
==========50
5 0 2 24000
Node 43 26 25
Pkt 24 120 0.2 1
Pkt 24 120 0.2 1
Node 37 62 17.6918
Pkt 96 480 0.2 1
Pkt 60 300 0.2 1
Node 57 70 21.1896
Pkt 160 800 0.2 1
Pkt 160 800 0.2 1
Node 28 60 24.1661
Pkt 39 192 0.203125 1
Pkt 40 200 0.2 1
Node 27 39 25.4951
Pkt 60 300 0.2 1
Pkt 64 320 0.2 1
Rate:400.625
==========
==========51
5 0 2 24000
Node 49 46 4.12311
Pkt 40 200 0.2 1
Pkt 32 160 0.2 1
Node 64 68 22.8035
Pkt 64 320 0.2 1
Pkt 80 400 0.2 1
Node 27 38 25.9422
Pkt 160 800 0.2 1
Pkt 150 750 0.2 1
Node 52 65 15.1327
Pkt 48 240 0.2 1
Pkt 40 200 0.2 1
Node 60 53 10.4403
Pkt 75 375 0.2 1
Pkt 75 375 0.2 1
Rate:400
==========
==========52
5 0 2 24000
Node 74 30 31.241
Pkt 20 100 0.2 1
Pkt 32 160 0.2 1
Node 66 30 25.6125
Pkt 96 480 0.2 1
Pkt 75 375 0.2 1
Node 45 48 5.38516
Pkt 160 800 0.2 1
Pkt 160 800 0.2 1
Node 37 32 22.2036
Pkt 30 150 0.2 1
Pkt 50 250 0.2 1
Node 61 50 11
Pkt 96 480 0.2 1
Pkt 75 375 0.2 1
Rate:400
==========
==========53
5 0 2 24000
Node 40 64 17.2047
Pkt 39 192 0.203125 1
Pkt 30 150 0.2 1
Node 57 60 12.2066
Pkt 75 375 0.2 1
Pkt 60 300 0.2 1
Node 56 52 6.32456
Pkt 150 750 0.2 1
Pkt 160 800 0.2 1
Node 66 46 16.4924
Pkt 24 120 0.2 1
Pkt 25 125 0.2 1
Node 33 71 27.0185
Pkt 96 480 0.2 1
Pkt 64 320 0.2 1
Rate:400.625
==========
==========54
5 0 2 24000
Node 50 63 13
Pkt 20 100 0.2 1
Pkt 32 160 0.2 1
Node 68 34 24.0832
Pkt 75 375 0.2 1
Pkt 75 375 0.2 1
Node 28 70 29.7321
Pkt 150 750 0.2 1
Pkt 150 750 0.2 1
Node 56 37 14.3178
Pkt 48 240 0.2 1
Pkt 25 125 0.2 1
Node 32 60 20.5913
Pkt 80 400 0.2 1
Pkt 64 320 0.2 1
Rate:400
==========
==========55
5 0 2 24000
Node 71 37 24.6982
Pkt 50 250 0.2 1
Pkt 24 120 0.2 1
Node 28 49 22.0227
Pkt 64 320 0.2 1
Pkt 60 300 0.2 1
Node 29 25 32.6497
Pkt 150 750 0.2 1
Pkt 150 750 0.2 1
Node 29 47 21.2132
Pkt 48 240 0.2 1
Pkt 20 100 0.2 1
Node 64 46 14.5602
Pkt 75 375 0.2 1
Pkt 60 300 0.2 1
Rate:400
==========
==========56
5 0 2 24000
Node 25 48 25.0799
Pkt 50 250 0.2 1
Pkt 25 125 0.2 1
Node 71 34 26.4008
Pkt 96 480 0.2 1
Pkt 64 320 0.2 1
Node 59 50 9
Pkt 150 750 0.2 1
Pkt 160 800 0.2 1
Node 51 49 1.41421
Pkt 39 192 0.203125 1
Pkt 30 150 0.2 1
Node 40 33 19.7231
Pkt 60 300 0.2 1
Pkt 96 480 0.2 1
Rate:400.625
==========
==========57
5 0 2 24000
Node 65 70 25
Pkt 48 240 0.2 1
Pkt 32 160 0.2 1
Node 32 57 19.3132
Pkt 64 320 0.2 1
Pkt 75 375 0.2 1
Node 41 53 9.48683
Pkt 160 800 0.2 1
Pkt 150 750 0.2 1
Node 25 55 25.4951
Pkt 32 160 0.2 1
Pkt 50 250 0.2 1
Node 34 70 25.6125
Pkt 75 375 0.2 1
Pkt 75 375 0.2 1
Rate:400
==========
==========58
5 0 2 24000
Node 61 71 23.7065
Pkt 32 160 0.2 1
Pkt 30 150 0.2 1
Node 29 46 21.3776
Pkt 75 375 0.2 1
Pkt 75 375 0.2 1
Node 53 36 14.3178
Pkt 150 750 0.2 1
Pkt 150 750 0.2 1
Node 50 44 6
Pkt 48 240 0.2 1
Pkt 24 120 0.2 1
Node 33 50 17
Pkt 80 400 0.2 1
Pkt 96 480 0.2 1
Rate:400
==========
==========59
5 0 2 24000
Node 35 68 23.4307
Pkt 30 150 0.2 1
Pkt 30 150 0.2 1
Node 59 25 26.5707
Pkt 96 480 0.2 1
Pkt 64 320 0.2 1
Node 64 70 24.4131
Pkt 150 750 0.2 1
Pkt 150 750 0.2 1
Node 54 63 13.6015
Pkt 20 100 0.2 1
Pkt 50 250 0.2 1
Node 38 71 24.1868
Pkt 64 320 0.2 1
Pkt 64 320 0.2 1
Rate:400
==========
==========60
5 0 2 24000
Node 46 64 14.5602
Pkt 40 200 0.2 1
Pkt 50 250 0.2 1
Node 30 65 25
Pkt 60 300 0.2 1
Pkt 96 480 0.2 1
Node 52 68 18.1108
Pkt 150 750 0.2 1
Pkt 160 800 0.2 1
Node 74 54 24.3311
Pkt 24 120 0.2 1
Pkt 30 150 0.2 1
Node 33 68 24.7588
Pkt 64 320 0.2 1
Pkt 64 320 0.2 1
Rate:400
==========
==========61
5 0 2 24000
Node 26 69 30.6105
Pkt 32 160 0.2 1
Pkt 25 125 0.2 1
Node 27 56 23.7697
Pkt 60 300 0.2 1
Pkt 64 320 0.2 1
Node 68 70 26.9072
Pkt 150 750 0.2 1
Pkt 150 750 0.2 1
Node 69 37 23.0217
Pkt 39 192 0.203125 1
Pkt 25 125 0.2 1
Node 57 50 7
Pkt 60 300 0.2 1
Pkt 96 480 0.2 1
Rate:400.625
==========
==========62
5 0 2 24000
Node 26 44 24.7386
Pkt 40 200 0.2 1
Pkt 25 125 0.2 1
Node 65 32 23.4307
Pkt 64 320 0.2 1
Pkt 64 320 0.2 1
Node 35 52 15.1327
Pkt 150 750 0.2 1
Pkt 150 750 0.2 1
Node 53 51 3.16228
Pkt 30 150 0.2 1
Pkt 20 100 0.2 1
Node 31 37 23.0217
Pkt 96 480 0.2 1
Pkt 96 480 0.2 1
Rate:400
==========
==========63
5 0 2 24000
Node 60 61 14.8661
Pkt 20 100 0.2 1
Pkt 32 160 0.2 1
Node 63 73 26.4197
Pkt 96 480 0.2 1
Pkt 60 300 0.2 1
Node 53 53 4.24264
Pkt 160 800 0.2 1
Pkt 160 800 0.2 1
Node 51 48 2.23607
Pkt 40 200 0.2 1
Pkt 50 250 0.2 1
Node 41 55 10.2956
Pkt 80 400 0.2 1
Pkt 75 375 0.2 1
Rate:400
==========
==========64
5 0 2 24000
Node 73 27 32.5269
Pkt 48 240 0.2 1
Pkt 40 200 0.2 1
Node 36 34 21.2603
Pkt 80 400 0.2 1
Pkt 75 375 0.2 1
Node 25 41 26.5707
Pkt 150 750 0.2 1
Pkt 160 800 0.2 1
Node 62 34 20
Pkt 40 200 0.2 1
Pkt 39 192 0.203125 1
Node 57 30 21.1896
Pkt 80 400 0.2 1
Pkt 96 480 0.2 1
Rate:400.625
==========
==========65
5 0 2 24000
Node 46 54 5.65685
Pkt 40 200 0.2 1
Pkt 50 250 0.2 1
Node 73 61 25.4951
Pkt 96 480 0.2 1
Pkt 75 375 0.2 1
Node 50 34 16
Pkt 160 800 0.2 1
Pkt 160 800 0.2 1
Node 48 58 8.24621
Pkt 50 250 0.2 1
Pkt 20 100 0.2 1
Node 67 67 24.0416
Pkt 80 400 0.2 1
Pkt 80 400 0.2 1
Rate:400
==========
==========66
5 0 2 24000
Node 42 37 15.2643
Pkt 40 200 0.2 1
Pkt 32 160 0.2 1
Node 66 60 18.868
Pkt 80 400 0.2 1
Pkt 64 320 0.2 1
Node 50 72 22
Pkt 160 800 0.2 1
Pkt 150 750 0.2 1
Node 60 30 22.3607
Pkt 48 240 0.2 1
Pkt 24 120 0.2 1
Node 69 27 29.8329
Pkt 64 320 0.2 1
Pkt 60 300 0.2 1
Rate:400
==========
==========67
5 0 2 24000
Node 65 73 27.4591
Pkt 48 240 0.2 1
Pkt 40 200 0.2 1
Node 58 40 12.8062
Pkt 75 375 0.2 1
Pkt 60 300 0.2 1
Node 39 37 17.0294
Pkt 150 750 0.2 1
Pkt 150 750 0.2 1
Node 31 73 29.8329
Pkt 40 200 0.2 1
Pkt 48 240 0.2 1
Node 31 59 21.0238
Pkt 75 375 0.2 1
Pkt 75 375 0.2 1
Rate:400
==========
==========68
5 0 2 24000
Node 58 55 9.43398
Pkt 24 120 0.2 1
Pkt 32 160 0.2 1
Node 35 59 17.4929
Pkt 60 300 0.2 1
Pkt 75 375 0.2 1
Node 35 41 17.4929
Pkt 150 750 0.2 1
Pkt 160 800 0.2 1
Node 65 41 17.4929
Pkt 25 125 0.2 1
Pkt 32 160 0.2 1
Node 28 51 22.0227
Pkt 80 400 0.2 1
Pkt 75 375 0.2 1
Rate:400
==========
==========69
5 0 2 24000
Node 34 60 18.868
Pkt 30 150 0.2 1
Pkt 30 150 0.2 1
Node 31 30 27.5862
Pkt 96 480 0.2 1
Pkt 75 375 0.2 1
Node 68 30 26.9072
Pkt 160 800 0.2 1
Pkt 150 750 0.2 1
Node 57 28 23.0868
Pkt 48 240 0.2 1
Pkt 24 120 0.2 1
Node 72 49 22.0227
Pkt 75 375 0.2 1
Pkt 60 300 0.2 1
Rate:400
==========
==========70
5 0 2 24000
Node 27 41 24.6982
Pkt 24 120 0.2 1
Pkt 32 160 0.2 1
Node 67 46 17.4642
Pkt 96 480 0.2 1
Pkt 96 480 0.2 1
Node 41 67 19.2354
Pkt 160 800 0.2 1
Pkt 150 750 0.2 1
Node 64 58 16.1245
Pkt 32 160 0.2 1
Pkt 40 200 0.2 1
Node 34 36 21.2603
Pkt 60 300 0.2 1
Pkt 60 300 0.2 1
Rate:400
==========
==========71
5 0 2 24000
Node 65 57 16.5529
Pkt 24 120 0.2 1
Pkt 40 200 0.2 1
Node 68 55 18.6815
Pkt 80 400 0.2 1
Pkt 96 480 0.2 1
Node 29 58 22.4722
Pkt 150 750 0.2 1
Pkt 150 750 0.2 1
Node 58 60 12.8062
Pkt 39 192 0.203125 1
Pkt 39 192 0.203125 1
Node 34 57 17.4642
Pkt 75 375 0.2 1
Pkt 75 375 0.2 1
Rate:401.25
==========
==========72
5 0 2 24000
Node 27 36 26.9258
Pkt 39 192 0.203125 1
Pkt 48 240 0.2 1
Node 47 40 10.4403
Pkt 64 320 0.2 1
Pkt 60 300 0.2 1
Node 41 43 11.4018
Pkt 160 800 0.2 1
Pkt 150 750 0.2 1
Node 26 41 25.632
Pkt 39 192 0.203125 1
Pkt 48 240 0.2 1
Node 50 31 19
Pkt 64 320 0.2 1
Pkt 64 320 0.2 1
Rate:401.25
==========
==========73
5 0 2 24000
Node 33 63 21.4009
Pkt 24 120 0.2 1
Pkt 39 192 0.203125 1
Node 28 70 29.7321
Pkt 64 320 0.2 1
Pkt 75 375 0.2 1
Node 34 47 16.2788
Pkt 160 800 0.2 1
Pkt 160 800 0.2 1
Node 60 57 12.2066
Pkt 50 250 0.2 1
Pkt 50 250 0.2 1
Node 55 72 22.561
Pkt 60 300 0.2 1
Pkt 60 300 0.2 1
Rate:400.625
==========
==========74
5 0 2 24000
Node 41 71 22.8473
Pkt 24 120 0.2 1
Pkt 24 120 0.2 1
Node 43 65 16.5529
Pkt 64 320 0.2 1
Pkt 60 300 0.2 1
Node 73 47 23.1948
Pkt 160 800 0.2 1
Pkt 150 750 0.2 1
Node 72 40 24.1661
Pkt 25 125 0.2 1
Pkt 48 240 0.2 1
Node 33 54 17.4642
Pkt 80 400 0.2 1
Pkt 96 480 0.2 1
Rate:400
==========
==========75
5 0 2 24000
Node 28 39 24.5967
Pkt 30 150 0.2 1
Pkt 39 192 0.203125 1
Node 70 62 23.3238
Pkt 96 480 0.2 1
Pkt 60 300 0.2 1
Node 55 37 13.9284
Pkt 150 750 0.2 1
Pkt 160 800 0.2 1
Node 64 72 26.0768
Pkt 39 192 0.203125 1
Pkt 39 192 0.203125 1
Node 64 34 21.2603
Pkt 80 400 0.2 1
Pkt 80 400 0.2 1
Rate:401.875
==========
==========76
5 0 2 24000
Node 26 36 27.7849
Pkt 48 240 0.2 1
Pkt 24 120 0.2 1
Node 41 43 11.4018
Pkt 64 320 0.2 1
Pkt 75 375 0.2 1
Node 30 55 20.6155
Pkt 150 750 0.2 1
Pkt 160 800 0.2 1
Node 66 32 24.0832
Pkt 39 192 0.203125 1
Pkt 39 192 0.203125 1
Node 45 29 21.587
Pkt 80 400 0.2 1
Pkt 96 480 0.2 1
Rate:401.25
==========
==========77
5 0 2 24000
Node 37 46 13.6015
Pkt 20 100 0.2 1
Pkt 30 150 0.2 1
Node 59 35 17.4929
Pkt 96 480 0.2 1
Pkt 60 300 0.2 1
Node 35 55 15.8114
Pkt 160 800 0.2 1
Pkt 160 800 0.2 1
Node 64 41 16.6433
Pkt 39 192 0.203125 1
Pkt 50 250 0.2 1
Node 43 28 23.0868
Pkt 75 375 0.2 1
Pkt 64 320 0.2 1
Rate:400.625
==========
==========78
5 0 2 24000
Node 51 64 14.0357
Pkt 39 192 0.203125 1
Pkt 24 120 0.2 1
Node 64 26 27.7849
Pkt 60 300 0.2 1
Pkt 96 480 0.2 1
Node 36 54 14.5602
Pkt 160 800 0.2 1
Pkt 150 750 0.2 1
Node 73 53 23.1948
Pkt 40 200 0.2 1
Pkt 39 192 0.203125 1
Node 30 32 26.9072
Pkt 60 300 0.2 1
Pkt 64 320 0.2 1
Rate:401.25
==========
==========79
5 0 2 24000
Node 25 36 28.6531
Pkt 24 120 0.2 1
Pkt 48 240 0.2 1
Node 26 73 33.2415
Pkt 80 400 0.2 1
Pkt 60 300 0.2 1
Node 39 71 23.7065
Pkt 150 750 0.2 1
Pkt 160 800 0.2 1
Node 59 33 19.2354
Pkt 39 192 0.203125 1
Pkt 30 150 0.2 1
Node 62 46 12.6491
Pkt 80 400 0.2 1
Pkt 75 375 0.2 1
Rate:400.625
==========
==========80
5 0 2 24000
Node 44 65 16.1555
Pkt 40 200 0.2 1
Pkt 48 240 0.2 1
Node 70 66 25.6125
Pkt 60 300 0.2 1
Pkt 64 320 0.2 1
Node 74 44 24.7386
Pkt 150 750 0.2 1
Pkt 160 800 0.2 1
Node 38 49 12.0416
Pkt 24 120 0.2 1
Pkt 40 200 0.2 1
Node 36 47 14.3178
Pkt 80 400 0.2 1
Pkt 75 375 0.2 1
Rate:400
==========
==========81
5 0 2 24000
Node 34 36 21.2603
Pkt 20 100 0.2 1
Pkt 48 240 0.2 1
Node 60 73 25.0799
Pkt 60 300 0.2 1
Pkt 60 300 0.2 1
Node 43 27 24.0416
Pkt 150 750 0.2 1
Pkt 150 750 0.2 1
Node 67 30 26.2488
Pkt 39 192 0.203125 1
Pkt 30 150 0.2 1
Node 44 42 10
Pkt 80 400 0.2 1
Pkt 96 480 0.2 1
Rate:400.625
==========
==========82
5 0 2 24000
Node 58 50 8
Pkt 50 250 0.2 1
Pkt 40 200 0.2 1
Node 51 26 24.0208
Pkt 75 375 0.2 1
Pkt 64 320 0.2 1
Node 72 49 22.0227
Pkt 150 750 0.2 1
Pkt 150 750 0.2 1
Node 62 59 15
Pkt 30 150 0.2 1
Pkt 39 192 0.203125 1
Node 65 67 22.6716
Pkt 64 320 0.2 1
Pkt 64 320 0.2 1
Rate:400.625
==========
==========83
5 0 2 24000
Node 33 54 17.4642
Pkt 39 192 0.203125 1
Pkt 20 100 0.2 1
Node 55 50 5
Pkt 64 320 0.2 1
Pkt 96 480 0.2 1
Node 60 70 22.3607
Pkt 160 800 0.2 1
Pkt 150 750 0.2 1
Node 69 33 25.4951
Pkt 20 100 0.2 1
Pkt 40 200 0.2 1
Node 73 53 23.1948
Pkt 80 400 0.2 1
Pkt 96 480 0.2 1
Rate:400.625
==========
==========84
5 0 2 24000
Node 39 74 26.4008
Pkt 40 200 0.2 1
Pkt 39 192 0.203125 1
Node 48 74 24.0832
Pkt 60 300 0.2 1
Pkt 64 320 0.2 1
Node 61 48 11.1803
Pkt 160 800 0.2 1
Pkt 160 800 0.2 1
Node 72 33 27.8029
Pkt 40 200 0.2 1
Pkt 30 150 0.2 1
Node 72 28 31.1127
Pkt 80 400 0.2 1
Pkt 96 480 0.2 1
Rate:400.625
==========
==========85
5 0 2 24000
Node 55 56 7.81025
Pkt 39 192 0.203125 1
Pkt 24 120 0.2 1
Node 31 34 24.8395
Pkt 96 480 0.2 1
Pkt 75 375 0.2 1
Node 62 52 12.1655
Pkt 150 750 0.2 1
Pkt 150 750 0.2 1
Node 49 47 3.16228
Pkt 20 100 0.2 1
Pkt 30 150 0.2 1
Node 58 42 11.3137
Pkt 80 400 0.2 1
Pkt 75 375 0.2 1
Rate:400.625
==========
==========86
5 0 2 24000
Node 41 41 12.7279
Pkt 39 192 0.203125 1
Pkt 39 192 0.203125 1
Node 55 48 5.38516
Pkt 96 480 0.2 1
Pkt 96 480 0.2 1
Node 53 46 5
Pkt 150 750 0.2 1
Pkt 160 800 0.2 1
Node 33 27 28.6007
Pkt 32 160 0.2 1
Pkt 30 150 0.2 1
Node 42 69 20.6155
Pkt 80 400 0.2 1
Pkt 75 375 0.2 1
Rate:401.25
==========
==========87
5 0 2 24000
Node 62 28 25.0599
Pkt 50 250 0.2 1
Pkt 39 192 0.203125 1
Node 65 47 15.2971
Pkt 60 300 0.2 1
Pkt 80 400 0.2 1
Node 53 36 14.3178
Pkt 160 800 0.2 1
Pkt 150 750 0.2 1
Node 65 72 26.6271
Pkt 48 240 0.2 1
Pkt 25 125 0.2 1
Node 58 28 23.4094
Pkt 75 375 0.2 1
Pkt 96 480 0.2 1
Rate:400.625
==========
==========88
5 0 2 24000
Node 53 34 16.2788
Pkt 50 250 0.2 1
Pkt 48 240 0.2 1
Node 63 32 22.2036
Pkt 80 400 0.2 1
Pkt 64 320 0.2 1
Node 25 38 27.7308
Pkt 150 750 0.2 1
Pkt 160 800 0.2 1
Node 70 61 22.8254
Pkt 25 125 0.2 1
Pkt 50 250 0.2 1
Node 60 39 14.8661
Pkt 75 375 0.2 1
Pkt 80 400 0.2 1
Rate:400
==========
==========89
5 0 2 24000
Node 73 28 31.8277
Pkt 20 100 0.2 1
Pkt 39 192 0.203125 1
Node 60 42 12.8062
Pkt 80 400 0.2 1
Pkt 80 400 0.2 1
Node 26 47 24.1868
Pkt 160 800 0.2 1
Pkt 150 750 0.2 1
Node 65 29 25.807
Pkt 30 150 0.2 1
Pkt 50 250 0.2 1
Node 27 65 27.4591
Pkt 64 320 0.2 1
Pkt 64 320 0.2 1
Rate:400.625
==========
==========90
5 0 2 24000
Node 37 62 17.6918
Pkt 30 150 0.2 1
Pkt 20 100 0.2 1
Node 33 32 24.7588
Pkt 60 300 0.2 1
Pkt 80 400 0.2 1
Node 26 35 28.3019
Pkt 160 800 0.2 1
Pkt 150 750 0.2 1
Node 49 67 17.0294
Pkt 30 150 0.2 1
Pkt 24 120 0.2 1
Node 33 33 24.0416
Pkt 75 375 0.2 1
Pkt 64 320 0.2 1
Rate:400
==========
==========91
5 0 2 24000
Node 39 47 11.4018
Pkt 24 120 0.2 1
Pkt 48 240 0.2 1
Node 56 28 22.8035
Pkt 60 300 0.2 1
Pkt 75 375 0.2 1
Node 46 36 14.5602
Pkt 160 800 0.2 1
Pkt 150 750 0.2 1
Node 38 47 12.3693
Pkt 39 192 0.203125 1
Pkt 20 100 0.2 1
Node 71 67 27.0185
Pkt 75 375 0.2 1
Pkt 75 375 0.2 1
Rate:400.625
==========
==========92
5 0 2 24000
Node 29 45 21.587
Pkt 40 200 0.2 1
Pkt 48 240 0.2 1
Node 51 57 7.07107
Pkt 96 480 0.2 1
Pkt 75 375 0.2 1
Node 44 39 12.53
Pkt 160 800 0.2 1
Pkt 160 800 0.2 1
Node 59 32 20.1246
Pkt 20 100 0.2 1
Pkt 32 160 0.2 1
Node 41 33 19.2354
Pkt 60 300 0.2 1
Pkt 75 375 0.2 1
Rate:400
==========
==========93
5 0 2 24000
Node 30 51 20.025
Pkt 40 200 0.2 1
Pkt 20 100 0.2 1
Node 26 28 32.5576
Pkt 80 400 0.2 1
Pkt 64 320 0.2 1
Node 66 40 18.868
Pkt 160 800 0.2 1
Pkt 160 800 0.2 1
Node 46 40 10.7703
Pkt 25 125 0.2 1
Pkt 32 160 0.2 1
Node 63 38 17.6918
Pkt 60 300 0.2 1
Pkt 96 480 0.2 1
Rate:400
==========
==========94
5 0 2 24000
Node 32 54 18.4391
Pkt 32 160 0.2 1
Pkt 39 192 0.203125 1
Node 64 59 16.6433
Pkt 75 375 0.2 1
Pkt 64 320 0.2 1
Node 36 56 15.2315
Pkt 150 750 0.2 1
Pkt 160 800 0.2 1
Node 65 42 17
Pkt 39 192 0.203125 1
Pkt 30 150 0.2 1
Node 59 36 16.6433
Pkt 96 480 0.2 1
Pkt 75 375 0.2 1
Rate:401.25
==========
==========95
5 0 2 24000
Node 64 35 20.5183
Pkt 48 240 0.2 1
Pkt 40 200 0.2 1
Node 65 58 17
Pkt 96 480 0.2 1
Pkt 64 320 0.2 1
Node 36 62 18.4391
Pkt 150 750 0.2 1
Pkt 150 750 0.2 1
Node 52 43 7.28011
Pkt 48 240 0.2 1
Pkt 24 120 0.2 1
Node 50 34 16
Pkt 96 480 0.2 1
Pkt 75 375 0.2 1
Rate:400
==========
==========96
5 0 2 24000
Node 49 56 6.08276
Pkt 39 192 0.203125 1
Pkt 24 120 0.2 1
Node 43 67 18.3848
Pkt 64 320 0.2 1
Pkt 75 375 0.2 1
Node 26 37 27.2947
Pkt 160 800 0.2 1
Pkt 150 750 0.2 1
Node 53 68 18.2483
Pkt 30 150 0.2 1
Pkt 30 150 0.2 1
Node 52 44 6.32456
Pkt 64 320 0.2 1
Pkt 60 300 0.2 1
Rate:400.625
==========
==========97
5 0 2 24000
Node 42 45 9.43398
Pkt 39 192 0.203125 1
Pkt 32 160 0.2 1
Node 55 32 18.6815
Pkt 75 375 0.2 1
Pkt 64 320 0.2 1
Node 48 32 18.1108
Pkt 160 800 0.2 1
Pkt 160 800 0.2 1
Node 72 30 29.7321
Pkt 48 240 0.2 1
Pkt 24 120 0.2 1
Node 67 68 24.7588
Pkt 60 300 0.2 1
Pkt 75 375 0.2 1
Rate:400.625
==========
==========98
5 0 2 24000
Node 48 72 22.0907
Pkt 20 100 0.2 1
Pkt 39 192 0.203125 1
Node 60 31 21.4709
Pkt 75 375 0.2 1
Pkt 64 320 0.2 1
Node 51 44 6.08276
Pkt 160 800 0.2 1
Pkt 160 800 0.2 1
Node 66 47 16.2788
Pkt 32 160 0.2 1
Pkt 48 240 0.2 1
Node 42 43 10.6301
Pkt 60 300 0.2 1
Pkt 75 375 0.2 1
Rate:400.625
==========
==========99
