5 0 2 24000
Node 74 28 32.5576
Pkt 5 125 0.04 1
Pkt 6 150 0.04 1
Node 33 27 28.6007
Pkt 12 300 0.04 1
Pkt 12 300 0.04 1
Node 44 33 18.0278
Pkt 30 750 0.04 1
Pkt 32 800 0.04 1
Node 25 53 25.1794
Pkt 7 160 0.04375 1
Pkt 7 160 0.04375 1
Node 37 56 14.3178
Pkt 20 480 0.0416667 1
Pkt 12 300 0.04 1
Rate:81.8333
==========
==========0
5 0 2 24000
Node 42 59 12.0416
Pkt 8 192 0.0416667 1
Pkt 10 240 0.0416667 1
Node 67 73 28.6007
Pkt 13 320 0.040625 1
Pkt 13 320 0.040625 1
Node 61 73 25.4951
Pkt 30 750 0.04 1
Pkt 30 750 0.04 1
Node 58 64 16.1245
Pkt 10 250 0.04 1
Pkt 8 192 0.0416667 1
Node 48 59 9.21954
Pkt 12 300 0.04 1
Pkt 16 400 0.04 1
Rate:81.25
==========
==========1
5 0 2 24000
Node 55 53 5.83095
Pkt 10 250 0.04 1
Pkt 8 192 0.0416667 1
Node 46 50 4
Pkt 12 300 0.04 1
Pkt 15 375 0.04 1
Node 30 35 25
Pkt 30 750 0.04 1
Pkt 32 800 0.04 1
Node 44 68 18.9737
Pkt 6 150 0.04 1
Pkt 5 120 0.0416667 1
Node 72 60 24.1661
Pkt 12 300 0.04 1
Pkt 13 320 0.040625 1
Rate:80.7917
==========
==========2
5 0 2 24000
Node 31 63 23.0217
Pkt 4 100 0.04 1
Pkt 8 192 0.0416667 1
Node 35 47 15.2971
Pkt 20 480 0.0416667 1
Pkt 16 400 0.04 1
Node 48 31 19.105
Pkt 32 800 0.04 1
Pkt 30 750 0.04 1
Node 37 29 24.6982
Pkt 4 100 0.04 1
Pkt 5 120 0.0416667 1
Node 39 47 11.4018
Pkt 16 400 0.04 1
Pkt 15 375 0.04 1
Rate:81
==========
==========3
5 0 2 24000
Node 28 47 22.2036
Pkt 10 250 0.04 1
Pkt 8 200 0.04 1
Node 60 69 21.4709
Pkt 13 320 0.040625 1
Pkt 12 300 0.04 1
Node 34 43 17.4642
Pkt 32 800 0.04 1
Pkt 30 750 0.04 1
Node 59 53 9.48683
Pkt 8 200 0.04 1
Pkt 8 200 0.04 1
Node 39 60 14.8661
Pkt 12 300 0.04 1
Pkt 13 320 0.040625 1
Rate:80.25
==========
==========4
5 0 2 24000
Node 69 58 20.6155
Pkt 8 200 0.04 1
Pkt 5 125 0.04 1
Node 30 58 21.5407
Pkt 16 400 0.04 1
Pkt 16 400 0.04 1
Node 50 35 15
Pkt 32 800 0.04 1
Pkt 30 750 0.04 1
Node 60 36 17.2047
Pkt 4 100 0.04 1
Pkt 4 100 0.04 1
Node 27 32 29.2062
Pkt 16 400 0.04 1
Pkt 12 300 0.04 1
Rate:80
==========
==========5
5 0 2 24000
Node 43 43 9.89949
Pkt 7 160 0.04375 1
Pkt 5 125 0.04 1
Node 65 55 15.8114
Pkt 13 320 0.040625 1
Pkt 20 480 0.0416667 1
Node 67 56 18.0278
Pkt 30 750 0.04 1
Pkt 32 800 0.04 1
Node 27 68 29.2062
Pkt 4 100 0.04 1
Pkt 6 150 0.04 1
Node 66 27 28.0179
Pkt 12 300 0.04 1
Pkt 20 480 0.0416667 1
Rate:81.5417
==========
==========6
5 0 2 24000
Node 27 25 33.9706
Pkt 10 240 0.0416667 1
Pkt 6 150 0.04 1
Node 46 51 4.12311
Pkt 15 375 0.04 1
Pkt 12 300 0.04 1
Node 60 61 14.8661
Pkt 32 800 0.04 1
Pkt 30 750 0.04 1
Node 30 44 20.8806
Pkt 8 192 0.0416667 1
Pkt 7 160 0.04375 1
Node 47 51 3.16228
Pkt 13 320 0.040625 1
Pkt 16 400 0.04 1
Rate:81.5417
==========
==========7
5 0 2 24000
Node 55 73 23.5372
Pkt 5 125 0.04 1
Pkt 8 192 0.0416667 1
Node 66 41 18.3576
Pkt 16 400 0.04 1
Pkt 15 375 0.04 1
Node 33 39 20.2485
Pkt 30 750 0.04 1
Pkt 32 800 0.04 1
Node 31 50 19
Pkt 5 125 0.04 1
Pkt 10 250 0.04 1
Node 74 34 28.8444
Pkt 16 400 0.04 1
Pkt 15 375 0.04 1
Rate:80.3333
==========
==========8
5 0 2 24000
Node 36 44 15.2315
Pkt 5 125 0.04 1
Pkt 5 125 0.04 1
Node 72 48 22.0907
Pkt 13 320 0.040625 1
Pkt 20 480 0.0416667 1
Node 72 55 22.561
Pkt 30 750 0.04 1
Pkt 30 750 0.04 1
Node 31 39 21.9545
Pkt 5 120 0.0416667 1
Pkt 5 125 0.04 1
Node 44 45 7.81025
Pkt 15 375 0.04 1
Pkt 12 300 0.04 1
Rate:80.7917
==========
==========9
5 0 2 24000
Node 70 52 20.0998
Pkt 5 120 0.0416667 1
Pkt 8 200 0.04 1
Node 32 28 28.4253
Pkt 15 375 0.04 1
Pkt 15 375 0.04 1
Node 28 32 28.4253
Pkt 30 750 0.04 1
Pkt 32 800 0.04 1
Node 40 51 10.0499
Pkt 10 250 0.04 1
Pkt 10 240 0.0416667 1
Node 56 71 21.8403
Pkt 12 300 0.04 1
Pkt 13 320 0.040625 1
Rate:80.7917
==========
==========10
5 0 2 24000
Node 60 50 10
Pkt 4 100 0.04 1
Pkt 7 160 0.04375 1
Node 70 27 30.4795
Pkt 13 320 0.040625 1
Pkt 16 400 0.04 1
Node 50 42 8
Pkt 30 750 0.04 1
Pkt 30 750 0.04 1
Node 45 36 14.8661
Pkt 5 120 0.0416667 1
Pkt 5 125 0.04 1
Node 36 74 27.7849
Pkt 13 320 0.040625 1
Pkt 13 320 0.040625 1
Rate:81.4583
==========
==========11
5 0 2 24000
Node 53 42 8.544
Pkt 6 150 0.04 1
Pkt 4 100 0.04 1
Node 48 29 21.095
Pkt 20 480 0.0416667 1
Pkt 15 375 0.04 1
Node 60 61 14.8661
Pkt 30 750 0.04 1
Pkt 30 750 0.04 1
Node 64 45 14.8661
Pkt 4 100 0.04 1
Pkt 10 250 0.04 1
Node 56 67 18.0278
Pkt 20 480 0.0416667 1
Pkt 20 480 0.0416667 1
Rate:81
==========
==========12
5 0 2 24000
Node 64 38 18.4391
Pkt 8 200 0.04 1
Pkt 8 200 0.04 1
Node 44 73 23.7697
Pkt 12 300 0.04 1
Pkt 20 480 0.0416667 1
Node 48 60 10.198
Pkt 32 800 0.04 1
Pkt 32 800 0.04 1
Node 69 70 27.5862
Pkt 5 120 0.0416667 1
Pkt 10 250 0.04 1
Node 34 44 17.088
Pkt 16 400 0.04 1
Pkt 16 400 0.04 1
Rate:80.6667
==========
==========13
5 0 2 24000
Node 64 29 25.2389
Pkt 5 120 0.0416667 1
Pkt 10 240 0.0416667 1
Node 27 50 23
Pkt 20 480 0.0416667 1
Pkt 12 300 0.04 1
Node 33 57 18.3848
Pkt 32 800 0.04 1
Pkt 32 800 0.04 1
Node 31 42 20.6155
Pkt 5 125 0.04 1
Pkt 8 200 0.04 1
Node 58 45 9.43398
Pkt 20 480 0.0416667 1
Pkt 20 480 0.0416667 1
Rate:81.6667
==========
==========14
5 0 2 24000
Node 56 48 6.32456
Pkt 5 120 0.0416667 1
Pkt 6 150 0.04 1
Node 56 52 6.32456
Pkt 12 300 0.04 1
Pkt 16 400 0.04 1
Node 71 53 21.2132
Pkt 30 750 0.04 1
Pkt 30 750 0.04 1
Node 48 43 7.28011
Pkt 5 120 0.0416667 1
Pkt 8 192 0.0416667 1
Node 39 38 16.2788
Pkt 12 300 0.04 1
Pkt 15 375 0.04 1
Rate:81
==========
==========15
5 0 2 24000
Node 36 72 26.0768
Pkt 5 120 0.0416667 1
Pkt 8 192 0.0416667 1
Node 45 44 7.81025
Pkt 13 320 0.040625 1
Pkt 20 480 0.0416667 1
Node 67 35 22.6716
Pkt 30 750 0.04 1
Pkt 30 750 0.04 1
Node 52 32 18.1108
Pkt 5 125 0.04 1
Pkt 5 125 0.04 1
Node 43 45 8.60233
Pkt 15 375 0.04 1
Pkt 20 480 0.0416667 1
Rate:81.4583
==========
==========16
5 0 2 24000
Node 74 65 28.3019
Pkt 5 120 0.0416667 1
Pkt 10 240 0.0416667 1
Node 73 63 26.4197
Pkt 16 400 0.04 1
Pkt 12 300 0.04 1
Node 44 47 6.7082
Pkt 30 750 0.04 1
Pkt 30 750 0.04 1
Node 34 53 16.2788
Pkt 5 120 0.0416667 1
Pkt 5 120 0.0416667 1
Node 33 69 25.4951
Pkt 20 480 0.0416667 1
Pkt 15 375 0.04 1
Rate:81.6667
==========
==========17
5 0 2 24000
Node 67 25 30.2324
Pkt 8 192 0.0416667 1
Pkt 4 100 0.04 1
Node 26 30 31.241
Pkt 12 300 0.04 1
Pkt 20 480 0.0416667 1
Node 57 62 13.8924
Pkt 30 750 0.04 1
Pkt 30 750 0.04 1
Node 64 65 20.5183
Pkt 8 192 0.0416667 1
Pkt 5 120 0.0416667 1
Node 67 67 24.0416
Pkt 12 300 0.04 1
Pkt 16 400 0.04 1
Rate:81.3333
==========
==========18
5 0 2 24000
Node 46 58 8.94427
Pkt 8 200 0.04 1
Pkt 6 150 0.04 1
Node 34 52 16.1245
Pkt 20 480 0.0416667 1
Pkt 15 375 0.04 1
Node 46 64 14.5602
Pkt 32 800 0.04 1
Pkt 32 800 0.04 1
Node 32 74 30
Pkt 10 250 0.04 1
Pkt 10 250 0.04 1
Node 45 63 13.9284
Pkt 16 400 0.04 1
Pkt 20 480 0.0416667 1
Rate:80.6667
==========
==========19
5 0 2 24000
Node 46 50 4
Pkt 5 125 0.04 1
Pkt 8 200 0.04 1
Node 33 44 18.0278
Pkt 12 300 0.04 1
Pkt 13 320 0.040625 1
Node 39 35 18.6011
Pkt 32 800 0.04 1
Pkt 32 800 0.04 1
Node 69 39 21.9545
Pkt 4 100 0.04 1
Pkt 5 120 0.0416667 1
Node 72 58 23.4094
Pkt 20 480 0.0416667 1
Pkt 15 375 0.04 1
Rate:80.7917
==========
==========20
5 0 2 24000
Node 26 29 31.8904
Pkt 7 160 0.04375 1
Pkt 10 250 0.04 1
Node 60 59 13.4536
Pkt 13 320 0.040625 1
Pkt 12 300 0.04 1
Node 65 48 15.1327
Pkt 30 750 0.04 1
Pkt 30 750 0.04 1
Node 66 61 19.4165
Pkt 10 250 0.04 1
Pkt 6 150 0.04 1
Node 63 38 17.6918
Pkt 12 300 0.04 1
Pkt 13 320 0.040625 1
Rate:81
==========
==========21
5 0 2 24000
Node 45 47 5.83095
Pkt 8 192 0.0416667 1
Pkt 4 100 0.04 1
Node 49 70 20.025
Pkt 13 320 0.040625 1
Pkt 12 300 0.04 1
Node 66 39 19.4165
Pkt 32 800 0.04 1
Pkt 32 800 0.04 1
Node 32 67 24.7588
Pkt 8 200 0.04 1
Pkt 4 100 0.04 1
Node 33 41 19.2354
Pkt 16 400 0.04 1
Pkt 12 300 0.04 1
Rate:80.4583
==========
==========22
5 0 2 24000
Node 65 40 18.0278
Pkt 8 192 0.0416667 1
Pkt 8 192 0.0416667 1
Node 40 60 14.1421
Pkt 13 320 0.040625 1
Pkt 13 320 0.040625 1
Node 33 48 17.1172
Pkt 30 750 0.04 1
Pkt 30 750 0.04 1
Node 50 26 24
Pkt 10 240 0.0416667 1
Pkt 8 192 0.0416667 1
Node 33 54 17.4642
Pkt 13 320 0.040625 1
Pkt 20 480 0.0416667 1
Rate:82.0417
==========
==========23
5 0 2 24000
Node 60 71 23.2594
Pkt 6 150 0.04 1
Pkt 8 200 0.04 1
Node 62 66 20
Pkt 12 300 0.04 1
Pkt 13 320 0.040625 1
Node 34 36 21.2603
Pkt 32 800 0.04 1
Pkt 30 750 0.04 1
Node 55 46 6.40312
Pkt 10 240 0.0416667 1
Pkt 10 250 0.04 1
Node 59 47 9.48683
Pkt 20 480 0.0416667 1
Pkt 16 400 0.04 1
Rate:80.7917
==========
==========24
5 0 2 24000
Node 26 36 27.7849
Pkt 6 150 0.04 1
Pkt 5 120 0.0416667 1
Node 63 38 17.6918
Pkt 16 400 0.04 1
Pkt 16 400 0.04 1
Node 37 55 13.9284
Pkt 30 750 0.04 1
Pkt 30 750 0.04 1
Node 72 64 26.0768
Pkt 7 160 0.04375 1
Pkt 10 240 0.0416667 1
Node 50 28 22
Pkt 20 480 0.0416667 1
Pkt 12 300 0.04 1
Rate:81.75
==========
==========25
5 0 2 24000
Node 53 51 3.16228
Pkt 10 240 0.0416667 1
Pkt 10 240 0.0416667 1
Node 40 45 11.1803
Pkt 15 375 0.04 1
Pkt 13 320 0.040625 1
Node 38 64 18.4391
Pkt 32 800 0.04 1
Pkt 30 750 0.04 1
Node 40 66 18.868
Pkt 10 240 0.0416667 1
Pkt 4 100 0.04 1
Node 40 36 17.2047
Pkt 20 480 0.0416667 1
Pkt 15 375 0.04 1
Rate:81.4583
==========
==========26
5 0 2 24000
Node 53 49 3.16228
Pkt 6 150 0.04 1
Pkt 4 100 0.04 1
Node 49 67 17.0294
Pkt 12 300 0.04 1
Pkt 16 400 0.04 1
Node 57 59 11.4018
Pkt 30 750 0.04 1
Pkt 32 800 0.04 1
Node 27 45 23.5372
Pkt 6 150 0.04 1
Pkt 5 120 0.0416667 1
Node 49 55 5.09902
Pkt 13 320 0.040625 1
Pkt 20 480 0.0416667 1
Rate:80.7917
==========
==========27
5 0 2 24000
Node 42 47 8.544
Pkt 5 120 0.0416667 1
Pkt 5 125 0.04 1
Node 30 56 20.8806
Pkt 16 400 0.04 1
Pkt 20 480 0.0416667 1
Node 33 66 23.3452
Pkt 32 800 0.04 1
Pkt 30 750 0.04 1
Node 61 44 12.53
Pkt 10 240 0.0416667 1
Pkt 8 192 0.0416667 1
Node 64 39 17.8045
Pkt 12 300 0.04 1
Pkt 13 320 0.040625 1
Rate:81.4583
==========
==========28
5 0 2 24000
Node 65 64 20.5183
Pkt 5 120 0.0416667 1
Pkt 5 125 0.04 1
Node 63 44 14.3178
Pkt 15 375 0.04 1
Pkt 16 400 0.04 1
Node 40 48 10.198
Pkt 32 800 0.04 1
Pkt 30 750 0.04 1
Node 68 41 20.1246
Pkt 7 160 0.04375 1
Pkt 6 150 0.04 1
Node 60 65 18.0278
Pkt 12 300 0.04 1
Pkt 15 375 0.04 1
Rate:81.0833
==========
==========29
5 0 2 24000
Node 35 40 18.0278
Pkt 10 250 0.04 1
Pkt 4 100 0.04 1
Node 42 72 23.4094
Pkt 16 400 0.04 1
Pkt 16 400 0.04 1
Node 66 61 19.4165
Pkt 30 750 0.04 1
Pkt 30 750 0.04 1
Node 65 25 29.1548
Pkt 5 120 0.0416667 1
Pkt 5 120 0.0416667 1
Node 61 45 12.083
Pkt 20 480 0.0416667 1
Pkt 20 480 0.0416667 1
Rate:81.3333
==========
==========30
5 0 2 24000
Node 31 53 19.2354
Pkt 5 125 0.04 1
Pkt 8 200 0.04 1
Node 51 50 1
Pkt 12 300 0.04 1
Pkt 15 375 0.04 1
Node 61 45 12.083
Pkt 32 800 0.04 1
Pkt 30 750 0.04 1
Node 33 61 20.2485
Pkt 8 200 0.04 1
Pkt 5 125 0.04 1
Node 55 38 13
Pkt 15 375 0.04 1
Pkt 20 480 0.0416667 1
Rate:80.3333
==========
==========31
5 0 2 24000
Node 56 49 6.08276
Pkt 6 150 0.04 1
Pkt 8 192 0.0416667 1
Node 46 74 24.3311
Pkt 12 300 0.04 1
Pkt 12 300 0.04 1
Node 58 31 20.6155
Pkt 32 800 0.04 1
Pkt 32 800 0.04 1
Node 40 61 14.8661
Pkt 8 192 0.0416667 1
Pkt 4 100 0.04 1
Node 73 32 29.2062
Pkt 13 320 0.040625 1
Pkt 20 480 0.0416667 1
Rate:81.125
==========
==========32
5 0 2 24000
Node 35 48 15.1327
Pkt 5 120 0.0416667 1
Pkt 8 200 0.04 1
Node 67 31 25.4951
Pkt 16 400 0.04 1
Pkt 13 320 0.040625 1
Node 48 32 18.1108
Pkt 32 800 0.04 1
Pkt 32 800 0.04 1
Node 56 34 17.088
Pkt 4 100 0.04 1
Pkt 10 240 0.0416667 1
Node 72 71 30.4138
Pkt 15 375 0.04 1
Pkt 16 400 0.04 1
Rate:80.7917
==========
==========33
5 0 2 24000
Node 50 65 15
Pkt 4 100 0.04 1
Pkt 6 150 0.04 1
Node 39 72 24.5967
Pkt 15 375 0.04 1
Pkt 15 375 0.04 1
Node 47 60 10.4403
Pkt 30 750 0.04 1
Pkt 32 800 0.04 1
Node 67 27 28.6007
Pkt 10 250 0.04 1
Pkt 8 192 0.0416667 1
Node 47 56 6.7082
Pkt 15 375 0.04 1
Pkt 20 480 0.0416667 1
Rate:80.6667
==========
==========34
5 0 2 24000
Node 28 65 26.6271
Pkt 6 150 0.04 1
Pkt 10 250 0.04 1
Node 64 30 24.4131
Pkt 13 320 0.040625 1
Pkt 12 300 0.04 1
Node 60 42 12.8062
Pkt 30 750 0.04 1
Pkt 32 800 0.04 1
Node 37 68 22.2036
Pkt 8 200 0.04 1
Pkt 10 240 0.0416667 1
Node 31 28 29.0689
Pkt 13 320 0.040625 1
Pkt 13 320 0.040625 1
Rate:80.7083
==========
==========35
5 0 2 24000
Node 44 35 16.1555
Pkt 8 200 0.04 1
Pkt 10 240 0.0416667 1
Node 41 66 18.3576
Pkt 16 400 0.04 1
Pkt 15 375 0.04 1
Node 25 57 25.9615
Pkt 30 750 0.04 1
Pkt 32 800 0.04 1
Node 51 33 17.0294
Pkt 7 160 0.04375 1
Pkt 5 120 0.0416667 1
Node 52 39 11.1803
Pkt 12 300 0.04 1
Pkt 20 480 0.0416667 1
Rate:81.75
==========
==========36
5 0 2 24000
Node 63 25 28.178
Pkt 10 250 0.04 1
Pkt 7 160 0.04375 1
Node 65 46 15.5242
Pkt 20 480 0.0416667 1
Pkt 12 300 0.04 1
Node 30 56 20.8806
Pkt 32 800 0.04 1
Pkt 32 800 0.04 1
Node 42 54 8.94427
Pkt 5 120 0.0416667 1
Pkt 6 150 0.04 1
Node 30 61 22.8254
Pkt 16 400 0.04 1
Pkt 13 320 0.040625 1
Rate:81.5417
==========
==========37
5 0 2 24000
Node 57 62 13.8924
Pkt 7 160 0.04375 1
Pkt 8 192 0.0416667 1
Node 29 46 21.3776
Pkt 13 320 0.040625 1
Pkt 15 375 0.04 1
Node 49 55 5.09902
Pkt 32 800 0.04 1
Pkt 32 800 0.04 1
Node 31 38 22.4722
Pkt 10 250 0.04 1
Pkt 7 160 0.04375 1
Node 47 42 8.544
Pkt 15 375 0.04 1
Pkt 20 480 0.0416667 1
Rate:82.2917
==========
==========38
5 0 2 24000
Node 56 74 24.7386
Pkt 10 240 0.0416667 1
Pkt 8 200 0.04 1
Node 55 70 20.6155
Pkt 20 480 0.0416667 1
Pkt 16 400 0.04 1
Node 49 33 17.0294
Pkt 32 800 0.04 1
Pkt 32 800 0.04 1
Node 63 56 14.3178
Pkt 6 150 0.04 1
Pkt 7 160 0.04375 1
Node 53 62 12.3693
Pkt 16 400 0.04 1
Pkt 16 400 0.04 1
Rate:81.4167
==========
==========39
5 0 2 24000
Node 37 64 19.105
Pkt 4 100 0.04 1
Pkt 8 200 0.04 1
Node 64 61 17.8045
Pkt 16 400 0.04 1
Pkt 13 320 0.040625 1
Node 49 27 23.0217
Pkt 30 750 0.04 1
Pkt 30 750 0.04 1
Node 52 40 10.198
Pkt 4 100 0.04 1
Pkt 5 125 0.04 1
Node 58 56 10
Pkt 12 300 0.04 1
Pkt 16 400 0.04 1
Rate:80.125
==========
==========40
5 0 2 24000
Node 38 39 16.2788
Pkt 5 125 0.04 1
Pkt 8 200 0.04 1
Node 38 27 25.9422
Pkt 13 320 0.040625 1
Pkt 12 300 0.04 1
Node 48 55 5.38516
Pkt 32 800 0.04 1
Pkt 32 800 0.04 1
Node 59 54 9.84886
Pkt 8 192 0.0416667 1
Pkt 8 200 0.04 1
Node 30 44 20.8806
Pkt 12 300 0.04 1
Pkt 16 400 0.04 1
Rate:80.4583
==========
==========41
5 0 2 24000
Node 66 27 28.0179
Pkt 8 200 0.04 1
Pkt 8 192 0.0416667 1
Node 58 35 17
Pkt 13 320 0.040625 1
Pkt 16 400 0.04 1
Node 40 63 16.4012
Pkt 30 750 0.04 1
Pkt 30 750 0.04 1
Node 49 70 20.025
Pkt 8 200 0.04 1
Pkt 6 150 0.04 1
Node 28 59 23.7697
Pkt 12 300 0.04 1
Pkt 16 400 0.04 1
Rate:80.4583
==========
==========42
5 0 2 24000
Node 68 48 18.1108
Pkt 8 192 0.0416667 1
Pkt 5 125 0.04 1
Node 62 74 26.8328
Pkt 16 400 0.04 1
Pkt 13 320 0.040625 1
Node 51 47 3.16228
Pkt 30 750 0.04 1
Pkt 32 800 0.04 1
Node 73 74 33.2415
Pkt 8 200 0.04 1
Pkt 7 160 0.04375 1
Node 42 61 13.6015
Pkt 20 480 0.0416667 1
Pkt 16 400 0.04 1
Rate:81.5417
==========
==========43
5 0 2 24000
Node 34 74 28.8444
Pkt 10 240 0.0416667 1
Pkt 10 240 0.0416667 1
Node 58 40 12.8062
Pkt 13 320 0.040625 1
Pkt 20 480 0.0416667 1
Node 44 56 8.48528
Pkt 30 750 0.04 1
Pkt 32 800 0.04 1
Node 47 53 4.24264
Pkt 6 150 0.04 1
Pkt 5 125 0.04 1
Node 59 54 9.84886
Pkt 20 480 0.0416667 1
Pkt 20 480 0.0416667 1
Rate:81.7917
==========
==========44
5 0 2 24000
Node 25 72 33.3017
Pkt 10 250 0.04 1
Pkt 6 150 0.04 1
Node 42 55 9.43398
Pkt 16 400 0.04 1
Pkt 20 480 0.0416667 1
Node 71 41 22.8473
Pkt 30 750 0.04 1
Pkt 30 750 0.04 1
Node 44 40 11.6619
Pkt 5 120 0.0416667 1
Pkt 5 125 0.04 1
Node 33 35 22.6716
Pkt 12 300 0.04 1
Pkt 13 320 0.040625 1
Rate:80.7917
==========
==========45
5 0 2 24000
Node 51 53 3.16228
Pkt 7 160 0.04375 1
Pkt 5 120 0.0416667 1
Node 58 52 8.24621
Pkt 16 400 0.04 1
Pkt 16 400 0.04 1
Node 40 32 20.5913
Pkt 30 750 0.04 1
Pkt 32 800 0.04 1
Node 33 69 25.4951
Pkt 8 200 0.04 1
Pkt 8 200 0.04 1
Node 54 43 8.06226
Pkt 15 375 0.04 1
Pkt 15 375 0.04 1
Rate:81.0833
==========
==========46
5 0 2 24000
Node 68 64 22.8035
Pkt 7 160 0.04375 1
Pkt 8 192 0.0416667 1
Node 55 64 14.8661
Pkt 12 300 0.04 1
Pkt 12 300 0.04 1
Node 37 45 13.9284
Pkt 30 750 0.04 1
Pkt 32 800 0.04 1
Node 73 32 29.2062
Pkt 10 240 0.0416667 1
Pkt 5 120 0.0416667 1
Node 39 47 11.4018
Pkt 13 320 0.040625 1
Pkt 15 375 0.04 1
Rate:81.875
==========
==========47
5 0 2 24000
Node 58 65 17
Pkt 5 125 0.04 1
Pkt 10 240 0.0416667 1
Node 71 58 22.4722
Pkt 13 320 0.040625 1
Pkt 13 320 0.040625 1
Node 73 74 33.2415
Pkt 30 750 0.04 1
Pkt 32 800 0.04 1
Node 74 25 34.6554
Pkt 6 150 0.04 1
Pkt 10 240 0.0416667 1
Node 51 67 17.0294
Pkt 15 375 0.04 1
Pkt 15 375 0.04 1
Rate:80.9167
==========
==========48
5 0 2 24000
Node 65 68 23.4307
Pkt 10 240 0.0416667 1
Pkt 5 125 0.04 1
Node 67 30 26.2488
Pkt 13 320 0.040625 1
Pkt 15 375 0.04 1
Node 45 28 22.561
Pkt 30 750 0.04 1
Pkt 30 750 0.04 1
Node 41 28 23.7697
Pkt 7 160 0.04375 1
Pkt 4 100 0.04 1
Node 46 53 5
Pkt 13 320 0.040625 1
Pkt 12 300 0.04 1
Rate:81.3333
==========
==========49
5 0 2 24000
Node 67 67 24.0416
Pkt 8 200 0.04 1
Pkt 8 200 0.04 1
Node 30 51 20.025
Pkt 13 320 0.040625 1
Pkt 15 375 0.04 1
Node 63 64 19.105
Pkt 32 800 0.04 1
Pkt 32 800 0.04 1
Node 69 70 27.5862
Pkt 10 240 0.0416667 1
Pkt 8 200 0.04 1
Node 74 62 26.8328
Pkt 16 400 0.04 1
Pkt 15 375 0.04 1
Rate:80.4583
==========
==========50
5 0 2 24000
Node 56 35 16.1555
Pkt 4 100 0.04 1
Pkt 10 250 0.04 1
Node 33 71 27.0185
Pkt 20 480 0.0416667 1
Pkt 20 480 0.0416667 1
Node 57 27 24.0416
Pkt 32 800 0.04 1
Pkt 32 800 0.04 1
Node 69 37 23.0217
Pkt 5 125 0.04 1
Pkt 4 100 0.04 1
Node 32 43 19.3132
Pkt 16 400 0.04 1
Pkt 13 320 0.040625 1
Rate:80.7917
==========
==========51
5 0 2 24000
Node 68 67 24.7588
Pkt 8 192 0.0416667 1
Pkt 10 240 0.0416667 1
Node 48 57 7.28011
Pkt 16 400 0.04 1
Pkt 13 320 0.040625 1
Node 26 71 31.8904
Pkt 32 800 0.04 1
Pkt 30 750 0.04 1
Node 48 68 18.1108
Pkt 4 100 0.04 1
Pkt 10 250 0.04 1
Node 66 40 18.868
Pkt 13 320 0.040625 1
Pkt 13 320 0.040625 1
Rate:81.0417
==========
==========52
5 0 2 24000
Node 43 36 15.6525
Pkt 4 100 0.04 1
Pkt 5 120 0.0416667 1
Node 62 68 21.6333
Pkt 12 300 0.04 1
Pkt 12 300 0.04 1
Node 37 58 15.2643
Pkt 30 750 0.04 1
Pkt 32 800 0.04 1
Node 68 69 26.1725
Pkt 7 160 0.04375 1
Pkt 10 250 0.04 1
Node 25 70 32.0156
Pkt 16 400 0.04 1
Pkt 13 320 0.040625 1
Rate:81.2083
==========
==========53
5 0 2 24000
Node 45 28 22.561
Pkt 5 125 0.04 1
Pkt 5 125 0.04 1
Node 45 33 17.72
Pkt 15 375 0.04 1
Pkt 13 320 0.040625 1
Node 57 56 9.21954
Pkt 30 750 0.04 1
Pkt 30 750 0.04 1
Node 49 71 21.0238
Pkt 5 120 0.0416667 1
Pkt 5 120 0.0416667 1
Node 29 61 23.7065
Pkt 20 480 0.0416667 1
Pkt 15 375 0.04 1
Rate:81.125
==========
==========54
5 0 2 24000
Node 73 67 28.6007
Pkt 5 125 0.04 1
Pkt 6 150 0.04 1
Node 34 71 26.4008
Pkt 13 320 0.040625 1
Pkt 20 480 0.0416667 1
Node 29 43 22.1359
Pkt 30 750 0.04 1
Pkt 30 750 0.04 1
Node 66 59 18.3576
Pkt 4 100 0.04 1
Pkt 5 120 0.0416667 1
Node 28 58 23.4094
Pkt 15 375 0.04 1
Pkt 13 320 0.040625 1
Rate:80.9167
==========
==========55
5 0 2 24000
Node 63 65 19.8494
Pkt 6 150 0.04 1
Pkt 10 240 0.0416667 1
Node 56 26 24.7386
Pkt 15 375 0.04 1
Pkt 13 320 0.040625 1
Node 69 43 20.2485
Pkt 32 800 0.04 1
Pkt 32 800 0.04 1
Node 36 41 16.6433
Pkt 8 200 0.04 1
Pkt 7 160 0.04375 1
Node 36 44 15.2315
Pkt 13 320 0.040625 1
Pkt 16 400 0.04 1
Rate:81.3333
==========
==========56
5 0 2 24000
Node 71 46 21.3776
Pkt 7 160 0.04375 1
Pkt 5 120 0.0416667 1
Node 55 57 8.60233
Pkt 15 375 0.04 1
Pkt 20 480 0.0416667 1
Node 64 33 22.0227
Pkt 32 800 0.04 1
Pkt 32 800 0.04 1
Node 36 63 19.105
Pkt 8 200 0.04 1
Pkt 6 150 0.04 1
Node 52 33 17.1172
Pkt 20 480 0.0416667 1
Pkt 20 480 0.0416667 1
Rate:82.0833
==========
==========57
5 0 2 24000
Node 68 64 22.8035
Pkt 5 120 0.0416667 1
Pkt 8 200 0.04 1
Node 66 55 16.7631
Pkt 12 300 0.04 1
Pkt 20 480 0.0416667 1
Node 49 70 20.025
Pkt 30 750 0.04 1
Pkt 32 800 0.04 1
Node 67 52 17.1172
Pkt 10 240 0.0416667 1
Pkt 5 125 0.04 1
Node 26 47 24.1868
Pkt 16 400 0.04 1
Pkt 13 320 0.040625 1
Rate:81.125
==========
==========58
5 0 2 24000
Node 29 63 24.6982
Pkt 10 240 0.0416667 1
Pkt 5 120 0.0416667 1
Node 34 69 24.8395
Pkt 12 300 0.04 1
Pkt 20 480 0.0416667 1
Node 63 59 15.8114
Pkt 30 750 0.04 1
Pkt 32 800 0.04 1
Node 33 28 27.8029
Pkt 5 120 0.0416667 1
Pkt 5 125 0.04 1
Node 68 50 18
Pkt 13 320 0.040625 1
Pkt 20 480 0.0416667 1
Rate:81.7917
==========
==========59
5 0 2 24000
Node 45 71 21.587
Pkt 4 100 0.04 1
Pkt 5 125 0.04 1
Node 41 64 16.6433
Pkt 16 400 0.04 1
Pkt 16 400 0.04 1
Node 43 39 13.0384
Pkt 32 800 0.04 1
Pkt 30 750 0.04 1
Node 63 56 14.3178
Pkt 5 125 0.04 1
Pkt 6 150 0.04 1
Node 54 44 7.2111
Pkt 15 375 0.04 1
Pkt 13 320 0.040625 1
Rate:80.125
==========
==========60
5 0 2 24000
Node 51 55 5.09902
Pkt 6 150 0.04 1
Pkt 5 120 0.0416667 1
Node 73 35 27.4591
Pkt 12 300 0.04 1
Pkt 13 320 0.040625 1
Node 41 45 10.2956
Pkt 30 750 0.04 1
Pkt 30 750 0.04 1
Node 61 56 12.53
Pkt 4 100 0.04 1
Pkt 10 240 0.0416667 1
Node 59 71 22.8473
Pkt 15 375 0.04 1
Pkt 20 480 0.0416667 1
Rate:81.125
==========
==========61
5 0 2 24000
Node 37 29 24.6982
Pkt 8 192 0.0416667 1
Pkt 5 125 0.04 1
Node 71 72 30.4138
Pkt 12 300 0.04 1
Pkt 15 375 0.04 1
Node 74 67 29.4109
Pkt 32 800 0.04 1
Pkt 30 750 0.04 1
Node 29 67 27.0185
Pkt 5 125 0.04 1
Pkt 8 200 0.04 1
Node 54 48 4.47214
Pkt 16 400 0.04 1
Pkt 13 320 0.040625 1
Rate:80.4583
==========
==========62
5 0 2 24000
Node 28 47 22.2036
Pkt 10 240 0.0416667 1
Pkt 10 250 0.04 1
Node 48 27 23.0868
Pkt 13 320 0.040625 1
Pkt 20 480 0.0416667 1
Node 41 66 18.3576
Pkt 32 800 0.04 1
Pkt 32 800 0.04 1
Node 74 36 27.7849
Pkt 6 150 0.04 1
Pkt 6 150 0.04 1
Node 56 36 15.2315
Pkt 12 300 0.04 1
Pkt 15 375 0.04 1
Rate:80.7917
==========
==========63
5 0 2 24000
Node 74 45 24.5153
Pkt 7 160 0.04375 1
Pkt 8 192 0.0416667 1
Node 39 62 16.2788
Pkt 12 300 0.04 1
Pkt 12 300 0.04 1
Node 41 47 9.48683
Pkt 32 800 0.04 1
Pkt 32 800 0.04 1
Node 39 53 11.4018
Pkt 8 192 0.0416667 1
Pkt 5 120 0.0416667 1
Node 67 49 17.0294
Pkt 12 300 0.04 1
Pkt 16 400 0.04 1
Rate:81.75
==========
==========64
5 0 2 24000
Node 47 45 5.83095
Pkt 6 150 0.04 1
Pkt 5 125 0.04 1
Node 51 69 19.0263
Pkt 16 400 0.04 1
Pkt 15 375 0.04 1
Node 62 52 12.1655
Pkt 32 800 0.04 1
Pkt 32 800 0.04 1
Node 50 41 9
Pkt 7 160 0.04375 1
Pkt 8 192 0.0416667 1
Node 66 69 24.8395
Pkt 20 480 0.0416667 1
Pkt 12 300 0.04 1
Rate:81.4167
==========
==========65
5 0 2 24000
Node 65 28 26.6271
Pkt 8 192 0.0416667 1
Pkt 5 125 0.04 1
Node 43 63 14.7648
Pkt 16 400 0.04 1
Pkt 16 400 0.04 1
Node 47 60 10.4403
Pkt 30 750 0.04 1
Pkt 30 750 0.04 1
Node 30 74 31.241
Pkt 6 150 0.04 1
Pkt 10 250 0.04 1
Node 30 58 21.5407
Pkt 12 300 0.04 1
Pkt 15 375 0.04 1
Rate:80.3333
==========
==========66
5 0 2 24000
Node 28 43 23.0868
Pkt 10 250 0.04 1
Pkt 6 150 0.04 1
Node 29 35 25.807
Pkt 12 300 0.04 1
Pkt 13 320 0.040625 1
Node 49 39 11.0454
Pkt 30 750 0.04 1
Pkt 32 800 0.04 1
Node 56 34 17.088
Pkt 5 120 0.0416667 1
Pkt 5 120 0.0416667 1
Node 70 41 21.9317
Pkt 15 375 0.04 1
Pkt 12 300 0.04 1
Rate:80.7917
==========
==========67
5 0 2 24000
Node 34 60 18.868
Pkt 6 150 0.04 1
Pkt 4 100 0.04 1
Node 26 69 30.6105
Pkt 13 320 0.040625 1
Pkt 16 400 0.04 1
Node 54 59 9.84886
Pkt 30 750 0.04 1
Pkt 30 750 0.04 1
Node 72 40 24.1661
Pkt 4 100 0.04 1
Pkt 8 200 0.04 1
Node 34 39 19.4165
Pkt 20 480 0.0416667 1
Pkt 12 300 0.04 1
Rate:80.4583
==========
==========68
5 0 2 24000
Node 43 61 13.0384
Pkt 5 125 0.04 1
Pkt 5 120 0.0416667 1
Node 38 69 22.4722
Pkt 15 375 0.04 1
Pkt 20 480 0.0416667 1
Node 44 65 16.1555
Pkt 32 800 0.04 1
Pkt 32 800 0.04 1
Node 74 60 26
Pkt 8 192 0.0416667 1
Pkt 5 125 0.04 1
Node 49 35 15.0333
Pkt 12 300 0.04 1
Pkt 15 375 0.04 1
Rate:81
==========
==========69
5 0 2 24000
Node 39 59 14.2127
Pkt 8 192 0.0416667 1
Pkt 7 160 0.04375 1
Node 26 33 29.4109
Pkt 15 375 0.04 1
Pkt 13 320 0.040625 1
Node 66 63 20.6155
Pkt 30 750 0.04 1
Pkt 32 800 0.04 1
Node 74 54 24.3311
Pkt 5 120 0.0416667 1
Pkt 10 250 0.04 1
Node 61 74 26.4008
Pkt 20 480 0.0416667 1
Pkt 12 300 0.04 1
Rate:81.875
==========
==========70
5 0 2 24000
Node 67 36 22.0227
Pkt 10 250 0.04 1
Pkt 10 240 0.0416667 1
Node 52 26 24.0832
Pkt 20 480 0.0416667 1
Pkt 12 300 0.04 1
Node 73 34 28.0179
Pkt 30 750 0.04 1
Pkt 30 750 0.04 1
Node 28 73 31.8277
Pkt 4 100 0.04 1
Pkt 10 240 0.0416667 1
Node 74 29 31.8904
Pkt 15 375 0.04 1
Pkt 15 375 0.04 1
Rate:81
==========
==========71
5 0 2 24000
Node 31 30 27.5862
Pkt 10 240 0.0416667 1
Pkt 8 192 0.0416667 1
Node 55 54 6.40312
Pkt 13 320 0.040625 1
Pkt 15 375 0.04 1
Node 70 37 23.8537
Pkt 32 800 0.04 1
Pkt 30 750 0.04 1
Node 31 37 23.0217
Pkt 6 150 0.04 1
Pkt 7 160 0.04375 1
Node 73 47 23.1948
Pkt 20 480 0.0416667 1
Pkt 20 480 0.0416667 1
Rate:82.2083
==========
==========72
5 0 2 24000
Node 52 50 2
Pkt 8 200 0.04 1
Pkt 8 200 0.04 1
Node 41 40 13.4536
Pkt 15 375 0.04 1
Pkt 13 320 0.040625 1
Node 44 54 7.2111
Pkt 30 750 0.04 1
Pkt 32 800 0.04 1
Node 48 67 17.1172
Pkt 8 192 0.0416667 1
Pkt 10 250 0.04 1
Node 32 57 19.3132
Pkt 13 320 0.040625 1
Pkt 20 480 0.0416667 1
Rate:80.9167
==========
==========73
5 0 2 24000
Node 59 36 16.6433
Pkt 10 240 0.0416667 1
Pkt 8 192 0.0416667 1
Node 37 49 13.0384
Pkt 16 400 0.04 1
Pkt 20 480 0.0416667 1
Node 37 33 21.4009
Pkt 32 800 0.04 1
Pkt 32 800 0.04 1
Node 50 41 9
Pkt 5 120 0.0416667 1
Pkt 5 125 0.04 1
Node 72 29 30.4138
Pkt 12 300 0.04 1
Pkt 16 400 0.04 1
Rate:81.3333
==========
==========74
5 0 2 24000
Node 53 64 14.3178
Pkt 4 100 0.04 1
Pkt 10 240 0.0416667 1
Node 45 40 11.1803
Pkt 20 480 0.0416667 1
Pkt 20 480 0.0416667 1
Node 50 26 24
Pkt 30 750 0.04 1
Pkt 30 750 0.04 1
Node 31 30 27.5862
Pkt 10 250 0.04 1
Pkt 8 192 0.0416667 1
Node 64 41 16.6433
Pkt 13 320 0.040625 1
Pkt 15 375 0.04 1
Rate:81.4583
==========
==========75
5 0 2 24000
Node 59 50 9
Pkt 6 150 0.04 1
Pkt 5 125 0.04 1
Node 59 74 25.632
Pkt 15 375 0.04 1
Pkt 20 480 0.0416667 1
Node 70 54 20.3961
Pkt 30 750 0.04 1
Pkt 32 800 0.04 1
Node 66 40 18.868
Pkt 5 125 0.04 1
Pkt 8 200 0.04 1
Node 43 55 8.60233
Pkt 20 480 0.0416667 1
Pkt 20 480 0.0416667 1
Rate:81
==========
==========76
5 0 2 24000
Node 62 56 13.4164
Pkt 8 192 0.0416667 1
Pkt 7 160 0.04375 1
Node 46 73 23.3452
Pkt 15 375 0.04 1
Pkt 20 480 0.0416667 1
Node 63 42 15.2643
Pkt 32 800 0.04 1
Pkt 32 800 0.04 1
Node 46 43 8.06226
Pkt 5 125 0.04 1
Pkt 4 100 0.04 1
Node 53 59 9.48683
Pkt 16 400 0.04 1
Pkt 16 400 0.04 1
Rate:81.4167
==========
==========77
5 0 2 24000
Node 57 68 19.3132
Pkt 5 125 0.04 1
Pkt 6 150 0.04 1
Node 26 43 25
Pkt 20 480 0.0416667 1
Pkt 20 480 0.0416667 1
Node 34 45 16.7631
Pkt 30 750 0.04 1
Pkt 30 750 0.04 1
Node 44 41 10.8167
Pkt 4 100 0.04 1
Pkt 5 120 0.0416667 1
Node 71 41 22.8473
Pkt 15 375 0.04 1
Pkt 15 375 0.04 1
Rate:81
==========
==========78
5 0 2 24000
Node 36 50 14
Pkt 10 240 0.0416667 1
Pkt 4 100 0.04 1
Node 34 66 22.6274
Pkt 15 375 0.04 1
Pkt 12 300 0.04 1
Node 70 65 25
Pkt 30 750 0.04 1
Pkt 30 750 0.04 1
Node 43 67 18.3848
Pkt 6 150 0.04 1
Pkt 7 160 0.04375 1
Node 67 30 26.2488
Pkt 16 400 0.04 1
Pkt 20 480 0.0416667 1
Rate:81.4167
==========
==========79
5 0 2 24000
Node 67 30 26.2488
Pkt 8 200 0.04 1
Pkt 8 200 0.04 1
Node 34 46 16.4924
Pkt 20 480 0.0416667 1
Pkt 20 480 0.0416667 1
Node 42 45 9.43398
Pkt 30 750 0.04 1
Pkt 32 800 0.04 1
Node 47 74 24.1868
Pkt 5 120 0.0416667 1
Pkt 6 150 0.04 1
Node 50 70 20
Pkt 20 480 0.0416667 1
Pkt 15 375 0.04 1
Rate:81.3333
==========
==========80
5 0 2 24000
Node 62 73 25.9422
Pkt 5 125 0.04 1
Pkt 7 160 0.04375 1
Node 51 58 8.06226
Pkt 15 375 0.04 1
Pkt 16 400 0.04 1
Node 45 53 5.83095
Pkt 30 750 0.04 1
Pkt 30 750 0.04 1
Node 49 30 20.025
Pkt 5 120 0.0416667 1
Pkt 10 250 0.04 1
Node 56 70 20.8806
Pkt 20 480 0.0416667 1
Pkt 16 400 0.04 1
Rate:81.4167
==========
==========81
5 0 2 24000
Node 51 45 5.09902
Pkt 5 125 0.04 1
Pkt 5 120 0.0416667 1
Node 56 43 9.21954
Pkt 15 375 0.04 1
Pkt 13 320 0.040625 1
Node 69 49 19.0263
Pkt 32 800 0.04 1
Pkt 32 800 0.04 1
Node 30 50 20
Pkt 5 120 0.0416667 1
Pkt 4 100 0.04 1
Node 25 61 27.313
Pkt 16 400 0.04 1
Pkt 16 400 0.04 1
Rate:80.7917
==========
==========82
5 0 2 24000
Node 46 27 23.3452
Pkt 7 160 0.04375 1
Pkt 6 150 0.04 1
Node 42 37 15.2643
Pkt 16 400 0.04 1
Pkt 20 480 0.0416667 1
Node 71 70 29
Pkt 32 800 0.04 1
Pkt 30 750 0.04 1
Node 53 58 8.544
Pkt 5 125 0.04 1
Pkt 6 150 0.04 1
Node 41 29 22.8473
Pkt 20 480 0.0416667 1
Pkt 13 320 0.040625 1
Rate:81.5417
==========
==========83
5 0 2 24000
Node 42 40 12.8062
Pkt 4 100 0.04 1
Pkt 8 192 0.0416667 1
Node 27 43 24.0416
Pkt 16 400 0.04 1
Pkt 15 375 0.04 1
Node 34 28 27.2029
Pkt 30 750 0.04 1
Pkt 30 750 0.04 1
Node 25 26 34.6554
Pkt 4 100 0.04 1
Pkt 4 100 0.04 1
Node 25 39 27.313
Pkt 13 320 0.040625 1
Pkt 16 400 0.04 1
Rate:80.4583
==========
==========84
5 0 2 24000
Node 61 53 11.4018
Pkt 8 192 0.0416667 1
Pkt 10 250 0.04 1
Node 37 54 13.6015
Pkt 16 400 0.04 1
Pkt 12 300 0.04 1
Node 29 30 29
Pkt 30 750 0.04 1
Pkt 30 750 0.04 1
Node 49 25 25.02
Pkt 8 192 0.0416667 1
Pkt 8 192 0.0416667 1
Node 73 28 31.8277
Pkt 13 320 0.040625 1
Pkt 12 300 0.04 1
Rate:81.125
==========
==========85
5 0 2 24000
Node 59 67 19.2354
Pkt 8 200 0.04 1
Pkt 10 250 0.04 1
Node 67 33 24.0416
Pkt 13 320 0.040625 1
Pkt 16 400 0.04 1
Node 37 38 17.6918
Pkt 32 800 0.04 1
Pkt 30 750 0.04 1
Node 33 73 28.6007
Pkt 6 150 0.04 1
Pkt 4 100 0.04 1
Node 49 31 19.0263
Pkt 15 375 0.04 1
Pkt 13 320 0.040625 1
Rate:80.25
==========
==========86
5 0 2 24000
Node 44 62 13.4164
Pkt 5 120 0.0416667 1
Pkt 5 120 0.0416667 1
Node 28 29 30.4138
Pkt 15 375 0.04 1
Pkt 20 480 0.0416667 1
Node 61 62 16.2788
Pkt 32 800 0.04 1
Pkt 32 800 0.04 1
Node 62 55 13
Pkt 5 120 0.0416667 1
Pkt 7 160 0.04375 1
Node 46 42 8.94427
Pkt 12 300 0.04 1
Pkt 16 400 0.04 1
Rate:82.0833
==========
==========87
5 0 2 24000
Node 32 49 18.0278
Pkt 6 150 0.04 1
Pkt 8 192 0.0416667 1
Node 26 73 33.2415
Pkt 16 400 0.04 1
Pkt 20 480 0.0416667 1
Node 74 49 24.0208
Pkt 30 750 0.04 1
Pkt 30 750 0.04 1
Node 25 28 33.3017
Pkt 6 150 0.04 1
Pkt 8 192 0.0416667 1
Node 56 41 10.8167
Pkt 20 480 0.0416667 1
Pkt 20 480 0.0416667 1
Rate:81.6667
==========
==========88
5 0 2 24000
Node 59 48 9.21954
Pkt 10 240 0.0416667 1
Pkt 5 125 0.04 1
Node 38 48 12.1655
Pkt 20 480 0.0416667 1
Pkt 16 400 0.04 1
Node 26 41 25.632
Pkt 32 800 0.04 1
Pkt 30 750 0.04 1
Node 27 73 32.5269
Pkt 5 125 0.04 1
Pkt 10 250 0.04 1
Node 46 60 10.7703
Pkt 16 400 0.04 1
Pkt 15 375 0.04 1
Rate:80.6667
==========
==========89
5 0 2 24000
Node 27 71 31.1448
Pkt 8 192 0.0416667 1
Pkt 4 100 0.04 1
Node 41 38 15
Pkt 16 400 0.04 1
Pkt 12 300 0.04 1
Node 73 56 23.7697
Pkt 30 750 0.04 1
Pkt 30 750 0.04 1
Node 30 74 31.241
Pkt 10 240 0.0416667 1
Pkt 7 160 0.04375 1
Node 60 27 25.0799
Pkt 13 320 0.040625 1
Pkt 15 375 0.04 1
Rate:81.5417
==========
==========90
5 0 2 24000
Node 25 54 25.318
Pkt 4 100 0.04 1
Pkt 4 100 0.04 1
Node 54 53 5
Pkt 13 320 0.040625 1
Pkt 12 300 0.04 1
Node 37 70 23.8537
Pkt 30 750 0.04 1
Pkt 30 750 0.04 1
Node 44 73 23.7697
Pkt 4 100 0.04 1
Pkt 5 125 0.04 1
Node 28 49 22.0227
Pkt 16 400 0.04 1
Pkt 16 400 0.04 1
Rate:80.125
==========
==========91
5 0 2 24000
Node 68 37 22.2036
Pkt 7 160 0.04375 1
Pkt 5 125 0.04 1
Node 72 40 24.1661
Pkt 12 300 0.04 1
Pkt 20 480 0.0416667 1
Node 55 31 19.6469
Pkt 32 800 0.04 1
Pkt 32 800 0.04 1
Node 27 62 25.9422
Pkt 10 240 0.0416667 1
Pkt 10 250 0.04 1
Node 44 37 14.3178
Pkt 16 400 0.04 1
Pkt 16 400 0.04 1
Rate:81.4167
==========
==========92
5 0 2 24000
Node 34 56 17.088
Pkt 5 120 0.0416667 1
Pkt 7 160 0.04375 1
Node 39 36 17.8045
Pkt 12 300 0.04 1
Pkt 20 480 0.0416667 1
Node 26 56 24.7386
Pkt 32 800 0.04 1
Pkt 32 800 0.04 1
Node 31 27 29.8329
Pkt 7 160 0.04375 1
Pkt 6 150 0.04 1
Node 36 47 14.3178
Pkt 13 320 0.040625 1
Pkt 12 300 0.04 1
Rate:82.2917
==========
==========93
5 0 2 24000
Node 48 30 20.0998
Pkt 7 160 0.04375 1
Pkt 10 240 0.0416667 1
Node 30 30 28.2843
Pkt 12 300 0.04 1
Pkt 13 320 0.040625 1
Node 30 62 23.3238
Pkt 32 800 0.04 1
Pkt 32 800 0.04 1
Node 72 45 22.561
Pkt 6 150 0.04 1
Pkt 5 125 0.04 1
Node 51 27 23.0217
Pkt 12 300 0.04 1
Pkt 16 400 0.04 1
Rate:81.2083
==========
==========94
5 0 2 24000
Node 56 28 22.8035
Pkt 4 100 0.04 1
Pkt 5 120 0.0416667 1
Node 27 34 28.0179
Pkt 15 375 0.04 1
Pkt 20 480 0.0416667 1
Node 48 34 16.1245
Pkt 30 750 0.04 1
Pkt 32 800 0.04 1
Node 37 74 27.2947
Pkt 5 125 0.04 1
Pkt 7 160 0.04375 1
Node 29 44 21.8403
Pkt 13 320 0.040625 1
Pkt 20 480 0.0416667 1
Rate:81.875
==========
==========95
5 0 2 24000
Node 31 69 26.8701
Pkt 8 200 0.04 1
Pkt 5 125 0.04 1
Node 44 44 8.48528
Pkt 15 375 0.04 1
Pkt 12 300 0.04 1
Node 32 28 28.4253
Pkt 32 800 0.04 1
Pkt 32 800 0.04 1
Node 71 66 26.4008
Pkt 4 100 0.04 1
Pkt 8 192 0.0416667 1
Node 42 49 8.06226
Pkt 20 480 0.0416667 1
Pkt 13 320 0.040625 1
Rate:80.7917
==========
==========96
5 0 2 24000
Node 64 26 27.7849
Pkt 6 150 0.04 1
Pkt 10 250 0.04 1
Node 28 68 28.4253
Pkt 12 300 0.04 1
Pkt 15 375 0.04 1
Node 46 26 24.3311
Pkt 32 800 0.04 1
Pkt 30 750 0.04 1
Node 45 41 10.2956
Pkt 7 160 0.04375 1
Pkt 4 100 0.04 1
Node 54 27 23.3452
Pkt 20 480 0.0416667 1
Pkt 20 480 0.0416667 1
Rate:81.4167
==========
==========97
5 0 2 24000
Node 46 74 24.3311
Pkt 8 200 0.04 1
Pkt 7 160 0.04375 1
Node 73 35 27.4591
Pkt 20 480 0.0416667 1
Pkt 20 480 0.0416667 1
Node 25 54 25.318
Pkt 30 750 0.04 1
Pkt 30 750 0.04 1
Node 55 26 24.5153
Pkt 4 100 0.04 1
Pkt 6 150 0.04 1
Node 32 48 18.1108
Pkt 20 480 0.0416667 1
Pkt 16 400 0.04 1
Rate:81.75
==========
==========98
5 0 2 24000
Node 70 56 20.8806
Pkt 4 100 0.04 1
Pkt 4 100 0.04 1
Node 67 27 28.6007
Pkt 16 400 0.04 1
Pkt 13 320 0.040625 1
Node 50 60 10
Pkt 32 800 0.04 1
Pkt 32 800 0.04 1
Node 72 54 22.3607
Pkt 7 160 0.04375 1
Pkt 6 150 0.04 1
Node 64 38 18.4391
Pkt 15 375 0.04 1
Pkt 20 480 0.0416667 1
Rate:81.2083
==========
==========99
