5 0 2 24000
Node 61 42 13.6015
Pkt 32 100 0.32 1
Pkt 32 100 0.32 1
Node 50 56 6
Pkt 120 375 0.32 1
Pkt 128 400 0.32 1
Node 48 56 6.32456
Pkt 240 750 0.32 1
Pkt 256 800 0.32 1
Node 58 69 20.6155
Pkt 40 125 0.32 1
Pkt 77 240 0.320833 1
Node 53 33 17.2627
Pkt 128 400 0.32 1
Pkt 154 480 0.320833 1
Rate:640.333
==========
==========0
5 0 2 24000
Node 53 28 22.2036
Pkt 40 125 0.32 1
Pkt 80 250 0.32 1
Node 56 68 18.9737
Pkt 154 480 0.320833 1
Pkt 128 400 0.32 1
Node 44 27 23.7697
Pkt 240 750 0.32 1
Pkt 256 800 0.32 1
Node 56 65 16.1555
Pkt 62 192 0.322917 1
Pkt 39 120 0.325 1
Node 70 48 20.0998
Pkt 103 320 0.321875 1
Pkt 128 400 0.32 1
Rate:642.125
==========
==========1
5 0 2 24000
Node 73 68 29.2062
Pkt 80 250 0.32 1
Pkt 32 100 0.32 1
Node 54 34 16.4924
Pkt 154 480 0.320833 1
Pkt 128 400 0.32 1
Node 60 61 14.8661
Pkt 256 800 0.32 1
Pkt 256 800 0.32 1
Node 69 40 21.4709
Pkt 80 250 0.32 1
Pkt 64 200 0.32 1
Node 66 25 29.6816
Pkt 96 300 0.32 1
Pkt 96 300 0.32 1
Rate:640.167
==========
==========2
5 0 2 24000
Node 73 59 24.6982
Pkt 32 100 0.32 1
Pkt 64 200 0.32 1
Node 26 62 26.8328
Pkt 96 300 0.32 1
Pkt 154 480 0.320833 1
Node 69 62 22.4722
Pkt 240 750 0.32 1
Pkt 240 750 0.32 1
Node 74 30 31.241
Pkt 80 250 0.32 1
Pkt 48 150 0.32 1
Node 35 32 23.4307
Pkt 103 320 0.321875 1
Pkt 154 480 0.320833 1
Rate:640.708
==========
==========3
5 0 2 24000
Node 61 53 11.4018
Pkt 40 125 0.32 1
Pkt 77 240 0.320833 1
Node 34 41 18.3576
Pkt 96 300 0.32 1
Pkt 103 320 0.321875 1
Node 70 31 27.5862
Pkt 240 750 0.32 1
Pkt 256 800 0.32 1
Node 56 66 17.088
Pkt 48 150 0.32 1
Pkt 32 100 0.32 1
Node 43 38 13.8924
Pkt 96 300 0.32 1
Pkt 120 375 0.32 1
Rate:640.542
==========
==========4
5 0 2 24000
Node 26 56 24.7386
Pkt 32 100 0.32 1
Pkt 77 240 0.320833 1
Node 47 35 15.2971
Pkt 103 320 0.321875 1
Pkt 96 300 0.32 1
Node 27 28 31.8277
Pkt 240 750 0.32 1
Pkt 240 750 0.32 1
Node 71 52 21.095
Pkt 48 150 0.32 1
Pkt 77 240 0.320833 1
Node 66 61 19.4165
Pkt 154 480 0.320833 1
Pkt 128 400 0.32 1
Rate:640.875
==========
==========5
5 0 2 24000
Node 39 47 11.4018
Pkt 40 125 0.32 1
Pkt 52 160 0.325 1
Node 50 58 8
Pkt 128 400 0.32 1
Pkt 103 320 0.321875 1
Node 33 42 18.7883
Pkt 240 750 0.32 1
Pkt 240 750 0.32 1
Node 26 32 30
Pkt 48 150 0.32 1
Pkt 62 192 0.322917 1
Node 66 26 28.8444
Pkt 128 400 0.32 1
Pkt 96 300 0.32 1
Rate:641.958
==========
==========6
5 0 2 24000
Node 67 27 28.6007
Pkt 77 240 0.320833 1
Pkt 77 240 0.320833 1
Node 68 53 18.2483
Pkt 96 300 0.32 1
Pkt 120 375 0.32 1
Node 36 40 17.2047
Pkt 240 750 0.32 1
Pkt 256 800 0.32 1
Node 57 30 21.1896
Pkt 64 200 0.32 1
Pkt 40 125 0.32 1
Node 38 56 13.4164
Pkt 103 320 0.321875 1
Pkt 154 480 0.320833 1
Rate:640.875
==========
==========7
5 0 2 24000
Node 56 44 8.48528
Pkt 48 150 0.32 1
Pkt 40 125 0.32 1
Node 67 33 24.0416
Pkt 103 320 0.321875 1
Pkt 96 300 0.32 1
Node 73 53 23.1948
Pkt 256 800 0.32 1
Pkt 240 750 0.32 1
Node 48 67 17.1172
Pkt 62 192 0.322917 1
Pkt 39 120 0.325 1
Node 59 36 16.6433
Pkt 103 320 0.321875 1
Pkt 120 375 0.32 1
Rate:642.333
==========
==========8
5 0 2 24000
Node 35 38 19.2094
Pkt 80 250 0.32 1
Pkt 32 100 0.32 1
Node 46 39 11.7047
Pkt 154 480 0.320833 1
Pkt 154 480 0.320833 1
Node 51 44 6.08276
Pkt 240 750 0.32 1
Pkt 256 800 0.32 1
Node 50 52 2
Pkt 40 125 0.32 1
Pkt 64 200 0.32 1
Node 50 62 12
Pkt 128 400 0.32 1
Pkt 128 400 0.32 1
Rate:640.333
==========
==========9
5 0 2 24000
Node 57 26 25
Pkt 39 120 0.325 1
Pkt 48 150 0.32 1
Node 57 39 13.0384
Pkt 128 400 0.32 1
Pkt 96 300 0.32 1
Node 46 47 5
Pkt 256 800 0.32 1
Pkt 256 800 0.32 1
Node 54 46 5.65685
Pkt 40 125 0.32 1
Pkt 52 160 0.325 1
Node 31 35 24.2074
Pkt 154 480 0.320833 1
Pkt 128 400 0.32 1
Rate:642.167
==========
==========10
5 0 2 24000
Node 69 69 26.8701
Pkt 32 100 0.32 1
Pkt 52 160 0.325 1
Node 37 25 28.178
Pkt 154 480 0.320833 1
Pkt 103 320 0.321875 1
Node 33 49 17.0294
Pkt 240 750 0.32 1
Pkt 240 750 0.32 1
Node 40 61 14.8661
Pkt 48 150 0.32 1
Pkt 62 192 0.322917 1
Node 65 52 15.1327
Pkt 96 300 0.32 1
Pkt 128 400 0.32 1
Rate:642.125
==========
==========11
5 0 2 24000
Node 33 25 30.2324
Pkt 32 100 0.32 1
Pkt 48 150 0.32 1
Node 45 59 10.2956
Pkt 96 300 0.32 1
Pkt 128 400 0.32 1
Node 51 45 5.09902
Pkt 256 800 0.32 1
Pkt 256 800 0.32 1
Node 46 40 10.7703
Pkt 80 250 0.32 1
Pkt 32 100 0.32 1
Node 38 46 12.6491
Pkt 103 320 0.321875 1
Pkt 120 375 0.32 1
Rate:640.375
==========
==========12
5 0 2 24000
Node 58 29 22.4722
Pkt 32 100 0.32 1
Pkt 39 120 0.325 1
Node 69 53 19.2354
Pkt 120 375 0.32 1
Pkt 128 400 0.32 1
Node 37 53 13.3417
Pkt 240 750 0.32 1
Pkt 240 750 0.32 1
Node 39 30 22.8254
Pkt 48 150 0.32 1
Pkt 52 160 0.325 1
Node 46 55 6.40312
Pkt 120 375 0.32 1
Pkt 103 320 0.321875 1
Rate:642.375
==========
==========13
5 0 2 24000
Node 69 38 22.4722
Pkt 32 100 0.32 1
Pkt 64 200 0.32 1
Node 63 56 14.3178
Pkt 154 480 0.320833 1
Pkt 154 480 0.320833 1
Node 53 38 12.3693
Pkt 240 750 0.32 1
Pkt 256 800 0.32 1
Node 48 44 6.32456
Pkt 64 200 0.32 1
Pkt 77 240 0.320833 1
Node 57 52 7.28011
Pkt 96 300 0.32 1
Pkt 154 480 0.320833 1
Rate:640.667
==========
==========14
5 0 2 24000
Node 35 66 21.9317
Pkt 80 250 0.32 1
Pkt 64 200 0.32 1
Node 66 64 21.2603
Pkt 154 480 0.320833 1
Pkt 120 375 0.32 1
Node 34 27 28.0179
Pkt 240 750 0.32 1
Pkt 256 800 0.32 1
Node 38 70 23.3238
Pkt 39 120 0.325 1
Pkt 62 192 0.322917 1
Node 44 62 13.4164
Pkt 96 300 0.32 1
Pkt 103 320 0.321875 1
Rate:642.125
==========
==========15
5 0 2 24000
Node 44 71 21.8403
Pkt 62 192 0.322917 1
Pkt 52 160 0.325 1
Node 73 33 28.6007
Pkt 120 375 0.32 1
Pkt 103 320 0.321875 1
Node 56 39 12.53
Pkt 240 750 0.32 1
Pkt 256 800 0.32 1
Node 26 43 25
Pkt 52 160 0.325 1
Pkt 64 200 0.32 1
Node 34 26 28.8444
Pkt 120 375 0.32 1
Pkt 96 300 0.32 1
Rate:642.958
==========
==========16
5 0 2 24000
Node 30 26 31.241
Pkt 40 125 0.32 1
Pkt 52 160 0.325 1
Node 53 51 3.16228
Pkt 154 480 0.320833 1
Pkt 103 320 0.321875 1
Node 58 35 17
Pkt 256 800 0.32 1
Pkt 256 800 0.32 1
Node 25 52 25.0799
Pkt 32 100 0.32 1
Pkt 62 192 0.322917 1
Node 49 38 12.0416
Pkt 128 400 0.32 1
Pkt 96 300 0.32 1
Rate:642.125
==========
==========17
5 0 2 24000
Node 54 55 6.40312
Pkt 77 240 0.320833 1
Pkt 80 250 0.32 1
Node 63 56 14.3178
Pkt 128 400 0.32 1
Pkt 128 400 0.32 1
Node 38 70 23.3238
Pkt 256 800 0.32 1
Pkt 240 750 0.32 1
Node 56 58 10
Pkt 77 240 0.320833 1
Pkt 64 200 0.32 1
Node 50 69 19
Pkt 103 320 0.321875 1
Pkt 96 300 0.32 1
Rate:640.708
==========
==========18
5 0 2 24000
Node 46 52 4.47214
Pkt 62 192 0.322917 1
Pkt 39 120 0.325 1
Node 56 40 11.6619
Pkt 154 480 0.320833 1
Pkt 128 400 0.32 1
Node 31 34 24.8395
Pkt 256 800 0.32 1
Pkt 256 800 0.32 1
Node 73 54 23.3452
Pkt 80 250 0.32 1
Pkt 64 200 0.32 1
Node 28 39 24.5967
Pkt 120 375 0.32 1
Pkt 128 400 0.32 1
Rate:641.75
==========
==========19
5 0 2 24000
Node 71 41 22.8473
Pkt 80 250 0.32 1
Pkt 40 125 0.32 1
Node 50 37 13
Pkt 96 300 0.32 1
Pkt 103 320 0.321875 1
Node 57 56 9.21954
Pkt 240 750 0.32 1
Pkt 240 750 0.32 1
Node 67 58 18.7883
Pkt 52 160 0.325 1
Pkt 39 120 0.325 1
Node 51 73 23.0217
Pkt 103 320 0.321875 1
Pkt 96 300 0.32 1
Rate:642.75
==========
==========20
5 0 2 24000
Node 69 28 29.0689
Pkt 62 192 0.322917 1
Pkt 62 192 0.322917 1
Node 57 72 23.0868
Pkt 154 480 0.320833 1
Pkt 120 375 0.32 1
Node 45 40 11.1803
Pkt 256 800 0.32 1
Pkt 240 750 0.32 1
Node 62 70 23.3238
Pkt 32 100 0.32 1
Pkt 52 160 0.325 1
Node 43 69 20.2485
Pkt 103 320 0.321875 1
Pkt 96 300 0.32 1
Rate:642.708
==========
==========21
5 0 2 24000
Node 64 45 14.8661
Pkt 64 200 0.32 1
Pkt 52 160 0.325 1
Node 61 55 12.083
Pkt 120 375 0.32 1
Pkt 154 480 0.320833 1
Node 64 58 16.1245
Pkt 256 800 0.32 1
Pkt 256 800 0.32 1
Node 51 74 24.0208
Pkt 62 192 0.322917 1
Pkt 77 240 0.320833 1
Node 35 60 18.0278
Pkt 154 480 0.320833 1
Pkt 120 375 0.32 1
Rate:642.083
==========
==========22
5 0 2 24000
Node 35 60 18.0278
Pkt 80 250 0.32 1
Pkt 40 125 0.32 1
Node 73 59 24.6982
Pkt 120 375 0.32 1
Pkt 96 300 0.32 1
Node 66 40 18.868
Pkt 240 750 0.32 1
Pkt 256 800 0.32 1
Node 34 71 26.4008
Pkt 48 150 0.32 1
Pkt 80 250 0.32 1
Node 48 64 14.1421
Pkt 128 400 0.32 1
Pkt 103 320 0.321875 1
Rate:640.375
==========
==========23
5 0 2 24000
Node 25 54 25.318
Pkt 80 250 0.32 1
Pkt 32 100 0.32 1
Node 66 58 17.8885
Pkt 103 320 0.321875 1
Pkt 128 400 0.32 1
Node 34 50 16
Pkt 240 750 0.32 1
Pkt 256 800 0.32 1
Node 67 32 24.7588
Pkt 48 150 0.32 1
Pkt 40 125 0.32 1
Node 66 34 22.6274
Pkt 120 375 0.32 1
Pkt 154 480 0.320833 1
Rate:640.542
==========
==========24
5 0 2 24000
Node 47 35 15.2971
Pkt 62 192 0.322917 1
Pkt 32 100 0.32 1
Node 31 52 19.105
Pkt 103 320 0.321875 1
Pkt 103 320 0.321875 1
Node 32 72 28.4253
Pkt 240 750 0.32 1
Pkt 240 750 0.32 1
Node 49 74 24.0208
Pkt 64 200 0.32 1
Pkt 80 250 0.32 1
Node 50 46 4
Pkt 103 320 0.321875 1
Pkt 154 480 0.320833 1
Rate:641.875
==========
==========25
5 0 2 24000
Node 69 62 22.4722
Pkt 32 100 0.32 1
Pkt 40 125 0.32 1
Node 67 59 19.2354
Pkt 103 320 0.321875 1
Pkt 120 375 0.32 1
Node 35 45 15.8114
Pkt 240 750 0.32 1
Pkt 240 750 0.32 1
Node 41 72 23.7697
Pkt 32 100 0.32 1
Pkt 80 250 0.32 1
Node 51 53 3.16228
Pkt 128 400 0.32 1
Pkt 96 300 0.32 1
Rate:640.375
==========
==========26
5 0 2 24000
Node 33 40 19.7231
Pkt 48 150 0.32 1
Pkt 77 240 0.320833 1
Node 57 57 9.89949
Pkt 96 300 0.32 1
Pkt 96 300 0.32 1
Node 58 65 17
Pkt 256 800 0.32 1
Pkt 256 800 0.32 1
Node 66 57 17.4642
Pkt 40 125 0.32 1
Pkt 62 192 0.322917 1
Node 46 48 4.47214
Pkt 96 300 0.32 1
Pkt 128 400 0.32 1
Rate:640.75
==========
==========27
5 0 2 24000
Node 31 25 31.4006
Pkt 52 160 0.325 1
Pkt 32 100 0.32 1
Node 58 67 18.7883
Pkt 103 320 0.321875 1
Pkt 120 375 0.32 1
Node 33 31 25.4951
Pkt 240 750 0.32 1
Pkt 256 800 0.32 1
Node 25 67 30.2324
Pkt 77 240 0.320833 1
Pkt 77 240 0.320833 1
Node 35 36 20.5183
Pkt 96 300 0.32 1
Pkt 128 400 0.32 1
Rate:641.708
==========
==========28
5 0 2 24000
Node 72 61 24.5967
Pkt 80 250 0.32 1
Pkt 40 125 0.32 1
Node 51 66 16.0312
Pkt 154 480 0.320833 1
Pkt 154 480 0.320833 1
Node 48 48 2.82843
Pkt 240 750 0.32 1
Pkt 256 800 0.32 1
Node 70 71 29
Pkt 64 200 0.32 1
Pkt 80 250 0.32 1
Node 49 58 8.06226
Pkt 154 480 0.320833 1
Pkt 154 480 0.320833 1
Rate:640.667
==========
==========29
5 0 2 24000
Node 66 51 16.0312
Pkt 39 120 0.325 1
Pkt 39 120 0.325 1
Node 46 42 8.94427
Pkt 96 300 0.32 1
Pkt 128 400 0.32 1
Node 52 74 24.0832
Pkt 240 750 0.32 1
Pkt 256 800 0.32 1
Node 36 59 16.6433
Pkt 40 125 0.32 1
Pkt 64 200 0.32 1
Node 30 50 20
Pkt 96 300 0.32 1
Pkt 128 400 0.32 1
Rate:642
==========
==========30
5 0 2 24000
Node 50 43 7
Pkt 48 150 0.32 1
Pkt 80 250 0.32 1
Node 74 50 24
Pkt 154 480 0.320833 1
Pkt 128 400 0.32 1
Node 64 40 17.2047
Pkt 256 800 0.32 1
Pkt 256 800 0.32 1
Node 41 39 14.2127
Pkt 52 160 0.325 1
Pkt 32 100 0.32 1
Node 61 62 16.2788
Pkt 96 300 0.32 1
Pkt 128 400 0.32 1
Rate:641.167
==========
==========31
5 0 2 24000
Node 51 40 10.0499
Pkt 32 100 0.32 1
Pkt 32 100 0.32 1
Node 59 50 9
Pkt 96 300 0.32 1
Pkt 103 320 0.321875 1
Node 34 26 28.8444
Pkt 256 800 0.32 1
Pkt 256 800 0.32 1
Node 29 35 25.807
Pkt 64 200 0.32 1
Pkt 80 250 0.32 1
Node 40 48 10.198
Pkt 96 300 0.32 1
Pkt 120 375 0.32 1
Rate:640.375
==========
==========32
5 0 2 24000
Node 72 73 31.8277
Pkt 40 125 0.32 1
Pkt 40 125 0.32 1
Node 42 53 8.544
Pkt 154 480 0.320833 1
Pkt 120 375 0.32 1
Node 43 72 23.0868
Pkt 256 800 0.32 1
Pkt 256 800 0.32 1
Node 54 71 21.3776
Pkt 77 240 0.320833 1
Pkt 32 100 0.32 1
Node 70 46 20.3961
Pkt 128 400 0.32 1
Pkt 154 480 0.320833 1
Rate:640.5
==========
==========33
5 0 2 24000
Node 32 45 18.6815
Pkt 80 250 0.32 1
Pkt 62 192 0.322917 1
Node 45 65 15.8114
Pkt 154 480 0.320833 1
Pkt 154 480 0.320833 1
Node 31 25 31.4006
Pkt 256 800 0.32 1
Pkt 240 750 0.32 1
Node 51 67 17.0294
Pkt 39 120 0.325 1
Pkt 77 240 0.320833 1
Node 49 63 13.0384
Pkt 120 375 0.32 1
Pkt 128 400 0.32 1
Rate:642.083
==========
==========34
5 0 2 24000
Node 63 60 16.4012
Pkt 64 200 0.32 1
Pkt 48 150 0.32 1
Node 46 33 17.4642
Pkt 96 300 0.32 1
Pkt 103 320 0.321875 1
Node 27 33 28.6007
Pkt 256 800 0.32 1
Pkt 256 800 0.32 1
Node 29 54 21.3776
Pkt 52 160 0.325 1
Pkt 62 192 0.322917 1
Node 49 69 19.0263
Pkt 120 375 0.32 1
Pkt 120 375 0.32 1
Rate:641.958
==========
==========35
5 0 2 24000
Node 71 74 31.8904
Pkt 40 125 0.32 1
Pkt 40 125 0.32 1
Node 39 63 17.0294
Pkt 96 300 0.32 1
Pkt 154 480 0.320833 1
Node 39 68 21.095
Pkt 240 750 0.32 1
Pkt 256 800 0.32 1
Node 29 61 23.7065
Pkt 80 250 0.32 1
Pkt 40 125 0.32 1
Node 61 31 21.9545
Pkt 154 480 0.320833 1
Pkt 128 400 0.32 1
Rate:640.333
==========
==========36
5 0 2 24000
Node 47 61 11.4018
Pkt 48 150 0.32 1
Pkt 40 125 0.32 1
Node 70 54 20.3961
Pkt 128 400 0.32 1
Pkt 154 480 0.320833 1
Node 53 56 6.7082
Pkt 256 800 0.32 1
Pkt 256 800 0.32 1
Node 45 25 25.4951
Pkt 62 192 0.322917 1
Pkt 32 100 0.32 1
Node 30 47 20.2237
Pkt 120 375 0.32 1
Pkt 120 375 0.32 1
Rate:640.75
==========
==========37
5 0 2 24000
Node 32 58 19.6977
Pkt 64 200 0.32 1
Pkt 80 250 0.32 1
Node 43 36 15.6525
Pkt 154 480 0.320833 1
Pkt 154 480 0.320833 1
Node 64 51 14.0357
Pkt 256 800 0.32 1
Pkt 240 750 0.32 1
Node 51 25 25.02
Pkt 39 120 0.325 1
Pkt 64 200 0.32 1
Node 28 66 27.2029
Pkt 103 320 0.321875 1
Pkt 128 400 0.32 1
Rate:641.708
==========
==========38
5 0 2 24000
Node 32 55 18.6815
Pkt 62 192 0.322917 1
Pkt 80 250 0.32 1
Node 64 62 18.4391
Pkt 120 375 0.32 1
Pkt 120 375 0.32 1
Node 66 55 16.7631
Pkt 240 750 0.32 1
Pkt 256 800 0.32 1
Node 63 38 17.6918
Pkt 77 240 0.320833 1
Pkt 39 120 0.325 1
Node 40 69 21.4709
Pkt 128 400 0.32 1
Pkt 96 300 0.32 1
Rate:641.75
==========
==========39
5 0 2 24000
Node 30 58 21.5407
Pkt 52 160 0.325 1
Pkt 52 160 0.325 1
Node 45 59 10.2956
Pkt 96 300 0.32 1
Pkt 154 480 0.320833 1
Node 51 51 1.41421
Pkt 256 800 0.32 1
Pkt 256 800 0.32 1
Node 41 71 22.8473
Pkt 62 192 0.322917 1
Pkt 52 160 0.325 1
Node 60 74 26
Pkt 96 300 0.32 1
Pkt 96 300 0.32 1
Rate:643.75
==========
==========40
5 0 2 24000
Node 73 56 23.7697
Pkt 48 150 0.32 1
Pkt 62 192 0.322917 1
Node 33 69 25.4951
Pkt 128 400 0.32 1
Pkt 103 320 0.321875 1
Node 54 71 21.3776
Pkt 256 800 0.32 1
Pkt 256 800 0.32 1
Node 55 35 15.8114
Pkt 52 160 0.325 1
Pkt 48 150 0.32 1
Node 64 29 25.2389
Pkt 120 375 0.32 1
Pkt 103 320 0.321875 1
Rate:642.333
==========
==========41
5 0 2 24000
Node 61 61 15.5563
Pkt 62 192 0.322917 1
Pkt 62 192 0.322917 1
Node 72 33 27.8029
Pkt 128 400 0.32 1
Pkt 128 400 0.32 1
Node 44 31 19.9249
Pkt 240 750 0.32 1
Pkt 240 750 0.32 1
Node 28 28 31.1127
Pkt 52 160 0.325 1
Pkt 32 100 0.32 1
Node 63 41 15.8114
Pkt 103 320 0.321875 1
Pkt 96 300 0.32 1
Rate:642.542
==========
==========42
5 0 2 24000
Node 45 26 24.5153
Pkt 32 100 0.32 1
Pkt 48 150 0.32 1
Node 38 60 15.6205
Pkt 103 320 0.321875 1
Pkt 120 375 0.32 1
Node 61 54 11.7047
Pkt 240 750 0.32 1
Pkt 256 800 0.32 1
Node 31 58 20.6155
Pkt 39 120 0.325 1
Pkt 62 192 0.322917 1
Node 49 30 20.025
Pkt 154 480 0.320833 1
Pkt 128 400 0.32 1
Rate:642.125
==========
==========43
5 0 2 24000
Node 38 66 20
Pkt 48 150 0.32 1
Pkt 52 160 0.325 1
Node 28 55 22.561
Pkt 103 320 0.321875 1
Pkt 128 400 0.32 1
Node 54 35 15.5242
Pkt 240 750 0.32 1
Pkt 240 750 0.32 1
Node 30 54 20.3961
Pkt 39 120 0.325 1
Pkt 80 250 0.32 1
Node 43 63 14.7648
Pkt 96 300 0.32 1
Pkt 96 300 0.32 1
Rate:642.375
==========
==========44
5 0 2 24000
Node 34 34 22.6274
Pkt 52 160 0.325 1
Pkt 39 120 0.325 1
Node 71 29 29.6985
Pkt 103 320 0.321875 1
Pkt 103 320 0.321875 1
Node 72 69 29.0689
Pkt 240 750 0.32 1
Pkt 256 800 0.32 1
Node 74 57 25
Pkt 62 192 0.322917 1
Pkt 52 160 0.325 1
Node 54 44 7.2111
Pkt 128 400 0.32 1
Pkt 120 375 0.32 1
Rate:644.333
==========
==========45
5 0 2 24000
Node 40 37 16.4012
Pkt 52 160 0.325 1
Pkt 40 125 0.32 1
Node 34 63 20.6155
Pkt 96 300 0.32 1
Pkt 154 480 0.320833 1
Node 74 63 27.2947
Pkt 256 800 0.32 1
Pkt 256 800 0.32 1
Node 43 72 23.0868
Pkt 39 120 0.325 1
Pkt 80 250 0.32 1
Node 65 57 16.5529
Pkt 120 375 0.32 1
Pkt 128 400 0.32 1
Rate:642.167
==========
==========46
5 0 2 24000
Node 51 66 16.0312
Pkt 62 192 0.322917 1
Pkt 62 192 0.322917 1
Node 42 36 16.1245
Pkt 103 320 0.321875 1
Pkt 128 400 0.32 1
Node 56 41 10.8167
Pkt 240 750 0.32 1
Pkt 256 800 0.32 1
Node 63 45 13.9284
Pkt 48 150 0.32 1
Pkt 32 100 0.32 1
Node 42 55 9.43398
Pkt 96 300 0.32 1
Pkt 96 300 0.32 1
Rate:641.542
==========
==========47
5 0 2 24000
Node 29 26 31.8904
Pkt 80 250 0.32 1
Pkt 48 150 0.32 1
Node 60 63 16.4012
Pkt 128 400 0.32 1
Pkt 128 400 0.32 1
Node 41 53 9.48683
Pkt 256 800 0.32 1
Pkt 256 800 0.32 1
Node 42 49 8.06226
Pkt 77 240 0.320833 1
Pkt 48 150 0.32 1
Node 38 72 25.0599
Pkt 128 400 0.32 1
Pkt 96 300 0.32 1
Rate:640.167
==========
==========48
5 0 2 24000
Node 43 58 10.6301
Pkt 52 160 0.325 1
Pkt 77 240 0.320833 1
Node 71 26 31.8904
Pkt 120 375 0.32 1
Pkt 128 400 0.32 1
Node 28 45 22.561
Pkt 240 750 0.32 1
Pkt 256 800 0.32 1
Node 34 52 16.1245
Pkt 48 150 0.32 1
Pkt 64 200 0.32 1
Node 57 70 21.1896
Pkt 128 400 0.32 1
Pkt 103 320 0.321875 1
Rate:641.542
==========
==========49
5 0 2 24000
Node 57 55 8.60233
Pkt 80 250 0.32 1
Pkt 64 200 0.32 1
Node 59 25 26.5707
Pkt 120 375 0.32 1
Pkt 103 320 0.321875 1
Node 27 38 25.9422
Pkt 256 800 0.32 1
Pkt 256 800 0.32 1
Node 33 70 26.2488
Pkt 39 120 0.325 1
Pkt 64 200 0.32 1
Node 38 35 19.2094
Pkt 96 300 0.32 1
Pkt 128 400 0.32 1
Rate:641.375
==========
==========50
5 0 2 24000
Node 59 59 12.7279
Pkt 62 192 0.322917 1
Pkt 62 192 0.322917 1
Node 58 70 21.5407
Pkt 103 320 0.321875 1
Pkt 103 320 0.321875 1
Node 29 66 26.4008
Pkt 256 800 0.32 1
Pkt 256 800 0.32 1
Node 36 73 26.9258
Pkt 80 250 0.32 1
Pkt 40 125 0.32 1
Node 36 60 17.2047
Pkt 120 375 0.32 1
Pkt 128 400 0.32 1
Rate:641.917
==========
==========51
5 0 2 24000
Node 52 47 3.60555
Pkt 39 120 0.325 1
Pkt 40 125 0.32 1
Node 48 25 25.0799
Pkt 103 320 0.321875 1
Pkt 120 375 0.32 1
Node 56 74 24.7386
Pkt 240 750 0.32 1
Pkt 256 800 0.32 1
Node 68 70 26.9072
Pkt 77 240 0.320833 1
Pkt 52 160 0.325 1
Node 65 67 22.6716
Pkt 103 320 0.321875 1
Pkt 103 320 0.321875 1
Rate:643.292
==========
==========52
5 0 2 24000
Node 40 27 25.0799
Pkt 48 150 0.32 1
Pkt 40 125 0.32 1
Node 46 47 5
Pkt 103 320 0.321875 1
Pkt 96 300 0.32 1
Node 46 60 10.7703
Pkt 256 800 0.32 1
Pkt 240 750 0.32 1
Node 47 32 18.2483
Pkt 39 120 0.325 1
Pkt 39 120 0.325 1
Node 45 26 24.5153
Pkt 120 375 0.32 1
Pkt 128 400 0.32 1
Rate:642.375
==========
==========53
5 0 2 24000
Node 60 53 10.4403
Pkt 77 240 0.320833 1
Pkt 62 192 0.322917 1
Node 45 33 17.72
Pkt 96 300 0.32 1
Pkt 103 320 0.321875 1
Node 35 48 15.1327
Pkt 240 750 0.32 1
Pkt 240 750 0.32 1
Node 58 25 26.2488
Pkt 32 100 0.32 1
Pkt 40 125 0.32 1
Node 26 47 24.1868
Pkt 120 375 0.32 1
Pkt 96 300 0.32 1
Rate:641.125
==========
==========54
5 0 2 24000
Node 48 29 21.095
Pkt 40 125 0.32 1
Pkt 48 150 0.32 1
Node 28 63 25.5539
Pkt 103 320 0.321875 1
Pkt 154 480 0.320833 1
Node 29 69 28.3196
Pkt 240 750 0.32 1
Pkt 240 750 0.32 1
Node 34 55 16.7631
Pkt 64 200 0.32 1
Pkt 64 200 0.32 1
Node 51 62 12.0416
Pkt 96 300 0.32 1
Pkt 103 320 0.321875 1
Rate:640.917
==========
==========55
5 0 2 24000
Node 56 58 10
Pkt 64 200 0.32 1
Pkt 62 192 0.322917 1
Node 51 48 2.23607
Pkt 96 300 0.32 1
Pkt 96 300 0.32 1
Node 37 56 14.3178
Pkt 240 750 0.32 1
Pkt 256 800 0.32 1
Node 72 41 23.7697
Pkt 39 120 0.325 1
Pkt 48 150 0.32 1
Node 61 52 11.1803
Pkt 103 320 0.321875 1
Pkt 128 400 0.32 1
Rate:641.958
==========
==========56
5 0 2 24000
Node 50 52 2
Pkt 64 200 0.32 1
Pkt 64 200 0.32 1
Node 66 57 17.4642
Pkt 128 400 0.32 1
Pkt 103 320 0.321875 1
Node 37 35 19.8494
Pkt 256 800 0.32 1
Pkt 240 750 0.32 1
Node 65 54 15.5242
Pkt 52 160 0.325 1
Pkt 39 120 0.325 1
Node 25 62 27.7308
Pkt 128 400 0.32 1
Pkt 120 375 0.32 1
Rate:642.375
==========
==========57
5 0 2 24000
Node 37 71 24.6982
Pkt 48 150 0.32 1
Pkt 64 200 0.32 1
Node 65 31 24.2074
Pkt 96 300 0.32 1
Pkt 96 300 0.32 1
Node 44 39 12.53
Pkt 256 800 0.32 1
Pkt 240 750 0.32 1
Node 34 39 19.4165
Pkt 40 125 0.32 1
Pkt 40 125 0.32 1
Node 28 27 31.8277
Pkt 96 300 0.32 1
Pkt 154 480 0.320833 1
Rate:640.167
==========
==========58
5 0 2 24000
Node 73 62 25.9422
Pkt 64 200 0.32 1
Pkt 64 200 0.32 1
Node 53 54 5
Pkt 120 375 0.32 1
Pkt 128 400 0.32 1
Node 60 56 11.6619
Pkt 256 800 0.32 1
Pkt 240 750 0.32 1
Node 32 65 23.4307
Pkt 48 150 0.32 1
Pkt 64 200 0.32 1
Node 59 32 20.1246
Pkt 103 320 0.321875 1
Pkt 128 400 0.32 1
Rate:640.375
==========
==========59
5 0 2 24000
Node 37 71 24.6982
Pkt 62 192 0.322917 1
Pkt 40 125 0.32 1
Node 30 64 24.4131
Pkt 128 400 0.32 1
Pkt 120 375 0.32 1
Node 39 44 12.53
Pkt 240 750 0.32 1
Pkt 256 800 0.32 1
Node 40 69 21.4709
Pkt 48 150 0.32 1
Pkt 40 125 0.32 1
Node 37 52 13.1529
Pkt 103 320 0.321875 1
Pkt 103 320 0.321875 1
Rate:641.333
==========
==========60
5 0 2 24000
Node 56 65 16.1555
Pkt 39 120 0.325 1
Pkt 77 240 0.320833 1
Node 53 42 8.544
Pkt 128 400 0.32 1
Pkt 154 480 0.320833 1
Node 46 65 15.5242
Pkt 256 800 0.32 1
Pkt 256 800 0.32 1
Node 67 64 22.0227
Pkt 52 160 0.325 1
Pkt 48 150 0.32 1
Node 73 69 29.8329
Pkt 103 320 0.321875 1
Pkt 120 375 0.32 1
Rate:642.708
==========
==========61
5 0 2 24000
Node 39 29 23.7065
Pkt 48 150 0.32 1
Pkt 77 240 0.320833 1
Node 46 56 7.2111
Pkt 103 320 0.321875 1
Pkt 96 300 0.32 1
Node 61 54 11.7047
Pkt 256 800 0.32 1
Pkt 240 750 0.32 1
Node 73 48 23.0868
Pkt 77 240 0.320833 1
Pkt 80 250 0.32 1
Node 74 51 24.0208
Pkt 154 480 0.320833 1
Pkt 103 320 0.321875 1
Rate:641.25
==========
==========62
5 0 2 24000
Node 63 28 25.5539
Pkt 52 160 0.325 1
Pkt 62 192 0.322917 1
Node 27 74 33.2415
Pkt 154 480 0.320833 1
Pkt 96 300 0.32 1
Node 31 71 28.3196
Pkt 256 800 0.32 1
Pkt 256 800 0.32 1
Node 55 48 5.38516
Pkt 62 192 0.322917 1
Pkt 52 160 0.325 1
Node 44 35 16.1555
Pkt 128 400 0.32 1
Pkt 154 480 0.320833 1
Rate:643.5
==========
==========63
5 0 2 24000
Node 54 30 20.3961
Pkt 40 125 0.32 1
Pkt 32 100 0.32 1
Node 66 38 20
Pkt 120 375 0.32 1
Pkt 96 300 0.32 1
Node 58 34 17.8885
Pkt 240 750 0.32 1
Pkt 256 800 0.32 1
Node 34 29 26.4008
Pkt 39 120 0.325 1
Pkt 62 192 0.322917 1
Node 57 26 25
Pkt 103 320 0.321875 1
Pkt 120 375 0.32 1
Rate:641.958
==========
==========64
5 0 2 24000
Node 34 54 16.4924
Pkt 80 250 0.32 1
Pkt 48 150 0.32 1
Node 65 27 27.4591
Pkt 120 375 0.32 1
Pkt 154 480 0.320833 1
Node 70 49 20.025
Pkt 256 800 0.32 1
Pkt 256 800 0.32 1
Node 55 58 9.43398
Pkt 40 125 0.32 1
Pkt 40 125 0.32 1
Node 35 37 19.8494
Pkt 103 320 0.321875 1
Pkt 103 320 0.321875 1
Rate:640.917
==========
==========65
5 0 2 24000
Node 67 48 17.1172
Pkt 52 160 0.325 1
Pkt 39 120 0.325 1
Node 69 28 29.0689
Pkt 154 480 0.320833 1
Pkt 154 480 0.320833 1
Node 74 65 28.3019
Pkt 256 800 0.32 1
Pkt 256 800 0.32 1
Node 51 69 19.0263
Pkt 52 160 0.325 1
Pkt 52 160 0.325 1
Node 34 48 16.1245
Pkt 103 320 0.321875 1
Pkt 96 300 0.32 1
Rate:644.708
==========
==========66
5 0 2 24000
Node 37 56 14.3178
Pkt 48 150 0.32 1
Pkt 62 192 0.322917 1
Node 72 70 29.7321
Pkt 103 320 0.321875 1
Pkt 103 320 0.321875 1
Node 71 42 22.4722
Pkt 256 800 0.32 1
Pkt 240 750 0.32 1
Node 44 72 22.8035
Pkt 48 150 0.32 1
Pkt 39 120 0.325 1
Node 48 53 3.60555
Pkt 128 400 0.32 1
Pkt 120 375 0.32 1
Rate:642.333
==========
==========67
5 0 2 24000
Node 59 50 9
Pkt 80 250 0.32 1
Pkt 62 192 0.322917 1
Node 72 50 22
Pkt 128 400 0.32 1
Pkt 96 300 0.32 1
Node 56 64 15.2315
Pkt 256 800 0.32 1
Pkt 256 800 0.32 1
Node 33 63 21.4009
Pkt 80 250 0.32 1
Pkt 40 125 0.32 1
Node 63 26 27.2947
Pkt 128 400 0.32 1
Pkt 128 400 0.32 1
Rate:640.583
==========
==========68
5 0 2 24000
Node 49 39 11.0454
Pkt 40 125 0.32 1
Pkt 32 100 0.32 1
Node 63 27 26.4197
Pkt 128 400 0.32 1
Pkt 128 400 0.32 1
Node 48 35 15.1327
Pkt 240 750 0.32 1
Pkt 256 800 0.32 1
Node 45 72 22.561
Pkt 40 125 0.32 1
Pkt 64 200 0.32 1
Node 50 49 1
Pkt 154 480 0.320833 1
Pkt 96 300 0.32 1
Rate:640.167
==========
==========69
5 0 2 24000
Node 50 36 14
Pkt 80 250 0.32 1
Pkt 77 240 0.320833 1
Node 57 26 25
Pkt 154 480 0.320833 1
Pkt 128 400 0.32 1
Node 73 53 23.1948
Pkt 256 800 0.32 1
Pkt 256 800 0.32 1
Node 45 71 21.587
Pkt 62 192 0.322917 1
Pkt 77 240 0.320833 1
Node 25 74 34.6554
Pkt 120 375 0.32 1
Pkt 154 480 0.320833 1
Rate:641.25
==========
==========70
5 0 2 24000
Node 25 58 26.2488
Pkt 77 240 0.320833 1
Pkt 40 125 0.32 1
Node 41 44 10.8167
Pkt 154 480 0.320833 1
Pkt 154 480 0.320833 1
Node 56 41 10.8167
Pkt 240 750 0.32 1
Pkt 240 750 0.32 1
Node 66 50 16
Pkt 62 192 0.322917 1
Pkt 77 240 0.320833 1
Node 43 57 9.89949
Pkt 96 300 0.32 1
Pkt 103 320 0.321875 1
Rate:641.625
==========
==========71
5 0 2 24000
Node 43 27 24.0416
Pkt 39 120 0.325 1
Pkt 52 160 0.325 1
Node 27 62 25.9422
Pkt 128 400 0.32 1
Pkt 128 400 0.32 1
Node 43 63 14.7648
Pkt 240 750 0.32 1
Pkt 256 800 0.32 1
Node 29 58 22.4722
Pkt 52 160 0.325 1
Pkt 40 125 0.32 1
Node 56 46 7.2111
Pkt 154 480 0.320833 1
Pkt 120 375 0.32 1
Rate:643.167
==========
==========72
5 0 2 24000
Node 54 30 20.3961
Pkt 32 100 0.32 1
Pkt 80 250 0.32 1
Node 25 61 27.313
Pkt 103 320 0.321875 1
Pkt 128 400 0.32 1
Node 69 52 19.105
Pkt 256 800 0.32 1
Pkt 240 750 0.32 1
Node 38 36 18.4391
Pkt 62 192 0.322917 1
Pkt 32 100 0.32 1
Node 46 43 8.06226
Pkt 120 375 0.32 1
Pkt 154 480 0.320833 1
Rate:641.125
==========
==========73
5 0 2 24000
Node 40 47 10.4403
Pkt 62 192 0.322917 1
Pkt 32 100 0.32 1
Node 50 45 5
Pkt 96 300 0.32 1
Pkt 120 375 0.32 1
Node 28 38 25.0599
Pkt 256 800 0.32 1
Pkt 240 750 0.32 1
Node 40 52 10.198
Pkt 40 125 0.32 1
Pkt 40 125 0.32 1
Node 59 46 9.84886
Pkt 128 400 0.32 1
Pkt 154 480 0.320833 1
Rate:640.75
==========
==========74
5 0 2 24000
Node 27 48 23.0868
Pkt 80 250 0.32 1
Pkt 77 240 0.320833 1
Node 57 48 7.28011
Pkt 154 480 0.320833 1
Pkt 154 480 0.320833 1
Node 54 72 22.3607
Pkt 256 800 0.32 1
Pkt 256 800 0.32 1
Node 62 54 12.6491
Pkt 39 120 0.325 1
Pkt 77 240 0.320833 1
Node 44 40 11.6619
Pkt 154 480 0.320833 1
Pkt 103 320 0.321875 1
Rate:642.208
==========
==========75
5 0 2 24000
Node 44 59 10.8167
Pkt 32 100 0.32 1
Pkt 40 125 0.32 1
Node 30 31 27.5862
Pkt 154 480 0.320833 1
Pkt 96 300 0.32 1
Node 48 51 2.23607
Pkt 256 800 0.32 1
Pkt 240 750 0.32 1
Node 45 74 24.5153
Pkt 32 100 0.32 1
Pkt 32 100 0.32 1
Node 74 46 24.3311
Pkt 96 300 0.32 1
Pkt 96 300 0.32 1
Rate:640.167
==========
==========76
5 0 2 24000
Node 58 29 22.4722
Pkt 32 100 0.32 1
Pkt 77 240 0.320833 1
Node 74 65 28.3019
Pkt 96 300 0.32 1
Pkt 120 375 0.32 1
Node 40 69 21.4709
Pkt 240 750 0.32 1
Pkt 240 750 0.32 1
Node 73 65 27.4591
Pkt 64 200 0.32 1
Pkt 40 125 0.32 1
Node 46 44 7.2111
Pkt 154 480 0.320833 1
Pkt 103 320 0.321875 1
Rate:640.708
==========
==========77
5 0 2 24000
Node 41 57 11.4018
Pkt 40 125 0.32 1
Pkt 77 240 0.320833 1
Node 28 33 27.8029
Pkt 120 375 0.32 1
Pkt 128 400 0.32 1
Node 47 52 3.60555
Pkt 256 800 0.32 1
Pkt 256 800 0.32 1
Node 63 48 13.1529
Pkt 80 250 0.32 1
Pkt 77 240 0.320833 1
Node 55 38 13
Pkt 154 480 0.320833 1
Pkt 96 300 0.32 1
Rate:640.5
==========
==========78
5 0 2 24000
Node 73 61 25.4951
Pkt 77 240 0.320833 1
Pkt 48 150 0.32 1
Node 71 68 27.6586
Pkt 103 320 0.321875 1
Pkt 128 400 0.32 1
Node 58 69 20.6155
Pkt 256 800 0.32 1
Pkt 240 750 0.32 1
Node 28 71 30.4138
Pkt 62 192 0.322917 1
Pkt 80 250 0.32 1
Node 30 58 21.5407
Pkt 103 320 0.321875 1
Pkt 96 300 0.32 1
Rate:641.5
==========
==========79
5 0 2 24000
Node 63 34 20.6155
Pkt 77 240 0.320833 1
Pkt 40 125 0.32 1
Node 47 48 3.60555
Pkt 103 320 0.321875 1
Pkt 128 400 0.32 1
Node 74 59 25.632
Pkt 256 800 0.32 1
Pkt 240 750 0.32 1
Node 35 37 19.8494
Pkt 48 150 0.32 1
Pkt 39 120 0.325 1
Node 37 66 20.6155
Pkt 154 480 0.320833 1
Pkt 120 375 0.32 1
Rate:641.708
==========
==========80
5 0 2 24000
Node 44 42 10
Pkt 64 200 0.32 1
Pkt 77 240 0.320833 1
Node 61 41 14.2127
Pkt 128 400 0.32 1
Pkt 154 480 0.320833 1
Node 59 40 13.4536
Pkt 256 800 0.32 1
Pkt 240 750 0.32 1
Node 73 31 29.8329
Pkt 40 125 0.32 1
Pkt 40 125 0.32 1
Node 58 41 12.0416
Pkt 96 300 0.32 1
Pkt 96 300 0.32 1
Rate:640.333
==========
==========81
5 0 2 24000
Node 25 43 25.9615
Pkt 32 100 0.32 1
Pkt 64 200 0.32 1
Node 28 71 30.4138
Pkt 154 480 0.320833 1
Pkt 120 375 0.32 1
Node 67 39 20.2485
Pkt 240 750 0.32 1
Pkt 240 750 0.32 1
Node 36 29 25.2389
Pkt 39 120 0.325 1
Pkt 48 150 0.32 1
Node 49 36 14.0357
Pkt 120 375 0.32 1
Pkt 154 480 0.320833 1
Rate:641.333
==========
==========82
5 0 2 24000
Node 51 72 22.0227
Pkt 40 125 0.32 1
Pkt 48 150 0.32 1
Node 30 74 31.241
Pkt 120 375 0.32 1
Pkt 103 320 0.321875 1
Node 47 35 15.2971
Pkt 256 800 0.32 1
Pkt 256 800 0.32 1
Node 63 47 13.3417
Pkt 40 125 0.32 1
Pkt 77 240 0.320833 1
Node 33 67 24.0416
Pkt 120 375 0.32 1
Pkt 120 375 0.32 1
Rate:640.542
==========
==========83
5 0 2 24000
Node 46 74 24.3311
Pkt 80 250 0.32 1
Pkt 80 250 0.32 1
Node 44 68 18.9737
Pkt 128 400 0.32 1
Pkt 154 480 0.320833 1
Node 53 37 13.3417
Pkt 256 800 0.32 1
Pkt 240 750 0.32 1
Node 29 33 27.0185
Pkt 39 120 0.325 1
Pkt 62 192 0.322917 1
Node 42 32 19.6977
Pkt 96 300 0.32 1
Pkt 96 300 0.32 1
Rate:641.75
==========
==========84
5 0 2 24000
Node 43 45 8.60233
Pkt 48 150 0.32 1
Pkt 64 200 0.32 1
Node 65 37 19.8494
Pkt 120 375 0.32 1
Pkt 103 320 0.321875 1
Node 60 66 18.868
Pkt 240 750 0.32 1
Pkt 256 800 0.32 1
Node 30 67 26.2488
Pkt 77 240 0.320833 1
Pkt 80 250 0.32 1
Node 56 67 18.0278
Pkt 120 375 0.32 1
Pkt 96 300 0.32 1
Rate:640.542
==========
==========85
5 0 2 24000
Node 54 46 5.65685
Pkt 64 200 0.32 1
Pkt 40 125 0.32 1
Node 33 43 18.3848
Pkt 128 400 0.32 1
Pkt 96 300 0.32 1
Node 50 65 15
Pkt 256 800 0.32 1
Pkt 256 800 0.32 1
Node 46 48 4.47214
Pkt 77 240 0.320833 1
Pkt 80 250 0.32 1
Node 33 53 17.2627
Pkt 96 300 0.32 1
Pkt 103 320 0.321875 1
Rate:640.542
==========
==========86
5 0 2 24000
Node 68 40 20.5913
Pkt 48 150 0.32 1
Pkt 32 100 0.32 1
Node 56 40 11.6619
Pkt 120 375 0.32 1
Pkt 120 375 0.32 1
Node 50 26 24
Pkt 256 800 0.32 1
Pkt 256 800 0.32 1
Node 37 29 24.6982
Pkt 80 250 0.32 1
Pkt 40 125 0.32 1
Node 41 59 12.7279
Pkt 96 300 0.32 1
Pkt 96 300 0.32 1
Rate:640
==========
==========87
5 0 2 24000
Node 45 46 6.40312
Pkt 48 150 0.32 1
Pkt 52 160 0.325 1
Node 51 29 21.0238
Pkt 96 300 0.32 1
Pkt 120 375 0.32 1
Node 30 44 20.8806
Pkt 240 750 0.32 1
Pkt 256 800 0.32 1
Node 59 74 25.632
Pkt 80 250 0.32 1
Pkt 80 250 0.32 1
Node 27 34 28.0179
Pkt 103 320 0.321875 1
Pkt 120 375 0.32 1
Rate:641.375
==========
==========88
5 0 2 24000
Node 27 39 25.4951
Pkt 80 250 0.32 1
Pkt 62 192 0.322917 1
Node 50 42 8
Pkt 120 375 0.32 1
Pkt 128 400 0.32 1
Node 29 54 21.3776
Pkt 256 800 0.32 1
Pkt 256 800 0.32 1
Node 27 52 23.0868
Pkt 77 240 0.320833 1
Pkt 77 240 0.320833 1
Node 34 28 27.2029
Pkt 128 400 0.32 1
Pkt 120 375 0.32 1
Rate:640.917
==========
==========89
5 0 2 24000
Node 33 71 27.0185
Pkt 80 250 0.32 1
Pkt 62 192 0.322917 1
Node 56 37 14.3178
Pkt 103 320 0.321875 1
Pkt 96 300 0.32 1
Node 38 51 12.0416
Pkt 256 800 0.32 1
Pkt 240 750 0.32 1
Node 39 30 22.8254
Pkt 48 150 0.32 1
Pkt 39 120 0.325 1
Node 39 67 20.2485
Pkt 154 480 0.320833 1
Pkt 103 320 0.321875 1
Rate:642.5
==========
==========90
5 0 2 24000
Node 53 30 20.2237
Pkt 80 250 0.32 1
Pkt 64 200 0.32 1
Node 69 64 23.6008
Pkt 154 480 0.320833 1
Pkt 128 400 0.32 1
Node 49 60 10.0499
Pkt 256 800 0.32 1
Pkt 256 800 0.32 1
Node 57 50 7
Pkt 48 150 0.32 1
Pkt 40 125 0.32 1
Node 30 27 30.4795
Pkt 96 300 0.32 1
Pkt 103 320 0.321875 1
Rate:640.542
==========
==========91
5 0 2 24000
Node 37 69 23.0217
Pkt 32 100 0.32 1
Pkt 80 250 0.32 1
Node 58 40 12.8062
Pkt 128 400 0.32 1
Pkt 154 480 0.320833 1
Node 28 71 30.4138
Pkt 256 800 0.32 1
Pkt 256 800 0.32 1
Node 43 62 13.8924
Pkt 32 100 0.32 1
Pkt 48 150 0.32 1
Node 41 30 21.9317
Pkt 120 375 0.32 1
Pkt 120 375 0.32 1
Rate:640.167
==========
==========92
5 0 2 24000
Node 30 44 20.8806
Pkt 39 120 0.325 1
Pkt 77 240 0.320833 1
Node 54 73 23.3452
Pkt 128 400 0.32 1
Pkt 154 480 0.320833 1
Node 53 27 23.1948
Pkt 240 750 0.32 1
Pkt 240 750 0.32 1
Node 63 58 15.2643
Pkt 40 125 0.32 1
Pkt 77 240 0.320833 1
Node 70 55 20.6155
Pkt 154 480 0.320833 1
Pkt 103 320 0.321875 1
Rate:642.042
==========
==========93
5 0 2 24000
Node 34 54 16.4924
Pkt 39 120 0.325 1
Pkt 48 150 0.32 1
Node 54 36 14.5602
Pkt 120 375 0.32 1
Pkt 128 400 0.32 1
Node 65 62 19.2094
Pkt 240 750 0.32 1
Pkt 256 800 0.32 1
Node 56 46 7.2111
Pkt 39 120 0.325 1
Pkt 64 200 0.32 1
Node 71 55 21.587
Pkt 120 375 0.32 1
Pkt 128 400 0.32 1
Rate:642
==========
==========94
5 0 2 24000
Node 71 46 21.3776
Pkt 62 192 0.322917 1
Pkt 64 200 0.32 1
Node 53 64 14.3178
Pkt 96 300 0.32 1
Pkt 120 375 0.32 1
Node 51 52 2.23607
Pkt 256 800 0.32 1
Pkt 256 800 0.32 1
Node 31 59 21.0238
Pkt 77 240 0.320833 1
Pkt 77 240 0.320833 1
Node 27 70 30.4795
Pkt 154 480 0.320833 1
Pkt 120 375 0.32 1
Rate:641.083
==========
==========95
5 0 2 24000
Node 39 69 21.9545
Pkt 52 160 0.325 1
Pkt 39 120 0.325 1
Node 58 70 21.5407
Pkt 120 375 0.32 1
Pkt 103 320 0.321875 1
Node 68 71 27.6586
Pkt 256 800 0.32 1
Pkt 240 750 0.32 1
Node 60 38 15.6205
Pkt 52 160 0.325 1
Pkt 39 120 0.325 1
Node 51 33 17.0294
Pkt 120 375 0.32 1
Pkt 120 375 0.32 1
Rate:644.375
==========
==========96
5 0 2 24000
Node 26 33 29.4109
Pkt 80 250 0.32 1
Pkt 80 250 0.32 1
Node 53 51 3.16228
Pkt 154 480 0.320833 1
Pkt 96 300 0.32 1
Node 56 39 12.53
Pkt 240 750 0.32 1
Pkt 240 750 0.32 1
Node 34 25 29.6816
Pkt 39 120 0.325 1
Pkt 77 240 0.320833 1
Node 32 47 18.2483
Pkt 96 300 0.32 1
Pkt 154 480 0.320833 1
Rate:641.5
==========
==========97
5 0 2 24000
Node 27 65 27.4591
Pkt 80 250 0.32 1
Pkt 48 150 0.32 1
Node 33 39 20.2485
Pkt 103 320 0.321875 1
Pkt 103 320 0.321875 1
Node 35 58 17
Pkt 240 750 0.32 1
Pkt 240 750 0.32 1
Node 65 67 22.6716
Pkt 48 150 0.32 1
Pkt 32 100 0.32 1
Node 36 40 17.2047
Pkt 128 400 0.32 1
Pkt 103 320 0.321875 1
Rate:641.125
==========
==========98
5 0 2 24000
Node 33 39 20.2485
Pkt 48 150 0.32 1
Pkt 48 150 0.32 1
Node 60 49 10.0499
Pkt 154 480 0.320833 1
Pkt 120 375 0.32 1
Node 44 51 6.08276
Pkt 256 800 0.32 1
Pkt 240 750 0.32 1
Node 67 28 27.8029
Pkt 39 120 0.325 1
Pkt 32 100 0.32 1
Node 68 28 28.4253
Pkt 154 480 0.320833 1
Pkt 103 320 0.321875 1
Rate:641.708
==========
==========99
