7 0 2 24000
Node 56 50 6
Pkt 35 250 0.14 1
Pkt 21 150 0.14 1
Node 68 58 19.6977
Pkt 68 480 0.141667 1
Pkt 68 480 0.141667 1
Node 74 31 30.6105
Pkt 105 750 0.14 1
Pkt 112 800 0.14 1
Node 56 74 24.7386
Pkt 35 250 0.14 1
Pkt 23 160 0.14375 1
Node 37 66 20.6155
Pkt 56 400 0.14 1
Pkt 42 300 0.14 1
Node 59 67 19.2354
Pkt 105 750 0.14 1
Pkt 112 800 0.14 1
Node 33 31 25.4951
Pkt 14 100 0.14 1
Pkt 21 150 0.14 1
Rate:281.012
==========
==========0
7 0 2 24000
Node 63 53 13.3417
Pkt 34 240 0.141667 1
Pkt 35 250 0.14 1
Node 32 62 21.6333
Pkt 68 480 0.141667 1
Pkt 45 320 0.140625 1
Node 25 57 25.9615
Pkt 105 750 0.14 1
Pkt 105 750 0.14 1
Node 72 28 31.1127
Pkt 23 160 0.14375 1
Pkt 18 125 0.144 1
Node 50 36 14
Pkt 45 320 0.140625 1
Pkt 45 320 0.140625 1
Node 54 49 4.12311
Pkt 105 750 0.14 1
Pkt 112 800 0.14 1
Node 70 29 29
Pkt 34 240 0.141667 1
Pkt 21 150 0.14 1
Rate:282.089
==========
==========1
7 0 2 24000
Node 70 34 25.6125
Pkt 27 192 0.140625 1
Pkt 28 200 0.14 1
Node 64 45 14.8661
Pkt 56 400 0.14 1
Pkt 68 480 0.141667 1
Node 34 27 28.0179
Pkt 112 800 0.14 1
Pkt 105 750 0.14 1
Node 63 26 27.2947
Pkt 23 160 0.14375 1
Pkt 23 160 0.14375 1
Node 38 56 13.4164
Pkt 68 480 0.141667 1
Pkt 68 480 0.141667 1
Node 63 34 20.6155
Pkt 112 800 0.14 1
Pkt 112 800 0.14 1
Node 42 73 24.3516
Pkt 18 125 0.144 1
Pkt 35 250 0.14 1
Rate:282.446
==========
==========2
7 0 2 24000
Node 58 45 9.43398
Pkt 18 125 0.144 1
Pkt 17 120 0.141667 1
Node 67 30 26.2488
Pkt 68 480 0.141667 1
Pkt 53 375 0.141333 1
Node 46 67 17.4642
Pkt 112 800 0.14 1
Pkt 105 750 0.14 1
Node 73 57 24.0416
Pkt 21 150 0.14 1
Pkt 17 120 0.141667 1
Node 62 48 12.1655
Pkt 68 480 0.141667 1
Pkt 45 320 0.140625 1
Node 59 42 12.0416
Pkt 112 800 0.14 1
Pkt 112 800 0.14 1
Node 45 30 20.6155
Pkt 14 100 0.14 1
Pkt 27 192 0.140625 1
Rate:281.893
==========
==========3
7 0 2 24000
Node 54 53 5
Pkt 23 160 0.14375 1
Pkt 35 250 0.14 1
Node 49 66 16.0312
Pkt 68 480 0.141667 1
Pkt 56 400 0.14 1
Node 42 49 8.06226
Pkt 105 750 0.14 1
Pkt 112 800 0.14 1
Node 43 69 20.2485
Pkt 34 240 0.141667 1
Pkt 18 125 0.144 1
Node 72 42 23.4094
Pkt 42 300 0.14 1
Pkt 56 400 0.14 1
Node 57 53 7.61577
Pkt 112 800 0.14 1
Pkt 105 750 0.14 1
Node 63 49 13.0384
Pkt 35 250 0.14 1
Pkt 18 125 0.144 1
Rate:282.155
==========
==========4
7 0 2 24000
Node 38 42 14.4222
Pkt 34 240 0.141667 1
Pkt 35 250 0.14 1
Node 56 57 9.21954
Pkt 56 400 0.14 1
Pkt 53 375 0.141333 1
Node 57 47 7.61577
Pkt 105 750 0.14 1
Pkt 112 800 0.14 1
Node 67 61 20.2485
Pkt 14 100 0.14 1
Pkt 35 250 0.14 1
Node 44 58 10
Pkt 68 480 0.141667 1
Pkt 45 320 0.140625 1
Node 31 43 20.2485
Pkt 112 800 0.14 1
Pkt 112 800 0.14 1
Node 63 45 13.9284
Pkt 18 125 0.144 1
Pkt 27 192 0.140625 1
Rate:281.417
==========
==========5
7 0 2 24000
Node 50 31 19
Pkt 21 150 0.14 1
Pkt 21 150 0.14 1
Node 36 59 16.6433
Pkt 68 480 0.141667 1
Pkt 56 400 0.14 1
Node 73 60 25.0799
Pkt 112 800 0.14 1
Pkt 105 750 0.14 1
Node 56 72 22.8035
Pkt 35 250 0.14 1
Pkt 23 160 0.14375 1
Node 51 65 15.0333
Pkt 45 320 0.140625 1
Pkt 53 375 0.141333 1
Node 25 61 27.313
Pkt 105 750 0.14 1
Pkt 105 750 0.14 1
Node 58 34 17.8885
Pkt 28 200 0.14 1
Pkt 17 120 0.141667 1
Rate:281.292
==========
==========6
7 0 2 24000
Node 71 36 25.2389
Pkt 35 250 0.14 1
Pkt 18 125 0.144 1
Node 65 37 19.8494
Pkt 42 300 0.14 1
Pkt 42 300 0.14 1
Node 48 32 18.1108
Pkt 105 750 0.14 1
Pkt 105 750 0.14 1
Node 49 36 14.0357
Pkt 14 100 0.14 1
Pkt 34 240 0.141667 1
Node 63 72 25.5539
Pkt 45 320 0.140625 1
Pkt 68 480 0.141667 1
Node 29 58 22.4722
Pkt 112 800 0.14 1
Pkt 105 750 0.14 1
Node 64 52 14.1421
Pkt 17 120 0.141667 1
Pkt 18 125 0.144 1
Rate:281.946
==========
==========7
7 0 2 24000
Node 35 30 25
Pkt 27 192 0.140625 1
Pkt 18 125 0.144 1
Node 50 26 24
Pkt 53 375 0.141333 1
Pkt 42 300 0.14 1
Node 71 42 22.4722
Pkt 112 800 0.14 1
Pkt 112 800 0.14 1
Node 46 42 8.94427
Pkt 18 125 0.144 1
Pkt 34 240 0.141667 1
Node 32 42 19.6977
Pkt 45 320 0.140625 1
Pkt 53 375 0.141333 1
Node 63 72 25.5539
Pkt 112 800 0.14 1
Pkt 112 800 0.14 1
Node 28 43 23.0868
Pkt 28 200 0.14 1
Pkt 23 160 0.14375 1
Rate:282.476
==========
==========8
7 0 2 24000
Node 68 42 19.6977
Pkt 27 192 0.140625 1
Pkt 17 120 0.141667 1
Node 28 56 22.8035
Pkt 56 400 0.14 1
Pkt 68 480 0.141667 1
Node 47 31 19.2354
Pkt 105 750 0.14 1
Pkt 112 800 0.14 1
Node 38 49 12.0416
Pkt 34 240 0.141667 1
Pkt 28 200 0.14 1
Node 39 29 23.7065
Pkt 56 400 0.14 1
Pkt 45 320 0.140625 1
Node 57 34 17.4642
Pkt 105 750 0.14 1
Pkt 105 750 0.14 1
Node 35 39 18.6011
Pkt 27 192 0.140625 1
Pkt 34 240 0.141667 1
Rate:281.22
==========
==========9
7 0 2 24000
Node 69 26 30.6105
Pkt 28 200 0.14 1
Pkt 17 120 0.141667 1
Node 29 37 24.6982
Pkt 68 480 0.141667 1
Pkt 53 375 0.141333 1
Node 47 44 6.7082
Pkt 105 750 0.14 1
Pkt 112 800 0.14 1
Node 54 28 22.3607
Pkt 17 120 0.141667 1
Pkt 23 160 0.14375 1
Node 32 70 26.9072
Pkt 45 320 0.140625 1
Pkt 53 375 0.141333 1
Node 46 70 20.3961
Pkt 112 800 0.14 1
Pkt 112 800 0.14 1
Node 58 62 14.4222
Pkt 17 120 0.141667 1
Pkt 18 125 0.144 1
Rate:282.53
==========
==========10
7 0 2 24000
Node 29 47 21.2132
Pkt 17 120 0.141667 1
Pkt 21 150 0.14 1
Node 57 55 8.60233
Pkt 68 480 0.141667 1
Pkt 53 375 0.141333 1
Node 31 64 23.6008
Pkt 105 750 0.14 1
Pkt 105 750 0.14 1
Node 48 74 24.0832
Pkt 18 125 0.144 1
Pkt 23 160 0.14375 1
Node 49 25 25.02
Pkt 45 320 0.140625 1
Pkt 42 300 0.14 1
Node 55 25 25.4951
Pkt 105 750 0.14 1
Pkt 105 750 0.14 1
Node 65 57 16.5529
Pkt 34 240 0.141667 1
Pkt 17 120 0.141667 1
Rate:282.339
==========
==========11
7 0 2 24000
Node 30 51 20.025
Pkt 17 120 0.141667 1
Pkt 28 200 0.14 1
Node 49 32 18.0278
Pkt 68 480 0.141667 1
Pkt 42 300 0.14 1
Node 47 25 25.1794
Pkt 112 800 0.14 1
Pkt 112 800 0.14 1
Node 26 71 31.8904
Pkt 27 192 0.140625 1
Pkt 34 240 0.141667 1
Node 39 47 11.4018
Pkt 42 300 0.14 1
Pkt 68 480 0.141667 1
Node 35 35 21.2132
Pkt 112 800 0.14 1
Pkt 105 750 0.14 1
Node 46 53 5
Pkt 23 160 0.14375 1
Pkt 17 120 0.141667 1
Rate:281.815
==========
==========12
7 0 2 24000
Node 45 72 22.561
Pkt 14 100 0.14 1
Pkt 17 120 0.141667 1
Node 70 67 26.2488
Pkt 53 375 0.141333 1
Pkt 68 480 0.141667 1
Node 63 35 19.8494
Pkt 105 750 0.14 1
Pkt 105 750 0.14 1
Node 68 71 27.6586
Pkt 17 120 0.141667 1
Pkt 14 100 0.14 1
Node 71 34 26.4008
Pkt 45 320 0.140625 1
Pkt 53 375 0.141333 1
Node 34 33 23.3452
Pkt 112 800 0.14 1
Pkt 112 800 0.14 1
Node 49 46 4.12311
Pkt 34 240 0.141667 1
Pkt 14 100 0.14 1
Rate:281.423
==========
==========13
7 0 2 24000
Node 25 33 30.2324
Pkt 35 250 0.14 1
Pkt 14 100 0.14 1
Node 47 66 16.2788
Pkt 68 480 0.141667 1
Pkt 45 320 0.140625 1
Node 64 38 18.4391
Pkt 105 750 0.14 1
Pkt 105 750 0.14 1
Node 31 34 24.8395
Pkt 35 250 0.14 1
Pkt 35 250 0.14 1
Node 26 41 25.632
Pkt 42 300 0.14 1
Pkt 53 375 0.141333 1
Node 40 68 20.5913
Pkt 105 750 0.14 1
Pkt 105 750 0.14 1
Node 49 72 22.0227
Pkt 18 125 0.144 1
Pkt 28 200 0.14 1
Rate:281.089
==========
==========14
7 0 2 24000
Node 52 25 25.0799
Pkt 34 240 0.141667 1
Pkt 35 250 0.14 1
Node 49 70 20.025
Pkt 45 320 0.140625 1
Pkt 45 320 0.140625 1
Node 34 63 20.6155
Pkt 112 800 0.14 1
Pkt 105 750 0.14 1
Node 72 58 23.4094
Pkt 18 125 0.144 1
Pkt 17 120 0.141667 1
Node 40 49 10.0499
Pkt 42 300 0.14 1
Pkt 53 375 0.141333 1
Node 72 31 29.0689
Pkt 112 800 0.14 1
Pkt 105 750 0.14 1
Node 65 47 15.2971
Pkt 35 250 0.14 1
Pkt 34 240 0.141667 1
Rate:281.655
==========
==========15
7 0 2 24000
Node 44 48 6.32456
Pkt 35 250 0.14 1
Pkt 14 100 0.14 1
Node 41 45 10.2956
Pkt 42 300 0.14 1
Pkt 45 320 0.140625 1
Node 29 74 31.8904
Pkt 112 800 0.14 1
Pkt 105 750 0.14 1
Node 54 69 19.4165
Pkt 35 250 0.14 1
Pkt 18 125 0.144 1
Node 46 48 4.47214
Pkt 68 480 0.141667 1
Pkt 53 375 0.141333 1
Node 68 69 26.1725
Pkt 112 800 0.14 1
Pkt 105 750 0.14 1
Node 73 32 29.2062
Pkt 27 192 0.140625 1
Pkt 18 125 0.144 1
Rate:281.75
==========
==========16
7 0 2 24000
Node 51 36 14.0357
Pkt 35 250 0.14 1
Pkt 27 192 0.140625 1
Node 67 36 22.0227
Pkt 68 480 0.141667 1
Pkt 53 375 0.141333 1
Node 65 64 20.5183
Pkt 112 800 0.14 1
Pkt 112 800 0.14 1
Node 54 50 4
Pkt 17 120 0.141667 1
Pkt 21 150 0.14 1
Node 28 67 27.8029
Pkt 45 320 0.140625 1
Pkt 68 480 0.141667 1
Node 34 61 19.4165
Pkt 112 800 0.14 1
Pkt 105 750 0.14 1
Node 42 36 16.1245
Pkt 34 240 0.141667 1
Pkt 35 250 0.14 1
Rate:281.321
==========
==========17
7 0 2 24000
Node 64 29 25.2389
Pkt 14 100 0.14 1
Pkt 23 160 0.14375 1
Node 29 61 23.7065
Pkt 45 320 0.140625 1
Pkt 56 400 0.14 1
Node 38 60 15.6205
Pkt 105 750 0.14 1
Pkt 112 800 0.14 1
Node 53 72 22.2036
Pkt 28 200 0.14 1
Pkt 17 120 0.141667 1
Node 66 45 16.7631
Pkt 45 320 0.140625 1
Pkt 42 300 0.14 1
Node 52 52 2.82843
Pkt 112 800 0.14 1
Pkt 105 750 0.14 1
Node 33 68 24.7588
Pkt 35 250 0.14 1
Pkt 27 192 0.140625 1
Rate:281.042
==========
==========18
7 0 2 24000
Node 60 63 16.4012
Pkt 28 200 0.14 1
Pkt 21 150 0.14 1
Node 58 70 21.5407
Pkt 56 400 0.14 1
Pkt 42 300 0.14 1
Node 59 43 11.4018
Pkt 112 800 0.14 1
Pkt 105 750 0.14 1
Node 60 38 15.6205
Pkt 27 192 0.140625 1
Pkt 28 200 0.14 1
Node 58 60 12.8062
Pkt 53 375 0.141333 1
Pkt 42 300 0.14 1
Node 57 54 8.06226
Pkt 105 750 0.14 1
Pkt 112 800 0.14 1
Node 48 25 25.0799
Pkt 14 100 0.14 1
Pkt 34 240 0.141667 1
Rate:280.518
==========
==========19
7 0 2 24000
Node 29 49 21.0238
Pkt 27 192 0.140625 1
Pkt 28 200 0.14 1
Node 61 55 12.083
Pkt 45 320 0.140625 1
Pkt 53 375 0.141333 1
Node 46 51 4.12311
Pkt 112 800 0.14 1
Pkt 105 750 0.14 1
Node 51 73 23.0217
Pkt 18 125 0.144 1
Pkt 18 125 0.144 1
Node 33 41 19.2354
Pkt 45 320 0.140625 1
Pkt 56 400 0.14 1
Node 49 61 11.0454
Pkt 112 800 0.14 1
Pkt 105 750 0.14 1
Node 33 52 17.1172
Pkt 28 200 0.14 1
Pkt 27 192 0.140625 1
Rate:281.69
==========
==========20
7 0 2 24000
Node 72 56 22.8035
Pkt 18 125 0.144 1
Pkt 34 240 0.141667 1
Node 74 67 29.4109
Pkt 68 480 0.141667 1
Pkt 45 320 0.140625 1
Node 72 31 29.0689
Pkt 105 750 0.14 1
Pkt 105 750 0.14 1
Node 31 72 29.0689
Pkt 14 100 0.14 1
Pkt 34 240 0.141667 1
Node 66 38 20
Pkt 56 400 0.14 1
Pkt 42 300 0.14 1
Node 72 28 31.1127
Pkt 105 750 0.14 1
Pkt 105 750 0.14 1
Node 66 71 26.4008
Pkt 34 240 0.141667 1
Pkt 27 192 0.140625 1
Rate:281.702
==========
==========21
7 0 2 24000
Node 41 65 17.4929
Pkt 14 100 0.14 1
Pkt 23 160 0.14375 1
Node 44 46 7.2111
Pkt 42 300 0.14 1
Pkt 45 320 0.140625 1
Node 45 37 13.9284
Pkt 112 800 0.14 1
Pkt 112 800 0.14 1
Node 58 41 12.0416
Pkt 14 100 0.14 1
Pkt 28 200 0.14 1
Node 62 67 20.8087
Pkt 45 320 0.140625 1
Pkt 68 480 0.141667 1
Node 41 37 15.8114
Pkt 105 750 0.14 1
Pkt 105 750 0.14 1
Node 70 50 20
Pkt 14 100 0.14 1
Pkt 18 125 0.144 1
Rate:281.524
==========
==========22
7 0 2 24000
Node 41 58 12.0416
Pkt 23 160 0.14375 1
Pkt 18 125 0.144 1
Node 67 53 17.2627
Pkt 53 375 0.141333 1
Pkt 56 400 0.14 1
Node 33 49 17.0294
Pkt 105 750 0.14 1
Pkt 112 800 0.14 1
Node 44 61 12.53
Pkt 14 100 0.14 1
Pkt 14 100 0.14 1
Node 42 73 24.3516
Pkt 53 375 0.141333 1
Pkt 68 480 0.141667 1
Node 62 42 14.4222
Pkt 112 800 0.14 1
Pkt 105 750 0.14 1
Node 60 49 10.0499
Pkt 14 100 0.14 1
Pkt 27 192 0.140625 1
Rate:281.815
==========
==========23
7 0 2 24000
Node 31 53 19.2354
Pkt 28 200 0.14 1
Pkt 23 160 0.14375 1
Node 44 73 23.7697
Pkt 42 300 0.14 1
Pkt 56 400 0.14 1
Node 60 35 18.0278
Pkt 112 800 0.14 1
Pkt 105 750 0.14 1
Node 27 32 29.2062
Pkt 35 250 0.14 1
Pkt 21 150 0.14 1
Node 72 60 24.1661
Pkt 68 480 0.141667 1
Pkt 56 400 0.14 1
Node 36 32 22.8035
Pkt 105 750 0.14 1
Pkt 112 800 0.14 1
Node 45 39 12.083
Pkt 21 150 0.14 1
Pkt 17 120 0.141667 1
Rate:281.012
==========
==========24
7 0 2 24000
Node 38 43 13.8924
Pkt 27 192 0.140625 1
Pkt 18 125 0.144 1
Node 45 71 21.587
Pkt 53 375 0.141333 1
Pkt 42 300 0.14 1
Node 32 50 18
Pkt 105 750 0.14 1
Pkt 112 800 0.14 1
Node 51 47 3.16228
Pkt 35 250 0.14 1
Pkt 14 100 0.14 1
Node 68 60 20.5913
Pkt 68 480 0.141667 1
Pkt 42 300 0.14 1
Node 48 32 18.1108
Pkt 112 800 0.14 1
Pkt 112 800 0.14 1
Node 68 35 23.4307
Pkt 17 120 0.141667 1
Pkt 14 100 0.14 1
Rate:281.327
==========
==========25
7 0 2 24000
Node 30 62 23.3238
Pkt 28 200 0.14 1
Pkt 28 200 0.14 1
Node 64 35 20.5183
Pkt 45 320 0.140625 1
Pkt 42 300 0.14 1
Node 49 66 16.0312
Pkt 105 750 0.14 1
Pkt 105 750 0.14 1
Node 68 37 22.2036
Pkt 14 100 0.14 1
Pkt 27 192 0.140625 1
Node 30 66 25.6125
Pkt 53 375 0.141333 1
Pkt 42 300 0.14 1
Node 64 73 26.9258
Pkt 112 800 0.14 1
Pkt 105 750 0.14 1
Node 29 39 23.7065
Pkt 18 125 0.144 1
Pkt 21 150 0.14 1
Rate:280.94
==========
==========26
7 0 2 24000
Node 50 57 7
Pkt 28 200 0.14 1
Pkt 17 120 0.141667 1
Node 65 54 15.5242
Pkt 56 400 0.14 1
Pkt 53 375 0.141333 1
Node 54 48 4.47214
Pkt 105 750 0.14 1
Pkt 112 800 0.14 1
Node 50 56 6
Pkt 21 150 0.14 1
Pkt 14 100 0.14 1
Node 73 29 31.1448
Pkt 68 480 0.141667 1
Pkt 68 480 0.141667 1
Node 62 65 19.2094
Pkt 105 750 0.14 1
Pkt 105 750 0.14 1
Node 54 73 23.3452
Pkt 18 125 0.144 1
Pkt 21 150 0.14 1
Rate:281.476
==========
==========27
7 0 2 24000
Node 66 60 18.868
Pkt 21 150 0.14 1
Pkt 17 120 0.141667 1
Node 44 59 10.8167
Pkt 53 375 0.141333 1
Pkt 42 300 0.14 1
Node 69 61 21.9545
Pkt 105 750 0.14 1
Pkt 112 800 0.14 1
Node 33 54 17.4642
Pkt 27 192 0.140625 1
Pkt 23 160 0.14375 1
Node 45 25 25.4951
Pkt 53 375 0.141333 1
Pkt 68 480 0.141667 1
Node 72 30 29.7321
Pkt 112 800 0.14 1
Pkt 105 750 0.14 1
Node 67 25 30.2324
Pkt 18 125 0.144 1
Pkt 27 192 0.140625 1
Rate:282.143
==========
==========28
7 0 2 24000
Node 38 38 16.9706
Pkt 18 125 0.144 1
Pkt 28 200 0.14 1
Node 48 61 11.1803
Pkt 68 480 0.141667 1
Pkt 68 480 0.141667 1
Node 49 57 7.07107
Pkt 112 800 0.14 1
Pkt 112 800 0.14 1
Node 74 39 26.4008
Pkt 27 192 0.140625 1
Pkt 34 240 0.141667 1
Node 70 44 20.8806
Pkt 45 320 0.140625 1
Pkt 56 400 0.14 1
Node 36 62 18.4391
Pkt 105 750 0.14 1
Pkt 105 750 0.14 1
Node 58 59 12.0416
Pkt 23 160 0.14375 1
Pkt 28 200 0.14 1
Rate:282
==========
==========29
7 0 2 24000
Node 70 25 32.0156
Pkt 23 160 0.14375 1
Pkt 17 120 0.141667 1
Node 38 70 23.3238
Pkt 45 320 0.140625 1
Pkt 56 400 0.14 1
Node 42 46 8.94427
Pkt 112 800 0.14 1
Pkt 105 750 0.14 1
Node 26 70 31.241
Pkt 35 250 0.14 1
Pkt 23 160 0.14375 1
Node 25 34 29.6816
Pkt 45 320 0.140625 1
Pkt 42 300 0.14 1
Node 51 67 17.0294
Pkt 112 800 0.14 1
Pkt 105 750 0.14 1
Node 72 31 29.0689
Pkt 28 200 0.14 1
Pkt 27 192 0.140625 1
Rate:281.577
==========
==========30
7 0 2 24000
Node 41 71 22.8473
Pkt 14 100 0.14 1
Pkt 27 192 0.140625 1
Node 59 25 26.5707
Pkt 53 375 0.141333 1
Pkt 45 320 0.140625 1
Node 69 64 23.6008
Pkt 105 750 0.14 1
Pkt 112 800 0.14 1
Node 70 59 21.9317
Pkt 21 150 0.14 1
Pkt 23 160 0.14375 1
Node 61 30 22.8254
Pkt 68 480 0.141667 1
Pkt 68 480 0.141667 1
Node 30 34 25.6125
Pkt 105 750 0.14 1
Pkt 105 750 0.14 1
Node 70 36 24.4131
Pkt 34 240 0.141667 1
Pkt 18 125 0.144 1
Rate:282.19
==========
==========31
7 0 2 24000
Node 61 34 19.4165
Pkt 27 192 0.140625 1
Pkt 14 100 0.14 1
Node 64 63 19.105
Pkt 56 400 0.14 1
Pkt 45 320 0.140625 1
Node 67 65 22.6716
Pkt 105 750 0.14 1
Pkt 112 800 0.14 1
Node 70 37 23.8537
Pkt 27 192 0.140625 1
Pkt 17 120 0.141667 1
Node 35 44 16.1555
Pkt 53 375 0.141333 1
Pkt 56 400 0.14 1
Node 55 56 7.81025
Pkt 112 800 0.14 1
Pkt 105 750 0.14 1
Node 49 58 8.06226
Pkt 34 240 0.141667 1
Pkt 17 120 0.141667 1
Rate:281.173
==========
==========32
7 0 2 24000
Node 41 62 15
Pkt 17 120 0.141667 1
Pkt 34 240 0.141667 1
Node 54 39 11.7047
Pkt 45 320 0.140625 1
Pkt 45 320 0.140625 1
Node 74 35 28.3019
Pkt 112 800 0.14 1
Pkt 112 800 0.14 1
Node 33 43 18.3848
Pkt 35 250 0.14 1
Pkt 35 250 0.14 1
Node 50 32 18
Pkt 53 375 0.141333 1
Pkt 53 375 0.141333 1
Node 59 28 23.7697
Pkt 112 800 0.14 1
Pkt 105 750 0.14 1
Node 52 30 20.0998
Pkt 27 192 0.140625 1
Pkt 28 200 0.14 1
Rate:281.125
==========
==========33
7 0 2 24000
Node 28 66 27.2029
Pkt 34 240 0.141667 1
Pkt 18 125 0.144 1
Node 58 70 21.5407
Pkt 42 300 0.14 1
Pkt 45 320 0.140625 1
Node 52 34 16.1245
Pkt 112 800 0.14 1
Pkt 112 800 0.14 1
Node 41 35 17.4929
Pkt 35 250 0.14 1
Pkt 18 125 0.144 1
Node 25 43 25.9615
Pkt 68 480 0.141667 1
Pkt 68 480 0.141667 1
Node 32 34 24.0832
Pkt 105 750 0.14 1
Pkt 105 750 0.14 1
Node 42 36 16.1245
Pkt 21 150 0.14 1
Pkt 27 192 0.140625 1
Rate:282.036
==========
==========34
7 0 2 24000
Node 65 59 17.4929
Pkt 14 100 0.14 1
Pkt 27 192 0.140625 1
Node 38 74 26.8328
Pkt 56 400 0.14 1
Pkt 45 320 0.140625 1
Node 41 56 10.8167
Pkt 112 800 0.14 1
Pkt 112 800 0.14 1
Node 26 57 25
Pkt 17 120 0.141667 1
Pkt 28 200 0.14 1
Node 67 32 24.7588
Pkt 68 480 0.141667 1
Pkt 56 400 0.14 1
Node 64 65 20.5183
Pkt 112 800 0.14 1
Pkt 112 800 0.14 1
Node 51 41 9.05539
Pkt 14 100 0.14 1
Pkt 34 240 0.141667 1
Rate:280.893
==========
==========35
7 0 2 24000
Node 70 51 20.025
Pkt 17 120 0.141667 1
Pkt 34 240 0.141667 1
Node 66 62 20
Pkt 42 300 0.14 1
Pkt 53 375 0.141333 1
Node 43 66 17.4642
Pkt 112 800 0.14 1
Pkt 112 800 0.14 1
Node 65 53 15.2971
Pkt 23 160 0.14375 1
Pkt 14 100 0.14 1
Node 65 71 25.807
Pkt 45 320 0.140625 1
Pkt 45 320 0.140625 1
Node 41 67 19.2354
Pkt 112 800 0.14 1
Pkt 112 800 0.14 1
Node 63 63 18.3848
Pkt 23 160 0.14375 1
Pkt 23 160 0.14375 1
Rate:282.452
==========
==========36
7 0 2 24000
Node 42 64 16.1245
Pkt 27 192 0.140625 1
Pkt 28 200 0.14 1
Node 64 36 19.799
Pkt 56 400 0.14 1
Pkt 56 400 0.14 1
Node 35 33 22.6716
Pkt 112 800 0.14 1
Pkt 105 750 0.14 1
Node 31 53 19.2354
Pkt 27 192 0.140625 1
Pkt 34 240 0.141667 1
Node 73 34 28.0179
Pkt 45 320 0.140625 1
Pkt 56 400 0.14 1
Node 68 28 28.4253
Pkt 112 800 0.14 1
Pkt 105 750 0.14 1
Node 48 61 11.1803
Pkt 28 200 0.14 1
Pkt 14 100 0.14 1
Rate:280.506
==========
==========37
7 0 2 24000
Node 39 67 20.2485
Pkt 34 240 0.141667 1
Pkt 21 150 0.14 1
Node 50 66 16
Pkt 68 480 0.141667 1
Pkt 56 400 0.14 1
Node 40 48 10.198
Pkt 112 800 0.14 1
Pkt 105 750 0.14 1
Node 26 70 31.241
Pkt 18 125 0.144 1
Pkt 28 200 0.14 1
Node 49 58 8.06226
Pkt 45 320 0.140625 1
Pkt 45 320 0.140625 1
Node 66 59 18.3576
Pkt 105 750 0.14 1
Pkt 105 750 0.14 1
Node 61 30 22.8254
Pkt 23 160 0.14375 1
Pkt 34 240 0.141667 1
Rate:282
==========
==========38
7 0 2 24000
Node 63 72 25.5539
Pkt 35 250 0.14 1
Pkt 18 125 0.144 1
Node 53 36 14.3178
Pkt 53 375 0.141333 1
Pkt 53 375 0.141333 1
Node 34 41 18.3576
Pkt 105 750 0.14 1
Pkt 105 750 0.14 1
Node 71 32 27.6586
Pkt 21 150 0.14 1
Pkt 14 100 0.14 1
Node 36 43 15.6525
Pkt 42 300 0.14 1
Pkt 53 375 0.141333 1
Node 62 46 12.6491
Pkt 105 750 0.14 1
Pkt 112 800 0.14 1
Node 31 25 31.4006
Pkt 34 240 0.141667 1
Pkt 17 120 0.141667 1
Rate:281.619
==========
==========39
7 0 2 24000
Node 57 57 9.89949
Pkt 34 240 0.141667 1
Pkt 27 192 0.140625 1
Node 48 48 2.82843
Pkt 68 480 0.141667 1
Pkt 53 375 0.141333 1
Node 57 32 19.3132
Pkt 112 800 0.14 1
Pkt 112 800 0.14 1
Node 56 30 20.8806
Pkt 17 120 0.141667 1
Pkt 28 200 0.14 1
Node 71 63 24.6982
Pkt 53 375 0.141333 1
Pkt 42 300 0.14 1
Node 53 62 12.3693
Pkt 112 800 0.14 1
Pkt 112 800 0.14 1
Node 46 48 4.47214
Pkt 21 150 0.14 1
Pkt 23 160 0.14375 1
Rate:281.72
==========
==========40
7 0 2 24000
Node 71 27 31.1448
Pkt 35 250 0.14 1
Pkt 27 192 0.140625 1
Node 70 48 20.0998
Pkt 56 400 0.14 1
Pkt 42 300 0.14 1
Node 46 34 16.4924
Pkt 105 750 0.14 1
Pkt 112 800 0.14 1
Node 74 62 26.8328
Pkt 35 250 0.14 1
Pkt 14 100 0.14 1
Node 41 58 12.0416
Pkt 68 480 0.141667 1
Pkt 42 300 0.14 1
Node 30 54 20.3961
Pkt 112 800 0.14 1
Pkt 105 750 0.14 1
Node 48 44 6.32456
Pkt 27 192 0.140625 1
Pkt 34 240 0.141667 1
Rate:280.655
==========
==========41
7 0 2 24000
Node 46 45 6.40312
Pkt 17 120 0.141667 1
Pkt 23 160 0.14375 1
Node 60 47 10.4403
Pkt 42 300 0.14 1
Pkt 42 300 0.14 1
Node 54 39 11.7047
Pkt 105 750 0.14 1
Pkt 105 750 0.14 1
Node 42 70 21.5407
Pkt 21 150 0.14 1
Pkt 14 100 0.14 1
Node 32 34 24.0832
Pkt 42 300 0.14 1
Pkt 42 300 0.14 1
Node 60 69 21.4709
Pkt 112 800 0.14 1
Pkt 112 800 0.14 1
Node 26 35 28.3019
Pkt 27 192 0.140625 1
Pkt 21 150 0.14 1
Rate:280.863
==========
==========42
7 0 2 24000
Node 67 64 22.0227
Pkt 23 160 0.14375 1
Pkt 23 160 0.14375 1
Node 68 62 21.6333
Pkt 42 300 0.14 1
Pkt 45 320 0.140625 1
Node 54 60 10.7703
Pkt 105 750 0.14 1
Pkt 112 800 0.14 1
Node 47 26 24.1868
Pkt 14 100 0.14 1
Pkt 23 160 0.14375 1
Node 60 38 15.6205
Pkt 68 480 0.141667 1
Pkt 45 320 0.140625 1
Node 37 61 17.0294
Pkt 112 800 0.14 1
Pkt 112 800 0.14 1
Node 73 26 33.2415
Pkt 17 120 0.141667 1
Pkt 21 150 0.14 1
Rate:282.262
==========
==========43
7 0 2 24000
Node 59 66 18.3576
Pkt 18 125 0.144 1
Pkt 17 120 0.141667 1
Node 50 36 14
Pkt 45 320 0.140625 1
Pkt 45 320 0.140625 1
Node 72 31 29.0689
Pkt 105 750 0.14 1
Pkt 112 800 0.14 1
Node 70 34 25.6125
Pkt 27 192 0.140625 1
Pkt 35 250 0.14 1
Node 38 25 27.7308
Pkt 45 320 0.140625 1
Pkt 45 320 0.140625 1
Node 35 41 17.4929
Pkt 112 800 0.14 1
Pkt 105 750 0.14 1
Node 31 54 19.4165
Pkt 27 192 0.140625 1
Pkt 35 250 0.14 1
Rate:281.345
==========
==========44
7 0 2 24000
Node 25 44 25.7099
Pkt 34 240 0.141667 1
Pkt 23 160 0.14375 1
Node 28 73 31.8277
Pkt 68 480 0.141667 1
Pkt 68 480 0.141667 1
Node 69 54 19.4165
Pkt 105 750 0.14 1
Pkt 112 800 0.14 1
Node 60 71 23.2594
Pkt 34 240 0.141667 1
Pkt 34 240 0.141667 1
Node 40 73 25.0799
Pkt 45 320 0.140625 1
Pkt 53 375 0.141333 1
Node 33 28 27.8029
Pkt 105 750 0.14 1
Pkt 112 800 0.14 1
Node 49 40 10.0499
Pkt 17 120 0.141667 1
Pkt 23 160 0.14375 1
Rate:282.78
==========
==========45
7 0 2 24000
Node 47 57 7.61577
Pkt 17 120 0.141667 1
Pkt 28 200 0.14 1
Node 69 39 21.9545
Pkt 56 400 0.14 1
Pkt 42 300 0.14 1
Node 57 64 15.6525
Pkt 105 750 0.14 1
Pkt 112 800 0.14 1
Node 73 69 29.8329
Pkt 14 100 0.14 1
Pkt 34 240 0.141667 1
Node 29 35 25.807
Pkt 53 375 0.141333 1
Pkt 53 375 0.141333 1
Node 49 41 9.05539
Pkt 112 800 0.14 1
Pkt 105 750 0.14 1
Node 58 31 20.6155
Pkt 27 192 0.140625 1
Pkt 35 250 0.14 1
Rate:280.946
==========
==========46
7 0 2 24000
Node 36 38 18.4391
Pkt 27 192 0.140625 1
Pkt 17 120 0.141667 1
Node 58 31 20.6155
Pkt 42 300 0.14 1
Pkt 42 300 0.14 1
Node 53 46 5
Pkt 105 750 0.14 1
Pkt 105 750 0.14 1
Node 64 61 17.8045
Pkt 35 250 0.14 1
Pkt 28 200 0.14 1
Node 53 25 25.1794
Pkt 53 375 0.141333 1
Pkt 53 375 0.141333 1
Node 35 28 26.6271
Pkt 112 800 0.14 1
Pkt 112 800 0.14 1
Node 58 55 9.43398
Pkt 34 240 0.141667 1
Pkt 28 200 0.14 1
Rate:280.946
==========
==========47
7 0 2 24000
Node 70 43 21.1896
Pkt 17 120 0.141667 1
Pkt 35 250 0.14 1
Node 40 54 10.7703
Pkt 53 375 0.141333 1
Pkt 56 400 0.14 1
Node 71 70 29
Pkt 112 800 0.14 1
Pkt 112 800 0.14 1
Node 52 40 10.198
Pkt 34 240 0.141667 1
Pkt 17 120 0.141667 1
Node 42 60 12.8062
Pkt 42 300 0.14 1
Pkt 56 400 0.14 1
Node 68 60 20.5913
Pkt 105 750 0.14 1
Pkt 105 750 0.14 1
Node 53 28 22.2036
Pkt 28 200 0.14 1
Pkt 28 200 0.14 1
Rate:280.905
==========
==========48
7 0 2 24000
Node 37 69 23.0217
Pkt 35 250 0.14 1
Pkt 21 150 0.14 1
Node 67 30 26.2488
Pkt 53 375 0.141333 1
Pkt 42 300 0.14 1
Node 64 33 22.0227
Pkt 112 800 0.14 1
Pkt 112 800 0.14 1
Node 42 68 19.6977
Pkt 17 120 0.141667 1
Pkt 28 200 0.14 1
Node 46 50 4
Pkt 56 400 0.14 1
Pkt 68 480 0.141667 1
Node 72 64 26.0768
Pkt 112 800 0.14 1
Pkt 112 800 0.14 1
Node 61 43 13.0384
Pkt 34 240 0.141667 1
Pkt 35 250 0.14 1
Rate:280.905
==========
==========49
7 0 2 24000
Node 53 66 16.2788
Pkt 14 100 0.14 1
Pkt 27 192 0.140625 1
Node 32 59 20.1246
Pkt 42 300 0.14 1
Pkt 68 480 0.141667 1
Node 25 44 25.7099
Pkt 105 750 0.14 1
Pkt 112 800 0.14 1
Node 56 53 6.7082
Pkt 23 160 0.14375 1
Pkt 28 200 0.14 1
Node 70 36 24.4131
Pkt 53 375 0.141333 1
Pkt 45 320 0.140625 1
Node 35 67 22.6716
Pkt 112 800 0.14 1
Pkt 112 800 0.14 1
Node 37 34 20.6155
Pkt 21 150 0.14 1
Pkt 34 240 0.141667 1
Rate:281.381
==========
==========50
7 0 2 24000
Node 56 51 6.08276
Pkt 17 120 0.141667 1
Pkt 21 150 0.14 1
Node 33 70 26.2488
Pkt 42 300 0.14 1
Pkt 42 300 0.14 1
Node 43 44 9.21954
Pkt 105 750 0.14 1
Pkt 105 750 0.14 1
Node 59 34 18.3576
Pkt 28 200 0.14 1
Pkt 18 125 0.144 1
Node 61 73 25.4951
Pkt 42 300 0.14 1
Pkt 45 320 0.140625 1
Node 25 43 25.9615
Pkt 112 800 0.14 1
Pkt 112 800 0.14 1
Node 35 64 20.5183
Pkt 14 100 0.14 1
Pkt 34 240 0.141667 1
Rate:281.137
==========
==========51
7 0 2 24000
Node 57 37 14.7648
Pkt 18 125 0.144 1
Pkt 34 240 0.141667 1
Node 50 71 21
Pkt 56 400 0.14 1
Pkt 42 300 0.14 1
Node 69 70 27.5862
Pkt 105 750 0.14 1
Pkt 112 800 0.14 1
Node 45 69 19.6469
Pkt 34 240 0.141667 1
Pkt 27 192 0.140625 1
Node 43 35 16.5529
Pkt 53 375 0.141333 1
Pkt 56 400 0.14 1
Node 68 57 19.3132
Pkt 105 750 0.14 1
Pkt 105 750 0.14 1
Node 70 35 25
Pkt 21 150 0.14 1
Pkt 35 250 0.14 1
Rate:281.327
==========
==========52
7 0 2 24000
Node 74 34 28.8444
Pkt 27 192 0.140625 1
Pkt 28 200 0.14 1
Node 53 35 15.2971
Pkt 45 320 0.140625 1
Pkt 53 375 0.141333 1
Node 72 54 22.3607
Pkt 112 800 0.14 1
Pkt 112 800 0.14 1
Node 33 65 22.6716
Pkt 21 150 0.14 1
Pkt 23 160 0.14375 1
Node 66 54 16.4924
Pkt 68 480 0.141667 1
Pkt 68 480 0.141667 1
Node 44 39 12.53
Pkt 112 800 0.14 1
Pkt 105 750 0.14 1
Node 34 48 16.1245
Pkt 27 192 0.140625 1
Pkt 34 240 0.141667 1
Rate:281.708
==========
==========53
7 0 2 24000
Node 57 71 22.1359
Pkt 28 200 0.14 1
Pkt 14 100 0.14 1
Node 54 47 5
Pkt 56 400 0.14 1
Pkt 45 320 0.140625 1
Node 66 54 16.4924
Pkt 105 750 0.14 1
Pkt 105 750 0.14 1
Node 46 67 17.4642
Pkt 17 120 0.141667 1
Pkt 34 240 0.141667 1
Node 64 56 15.2315
Pkt 42 300 0.14 1
Pkt 53 375 0.141333 1
Node 55 48 5.38516
Pkt 105 750 0.14 1
Pkt 112 800 0.14 1
Node 57 29 22.1359
Pkt 14 100 0.14 1
Pkt 18 125 0.144 1
Rate:281.327
==========
==========54
7 0 2 24000
Node 71 33 27.0185
Pkt 27 192 0.140625 1
Pkt 23 160 0.14375 1
Node 72 46 22.3607
Pkt 42 300 0.14 1
Pkt 42 300 0.14 1
Node 30 47 20.2237
Pkt 105 750 0.14 1
Pkt 105 750 0.14 1
Node 40 55 11.1803
Pkt 21 150 0.14 1
Pkt 34 240 0.141667 1
Node 74 68 30
Pkt 42 300 0.14 1
Pkt 56 400 0.14 1
Node 67 36 22.0227
Pkt 112 800 0.14 1
Pkt 112 800 0.14 1
Node 71 43 22.1359
Pkt 21 150 0.14 1
Pkt 35 250 0.14 1
Rate:280.863
==========
==========55
7 0 2 24000
Node 38 29 24.1868
Pkt 18 125 0.144 1
Pkt 18 125 0.144 1
Node 53 28 22.2036
Pkt 56 400 0.14 1
Pkt 42 300 0.14 1
Node 54 59 9.84886
Pkt 112 800 0.14 1
Pkt 112 800 0.14 1
Node 40 39 14.8661
Pkt 34 240 0.141667 1
Pkt 18 125 0.144 1
Node 74 40 26
Pkt 42 300 0.14 1
Pkt 45 320 0.140625 1
Node 52 51 2.23607
Pkt 105 750 0.14 1
Pkt 112 800 0.14 1
Node 58 51 8.06226
Pkt 28 200 0.14 1
Pkt 27 192 0.140625 1
Rate:282.131
==========
==========56
7 0 2 24000
Node 44 57 9.21954
Pkt 18 125 0.144 1
Pkt 18 125 0.144 1
Node 38 60 15.6205
Pkt 56 400 0.14 1
Pkt 42 300 0.14 1
Node 27 27 32.5269
Pkt 112 800 0.14 1
Pkt 105 750 0.14 1
Node 37 71 24.6982
Pkt 35 250 0.14 1
Pkt 23 160 0.14375 1
Node 59 40 13.4536
Pkt 53 375 0.141333 1
Pkt 68 480 0.141667 1
Node 62 46 12.6491
Pkt 112 800 0.14 1
Pkt 112 800 0.14 1
Node 43 49 7.07107
Pkt 35 250 0.14 1
Pkt 18 125 0.144 1
Rate:282.679
==========
==========57
7 0 2 24000
Node 30 62 23.3238
Pkt 34 240 0.141667 1
Pkt 27 192 0.140625 1
Node 26 71 31.8904
Pkt 45 320 0.140625 1
Pkt 45 320 0.140625 1
Node 42 47 8.544
Pkt 112 800 0.14 1
Pkt 105 750 0.14 1
Node 32 30 26.9072
Pkt 34 240 0.141667 1
Pkt 34 240 0.141667 1
Node 62 33 20.8087
Pkt 56 400 0.14 1
Pkt 56 400 0.14 1
Node 32 73 29.2062
Pkt 112 800 0.14 1
Pkt 105 750 0.14 1
Node 49 36 14.0357
Pkt 27 192 0.140625 1
Pkt 23 160 0.14375 1
Rate:281.607
==========
==========58
7 0 2 24000
Node 28 26 32.5576
Pkt 18 125 0.144 1
Pkt 21 150 0.14 1
Node 58 61 13.6015
Pkt 45 320 0.140625 1
Pkt 42 300 0.14 1
Node 42 58 11.3137
Pkt 105 750 0.14 1
Pkt 105 750 0.14 1
Node 27 25 33.9706
Pkt 18 125 0.144 1
Pkt 28 200 0.14 1
Node 51 51 1.41421
Pkt 42 300 0.14 1
Pkt 45 320 0.140625 1
Node 53 53 4.24264
Pkt 105 750 0.14 1
Pkt 112 800 0.14 1
Node 57 59 11.4018
Pkt 28 200 0.14 1
Pkt 28 200 0.14 1
Rate:281.321
==========
==========59
7 0 2 24000
Node 39 29 23.7065
Pkt 17 120 0.141667 1
Pkt 28 200 0.14 1
Node 65 65 21.2132
Pkt 45 320 0.140625 1
Pkt 45 320 0.140625 1
Node 54 40 10.7703
Pkt 105 750 0.14 1
Pkt 105 750 0.14 1
Node 54 52 4.47214
Pkt 21 150 0.14 1
Pkt 14 100 0.14 1
Node 60 65 18.0278
Pkt 56 400 0.14 1
Pkt 53 375 0.141333 1
Node 44 63 14.3178
Pkt 105 750 0.14 1
Pkt 105 750 0.14 1
Node 66 40 18.868
Pkt 28 200 0.14 1
Pkt 34 240 0.141667 1
Rate:280.845
==========
==========60
7 0 2 24000
Node 68 47 18.2483
Pkt 27 192 0.140625 1
Pkt 21 150 0.14 1
Node 32 38 21.6333
Pkt 56 400 0.14 1
Pkt 42 300 0.14 1
Node 38 39 16.2788
Pkt 105 750 0.14 1
Pkt 112 800 0.14 1
Node 41 55 10.2956
Pkt 18 125 0.144 1
Pkt 21 150 0.14 1
Node 72 53 22.2036
Pkt 53 375 0.141333 1
Pkt 42 300 0.14 1
Node 47 29 21.2132
Pkt 105 750 0.14 1
Pkt 105 750 0.14 1
Node 36 55 14.8661
Pkt 17 120 0.141667 1
Pkt 21 150 0.14 1
Rate:281.089
==========
==========61
7 0 2 24000
Node 33 50 17
Pkt 35 250 0.14 1
Pkt 27 192 0.140625 1
Node 69 51 19.0263
Pkt 45 320 0.140625 1
Pkt 56 400 0.14 1
Node 69 30 27.5862
Pkt 112 800 0.14 1
Pkt 112 800 0.14 1
Node 64 52 14.1421
Pkt 28 200 0.14 1
Pkt 21 150 0.14 1
Node 35 45 15.8114
Pkt 56 400 0.14 1
Pkt 42 300 0.14 1
Node 51 74 24.0208
Pkt 105 750 0.14 1
Pkt 112 800 0.14 1
Node 51 45 5.09902
Pkt 27 192 0.140625 1
Pkt 21 150 0.14 1
Rate:280.268
==========
==========62
7 0 2 24000
Node 62 66 20
Pkt 23 160 0.14375 1
Pkt 35 250 0.14 1
Node 48 58 8.24621
Pkt 56 400 0.14 1
Pkt 42 300 0.14 1
Node 57 37 14.7648
Pkt 112 800 0.14 1
Pkt 105 750 0.14 1
Node 32 58 19.6977
Pkt 23 160 0.14375 1
Pkt 28 200 0.14 1
Node 53 42 8.544
Pkt 56 400 0.14 1
Pkt 68 480 0.141667 1
Node 26 46 24.3311
Pkt 105 750 0.14 1
Pkt 105 750 0.14 1
Node 63 36 19.105
Pkt 35 250 0.14 1
Pkt 23 160 0.14375 1
Rate:281.845
==========
==========63
7 0 2 24000
Node 38 43 13.8924
Pkt 23 160 0.14375 1
Pkt 21 150 0.14 1
Node 30 54 20.3961
Pkt 45 320 0.140625 1
Pkt 42 300 0.14 1
Node 31 66 24.8395
Pkt 105 750 0.14 1
Pkt 112 800 0.14 1
Node 45 63 13.9284
Pkt 14 100 0.14 1
Pkt 14 100 0.14 1
Node 25 28 33.3017
Pkt 68 480 0.141667 1
Pkt 53 375 0.141333 1
Node 38 66 20
Pkt 105 750 0.14 1
Pkt 105 750 0.14 1
Node 61 63 17.0294
Pkt 28 200 0.14 1
Pkt 28 200 0.14 1
Rate:281.054
==========
==========64
7 0 2 24000
Node 56 61 12.53
Pkt 21 150 0.14 1
Pkt 34 240 0.141667 1
Node 42 74 25.2982
Pkt 68 480 0.141667 1
Pkt 45 320 0.140625 1
Node 55 46 6.40312
Pkt 112 800 0.14 1
Pkt 105 750 0.14 1
Node 66 28 27.2029
Pkt 14 100 0.14 1
Pkt 28 200 0.14 1
Node 54 31 19.4165
Pkt 53 375 0.141333 1
Pkt 68 480 0.141667 1
Node 44 56 8.48528
Pkt 105 750 0.14 1
Pkt 112 800 0.14 1
Node 60 58 12.8062
Pkt 34 240 0.141667 1
Pkt 21 150 0.14 1
Rate:281.232
==========
==========65
7 0 2 24000
Node 43 59 11.4018
Pkt 23 160 0.14375 1
Pkt 18 125 0.144 1
Node 32 45 18.6815
Pkt 45 320 0.140625 1
Pkt 53 375 0.141333 1
Node 66 59 18.3576
Pkt 105 750 0.14 1
Pkt 112 800 0.14 1
Node 65 60 18.0278
Pkt 14 100 0.14 1
Pkt 28 200 0.14 1
Node 48 42 8.24621
Pkt 68 480 0.141667 1
Pkt 45 320 0.140625 1
Node 47 26 24.1868
Pkt 112 800 0.14 1
Pkt 112 800 0.14 1
Node 65 49 15.0333
Pkt 17 120 0.141667 1
Pkt 21 150 0.14 1
Rate:281.952
==========
==========66
7 0 2 24000
Node 68 26 30
Pkt 18 125 0.144 1
Pkt 27 192 0.140625 1
Node 44 42 10
Pkt 68 480 0.141667 1
Pkt 56 400 0.14 1
Node 34 72 27.2029
Pkt 112 800 0.14 1
Pkt 112 800 0.14 1
Node 45 32 18.6815
Pkt 35 250 0.14 1
Pkt 23 160 0.14375 1
Node 70 28 29.7321
Pkt 45 320 0.140625 1
Pkt 56 400 0.14 1
Node 28 68 28.4253
Pkt 112 800 0.14 1
Pkt 112 800 0.14 1
Node 70 71 29
Pkt 35 250 0.14 1
Pkt 27 192 0.140625 1
Rate:281.613
==========
==========67
7 0 2 24000
Node 39 32 21.095
Pkt 34 240 0.141667 1
Pkt 35 250 0.14 1
Node 33 64 22.0227
Pkt 56 400 0.14 1
Pkt 56 400 0.14 1
Node 62 67 20.8087
Pkt 112 800 0.14 1
Pkt 105 750 0.14 1
Node 45 44 7.81025
Pkt 34 240 0.141667 1
Pkt 21 150 0.14 1
Node 64 62 18.4391
Pkt 68 480 0.141667 1
Pkt 42 300 0.14 1
Node 69 69 26.8701
Pkt 112 800 0.14 1
Pkt 112 800 0.14 1
Node 42 62 14.4222
Pkt 14 100 0.14 1
Pkt 14 100 0.14 1
Rate:280.714
==========
==========68
7 0 2 24000
Node 34 34 22.6274
Pkt 18 125 0.144 1
Pkt 35 250 0.14 1
Node 66 69 24.8395
Pkt 68 480 0.141667 1
Pkt 56 400 0.14 1
Node 47 31 19.2354
Pkt 112 800 0.14 1
Pkt 105 750 0.14 1
Node 49 62 12.0416
Pkt 28 200 0.14 1
Pkt 34 240 0.141667 1
Node 37 26 27.2947
Pkt 45 320 0.140625 1
Pkt 42 300 0.14 1
Node 64 47 14.3178
Pkt 105 750 0.14 1
Pkt 105 750 0.14 1
Node 39 50 11
Pkt 17 120 0.141667 1
Pkt 17 120 0.141667 1
Rate:281.613
==========
==========69
7 0 2 24000
Node 36 35 20.5183
Pkt 35 250 0.14 1
Pkt 28 200 0.14 1
Node 59 31 21.0238
Pkt 45 320 0.140625 1
Pkt 56 400 0.14 1
Node 43 62 13.8924
Pkt 112 800 0.14 1
Pkt 105 750 0.14 1
Node 39 50 11
Pkt 35 250 0.14 1
Pkt 34 240 0.141667 1
Node 30 25 32.0156
Pkt 53 375 0.141333 1
Pkt 45 320 0.140625 1
Node 37 43 14.7648
Pkt 112 800 0.14 1
Pkt 112 800 0.14 1
Node 54 50 4
Pkt 23 160 0.14375 1
Pkt 28 200 0.14 1
Rate:281.143
==========
==========70
7 0 2 24000
Node 53 61 11.4018
Pkt 34 240 0.141667 1
Pkt 27 192 0.140625 1
Node 61 43 13.0384
Pkt 68 480 0.141667 1
Pkt 53 375 0.141333 1
Node 36 57 15.6525
Pkt 105 750 0.14 1
Pkt 105 750 0.14 1
Node 33 61 20.2485
Pkt 34 240 0.141667 1
Pkt 21 150 0.14 1
Node 68 32 25.4558
Pkt 45 320 0.140625 1
Pkt 42 300 0.14 1
Node 39 30 22.8254
Pkt 105 750 0.14 1
Pkt 105 750 0.14 1
Node 61 29 23.7065
Pkt 34 240 0.141667 1
Pkt 14 100 0.14 1
Rate:281.321
==========
==========71
7 0 2 24000
Node 69 70 27.5862
Pkt 27 192 0.140625 1
Pkt 17 120 0.141667 1
Node 48 35 15.1327
Pkt 56 400 0.14 1
Pkt 45 320 0.140625 1
Node 45 34 16.7631
Pkt 112 800 0.14 1
Pkt 105 750 0.14 1
Node 73 42 24.3516
Pkt 14 100 0.14 1
Pkt 21 150 0.14 1
Node 41 70 21.9317
Pkt 56 400 0.14 1
Pkt 68 480 0.141667 1
Node 48 36 14.1421
Pkt 105 750 0.14 1
Pkt 105 750 0.14 1
Node 48 56 6.32456
Pkt 35 250 0.14 1
Pkt 21 150 0.14 1
Rate:280.655
==========
==========72
7 0 2 24000
Node 70 33 26.2488
Pkt 27 192 0.140625 1
Pkt 27 192 0.140625 1
Node 52 27 23.0868
Pkt 56 400 0.14 1
Pkt 45 320 0.140625 1
Node 67 51 17.0294
Pkt 112 800 0.14 1
Pkt 105 750 0.14 1
Node 69 71 28.3196
Pkt 28 200 0.14 1
Pkt 23 160 0.14375 1
Node 63 59 15.8114
Pkt 53 375 0.141333 1
Pkt 42 300 0.14 1
Node 68 29 27.6586
Pkt 112 800 0.14 1
Pkt 112 800 0.14 1
Node 47 30 20.2237
Pkt 34 240 0.141667 1
Pkt 14 100 0.14 1
Rate:281.232
==========
==========73
7 0 2 24000
Node 63 38 17.6918
Pkt 14 100 0.14 1
Pkt 28 200 0.14 1
Node 32 48 18.1108
Pkt 42 300 0.14 1
Pkt 45 320 0.140625 1
Node 28 34 27.2029
Pkt 105 750 0.14 1
Pkt 105 750 0.14 1
Node 67 38 20.8087
Pkt 18 125 0.144 1
Pkt 14 100 0.14 1
Node 42 58 11.3137
Pkt 53 375 0.141333 1
Pkt 42 300 0.14 1
Node 37 31 23.0217
Pkt 105 750 0.14 1
Pkt 112 800 0.14 1
Node 42 65 17
Pkt 35 250 0.14 1
Pkt 17 120 0.141667 1
Rate:281.089
==========
==========74
7 0 2 24000
Node 57 62 13.8924
Pkt 23 160 0.14375 1
Pkt 35 250 0.14 1
Node 70 65 25
Pkt 53 375 0.141333 1
Pkt 53 375 0.141333 1
Node 73 38 25.9422
Pkt 105 750 0.14 1
Pkt 105 750 0.14 1
Node 26 25 34.6554
Pkt 27 192 0.140625 1
Pkt 35 250 0.14 1
Node 37 58 15.2643
Pkt 56 400 0.14 1
Pkt 68 480 0.141667 1
Node 63 33 21.4009
Pkt 105 750 0.14 1
Pkt 112 800 0.14 1
Node 67 26 29.4109
Pkt 34 240 0.141667 1
Pkt 17 120 0.141667 1
Rate:281.72
==========
==========75
7 0 2 24000
Node 47 63 13.3417
Pkt 14 100 0.14 1
Pkt 21 150 0.14 1
Node 40 66 18.868
Pkt 45 320 0.140625 1
Pkt 68 480 0.141667 1
Node 60 59 13.4536
Pkt 105 750 0.14 1
Pkt 112 800 0.14 1
Node 57 73 24.0416
Pkt 14 100 0.14 1
Pkt 23 160 0.14375 1
Node 74 50 24
Pkt 56 400 0.14 1
Pkt 45 320 0.140625 1
Node 47 50 3
Pkt 112 800 0.14 1
Pkt 112 800 0.14 1
Node 47 54 5
Pkt 27 192 0.140625 1
Pkt 28 200 0.14 1
Rate:281.042
==========
==========76
7 0 2 24000
Node 31 46 19.4165
Pkt 18 125 0.144 1
Pkt 28 200 0.14 1
Node 36 51 14.0357
Pkt 53 375 0.141333 1
Pkt 53 375 0.141333 1
Node 46 62 12.6491
Pkt 105 750 0.14 1
Pkt 105 750 0.14 1
Node 72 54 22.3607
Pkt 27 192 0.140625 1
Pkt 23 160 0.14375 1
Node 55 42 9.43398
Pkt 68 480 0.141667 1
Pkt 45 320 0.140625 1
Node 49 34 16.0312
Pkt 112 800 0.14 1
Pkt 112 800 0.14 1
Node 66 56 17.088
Pkt 34 240 0.141667 1
Pkt 14 100 0.14 1
Rate:282.143
==========
==========77
7 0 2 24000
Node 73 49 23.0217
Pkt 28 200 0.14 1
Pkt 21 150 0.14 1
Node 45 26 24.5153
Pkt 53 375 0.141333 1
Pkt 42 300 0.14 1
Node 51 50 1
Pkt 112 800 0.14 1
Pkt 112 800 0.14 1
Node 72 41 23.7697
Pkt 34 240 0.141667 1
Pkt 23 160 0.14375 1
Node 62 44 13.4164
Pkt 68 480 0.141667 1
Pkt 68 480 0.141667 1
Node 57 67 18.3848
Pkt 112 800 0.14 1
Pkt 105 750 0.14 1
Node 68 33 24.7588
Pkt 34 240 0.141667 1
Pkt 34 240 0.141667 1
Rate:281.917
==========
==========78
7 0 2 24000
Node 57 66 17.4642
Pkt 34 240 0.141667 1
Pkt 21 150 0.14 1
Node 33 67 24.0416
Pkt 68 480 0.141667 1
Pkt 45 320 0.140625 1
Node 31 63 23.0217
Pkt 112 800 0.14 1
Pkt 105 750 0.14 1
Node 64 49 14.0357
Pkt 17 120 0.141667 1
Pkt 21 150 0.14 1
Node 65 69 24.2074
Pkt 68 480 0.141667 1
Pkt 56 400 0.14 1
Node 39 52 11.1803
Pkt 112 800 0.14 1
Pkt 112 800 0.14 1
Node 52 38 12.1655
Pkt 18 125 0.144 1
Pkt 23 160 0.14375 1
Rate:282.149
==========
==========79
7 0 2 24000
Node 72 51 22.0227
Pkt 23 160 0.14375 1
Pkt 23 160 0.14375 1
Node 69 73 29.8329
Pkt 68 480 0.141667 1
Pkt 68 480 0.141667 1
Node 51 25 25.02
Pkt 105 750 0.14 1
Pkt 112 800 0.14 1
Node 60 72 24.1661
Pkt 27 192 0.140625 1
Pkt 14 100 0.14 1
Node 73 54 23.3452
Pkt 42 300 0.14 1
Pkt 53 375 0.141333 1
Node 45 70 20.6155
Pkt 112 800 0.14 1
Pkt 112 800 0.14 1
Node 50 62 12
Pkt 28 200 0.14 1
Pkt 27 192 0.140625 1
Rate:281.917
==========
==========80
7 0 2 24000
Node 34 70 25.6125
Pkt 28 200 0.14 1
Pkt 14 100 0.14 1
Node 46 39 11.7047
Pkt 53 375 0.141333 1
Pkt 45 320 0.140625 1
Node 71 26 31.8904
Pkt 112 800 0.14 1
Pkt 112 800 0.14 1
Node 25 50 25
Pkt 21 150 0.14 1
Pkt 28 200 0.14 1
Node 65 27 27.4591
Pkt 56 400 0.14 1
Pkt 53 375 0.141333 1
Node 74 54 24.3311
Pkt 105 750 0.14 1
Pkt 112 800 0.14 1
Node 64 46 14.5602
Pkt 34 240 0.141667 1
Pkt 18 125 0.144 1
Rate:281.28
==========
==========81
7 0 2 24000
Node 51 42 8.06226
Pkt 35 250 0.14 1
Pkt 23 160 0.14375 1
Node 60 37 16.4012
Pkt 56 400 0.14 1
Pkt 45 320 0.140625 1
Node 42 27 24.3516
Pkt 112 800 0.14 1
Pkt 105 750 0.14 1
Node 69 34 24.8395
Pkt 35 250 0.14 1
Pkt 14 100 0.14 1
Node 63 50 13
Pkt 42 300 0.14 1
Pkt 68 480 0.141667 1
Node 34 34 22.6274
Pkt 105 750 0.14 1
Pkt 105 750 0.14 1
Node 57 60 12.2066
Pkt 23 160 0.14375 1
Pkt 21 150 0.14 1
Rate:281.399
==========
==========82
7 0 2 24000
Node 45 64 14.8661
Pkt 34 240 0.141667 1
Pkt 18 125 0.144 1
Node 57 45 8.60233
Pkt 42 300 0.14 1
Pkt 56 400 0.14 1
Node 51 26 24.0208
Pkt 112 800 0.14 1
Pkt 112 800 0.14 1
Node 46 46 5.65685
Pkt 34 240 0.141667 1
Pkt 34 240 0.141667 1
Node 69 68 26.1725
Pkt 56 400 0.14 1
Pkt 45 320 0.140625 1
Node 37 56 14.3178
Pkt 112 800 0.14 1
Pkt 105 750 0.14 1
Node 55 49 5.09902
Pkt 21 150 0.14 1
Pkt 28 200 0.14 1
Rate:281.375
==========
==========83
7 0 2 24000
Node 44 64 15.2315
Pkt 17 120 0.141667 1
Pkt 21 150 0.14 1
Node 70 47 20.2237
Pkt 56 400 0.14 1
Pkt 68 480 0.141667 1
Node 44 70 20.8806
Pkt 112 800 0.14 1
Pkt 105 750 0.14 1
Node 44 53 6.7082
Pkt 28 200 0.14 1
Pkt 21 150 0.14 1
Node 27 63 26.4197
Pkt 68 480 0.141667 1
Pkt 68 480 0.141667 1
Node 74 41 25.632
Pkt 105 750 0.14 1
Pkt 105 750 0.14 1
Node 47 33 17.2627
Pkt 27 192 0.140625 1
Pkt 21 150 0.14 1
Rate:281.042
==========
==========84
7 0 2 24000
Node 38 64 18.4391
Pkt 17 120 0.141667 1
Pkt 23 160 0.14375 1
Node 56 54 7.2111
Pkt 68 480 0.141667 1
Pkt 56 400 0.14 1
Node 62 43 13.8924
Pkt 112 800 0.14 1
Pkt 112 800 0.14 1
Node 45 35 15.8114
Pkt 21 150 0.14 1
Pkt 27 192 0.140625 1
Node 38 66 20
Pkt 56 400 0.14 1
Pkt 56 400 0.14 1
Node 32 63 22.2036
Pkt 105 750 0.14 1
Pkt 105 750 0.14 1
Node 38 45 13
Pkt 18 125 0.144 1
Pkt 35 250 0.14 1
Rate:281.673
==========
==========85
7 0 2 24000
Node 46 71 21.3776
Pkt 14 100 0.14 1
Pkt 27 192 0.140625 1
Node 72 42 23.4094
Pkt 68 480 0.141667 1
Pkt 68 480 0.141667 1
Node 39 42 13.6015
Pkt 105 750 0.14 1
Pkt 105 750 0.14 1
Node 33 58 18.7883
Pkt 27 192 0.140625 1
Pkt 35 250 0.14 1
Node 66 62 20
Pkt 53 375 0.141333 1
Pkt 42 300 0.14 1
Node 31 44 19.9249
Pkt 105 750 0.14 1
Pkt 105 750 0.14 1
Node 26 32 30
Pkt 21 150 0.14 1
Pkt 27 192 0.140625 1
Rate:280.935
==========
==========86
7 0 2 24000
Node 36 42 16.1245
Pkt 18 125 0.144 1
Pkt 35 250 0.14 1
Node 30 38 23.3238
Pkt 42 300 0.14 1
Pkt 45 320 0.140625 1
Node 27 62 25.9422
Pkt 112 800 0.14 1
Pkt 105 750 0.14 1
Node 43 41 11.4018
Pkt 28 200 0.14 1
Pkt 17 120 0.141667 1
Node 63 59 15.8114
Pkt 56 400 0.14 1
Pkt 68 480 0.141667 1
Node 42 61 13.6015
Pkt 112 800 0.14 1
Pkt 105 750 0.14 1
Node 47 53 4.24264
Pkt 34 240 0.141667 1
Pkt 27 192 0.140625 1
Rate:281.464
==========
==========87
7 0 2 24000
Node 37 29 24.6982
Pkt 23 160 0.14375 1
Pkt 23 160 0.14375 1
Node 44 43 9.21954
Pkt 56 400 0.14 1
Pkt 56 400 0.14 1
Node 41 65 17.4929
Pkt 112 800 0.14 1
Pkt 112 800 0.14 1
Node 55 73 23.5372
Pkt 18 125 0.144 1
Pkt 27 192 0.140625 1
Node 27 62 25.9422
Pkt 45 320 0.140625 1
Pkt 56 400 0.14 1
Node 49 51 1.41421
Pkt 105 750 0.14 1
Pkt 105 750 0.14 1
Node 54 39 11.7047
Pkt 35 250 0.14 1
Pkt 18 125 0.144 1
Rate:282.393
==========
==========88
7 0 2 24000
Node 32 26 30
Pkt 21 150 0.14 1
Pkt 35 250 0.14 1
Node 56 74 24.7386
Pkt 53 375 0.141333 1
Pkt 53 375 0.141333 1
Node 29 42 22.4722
Pkt 112 800 0.14 1
Pkt 105 750 0.14 1
Node 53 67 17.2627
Pkt 27 192 0.140625 1
Pkt 27 192 0.140625 1
Node 41 52 9.21954
Pkt 56 400 0.14 1
Pkt 68 480 0.141667 1
Node 54 28 22.3607
Pkt 105 750 0.14 1
Pkt 112 800 0.14 1
Node 53 40 10.4403
Pkt 14 100 0.14 1
Pkt 27 192 0.140625 1
Rate:280.887
==========
==========89
7 0 2 24000
Node 46 59 9.84886
Pkt 21 150 0.14 1
Pkt 17 120 0.141667 1
Node 42 65 17
Pkt 53 375 0.141333 1
Pkt 45 320 0.140625 1
Node 34 68 24.0832
Pkt 105 750 0.14 1
Pkt 105 750 0.14 1
Node 35 63 19.8494
Pkt 34 240 0.141667 1
Pkt 14 100 0.14 1
Node 60 26 26
Pkt 56 400 0.14 1
Pkt 45 320 0.140625 1
Node 50 34 16
Pkt 112 800 0.14 1
Pkt 105 750 0.14 1
Node 30 57 21.1896
Pkt 34 240 0.141667 1
Pkt 17 120 0.141667 1
Rate:281.321
==========
==========90
7 0 2 24000
Node 27 48 23.0868
Pkt 14 100 0.14 1
Pkt 14 100 0.14 1
Node 40 67 19.7231
Pkt 68 480 0.141667 1
Pkt 42 300 0.14 1
Node 66 57 17.4642
Pkt 112 800 0.14 1
Pkt 105 750 0.14 1
Node 65 26 28.3019
Pkt 34 240 0.141667 1
Pkt 17 120 0.141667 1
Node 44 40 11.6619
Pkt 68 480 0.141667 1
Pkt 68 480 0.141667 1
Node 61 57 13.0384
Pkt 105 750 0.14 1
Pkt 112 800 0.14 1
Node 45 25 25.4951
Pkt 27 192 0.140625 1
Pkt 35 250 0.14 1
Rate:281.28
==========
==========91
7 0 2 24000
Node 39 66 19.4165
Pkt 21 150 0.14 1
Pkt 28 200 0.14 1
Node 70 52 20.0998
Pkt 42 300 0.14 1
Pkt 68 480 0.141667 1
Node 34 57 17.4642
Pkt 105 750 0.14 1
Pkt 112 800 0.14 1
Node 43 69 20.2485
Pkt 14 100 0.14 1
Pkt 23 160 0.14375 1
Node 25 32 30.8058
Pkt 53 375 0.141333 1
Pkt 45 320 0.140625 1
Node 32 52 18.1108
Pkt 105 750 0.14 1
Pkt 112 800 0.14 1
Node 57 27 24.0416
Pkt 27 192 0.140625 1
Pkt 17 120 0.141667 1
Rate:281.381
==========
==========92
7 0 2 24000
Node 58 36 16.1245
Pkt 27 192 0.140625 1
Pkt 34 240 0.141667 1
Node 70 51 20.025
Pkt 53 375 0.141333 1
Pkt 45 320 0.140625 1
Node 51 44 6.08276
Pkt 112 800 0.14 1
Pkt 105 750 0.14 1
Node 69 40 21.4709
Pkt 23 160 0.14375 1
Pkt 21 150 0.14 1
Node 57 61 13.0384
Pkt 56 400 0.14 1
Pkt 45 320 0.140625 1
Node 56 74 24.7386
Pkt 105 750 0.14 1
Pkt 112 800 0.14 1
Node 26 66 28.8444
Pkt 28 200 0.14 1
Pkt 14 100 0.14 1
Rate:281.232
==========
==========93
7 0 2 24000
Node 59 46 9.84886
Pkt 14 100 0.14 1
Pkt 17 120 0.141667 1
Node 67 71 27.0185
Pkt 56 400 0.14 1
Pkt 68 480 0.141667 1
Node 54 44 7.2111
Pkt 112 800 0.14 1
Pkt 105 750 0.14 1
Node 47 54 5
Pkt 23 160 0.14375 1
Pkt 28 200 0.14 1
Node 74 46 24.3311
Pkt 68 480 0.141667 1
Pkt 45 320 0.140625 1
Node 67 37 21.4009
Pkt 112 800 0.14 1
Pkt 105 750 0.14 1
Node 29 59 22.8473
Pkt 21 150 0.14 1
Pkt 21 150 0.14 1
Rate:281.339
==========
==========94
7 0 2 24000
Node 60 37 16.4012
Pkt 17 120 0.141667 1
Pkt 28 200 0.14 1
Node 72 58 23.4094
Pkt 68 480 0.141667 1
Pkt 42 300 0.14 1
Node 65 63 19.8494
Pkt 112 800 0.14 1
Pkt 112 800 0.14 1
Node 44 33 18.0278
Pkt 35 250 0.14 1
Pkt 18 125 0.144 1
Node 61 66 19.4165
Pkt 42 300 0.14 1
Pkt 53 375 0.141333 1
Node 54 25 25.318
Pkt 105 750 0.14 1
Pkt 112 800 0.14 1
Node 72 71 30.4138
Pkt 14 100 0.14 1
Pkt 23 160 0.14375 1
Rate:281.774
==========
==========95
7 0 2 24000
Node 39 54 11.7047
Pkt 35 250 0.14 1
Pkt 27 192 0.140625 1
Node 53 71 21.2132
Pkt 56 400 0.14 1
Pkt 68 480 0.141667 1
Node 57 61 13.0384
Pkt 105 750 0.14 1
Pkt 105 750 0.14 1
Node 45 38 13
Pkt 34 240 0.141667 1
Pkt 14 100 0.14 1
Node 57 70 21.1896
Pkt 42 300 0.14 1
Pkt 68 480 0.141667 1
Node 61 31 21.9545
Pkt 105 750 0.14 1
Pkt 112 800 0.14 1
Node 43 62 13.8924
Pkt 27 192 0.140625 1
Pkt 18 125 0.144 1
Rate:281.464
==========
==========96
7 0 2 24000
Node 66 67 23.3452
Pkt 14 100 0.14 1
Pkt 21 150 0.14 1
Node 64 30 24.4131
Pkt 45 320 0.140625 1
Pkt 68 480 0.141667 1
Node 41 49 9.05539
Pkt 105 750 0.14 1
Pkt 105 750 0.14 1
Node 56 50 6
Pkt 34 240 0.141667 1
Pkt 23 160 0.14375 1
Node 57 63 14.7648
Pkt 45 320 0.140625 1
Pkt 56 400 0.14 1
Node 44 65 16.1555
Pkt 105 750 0.14 1
Pkt 105 750 0.14 1
Node 63 74 27.2947
Pkt 23 160 0.14375 1
Pkt 28 200 0.14 1
Rate:281.726
==========
==========97
7 0 2 24000
Node 42 55 9.43398
Pkt 35 250 0.14 1
Pkt 14 100 0.14 1
Node 74 39 26.4008
Pkt 45 320 0.140625 1
Pkt 42 300 0.14 1
Node 73 35 27.4591
Pkt 105 750 0.14 1
Pkt 105 750 0.14 1
Node 42 50 8
Pkt 28 200 0.14 1
Pkt 35 250 0.14 1
Node 38 72 25.0599
Pkt 42 300 0.14 1
Pkt 56 400 0.14 1
Node 47 57 7.61577
Pkt 112 800 0.14 1
Pkt 105 750 0.14 1
Node 38 61 16.2788
Pkt 18 125 0.144 1
Pkt 23 160 0.14375 1
Rate:281.196
==========
==========98
7 0 2 24000
Node 70 68 26.9072
Pkt 14 100 0.14 1
Pkt 35 250 0.14 1
Node 50 37 13
Pkt 53 375 0.141333 1
Pkt 45 320 0.140625 1
Node 39 39 15.5563
Pkt 105 750 0.14 1
Pkt 105 750 0.14 1
Node 72 67 27.8029
Pkt 34 240 0.141667 1
Pkt 14 100 0.14 1
Node 27 51 23.0217
Pkt 68 480 0.141667 1
Pkt 68 480 0.141667 1
Node 30 61 22.8254
Pkt 112 800 0.14 1
Pkt 112 800 0.14 1
Node 27 45 23.5372
Pkt 28 200 0.14 1
Pkt 34 240 0.141667 1
Rate:281.232
==========
==========99
