7 0 2 24000
Node 45 65 15.8114
Pkt 25 250 0.1 1
Pkt 24 240 0.1 1
Node 60 55 11.1803
Pkt 40 400 0.1 1
Pkt 32 320 0.1 1
Node 67 32 24.7588
Pkt 75 750 0.1 1
Pkt 80 800 0.1 1
Node 56 49 6.08276
Pkt 13 125 0.104 1
Pkt 20 192 0.104167 1
Node 64 58 16.1245
Pkt 32 320 0.1 1
Pkt 30 300 0.1 1
Node 27 58 24.3516
Pkt 75 750 0.1 1
Pkt 80 800 0.1 1
Node 56 43 9.21954
Pkt 10 100 0.1 1
Pkt 24 240 0.1 1
Rate:201.167
==========
==========0
7 0 2 24000
Node 64 73 26.9258
Pkt 12 120 0.1 1
Pkt 15 150 0.1 1
Node 41 36 16.6433
Pkt 32 320 0.1 1
Pkt 32 320 0.1 1
Node 62 68 21.6333
Pkt 75 750 0.1 1
Pkt 80 800 0.1 1
Node 60 57 12.2066
Pkt 24 240 0.1 1
Pkt 25 250 0.1 1
Node 51 37 13.0384
Pkt 38 375 0.101333 1
Pkt 32 320 0.1 1
Node 35 41 17.4929
Pkt 80 800 0.1 1
Pkt 80 800 0.1 1
Node 46 67 17.4642
Pkt 20 192 0.104167 1
Pkt 16 160 0.1 1
Rate:200.786
==========
==========1
7 0 2 24000
Node 25 61 27.313
Pkt 24 240 0.1 1
Pkt 16 160 0.1 1
Node 57 35 16.5529
Pkt 32 320 0.1 1
Pkt 38 375 0.101333 1
Node 65 49 15.0333
Pkt 80 800 0.1 1
Pkt 75 750 0.1 1
Node 26 49 24.0208
Pkt 13 125 0.104 1
Pkt 16 160 0.1 1
Node 45 54 6.40312
Pkt 40 400 0.1 1
Pkt 32 320 0.1 1
Node 31 47 19.2354
Pkt 80 800 0.1 1
Pkt 80 800 0.1 1
Node 72 35 26.6271
Pkt 25 250 0.1 1
Pkt 13 125 0.104 1
Rate:201.333
==========
==========2
7 0 2 24000
Node 31 67 25.4951
Pkt 12 120 0.1 1
Pkt 20 200 0.1 1
Node 69 63 23.0217
Pkt 48 480 0.1 1
Pkt 38 375 0.101333 1
Node 33 26 29.4109
Pkt 80 800 0.1 1
Pkt 80 800 0.1 1
Node 58 46 8.94427
Pkt 16 160 0.1 1
Pkt 13 125 0.104 1
Node 30 43 21.1896
Pkt 38 375 0.101333 1
Pkt 48 480 0.1 1
Node 40 50 10
Pkt 75 750 0.1 1
Pkt 80 800 0.1 1
Node 43 29 22.1359
Pkt 12 120 0.1 1
Pkt 25 250 0.1 1
Rate:200.952
==========
==========3
7 0 2 24000
Node 53 45 5.83095
Pkt 15 150 0.1 1
Pkt 15 150 0.1 1
Node 45 26 24.5153
Pkt 48 480 0.1 1
Pkt 40 400 0.1 1
Node 30 44 20.8806
Pkt 75 750 0.1 1
Pkt 80 800 0.1 1
Node 44 58 10
Pkt 20 192 0.104167 1
Pkt 25 250 0.1 1
Node 29 69 28.3196
Pkt 48 480 0.1 1
Pkt 48 480 0.1 1
Node 45 31 19.6469
Pkt 75 750 0.1 1
Pkt 80 800 0.1 1
Node 67 36 22.0227
Pkt 24 240 0.1 1
Pkt 15 150 0.1 1
Rate:200.595
==========
==========4
7 0 2 24000
Node 66 51 16.0312
Pkt 15 150 0.1 1
Pkt 20 192 0.104167 1
Node 66 42 17.8885
Pkt 30 300 0.1 1
Pkt 38 375 0.101333 1
Node 38 42 14.4222
Pkt 75 750 0.1 1
Pkt 75 750 0.1 1
Node 33 70 26.2488
Pkt 20 192 0.104167 1
Pkt 13 125 0.104 1
Node 51 37 13.0384
Pkt 48 480 0.1 1
Pkt 30 300 0.1 1
Node 67 55 17.72
Pkt 80 800 0.1 1
Pkt 80 800 0.1 1
Node 42 58 11.3137
Pkt 25 250 0.1 1
Pkt 20 192 0.104167 1
Rate:202.548
==========
==========5
7 0 2 24000
Node 28 27 31.8277
Pkt 24 240 0.1 1
Pkt 25 250 0.1 1
Node 69 37 23.0217
Pkt 30 300 0.1 1
Pkt 48 480 0.1 1
Node 56 34 17.088
Pkt 80 800 0.1 1
Pkt 75 750 0.1 1
Node 28 37 25.5539
Pkt 15 150 0.1 1
Pkt 10 100 0.1 1
Node 66 62 20
Pkt 32 320 0.1 1
Pkt 30 300 0.1 1
Node 33 31 25.4951
Pkt 75 750 0.1 1
Pkt 80 800 0.1 1
Node 69 30 27.5862
Pkt 12 120 0.1 1
Pkt 13 125 0.104 1
Rate:200.571
==========
==========6
7 0 2 24000
Node 62 48 12.1655
Pkt 25 250 0.1 1
Pkt 10 100 0.1 1
Node 33 41 19.2354
Pkt 30 300 0.1 1
Pkt 40 400 0.1 1
Node 67 34 23.3452
Pkt 75 750 0.1 1
Pkt 80 800 0.1 1
Node 29 38 24.1868
Pkt 13 125 0.104 1
Pkt 25 250 0.1 1
Node 71 32 27.6586
Pkt 40 400 0.1 1
Pkt 38 375 0.101333 1
Node 73 29 31.1448
Pkt 80 800 0.1 1
Pkt 75 750 0.1 1
Node 34 25 29.6816
Pkt 16 160 0.1 1
Pkt 10 100 0.1 1
Rate:200.762
==========
==========7
7 0 2 24000
Node 30 25 32.0156
Pkt 24 240 0.1 1
Pkt 12 120 0.1 1
Node 50 62 12
Pkt 38 375 0.101333 1
Pkt 38 375 0.101333 1
Node 58 28 23.4094
Pkt 75 750 0.1 1
Pkt 80 800 0.1 1
Node 48 70 20.0998
Pkt 13 125 0.104 1
Pkt 13 125 0.104 1
Node 48 33 17.1172
Pkt 30 300 0.1 1
Pkt 38 375 0.101333 1
Node 63 49 13.0384
Pkt 80 800 0.1 1
Pkt 75 750 0.1 1
Node 40 54 10.7703
Pkt 13 125 0.104 1
Pkt 16 160 0.1 1
Rate:202.286
==========
==========8
7 0 2 24000
Node 45 46 6.40312
Pkt 20 200 0.1 1
Pkt 13 125 0.104 1
Node 59 40 13.4536
Pkt 48 480 0.1 1
Pkt 32 320 0.1 1
Node 64 73 26.9258
Pkt 80 800 0.1 1
Pkt 80 800 0.1 1
Node 63 44 14.3178
Pkt 20 192 0.104167 1
Pkt 16 160 0.1 1
Node 73 55 23.5372
Pkt 40 400 0.1 1
Pkt 48 480 0.1 1
Node 38 44 13.4164
Pkt 80 800 0.1 1
Pkt 75 750 0.1 1
Node 53 63 13.3417
Pkt 12 120 0.1 1
Pkt 12 120 0.1 1
Rate:201.167
==========
==========9
7 0 2 24000
Node 39 38 16.2788
Pkt 20 192 0.104167 1
Pkt 16 160 0.1 1
Node 45 52 5.38516
Pkt 40 400 0.1 1
Pkt 32 320 0.1 1
Node 64 25 28.6531
Pkt 75 750 0.1 1
Pkt 75 750 0.1 1
Node 61 67 20.2485
Pkt 10 100 0.1 1
Pkt 13 125 0.104 1
Node 54 66 16.4924
Pkt 40 400 0.1 1
Pkt 40 400 0.1 1
Node 58 70 21.5407
Pkt 80 800 0.1 1
Pkt 80 800 0.1 1
Node 60 32 20.5913
Pkt 25 250 0.1 1
Pkt 15 150 0.1 1
Rate:201.167
==========
==========10
7 0 2 24000
Node 44 40 11.6619
Pkt 15 150 0.1 1
Pkt 20 192 0.104167 1
Node 67 29 27.0185
Pkt 32 320 0.1 1
Pkt 38 375 0.101333 1
Node 65 42 17
Pkt 75 750 0.1 1
Pkt 80 800 0.1 1
Node 29 59 22.8473
Pkt 16 160 0.1 1
Pkt 10 100 0.1 1
Node 37 27 26.4197
Pkt 38 375 0.101333 1
Pkt 30 300 0.1 1
Node 74 71 31.8904
Pkt 75 750 0.1 1
Pkt 75 750 0.1 1
Node 40 41 13.4536
Pkt 20 200 0.1 1
Pkt 24 240 0.1 1
Rate:200.976
==========
==========11
7 0 2 24000
Node 47 59 9.48683
Pkt 12 120 0.1 1
Pkt 25 250 0.1 1
Node 74 28 32.5576
Pkt 38 375 0.101333 1
Pkt 30 300 0.1 1
Node 29 73 31.1448
Pkt 80 800 0.1 1
Pkt 75 750 0.1 1
Node 41 31 21.0238
Pkt 20 192 0.104167 1
Pkt 20 192 0.104167 1
Node 32 32 25.4558
Pkt 30 300 0.1 1
Pkt 32 320 0.1 1
Node 73 54 23.3452
Pkt 75 750 0.1 1
Pkt 75 750 0.1 1
Node 48 60 10.198
Pkt 25 250 0.1 1
Pkt 20 192 0.104167 1
Rate:201.976
==========
==========12
7 0 2 24000
Node 39 33 20.2485
Pkt 24 240 0.1 1
Pkt 15 150 0.1 1
Node 49 50 1
Pkt 32 320 0.1 1
Pkt 40 400 0.1 1
Node 33 60 19.7231
Pkt 80 800 0.1 1
Pkt 75 750 0.1 1
Node 31 44 19.9249
Pkt 20 200 0.1 1
Pkt 24 240 0.1 1
Node 26 39 26.4008
Pkt 30 300 0.1 1
Pkt 30 300 0.1 1
Node 44 57 9.21954
Pkt 75 750 0.1 1
Pkt 80 800 0.1 1
Node 45 47 5.83095
Pkt 24 240 0.1 1
Pkt 10 100 0.1 1
Rate:200
==========
==========13
7 0 2 24000
Node 67 26 29.4109
Pkt 25 250 0.1 1
Pkt 12 120 0.1 1
Node 73 48 23.0868
Pkt 40 400 0.1 1
Pkt 48 480 0.1 1
Node 70 31 27.5862
Pkt 80 800 0.1 1
Pkt 75 750 0.1 1
Node 56 68 18.9737
Pkt 13 125 0.104 1
Pkt 16 160 0.1 1
Node 74 59 25.632
Pkt 32 320 0.1 1
Pkt 40 400 0.1 1
Node 72 66 27.2029
Pkt 80 800 0.1 1
Pkt 75 750 0.1 1
Node 55 60 11.1803
Pkt 25 250 0.1 1
Pkt 16 160 0.1 1
Rate:200.571
==========
==========14
7 0 2 24000
Node 38 63 17.6918
Pkt 10 100 0.1 1
Pkt 25 250 0.1 1
Node 66 30 25.6125
Pkt 40 400 0.1 1
Pkt 38 375 0.101333 1
Node 59 38 15
Pkt 80 800 0.1 1
Pkt 75 750 0.1 1
Node 61 60 14.8661
Pkt 20 192 0.104167 1
Pkt 20 192 0.104167 1
Node 54 28 22.3607
Pkt 40 400 0.1 1
Pkt 48 480 0.1 1
Node 52 45 5.38516
Pkt 80 800 0.1 1
Pkt 75 750 0.1 1
Node 40 36 17.2047
Pkt 12 120 0.1 1
Pkt 20 200 0.1 1
Rate:201.381
==========
==========15
7 0 2 24000
Node 66 35 21.9317
Pkt 16 160 0.1 1
Pkt 24 240 0.1 1
Node 67 38 20.8087
Pkt 40 400 0.1 1
Pkt 30 300 0.1 1
Node 43 52 7.28011
Pkt 80 800 0.1 1
Pkt 75 750 0.1 1
Node 71 53 21.2132
Pkt 20 192 0.104167 1
Pkt 20 192 0.104167 1
Node 69 30 27.5862
Pkt 40 400 0.1 1
Pkt 40 400 0.1 1
Node 28 62 25.0599
Pkt 75 750 0.1 1
Pkt 80 800 0.1 1
Node 26 53 24.1868
Pkt 13 125 0.104 1
Pkt 16 160 0.1 1
Rate:201.762
==========
==========16
7 0 2 24000
Node 54 59 9.84886
Pkt 15 150 0.1 1
Pkt 13 125 0.104 1
Node 47 28 22.2036
Pkt 48 480 0.1 1
Pkt 30 300 0.1 1
Node 64 46 14.5602
Pkt 75 750 0.1 1
Pkt 75 750 0.1 1
Node 72 44 22.8035
Pkt 12 120 0.1 1
Pkt 20 192 0.104167 1
Node 67 36 22.0227
Pkt 30 300 0.1 1
Pkt 48 480 0.1 1
Node 59 48 9.21954
Pkt 80 800 0.1 1
Pkt 75 750 0.1 1
Node 34 32 24.0832
Pkt 12 120 0.1 1
Pkt 24 240 0.1 1
Rate:201.167
==========
==========17
7 0 2 24000
Node 53 73 23.1948
Pkt 20 200 0.1 1
Pkt 13 125 0.104 1
Node 53 30 20.2237
Pkt 40 400 0.1 1
Pkt 38 375 0.101333 1
Node 63 74 27.2947
Pkt 80 800 0.1 1
Pkt 80 800 0.1 1
Node 74 49 24.0208
Pkt 20 192 0.104167 1
Pkt 25 250 0.1 1
Node 64 57 15.6525
Pkt 48 480 0.1 1
Pkt 40 400 0.1 1
Node 63 64 19.105
Pkt 75 750 0.1 1
Pkt 75 750 0.1 1
Node 26 31 30.6105
Pkt 13 125 0.104 1
Pkt 20 192 0.104167 1
Rate:202.524
==========
==========18
7 0 2 24000
Node 49 26 24.0208
Pkt 20 192 0.104167 1
Pkt 13 125 0.104 1
Node 65 39 18.6011
Pkt 38 375 0.101333 1
Pkt 40 400 0.1 1
Node 62 27 25.9422
Pkt 80 800 0.1 1
Pkt 80 800 0.1 1
Node 64 50 14
Pkt 13 125 0.104 1
Pkt 20 200 0.1 1
Node 66 57 17.4642
Pkt 32 320 0.1 1
Pkt 30 300 0.1 1
Node 31 69 26.8701
Pkt 80 800 0.1 1
Pkt 80 800 0.1 1
Node 30 73 30.4795
Pkt 12 120 0.1 1
Pkt 25 250 0.1 1
Rate:201.929
==========
==========19
7 0 2 24000
Node 37 74 27.2947
Pkt 10 100 0.1 1
Pkt 20 200 0.1 1
Node 33 41 19.2354
Pkt 40 400 0.1 1
Pkt 30 300 0.1 1
Node 41 28 23.7697
Pkt 75 750 0.1 1
Pkt 80 800 0.1 1
Node 68 43 19.3132
Pkt 12 120 0.1 1
Pkt 12 120 0.1 1
Node 56 46 7.2111
Pkt 30 300 0.1 1
Pkt 30 300 0.1 1
Node 32 66 24.0832
Pkt 80 800 0.1 1
Pkt 80 800 0.1 1
Node 37 49 13.0384
Pkt 20 200 0.1 1
Pkt 20 200 0.1 1
Rate:200
==========
==========20
7 0 2 24000
Node 68 61 21.095
Pkt 16 160 0.1 1
Pkt 25 250 0.1 1
Node 58 56 10
Pkt 38 375 0.101333 1
Pkt 30 300 0.1 1
Node 36 61 17.8045
Pkt 80 800 0.1 1
Pkt 75 750 0.1 1
Node 36 63 19.105
Pkt 20 192 0.104167 1
Pkt 13 125 0.104 1
Node 37 62 17.6918
Pkt 30 300 0.1 1
Pkt 40 400 0.1 1
Node 66 69 24.8395
Pkt 80 800 0.1 1
Pkt 75 750 0.1 1
Node 25 33 30.2324
Pkt 24 240 0.1 1
Pkt 20 192 0.104167 1
Rate:201.952
==========
==========21
7 0 2 24000
Node 53 36 14.3178
Pkt 20 200 0.1 1
Pkt 13 125 0.104 1
Node 25 36 28.6531
Pkt 38 375 0.101333 1
Pkt 38 375 0.101333 1
Node 33 58 18.7883
Pkt 75 750 0.1 1
Pkt 75 750 0.1 1
Node 64 30 24.4131
Pkt 16 160 0.1 1
Pkt 13 125 0.104 1
Node 50 56 6
Pkt 40 400 0.1 1
Pkt 32 320 0.1 1
Node 31 71 28.3196
Pkt 75 750 0.1 1
Pkt 80 800 0.1 1
Node 49 64 14.0357
Pkt 12 120 0.1 1
Pkt 10 100 0.1 1
Rate:201.524
==========
==========22
7 0 2 24000
Node 74 52 24.0832
Pkt 13 125 0.104 1
Pkt 20 200 0.1 1
Node 50 74 24
Pkt 40 400 0.1 1
Pkt 38 375 0.101333 1
Node 53 26 24.1868
Pkt 75 750 0.1 1
Pkt 80 800 0.1 1
Node 28 57 23.0868
Pkt 24 240 0.1 1
Pkt 24 240 0.1 1
Node 61 62 16.2788
Pkt 30 300 0.1 1
Pkt 38 375 0.101333 1
Node 48 25 25.0799
Pkt 80 800 0.1 1
Pkt 80 800 0.1 1
Node 33 51 17.0294
Pkt 12 120 0.1 1
Pkt 20 200 0.1 1
Rate:200.952
==========
==========23
7 0 2 24000
Node 50 70 20
Pkt 15 150 0.1 1
Pkt 12 120 0.1 1
Node 34 46 16.4924
Pkt 30 300 0.1 1
Pkt 30 300 0.1 1
Node 51 57 7.07107
Pkt 75 750 0.1 1
Pkt 75 750 0.1 1
Node 74 50 24
Pkt 20 192 0.104167 1
Pkt 10 100 0.1 1
Node 31 71 28.3196
Pkt 38 375 0.101333 1
Pkt 48 480 0.1 1
Node 50 45 5
Pkt 75 750 0.1 1
Pkt 75 750 0.1 1
Node 73 57 24.0416
Pkt 25 250 0.1 1
Pkt 10 100 0.1 1
Rate:200.786
==========
==========24
7 0 2 24000
Node 58 37 15.2643
Pkt 24 240 0.1 1
Pkt 24 240 0.1 1
Node 42 41 12.0416
Pkt 32 320 0.1 1
Pkt 40 400 0.1 1
Node 74 54 24.3311
Pkt 75 750 0.1 1
Pkt 80 800 0.1 1
Node 51 37 13.0384
Pkt 25 250 0.1 1
Pkt 20 200 0.1 1
Node 40 73 25.0799
Pkt 32 320 0.1 1
Pkt 30 300 0.1 1
Node 67 50 17
Pkt 80 800 0.1 1
Pkt 75 750 0.1 1
Node 49 27 23.0217
Pkt 20 192 0.104167 1
Pkt 15 150 0.1 1
Rate:200.595
==========
==========25
7 0 2 24000
Node 40 46 10.7703
Pkt 13 125 0.104 1
Pkt 25 250 0.1 1
Node 43 44 9.21954
Pkt 40 400 0.1 1
Pkt 30 300 0.1 1
Node 41 31 21.0238
Pkt 75 750 0.1 1
Pkt 80 800 0.1 1
Node 34 74 28.8444
Pkt 20 192 0.104167 1
Pkt 12 120 0.1 1
Node 48 27 23.0868
Pkt 38 375 0.101333 1
Pkt 40 400 0.1 1
Node 72 39 24.5967
Pkt 80 800 0.1 1
Pkt 80 800 0.1 1
Node 59 44 10.8167
Pkt 20 192 0.104167 1
Pkt 15 150 0.1 1
Rate:201.952
==========
==========26
7 0 2 24000
Node 72 72 31.1127
Pkt 15 150 0.1 1
Pkt 20 200 0.1 1
Node 35 27 27.4591
Pkt 40 400 0.1 1
Pkt 32 320 0.1 1
Node 34 74 28.8444
Pkt 75 750 0.1 1
Pkt 75 750 0.1 1
Node 52 53 3.60555
Pkt 20 192 0.104167 1
Pkt 13 125 0.104 1
Node 32 25 30.8058
Pkt 48 480 0.1 1
Pkt 30 300 0.1 1
Node 26 29 31.8904
Pkt 75 750 0.1 1
Pkt 80 800 0.1 1
Node 39 68 21.095
Pkt 20 200 0.1 1
Pkt 16 160 0.1 1
Rate:201.167
==========
==========27
7 0 2 24000
Node 36 55 14.8661
Pkt 13 125 0.104 1
Pkt 13 125 0.104 1
Node 54 27 23.3452
Pkt 40 400 0.1 1
Pkt 40 400 0.1 1
Node 63 29 24.6982
Pkt 75 750 0.1 1
Pkt 75 750 0.1 1
Node 35 36 20.5183
Pkt 12 120 0.1 1
Pkt 24 240 0.1 1
Node 55 54 6.40312
Pkt 30 300 0.1 1
Pkt 30 300 0.1 1
Node 58 36 16.1245
Pkt 75 750 0.1 1
Pkt 80 800 0.1 1
Node 49 65 15.0333
Pkt 10 100 0.1 1
Pkt 20 192 0.104167 1
Rate:201.738
==========
==========28
7 0 2 24000
Node 61 38 16.2788
Pkt 16 160 0.1 1
Pkt 16 160 0.1 1
Node 25 32 30.8058
Pkt 48 480 0.1 1
Pkt 48 480 0.1 1
Node 61 28 24.5967
Pkt 80 800 0.1 1
Pkt 75 750 0.1 1
Node 25 33 30.2324
Pkt 10 100 0.1 1
Pkt 20 192 0.104167 1
Node 50 73 23
Pkt 30 300 0.1 1
Pkt 30 300 0.1 1
Node 69 63 23.0217
Pkt 80 800 0.1 1
Pkt 75 750 0.1 1
Node 48 47 3.60555
Pkt 15 150 0.1 1
Pkt 20 200 0.1 1
Rate:200.595
==========
==========29
7 0 2 24000
Node 70 41 21.9317
Pkt 20 200 0.1 1
Pkt 20 192 0.104167 1
Node 56 37 14.3178
Pkt 40 400 0.1 1
Pkt 48 480 0.1 1
Node 50 57 7
Pkt 75 750 0.1 1
Pkt 75 750 0.1 1
Node 59 61 14.2127
Pkt 20 192 0.104167 1
Pkt 25 250 0.1 1
Node 41 52 9.21954
Pkt 32 320 0.1 1
Pkt 38 375 0.101333 1
Node 40 42 12.8062
Pkt 75 750 0.1 1
Pkt 75 750 0.1 1
Node 69 71 28.3196
Pkt 20 200 0.1 1
Pkt 20 200 0.1 1
Rate:201.381
==========
==========30
7 0 2 24000
Node 47 49 3.16228
Pkt 20 192 0.104167 1
Pkt 25 250 0.1 1
Node 73 51 23.0217
Pkt 32 320 0.1 1
Pkt 40 400 0.1 1
Node 51 44 6.08276
Pkt 75 750 0.1 1
Pkt 80 800 0.1 1
Node 45 68 18.6815
Pkt 10 100 0.1 1
Pkt 24 240 0.1 1
Node 56 62 13.4164
Pkt 30 300 0.1 1
Pkt 30 300 0.1 1
Node 25 40 26.9258
Pkt 75 750 0.1 1
Pkt 80 800 0.1 1
Node 48 50 2
Pkt 10 100 0.1 1
Pkt 16 160 0.1 1
Rate:200.595
==========
==========31
7 0 2 24000
Node 74 53 24.1868
Pkt 10 100 0.1 1
Pkt 13 125 0.104 1
Node 53 36 14.3178
Pkt 32 320 0.1 1
Pkt 48 480 0.1 1
Node 56 63 14.3178
Pkt 75 750 0.1 1
Pkt 80 800 0.1 1
Node 54 52 4.47214
Pkt 25 250 0.1 1
Pkt 13 125 0.104 1
Node 26 26 33.9411
Pkt 40 400 0.1 1
Pkt 38 375 0.101333 1
Node 26 38 26.8328
Pkt 80 800 0.1 1
Pkt 80 800 0.1 1
Node 35 31 24.2074
Pkt 25 250 0.1 1
Pkt 25 250 0.1 1
Rate:201.333
==========
==========32
7 0 2 24000
Node 27 50 23
Pkt 12 120 0.1 1
Pkt 13 125 0.104 1
Node 41 60 13.4536
Pkt 48 480 0.1 1
Pkt 48 480 0.1 1
Node 56 53 6.7082
Pkt 80 800 0.1 1
Pkt 80 800 0.1 1
Node 43 59 11.4018
Pkt 24 240 0.1 1
Pkt 25 250 0.1 1
Node 38 46 12.6491
Pkt 38 375 0.101333 1
Pkt 30 300 0.1 1
Node 74 63 27.2947
Pkt 75 750 0.1 1
Pkt 80 800 0.1 1
Node 33 56 18.0278
Pkt 25 250 0.1 1
Pkt 20 200 0.1 1
Rate:200.762
==========
==========33
7 0 2 24000
Node 35 58 17
Pkt 25 250 0.1 1
Pkt 20 192 0.104167 1
Node 34 29 26.4008
Pkt 30 300 0.1 1
Pkt 40 400 0.1 1
Node 29 57 22.1359
Pkt 75 750 0.1 1
Pkt 80 800 0.1 1
Node 60 43 12.2066
Pkt 25 250 0.1 1
Pkt 12 120 0.1 1
Node 45 35 15.8114
Pkt 32 320 0.1 1
Pkt 30 300 0.1 1
Node 27 44 23.7697
Pkt 80 800 0.1 1
Pkt 75 750 0.1 1
Node 59 43 11.4018
Pkt 24 240 0.1 1
Pkt 25 250 0.1 1
Rate:200.595
==========
==========34
7 0 2 24000
Node 58 63 15.2643
Pkt 13 125 0.104 1
Pkt 12 120 0.1 1
Node 73 33 28.6007
Pkt 32 320 0.1 1
Pkt 38 375 0.101333 1
Node 28 56 22.8035
Pkt 75 750 0.1 1
Pkt 80 800 0.1 1
Node 66 61 19.4165
Pkt 20 192 0.104167 1
Pkt 20 200 0.1 1
Node 38 38 16.9706
Pkt 48 480 0.1 1
Pkt 32 320 0.1 1
Node 72 66 27.2029
Pkt 80 800 0.1 1
Pkt 75 750 0.1 1
Node 27 67 28.6007
Pkt 20 192 0.104167 1
Pkt 20 192 0.104167 1
Rate:202.548
==========
==========35
7 0 2 24000
Node 25 66 29.6816
Pkt 24 240 0.1 1
Pkt 25 250 0.1 1
Node 51 51 1.41421
Pkt 40 400 0.1 1
Pkt 38 375 0.101333 1
Node 53 41 9.48683
Pkt 80 800 0.1 1
Pkt 80 800 0.1 1
Node 40 34 18.868
Pkt 20 192 0.104167 1
Pkt 15 150 0.1 1
Node 66 42 17.8885
Pkt 48 480 0.1 1
Pkt 40 400 0.1 1
Node 62 26 26.8328
Pkt 75 750 0.1 1
Pkt 80 800 0.1 1
Node 36 34 21.2603
Pkt 20 200 0.1 1
Pkt 12 120 0.1 1
Rate:200.786
==========
==========36
7 0 2 24000
Node 26 30 31.241
Pkt 12 120 0.1 1
Pkt 16 160 0.1 1
Node 50 61 11
Pkt 40 400 0.1 1
Pkt 40 400 0.1 1
Node 55 56 7.81025
Pkt 80 800 0.1 1
Pkt 75 750 0.1 1
Node 47 31 19.2354
Pkt 20 200 0.1 1
Pkt 16 160 0.1 1
Node 59 67 19.2354
Pkt 32 320 0.1 1
Pkt 32 320 0.1 1
Node 65 57 16.5529
Pkt 80 800 0.1 1
Pkt 80 800 0.1 1
Node 58 35 17
Pkt 10 100 0.1 1
Pkt 20 200 0.1 1
Rate:200
==========
==========37
7 0 2 24000
Node 74 58 25.2982
Pkt 25 250 0.1 1
Pkt 10 100 0.1 1
Node 54 35 15.5242
Pkt 38 375 0.101333 1
Pkt 38 375 0.101333 1
Node 27 37 26.4197
Pkt 75 750 0.1 1
Pkt 80 800 0.1 1
Node 30 65 25
Pkt 13 125 0.104 1
Pkt 20 200 0.1 1
Node 33 66 23.3452
Pkt 32 320 0.1 1
Pkt 48 480 0.1 1
Node 54 47 5
Pkt 75 750 0.1 1
Pkt 80 800 0.1 1
Node 67 70 26.2488
Pkt 20 200 0.1 1
Pkt 20 200 0.1 1
Rate:200.952
==========
==========38
7 0 2 24000
Node 30 44 20.8806
Pkt 12 120 0.1 1
Pkt 10 100 0.1 1
Node 61 26 26.4008
Pkt 30 300 0.1 1
Pkt 48 480 0.1 1
Node 62 32 21.6333
Pkt 75 750 0.1 1
Pkt 80 800 0.1 1
Node 66 55 16.7631
Pkt 15 150 0.1 1
Pkt 10 100 0.1 1
Node 72 38 25.0599
Pkt 30 300 0.1 1
Pkt 38 375 0.101333 1
Node 32 68 25.4558
Pkt 75 750 0.1 1
Pkt 75 750 0.1 1
Node 38 41 15
Pkt 15 150 0.1 1
Pkt 20 200 0.1 1
Rate:200.19
==========
==========39
7 0 2 24000
Node 74 60 26
Pkt 25 250 0.1 1
Pkt 20 200 0.1 1
Node 74 47 24.1868
Pkt 38 375 0.101333 1
Pkt 48 480 0.1 1
Node 64 50 14
Pkt 75 750 0.1 1
Pkt 75 750 0.1 1
Node 40 49 10.0499
Pkt 15 150 0.1 1
Pkt 12 120 0.1 1
Node 58 56 10
Pkt 30 300 0.1 1
Pkt 30 300 0.1 1
Node 26 43 25
Pkt 80 800 0.1 1
Pkt 75 750 0.1 1
Node 71 64 25.2389
Pkt 13 125 0.104 1
Pkt 16 160 0.1 1
Rate:200.762
==========
==========40
7 0 2 24000
Node 49 26 24.0208
Pkt 24 240 0.1 1
Pkt 20 192 0.104167 1
Node 41 50 9
Pkt 38 375 0.101333 1
Pkt 30 300 0.1 1
Node 46 60 10.7703
Pkt 75 750 0.1 1
Pkt 80 800 0.1 1
Node 64 51 14.0357
Pkt 25 250 0.1 1
Pkt 10 100 0.1 1
Node 47 42 8.544
Pkt 48 480 0.1 1
Pkt 32 320 0.1 1
Node 63 53 13.3417
Pkt 75 750 0.1 1
Pkt 80 800 0.1 1
Node 64 73 26.9258
Pkt 25 250 0.1 1
Pkt 10 100 0.1 1
Rate:200.786
==========
==========41
7 0 2 24000
Node 39 33 20.2485
Pkt 16 160 0.1 1
Pkt 25 250 0.1 1
Node 73 50 23
Pkt 32 320 0.1 1
Pkt 38 375 0.101333 1
Node 30 47 20.2237
Pkt 80 800 0.1 1
Pkt 75 750 0.1 1
Node 25 29 32.6497
Pkt 25 250 0.1 1
Pkt 24 240 0.1 1
Node 37 74 27.2947
Pkt 30 300 0.1 1
Pkt 30 300 0.1 1
Node 29 37 24.6982
Pkt 80 800 0.1 1
Pkt 75 750 0.1 1
Node 32 36 22.8035
Pkt 10 100 0.1 1
Pkt 12 120 0.1 1
Rate:200.19
==========
==========42
7 0 2 24000
Node 32 48 18.1108
Pkt 16 160 0.1 1
Pkt 16 160 0.1 1
Node 32 45 18.6815
Pkt 48 480 0.1 1
Pkt 32 320 0.1 1
Node 30 69 27.5862
Pkt 75 750 0.1 1
Pkt 75 750 0.1 1
Node 67 59 19.2354
Pkt 20 192 0.104167 1
Pkt 10 100 0.1 1
Node 57 72 23.0868
Pkt 30 300 0.1 1
Pkt 40 400 0.1 1
Node 53 74 24.1868
Pkt 75 750 0.1 1
Pkt 80 800 0.1 1
Node 64 72 26.0768
Pkt 24 240 0.1 1
Pkt 10 100 0.1 1
Rate:200.595
==========
==========43
7 0 2 24000
Node 33 71 27.0185
Pkt 24 240 0.1 1
Pkt 25 250 0.1 1
Node 40 37 16.4012
Pkt 40 400 0.1 1
Pkt 38 375 0.101333 1
Node 37 46 13.6015
Pkt 80 800 0.1 1
Pkt 75 750 0.1 1
Node 52 74 24.0832
Pkt 15 150 0.1 1
Pkt 16 160 0.1 1
Node 32 69 26.1725
Pkt 48 480 0.1 1
Pkt 40 400 0.1 1
Node 40 39 14.8661
Pkt 80 800 0.1 1
Pkt 75 750 0.1 1
Node 51 42 8.06226
Pkt 25 250 0.1 1
Pkt 15 150 0.1 1
Rate:200.19
==========
==========44
7 0 2 24000
Node 54 70 20.3961
Pkt 15 150 0.1 1
Pkt 12 120 0.1 1
Node 32 55 18.6815
Pkt 32 320 0.1 1
Pkt 30 300 0.1 1
Node 66 45 16.7631
Pkt 75 750 0.1 1
Pkt 80 800 0.1 1
Node 57 58 10.6301
Pkt 24 240 0.1 1
Pkt 12 120 0.1 1
Node 53 52 3.60555
Pkt 38 375 0.101333 1
Pkt 48 480 0.1 1
Node 35 48 15.1327
Pkt 80 800 0.1 1
Pkt 75 750 0.1 1
Node 50 38 12
Pkt 20 192 0.104167 1
Pkt 10 100 0.1 1
Rate:200.786
==========
==========45
7 0 2 24000
Node 62 55 13
Pkt 10 100 0.1 1
Pkt 20 200 0.1 1
Node 63 58 15.2643
Pkt 30 300 0.1 1
Pkt 40 400 0.1 1
Node 42 44 10
Pkt 75 750 0.1 1
Pkt 75 750 0.1 1
Node 57 54 8.06226
Pkt 10 100 0.1 1
Pkt 20 200 0.1 1
Node 39 28 24.5967
Pkt 40 400 0.1 1
Pkt 38 375 0.101333 1
Node 29 73 31.1448
Pkt 75 750 0.1 1
Pkt 75 750 0.1 1
Node 41 74 25.632
Pkt 16 160 0.1 1
Pkt 13 125 0.104 1
Rate:200.762
==========
==========46
7 0 2 24000
Node 31 32 26.1725
Pkt 25 250 0.1 1
Pkt 10 100 0.1 1
Node 50 61 11
Pkt 48 480 0.1 1
Pkt 48 480 0.1 1
Node 59 51 9.05539
Pkt 75 750 0.1 1
Pkt 75 750 0.1 1
Node 63 44 14.3178
Pkt 13 125 0.104 1
Pkt 16 160 0.1 1
Node 41 38 15
Pkt 40 400 0.1 1
Pkt 40 400 0.1 1
Node 31 62 22.4722
Pkt 80 800 0.1 1
Pkt 75 750 0.1 1
Node 40 48 10.198
Pkt 12 120 0.1 1
Pkt 10 100 0.1 1
Rate:200.571
==========
==========47
7 0 2 24000
Node 42 67 18.7883
Pkt 20 200 0.1 1
Pkt 24 240 0.1 1
Node 46 66 16.4924
Pkt 40 400 0.1 1
Pkt 40 400 0.1 1
Node 69 73 29.8329
Pkt 75 750 0.1 1
Pkt 80 800 0.1 1
Node 58 73 24.3516
Pkt 24 240 0.1 1
Pkt 24 240 0.1 1
Node 36 28 26.0768
Pkt 48 480 0.1 1
Pkt 48 480 0.1 1
Node 47 46 5
Pkt 80 800 0.1 1
Pkt 80 800 0.1 1
Node 32 59 20.1246
Pkt 20 200 0.1 1
Pkt 20 200 0.1 1
Rate:200
==========
==========48
7 0 2 24000
Node 41 63 15.8114
Pkt 20 200 0.1 1
Pkt 12 120 0.1 1
Node 50 70 20
Pkt 40 400 0.1 1
Pkt 38 375 0.101333 1
Node 44 52 6.32456
Pkt 75 750 0.1 1
Pkt 80 800 0.1 1
Node 64 72 26.0768
Pkt 15 150 0.1 1
Pkt 12 120 0.1 1
Node 43 61 13.0384
Pkt 32 320 0.1 1
Pkt 40 400 0.1 1
Node 40 54 10.7703
Pkt 75 750 0.1 1
Pkt 75 750 0.1 1
Node 52 26 24.0832
Pkt 13 125 0.104 1
Pkt 20 200 0.1 1
Rate:200.762
==========
==========49
7 0 2 24000
Node 60 58 12.8062
Pkt 10 100 0.1 1
Pkt 13 125 0.104 1
Node 40 30 22.3607
Pkt 40 400 0.1 1
Pkt 40 400 0.1 1
Node 46 61 11.7047
Pkt 80 800 0.1 1
Pkt 75 750 0.1 1
Node 34 39 19.4165
Pkt 16 160 0.1 1
Pkt 20 192 0.104167 1
Node 33 58 18.7883
Pkt 48 480 0.1 1
Pkt 32 320 0.1 1
Node 26 33 29.4109
Pkt 80 800 0.1 1
Pkt 75 750 0.1 1
Node 46 51 4.12311
Pkt 15 150 0.1 1
Pkt 20 200 0.1 1
Rate:201.167
==========
==========50
7 0 2 24000
Node 60 57 12.2066
Pkt 20 192 0.104167 1
Pkt 16 160 0.1 1
Node 39 62 16.2788
Pkt 30 300 0.1 1
Pkt 32 320 0.1 1
Node 56 44 8.48528
Pkt 75 750 0.1 1
Pkt 75 750 0.1 1
Node 58 33 18.7883
Pkt 12 120 0.1 1
Pkt 25 250 0.1 1
Node 53 70 20.2237
Pkt 32 320 0.1 1
Pkt 40 400 0.1 1
Node 25 57 25.9615
Pkt 80 800 0.1 1
Pkt 80 800 0.1 1
Node 62 65 19.2094
Pkt 24 240 0.1 1
Pkt 20 192 0.104167 1
Rate:201.19
==========
==========51
7 0 2 24000
Node 32 54 18.4391
Pkt 25 250 0.1 1
Pkt 12 120 0.1 1
Node 60 34 18.868
Pkt 30 300 0.1 1
Pkt 38 375 0.101333 1
Node 60 56 11.6619
Pkt 80 800 0.1 1
Pkt 80 800 0.1 1
Node 67 56 18.0278
Pkt 20 192 0.104167 1
Pkt 25 250 0.1 1
Node 55 65 15.8114
Pkt 40 400 0.1 1
Pkt 48 480 0.1 1
Node 33 29 27.0185
Pkt 75 750 0.1 1
Pkt 75 750 0.1 1
Node 49 35 15.0333
Pkt 16 160 0.1 1
Pkt 15 150 0.1 1
Rate:200.786
==========
==========52
7 0 2 24000
Node 71 66 26.4008
Pkt 12 120 0.1 1
Pkt 20 192 0.104167 1
Node 32 62 21.6333
Pkt 30 300 0.1 1
Pkt 38 375 0.101333 1
Node 63 61 17.0294
Pkt 75 750 0.1 1
Pkt 75 750 0.1 1
Node 34 34 22.6274
Pkt 15 150 0.1 1
Pkt 16 160 0.1 1
Node 29 25 32.6497
Pkt 40 400 0.1 1
Pkt 48 480 0.1 1
Node 55 43 8.60233
Pkt 80 800 0.1 1
Pkt 75 750 0.1 1
Node 60 50 10
Pkt 13 125 0.104 1
Pkt 24 240 0.1 1
Rate:201.357
==========
==========53
7 0 2 24000
Node 44 54 7.2111
Pkt 20 200 0.1 1
Pkt 13 125 0.104 1
Node 44 32 18.9737
Pkt 38 375 0.101333 1
Pkt 32 320 0.1 1
Node 44 43 9.21954
Pkt 80 800 0.1 1
Pkt 75 750 0.1 1
Node 26 35 28.3019
Pkt 20 192 0.104167 1
Pkt 13 125 0.104 1
Node 43 48 7.28011
Pkt 30 300 0.1 1
Pkt 40 400 0.1 1
Node 38 25 27.7308
Pkt 75 750 0.1 1
Pkt 80 800 0.1 1
Node 44 70 20.8806
Pkt 13 125 0.104 1
Pkt 12 120 0.1 1
Rate:202.5
==========
==========54
7 0 2 24000
Node 71 66 26.4008
Pkt 20 200 0.1 1
Pkt 25 250 0.1 1
Node 45 42 9.43398
Pkt 40 400 0.1 1
Pkt 32 320 0.1 1
Node 49 30 20.025
Pkt 80 800 0.1 1
Pkt 75 750 0.1 1
Node 60 29 23.2594
Pkt 20 200 0.1 1
Pkt 13 125 0.104 1
Node 56 52 6.32456
Pkt 32 320 0.1 1
Pkt 40 400 0.1 1
Node 65 42 17
Pkt 75 750 0.1 1
Pkt 75 750 0.1 1
Node 27 56 23.7697
Pkt 13 125 0.104 1
Pkt 13 125 0.104 1
Rate:201.714
==========
==========55
7 0 2 24000
Node 44 47 6.7082
Pkt 13 125 0.104 1
Pkt 12 120 0.1 1
Node 38 69 22.4722
Pkt 48 480 0.1 1
Pkt 38 375 0.101333 1
Node 74 64 27.7849
Pkt 75 750 0.1 1
Pkt 80 800 0.1 1
Node 58 66 17.8885
Pkt 15 150 0.1 1
Pkt 20 192 0.104167 1
Node 71 51 21.0238
Pkt 30 300 0.1 1
Pkt 48 480 0.1 1
Node 29 37 24.6982
Pkt 80 800 0.1 1
Pkt 80 800 0.1 1
Node 59 67 19.2354
Pkt 10 100 0.1 1
Pkt 16 160 0.1 1
Rate:201.357
==========
==========56
7 0 2 24000
Node 46 53 5
Pkt 10 100 0.1 1
Pkt 13 125 0.104 1
Node 33 66 23.3452
Pkt 38 375 0.101333 1
Pkt 38 375 0.101333 1
Node 29 51 21.0238
Pkt 75 750 0.1 1
Pkt 80 800 0.1 1
Node 62 44 13.4164
Pkt 24 240 0.1 1
Pkt 15 150 0.1 1
Node 53 28 22.2036
Pkt 30 300 0.1 1
Pkt 38 375 0.101333 1
Node 43 50 7
Pkt 75 750 0.1 1
Pkt 80 800 0.1 1
Node 59 59 12.7279
Pkt 10 100 0.1 1
Pkt 20 200 0.1 1
Rate:201.143
==========
==========57
7 0 2 24000
Node 53 37 13.3417
Pkt 24 240 0.1 1
Pkt 16 160 0.1 1
Node 71 73 31.1448
Pkt 40 400 0.1 1
Pkt 32 320 0.1 1
Node 59 54 9.84886
Pkt 80 800 0.1 1
Pkt 75 750 0.1 1
Node 36 33 22.0227
Pkt 20 192 0.104167 1
Pkt 25 250 0.1 1
Node 58 28 23.4094
Pkt 40 400 0.1 1
Pkt 48 480 0.1 1
Node 26 29 31.8904
Pkt 75 750 0.1 1
Pkt 80 800 0.1 1
Node 52 68 18.1108
Pkt 13 125 0.104 1
Pkt 13 125 0.104 1
Rate:201.738
==========
==========58
7 0 2 24000
Node 35 65 21.2132
Pkt 10 100 0.1 1
Pkt 12 120 0.1 1
Node 43 50 7
Pkt 40 400 0.1 1
Pkt 32 320 0.1 1
Node 36 40 17.2047
Pkt 75 750 0.1 1
Pkt 80 800 0.1 1
Node 28 68 28.4253
Pkt 15 150 0.1 1
Pkt 20 192 0.104167 1
Node 67 27 28.6007
Pkt 40 400 0.1 1
Pkt 48 480 0.1 1
Node 63 26 27.2947
Pkt 75 750 0.1 1
Pkt 80 800 0.1 1
Node 25 37 28.178
Pkt 25 250 0.1 1
Pkt 13 125 0.104 1
Rate:201.167
==========
==========59
7 0 2 24000
Node 74 34 28.8444
Pkt 24 240 0.1 1
Pkt 15 150 0.1 1
Node 72 32 28.4253
Pkt 38 375 0.101333 1
Pkt 38 375 0.101333 1
Node 46 69 19.4165
Pkt 80 800 0.1 1
Pkt 80 800 0.1 1
Node 70 71 29
Pkt 20 200 0.1 1
Pkt 20 200 0.1 1
Node 28 30 29.7321
Pkt 40 400 0.1 1
Pkt 40 400 0.1 1
Node 43 36 15.6525
Pkt 80 800 0.1 1
Pkt 80 800 0.1 1
Node 48 70 20.0998
Pkt 25 250 0.1 1
Pkt 15 150 0.1 1
Rate:200.381
==========
==========60
7 0 2 24000
Node 64 40 17.2047
Pkt 16 160 0.1 1
Pkt 15 150 0.1 1
Node 25 41 26.5707
Pkt 30 300 0.1 1
Pkt 30 300 0.1 1
Node 57 72 23.0868
Pkt 75 750 0.1 1
Pkt 80 800 0.1 1
Node 54 41 9.84886
Pkt 12 120 0.1 1
Pkt 15 150 0.1 1
Node 44 68 18.9737
Pkt 32 320 0.1 1
Pkt 30 300 0.1 1
Node 60 61 14.8661
Pkt 80 800 0.1 1
Pkt 80 800 0.1 1
Node 73 68 29.2062
Pkt 13 125 0.104 1
Pkt 24 240 0.1 1
Rate:200.571
==========
==========61
7 0 2 24000
Node 71 72 30.4138
Pkt 12 120 0.1 1
Pkt 16 160 0.1 1
Node 49 46 4.12311
Pkt 32 320 0.1 1
Pkt 40 400 0.1 1
Node 45 35 15.8114
Pkt 80 800 0.1 1
Pkt 80 800 0.1 1
Node 42 38 14.4222
Pkt 20 192 0.104167 1
Pkt 24 240 0.1 1
Node 33 30 26.2488
Pkt 40 400 0.1 1
Pkt 38 375 0.101333 1
Node 34 33 23.3452
Pkt 75 750 0.1 1
Pkt 80 800 0.1 1
Node 35 58 17
Pkt 12 120 0.1 1
Pkt 13 125 0.104 1
Rate:201.357
==========
==========62
7 0 2 24000
Node 33 64 22.0227
Pkt 10 100 0.1 1
Pkt 15 150 0.1 1
Node 73 38 25.9422
Pkt 32 320 0.1 1
Pkt 30 300 0.1 1
Node 72 26 32.5576
Pkt 80 800 0.1 1
Pkt 80 800 0.1 1
Node 53 66 16.2788
Pkt 20 200 0.1 1
Pkt 20 200 0.1 1
Node 27 38 25.9422
Pkt 38 375 0.101333 1
Pkt 48 480 0.1 1
Node 25 74 34.6554
Pkt 80 800 0.1 1
Pkt 80 800 0.1 1
Node 51 47 3.16228
Pkt 13 125 0.104 1
Pkt 25 250 0.1 1
Rate:200.762
==========
==========63
7 0 2 24000
Node 36 31 23.6008
Pkt 24 240 0.1 1
Pkt 13 125 0.104 1
Node 67 34 23.3452
Pkt 38 375 0.101333 1
Pkt 48 480 0.1 1
Node 54 52 4.47214
Pkt 75 750 0.1 1
Pkt 80 800 0.1 1
Node 25 54 25.318
Pkt 20 192 0.104167 1
Pkt 15 150 0.1 1
Node 54 27 23.3452
Pkt 48 480 0.1 1
Pkt 38 375 0.101333 1
Node 38 49 12.0416
Pkt 75 750 0.1 1
Pkt 80 800 0.1 1
Node 69 27 29.8329
Pkt 25 250 0.1 1
Pkt 24 240 0.1 1
Rate:201.548
==========
==========64
7 0 2 24000
Node 29 47 21.2132
Pkt 10 100 0.1 1
Pkt 13 125 0.104 1
Node 37 55 13.9284
Pkt 30 300 0.1 1
Pkt 30 300 0.1 1
Node 70 35 25
Pkt 75 750 0.1 1
Pkt 75 750 0.1 1
Node 73 43 24.0416
Pkt 20 200 0.1 1
Pkt 24 240 0.1 1
Node 55 37 13.9284
Pkt 30 300 0.1 1
Pkt 40 400 0.1 1
Node 26 66 28.8444
Pkt 75 750 0.1 1
Pkt 80 800 0.1 1
Node 52 61 11.1803
Pkt 24 240 0.1 1
Pkt 12 120 0.1 1
Rate:200.571
==========
==========65
7 0 2 24000
Node 45 72 22.561
Pkt 20 192 0.104167 1
Pkt 12 120 0.1 1
Node 70 54 20.3961
Pkt 48 480 0.1 1
Pkt 38 375 0.101333 1
Node 29 42 22.4722
Pkt 80 800 0.1 1
Pkt 80 800 0.1 1
Node 55 51 5.09902
Pkt 20 200 0.1 1
Pkt 10 100 0.1 1
Node 34 35 21.9317
Pkt 32 320 0.1 1
Pkt 48 480 0.1 1
Node 29 40 23.2594
Pkt 80 800 0.1 1
Pkt 75 750 0.1 1
Node 57 37 14.7648
Pkt 12 120 0.1 1
Pkt 15 150 0.1 1
Rate:200.786
==========
==========66
7 0 2 24000
Node 63 68 22.2036
Pkt 25 250 0.1 1
Pkt 16 160 0.1 1
Node 68 55 18.6815
Pkt 40 400 0.1 1
Pkt 30 300 0.1 1
Node 58 37 15.2643
Pkt 75 750 0.1 1
Pkt 75 750 0.1 1
Node 70 48 20.0998
Pkt 15 150 0.1 1
Pkt 20 200 0.1 1
Node 37 31 23.0217
Pkt 40 400 0.1 1
Pkt 32 320 0.1 1
Node 57 30 21.1896
Pkt 75 750 0.1 1
Pkt 80 800 0.1 1
Node 38 42 14.4222
Pkt 12 120 0.1 1
Pkt 10 100 0.1 1
Rate:200
==========
==========67
7 0 2 24000
Node 60 34 18.868
Pkt 12 120 0.1 1
Pkt 16 160 0.1 1
Node 39 37 17.0294
Pkt 38 375 0.101333 1
Pkt 38 375 0.101333 1
Node 38 74 26.8328
Pkt 80 800 0.1 1
Pkt 80 800 0.1 1
Node 57 72 23.0868
Pkt 12 120 0.1 1
Pkt 20 192 0.104167 1
Node 52 66 16.1245
Pkt 30 300 0.1 1
Pkt 40 400 0.1 1
Node 65 63 19.8494
Pkt 80 800 0.1 1
Pkt 80 800 0.1 1
Node 54 31 19.4165
Pkt 13 125 0.104 1
Pkt 12 120 0.1 1
Rate:201.548
==========
==========68
7 0 2 24000
Node 51 60 10.0499
Pkt 20 192 0.104167 1
Pkt 20 200 0.1 1
Node 70 37 23.8537
Pkt 38 375 0.101333 1
Pkt 32 320 0.1 1
Node 71 42 22.4722
Pkt 80 800 0.1 1
Pkt 80 800 0.1 1
Node 66 51 16.0312
Pkt 15 150 0.1 1
Pkt 16 160 0.1 1
Node 58 47 8.544
Pkt 32 320 0.1 1
Pkt 30 300 0.1 1
Node 50 70 20
Pkt 80 800 0.1 1
Pkt 80 800 0.1 1
Node 51 34 16.0312
Pkt 10 100 0.1 1
Pkt 15 150 0.1 1
Rate:200.786
==========
==========69
7 0 2 24000
Node 55 26 24.5153
Pkt 16 160 0.1 1
Pkt 15 150 0.1 1
Node 33 71 27.0185
Pkt 32 320 0.1 1
Pkt 48 480 0.1 1
Node 31 64 23.6008
Pkt 75 750 0.1 1
Pkt 80 800 0.1 1
Node 64 39 17.8045
Pkt 16 160 0.1 1
Pkt 10 100 0.1 1
Node 69 27 29.8329
Pkt 40 400 0.1 1
Pkt 38 375 0.101333 1
Node 62 51 12.0416
Pkt 75 750 0.1 1
Pkt 80 800 0.1 1
Node 49 31 19.0263
Pkt 13 125 0.104 1
Pkt 10 100 0.1 1
Rate:200.762
==========
==========70
7 0 2 24000
Node 54 63 13.6015
Pkt 13 125 0.104 1
Pkt 15 150 0.1 1
Node 56 42 10
Pkt 32 320 0.1 1
Pkt 38 375 0.101333 1
Node 31 42 20.6155
Pkt 75 750 0.1 1
Pkt 80 800 0.1 1
Node 53 27 23.1948
Pkt 24 240 0.1 1
Pkt 16 160 0.1 1
Node 28 73 31.8277
Pkt 40 400 0.1 1
Pkt 30 300 0.1 1
Node 55 68 18.6815
Pkt 75 750 0.1 1
Pkt 75 750 0.1 1
Node 45 28 22.561
Pkt 20 200 0.1 1
Pkt 12 120 0.1 1
Rate:200.762
==========
==========71
7 0 2 24000
Node 32 57 19.3132
Pkt 20 200 0.1 1
Pkt 16 160 0.1 1
Node 63 28 25.5539
Pkt 40 400 0.1 1
Pkt 32 320 0.1 1
Node 40 28 24.1661
Pkt 80 800 0.1 1
Pkt 80 800 0.1 1
Node 45 49 5.09902
Pkt 12 120 0.1 1
Pkt 10 100 0.1 1
Node 70 66 25.6125
Pkt 48 480 0.1 1
Pkt 48 480 0.1 1
Node 26 25 34.6554
Pkt 75 750 0.1 1
Pkt 75 750 0.1 1
Node 67 41 19.2354
Pkt 20 200 0.1 1
Pkt 13 125 0.104 1
Rate:200.571
==========
==========72
7 0 2 24000
Node 67 50 17
Pkt 24 240 0.1 1
Pkt 20 200 0.1 1
Node 57 64 15.6525
Pkt 30 300 0.1 1
Pkt 48 480 0.1 1
Node 53 56 6.7082
Pkt 75 750 0.1 1
Pkt 75 750 0.1 1
Node 25 55 25.4951
Pkt 20 192 0.104167 1
Pkt 15 150 0.1 1
Node 43 29 22.1359
Pkt 38 375 0.101333 1
Pkt 30 300 0.1 1
Node 66 38 20
Pkt 80 800 0.1 1
Pkt 75 750 0.1 1
Node 38 36 18.4391
Pkt 20 200 0.1 1
Pkt 20 192 0.104167 1
Rate:201.381
==========
==========73
7 0 2 24000
Node 49 71 21.0238
Pkt 13 125 0.104 1
Pkt 16 160 0.1 1
Node 28 49 22.0227
Pkt 30 300 0.1 1
Pkt 48 480 0.1 1
Node 66 57 17.4642
Pkt 80 800 0.1 1
Pkt 80 800 0.1 1
Node 48 31 19.105
Pkt 20 200 0.1 1
Pkt 13 125 0.104 1
Node 65 67 22.6716
Pkt 30 300 0.1 1
Pkt 48 480 0.1 1
Node 36 61 17.8045
Pkt 75 750 0.1 1
Pkt 75 750 0.1 1
Node 57 50 7
Pkt 20 192 0.104167 1
Pkt 15 150 0.1 1
Rate:201.738
==========
==========74
7 0 2 24000
Node 57 33 18.3848
Pkt 20 192 0.104167 1
Pkt 12 120 0.1 1
Node 63 46 13.6015
Pkt 30 300 0.1 1
Pkt 30 300 0.1 1
Node 31 39 21.9545
Pkt 80 800 0.1 1
Pkt 80 800 0.1 1
Node 39 36 17.8045
Pkt 25 250 0.1 1
Pkt 25 250 0.1 1
Node 57 62 13.8924
Pkt 48 480 0.1 1
Pkt 40 400 0.1 1
Node 48 60 10.198
Pkt 80 800 0.1 1
Pkt 75 750 0.1 1
Node 63 56 14.3178
Pkt 13 125 0.104 1
Pkt 13 125 0.104 1
Rate:201.738
==========
==========75
7 0 2 24000
Node 66 60 18.868
Pkt 20 192 0.104167 1
Pkt 25 250 0.1 1
Node 63 59 15.8114
Pkt 48 480 0.1 1
Pkt 32 320 0.1 1
Node 49 31 19.0263
Pkt 80 800 0.1 1
Pkt 80 800 0.1 1
Node 26 46 24.3311
Pkt 25 250 0.1 1
Pkt 10 100 0.1 1
Node 45 49 5.09902
Pkt 38 375 0.101333 1
Pkt 32 320 0.1 1
Node 66 51 16.0312
Pkt 75 750 0.1 1
Pkt 75 750 0.1 1
Node 40 52 10.198
Pkt 16 160 0.1 1
Pkt 15 150 0.1 1
Rate:200.786
==========
==========76
7 0 2 24000
Node 72 31 29.0689
Pkt 15 150 0.1 1
Pkt 24 240 0.1 1
Node 61 69 21.9545
Pkt 40 400 0.1 1
Pkt 48 480 0.1 1
Node 44 44 8.48528
Pkt 80 800 0.1 1
Pkt 80 800 0.1 1
Node 25 46 25.318
Pkt 25 250 0.1 1
Pkt 12 120 0.1 1
Node 29 67 27.0185
Pkt 38 375 0.101333 1
Pkt 40 400 0.1 1
Node 45 27 23.5372
Pkt 75 750 0.1 1
Pkt 80 800 0.1 1
Node 52 27 23.0868
Pkt 10 100 0.1 1
Pkt 10 100 0.1 1
Rate:200.19
==========
==========77
7 0 2 24000
Node 54 61 11.7047
Pkt 10 100 0.1 1
Pkt 15 150 0.1 1
Node 33 42 18.7883
Pkt 38 375 0.101333 1
Pkt 38 375 0.101333 1
Node 67 60 19.7231
Pkt 75 750 0.1 1
Pkt 75 750 0.1 1
Node 30 42 21.5407
Pkt 12 120 0.1 1
Pkt 20 192 0.104167 1
Node 32 53 18.2483
Pkt 30 300 0.1 1
Pkt 38 375 0.101333 1
Node 52 26 24.0832
Pkt 80 800 0.1 1
Pkt 80 800 0.1 1
Node 31 74 30.6105
Pkt 20 192 0.104167 1
Pkt 16 160 0.1 1
Rate:201.762
==========
==========78
7 0 2 24000
Node 58 62 14.4222
Pkt 24 240 0.1 1
Pkt 13 125 0.104 1
Node 50 68 18
Pkt 38 375 0.101333 1
Pkt 48 480 0.1 1
Node 56 54 7.2111
Pkt 80 800 0.1 1
Pkt 75 750 0.1 1
Node 44 67 18.0278
Pkt 13 125 0.104 1
Pkt 20 200 0.1 1
Node 69 69 26.8701
Pkt 30 300 0.1 1
Pkt 32 320 0.1 1
Node 33 54 17.4642
Pkt 75 750 0.1 1
Pkt 80 800 0.1 1
Node 44 61 12.53
Pkt 25 250 0.1 1
Pkt 10 100 0.1 1
Rate:201.333
==========
==========79
7 0 2 24000
Node 28 45 22.561
Pkt 16 160 0.1 1
Pkt 20 192 0.104167 1
Node 53 61 11.4018
Pkt 40 400 0.1 1
Pkt 38 375 0.101333 1
Node 72 44 22.8035
Pkt 80 800 0.1 1
Pkt 80 800 0.1 1
Node 28 56 22.8035
Pkt 20 200 0.1 1
Pkt 15 150 0.1 1
Node 65 46 15.5242
Pkt 48 480 0.1 1
Pkt 40 400 0.1 1
Node 34 44 17.088
Pkt 80 800 0.1 1
Pkt 80 800 0.1 1
Node 27 46 23.3452
Pkt 20 192 0.104167 1
Pkt 15 150 0.1 1
Rate:201.381
==========
==========80
7 0 2 24000
Node 72 69 29.0689
Pkt 20 192 0.104167 1
Pkt 15 150 0.1 1
Node 30 60 22.3607
Pkt 48 480 0.1 1
Pkt 48 480 0.1 1
Node 55 32 18.6815
Pkt 80 800 0.1 1
Pkt 75 750 0.1 1
Node 35 57 16.5529
Pkt 20 200 0.1 1
Pkt 20 200 0.1 1
Node 39 50 11
Pkt 32 320 0.1 1
Pkt 40 400 0.1 1
Node 68 55 18.6815
Pkt 80 800 0.1 1
Pkt 80 800 0.1 1
Node 69 59 21.0238
Pkt 16 160 0.1 1
Pkt 12 120 0.1 1
Rate:200.595
==========
==========81
7 0 2 24000
Node 45 27 23.5372
Pkt 10 100 0.1 1
Pkt 25 250 0.1 1
Node 34 31 24.8395
Pkt 32 320 0.1 1
Pkt 48 480 0.1 1
Node 68 54 18.4391
Pkt 80 800 0.1 1
Pkt 80 800 0.1 1
Node 44 56 8.48528
Pkt 12 120 0.1 1
Pkt 20 200 0.1 1
Node 60 46 10.7703
Pkt 38 375 0.101333 1
Pkt 30 300 0.1 1
Node 26 62 26.8328
Pkt 75 750 0.1 1
Pkt 80 800 0.1 1
Node 40 41 13.4536
Pkt 24 240 0.1 1
Pkt 16 160 0.1 1
Rate:200.19
==========
==========82
7 0 2 24000
Node 42 34 17.8885
Pkt 20 192 0.104167 1
Pkt 16 160 0.1 1
Node 27 46 23.3452
Pkt 40 400 0.1 1
Pkt 40 400 0.1 1
Node 55 32 18.6815
Pkt 75 750 0.1 1
Pkt 75 750 0.1 1
Node 59 68 20.1246
Pkt 16 160 0.1 1
Pkt 10 100 0.1 1
Node 63 33 21.4009
Pkt 32 320 0.1 1
Pkt 32 320 0.1 1
Node 64 30 24.4131
Pkt 75 750 0.1 1
Pkt 80 800 0.1 1
Node 64 68 22.8035
Pkt 20 192 0.104167 1
Pkt 16 160 0.1 1
Rate:201.19
==========
==========83
7 0 2 24000
Node 66 38 20
Pkt 16 160 0.1 1
Pkt 15 150 0.1 1
Node 48 37 13.1529
Pkt 30 300 0.1 1
Pkt 48 480 0.1 1
Node 33 41 19.2354
Pkt 75 750 0.1 1
Pkt 80 800 0.1 1
Node 35 51 15.0333
Pkt 12 120 0.1 1
Pkt 10 100 0.1 1
Node 58 68 19.6977
Pkt 30 300 0.1 1
Pkt 38 375 0.101333 1
Node 33 25 30.2324
Pkt 80 800 0.1 1
Pkt 80 800 0.1 1
Node 52 31 19.105
Pkt 25 250 0.1 1
Pkt 24 240 0.1 1
Rate:200.19
==========
==========84
7 0 2 24000
Node 66 54 16.4924
Pkt 20 192 0.104167 1
Pkt 16 160 0.1 1
Node 49 26 24.0208
Pkt 38 375 0.101333 1
Pkt 30 300 0.1 1
Node 44 60 11.6619
Pkt 80 800 0.1 1
Pkt 80 800 0.1 1
Node 46 48 4.47214
Pkt 10 100 0.1 1
Pkt 20 192 0.104167 1
Node 30 60 22.3607
Pkt 32 320 0.1 1
Pkt 32 320 0.1 1
Node 54 51 4.12311
Pkt 80 800 0.1 1
Pkt 75 750 0.1 1
Node 40 30 22.3607
Pkt 10 100 0.1 1
Pkt 16 160 0.1 1
Rate:201.381
==========
==========85
7 0 2 24000
Node 70 32 26.9072
Pkt 20 192 0.104167 1
Pkt 15 150 0.1 1
Node 40 43 12.2066
Pkt 32 320 0.1 1
Pkt 32 320 0.1 1
Node 68 68 25.4558
Pkt 80 800 0.1 1
Pkt 75 750 0.1 1
Node 68 53 18.2483
Pkt 25 250 0.1 1
Pkt 24 240 0.1 1
Node 65 37 19.8494
Pkt 30 300 0.1 1
Pkt 38 375 0.101333 1
Node 34 63 20.6155
Pkt 75 750 0.1 1
Pkt 80 800 0.1 1
Node 71 65 25.807
Pkt 25 250 0.1 1
Pkt 12 120 0.1 1
Rate:200.786
==========
==========86
7 0 2 24000
Node 69 30 27.5862
Pkt 15 150 0.1 1
Pkt 15 150 0.1 1
Node 26 65 28.3019
Pkt 40 400 0.1 1
Pkt 38 375 0.101333 1
Node 38 68 21.6333
Pkt 80 800 0.1 1
Pkt 75 750 0.1 1
Node 65 31 24.2074
Pkt 15 150 0.1 1
Pkt 12 120 0.1 1
Node 31 34 24.8395
Pkt 48 480 0.1 1
Pkt 32 320 0.1 1
Node 55 27 23.5372
Pkt 75 750 0.1 1
Pkt 80 800 0.1 1
Node 44 69 19.9249
Pkt 24 240 0.1 1
Pkt 20 200 0.1 1
Rate:200.19
==========
==========87
7 0 2 24000
Node 61 28 24.5967
Pkt 20 192 0.104167 1
Pkt 16 160 0.1 1
Node 29 26 31.8904
Pkt 32 320 0.1 1
Pkt 48 480 0.1 1
Node 59 26 25.632
Pkt 80 800 0.1 1
Pkt 80 800 0.1 1
Node 25 25 35.3553
Pkt 20 200 0.1 1
Pkt 15 150 0.1 1
Node 39 39 15.5563
Pkt 32 320 0.1 1
Pkt 40 400 0.1 1
Node 41 34 18.3576
Pkt 80 800 0.1 1
Pkt 75 750 0.1 1
Node 69 36 23.6008
Pkt 20 192 0.104167 1
Pkt 15 150 0.1 1
Rate:201.19
==========
==========88
7 0 2 24000
Node 35 41 17.4929
Pkt 12 120 0.1 1
Pkt 12 120 0.1 1
Node 55 69 19.6469
Pkt 40 400 0.1 1
Pkt 30 300 0.1 1
Node 35 61 18.6011
Pkt 80 800 0.1 1
Pkt 80 800 0.1 1
Node 49 49 1.41421
Pkt 24 240 0.1 1
Pkt 25 250 0.1 1
Node 68 39 21.095
Pkt 38 375 0.101333 1
Pkt 40 400 0.1 1
Node 70 25 32.0156
Pkt 75 750 0.1 1
Pkt 75 750 0.1 1
Node 25 33 30.2324
Pkt 12 120 0.1 1
Pkt 12 120 0.1 1
Rate:200.19
==========
==========89
7 0 2 24000
Node 49 38 12.0416
Pkt 13 125 0.104 1
Pkt 24 240 0.1 1
Node 56 37 14.3178
Pkt 48 480 0.1 1
Pkt 30 300 0.1 1
Node 39 47 11.4018
Pkt 75 750 0.1 1
Pkt 75 750 0.1 1
Node 71 49 21.0238
Pkt 24 240 0.1 1
Pkt 24 240 0.1 1
Node 74 48 24.0832
Pkt 40 400 0.1 1
Pkt 40 400 0.1 1
Node 54 49 4.12311
Pkt 80 800 0.1 1
Pkt 75 750 0.1 1
Node 44 44 8.48528
Pkt 12 120 0.1 1
Pkt 10 100 0.1 1
Rate:200.571
==========
==========90
7 0 2 24000
Node 31 45 19.6469
Pkt 24 240 0.1 1
Pkt 16 160 0.1 1
Node 37 37 18.3848
Pkt 30 300 0.1 1
Pkt 30 300 0.1 1
Node 44 49 6.08276
Pkt 80 800 0.1 1
Pkt 80 800 0.1 1
Node 37 48 13.1529
Pkt 12 120 0.1 1
Pkt 13 125 0.104 1
Node 47 60 10.4403
Pkt 32 320 0.1 1
Pkt 40 400 0.1 1
Node 73 49 23.0217
Pkt 80 800 0.1 1
Pkt 75 750 0.1 1
Node 71 68 27.6586
Pkt 25 250 0.1 1
Pkt 24 240 0.1 1
Rate:200.571
==========
==========91
7 0 2 24000
Node 38 34 20
Pkt 15 150 0.1 1
Pkt 20 192 0.104167 1
Node 70 57 21.1896
Pkt 48 480 0.1 1
Pkt 32 320 0.1 1
Node 38 61 16.2788
Pkt 75 750 0.1 1
Pkt 80 800 0.1 1
Node 68 55 18.6815
Pkt 15 150 0.1 1
Pkt 13 125 0.104 1
Node 59 35 17.4929
Pkt 30 300 0.1 1
Pkt 32 320 0.1 1
Node 71 26 31.8904
Pkt 80 800 0.1 1
Pkt 80 800 0.1 1
Node 42 67 18.7883
Pkt 20 192 0.104167 1
Pkt 13 125 0.104 1
Rate:202.333
==========
==========92
7 0 2 24000
Node 30 46 20.3961
Pkt 12 120 0.1 1
Pkt 20 192 0.104167 1
Node 29 63 24.6982
Pkt 32 320 0.1 1
Pkt 38 375 0.101333 1
Node 41 36 16.6433
Pkt 80 800 0.1 1
Pkt 75 750 0.1 1
Node 29 31 28.3196
Pkt 15 150 0.1 1
Pkt 10 100 0.1 1
Node 55 45 7.07107
Pkt 48 480 0.1 1
Pkt 30 300 0.1 1
Node 64 49 14.0357
Pkt 75 750 0.1 1
Pkt 75 750 0.1 1
Node 37 35 19.8494
Pkt 24 240 0.1 1
Pkt 15 150 0.1 1
Rate:200.786
==========
==========93
7 0 2 24000
Node 63 37 18.3848
Pkt 16 160 0.1 1
Pkt 20 200 0.1 1
Node 25 57 25.9615
Pkt 38 375 0.101333 1
Pkt 32 320 0.1 1
Node 74 54 24.3311
Pkt 75 750 0.1 1
Pkt 80 800 0.1 1
Node 36 52 14.1421
Pkt 13 125 0.104 1
Pkt 20 192 0.104167 1
Node 69 34 24.8395
Pkt 32 320 0.1 1
Pkt 32 320 0.1 1
Node 55 40 11.1803
Pkt 75 750 0.1 1
Pkt 75 750 0.1 1
Node 32 74 30
Pkt 20 192 0.104167 1
Pkt 16 160 0.1 1
Rate:201.952
==========
==========94
7 0 2 24000
Node 36 38 18.4391
Pkt 13 125 0.104 1
Pkt 25 250 0.1 1
Node 36 45 14.8661
Pkt 32 320 0.1 1
Pkt 30 300 0.1 1
Node 28 66 27.2029
Pkt 75 750 0.1 1
Pkt 80 800 0.1 1
Node 27 26 33.2415
Pkt 20 200 0.1 1
Pkt 10 100 0.1 1
Node 35 61 18.6011
Pkt 30 300 0.1 1
Pkt 48 480 0.1 1
Node 33 68 24.7588
Pkt 80 800 0.1 1
Pkt 80 800 0.1 1
Node 51 43 7.07107
Pkt 25 250 0.1 1
Pkt 13 125 0.104 1
Rate:201.143
==========
==========95
7 0 2 24000
Node 46 52 4.47214
Pkt 20 192 0.104167 1
Pkt 10 100 0.1 1
Node 56 34 17.088
Pkt 38 375 0.101333 1
Pkt 38 375 0.101333 1
Node 71 45 21.587
Pkt 75 750 0.1 1
Pkt 80 800 0.1 1
Node 74 31 30.6105
Pkt 20 192 0.104167 1
Pkt 20 192 0.104167 1
Node 53 25 25.1794
Pkt 32 320 0.1 1
Pkt 30 300 0.1 1
Node 56 26 24.7386
Pkt 80 800 0.1 1
Pkt 75 750 0.1 1
Node 28 29 30.4138
Pkt 13 125 0.104 1
Pkt 20 192 0.104167 1
Rate:203.333
==========
==========96
7 0 2 24000
Node 64 41 16.6433
Pkt 15 150 0.1 1
Pkt 24 240 0.1 1
Node 29 32 27.6586
Pkt 32 320 0.1 1
Pkt 32 320 0.1 1
Node 72 26 32.5576
Pkt 75 750 0.1 1
Pkt 75 750 0.1 1
Node 29 67 27.0185
Pkt 25 250 0.1 1
Pkt 20 192 0.104167 1
Node 51 32 18.0278
Pkt 48 480 0.1 1
Pkt 38 375 0.101333 1
Node 31 58 20.6155
Pkt 75 750 0.1 1
Pkt 80 800 0.1 1
Node 67 38 20.8087
Pkt 24 240 0.1 1
Pkt 20 192 0.104167 1
Rate:201.381
==========
==========97
7 0 2 24000
Node 69 53 19.2354
Pkt 12 120 0.1 1
Pkt 15 150 0.1 1
Node 72 65 26.6271
Pkt 40 400 0.1 1
Pkt 48 480 0.1 1
Node 32 58 19.6977
Pkt 80 800 0.1 1
Pkt 80 800 0.1 1
Node 58 66 17.8885
Pkt 25 250 0.1 1
Pkt 24 240 0.1 1
Node 64 47 14.3178
Pkt 40 400 0.1 1
Pkt 30 300 0.1 1
Node 48 57 7.28011
Pkt 80 800 0.1 1
Pkt 80 800 0.1 1
Node 50 67 17
Pkt 25 250 0.1 1
Pkt 12 120 0.1 1
Rate:200
==========
==========98
7 0 2 24000
Node 36 42 16.1245
Pkt 24 240 0.1 1
Pkt 15 150 0.1 1
Node 36 29 25.2389
Pkt 30 300 0.1 1
Pkt 38 375 0.101333 1
Node 62 73 25.9422
Pkt 80 800 0.1 1
Pkt 75 750 0.1 1
Node 46 30 20.3961
Pkt 20 200 0.1 1
Pkt 24 240 0.1 1
Node 53 38 12.3693
Pkt 38 375 0.101333 1
Pkt 40 400 0.1 1
Node 27 71 31.1448
Pkt 75 750 0.1 1
Pkt 75 750 0.1 1
Node 60 25 26.9258
Pkt 20 192 0.104167 1
Pkt 25 250 0.1 1
Rate:200.976
==========
==========99
