7 0 2 24000
Node 70 43 21.1896
Pkt 20 250 0.08 1
Pkt 16 200 0.08 1
Node 74 27 33.2415
Pkt 39 480 0.08125 1
Pkt 26 320 0.08125 1
Node 27 39 25.4951
Pkt 60 750 0.08 1
Pkt 64 800 0.08 1
Node 54 55 6.40312
Pkt 16 192 0.0833333 1
Pkt 10 120 0.0833333 1
Node 30 55 20.6155
Pkt 26 320 0.08125 1
Pkt 32 400 0.08 1
Node 71 47 21.2132
Pkt 60 750 0.08 1
Pkt 60 750 0.08 1
Node 52 52 2.82843
Pkt 20 250 0.08 1
Pkt 13 160 0.08125 1
Rate:161.667
==========
==========0
7 0 2 24000
Node 41 44 10.8167
Pkt 8 100 0.08 1
Pkt 20 250 0.08 1
Node 48 66 16.1245
Pkt 39 480 0.08125 1
Pkt 26 320 0.08125 1
Node 38 27 25.9422
Pkt 60 750 0.08 1
Pkt 64 800 0.08 1
Node 66 25 29.6816
Pkt 10 120 0.0833333 1
Pkt 20 250 0.08 1
Node 44 33 18.0278
Pkt 30 375 0.08 1
Pkt 26 320 0.08125 1
Node 53 28 22.2036
Pkt 60 750 0.08 1
Pkt 64 800 0.08 1
Node 44 59 10.8167
Pkt 20 250 0.08 1
Pkt 20 250 0.08 1
Rate:161.012
==========
==========1
7 0 2 24000
Node 45 47 5.83095
Pkt 10 120 0.0833333 1
Pkt 8 100 0.08 1
Node 74 62 26.8328
Pkt 39 480 0.08125 1
Pkt 24 300 0.08 1
Node 65 30 25
Pkt 64 800 0.08 1
Pkt 64 800 0.08 1
Node 61 49 11.0454
Pkt 20 240 0.0833333 1
Pkt 20 250 0.08 1
Node 27 51 23.0217
Pkt 32 400 0.08 1
Pkt 30 375 0.08 1
Node 68 74 30
Pkt 64 800 0.08 1
Pkt 64 800 0.08 1
Node 55 46 6.40312
Pkt 20 250 0.08 1
Pkt 13 160 0.08125 1
Rate:161.31
==========
==========2
7 0 2 24000
Node 65 27 27.4591
Pkt 10 120 0.0833333 1
Pkt 16 192 0.0833333 1
Node 71 26 31.8904
Pkt 39 480 0.08125 1
Pkt 24 300 0.08 1
Node 62 70 23.3238
Pkt 60 750 0.08 1
Pkt 64 800 0.08 1
Node 44 38 13.4164
Pkt 10 125 0.08 1
Pkt 13 160 0.08125 1
Node 74 35 28.3019
Pkt 26 320 0.08125 1
Pkt 26 320 0.08125 1
Node 32 44 18.9737
Pkt 60 750 0.08 1
Pkt 60 750 0.08 1
Node 68 73 29.2062
Pkt 8 100 0.08 1
Pkt 16 200 0.08 1
Rate:161.667
==========
==========3
7 0 2 24000
Node 40 26 26
Pkt 20 250 0.08 1
Pkt 13 160 0.08125 1
Node 29 55 21.587
Pkt 30 375 0.08 1
Pkt 24 300 0.08 1
Node 38 27 25.9422
Pkt 64 800 0.08 1
Pkt 60 750 0.08 1
Node 69 50 19
Pkt 10 120 0.0833333 1
Pkt 13 160 0.08125 1
Node 73 61 25.4951
Pkt 30 375 0.08 1
Pkt 32 400 0.08 1
Node 51 57 7.07107
Pkt 64 800 0.08 1
Pkt 64 800 0.08 1
Node 46 62 12.6491
Pkt 8 100 0.08 1
Pkt 13 160 0.08125 1
Rate:161.012
==========
==========4
7 0 2 24000
Node 36 60 17.2047
Pkt 16 192 0.0833333 1
Pkt 20 250 0.08 1
Node 71 39 23.7065
Pkt 24 300 0.08 1
Pkt 32 400 0.08 1
Node 56 47 6.7082
Pkt 64 800 0.08 1
Pkt 64 800 0.08 1
Node 37 33 21.4009
Pkt 12 150 0.08 1
Pkt 10 125 0.08 1
Node 41 71 22.8473
Pkt 30 375 0.08 1
Pkt 39 480 0.08125 1
Node 67 67 24.0416
Pkt 64 800 0.08 1
Pkt 64 800 0.08 1
Node 63 50 13
Pkt 20 240 0.0833333 1
Pkt 16 192 0.0833333 1
Rate:161.607
==========
==========5
7 0 2 24000
Node 29 37 24.6982
Pkt 16 200 0.08 1
Pkt 13 160 0.08125 1
Node 58 47 8.544
Pkt 30 375 0.08 1
Pkt 32 400 0.08 1
Node 44 35 16.1555
Pkt 60 750 0.08 1
Pkt 60 750 0.08 1
Node 43 73 24.0416
Pkt 12 150 0.08 1
Pkt 13 160 0.08125 1
Node 36 27 26.9258
Pkt 39 480 0.08125 1
Pkt 26 320 0.08125 1
Node 65 66 21.9317
Pkt 60 750 0.08 1
Pkt 64 800 0.08 1
Node 71 53 21.2132
Pkt 10 120 0.0833333 1
Pkt 12 150 0.08 1
Rate:161.19
==========
==========6
7 0 2 24000
Node 43 69 20.2485
Pkt 20 250 0.08 1
Pkt 8 100 0.08 1
Node 57 62 13.8924
Pkt 32 400 0.08 1
Pkt 39 480 0.08125 1
Node 29 61 23.7065
Pkt 64 800 0.08 1
Pkt 60 750 0.08 1
Node 48 53 3.60555
Pkt 12 150 0.08 1
Pkt 8 100 0.08 1
Node 39 70 22.8254
Pkt 26 320 0.08125 1
Pkt 39 480 0.08125 1
Node 60 39 14.8661
Pkt 60 750 0.08 1
Pkt 64 800 0.08 1
Node 73 38 25.9422
Pkt 16 200 0.08 1
Pkt 16 200 0.08 1
Rate:160.536
==========
==========7
7 0 2 24000
Node 52 36 14.1421
Pkt 20 240 0.0833333 1
Pkt 16 200 0.08 1
Node 51 68 18.0278
Pkt 26 320 0.08125 1
Pkt 39 480 0.08125 1
Node 54 65 15.5242
Pkt 60 750 0.08 1
Pkt 60 750 0.08 1
Node 41 42 12.0416
Pkt 16 192 0.0833333 1
Pkt 10 125 0.08 1
Node 47 69 19.2354
Pkt 26 320 0.08125 1
Pkt 24 300 0.08 1
Node 70 32 26.9072
Pkt 64 800 0.08 1
Pkt 60 750 0.08 1
Node 41 61 14.2127
Pkt 13 160 0.08125 1
Pkt 10 125 0.08 1
Rate:161.667
==========
==========8
7 0 2 24000
Node 48 50 2
Pkt 20 240 0.0833333 1
Pkt 10 120 0.0833333 1
Node 45 42 9.43398
Pkt 30 375 0.08 1
Pkt 26 320 0.08125 1
Node 60 26 26
Pkt 60 750 0.08 1
Pkt 60 750 0.08 1
Node 28 59 23.7697
Pkt 16 200 0.08 1
Pkt 10 120 0.0833333 1
Node 27 55 23.5372
Pkt 39 480 0.08125 1
Pkt 32 400 0.08 1
Node 66 66 22.6274
Pkt 60 750 0.08 1
Pkt 64 800 0.08 1
Node 46 56 7.2111
Pkt 12 150 0.08 1
Pkt 12 150 0.08 1
Rate:161.786
==========
==========9
7 0 2 24000
Node 46 38 12.6491
Pkt 20 250 0.08 1
Pkt 20 250 0.08 1
Node 42 39 13.6015
Pkt 30 375 0.08 1
Pkt 39 480 0.08125 1
Node 71 48 21.095
Pkt 60 750 0.08 1
Pkt 64 800 0.08 1
Node 30 44 20.8806
Pkt 13 160 0.08125 1
Pkt 12 150 0.08 1
Node 55 49 5.09902
Pkt 30 375 0.08 1
Pkt 24 300 0.08 1
Node 73 34 28.0179
Pkt 60 750 0.08 1
Pkt 60 750 0.08 1
Node 37 65 19.8494
Pkt 12 150 0.08 1
Pkt 10 120 0.0833333 1
Rate:160.833
==========
==========10
7 0 2 24000
Node 54 41 9.84886
Pkt 20 250 0.08 1
Pkt 12 150 0.08 1
Node 56 69 19.9249
Pkt 39 480 0.08125 1
Pkt 32 400 0.08 1
Node 46 26 24.3311
Pkt 60 750 0.08 1
Pkt 64 800 0.08 1
Node 25 42 26.2488
Pkt 16 192 0.0833333 1
Pkt 12 150 0.08 1
Node 57 27 24.0416
Pkt 32 400 0.08 1
Pkt 39 480 0.08125 1
Node 56 61 12.53
Pkt 60 750 0.08 1
Pkt 64 800 0.08 1
Node 67 72 27.8029
Pkt 10 120 0.0833333 1
Pkt 12 150 0.08 1
Rate:161.31
==========
==========11
7 0 2 24000
Node 58 69 20.6155
Pkt 8 100 0.08 1
Pkt 20 250 0.08 1
Node 48 73 23.0868
Pkt 30 375 0.08 1
Pkt 32 400 0.08 1
Node 46 59 9.84886
Pkt 60 750 0.08 1
Pkt 60 750 0.08 1
Node 48 47 3.60555
Pkt 20 250 0.08 1
Pkt 16 192 0.0833333 1
Node 73 37 26.4197
Pkt 30 375 0.08 1
Pkt 26 320 0.08125 1
Node 42 57 10.6301
Pkt 60 750 0.08 1
Pkt 64 800 0.08 1
Node 73 43 24.0416
Pkt 12 150 0.08 1
Pkt 10 125 0.08 1
Rate:160.655
==========
==========12
7 0 2 24000
Node 57 68 19.3132
Pkt 8 100 0.08 1
Pkt 10 125 0.08 1
Node 45 39 12.083
Pkt 24 300 0.08 1
Pkt 32 400 0.08 1
Node 40 30 22.3607
Pkt 64 800 0.08 1
Pkt 60 750 0.08 1
Node 30 54 20.3961
Pkt 12 150 0.08 1
Pkt 16 192 0.0833333 1
Node 38 46 12.6491
Pkt 24 300 0.08 1
Pkt 32 400 0.08 1
Node 65 71 25.807
Pkt 60 750 0.08 1
Pkt 64 800 0.08 1
Node 49 60 10.0499
Pkt 12 150 0.08 1
Pkt 13 160 0.08125 1
Rate:160.655
==========
==========13
7 0 2 24000
Node 48 69 19.105
Pkt 16 200 0.08 1
Pkt 16 200 0.08 1
Node 44 55 7.81025
Pkt 24 300 0.08 1
Pkt 26 320 0.08125 1
Node 33 73 28.6007
Pkt 64 800 0.08 1
Pkt 64 800 0.08 1
Node 48 55 5.38516
Pkt 13 160 0.08125 1
Pkt 16 200 0.08 1
Node 66 40 18.868
Pkt 26 320 0.08125 1
Pkt 32 400 0.08 1
Node 68 29 27.6586
Pkt 64 800 0.08 1
Pkt 60 750 0.08 1
Node 72 66 27.2029
Pkt 10 120 0.0833333 1
Pkt 8 100 0.08 1
Rate:161.012
==========
==========14
7 0 2 24000
Node 43 38 13.8924
Pkt 16 200 0.08 1
Pkt 10 125 0.08 1
Node 29 62 24.1868
Pkt 24 300 0.08 1
Pkt 32 400 0.08 1
Node 31 45 19.6469
Pkt 64 800 0.08 1
Pkt 64 800 0.08 1
Node 55 43 8.60233
Pkt 13 160 0.08125 1
Pkt 20 250 0.08 1
Node 44 50 6
Pkt 32 400 0.08 1
Pkt 26 320 0.08125 1
Node 59 73 24.6982
Pkt 60 750 0.08 1
Pkt 60 750 0.08 1
Node 42 53 8.544
Pkt 20 250 0.08 1
Pkt 13 160 0.08125 1
Rate:160.536
==========
==========15
7 0 2 24000
Node 72 25 33.3017
Pkt 12 150 0.08 1
Pkt 8 100 0.08 1
Node 71 25 32.6497
Pkt 39 480 0.08125 1
Pkt 24 300 0.08 1
Node 57 42 10.6301
Pkt 64 800 0.08 1
Pkt 60 750 0.08 1
Node 61 41 14.2127
Pkt 16 200 0.08 1
Pkt 12 150 0.08 1
Node 45 54 6.40312
Pkt 26 320 0.08125 1
Pkt 26 320 0.08125 1
Node 46 45 6.40312
Pkt 60 750 0.08 1
Pkt 60 750 0.08 1
Node 70 55 20.6155
Pkt 8 100 0.08 1
Pkt 8 100 0.08 1
Rate:160.536
==========
==========16
7 0 2 24000
Node 63 47 13.3417
Pkt 13 160 0.08125 1
Pkt 8 100 0.08 1
Node 35 55 15.8114
Pkt 39 480 0.08125 1
Pkt 39 480 0.08125 1
Node 29 53 21.2132
Pkt 64 800 0.08 1
Pkt 60 750 0.08 1
Node 45 30 20.6155
Pkt 20 250 0.08 1
Pkt 10 125 0.08 1
Node 59 66 18.3576
Pkt 30 375 0.08 1
Pkt 30 375 0.08 1
Node 31 47 19.2354
Pkt 60 750 0.08 1
Pkt 64 800 0.08 1
Node 48 37 13.1529
Pkt 20 250 0.08 1
Pkt 10 120 0.0833333 1
Rate:161.012
==========
==========17
7 0 2 24000
Node 53 27 23.1948
Pkt 16 200 0.08 1
Pkt 10 120 0.0833333 1
Node 56 39 12.53
Pkt 32 400 0.08 1
Pkt 32 400 0.08 1
Node 48 31 19.105
Pkt 60 750 0.08 1
Pkt 60 750 0.08 1
Node 36 57 15.6525
Pkt 16 200 0.08 1
Pkt 16 200 0.08 1
Node 32 49 18.0278
Pkt 24 300 0.08 1
Pkt 39 480 0.08125 1
Node 48 48 2.82843
Pkt 60 750 0.08 1
Pkt 64 800 0.08 1
Node 31 34 24.8395
Pkt 12 150 0.08 1
Pkt 13 160 0.08125 1
Rate:160.833
==========
==========18
7 0 2 24000
Node 26 62 26.8328
Pkt 16 192 0.0833333 1
Pkt 10 125 0.08 1
Node 65 59 17.4929
Pkt 32 400 0.08 1
Pkt 30 375 0.08 1
Node 70 29 29
Pkt 60 750 0.08 1
Pkt 60 750 0.08 1
Node 30 39 22.8254
Pkt 8 100 0.08 1
Pkt 13 160 0.08125 1
Node 49 58 8.06226
Pkt 39 480 0.08125 1
Pkt 30 375 0.08 1
Node 70 56 20.8806
Pkt 64 800 0.08 1
Pkt 64 800 0.08 1
Node 57 38 13.8924
Pkt 16 200 0.08 1
Pkt 20 250 0.08 1
Rate:160.833
==========
==========19
7 0 2 24000
Node 69 26 30.6105
Pkt 20 250 0.08 1
Pkt 16 200 0.08 1
Node 54 61 11.7047
Pkt 26 320 0.08125 1
Pkt 24 300 0.08 1
Node 60 40 14.1421
Pkt 60 750 0.08 1
Pkt 60 750 0.08 1
Node 51 39 11.0454
Pkt 16 192 0.0833333 1
Pkt 20 250 0.08 1
Node 47 73 23.1948
Pkt 26 320 0.08125 1
Pkt 30 375 0.08 1
Node 26 62 26.8328
Pkt 64 800 0.08 1
Pkt 64 800 0.08 1
Node 49 45 5.09902
Pkt 20 240 0.0833333 1
Pkt 12 150 0.08 1
Rate:161.31
==========
==========20
7 0 2 24000
Node 68 36 22.8035
Pkt 10 125 0.08 1
Pkt 10 125 0.08 1
Node 69 49 19.0263
Pkt 39 480 0.08125 1
Pkt 24 300 0.08 1
Node 60 28 24.1661
Pkt 60 750 0.08 1
Pkt 60 750 0.08 1
Node 51 31 19.0263
Pkt 12 150 0.08 1
Pkt 20 240 0.0833333 1
Node 44 57 9.21954
Pkt 26 320 0.08125 1
Pkt 30 375 0.08 1
Node 41 47 9.48683
Pkt 64 800 0.08 1
Pkt 60 750 0.08 1
Node 34 66 22.6274
Pkt 10 120 0.0833333 1
Pkt 20 250 0.08 1
Rate:161.31
==========
==========21
7 0 2 24000
Node 74 54 24.3311
Pkt 8 100 0.08 1
Pkt 12 150 0.08 1
Node 25 33 30.2324
Pkt 39 480 0.08125 1
Pkt 39 480 0.08125 1
Node 53 36 14.3178
Pkt 64 800 0.08 1
Pkt 60 750 0.08 1
Node 55 74 24.5153
Pkt 12 150 0.08 1
Pkt 10 125 0.08 1
Node 49 38 12.0416
Pkt 26 320 0.08125 1
Pkt 32 400 0.08 1
Node 62 41 15
Pkt 60 750 0.08 1
Pkt 60 750 0.08 1
Node 57 68 19.3132
Pkt 10 120 0.0833333 1
Pkt 20 250 0.08 1
Rate:161.012
==========
==========22
7 0 2 24000
Node 36 40 17.2047
Pkt 20 240 0.0833333 1
Pkt 8 100 0.08 1
Node 69 74 30.6105
Pkt 32 400 0.08 1
Pkt 24 300 0.08 1
Node 47 46 5
Pkt 64 800 0.08 1
Pkt 64 800 0.08 1
Node 27 31 29.8329
Pkt 16 200 0.08 1
Pkt 13 160 0.08125 1
Node 43 54 8.06226
Pkt 24 300 0.08 1
Pkt 32 400 0.08 1
Node 66 61 19.4165
Pkt 64 800 0.08 1
Pkt 64 800 0.08 1
Node 41 55 10.2956
Pkt 8 100 0.08 1
Pkt 8 100 0.08 1
Rate:160.655
==========
==========23
7 0 2 24000
Node 64 50 14
Pkt 16 200 0.08 1
Pkt 10 120 0.0833333 1
Node 27 45 23.5372
Pkt 32 400 0.08 1
Pkt 26 320 0.08125 1
Node 27 39 25.4951
Pkt 64 800 0.08 1
Pkt 60 750 0.08 1
Node 33 70 26.2488
Pkt 12 150 0.08 1
Pkt 12 150 0.08 1
Node 53 45 5.83095
Pkt 32 400 0.08 1
Pkt 32 400 0.08 1
Node 73 63 26.4197
Pkt 60 750 0.08 1
Pkt 64 800 0.08 1
Node 34 67 23.3452
Pkt 13 160 0.08125 1
Pkt 16 192 0.0833333 1
Rate:161.31
==========
==========24
7 0 2 24000
Node 41 64 16.6433
Pkt 10 125 0.08 1
Pkt 10 120 0.0833333 1
Node 37 70 23.8537
Pkt 26 320 0.08125 1
Pkt 24 300 0.08 1
Node 68 74 30
Pkt 60 750 0.08 1
Pkt 60 750 0.08 1
Node 38 54 12.6491
Pkt 10 125 0.08 1
Pkt 8 100 0.08 1
Node 46 57 8.06226
Pkt 39 480 0.08125 1
Pkt 30 375 0.08 1
Node 48 38 12.1655
Pkt 64 800 0.08 1
Pkt 60 750 0.08 1
Node 48 54 4.47214
Pkt 16 200 0.08 1
Pkt 8 100 0.08 1
Rate:160.833
==========
==========25
7 0 2 24000
Node 74 67 29.4109
Pkt 20 250 0.08 1
Pkt 10 120 0.0833333 1
Node 31 27 29.8329
Pkt 39 480 0.08125 1
Pkt 24 300 0.08 1
Node 38 51 12.0416
Pkt 64 800 0.08 1
Pkt 60 750 0.08 1
Node 43 46 8.06226
Pkt 13 160 0.08125 1
Pkt 10 120 0.0833333 1
Node 34 33 23.3452
Pkt 32 400 0.08 1
Pkt 30 375 0.08 1
Node 61 74 26.4008
Pkt 60 750 0.08 1
Pkt 64 800 0.08 1
Node 30 72 29.7321
Pkt 20 250 0.08 1
Pkt 8 100 0.08 1
Rate:161.31
==========
==========26
7 0 2 24000
Node 52 54 4.47214
Pkt 20 250 0.08 1
Pkt 12 150 0.08 1
Node 74 69 30.6105
Pkt 39 480 0.08125 1
Pkt 30 375 0.08 1
Node 63 66 20.6155
Pkt 60 750 0.08 1
Pkt 64 800 0.08 1
Node 59 42 12.0416
Pkt 8 100 0.08 1
Pkt 20 250 0.08 1
Node 46 30 20.3961
Pkt 26 320 0.08125 1
Pkt 24 300 0.08 1
Node 69 69 26.8701
Pkt 60 750 0.08 1
Pkt 64 800 0.08 1
Node 44 41 10.8167
Pkt 12 150 0.08 1
Pkt 8 100 0.08 1
Rate:160.357
==========
==========27
7 0 2 24000
Node 61 51 11.0454
Pkt 13 160 0.08125 1
Pkt 8 100 0.08 1
Node 59 57 11.4018
Pkt 24 300 0.08 1
Pkt 26 320 0.08125 1
Node 58 54 8.94427
Pkt 64 800 0.08 1
Pkt 64 800 0.08 1
Node 32 36 22.8035
Pkt 10 120 0.0833333 1
Pkt 20 250 0.08 1
Node 32 29 27.6586
Pkt 32 400 0.08 1
Pkt 39 480 0.08125 1
Node 34 49 16.0312
Pkt 64 800 0.08 1
Pkt 64 800 0.08 1
Node 53 37 13.3417
Pkt 10 120 0.0833333 1
Pkt 8 100 0.08 1
Rate:161.488
==========
==========28
7 0 2 24000
Node 34 44 17.088
Pkt 16 200 0.08 1
Pkt 20 250 0.08 1
Node 41 38 15
Pkt 30 375 0.08 1
Pkt 39 480 0.08125 1
Node 46 27 23.3452
Pkt 60 750 0.08 1
Pkt 60 750 0.08 1
Node 50 27 23
Pkt 10 125 0.08 1
Pkt 20 250 0.08 1
Node 43 35 16.5529
Pkt 24 300 0.08 1
Pkt 26 320 0.08125 1
Node 30 65 25
Pkt 60 750 0.08 1
Pkt 60 750 0.08 1
Node 61 37 17.0294
Pkt 16 200 0.08 1
Pkt 16 200 0.08 1
Rate:160.357
==========
==========29
7 0 2 24000
Node 70 38 23.3238
Pkt 16 200 0.08 1
Pkt 13 160 0.08125 1
Node 66 43 17.4642
Pkt 26 320 0.08125 1
Pkt 30 375 0.08 1
Node 44 35 16.1555
Pkt 64 800 0.08 1
Pkt 60 750 0.08 1
Node 71 66 26.4008
Pkt 8 100 0.08 1
Pkt 16 192 0.0833333 1
Node 28 69 29.0689
Pkt 39 480 0.08125 1
Pkt 39 480 0.08125 1
Node 32 35 23.4307
Pkt 64 800 0.08 1
Pkt 60 750 0.08 1
Node 63 64 19.105
Pkt 20 240 0.0833333 1
Pkt 20 240 0.0833333 1
Rate:162.143
==========
==========30
7 0 2 24000
Node 52 29 21.095
Pkt 13 160 0.08125 1
Pkt 16 200 0.08 1
Node 44 56 8.48528
Pkt 24 300 0.08 1
Pkt 26 320 0.08125 1
Node 73 72 31.8277
Pkt 64 800 0.08 1
Pkt 64 800 0.08 1
Node 25 43 25.9615
Pkt 20 240 0.0833333 1
Pkt 16 200 0.08 1
Node 45 47 5.83095
Pkt 26 320 0.08125 1
Pkt 30 375 0.08 1
Node 72 31 29.0689
Pkt 64 800 0.08 1
Pkt 64 800 0.08 1
Node 72 60 24.1661
Pkt 20 250 0.08 1
Pkt 10 120 0.0833333 1
Rate:161.488
==========
==========31
7 0 2 24000
Node 32 53 18.2483
Pkt 12 150 0.08 1
Pkt 16 200 0.08 1
Node 38 66 20
Pkt 24 300 0.08 1
Pkt 39 480 0.08125 1
Node 63 38 17.6918
Pkt 60 750 0.08 1
Pkt 60 750 0.08 1
Node 40 34 18.868
Pkt 16 200 0.08 1
Pkt 16 200 0.08 1
Node 61 64 17.8045
Pkt 24 300 0.08 1
Pkt 30 375 0.08 1
Node 73 50 23
Pkt 60 750 0.08 1
Pkt 60 750 0.08 1
Node 36 40 17.2047
Pkt 16 192 0.0833333 1
Pkt 13 160 0.08125 1
Rate:160.833
==========
==========32
7 0 2 24000
Node 26 42 25.2982
Pkt 12 150 0.08 1
Pkt 20 250 0.08 1
Node 30 62 23.3238
Pkt 26 320 0.08125 1
Pkt 32 400 0.08 1
Node 63 26 27.2947
Pkt 60 750 0.08 1
Pkt 64 800 0.08 1
Node 67 74 29.4109
Pkt 10 120 0.0833333 1
Pkt 16 200 0.08 1
Node 57 63 14.7648
Pkt 39 480 0.08125 1
Pkt 24 300 0.08 1
Node 47 71 21.2132
Pkt 64 800 0.08 1
Pkt 60 750 0.08 1
Node 31 41 21.0238
Pkt 10 120 0.0833333 1
Pkt 20 240 0.0833333 1
Rate:161.786
==========
==========33
7 0 2 24000
Node 48 35 15.1327
Pkt 10 120 0.0833333 1
Pkt 16 200 0.08 1
Node 53 72 22.2036
Pkt 24 300 0.08 1
Pkt 39 480 0.08125 1
Node 57 69 20.2485
Pkt 60 750 0.08 1
Pkt 64 800 0.08 1
Node 28 71 30.4138
Pkt 13 160 0.08125 1
Pkt 16 192 0.0833333 1
Node 29 33 27.0185
Pkt 26 320 0.08125 1
Pkt 30 375 0.08 1
Node 60 49 10.0499
Pkt 64 800 0.08 1
Pkt 64 800 0.08 1
Node 46 54 5.65685
Pkt 10 125 0.08 1
Pkt 12 150 0.08 1
Rate:161.488
==========
==========34
7 0 2 24000
Node 41 31 21.0238
Pkt 8 100 0.08 1
Pkt 20 240 0.0833333 1
Node 31 59 21.0238
Pkt 26 320 0.08125 1
Pkt 32 400 0.08 1
Node 72 29 30.4138
Pkt 64 800 0.08 1
Pkt 60 750 0.08 1
Node 26 66 28.8444
Pkt 10 120 0.0833333 1
Pkt 20 250 0.08 1
Node 57 31 20.2485
Pkt 24 300 0.08 1
Pkt 30 375 0.08 1
Node 66 48 16.1245
Pkt 60 750 0.08 1
Pkt 64 800 0.08 1
Node 56 59 10.8167
Pkt 13 160 0.08125 1
Pkt 20 250 0.08 1
Rate:161.31
==========
==========35
7 0 2 24000
Node 70 44 20.8806
Pkt 16 192 0.0833333 1
Pkt 20 240 0.0833333 1
Node 52 28 22.0907
Pkt 26 320 0.08125 1
Pkt 30 375 0.08 1
Node 57 37 14.7648
Pkt 60 750 0.08 1
Pkt 60 750 0.08 1
Node 62 72 25.0599
Pkt 10 120 0.0833333 1
Pkt 16 200 0.08 1
Node 74 34 28.8444
Pkt 39 480 0.08125 1
Pkt 26 320 0.08125 1
Node 56 65 16.1555
Pkt 64 800 0.08 1
Pkt 64 800 0.08 1
Node 55 30 20.6155
Pkt 20 240 0.0833333 1
Pkt 12 150 0.08 1
Rate:162.44
==========
==========36
7 0 2 24000
Node 49 58 8.06226
Pkt 16 200 0.08 1
Pkt 16 200 0.08 1
Node 26 53 24.1868
Pkt 39 480 0.08125 1
Pkt 32 400 0.08 1
Node 53 53 4.24264
Pkt 60 750 0.08 1
Pkt 60 750 0.08 1
Node 44 55 7.81025
Pkt 10 125 0.08 1
Pkt 10 120 0.0833333 1
Node 54 43 8.06226
Pkt 32 400 0.08 1
Pkt 30 375 0.08 1
Node 29 32 27.6586
Pkt 60 750 0.08 1
Pkt 60 750 0.08 1
Node 56 70 20.8806
Pkt 20 250 0.08 1
Pkt 8 100 0.08 1
Rate:160.655
==========
==========37
7 0 2 24000
Node 59 49 9.05539
Pkt 8 100 0.08 1
Pkt 10 120 0.0833333 1
Node 54 36 14.5602
Pkt 26 320 0.08125 1
Pkt 30 375 0.08 1
Node 44 60 11.6619
Pkt 64 800 0.08 1
Pkt 60 750 0.08 1
Node 25 26 34.6554
Pkt 10 125 0.08 1
Pkt 13 160 0.08125 1
Node 31 34 24.8395
Pkt 30 375 0.08 1
Pkt 30 375 0.08 1
Node 41 35 17.4929
Pkt 60 750 0.08 1
Pkt 64 800 0.08 1
Node 42 50 8
Pkt 16 192 0.0833333 1
Pkt 16 192 0.0833333 1
Rate:161.786
==========
==========38
7 0 2 24000
Node 29 73 31.1448
Pkt 20 250 0.08 1
Pkt 8 100 0.08 1
Node 33 69 25.4951
Pkt 39 480 0.08125 1
Pkt 30 375 0.08 1
Node 27 58 24.3516
Pkt 60 750 0.08 1
Pkt 64 800 0.08 1
Node 57 61 13.0384
Pkt 16 192 0.0833333 1
Pkt 8 100 0.08 1
Node 44 49 6.08276
Pkt 39 480 0.08125 1
Pkt 39 480 0.08125 1
Node 36 51 14.0357
Pkt 60 750 0.08 1
Pkt 60 750 0.08 1
Node 55 50 5
Pkt 16 192 0.0833333 1
Pkt 8 100 0.08 1
Rate:161.488
==========
==========39
7 0 2 24000
Node 68 57 19.3132
Pkt 20 250 0.08 1
Pkt 20 240 0.0833333 1
Node 55 36 14.8661
Pkt 30 375 0.08 1
Pkt 26 320 0.08125 1
Node 63 54 13.6015
Pkt 64 800 0.08 1
Pkt 60 750 0.08 1
Node 51 47 3.16228
Pkt 20 240 0.0833333 1
Pkt 10 125 0.08 1
Node 27 40 25.0799
Pkt 32 400 0.08 1
Pkt 24 300 0.08 1
Node 30 62 23.3238
Pkt 60 750 0.08 1
Pkt 64 800 0.08 1
Node 25 65 29.1548
Pkt 20 240 0.0833333 1
Pkt 20 250 0.08 1
Rate:161.607
==========
==========40
7 0 2 24000
Node 73 56 23.7697
Pkt 20 240 0.0833333 1
Pkt 10 125 0.08 1
Node 39 45 12.083
Pkt 24 300 0.08 1
Pkt 26 320 0.08125 1
Node 30 56 20.8806
Pkt 64 800 0.08 1
Pkt 60 750 0.08 1
Node 45 52 5.38516
Pkt 12 150 0.08 1
Pkt 10 120 0.0833333 1
Node 53 26 24.1868
Pkt 26 320 0.08125 1
Pkt 30 375 0.08 1
Node 39 43 13.0384
Pkt 60 750 0.08 1
Pkt 60 750 0.08 1
Node 31 73 29.8329
Pkt 10 120 0.0833333 1
Pkt 20 250 0.08 1
Rate:161.786
==========
==========41
7 0 2 24000
Node 71 50 21
Pkt 10 125 0.08 1
Pkt 12 150 0.08 1
Node 50 46 4
Pkt 32 400 0.08 1
Pkt 26 320 0.08125 1
Node 32 29 27.6586
Pkt 64 800 0.08 1
Pkt 60 750 0.08 1
Node 30 28 29.7321
Pkt 10 120 0.0833333 1
Pkt 10 125 0.08 1
Node 34 49 16.0312
Pkt 26 320 0.08125 1
Pkt 26 320 0.08125 1
Node 28 28 31.1127
Pkt 60 750 0.08 1
Pkt 64 800 0.08 1
Node 70 36 24.4131
Pkt 20 240 0.0833333 1
Pkt 16 192 0.0833333 1
Rate:161.964
==========
==========42
7 0 2 24000
Node 70 68 26.9072
Pkt 10 125 0.08 1
Pkt 13 160 0.08125 1
Node 50 68 18
Pkt 30 375 0.08 1
Pkt 26 320 0.08125 1
Node 26 71 31.8904
Pkt 60 750 0.08 1
Pkt 64 800 0.08 1
Node 47 30 20.2237
Pkt 12 150 0.08 1
Pkt 10 125 0.08 1
Node 65 40 18.0278
Pkt 39 480 0.08125 1
Pkt 32 400 0.08 1
Node 42 67 18.7883
Pkt 60 750 0.08 1
Pkt 64 800 0.08 1
Node 57 38 13.8924
Pkt 20 240 0.0833333 1
Pkt 20 250 0.08 1
Rate:161.012
==========
==========43
7 0 2 24000
Node 73 72 31.8277
Pkt 13 160 0.08125 1
Pkt 10 125 0.08 1
Node 64 38 18.4391
Pkt 32 400 0.08 1
Pkt 24 300 0.08 1
Node 59 32 20.1246
Pkt 60 750 0.08 1
Pkt 60 750 0.08 1
Node 61 40 14.8661
Pkt 16 200 0.08 1
Pkt 12 150 0.08 1
Node 74 51 24.0208
Pkt 24 300 0.08 1
Pkt 26 320 0.08125 1
Node 61 45 12.083
Pkt 64 800 0.08 1
Pkt 64 800 0.08 1
Node 33 60 19.7231
Pkt 10 120 0.0833333 1
Pkt 8 100 0.08 1
Rate:160.833
==========
==========44
7 0 2 24000
Node 55 47 5.83095
Pkt 13 160 0.08125 1
Pkt 10 120 0.0833333 1
Node 29 34 26.4008
Pkt 30 375 0.08 1
Pkt 32 400 0.08 1
Node 65 48 15.1327
Pkt 64 800 0.08 1
Pkt 64 800 0.08 1
Node 58 45 9.43398
Pkt 20 250 0.08 1
Pkt 16 200 0.08 1
Node 41 40 13.4536
Pkt 24 300 0.08 1
Pkt 30 375 0.08 1
Node 47 64 14.3178
Pkt 60 750 0.08 1
Pkt 60 750 0.08 1
Node 38 68 21.6333
Pkt 12 150 0.08 1
Pkt 16 200 0.08 1
Rate:160.655
==========
==========45
7 0 2 24000
Node 31 26 30.6105
Pkt 10 120 0.0833333 1
Pkt 8 100 0.08 1
Node 49 28 22.0227
Pkt 30 375 0.08 1
Pkt 24 300 0.08 1
Node 42 55 9.43398
Pkt 60 750 0.08 1
Pkt 64 800 0.08 1
Node 65 26 28.3019
Pkt 13 160 0.08125 1
Pkt 20 250 0.08 1
Node 47 45 5.83095
Pkt 24 300 0.08 1
Pkt 39 480 0.08125 1
Node 52 58 8.24621
Pkt 64 800 0.08 1
Pkt 64 800 0.08 1
Node 34 56 17.088
Pkt 20 250 0.08 1
Pkt 10 125 0.08 1
Rate:160.833
==========
==========46
7 0 2 24000
Node 71 27 31.1448
Pkt 20 250 0.08 1
Pkt 12 150 0.08 1
Node 65 49 15.0333
Pkt 24 300 0.08 1
Pkt 32 400 0.08 1
Node 62 73 25.9422
Pkt 64 800 0.08 1
Pkt 64 800 0.08 1
Node 25 62 27.7308
Pkt 16 200 0.08 1
Pkt 20 250 0.08 1
Node 38 58 14.4222
Pkt 30 375 0.08 1
Pkt 39 480 0.08125 1
Node 35 55 15.8114
Pkt 60 750 0.08 1
Pkt 60 750 0.08 1
Node 36 48 14.1421
Pkt 8 100 0.08 1
Pkt 10 125 0.08 1
Rate:160.179
==========
==========47
7 0 2 24000
Node 37 29 24.6982
Pkt 16 192 0.0833333 1
Pkt 10 125 0.08 1
Node 66 28 27.2029
Pkt 32 400 0.08 1
Pkt 32 400 0.08 1
Node 36 57 15.6525
Pkt 64 800 0.08 1
Pkt 60 750 0.08 1
Node 27 26 33.2415
Pkt 20 240 0.0833333 1
Pkt 20 250 0.08 1
Node 73 58 24.3516
Pkt 39 480 0.08125 1
Pkt 30 375 0.08 1
Node 63 40 16.4012
Pkt 64 800 0.08 1
Pkt 60 750 0.08 1
Node 74 44 24.7386
Pkt 10 125 0.08 1
Pkt 16 192 0.0833333 1
Rate:161.607
==========
==========48
7 0 2 24000
Node 53 69 19.2354
Pkt 20 240 0.0833333 1
Pkt 10 125 0.08 1
Node 30 29 29
Pkt 39 480 0.08125 1
Pkt 30 375 0.08 1
Node 44 44 8.48528
Pkt 60 750 0.08 1
Pkt 60 750 0.08 1
Node 47 50 3
Pkt 16 192 0.0833333 1
Pkt 20 250 0.08 1
Node 68 40 20.5913
Pkt 30 375 0.08 1
Pkt 32 400 0.08 1
Node 38 29 24.1868
Pkt 64 800 0.08 1
Pkt 60 750 0.08 1
Node 58 71 22.4722
Pkt 8 100 0.08 1
Pkt 20 240 0.0833333 1
Rate:161.607
==========
==========49
7 0 2 24000
Node 73 60 25.0799
Pkt 13 160 0.08125 1
Pkt 8 100 0.08 1
Node 70 34 25.6125
Pkt 39 480 0.08125 1
Pkt 30 375 0.08 1
Node 53 56 6.7082
Pkt 60 750 0.08 1
Pkt 60 750 0.08 1
Node 38 61 16.2788
Pkt 16 200 0.08 1
Pkt 16 200 0.08 1
Node 74 54 24.3311
Pkt 30 375 0.08 1
Pkt 30 375 0.08 1
Node 32 26 30
Pkt 60 750 0.08 1
Pkt 60 750 0.08 1
Node 47 41 9.48683
Pkt 10 125 0.08 1
Pkt 12 150 0.08 1
Rate:160.357
==========
==========50
7 0 2 24000
Node 55 68 18.6815
Pkt 20 240 0.0833333 1
Pkt 10 120 0.0833333 1
Node 32 43 19.3132
Pkt 26 320 0.08125 1
Pkt 32 400 0.08 1
Node 46 49 4.12311
Pkt 60 750 0.08 1
Pkt 60 750 0.08 1
Node 30 63 23.8537
Pkt 20 240 0.0833333 1
Pkt 13 160 0.08125 1
Node 49 70 20.025
Pkt 32 400 0.08 1
Pkt 32 400 0.08 1
Node 64 30 24.4131
Pkt 64 800 0.08 1
Pkt 60 750 0.08 1
Node 30 64 24.4131
Pkt 13 160 0.08125 1
Pkt 10 120 0.0833333 1
Rate:162.44
==========
==========51
7 0 2 24000
Node 69 37 23.0217
Pkt 20 240 0.0833333 1
Pkt 16 200 0.08 1
Node 44 54 7.2111
Pkt 32 400 0.08 1
Pkt 39 480 0.08125 1
Node 33 34 23.3452
Pkt 60 750 0.08 1
Pkt 60 750 0.08 1
Node 49 66 16.0312
Pkt 20 240 0.0833333 1
Pkt 12 150 0.08 1
Node 57 39 13.0384
Pkt 39 480 0.08125 1
Pkt 24 300 0.08 1
Node 54 52 4.47214
Pkt 60 750 0.08 1
Pkt 64 800 0.08 1
Node 32 65 23.4307
Pkt 13 160 0.08125 1
Pkt 12 150 0.08 1
Rate:161.488
==========
==========52
7 0 2 24000
Node 48 61 11.1803
Pkt 16 200 0.08 1
Pkt 8 100 0.08 1
Node 44 72 22.8035
Pkt 30 375 0.08 1
Pkt 32 400 0.08 1
Node 59 48 9.21954
Pkt 64 800 0.08 1
Pkt 60 750 0.08 1
Node 54 68 18.4391
Pkt 20 250 0.08 1
Pkt 10 120 0.0833333 1
Node 44 33 18.0278
Pkt 24 300 0.08 1
Pkt 30 375 0.08 1
Node 43 74 25
Pkt 60 750 0.08 1
Pkt 60 750 0.08 1
Node 40 30 22.3607
Pkt 16 200 0.08 1
Pkt 20 250 0.08 1
Rate:160.476
==========
==========53
7 0 2 24000
Node 55 25 25.4951
Pkt 10 120 0.0833333 1
Pkt 12 150 0.08 1
Node 69 25 31.4006
Pkt 32 400 0.08 1
Pkt 39 480 0.08125 1
Node 57 56 9.21954
Pkt 60 750 0.08 1
Pkt 64 800 0.08 1
Node 49 50 1
Pkt 20 240 0.0833333 1
Pkt 16 200 0.08 1
Node 38 48 12.1655
Pkt 30 375 0.08 1
Pkt 30 375 0.08 1
Node 29 28 30.4138
Pkt 64 800 0.08 1
Pkt 64 800 0.08 1
Node 26 65 28.3019
Pkt 13 160 0.08125 1
Pkt 13 160 0.08125 1
Rate:161.488
==========
==========54
7 0 2 24000
Node 28 47 22.2036
Pkt 13 160 0.08125 1
Pkt 13 160 0.08125 1
Node 40 41 13.4536
Pkt 32 400 0.08 1
Pkt 32 400 0.08 1
Node 43 47 7.61577
Pkt 64 800 0.08 1
Pkt 60 750 0.08 1
Node 61 33 20.2485
Pkt 20 240 0.0833333 1
Pkt 10 125 0.08 1
Node 67 55 17.72
Pkt 26 320 0.08125 1
Pkt 24 300 0.08 1
Node 46 52 4.47214
Pkt 64 800 0.08 1
Pkt 60 750 0.08 1
Node 31 50 19
Pkt 12 150 0.08 1
Pkt 12 150 0.08 1
Rate:161.012
==========
==========55
7 0 2 24000
Node 44 74 24.7386
Pkt 16 200 0.08 1
Pkt 20 250 0.08 1
Node 40 41 13.4536
Pkt 32 400 0.08 1
Pkt 39 480 0.08125 1
Node 25 31 31.4006
Pkt 64 800 0.08 1
Pkt 64 800 0.08 1
Node 60 53 10.4403
Pkt 8 100 0.08 1
Pkt 13 160 0.08125 1
Node 34 62 20
Pkt 39 480 0.08125 1
Pkt 26 320 0.08125 1
Node 58 51 8.06226
Pkt 60 750 0.08 1
Pkt 60 750 0.08 1
Node 73 33 28.6007
Pkt 8 100 0.08 1
Pkt 10 120 0.0833333 1
Rate:161.19
==========
==========56
7 0 2 24000
Node 46 35 15.5242
Pkt 16 200 0.08 1
Pkt 13 160 0.08125 1
Node 26 60 26
Pkt 30 375 0.08 1
Pkt 30 375 0.08 1
Node 34 63 20.6155
Pkt 60 750 0.08 1
Pkt 60 750 0.08 1
Node 69 66 24.8395
Pkt 10 120 0.0833333 1
Pkt 10 120 0.0833333 1
Node 74 74 33.9411
Pkt 26 320 0.08125 1
Pkt 26 320 0.08125 1
Node 70 39 22.8254
Pkt 64 800 0.08 1
Pkt 64 800 0.08 1
Node 37 56 14.3178
Pkt 20 240 0.0833333 1
Pkt 10 120 0.0833333 1
Rate:162.44
==========
==========57
7 0 2 24000
Node 28 44 22.8035
Pkt 10 120 0.0833333 1
Pkt 20 240 0.0833333 1
Node 54 42 8.94427
Pkt 26 320 0.08125 1
Pkt 39 480 0.08125 1
Node 41 65 17.4929
Pkt 64 800 0.08 1
Pkt 64 800 0.08 1
Node 47 62 12.3693
Pkt 20 240 0.0833333 1
Pkt 16 200 0.08 1
Node 48 43 7.28011
Pkt 39 480 0.08125 1
Pkt 30 375 0.08 1
Node 45 55 7.07107
Pkt 60 750 0.08 1
Pkt 60 750 0.08 1
Node 71 64 25.2389
Pkt 8 100 0.08 1
Pkt 13 160 0.08125 1
Rate:162.143
==========
==========58
7 0 2 24000
Node 60 46 10.7703
Pkt 8 100 0.08 1
Pkt 10 125 0.08 1
Node 66 31 24.8395
Pkt 39 480 0.08125 1
Pkt 39 480 0.08125 1
Node 36 43 15.6525
Pkt 60 750 0.08 1
Pkt 64 800 0.08 1
Node 47 46 5
Pkt 16 200 0.08 1
Pkt 16 200 0.08 1
Node 72 69 29.0689
Pkt 30 375 0.08 1
Pkt 26 320 0.08125 1
Node 25 29 32.6497
Pkt 64 800 0.08 1
Pkt 64 800 0.08 1
Node 73 67 28.6007
Pkt 10 125 0.08 1
Pkt 8 100 0.08 1
Rate:160.536
==========
==========59
7 0 2 24000
Node 50 46 4
Pkt 20 240 0.0833333 1
Pkt 10 125 0.08 1
Node 36 65 20.5183
Pkt 24 300 0.08 1
Pkt 32 400 0.08 1
Node 50 37 13
Pkt 64 800 0.08 1
Pkt 64 800 0.08 1
Node 58 58 11.3137
Pkt 16 200 0.08 1
Pkt 10 120 0.0833333 1
Node 57 39 13.0384
Pkt 32 400 0.08 1
Pkt 32 400 0.08 1
Node 34 56 17.088
Pkt 60 750 0.08 1
Pkt 60 750 0.08 1
Node 42 61 13.6015
Pkt 20 240 0.0833333 1
Pkt 16 200 0.08 1
Rate:161.429
==========
==========60
7 0 2 24000
Node 50 25 25
Pkt 20 250 0.08 1
Pkt 10 120 0.0833333 1
Node 74 43 25
Pkt 30 375 0.08 1
Pkt 26 320 0.08125 1
Node 63 46 13.6015
Pkt 64 800 0.08 1
Pkt 64 800 0.08 1
Node 58 48 8.24621
Pkt 12 150 0.08 1
Pkt 20 250 0.08 1
Node 69 73 29.8329
Pkt 32 400 0.08 1
Pkt 26 320 0.08125 1
Node 61 29 23.7065
Pkt 64 800 0.08 1
Pkt 60 750 0.08 1
Node 53 56 6.7082
Pkt 10 125 0.08 1
Pkt 16 192 0.0833333 1
Rate:161.31
==========
==========61
7 0 2 24000
Node 26 43 25
Pkt 10 125 0.08 1
Pkt 10 125 0.08 1
Node 50 70 20
Pkt 24 300 0.08 1
Pkt 24 300 0.08 1
Node 29 35 25.807
Pkt 60 750 0.08 1
Pkt 64 800 0.08 1
Node 38 70 23.3238
Pkt 10 120 0.0833333 1
Pkt 10 125 0.08 1
Node 71 42 22.4722
Pkt 26 320 0.08125 1
Pkt 39 480 0.08125 1
Node 70 45 20.6155
Pkt 60 750 0.08 1
Pkt 60 750 0.08 1
Node 71 36 25.2389
Pkt 16 200 0.08 1
Pkt 16 200 0.08 1
Rate:160.833
==========
==========62
7 0 2 24000
Node 38 55 13
Pkt 10 125 0.08 1
Pkt 16 200 0.08 1
Node 72 66 27.2029
Pkt 32 400 0.08 1
Pkt 39 480 0.08125 1
Node 44 32 18.9737
Pkt 64 800 0.08 1
Pkt 60 750 0.08 1
Node 37 61 17.0294
Pkt 8 100 0.08 1
Pkt 10 120 0.0833333 1
Node 30 36 24.4131
Pkt 30 375 0.08 1
Pkt 30 375 0.08 1
Node 64 52 14.1421
Pkt 60 750 0.08 1
Pkt 64 800 0.08 1
Node 53 40 10.4403
Pkt 16 192 0.0833333 1
Pkt 10 120 0.0833333 1
Rate:161.607
==========
==========63
7 0 2 24000
Node 50 29 21
Pkt 16 192 0.0833333 1
Pkt 10 120 0.0833333 1
Node 38 51 12.0416
Pkt 39 480 0.08125 1
Pkt 32 400 0.08 1
Node 56 36 15.2315
Pkt 60 750 0.08 1
Pkt 60 750 0.08 1
Node 41 65 17.4929
Pkt 20 250 0.08 1
Pkt 8 100 0.08 1
Node 68 37 22.2036
Pkt 32 400 0.08 1
Pkt 26 320 0.08125 1
Node 36 34 21.2603
Pkt 60 750 0.08 1
Pkt 60 750 0.08 1
Node 66 30 25.6125
Pkt 13 160 0.08125 1
Pkt 20 250 0.08 1
Rate:161.488
==========
==========64
7 0 2 24000
Node 64 65 20.5183
Pkt 10 125 0.08 1
Pkt 16 192 0.0833333 1
Node 27 51 23.0217
Pkt 24 300 0.08 1
Pkt 24 300 0.08 1
Node 28 39 24.5967
Pkt 60 750 0.08 1
Pkt 60 750 0.08 1
Node 47 26 24.1868
Pkt 10 120 0.0833333 1
Pkt 10 125 0.08 1
Node 59 65 17.4929
Pkt 26 320 0.08125 1
Pkt 30 375 0.08 1
Node 39 37 17.0294
Pkt 64 800 0.08 1
Pkt 60 750 0.08 1
Node 30 27 30.4795
Pkt 16 200 0.08 1
Pkt 10 120 0.0833333 1
Rate:161.607
==========
==========65
7 0 2 24000
Node 32 45 18.6815
Pkt 8 100 0.08 1
Pkt 13 160 0.08125 1
Node 33 26 29.4109
Pkt 32 400 0.08 1
Pkt 26 320 0.08125 1
Node 65 68 23.4307
Pkt 60 750 0.08 1
Pkt 60 750 0.08 1
Node 71 40 23.2594
Pkt 12 150 0.08 1
Pkt 8 100 0.08 1
Node 44 41 10.8167
Pkt 32 400 0.08 1
Pkt 32 400 0.08 1
Node 39 38 16.2788
Pkt 64 800 0.08 1
Pkt 64 800 0.08 1
Node 25 72 33.3017
Pkt 16 200 0.08 1
Pkt 10 120 0.0833333 1
Rate:160.833
==========
==========66
7 0 2 24000
Node 27 27 32.5269
Pkt 16 192 0.0833333 1
Pkt 20 250 0.08 1
Node 46 32 18.4391
Pkt 30 375 0.08 1
Pkt 30 375 0.08 1
Node 62 50 12
Pkt 60 750 0.08 1
Pkt 64 800 0.08 1
Node 27 74 33.2415
Pkt 10 120 0.0833333 1
Pkt 16 200 0.08 1
Node 73 41 24.6982
Pkt 39 480 0.08125 1
Pkt 39 480 0.08125 1
Node 72 36 26.0768
Pkt 60 750 0.08 1
Pkt 60 750 0.08 1
Node 42 45 9.43398
Pkt 10 125 0.08 1
Pkt 16 200 0.08 1
Rate:161.31
==========
==========67
7 0 2 24000
Node 51 74 24.0208
Pkt 16 200 0.08 1
Pkt 16 200 0.08 1
Node 68 39 21.095
Pkt 26 320 0.08125 1
Pkt 30 375 0.08 1
Node 53 55 5.83095
Pkt 64 800 0.08 1
Pkt 64 800 0.08 1
Node 30 48 20.0998
Pkt 13 160 0.08125 1
Pkt 16 192 0.0833333 1
Node 29 57 22.1359
Pkt 26 320 0.08125 1
Pkt 24 300 0.08 1
Node 63 65 19.8494
Pkt 64 800 0.08 1
Pkt 64 800 0.08 1
Node 54 68 18.4391
Pkt 16 192 0.0833333 1
Pkt 20 240 0.0833333 1
Rate:161.964
==========
==========68
7 0 2 24000
Node 44 44 8.48528
Pkt 20 250 0.08 1
Pkt 16 200 0.08 1
Node 30 32 26.9072
Pkt 26 320 0.08125 1
Pkt 39 480 0.08125 1
Node 41 55 10.2956
Pkt 60 750 0.08 1
Pkt 64 800 0.08 1
Node 56 40 11.6619
Pkt 10 120 0.0833333 1
Pkt 8 100 0.08 1
Node 26 48 24.0832
Pkt 26 320 0.08125 1
Pkt 24 300 0.08 1
Node 30 35 25
Pkt 64 800 0.08 1
Pkt 60 750 0.08 1
Node 68 49 18.0278
Pkt 10 120 0.0833333 1
Pkt 13 160 0.08125 1
Rate:161.667
==========
==========69
7 0 2 24000
Node 67 65 22.6716
Pkt 16 200 0.08 1
Pkt 8 100 0.08 1
Node 43 32 19.3132
Pkt 26 320 0.08125 1
Pkt 26 320 0.08125 1
Node 47 45 5.83095
Pkt 64 800 0.08 1
Pkt 60 750 0.08 1
Node 31 34 24.8395
Pkt 20 250 0.08 1
Pkt 12 150 0.08 1
Node 30 57 21.1896
Pkt 30 375 0.08 1
Pkt 32 400 0.08 1
Node 35 64 20.5183
Pkt 64 800 0.08 1
Pkt 60 750 0.08 1
Node 32 61 21.095
Pkt 8 100 0.08 1
Pkt 20 250 0.08 1
Rate:160.357
==========
==========70
7 0 2 24000
Node 57 54 8.06226
Pkt 10 120 0.0833333 1
Pkt 10 120 0.0833333 1
Node 72 67 27.8029
Pkt 32 400 0.08 1
Pkt 30 375 0.08 1
Node 49 36 14.0357
Pkt 60 750 0.08 1
Pkt 60 750 0.08 1
Node 51 26 24.0208
Pkt 20 240 0.0833333 1
Pkt 16 192 0.0833333 1
Node 40 33 19.7231
Pkt 24 300 0.08 1
Pkt 24 300 0.08 1
Node 57 43 9.89949
Pkt 64 800 0.08 1
Pkt 64 800 0.08 1
Node 64 40 17.2047
Pkt 8 100 0.08 1
Pkt 20 250 0.08 1
Rate:161.905
==========
==========71
7 0 2 24000
Node 48 47 3.60555
Pkt 12 150 0.08 1
Pkt 20 240 0.0833333 1
Node 65 40 18.0278
Pkt 26 320 0.08125 1
Pkt 39 480 0.08125 1
Node 34 41 18.3576
Pkt 64 800 0.08 1
Pkt 64 800 0.08 1
Node 61 61 15.5563
Pkt 13 160 0.08125 1
Pkt 10 120 0.0833333 1
Node 60 45 11.1803
Pkt 26 320 0.08125 1
Pkt 30 375 0.08 1
Node 61 43 13.0384
Pkt 60 750 0.08 1
Pkt 60 750 0.08 1
Node 65 50 15
Pkt 16 192 0.0833333 1
Pkt 10 125 0.08 1
Rate:162.143
==========
==========72
7 0 2 24000
Node 66 74 28.8444
Pkt 8 100 0.08 1
Pkt 12 150 0.08 1
Node 28 50 22
Pkt 39 480 0.08125 1
Pkt 30 375 0.08 1
Node 67 25 30.2324
Pkt 64 800 0.08 1
Pkt 60 750 0.08 1
Node 55 70 20.6155
Pkt 13 160 0.08125 1
Pkt 20 250 0.08 1
Node 66 47 16.2788
Pkt 39 480 0.08125 1
Pkt 39 480 0.08125 1
Node 50 66 16
Pkt 64 800 0.08 1
Pkt 64 800 0.08 1
Node 56 29 21.8403
Pkt 10 125 0.08 1
Pkt 10 120 0.0833333 1
Rate:161.19
==========
==========73
7 0 2 24000
Node 33 55 17.72
Pkt 20 250 0.08 1
Pkt 13 160 0.08125 1
Node 55 64 14.8661
Pkt 30 375 0.08 1
Pkt 30 375 0.08 1
Node 58 60 12.8062
Pkt 64 800 0.08 1
Pkt 60 750 0.08 1
Node 27 50 23
Pkt 12 150 0.08 1
Pkt 20 240 0.0833333 1
Node 49 61 11.0454
Pkt 39 480 0.08125 1
Pkt 26 320 0.08125 1
Node 67 58 18.7883
Pkt 64 800 0.08 1
Pkt 60 750 0.08 1
Node 56 27 23.7697
Pkt 13 160 0.08125 1
Pkt 10 120 0.0833333 1
Rate:161.667
==========
==========74
7 0 2 24000
Node 54 50 4
Pkt 16 192 0.0833333 1
Pkt 10 120 0.0833333 1
Node 39 34 19.4165
Pkt 26 320 0.08125 1
Pkt 32 400 0.08 1
Node 55 64 14.8661
Pkt 64 800 0.08 1
Pkt 60 750 0.08 1
Node 64 72 26.0768
Pkt 16 200 0.08 1
Pkt 13 160 0.08125 1
Node 45 71 21.587
Pkt 39 480 0.08125 1
Pkt 32 400 0.08 1
Node 56 73 23.7697
Pkt 64 800 0.08 1
Pkt 60 750 0.08 1
Node 61 54 11.7047
Pkt 10 125 0.08 1
Pkt 13 160 0.08125 1
Rate:161.667
==========
==========75
7 0 2 24000
Node 72 54 22.3607
Pkt 13 160 0.08125 1
Pkt 12 150 0.08 1
Node 63 57 14.7648
Pkt 26 320 0.08125 1
Pkt 26 320 0.08125 1
Node 35 54 15.5242
Pkt 64 800 0.08 1
Pkt 64 800 0.08 1
Node 25 70 32.0156
Pkt 12 150 0.08 1
Pkt 20 250 0.08 1
Node 44 71 21.8403
Pkt 30 375 0.08 1
Pkt 30 375 0.08 1
Node 61 39 15.5563
Pkt 60 750 0.08 1
Pkt 60 750 0.08 1
Node 47 37 13.3417
Pkt 20 250 0.08 1
Pkt 10 120 0.0833333 1
Rate:161.012
==========
==========76
7 0 2 24000
Node 73 58 24.3516
Pkt 8 100 0.08 1
Pkt 12 150 0.08 1
Node 69 44 19.9249
Pkt 32 400 0.08 1
Pkt 26 320 0.08125 1
Node 63 37 18.3848
Pkt 64 800 0.08 1
Pkt 64 800 0.08 1
Node 27 39 25.4951
Pkt 12 150 0.08 1
Pkt 10 120 0.0833333 1
Node 62 45 13
Pkt 32 400 0.08 1
Pkt 26 320 0.08125 1
Node 58 33 18.7883
Pkt 64 800 0.08 1
Pkt 60 750 0.08 1
Node 62 52 12.1655
Pkt 20 250 0.08 1
Pkt 10 125 0.08 1
Rate:160.833
==========
==========77
7 0 2 24000
Node 74 68 30
Pkt 12 150 0.08 1
Pkt 16 200 0.08 1
Node 39 60 14.8661
Pkt 30 375 0.08 1
Pkt 30 375 0.08 1
Node 38 48 12.1655
Pkt 64 800 0.08 1
Pkt 64 800 0.08 1
Node 37 38 17.6918
Pkt 20 240 0.0833333 1
Pkt 20 250 0.08 1
Node 41 72 23.7697
Pkt 39 480 0.08125 1
Pkt 39 480 0.08125 1
Node 47 54 5
Pkt 60 750 0.08 1
Pkt 60 750 0.08 1
Node 72 25 33.3017
Pkt 13 160 0.08125 1
Pkt 16 200 0.08 1
Rate:161.012
==========
==========78
7 0 2 24000
Node 66 37 20.6155
Pkt 12 150 0.08 1
Pkt 8 100 0.08 1
Node 38 36 18.4391
Pkt 26 320 0.08125 1
Pkt 39 480 0.08125 1
Node 34 44 17.088
Pkt 60 750 0.08 1
Pkt 60 750 0.08 1
Node 59 35 17.4929
Pkt 20 240 0.0833333 1
Pkt 10 125 0.08 1
Node 58 63 15.2643
Pkt 26 320 0.08125 1
Pkt 24 300 0.08 1
Node 65 70 25
Pkt 64 800 0.08 1
Pkt 64 800 0.08 1
Node 49 74 24.0208
Pkt 16 192 0.0833333 1
Pkt 16 192 0.0833333 1
Rate:161.964
==========
==========79
7 0 2 24000
Node 52 34 16.1245
Pkt 10 125 0.08 1
Pkt 13 160 0.08125 1
Node 53 25 25.1794
Pkt 30 375 0.08 1
Pkt 26 320 0.08125 1
Node 74 36 27.7849
Pkt 60 750 0.08 1
Pkt 64 800 0.08 1
Node 57 26 25
Pkt 10 120 0.0833333 1
Pkt 8 100 0.08 1
Node 37 58 15.2643
Pkt 32 400 0.08 1
Pkt 26 320 0.08125 1
Node 37 38 17.6918
Pkt 64 800 0.08 1
Pkt 60 750 0.08 1
Node 42 29 22.4722
Pkt 10 125 0.08 1
Pkt 16 192 0.0833333 1
Rate:161.488
==========
==========80
7 0 2 24000
Node 31 48 19.105
Pkt 10 120 0.0833333 1
Pkt 16 200 0.08 1
Node 51 31 19.0263
Pkt 30 375 0.08 1
Pkt 24 300 0.08 1
Node 55 56 7.81025
Pkt 64 800 0.08 1
Pkt 60 750 0.08 1
Node 69 29 28.3196
Pkt 10 120 0.0833333 1
Pkt 16 192 0.0833333 1
Node 57 37 14.7648
Pkt 32 400 0.08 1
Pkt 24 300 0.08 1
Node 48 72 22.0907
Pkt 60 750 0.08 1
Pkt 64 800 0.08 1
Node 34 38 20
Pkt 10 125 0.08 1
Pkt 10 120 0.0833333 1
Rate:161.905
==========
==========81
7 0 2 24000
Node 45 69 19.6469
Pkt 10 120 0.0833333 1
Pkt 16 200 0.08 1
Node 42 38 14.4222
Pkt 30 375 0.08 1
Pkt 24 300 0.08 1
Node 69 50 19
Pkt 60 750 0.08 1
Pkt 64 800 0.08 1
Node 30 43 21.1896
Pkt 8 100 0.08 1
Pkt 12 150 0.08 1
Node 57 74 25
Pkt 39 480 0.08125 1
Pkt 32 400 0.08 1
Node 56 39 12.53
Pkt 64 800 0.08 1
Pkt 64 800 0.08 1
Node 30 52 20.0998
Pkt 10 125 0.08 1
Pkt 20 240 0.0833333 1
Rate:161.131
==========
==========82
7 0 2 24000
Node 54 34 16.4924
Pkt 13 160 0.08125 1
Pkt 20 250 0.08 1
Node 25 31 31.4006
Pkt 39 480 0.08125 1
Pkt 24 300 0.08 1
Node 49 29 21.0238
Pkt 64 800 0.08 1
Pkt 64 800 0.08 1
Node 29 26 31.8904
Pkt 16 200 0.08 1
Pkt 13 160 0.08125 1
Node 61 31 21.9545
Pkt 26 320 0.08125 1
Pkt 39 480 0.08125 1
Node 43 33 18.3848
Pkt 60 750 0.08 1
Pkt 60 750 0.08 1
Node 49 25 25.02
Pkt 13 160 0.08125 1
Pkt 12 150 0.08 1
Rate:161.071
==========
==========83
7 0 2 24000
Node 30 39 22.8254
Pkt 16 200 0.08 1
Pkt 16 200 0.08 1
Node 38 49 12.0416
Pkt 26 320 0.08125 1
Pkt 30 375 0.08 1
Node 71 42 22.4722
Pkt 60 750 0.08 1
Pkt 64 800 0.08 1
Node 70 65 25
Pkt 20 240 0.0833333 1
Pkt 8 100 0.08 1
Node 65 64 20.5183
Pkt 39 480 0.08125 1
Pkt 32 400 0.08 1
Node 48 52 2.82843
Pkt 60 750 0.08 1
Pkt 64 800 0.08 1
Node 46 69 19.4165
Pkt 20 250 0.08 1
Pkt 20 250 0.08 1
Rate:160.833
==========
==========84
7 0 2 24000
Node 65 73 27.4591
Pkt 16 192 0.0833333 1
Pkt 10 120 0.0833333 1
Node 70 59 21.9317
Pkt 39 480 0.08125 1
Pkt 39 480 0.08125 1
Node 39 50 11
Pkt 60 750 0.08 1
Pkt 64 800 0.08 1
Node 27 47 23.1948
Pkt 16 200 0.08 1
Pkt 20 250 0.08 1
Node 35 49 15.0333
Pkt 39 480 0.08125 1
Pkt 39 480 0.08125 1
Node 42 37 15.2643
Pkt 60 750 0.08 1
Pkt 64 800 0.08 1
Node 45 54 6.40312
Pkt 13 160 0.08125 1
Pkt 20 250 0.08 1
Rate:161.845
==========
==========85
7 0 2 24000
Node 68 27 29.2062
Pkt 20 250 0.08 1
Pkt 10 120 0.0833333 1
Node 71 66 26.4008
Pkt 32 400 0.08 1
Pkt 32 400 0.08 1
Node 48 43 7.28011
Pkt 60 750 0.08 1
Pkt 64 800 0.08 1
Node 57 25 25.9615
Pkt 8 100 0.08 1
Pkt 12 150 0.08 1
Node 52 60 10.198
Pkt 24 300 0.08 1
Pkt 32 400 0.08 1
Node 68 48 18.1108
Pkt 64 800 0.08 1
Pkt 60 750 0.08 1
Node 65 42 17
Pkt 13 160 0.08125 1
Pkt 20 250 0.08 1
Rate:160.655
==========
==========86
7 0 2 24000
Node 32 52 18.1108
Pkt 10 120 0.0833333 1
Pkt 16 192 0.0833333 1
Node 48 32 18.1108
Pkt 26 320 0.08125 1
Pkt 39 480 0.08125 1
Node 72 74 32.5576
Pkt 60 750 0.08 1
Pkt 60 750 0.08 1
Node 57 70 21.1896
Pkt 10 120 0.0833333 1
Pkt 16 192 0.0833333 1
Node 49 59 9.05539
Pkt 26 320 0.08125 1
Pkt 26 320 0.08125 1
Node 48 26 24.0832
Pkt 60 750 0.08 1
Pkt 64 800 0.08 1
Node 45 48 5.38516
Pkt 10 125 0.08 1
Pkt 10 120 0.0833333 1
Rate:163.095
==========
==========87
7 0 2 24000
Node 34 50 16
Pkt 16 192 0.0833333 1
Pkt 10 125 0.08 1
Node 69 67 25.4951
Pkt 30 375 0.08 1
Pkt 39 480 0.08125 1
Node 45 63 13.9284
Pkt 60 750 0.08 1
Pkt 60 750 0.08 1
Node 43 59 11.4018
Pkt 10 120 0.0833333 1
Pkt 13 160 0.08125 1
Node 71 55 21.587
Pkt 32 400 0.08 1
Pkt 30 375 0.08 1
Node 72 32 28.4253
Pkt 60 750 0.08 1
Pkt 60 750 0.08 1
Node 50 39 11
Pkt 10 120 0.0833333 1
Pkt 20 240 0.0833333 1
Rate:162.262
==========
==========88
7 0 2 24000
Node 42 32 19.6977
Pkt 10 125 0.08 1
Pkt 20 240 0.0833333 1
Node 28 59 23.7697
Pkt 32 400 0.08 1
Pkt 24 300 0.08 1
Node 60 47 10.4403
Pkt 64 800 0.08 1
Pkt 64 800 0.08 1
Node 64 34 21.2603
Pkt 16 192 0.0833333 1
Pkt 10 125 0.08 1
Node 70 74 31.241
Pkt 32 400 0.08 1
Pkt 24 300 0.08 1
Node 65 72 26.6271
Pkt 60 750 0.08 1
Pkt 60 750 0.08 1
Node 60 56 11.6619
Pkt 16 192 0.0833333 1
Pkt 16 192 0.0833333 1
Rate:161.905
==========
==========89
7 0 2 24000
Node 49 74 24.0208
Pkt 10 120 0.0833333 1
Pkt 13 160 0.08125 1
Node 44 38 13.4164
Pkt 26 320 0.08125 1
Pkt 30 375 0.08 1
Node 47 26 24.1868
Pkt 60 750 0.08 1
Pkt 64 800 0.08 1
Node 29 54 21.3776
Pkt 20 240 0.0833333 1
Pkt 8 100 0.08 1
Node 30 41 21.9317
Pkt 26 320 0.08125 1
Pkt 24 300 0.08 1
Node 70 36 24.4131
Pkt 64 800 0.08 1
Pkt 60 750 0.08 1
Node 34 32 24.0832
Pkt 8 100 0.08 1
Pkt 8 100 0.08 1
Rate:161.488
==========
==========90
7 0 2 24000
Node 42 66 17.8885
Pkt 8 100 0.08 1
Pkt 12 150 0.08 1
Node 35 67 22.6716
Pkt 30 375 0.08 1
Pkt 32 400 0.08 1
Node 31 67 25.4951
Pkt 64 800 0.08 1
Pkt 64 800 0.08 1
Node 32 72 28.4253
Pkt 12 150 0.08 1
Pkt 13 160 0.08125 1
Node 42 54 8.94427
Pkt 32 400 0.08 1
Pkt 30 375 0.08 1
Node 32 48 18.1108
Pkt 60 750 0.08 1
Pkt 64 800 0.08 1
Node 46 64 14.5602
Pkt 20 250 0.08 1
Pkt 20 250 0.08 1
Rate:160.179
==========
==========91
7 0 2 24000
Node 68 65 23.4307
Pkt 10 125 0.08 1
Pkt 8 100 0.08 1
Node 58 48 8.24621
Pkt 32 400 0.08 1
Pkt 39 480 0.08125 1
Node 26 56 24.7386
Pkt 60 750 0.08 1
Pkt 60 750 0.08 1
Node 60 37 16.4012
Pkt 12 150 0.08 1
Pkt 20 250 0.08 1
Node 47 66 16.2788
Pkt 39 480 0.08125 1
Pkt 32 400 0.08 1
Node 54 70 20.3961
Pkt 60 750 0.08 1
Pkt 60 750 0.08 1
Node 53 49 3.16228
Pkt 16 192 0.0833333 1
Pkt 16 192 0.0833333 1
Rate:161.31
==========
==========92
7 0 2 24000
Node 57 64 15.6525
Pkt 12 150 0.08 1
Pkt 16 192 0.0833333 1
Node 58 68 19.6977
Pkt 39 480 0.08125 1
Pkt 26 320 0.08125 1
Node 44 56 8.48528
Pkt 60 750 0.08 1
Pkt 64 800 0.08 1
Node 49 52 2.23607
Pkt 16 192 0.0833333 1
Pkt 8 100 0.08 1
Node 73 55 23.5372
Pkt 30 375 0.08 1
Pkt 26 320 0.08125 1
Node 65 31 24.2074
Pkt 60 750 0.08 1
Pkt 60 750 0.08 1
Node 62 70 23.3238
Pkt 12 150 0.08 1
Pkt 12 150 0.08 1
Rate:161.488
==========
==========93
7 0 2 24000
Node 50 74 24
Pkt 13 160 0.08125 1
Pkt 12 150 0.08 1
Node 71 41 22.8473
Pkt 39 480 0.08125 1
Pkt 26 320 0.08125 1
Node 53 65 15.2971
Pkt 60 750 0.08 1
Pkt 60 750 0.08 1
Node 26 47 24.1868
Pkt 20 250 0.08 1
Pkt 10 120 0.0833333 1
Node 38 65 19.2094
Pkt 26 320 0.08125 1
Pkt 39 480 0.08125 1
Node 69 46 19.4165
Pkt 64 800 0.08 1
Pkt 64 800 0.08 1
Node 48 47 3.60555
Pkt 8 100 0.08 1
Pkt 8 100 0.08 1
Rate:161.369
==========
==========94
7 0 2 24000
Node 48 47 3.60555
Pkt 16 192 0.0833333 1
Pkt 12 150 0.08 1
Node 38 64 18.4391
Pkt 30 375 0.08 1
Pkt 30 375 0.08 1
Node 71 61 23.7065
Pkt 64 800 0.08 1
Pkt 64 800 0.08 1
Node 57 58 10.6301
Pkt 20 240 0.0833333 1
Pkt 8 100 0.08 1
Node 28 34 27.2029
Pkt 24 300 0.08 1
Pkt 26 320 0.08125 1
Node 28 61 24.5967
Pkt 60 750 0.08 1
Pkt 60 750 0.08 1
Node 58 41 12.0416
Pkt 8 100 0.08 1
Pkt 10 125 0.08 1
Rate:161.131
==========
==========95
7 0 2 24000
Node 67 55 17.72
Pkt 12 150 0.08 1
Pkt 13 160 0.08125 1
Node 48 53 3.60555
Pkt 39 480 0.08125 1
Pkt 24 300 0.08 1
Node 41 51 9.05539
Pkt 60 750 0.08 1
Pkt 60 750 0.08 1
Node 49 46 4.12311
Pkt 8 100 0.08 1
Pkt 20 240 0.0833333 1
Node 36 40 17.2047
Pkt 24 300 0.08 1
Pkt 26 320 0.08125 1
Node 63 61 17.0294
Pkt 60 750 0.08 1
Pkt 64 800 0.08 1
Node 48 50 2
Pkt 20 240 0.0833333 1
Pkt 10 125 0.08 1
Rate:161.488
==========
==========96
7 0 2 24000
Node 42 28 23.4094
Pkt 8 100 0.08 1
Pkt 16 200 0.08 1
Node 31 67 25.4951
Pkt 39 480 0.08125 1
Pkt 26 320 0.08125 1
Node 50 63 13
Pkt 64 800 0.08 1
Pkt 60 750 0.08 1
Node 72 49 22.0227
Pkt 8 100 0.08 1
Pkt 13 160 0.08125 1
Node 56 34 17.088
Pkt 32 400 0.08 1
Pkt 30 375 0.08 1
Node 70 74 31.241
Pkt 60 750 0.08 1
Pkt 60 750 0.08 1
Node 25 41 26.5707
Pkt 20 240 0.0833333 1
Pkt 10 120 0.0833333 1
Rate:161.488
==========
==========97
7 0 2 24000
Node 33 48 17.1172
Pkt 13 160 0.08125 1
Pkt 13 160 0.08125 1
Node 62 68 21.6333
Pkt 32 400 0.08 1
Pkt 24 300 0.08 1
Node 72 34 27.2029
Pkt 60 750 0.08 1
Pkt 64 800 0.08 1
Node 60 32 20.5913
Pkt 16 192 0.0833333 1
Pkt 10 125 0.08 1
Node 53 58 8.544
Pkt 26 320 0.08125 1
Pkt 30 375 0.08 1
Node 43 26 25
Pkt 64 800 0.08 1
Pkt 64 800 0.08 1
Node 50 43 7
Pkt 10 120 0.0833333 1
Pkt 8 100 0.08 1
Rate:161.488
==========
==========98
7 0 2 24000
Node 63 29 24.6982
Pkt 16 192 0.0833333 1
Pkt 20 250 0.08 1
Node 55 57 8.60233
Pkt 39 480 0.08125 1
Pkt 30 375 0.08 1
Node 70 56 20.8806
Pkt 64 800 0.08 1
Pkt 60 750 0.08 1
Node 49 32 18.0278
Pkt 13 160 0.08125 1
Pkt 16 200 0.08 1
Node 40 60 14.1421
Pkt 26 320 0.08125 1
Pkt 32 400 0.08 1
Node 54 37 13.6015
Pkt 64 800 0.08 1
Pkt 64 800 0.08 1
Node 54 44 7.2111
Pkt 10 120 0.0833333 1
Pkt 20 250 0.08 1
Rate:161.488
==========
==========99
