7 0 2 24000
Node 63 54 13.6015
Pkt 18 100 0.18 1
Pkt 35 192 0.182292 1
Node 73 28 31.8277
Pkt 72 400 0.18 1
Pkt 58 320 0.18125 1
Node 60 73 25.0799
Pkt 144 800 0.18 1
Pkt 135 750 0.18 1
Node 45 53 5.83095
Pkt 29 160 0.18125 1
Pkt 22 120 0.183333 1
Node 35 45 15.8114
Pkt 54 300 0.18 1
Pkt 68 375 0.181333 1
Node 62 64 18.4391
Pkt 135 750 0.18 1
Pkt 144 800 0.18 1
Node 56 63 14.3178
Pkt 44 240 0.183333 1
Pkt 29 160 0.18125 1
Rate:362.006
==========
==========0
7 0 2 24000
Node 48 27 23.0868
Pkt 23 125 0.184 1
Pkt 35 192 0.182292 1
Node 53 49 3.16228
Pkt 58 320 0.18125 1
Pkt 72 400 0.18 1
Node 66 45 16.7631
Pkt 135 750 0.18 1
Pkt 144 800 0.18 1
Node 43 73 24.0416
Pkt 22 120 0.183333 1
Pkt 44 240 0.183333 1
Node 46 61 11.7047
Pkt 54 300 0.18 1
Pkt 68 375 0.181333 1
Node 60 70 22.3607
Pkt 144 800 0.18 1
Pkt 144 800 0.18 1
Node 55 39 12.083
Pkt 18 100 0.18 1
Pkt 36 200 0.18 1
Rate:362.22
==========
==========1
7 0 2 24000
Node 25 54 25.318
Pkt 36 200 0.18 1
Pkt 27 150 0.18 1
Node 53 56 6.7082
Pkt 58 320 0.18125 1
Pkt 54 300 0.18 1
Node 56 67 18.0278
Pkt 135 750 0.18 1
Pkt 135 750 0.18 1
Node 54 54 5.65685
Pkt 45 250 0.18 1
Pkt 22 120 0.183333 1
Node 53 66 16.2788
Pkt 58 320 0.18125 1
Pkt 87 480 0.18125 1
Node 55 69 19.6469
Pkt 144 800 0.18 1
Pkt 144 800 0.18 1
Node 25 52 25.0799
Pkt 29 160 0.18125 1
Pkt 23 125 0.184 1
Rate:361.762
==========
==========2
7 0 2 24000
Node 39 63 17.0294
Pkt 35 192 0.182292 1
Pkt 35 192 0.182292 1
Node 49 26 24.0208
Pkt 54 300 0.18 1
Pkt 87 480 0.18125 1
Node 48 60 10.198
Pkt 144 800 0.18 1
Pkt 135 750 0.18 1
Node 60 71 23.2594
Pkt 45 250 0.18 1
Pkt 22 120 0.183333 1
Node 59 53 9.48683
Pkt 54 300 0.18 1
Pkt 54 300 0.18 1
Node 72 43 23.0868
Pkt 144 800 0.18 1
Pkt 135 750 0.18 1
Node 41 28 23.7697
Pkt 45 250 0.18 1
Pkt 36 200 0.18 1
Rate:361.31
==========
==========3
7 0 2 24000
Node 26 52 24.0832
Pkt 22 120 0.183333 1
Pkt 18 100 0.18 1
Node 39 41 14.2127
Pkt 54 300 0.18 1
Pkt 58 320 0.18125 1
Node 66 69 24.8395
Pkt 144 800 0.18 1
Pkt 144 800 0.18 1
Node 39 29 23.7065
Pkt 36 200 0.18 1
Pkt 27 150 0.18 1
Node 55 67 17.72
Pkt 54 300 0.18 1
Pkt 87 480 0.18125 1
Node 56 44 8.48528
Pkt 144 800 0.18 1
Pkt 135 750 0.18 1
Node 59 62 15
Pkt 18 100 0.18 1
Pkt 35 192 0.182292 1
Rate:361.161
==========
==========4
7 0 2 24000
Node 43 31 20.2485
Pkt 36 200 0.18 1
Pkt 27 150 0.18 1
Node 31 26 30.6105
Pkt 87 480 0.18125 1
Pkt 68 375 0.181333 1
Node 43 72 23.0868
Pkt 135 750 0.18 1
Pkt 135 750 0.18 1
Node 58 39 13.6015
Pkt 22 120 0.183333 1
Pkt 35 192 0.182292 1
Node 71 70 29
Pkt 58 320 0.18125 1
Pkt 72 400 0.18 1
Node 47 64 14.3178
Pkt 144 800 0.18 1
Pkt 135 750 0.18 1
Node 55 41 10.2956
Pkt 22 120 0.183333 1
Pkt 45 250 0.18 1
Rate:361.827
==========
==========5
7 0 2 24000
Node 52 73 23.0868
Pkt 29 160 0.18125 1
Pkt 35 192 0.182292 1
Node 29 51 21.0238
Pkt 72 400 0.18 1
Pkt 68 375 0.181333 1
Node 30 35 25
Pkt 135 750 0.18 1
Pkt 144 800 0.18 1
Node 60 26 26
Pkt 18 100 0.18 1
Pkt 35 192 0.182292 1
Node 41 52 9.21954
Pkt 54 300 0.18 1
Pkt 87 480 0.18125 1
Node 38 52 12.1655
Pkt 144 800 0.18 1
Pkt 135 750 0.18 1
Node 34 54 16.4924
Pkt 29 160 0.18125 1
Pkt 27 150 0.18 1
Rate:361.381
==========
==========6
7 0 2 24000
Node 30 52 20.0998
Pkt 36 200 0.18 1
Pkt 22 120 0.183333 1
Node 41 36 16.6433
Pkt 68 375 0.181333 1
Pkt 58 320 0.18125 1
Node 49 31 19.0263
Pkt 135 750 0.18 1
Pkt 144 800 0.18 1
Node 29 59 22.8473
Pkt 29 160 0.18125 1
Pkt 29 160 0.18125 1
Node 32 39 21.095
Pkt 72 400 0.18 1
Pkt 87 480 0.18125 1
Node 64 38 18.4391
Pkt 135 750 0.18 1
Pkt 144 800 0.18 1
Node 32 44 18.9737
Pkt 18 100 0.18 1
Pkt 35 192 0.182292 1
Rate:361.708
==========
==========7
7 0 2 24000
Node 52 67 17.1172
Pkt 44 240 0.183333 1
Pkt 27 150 0.18 1
Node 37 27 26.4197
Pkt 87 480 0.18125 1
Pkt 68 375 0.181333 1
Node 55 56 7.81025
Pkt 144 800 0.18 1
Pkt 144 800 0.18 1
Node 52 70 20.0998
Pkt 44 240 0.183333 1
Pkt 44 240 0.183333 1
Node 36 36 19.799
Pkt 72 400 0.18 1
Pkt 68 375 0.181333 1
Node 42 50 8
Pkt 135 750 0.18 1
Pkt 135 750 0.18 1
Node 34 46 16.4924
Pkt 35 192 0.182292 1
Pkt 27 150 0.18 1
Rate:362.315
==========
==========8
7 0 2 24000
Node 46 61 11.7047
Pkt 44 240 0.183333 1
Pkt 44 240 0.183333 1
Node 28 60 24.1661
Pkt 58 320 0.18125 1
Pkt 54 300 0.18 1
Node 33 49 17.0294
Pkt 144 800 0.18 1
Pkt 135 750 0.18 1
Node 25 50 25
Pkt 22 120 0.183333 1
Pkt 29 160 0.18125 1
Node 49 35 15.0333
Pkt 68 375 0.181333 1
Pkt 68 375 0.181333 1
Node 25 73 33.9706
Pkt 144 800 0.18 1
Pkt 135 750 0.18 1
Node 51 58 8.06226
Pkt 23 125 0.184 1
Pkt 27 150 0.18 1
Rate:362.738
==========
==========9
7 0 2 24000
Node 74 74 33.9411
Pkt 22 120 0.183333 1
Pkt 18 100 0.18 1
Node 71 72 30.4138
Pkt 87 480 0.18125 1
Pkt 54 300 0.18 1
Node 44 37 14.3178
Pkt 135 750 0.18 1
Pkt 135 750 0.18 1
Node 68 58 19.6977
Pkt 18 100 0.18 1
Pkt 18 100 0.18 1
Node 58 48 8.24621
Pkt 54 300 0.18 1
Pkt 87 480 0.18125 1
Node 71 58 22.4722
Pkt 144 800 0.18 1
Pkt 144 800 0.18 1
Node 36 67 22.0227
Pkt 36 200 0.18 1
Pkt 23 125 0.184 1
Rate:361.405
==========
==========10
7 0 2 24000
Node 48 73 23.0868
Pkt 29 160 0.18125 1
Pkt 36 200 0.18 1
Node 49 55 5.09902
Pkt 72 400 0.18 1
Pkt 58 320 0.18125 1
Node 35 42 17
Pkt 135 750 0.18 1
Pkt 135 750 0.18 1
Node 30 28 29.7321
Pkt 23 125 0.184 1
Pkt 22 120 0.183333 1
Node 50 52 2
Pkt 72 400 0.18 1
Pkt 72 400 0.18 1
Node 74 39 26.4008
Pkt 135 750 0.18 1
Pkt 144 800 0.18 1
Node 73 66 28.0179
Pkt 36 200 0.18 1
Pkt 29 160 0.18125 1
Rate:361.583
==========
==========11
7 0 2 24000
Node 60 60 14.1421
Pkt 36 200 0.18 1
Pkt 27 150 0.18 1
Node 41 69 21.0238
Pkt 54 300 0.18 1
Pkt 54 300 0.18 1
Node 35 70 25
Pkt 135 750 0.18 1
Pkt 144 800 0.18 1
Node 42 63 15.2643
Pkt 35 192 0.182292 1
Pkt 29 160 0.18125 1
Node 65 51 15.0333
Pkt 87 480 0.18125 1
Pkt 58 320 0.18125 1
Node 28 61 24.5967
Pkt 144 800 0.18 1
Pkt 144 800 0.18 1
Node 71 48 21.095
Pkt 18 100 0.18 1
Pkt 36 200 0.18 1
Rate:360.863
==========
==========12
7 0 2 24000
Node 40 53 10.4403
Pkt 44 240 0.183333 1
Pkt 36 200 0.18 1
Node 30 67 26.2488
Pkt 72 400 0.18 1
Pkt 68 375 0.181333 1
Node 27 54 23.3452
Pkt 135 750 0.18 1
Pkt 135 750 0.18 1
Node 69 48 19.105
Pkt 22 120 0.183333 1
Pkt 22 120 0.183333 1
Node 31 52 19.105
Pkt 72 400 0.18 1
Pkt 87 480 0.18125 1
Node 46 42 8.94427
Pkt 135 750 0.18 1
Pkt 135 750 0.18 1
Node 46 61 11.7047
Pkt 27 150 0.18 1
Pkt 36 200 0.18 1
Rate:361.798
==========
==========13
7 0 2 24000
Node 49 46 4.12311
Pkt 23 125 0.184 1
Pkt 22 120 0.183333 1
Node 48 40 10.198
Pkt 72 400 0.18 1
Pkt 58 320 0.18125 1
Node 38 72 25.0599
Pkt 135 750 0.18 1
Pkt 144 800 0.18 1
Node 62 52 12.1655
Pkt 45 250 0.18 1
Pkt 29 160 0.18125 1
Node 48 51 2.23607
Pkt 54 300 0.18 1
Pkt 68 375 0.181333 1
Node 51 70 20.025
Pkt 135 750 0.18 1
Pkt 144 800 0.18 1
Node 48 65 15.1327
Pkt 22 120 0.183333 1
Pkt 45 250 0.18 1
Rate:362.071
==========
==========14
7 0 2 24000
Node 39 29 23.7065
Pkt 22 120 0.183333 1
Pkt 35 192 0.182292 1
Node 55 59 10.2956
Pkt 68 375 0.181333 1
Pkt 58 320 0.18125 1
Node 60 39 14.8661
Pkt 135 750 0.18 1
Pkt 144 800 0.18 1
Node 27 51 23.0217
Pkt 22 120 0.183333 1
Pkt 35 192 0.182292 1
Node 58 29 22.4722
Pkt 72 400 0.18 1
Pkt 87 480 0.18125 1
Node 50 43 7
Pkt 135 750 0.18 1
Pkt 144 800 0.18 1
Node 30 55 20.6155
Pkt 35 192 0.182292 1
Pkt 23 125 0.184 1
Rate:363.054
==========
==========15
7 0 2 24000
Node 41 44 10.8167
Pkt 45 250 0.18 1
Pkt 27 150 0.18 1
Node 49 42 8.06226
Pkt 58 320 0.18125 1
Pkt 87 480 0.18125 1
Node 44 34 17.088
Pkt 144 800 0.18 1
Pkt 135 750 0.18 1
Node 50 28 22
Pkt 27 150 0.18 1
Pkt 36 200 0.18 1
Node 32 72 28.4253
Pkt 87 480 0.18125 1
Pkt 87 480 0.18125 1
Node 69 56 19.9249
Pkt 135 750 0.18 1
Pkt 144 800 0.18 1
Node 60 41 13.4536
Pkt 45 250 0.18 1
Pkt 45 250 0.18 1
Rate:360.714
==========
==========16
7 0 2 24000
Node 51 36 14.0357
Pkt 45 250 0.18 1
Pkt 23 125 0.184 1
Node 30 62 23.3238
Pkt 87 480 0.18125 1
Pkt 87 480 0.18125 1
Node 65 49 15.0333
Pkt 144 800 0.18 1
Pkt 135 750 0.18 1
Node 60 44 11.6619
Pkt 35 192 0.182292 1
Pkt 18 100 0.18 1
Node 34 54 16.4924
Pkt 54 300 0.18 1
Pkt 72 400 0.18 1
Node 28 58 23.4094
Pkt 144 800 0.18 1
Pkt 135 750 0.18 1
Node 36 57 15.6525
Pkt 27 150 0.18 1
Pkt 36 200 0.18 1
Rate:361.256
==========
==========17
7 0 2 24000
Node 49 67 17.0294
Pkt 18 100 0.18 1
Pkt 45 250 0.18 1
Node 38 33 20.8087
Pkt 72 400 0.18 1
Pkt 87 480 0.18125 1
Node 45 56 7.81025
Pkt 135 750 0.18 1
Pkt 144 800 0.18 1
Node 39 47 11.4018
Pkt 44 240 0.183333 1
Pkt 23 125 0.184 1
Node 54 57 8.06226
Pkt 68 375 0.181333 1
Pkt 58 320 0.18125 1
Node 34 59 18.3576
Pkt 135 750 0.18 1
Pkt 144 800 0.18 1
Node 34 67 23.3452
Pkt 27 150 0.18 1
Pkt 29 160 0.18125 1
Rate:361.774
==========
==========18
7 0 2 24000
Node 37 54 13.6015
Pkt 23 125 0.184 1
Pkt 23 125 0.184 1
Node 67 46 17.4642
Pkt 72 400 0.18 1
Pkt 58 320 0.18125 1
Node 30 40 22.3607
Pkt 135 750 0.18 1
Pkt 135 750 0.18 1
Node 38 72 25.0599
Pkt 27 150 0.18 1
Pkt 45 250 0.18 1
Node 32 36 22.8035
Pkt 87 480 0.18125 1
Pkt 54 300 0.18 1
Node 46 52 4.47214
Pkt 144 800 0.18 1
Pkt 135 750 0.18 1
Node 47 28 22.2036
Pkt 23 125 0.184 1
Pkt 45 250 0.18 1
Rate:362.071
==========
==========19
7 0 2 24000
Node 64 73 26.9258
Pkt 35 192 0.182292 1
Pkt 45 250 0.18 1
Node 32 33 24.7588
Pkt 68 375 0.181333 1
Pkt 72 400 0.18 1
Node 70 71 29
Pkt 135 750 0.18 1
Pkt 144 800 0.18 1
Node 66 70 25.6125
Pkt 45 250 0.18 1
Pkt 27 150 0.18 1
Node 47 47 4.24264
Pkt 87 480 0.18125 1
Pkt 58 320 0.18125 1
Node 38 49 12.0416
Pkt 135 750 0.18 1
Pkt 144 800 0.18 1
Node 64 35 20.5183
Pkt 23 125 0.184 1
Pkt 35 192 0.182292 1
Rate:361.774
==========
==========20
7 0 2 24000
Node 73 67 28.6007
Pkt 45 250 0.18 1
Pkt 29 160 0.18125 1
Node 57 55 8.60233
Pkt 87 480 0.18125 1
Pkt 72 400 0.18 1
Node 69 33 25.4951
Pkt 144 800 0.18 1
Pkt 144 800 0.18 1
Node 29 59 22.8473
Pkt 44 240 0.183333 1
Pkt 35 192 0.182292 1
Node 33 25 30.2324
Pkt 87 480 0.18125 1
Pkt 68 375 0.181333 1
Node 41 52 9.21954
Pkt 144 800 0.18 1
Pkt 135 750 0.18 1
Node 54 62 12.6491
Pkt 22 120 0.183333 1
Pkt 45 250 0.18 1
Rate:362.006
==========
==========21
7 0 2 24000
Node 28 27 31.8277
Pkt 22 120 0.183333 1
Pkt 44 240 0.183333 1
Node 30 55 20.6155
Pkt 68 375 0.181333 1
Pkt 87 480 0.18125 1
Node 74 74 33.9411
Pkt 135 750 0.18 1
Pkt 135 750 0.18 1
Node 41 74 25.632
Pkt 18 100 0.18 1
Pkt 29 160 0.18125 1
Node 60 47 10.4403
Pkt 68 375 0.181333 1
Pkt 68 375 0.181333 1
Node 68 40 20.5913
Pkt 135 750 0.18 1
Pkt 144 800 0.18 1
Node 31 46 19.4165
Pkt 44 240 0.183333 1
Pkt 35 192 0.182292 1
Rate:362.685
==========
==========22
7 0 2 24000
Node 57 37 14.7648
Pkt 35 192 0.182292 1
Pkt 35 192 0.182292 1
Node 37 69 23.0217
Pkt 54 300 0.18 1
Pkt 72 400 0.18 1
Node 31 51 19.0263
Pkt 144 800 0.18 1
Pkt 135 750 0.18 1
Node 70 39 22.8254
Pkt 45 250 0.18 1
Pkt 18 100 0.18 1
Node 53 74 24.1868
Pkt 68 375 0.181333 1
Pkt 58 320 0.18125 1
Node 61 42 13.6015
Pkt 144 800 0.18 1
Pkt 144 800 0.18 1
Node 63 73 26.4197
Pkt 29 160 0.18125 1
Pkt 35 192 0.182292 1
Rate:361.53
==========
==========23
7 0 2 24000
Node 34 60 18.868
Pkt 44 240 0.183333 1
Pkt 23 125 0.184 1
Node 74 33 29.4109
Pkt 54 300 0.18 1
Pkt 87 480 0.18125 1
Node 58 37 15.2643
Pkt 144 800 0.18 1
Pkt 135 750 0.18 1
Node 43 63 14.7648
Pkt 27 150 0.18 1
Pkt 35 192 0.182292 1
Node 61 69 21.9545
Pkt 68 375 0.181333 1
Pkt 72 400 0.18 1
Node 45 29 21.587
Pkt 144 800 0.18 1
Pkt 144 800 0.18 1
Node 46 44 7.2111
Pkt 36 200 0.18 1
Pkt 27 150 0.18 1
Rate:361.744
==========
==========24
7 0 2 24000
Node 63 56 14.3178
Pkt 44 240 0.183333 1
Pkt 44 240 0.183333 1
Node 60 62 15.6205
Pkt 72 400 0.18 1
Pkt 58 320 0.18125 1
Node 57 53 7.61577
Pkt 135 750 0.18 1
Pkt 135 750 0.18 1
Node 71 72 30.4138
Pkt 44 240 0.183333 1
Pkt 44 240 0.183333 1
Node 31 64 23.6008
Pkt 54 300 0.18 1
Pkt 54 300 0.18 1
Node 52 28 22.0907
Pkt 144 800 0.18 1
Pkt 135 750 0.18 1
Node 32 29 27.6586
Pkt 18 100 0.18 1
Pkt 35 192 0.182292 1
Rate:362.411
==========
==========25
7 0 2 24000
Node 66 33 23.3452
Pkt 36 200 0.18 1
Pkt 45 250 0.18 1
Node 29 33 27.0185
Pkt 72 400 0.18 1
Pkt 72 400 0.18 1
Node 47 46 5
Pkt 144 800 0.18 1
Pkt 135 750 0.18 1
Node 57 26 25
Pkt 44 240 0.183333 1
Pkt 18 100 0.18 1
Node 35 30 25
Pkt 54 300 0.18 1
Pkt 72 400 0.18 1
Node 65 70 25
Pkt 135 750 0.18 1
Pkt 135 750 0.18 1
Node 31 25 31.4006
Pkt 18 100 0.18 1
Pkt 22 120 0.183333 1
Rate:360.952
==========
==========26
7 0 2 24000
Node 73 70 30.4795
Pkt 29 160 0.18125 1
Pkt 35 192 0.182292 1
Node 34 57 17.4642
Pkt 54 300 0.18 1
Pkt 58 320 0.18125 1
Node 55 34 16.7631
Pkt 135 750 0.18 1
Pkt 144 800 0.18 1
Node 48 62 12.1655
Pkt 45 250 0.18 1
Pkt 45 250 0.18 1
Node 37 46 13.6015
Pkt 58 320 0.18125 1
Pkt 54 300 0.18 1
Node 41 74 25.632
Pkt 135 750 0.18 1
Pkt 135 750 0.18 1
Node 57 57 9.89949
Pkt 23 125 0.184 1
Pkt 45 250 0.18 1
Rate:361.435
==========
==========27
7 0 2 24000
Node 61 26 26.4008
Pkt 36 200 0.18 1
Pkt 23 125 0.184 1
Node 30 41 21.9317
Pkt 87 480 0.18125 1
Pkt 87 480 0.18125 1
Node 66 42 17.8885
Pkt 144 800 0.18 1
Pkt 144 800 0.18 1
Node 56 68 18.9737
Pkt 45 250 0.18 1
Pkt 29 160 0.18125 1
Node 59 70 21.9317
Pkt 54 300 0.18 1
Pkt 58 320 0.18125 1
Node 36 40 17.2047
Pkt 144 800 0.18 1
Pkt 144 800 0.18 1
Node 61 50 11
Pkt 35 192 0.182292 1
Pkt 23 125 0.184 1
Rate:362.185
==========
==========28
7 0 2 24000
Node 35 61 18.6011
Pkt 18 100 0.18 1
Pkt 18 100 0.18 1
Node 44 38 13.4164
Pkt 87 480 0.18125 1
Pkt 54 300 0.18 1
Node 59 26 25.632
Pkt 144 800 0.18 1
Pkt 135 750 0.18 1
Node 54 69 19.4165
Pkt 45 250 0.18 1
Pkt 18 100 0.18 1
Node 32 31 26.1725
Pkt 68 375 0.181333 1
Pkt 87 480 0.18125 1
Node 44 64 15.2315
Pkt 135 750 0.18 1
Pkt 144 800 0.18 1
Node 71 39 23.7065
Pkt 18 100 0.18 1
Pkt 29 160 0.18125 1
Rate:360.726
==========
==========29
7 0 2 24000
Node 66 59 18.3576
Pkt 27 150 0.18 1
Pkt 45 250 0.18 1
Node 64 27 26.9258
Pkt 68 375 0.181333 1
Pkt 87 480 0.18125 1
Node 58 49 8.06226
Pkt 135 750 0.18 1
Pkt 144 800 0.18 1
Node 44 30 20.8806
Pkt 23 125 0.184 1
Pkt 45 250 0.18 1
Node 32 42 19.6977
Pkt 72 400 0.18 1
Pkt 72 400 0.18 1
Node 62 27 25.9422
Pkt 144 800 0.18 1
Pkt 135 750 0.18 1
Node 61 57 13.0384
Pkt 36 200 0.18 1
Pkt 18 100 0.18 1
Rate:360.94
==========
==========30
7 0 2 24000
Node 42 72 23.4094
Pkt 36 200 0.18 1
Pkt 44 240 0.183333 1
Node 72 38 25.0599
Pkt 72 400 0.18 1
Pkt 58 320 0.18125 1
Node 50 33 17
Pkt 144 800 0.18 1
Pkt 144 800 0.18 1
Node 66 33 23.3452
Pkt 45 250 0.18 1
Pkt 23 125 0.184 1
Node 57 29 22.1359
Pkt 68 375 0.181333 1
Pkt 68 375 0.181333 1
Node 74 70 31.241
Pkt 144 800 0.18 1
Pkt 144 800 0.18 1
Node 44 27 23.7697
Pkt 27 150 0.18 1
Pkt 18 100 0.18 1
Rate:361.607
==========
==========31
7 0 2 24000
Node 53 50 3
Pkt 29 160 0.18125 1
Pkt 36 200 0.18 1
Node 39 42 13.6015
Pkt 58 320 0.18125 1
Pkt 54 300 0.18 1
Node 32 56 18.9737
Pkt 144 800 0.18 1
Pkt 144 800 0.18 1
Node 59 67 19.2354
Pkt 35 192 0.182292 1
Pkt 18 100 0.18 1
Node 32 55 18.6815
Pkt 68 375 0.181333 1
Pkt 58 320 0.18125 1
Node 71 74 31.8904
Pkt 135 750 0.18 1
Pkt 135 750 0.18 1
Node 45 30 20.6155
Pkt 45 250 0.18 1
Pkt 27 150 0.18 1
Rate:361.054
==========
==========32
7 0 2 24000
Node 28 53 22.2036
Pkt 35 192 0.182292 1
Pkt 22 120 0.183333 1
Node 55 55 7.07107
Pkt 87 480 0.18125 1
Pkt 87 480 0.18125 1
Node 42 63 15.2643
Pkt 135 750 0.18 1
Pkt 144 800 0.18 1
Node 36 39 17.8045
Pkt 18 100 0.18 1
Pkt 35 192 0.182292 1
Node 49 25 25.02
Pkt 54 300 0.18 1
Pkt 72 400 0.18 1
Node 51 47 3.16228
Pkt 144 800 0.18 1
Pkt 144 800 0.18 1
Node 74 72 32.5576
Pkt 23 125 0.184 1
Pkt 22 120 0.183333 1
Rate:362.536
==========
==========33
7 0 2 24000
Node 73 26 33.2415
Pkt 44 240 0.183333 1
Pkt 22 120 0.183333 1
Node 33 26 29.4109
Pkt 68 375 0.181333 1
Pkt 72 400 0.18 1
Node 46 69 19.4165
Pkt 144 800 0.18 1
Pkt 144 800 0.18 1
Node 54 32 18.4391
Pkt 22 120 0.183333 1
Pkt 35 192 0.182292 1
Node 52 25 25.0799
Pkt 87 480 0.18125 1
Pkt 72 400 0.18 1
Node 52 61 11.1803
Pkt 135 750 0.18 1
Pkt 135 750 0.18 1
Node 61 31 21.9545
Pkt 44 240 0.183333 1
Pkt 45 250 0.18 1
Rate:362.601
==========
==========34
7 0 2 24000
Node 68 58 19.6977
Pkt 18 100 0.18 1
Pkt 22 120 0.183333 1
Node 31 41 21.0238
Pkt 58 320 0.18125 1
Pkt 72 400 0.18 1
Node 51 38 12.0416
Pkt 135 750 0.18 1
Pkt 144 800 0.18 1
Node 70 63 23.8537
Pkt 18 100 0.18 1
Pkt 44 240 0.183333 1
Node 31 71 28.3196
Pkt 72 400 0.18 1
Pkt 54 300 0.18 1
Node 55 40 11.1803
Pkt 135 750 0.18 1
Pkt 144 800 0.18 1
Node 51 54 4.12311
Pkt 45 250 0.18 1
Pkt 23 125 0.184 1
Rate:361.702
==========
==========35
7 0 2 24000
Node 25 66 29.6816
Pkt 23 125 0.184 1
Pkt 18 100 0.18 1
Node 33 29 27.0185
Pkt 68 375 0.181333 1
Pkt 72 400 0.18 1
Node 45 73 23.5372
Pkt 135 750 0.18 1
Pkt 144 800 0.18 1
Node 39 43 13.0384
Pkt 23 125 0.184 1
Pkt 18 100 0.18 1
Node 48 39 11.1803
Pkt 87 480 0.18125 1
Pkt 54 300 0.18 1
Node 56 56 8.48528
Pkt 144 800 0.18 1
Pkt 144 800 0.18 1
Node 39 53 11.4018
Pkt 29 160 0.18125 1
Pkt 45 250 0.18 1
Rate:361.69
==========
==========36
7 0 2 24000
Node 35 60 18.0278
Pkt 22 120 0.183333 1
Pkt 44 240 0.183333 1
Node 51 32 18.0278
Pkt 54 300 0.18 1
Pkt 54 300 0.18 1
Node 73 56 23.7697
Pkt 135 750 0.18 1
Pkt 144 800 0.18 1
Node 73 45 23.5372
Pkt 45 250 0.18 1
Pkt 29 160 0.18125 1
Node 25 52 25.0799
Pkt 58 320 0.18125 1
Pkt 58 320 0.18125 1
Node 45 63 13.9284
Pkt 144 800 0.18 1
Pkt 135 750 0.18 1
Node 30 58 21.5407
Pkt 36 200 0.18 1
Pkt 29 160 0.18125 1
Rate:361.667
==========
==========37
7 0 2 24000
Node 50 60 10
Pkt 27 150 0.18 1
Pkt 36 200 0.18 1
Node 46 55 6.40312
Pkt 72 400 0.18 1
Pkt 72 400 0.18 1
Node 39 46 11.7047
Pkt 135 750 0.18 1
Pkt 144 800 0.18 1
Node 62 40 15.6205
Pkt 23 125 0.184 1
Pkt 29 160 0.18125 1
Node 74 35 28.3019
Pkt 72 400 0.18 1
Pkt 72 400 0.18 1
Node 54 70 20.3961
Pkt 135 750 0.18 1
Pkt 135 750 0.18 1
Node 50 63 13
Pkt 36 200 0.18 1
Pkt 35 192 0.182292 1
Rate:361.077
==========
==========38
7 0 2 24000
Node 53 34 16.2788
Pkt 29 160 0.18125 1
Pkt 29 160 0.18125 1
Node 64 46 14.5602
Pkt 58 320 0.18125 1
Pkt 54 300 0.18 1
Node 37 73 26.4197
Pkt 144 800 0.18 1
Pkt 135 750 0.18 1
Node 63 64 19.105
Pkt 36 200 0.18 1
Pkt 27 150 0.18 1
Node 53 51 3.16228
Pkt 72 400 0.18 1
Pkt 72 400 0.18 1
Node 29 52 21.095
Pkt 135 750 0.18 1
Pkt 135 750 0.18 1
Node 34 45 16.7631
Pkt 27 150 0.18 1
Pkt 18 100 0.18 1
Rate:360.536
==========
==========39
7 0 2 24000
Node 36 29 25.2389
Pkt 29 160 0.18125 1
Pkt 29 160 0.18125 1
Node 46 46 5.65685
Pkt 54 300 0.18 1
Pkt 72 400 0.18 1
Node 48 45 5.38516
Pkt 135 750 0.18 1
Pkt 144 800 0.18 1
Node 53 55 5.83095
Pkt 36 200 0.18 1
Pkt 18 100 0.18 1
Node 39 48 11.1803
Pkt 72 400 0.18 1
Pkt 54 300 0.18 1
Node 67 37 21.4009
Pkt 144 800 0.18 1
Pkt 144 800 0.18 1
Node 51 56 6.08276
Pkt 29 160 0.18125 1
Pkt 27 150 0.18 1
Rate:360.536
==========
==========40
7 0 2 24000
Node 48 35 15.1327
Pkt 45 250 0.18 1
Pkt 23 125 0.184 1
Node 47 40 10.4403
Pkt 68 375 0.181333 1
Pkt 72 400 0.18 1
Node 39 44 12.53
Pkt 135 750 0.18 1
Pkt 144 800 0.18 1
Node 50 54 4
Pkt 29 160 0.18125 1
Pkt 44 240 0.183333 1
Node 46 72 22.3607
Pkt 87 480 0.18125 1
Pkt 72 400 0.18 1
Node 31 65 24.2074
Pkt 135 750 0.18 1
Pkt 144 800 0.18 1
Node 34 69 24.8395
Pkt 35 192 0.182292 1
Pkt 44 240 0.183333 1
Rate:362.399
==========
==========41
7 0 2 24000
Node 49 27 23.0217
Pkt 18 100 0.18 1
Pkt 27 150 0.18 1
Node 37 65 19.8494
Pkt 68 375 0.181333 1
Pkt 54 300 0.18 1
Node 68 52 18.1108
Pkt 135 750 0.18 1
Pkt 135 750 0.18 1
Node 73 74 33.2415
Pkt 29 160 0.18125 1
Pkt 44 240 0.183333 1
Node 51 63 13.0384
Pkt 58 320 0.18125 1
Pkt 58 320 0.18125 1
Node 37 33 21.4009
Pkt 144 800 0.18 1
Pkt 135 750 0.18 1
Node 56 30 20.8806
Pkt 29 160 0.18125 1
Pkt 27 150 0.18 1
Rate:361.381
==========
==========42
7 0 2 24000
Node 30 64 24.4131
Pkt 22 120 0.183333 1
Pkt 44 240 0.183333 1
Node 66 48 16.1245
Pkt 72 400 0.18 1
Pkt 72 400 0.18 1
Node 56 43 9.21954
Pkt 144 800 0.18 1
Pkt 135 750 0.18 1
Node 59 48 9.21954
Pkt 23 125 0.184 1
Pkt 22 120 0.183333 1
Node 34 62 20
Pkt 68 375 0.181333 1
Pkt 72 400 0.18 1
Node 66 60 18.868
Pkt 144 800 0.18 1
Pkt 144 800 0.18 1
Node 55 34 16.7631
Pkt 27 150 0.18 1
Pkt 35 192 0.182292 1
Rate:362.518
==========
==========43
7 0 2 24000
Node 52 57 7.28011
Pkt 27 150 0.18 1
Pkt 36 200 0.18 1
Node 39 68 21.095
Pkt 87 480 0.18125 1
Pkt 58 320 0.18125 1
Node 32 72 28.4253
Pkt 135 750 0.18 1
Pkt 135 750 0.18 1
Node 61 30 22.8254
Pkt 22 120 0.183333 1
Pkt 36 200 0.18 1
Node 25 51 25.02
Pkt 58 320 0.18125 1
Pkt 68 375 0.181333 1
Node 30 72 29.7321
Pkt 144 800 0.18 1
Pkt 144 800 0.18 1
Node 52 59 9.21954
Pkt 27 150 0.18 1
Pkt 29 160 0.18125 1
Rate:361.381
==========
==========44
7 0 2 24000
Node 33 64 22.0227
Pkt 23 125 0.184 1
Pkt 18 100 0.18 1
Node 63 41 15.8114
Pkt 58 320 0.18125 1
Pkt 58 320 0.18125 1
Node 56 34 17.088
Pkt 135 750 0.18 1
Pkt 144 800 0.18 1
Node 32 30 26.9072
Pkt 35 192 0.182292 1
Pkt 27 150 0.18 1
Node 56 44 8.48528
Pkt 87 480 0.18125 1
Pkt 58 320 0.18125 1
Node 42 27 24.3516
Pkt 135 750 0.18 1
Pkt 135 750 0.18 1
Node 47 50 3
Pkt 36 200 0.18 1
Pkt 22 120 0.183333 1
Rate:362.089
==========
==========45
7 0 2 24000
Node 37 39 17.0294
Pkt 22 120 0.183333 1
Pkt 35 192 0.182292 1
Node 56 62 13.4164
Pkt 58 320 0.18125 1
Pkt 87 480 0.18125 1
Node 42 51 8.06226
Pkt 135 750 0.18 1
Pkt 144 800 0.18 1
Node 36 68 22.8035
Pkt 45 250 0.18 1
Pkt 44 240 0.183333 1
Node 54 29 21.3776
Pkt 54 300 0.18 1
Pkt 68 375 0.181333 1
Node 44 64 15.2315
Pkt 144 800 0.18 1
Pkt 144 800 0.18 1
Node 38 50 12
Pkt 36 200 0.18 1
Pkt 36 200 0.18 1
Rate:361.827
==========
==========46
7 0 2 24000
Node 48 74 24.0832
Pkt 22 120 0.183333 1
Pkt 22 120 0.183333 1
Node 73 43 24.0416
Pkt 54 300 0.18 1
Pkt 58 320 0.18125 1
Node 64 58 16.1245
Pkt 135 750 0.18 1
Pkt 135 750 0.18 1
Node 57 30 21.1896
Pkt 35 192 0.182292 1
Pkt 35 192 0.182292 1
Node 27 37 26.4197
Pkt 72 400 0.18 1
Pkt 58 320 0.18125 1
Node 35 71 25.807
Pkt 144 800 0.18 1
Pkt 144 800 0.18 1
Node 74 35 28.3019
Pkt 45 250 0.18 1
Pkt 29 160 0.18125 1
Rate:362.143
==========
==========47
7 0 2 24000
Node 58 45 9.43398
Pkt 22 120 0.183333 1
Pkt 45 250 0.18 1
Node 33 34 23.3452
Pkt 54 300 0.18 1
Pkt 68 375 0.181333 1
Node 30 57 21.1896
Pkt 144 800 0.18 1
Pkt 144 800 0.18 1
Node 50 70 20
Pkt 27 150 0.18 1
Pkt 18 100 0.18 1
Node 25 33 30.2324
Pkt 72 400 0.18 1
Pkt 72 400 0.18 1
Node 61 34 19.4165
Pkt 135 750 0.18 1
Pkt 135 750 0.18 1
Node 50 55 5
Pkt 18 100 0.18 1
Pkt 23 125 0.184 1
Rate:361.238
==========
==========48
7 0 2 24000
Node 61 28 24.5967
Pkt 18 100 0.18 1
Pkt 44 240 0.183333 1
Node 45 61 12.083
Pkt 58 320 0.18125 1
Pkt 58 320 0.18125 1
Node 70 32 26.9072
Pkt 144 800 0.18 1
Pkt 144 800 0.18 1
Node 70 33 26.2488
Pkt 36 200 0.18 1
Pkt 22 120 0.183333 1
Node 49 25 25.02
Pkt 58 320 0.18125 1
Pkt 68 375 0.181333 1
Node 51 54 4.12311
Pkt 144 800 0.18 1
Pkt 144 800 0.18 1
Node 70 58 21.5407
Pkt 18 100 0.18 1
Pkt 29 160 0.18125 1
Rate:361.857
==========
==========49
7 0 2 24000
Node 60 68 20.5913
Pkt 45 250 0.18 1
Pkt 29 160 0.18125 1
Node 25 46 25.318
Pkt 58 320 0.18125 1
Pkt 72 400 0.18 1
Node 42 45 9.43398
Pkt 135 750 0.18 1
Pkt 135 750 0.18 1
Node 41 66 18.3576
Pkt 18 100 0.18 1
Pkt 36 200 0.18 1
Node 60 74 26
Pkt 72 400 0.18 1
Pkt 68 375 0.181333 1
Node 51 59 9.05539
Pkt 135 750 0.18 1
Pkt 144 800 0.18 1
Node 41 25 26.5707
Pkt 27 150 0.18 1
Pkt 22 120 0.183333 1
Rate:361.024
==========
==========50
7 0 2 24000
Node 65 45 15.8114
Pkt 22 120 0.183333 1
Pkt 35 192 0.182292 1
Node 55 49 5.09902
Pkt 72 400 0.18 1
Pkt 87 480 0.18125 1
Node 39 28 24.5967
Pkt 144 800 0.18 1
Pkt 135 750 0.18 1
Node 49 72 22.0227
Pkt 18 100 0.18 1
Pkt 36 200 0.18 1
Node 59 37 15.8114
Pkt 54 300 0.18 1
Pkt 68 375 0.181333 1
Node 71 53 21.2132
Pkt 135 750 0.18 1
Pkt 135 750 0.18 1
Node 73 35 27.4591
Pkt 35 192 0.182292 1
Pkt 36 200 0.18 1
Rate:361.5
==========
==========51
7 0 2 24000
Node 74 31 30.6105
Pkt 29 160 0.18125 1
Pkt 29 160 0.18125 1
Node 52 30 20.0998
Pkt 68 375 0.181333 1
Pkt 72 400 0.18 1
Node 67 65 22.6716
Pkt 144 800 0.18 1
Pkt 144 800 0.18 1
Node 66 45 16.7631
Pkt 44 240 0.183333 1
Pkt 22 120 0.183333 1
Node 30 63 23.8537
Pkt 72 400 0.18 1
Pkt 58 320 0.18125 1
Node 26 54 24.3311
Pkt 135 750 0.18 1
Pkt 135 750 0.18 1
Node 37 36 19.105
Pkt 35 192 0.182292 1
Pkt 18 100 0.18 1
Rate:362.006
==========
==========52
7 0 2 24000
Node 49 57 7.07107
Pkt 23 125 0.184 1
Pkt 44 240 0.183333 1
Node 45 47 5.83095
Pkt 87 480 0.18125 1
Pkt 54 300 0.18 1
Node 42 51 8.06226
Pkt 135 750 0.18 1
Pkt 135 750 0.18 1
Node 62 73 25.9422
Pkt 35 192 0.182292 1
Pkt 22 120 0.183333 1
Node 65 63 19.8494
Pkt 87 480 0.18125 1
Pkt 58 320 0.18125 1
Node 65 52 15.1327
Pkt 135 750 0.18 1
Pkt 144 800 0.18 1
Node 39 44 12.53
Pkt 36 200 0.18 1
Pkt 45 250 0.18 1
Rate:362.387
==========
==========53
7 0 2 24000
Node 72 46 22.3607
Pkt 44 240 0.183333 1
Pkt 29 160 0.18125 1
Node 73 47 23.1948
Pkt 72 400 0.18 1
Pkt 54 300 0.18 1
Node 55 57 8.60233
Pkt 135 750 0.18 1
Pkt 144 800 0.18 1
Node 25 51 25.02
Pkt 23 125 0.184 1
Pkt 22 120 0.183333 1
Node 31 38 22.4722
Pkt 54 300 0.18 1
Pkt 54 300 0.18 1
Node 38 41 15
Pkt 144 800 0.18 1
Pkt 144 800 0.18 1
Node 74 39 26.4008
Pkt 23 125 0.184 1
Pkt 23 125 0.184 1
Rate:362.845
==========
==========54
7 0 2 24000
Node 39 65 18.6011
Pkt 35 192 0.182292 1
Pkt 18 100 0.18 1
Node 37 36 19.105
Pkt 68 375 0.181333 1
Pkt 54 300 0.18 1
Node 74 57 25
Pkt 144 800 0.18 1
Pkt 135 750 0.18 1
Node 39 69 21.9545
Pkt 45 250 0.18 1
Pkt 22 120 0.183333 1
Node 29 32 27.6586
Pkt 68 375 0.181333 1
Pkt 54 300 0.18 1
Node 69 63 23.0217
Pkt 135 750 0.18 1
Pkt 144 800 0.18 1
Node 60 48 10.198
Pkt 18 100 0.18 1
Pkt 29 160 0.18125 1
Rate:361.363
==========
==========55
7 0 2 24000
Node 53 47 4.24264
Pkt 23 125 0.184 1
Pkt 18 100 0.18 1
Node 30 67 26.2488
Pkt 68 375 0.181333 1
Pkt 54 300 0.18 1
Node 67 33 24.0416
Pkt 144 800 0.18 1
Pkt 135 750 0.18 1
Node 47 53 4.24264
Pkt 22 120 0.183333 1
Pkt 23 125 0.184 1
Node 68 43 19.3132
Pkt 87 480 0.18125 1
Pkt 72 400 0.18 1
Node 34 41 18.3576
Pkt 135 750 0.18 1
Pkt 135 750 0.18 1
Node 50 62 12
Pkt 45 250 0.18 1
Pkt 29 160 0.18125 1
Rate:362.167
==========
==========56
7 0 2 24000
Node 48 26 24.0832
Pkt 27 150 0.18 1
Pkt 35 192 0.182292 1
Node 43 54 8.06226
Pkt 54 300 0.18 1
Pkt 58 320 0.18125 1
Node 53 71 21.2132
Pkt 144 800 0.18 1
Pkt 144 800 0.18 1
Node 50 54 4
Pkt 36 200 0.18 1
Pkt 35 192 0.182292 1
Node 50 30 20
Pkt 87 480 0.18125 1
Pkt 72 400 0.18 1
Node 50 63 13
Pkt 135 750 0.18 1
Pkt 144 800 0.18 1
Node 34 53 16.2788
Pkt 22 120 0.183333 1
Pkt 27 150 0.18 1
Rate:361.488
==========
==========57
7 0 2 24000
Node 68 53 18.2483
Pkt 27 150 0.18 1
Pkt 18 100 0.18 1
Node 46 27 23.3452
Pkt 54 300 0.18 1
Pkt 58 320 0.18125 1
Node 38 47 12.3693
Pkt 144 800 0.18 1
Pkt 144 800 0.18 1
Node 41 35 17.4929
Pkt 44 240 0.183333 1
Pkt 36 200 0.18 1
Node 40 39 14.8661
Pkt 58 320 0.18125 1
Pkt 68 375 0.181333 1
Node 66 36 21.2603
Pkt 144 800 0.18 1
Pkt 135 750 0.18 1
Node 48 28 22.0907
Pkt 35 192 0.182292 1
Pkt 27 150 0.18 1
Rate:361.351
==========
==========58
7 0 2 24000
Node 56 50 6
Pkt 35 192 0.182292 1
Pkt 18 100 0.18 1
Node 52 57 7.28011
Pkt 58 320 0.18125 1
Pkt 54 300 0.18 1
Node 66 43 17.4642
Pkt 135 750 0.18 1
Pkt 135 750 0.18 1
Node 74 57 25
Pkt 27 150 0.18 1
Pkt 22 120 0.183333 1
Node 27 49 23.0217
Pkt 87 480 0.18125 1
Pkt 87 480 0.18125 1
Node 48 31 19.105
Pkt 135 750 0.18 1
Pkt 144 800 0.18 1
Node 26 30 31.241
Pkt 29 160 0.18125 1
Pkt 29 160 0.18125 1
Rate:361.696
==========
==========59
7 0 2 24000
Node 44 69 19.9249
Pkt 22 120 0.183333 1
Pkt 35 192 0.182292 1
Node 72 74 32.5576
Pkt 68 375 0.181333 1
Pkt 87 480 0.18125 1
Node 53 71 21.2132
Pkt 135 750 0.18 1
Pkt 135 750 0.18 1
Node 47 36 14.3178
Pkt 18 100 0.18 1
Pkt 35 192 0.182292 1
Node 33 54 17.4642
Pkt 58 320 0.18125 1
Pkt 87 480 0.18125 1
Node 72 27 31.8277
Pkt 135 750 0.18 1
Pkt 144 800 0.18 1
Node 25 65 29.1548
Pkt 29 160 0.18125 1
Pkt 45 250 0.18 1
Rate:362.036
==========
==========60
7 0 2 24000
Node 67 33 24.0416
Pkt 35 192 0.182292 1
Pkt 45 250 0.18 1
Node 66 49 16.0312
Pkt 72 400 0.18 1
Pkt 68 375 0.181333 1
Node 45 47 5.83095
Pkt 135 750 0.18 1
Pkt 135 750 0.18 1
Node 50 36 14
Pkt 27 150 0.18 1
Pkt 35 192 0.182292 1
Node 30 74 31.241
Pkt 68 375 0.181333 1
Pkt 87 480 0.18125 1
Node 33 73 28.6007
Pkt 135 750 0.18 1
Pkt 135 750 0.18 1
Node 62 50 12
Pkt 36 200 0.18 1
Pkt 45 250 0.18 1
Rate:361.214
==========
==========61
7 0 2 24000
Node 45 41 10.2956
Pkt 45 250 0.18 1
Pkt 22 120 0.183333 1
Node 61 71 23.7065
Pkt 54 300 0.18 1
Pkt 72 400 0.18 1
Node 59 31 21.0238
Pkt 144 800 0.18 1
Pkt 135 750 0.18 1
Node 39 70 22.8254
Pkt 18 100 0.18 1
Pkt 23 125 0.184 1
Node 64 25 28.6531
Pkt 58 320 0.18125 1
Pkt 58 320 0.18125 1
Node 60 63 16.4012
Pkt 144 800 0.18 1
Pkt 144 800 0.18 1
Node 39 68 21.095
Pkt 45 250 0.18 1
Pkt 35 192 0.182292 1
Rate:361.732
==========
==========62
7 0 2 24000
Node 57 72 23.0868
Pkt 23 125 0.184 1
Pkt 29 160 0.18125 1
Node 45 61 12.083
Pkt 87 480 0.18125 1
Pkt 72 400 0.18 1
Node 25 64 28.6531
Pkt 135 750 0.18 1
Pkt 144 800 0.18 1
Node 64 74 27.7849
Pkt 27 150 0.18 1
Pkt 27 150 0.18 1
Node 28 42 23.4094
Pkt 87 480 0.18125 1
Pkt 72 400 0.18 1
Node 49 39 11.0454
Pkt 135 750 0.18 1
Pkt 135 750 0.18 1
Node 67 25 30.2324
Pkt 44 240 0.183333 1
Pkt 18 100 0.18 1
Rate:361.583
==========
==========63
7 0 2 24000
Node 33 30 26.2488
Pkt 22 120 0.183333 1
Pkt 35 192 0.182292 1
Node 51 25 25.02
Pkt 68 375 0.181333 1
Pkt 54 300 0.18 1
Node 44 41 10.8167
Pkt 135 750 0.18 1
Pkt 135 750 0.18 1
Node 25 59 26.5707
Pkt 44 240 0.183333 1
Pkt 18 100 0.18 1
Node 74 53 24.1868
Pkt 58 320 0.18125 1
Pkt 54 300 0.18 1
Node 55 35 15.8114
Pkt 144 800 0.18 1
Pkt 144 800 0.18 1
Node 37 31 23.0217
Pkt 27 150 0.18 1
Pkt 18 100 0.18 1
Rate:361.649
==========
==========64
7 0 2 24000
Node 32 42 19.6977
Pkt 44 240 0.183333 1
Pkt 45 250 0.18 1
Node 44 62 13.4164
Pkt 68 375 0.181333 1
Pkt 72 400 0.18 1
Node 69 74 30.6105
Pkt 135 750 0.18 1
Pkt 135 750 0.18 1
Node 26 47 24.1868
Pkt 35 192 0.182292 1
Pkt 22 120 0.183333 1
Node 60 37 16.4012
Pkt 72 400 0.18 1
Pkt 72 400 0.18 1
Node 35 45 15.8114
Pkt 144 800 0.18 1
Pkt 144 800 0.18 1
Node 49 46 4.12311
Pkt 29 160 0.18125 1
Pkt 27 150 0.18 1
Rate:361.649
==========
==========65
7 0 2 24000
Node 28 49 22.0227
Pkt 29 160 0.18125 1
Pkt 29 160 0.18125 1
Node 41 74 25.632
Pkt 72 400 0.18 1
Pkt 68 375 0.181333 1
Node 56 38 13.4164
Pkt 144 800 0.18 1
Pkt 144 800 0.18 1
Node 39 46 11.7047
Pkt 44 240 0.183333 1
Pkt 36 200 0.18 1
Node 56 70 20.8806
Pkt 68 375 0.181333 1
Pkt 87 480 0.18125 1
Node 68 71 27.6586
Pkt 144 800 0.18 1
Pkt 135 750 0.18 1
Node 28 45 22.561
Pkt 27 150 0.18 1
Pkt 22 120 0.183333 1
Rate:361.869
==========
==========66
7 0 2 24000
Node 50 54 4
Pkt 35 192 0.182292 1
Pkt 27 150 0.18 1
Node 34 58 17.8885
Pkt 58 320 0.18125 1
Pkt 58 320 0.18125 1
Node 67 52 17.1172
Pkt 135 750 0.18 1
Pkt 135 750 0.18 1
Node 26 29 31.8904
Pkt 44 240 0.183333 1
Pkt 29 160 0.18125 1
Node 59 62 15
Pkt 54 300 0.18 1
Pkt 58 320 0.18125 1
Node 40 65 18.0278
Pkt 144 800 0.18 1
Pkt 135 750 0.18 1
Node 72 74 32.5576
Pkt 44 240 0.183333 1
Pkt 36 200 0.18 1
Rate:361.994
==========
==========67
7 0 2 24000
Node 53 34 16.2788
Pkt 22 120 0.183333 1
Pkt 23 125 0.184 1
Node 54 55 6.40312
Pkt 54 300 0.18 1
Pkt 54 300 0.18 1
Node 56 53 6.7082
Pkt 135 750 0.18 1
Pkt 144 800 0.18 1
Node 70 51 20.025
Pkt 44 240 0.183333 1
Pkt 22 120 0.183333 1
Node 58 61 13.6015
Pkt 72 400 0.18 1
Pkt 68 375 0.181333 1
Node 55 28 22.561
Pkt 144 800 0.18 1
Pkt 135 750 0.18 1
Node 51 68 18.0278
Pkt 45 250 0.18 1
Pkt 35 192 0.182292 1
Rate:362.518
==========
==========68
7 0 2 24000
Node 70 50 20
Pkt 45 250 0.18 1
Pkt 45 250 0.18 1
Node 61 52 11.1803
Pkt 72 400 0.18 1
Pkt 87 480 0.18125 1
Node 65 37 19.8494
Pkt 135 750 0.18 1
Pkt 135 750 0.18 1
Node 38 70 23.3238
Pkt 35 192 0.182292 1
Pkt 27 150 0.18 1
Node 27 37 26.4197
Pkt 58 320 0.18125 1
Pkt 54 300 0.18 1
Node 61 62 16.2788
Pkt 144 800 0.18 1
Pkt 135 750 0.18 1
Node 37 37 18.3848
Pkt 27 150 0.18 1
Pkt 27 150 0.18 1
Rate:360.685
==========
==========69
7 0 2 24000
Node 26 38 26.8328
Pkt 35 192 0.182292 1
Pkt 27 150 0.18 1
Node 53 43 7.61577
Pkt 87 480 0.18125 1
Pkt 54 300 0.18 1
Node 35 37 19.8494
Pkt 135 750 0.18 1
Pkt 135 750 0.18 1
Node 32 50 18
Pkt 18 100 0.18 1
Pkt 35 192 0.182292 1
Node 62 52 12.1655
Pkt 68 375 0.181333 1
Pkt 87 480 0.18125 1
Node 39 38 16.2788
Pkt 144 800 0.18 1
Pkt 135 750 0.18 1
Node 39 44 12.53
Pkt 23 125 0.184 1
Pkt 35 192 0.182292 1
Rate:362.101
==========
==========70
7 0 2 24000
Node 33 70 26.2488
Pkt 29 160 0.18125 1
Pkt 27 150 0.18 1
Node 30 65 25
Pkt 87 480 0.18125 1
Pkt 87 480 0.18125 1
Node 50 66 16
Pkt 135 750 0.18 1
Pkt 144 800 0.18 1
Node 36 34 21.2603
Pkt 23 125 0.184 1
Pkt 22 120 0.183333 1
Node 71 70 29
Pkt 87 480 0.18125 1
Pkt 54 300 0.18 1
Node 30 35 25
Pkt 135 750 0.18 1
Pkt 135 750 0.18 1
Node 27 60 25.0799
Pkt 23 125 0.184 1
Pkt 29 160 0.18125 1
Rate:362.512
==========
==========71
7 0 2 24000
Node 29 56 21.8403
Pkt 29 160 0.18125 1
Pkt 22 120 0.183333 1
Node 50 67 17
Pkt 72 400 0.18 1
Pkt 68 375 0.181333 1
Node 67 71 27.0185
Pkt 135 750 0.18 1
Pkt 144 800 0.18 1
Node 30 30 28.2843
Pkt 22 120 0.183333 1
Pkt 22 120 0.183333 1
Node 29 45 21.587
Pkt 68 375 0.181333 1
Pkt 87 480 0.18125 1
Node 34 44 17.088
Pkt 144 800 0.18 1
Pkt 135 750 0.18 1
Node 70 51 20.025
Pkt 44 240 0.183333 1
Pkt 35 192 0.182292 1
Rate:362.97
==========
==========72
7 0 2 24000
Node 73 55 23.5372
Pkt 45 250 0.18 1
Pkt 44 240 0.183333 1
Node 65 26 28.3019
Pkt 72 400 0.18 1
Pkt 68 375 0.181333 1
Node 47 45 5.83095
Pkt 135 750 0.18 1
Pkt 135 750 0.18 1
Node 67 53 17.2627
Pkt 36 200 0.18 1
Pkt 35 192 0.182292 1
Node 29 69 28.3196
Pkt 58 320 0.18125 1
Pkt 54 300 0.18 1
Node 59 34 18.3576
Pkt 144 800 0.18 1
Pkt 144 800 0.18 1
Node 64 48 14.1421
Pkt 36 200 0.18 1
Pkt 44 240 0.183333 1
Rate:361.649
==========
==========73
7 0 2 24000
Node 70 27 30.4795
Pkt 18 100 0.18 1
Pkt 45 250 0.18 1
Node 28 59 23.7697
Pkt 58 320 0.18125 1
Pkt 87 480 0.18125 1
Node 34 56 17.088
Pkt 144 800 0.18 1
Pkt 144 800 0.18 1
Node 51 30 20.025
Pkt 27 150 0.18 1
Pkt 36 200 0.18 1
Node 60 34 18.868
Pkt 68 375 0.181333 1
Pkt 87 480 0.18125 1
Node 57 67 18.3848
Pkt 135 750 0.18 1
Pkt 144 800 0.18 1
Node 48 44 6.32456
Pkt 36 200 0.18 1
Pkt 29 160 0.18125 1
Rate:360.905
==========
==========74
7 0 2 24000
Node 50 74 24
Pkt 29 160 0.18125 1
Pkt 35 192 0.182292 1
Node 55 37 13.9284
Pkt 68 375 0.181333 1
Pkt 87 480 0.18125 1
Node 56 45 7.81025
Pkt 144 800 0.18 1
Pkt 135 750 0.18 1
Node 28 41 23.7697
Pkt 23 125 0.184 1
Pkt 18 100 0.18 1
Node 41 60 13.4536
Pkt 58 320 0.18125 1
Pkt 58 320 0.18125 1
Node 46 45 6.40312
Pkt 144 800 0.18 1
Pkt 144 800 0.18 1
Node 40 41 13.4536
Pkt 22 120 0.183333 1
Pkt 18 100 0.18 1
Rate:362.28
==========
==========75
7 0 2 24000
Node 34 45 16.7631
Pkt 45 250 0.18 1
Pkt 45 250 0.18 1
Node 59 31 21.0238
Pkt 68 375 0.181333 1
Pkt 58 320 0.18125 1
Node 68 60 20.5913
Pkt 144 800 0.18 1
Pkt 135 750 0.18 1
Node 50 29 21
Pkt 45 250 0.18 1
Pkt 35 192 0.182292 1
Node 49 68 18.0278
Pkt 72 400 0.18 1
Pkt 72 400 0.18 1
Node 72 45 22.561
Pkt 135 750 0.18 1
Pkt 144 800 0.18 1
Node 70 63 23.8537
Pkt 44 240 0.183333 1
Pkt 45 250 0.18 1
Rate:361.173
==========
==========76
7 0 2 24000
Node 60 46 10.7703
Pkt 45 250 0.18 1
Pkt 18 100 0.18 1
Node 51 26 24.0208
Pkt 68 375 0.181333 1
Pkt 87 480 0.18125 1
Node 39 29 23.7065
Pkt 144 800 0.18 1
Pkt 144 800 0.18 1
Node 50 56 6
Pkt 44 240 0.183333 1
Pkt 36 200 0.18 1
Node 50 26 24
Pkt 72 400 0.18 1
Pkt 54 300 0.18 1
Node 31 61 21.9545
Pkt 135 750 0.18 1
Pkt 135 750 0.18 1
Node 71 71 29.6985
Pkt 35 192 0.182292 1
Pkt 29 160 0.18125 1
Rate:361.351
==========
==========77
7 0 2 24000
Node 57 61 13.0384
Pkt 45 250 0.18 1
Pkt 23 125 0.184 1
Node 52 44 6.32456
Pkt 58 320 0.18125 1
Pkt 58 320 0.18125 1
Node 67 41 19.2354
Pkt 144 800 0.18 1
Pkt 144 800 0.18 1
Node 72 57 23.0868
Pkt 27 150 0.18 1
Pkt 35 192 0.182292 1
Node 45 46 6.40312
Pkt 72 400 0.18 1
Pkt 58 320 0.18125 1
Node 64 50 14
Pkt 144 800 0.18 1
Pkt 135 750 0.18 1
Node 63 41 15.8114
Pkt 23 125 0.184 1
Pkt 27 150 0.18 1
Rate:362.006
==========
==========78
7 0 2 24000
Node 53 52 3.60555
Pkt 45 250 0.18 1
Pkt 22 120 0.183333 1
Node 59 35 17.4929
Pkt 68 375 0.181333 1
Pkt 68 375 0.181333 1
Node 36 72 26.0768
Pkt 144 800 0.18 1
Pkt 135 750 0.18 1
Node 44 37 14.3178
Pkt 36 200 0.18 1
Pkt 44 240 0.183333 1
Node 55 27 23.5372
Pkt 68 375 0.181333 1
Pkt 72 400 0.18 1
Node 33 69 25.4951
Pkt 135 750 0.18 1
Pkt 135 750 0.18 1
Node 62 67 20.8087
Pkt 45 250 0.18 1
Pkt 18 100 0.18 1
Rate:361.524
==========
==========79
7 0 2 24000
Node 40 33 19.7231
Pkt 22 120 0.183333 1
Pkt 27 150 0.18 1
Node 42 38 14.4222
Pkt 72 400 0.18 1
Pkt 68 375 0.181333 1
Node 48 34 16.1245
Pkt 144 800 0.18 1
Pkt 144 800 0.18 1
Node 54 35 15.5242
Pkt 35 192 0.182292 1
Pkt 22 120 0.183333 1
Node 55 72 22.561
Pkt 54 300 0.18 1
Pkt 87 480 0.18125 1
Node 67 73 28.6007
Pkt 144 800 0.18 1
Pkt 144 800 0.18 1
Node 59 33 19.2354
Pkt 22 120 0.183333 1
Pkt 35 192 0.182292 1
Rate:362.452
==========
==========80
7 0 2 24000
Node 50 46 4
Pkt 22 120 0.183333 1
Pkt 35 192 0.182292 1
Node 28 38 25.0599
Pkt 54 300 0.18 1
Pkt 54 300 0.18 1
Node 41 45 10.2956
Pkt 135 750 0.18 1
Pkt 144 800 0.18 1
Node 49 38 12.0416
Pkt 36 200 0.18 1
Pkt 35 192 0.182292 1
Node 68 44 18.9737
Pkt 54 300 0.18 1
Pkt 58 320 0.18125 1
Node 44 27 23.7697
Pkt 144 800 0.18 1
Pkt 135 750 0.18 1
Node 33 59 19.2354
Pkt 29 160 0.18125 1
Pkt 45 250 0.18 1
Rate:361.488
==========
==========81
7 0 2 24000
Node 68 74 30
Pkt 35 192 0.182292 1
Pkt 27 150 0.18 1
Node 55 37 13.9284
Pkt 72 400 0.18 1
Pkt 58 320 0.18125 1
Node 55 68 18.6815
Pkt 144 800 0.18 1
Pkt 135 750 0.18 1
Node 74 27 33.2415
Pkt 35 192 0.182292 1
Pkt 29 160 0.18125 1
Node 49 68 18.0278
Pkt 58 320 0.18125 1
Pkt 54 300 0.18 1
Node 52 51 2.23607
Pkt 144 800 0.18 1
Pkt 135 750 0.18 1
Node 62 49 12.0416
Pkt 22 120 0.183333 1
Pkt 18 100 0.18 1
Rate:361.667
==========
==========82
7 0 2 24000
Node 74 47 24.1868
Pkt 44 240 0.183333 1
Pkt 45 250 0.18 1
Node 46 51 4.12311
Pkt 87 480 0.18125 1
Pkt 54 300 0.18 1
Node 39 31 21.9545
Pkt 135 750 0.18 1
Pkt 135 750 0.18 1
Node 32 28 28.4253
Pkt 18 100 0.18 1
Pkt 29 160 0.18125 1
Node 72 26 32.5576
Pkt 58 320 0.18125 1
Pkt 54 300 0.18 1
Node 32 38 21.6333
Pkt 135 750 0.18 1
Pkt 144 800 0.18 1
Node 39 36 17.8045
Pkt 36 200 0.18 1
Pkt 22 120 0.183333 1
Rate:361.488
==========
==========83
7 0 2 24000
Node 26 36 27.7849
Pkt 44 240 0.183333 1
Pkt 44 240 0.183333 1
Node 44 64 15.2315
Pkt 54 300 0.18 1
Pkt 72 400 0.18 1
Node 55 33 17.72
Pkt 144 800 0.18 1
Pkt 135 750 0.18 1
Node 38 47 12.3693
Pkt 36 200 0.18 1
Pkt 44 240 0.183333 1
Node 33 58 18.7883
Pkt 87 480 0.18125 1
Pkt 58 320 0.18125 1
Node 31 30 27.5862
Pkt 144 800 0.18 1
Pkt 135 750 0.18 1
Node 43 62 13.8924
Pkt 27 150 0.18 1
Pkt 18 100 0.18 1
Rate:361.786
==========
==========84
7 0 2 24000
Node 46 33 17.4642
Pkt 44 240 0.183333 1
Pkt 44 240 0.183333 1
Node 50 70 20
Pkt 72 400 0.18 1
Pkt 72 400 0.18 1
Node 37 49 13.0384
Pkt 135 750 0.18 1
Pkt 144 800 0.18 1
Node 51 42 8.06226
Pkt 29 160 0.18125 1
Pkt 44 240 0.183333 1
Node 41 56 10.8167
Pkt 87 480 0.18125 1
Pkt 87 480 0.18125 1
Node 34 60 18.868
Pkt 135 750 0.18 1
Pkt 135 750 0.18 1
Node 28 74 32.5576
Pkt 29 160 0.18125 1
Pkt 44 240 0.183333 1
Rate:362.619
==========
==========85
7 0 2 24000
Node 28 54 22.3607
Pkt 35 192 0.182292 1
Pkt 36 200 0.18 1
Node 28 45 22.561
Pkt 68 375 0.181333 1
Pkt 68 375 0.181333 1
Node 59 69 21.0238
Pkt 135 750 0.18 1
Pkt 144 800 0.18 1
Node 38 63 17.6918
Pkt 45 250 0.18 1
Pkt 29 160 0.18125 1
Node 52 48 2.82843
Pkt 72 400 0.18 1
Pkt 72 400 0.18 1
Node 34 74 28.8444
Pkt 135 750 0.18 1
Pkt 144 800 0.18 1
Node 70 42 21.5407
Pkt 27 150 0.18 1
Pkt 29 160 0.18125 1
Rate:361.065
==========
==========86
7 0 2 24000
Node 30 28 29.7321
Pkt 29 160 0.18125 1
Pkt 22 120 0.183333 1
Node 63 50 13
Pkt 54 300 0.18 1
Pkt 54 300 0.18 1
Node 41 48 9.21954
Pkt 135 750 0.18 1
Pkt 135 750 0.18 1
Node 31 37 23.0217
Pkt 29 160 0.18125 1
Pkt 18 100 0.18 1
Node 62 45 13
Pkt 87 480 0.18125 1
Pkt 54 300 0.18 1
Node 62 65 19.2094
Pkt 135 750 0.18 1
Pkt 135 750 0.18 1
Node 49 29 21.0238
Pkt 18 100 0.18 1
Pkt 29 160 0.18125 1
Rate:361.19
==========
==========87
7 0 2 24000
Node 33 35 22.6716
Pkt 29 160 0.18125 1
Pkt 29 160 0.18125 1
Node 34 34 22.6274
Pkt 68 375 0.181333 1
Pkt 68 375 0.181333 1
Node 49 63 13.0384
Pkt 135 750 0.18 1
Pkt 135 750 0.18 1
Node 72 53 22.2036
Pkt 44 240 0.183333 1
Pkt 23 125 0.184 1
Node 57 41 11.4018
Pkt 68 375 0.181333 1
Pkt 54 300 0.18 1
Node 66 61 19.4165
Pkt 144 800 0.18 1
Pkt 144 800 0.18 1
Node 51 28 22.0227
Pkt 36 200 0.18 1
Pkt 36 200 0.18 1
Rate:361.976
==========
==========88
7 0 2 24000
Node 37 31 23.0217
Pkt 45 250 0.18 1
Pkt 29 160 0.18125 1
Node 51 36 14.0357
Pkt 87 480 0.18125 1
Pkt 54 300 0.18 1
Node 53 65 15.2971
Pkt 135 750 0.18 1
Pkt 135 750 0.18 1
Node 65 30 25
Pkt 44 240 0.183333 1
Pkt 22 120 0.183333 1
Node 52 38 12.1655
Pkt 58 320 0.18125 1
Pkt 54 300 0.18 1
Node 67 58 18.7883
Pkt 144 800 0.18 1
Pkt 144 800 0.18 1
Node 46 27 23.3452
Pkt 22 120 0.183333 1
Pkt 44 240 0.183333 1
Rate:362.44
==========
==========89
7 0 2 24000
Node 33 58 18.7883
Pkt 29 160 0.18125 1
Pkt 29 160 0.18125 1
Node 60 65 18.0278
Pkt 87 480 0.18125 1
Pkt 54 300 0.18 1
Node 61 44 12.53
Pkt 135 750 0.18 1
Pkt 144 800 0.18 1
Node 44 73 23.7697
Pkt 35 192 0.182292 1
Pkt 29 160 0.18125 1
Node 51 45 5.09902
Pkt 87 480 0.18125 1
Pkt 72 400 0.18 1
Node 30 55 20.6155
Pkt 144 800 0.18 1
Pkt 135 750 0.18 1
Node 34 44 17.088
Pkt 18 100 0.18 1
Pkt 35 192 0.182292 1
Rate:361.548
==========
==========90
7 0 2 24000
Node 35 73 27.4591
Pkt 27 150 0.18 1
Pkt 45 250 0.18 1
Node 64 38 18.4391
Pkt 58 320 0.18125 1
Pkt 68 375 0.181333 1
Node 52 26 24.0832
Pkt 135 750 0.18 1
Pkt 135 750 0.18 1
Node 49 60 10.0499
Pkt 18 100 0.18 1
Pkt 44 240 0.183333 1
Node 56 58 10
Pkt 87 480 0.18125 1
Pkt 58 320 0.18125 1
Node 37 42 15.2643
Pkt 144 800 0.18 1
Pkt 135 750 0.18 1
Node 40 29 23.2594
Pkt 22 120 0.183333 1
Pkt 35 192 0.182292 1
Rate:362.006
==========
==========91
7 0 2 24000
Node 74 50 24
Pkt 22 120 0.183333 1
Pkt 27 150 0.18 1
Node 62 71 24.1868
Pkt 87 480 0.18125 1
Pkt 54 300 0.18 1
Node 42 57 10.6301
Pkt 144 800 0.18 1
Pkt 135 750 0.18 1
Node 71 67 27.0185
Pkt 23 125 0.184 1
Pkt 36 200 0.18 1
Node 44 37 14.3178
Pkt 68 375 0.181333 1
Pkt 58 320 0.18125 1
Node 44 32 18.9737
Pkt 135 750 0.18 1
Pkt 144 800 0.18 1
Node 67 49 17.0294
Pkt 36 200 0.18 1
Pkt 35 192 0.182292 1
Rate:361.923
==========
==========92
7 0 2 24000
Node 58 29 22.4722
Pkt 44 240 0.183333 1
Pkt 23 125 0.184 1
Node 46 59 9.84886
Pkt 87 480 0.18125 1
Pkt 72 400 0.18 1
Node 61 28 24.5967
Pkt 135 750 0.18 1
Pkt 135 750 0.18 1
Node 62 56 13.4164
Pkt 35 192 0.182292 1
Pkt 27 150 0.18 1
Node 68 36 22.8035
Pkt 58 320 0.18125 1
Pkt 54 300 0.18 1
Node 45 32 18.6815
Pkt 144 800 0.18 1
Pkt 144 800 0.18 1
Node 44 46 7.2111
Pkt 23 125 0.184 1
Pkt 35 192 0.182292 1
Rate:362.631
==========
==========93
7 0 2 24000
Node 68 50 18
Pkt 23 125 0.184 1
Pkt 35 192 0.182292 1
Node 46 40 10.7703
Pkt 68 375 0.181333 1
Pkt 87 480 0.18125 1
Node 72 72 31.1127
Pkt 135 750 0.18 1
Pkt 135 750 0.18 1
Node 63 46 13.6015
Pkt 27 150 0.18 1
Pkt 27 150 0.18 1
Node 30 35 25
Pkt 72 400 0.18 1
Pkt 72 400 0.18 1
Node 65 57 16.5529
Pkt 144 800 0.18 1
Pkt 135 750 0.18 1
Node 39 55 12.083
Pkt 23 125 0.184 1
Pkt 29 160 0.18125 1
Rate:362.018
==========
==========94
7 0 2 24000
Node 34 32 24.0832
Pkt 29 160 0.18125 1
Pkt 18 100 0.18 1
Node 33 56 18.0278
Pkt 68 375 0.181333 1
Pkt 58 320 0.18125 1
Node 39 59 14.2127
Pkt 144 800 0.18 1
Pkt 144 800 0.18 1
Node 62 56 13.4164
Pkt 36 200 0.18 1
Pkt 18 100 0.18 1
Node 55 33 17.72
Pkt 87 480 0.18125 1
Pkt 72 400 0.18 1
Node 27 72 31.8277
Pkt 144 800 0.18 1
Pkt 135 750 0.18 1
Node 50 73 23
Pkt 23 125 0.184 1
Pkt 27 150 0.18 1
Rate:361.298
==========
==========95
7 0 2 24000
Node 74 67 29.4109
Pkt 35 192 0.182292 1
Pkt 22 120 0.183333 1
Node 66 68 24.0832
Pkt 72 400 0.18 1
Pkt 72 400 0.18 1
Node 59 45 10.2956
Pkt 144 800 0.18 1
Pkt 144 800 0.18 1
Node 57 51 7.07107
Pkt 44 240 0.183333 1
Pkt 45 250 0.18 1
Node 38 37 17.6918
Pkt 58 320 0.18125 1
Pkt 54 300 0.18 1
Node 49 36 14.0357
Pkt 144 800 0.18 1
Pkt 135 750 0.18 1
Node 73 50 23
Pkt 18 100 0.18 1
Pkt 36 200 0.18 1
Rate:361.458
==========
==========96
7 0 2 24000
Node 68 65 23.4307
Pkt 22 120 0.183333 1
Pkt 29 160 0.18125 1
Node 49 55 5.09902
Pkt 68 375 0.181333 1
Pkt 72 400 0.18 1
Node 49 44 6.08276
Pkt 135 750 0.18 1
Pkt 144 800 0.18 1
Node 46 56 7.2111
Pkt 36 200 0.18 1
Pkt 36 200 0.18 1
Node 60 58 12.8062
Pkt 68 375 0.181333 1
Pkt 58 320 0.18125 1
Node 42 62 14.4222
Pkt 144 800 0.18 1
Pkt 135 750 0.18 1
Node 66 32 24.0832
Pkt 27 150 0.18 1
Pkt 36 200 0.18 1
Rate:361.214
==========
==========97
7 0 2 24000
Node 50 69 19
Pkt 35 192 0.182292 1
Pkt 27 150 0.18 1
Node 27 44 23.7697
Pkt 72 400 0.18 1
Pkt 58 320 0.18125 1
Node 37 63 18.3848
Pkt 144 800 0.18 1
Pkt 135 750 0.18 1
Node 57 53 7.61577
Pkt 44 240 0.183333 1
Pkt 18 100 0.18 1
Node 44 66 17.088
Pkt 87 480 0.18125 1
Pkt 68 375 0.181333 1
Node 73 58 24.3516
Pkt 135 750 0.18 1
Pkt 144 800 0.18 1
Node 46 66 16.4924
Pkt 36 200 0.18 1
Pkt 18 100 0.18 1
Rate:361.351
==========
==========98
7 0 2 24000
Node 31 65 24.2074
Pkt 23 125 0.184 1
Pkt 44 240 0.183333 1
Node 66 53 16.2788
Pkt 58 320 0.18125 1
Pkt 54 300 0.18 1
Node 44 25 25.7099
Pkt 135 750 0.18 1
Pkt 144 800 0.18 1
Node 35 59 17.4929
Pkt 35 192 0.182292 1
Pkt 36 200 0.18 1
Node 52 44 6.32456
Pkt 54 300 0.18 1
Pkt 68 375 0.181333 1
Node 63 51 13.0384
Pkt 135 750 0.18 1
Pkt 135 750 0.18 1
Node 39 49 11.0454
Pkt 18 100 0.18 1
Pkt 29 160 0.18125 1
Rate:361.923
==========
==========99
