7 0 2 24000
Node 66 43 17.4642
Pkt 30 150 0.2 1
Pkt 30 150 0.2 1
Node 68 49 18.0278
Pkt 60 300 0.2 1
Pkt 64 320 0.2 1
Node 61 64 17.8045
Pkt 150 750 0.2 1
Pkt 160 800 0.2 1
Node 66 52 16.1245
Pkt 50 250 0.2 1
Pkt 20 100 0.2 1
Node 49 66 16.0312
Pkt 96 480 0.2 1
Pkt 80 400 0.2 1
Node 67 41 19.2354
Pkt 160 800 0.2 1
Pkt 160 800 0.2 1
Node 53 68 18.2483
Pkt 24 120 0.2 1
Pkt 25 125 0.2 1
Rate:400
==========
==========0
7 0 2 24000
Node 37 41 15.8114
Pkt 32 160 0.2 1
Pkt 20 100 0.2 1
Node 48 56 6.32456
Pkt 75 375 0.2 1
Pkt 75 375 0.2 1
Node 57 36 15.6525
Pkt 150 750 0.2 1
Pkt 150 750 0.2 1
Node 55 54 6.40312
Pkt 32 160 0.2 1
Pkt 20 100 0.2 1
Node 30 38 23.3238
Pkt 96 480 0.2 1
Pkt 64 320 0.2 1
Node 72 65 26.6271
Pkt 150 750 0.2 1
Pkt 150 750 0.2 1
Node 43 27 24.0416
Pkt 30 150 0.2 1
Pkt 32 160 0.2 1
Rate:400
==========
==========1
7 0 2 24000
Node 38 25 27.7308
Pkt 20 100 0.2 1
Pkt 32 160 0.2 1
Node 74 46 24.3311
Pkt 75 375 0.2 1
Pkt 75 375 0.2 1
Node 73 57 24.0416
Pkt 160 800 0.2 1
Pkt 160 800 0.2 1
Node 71 34 26.4008
Pkt 40 200 0.2 1
Pkt 32 160 0.2 1
Node 29 33 27.0185
Pkt 64 320 0.2 1
Pkt 64 320 0.2 1
Node 36 25 28.6531
Pkt 160 800 0.2 1
Pkt 150 750 0.2 1
Node 68 46 18.4391
Pkt 30 150 0.2 1
Pkt 24 120 0.2 1
Rate:400
==========
==========2
7 0 2 24000
Node 41 65 17.4929
Pkt 24 120 0.2 1
Pkt 50 250 0.2 1
Node 42 31 20.6155
Pkt 64 320 0.2 1
Pkt 64 320 0.2 1
Node 47 33 17.2627
Pkt 160 800 0.2 1
Pkt 160 800 0.2 1
Node 60 48 10.198
Pkt 39 192 0.203125 1
Pkt 20 100 0.2 1
Node 54 67 17.4642
Pkt 96 480 0.2 1
Pkt 75 375 0.2 1
Node 39 53 11.4018
Pkt 160 800 0.2 1
Pkt 150 750 0.2 1
Node 47 54 5
Pkt 48 240 0.2 1
Pkt 39 192 0.203125 1
Rate:400.893
==========
==========3
7 0 2 24000
Node 36 47 14.3178
Pkt 39 192 0.203125 1
Pkt 25 125 0.2 1
Node 49 41 9.05539
Pkt 80 400 0.2 1
Pkt 75 375 0.2 1
Node 28 41 23.7697
Pkt 160 800 0.2 1
Pkt 150 750 0.2 1
Node 35 57 16.5529
Pkt 25 125 0.2 1
Pkt 40 200 0.2 1
Node 43 72 23.0868
Pkt 60 300 0.2 1
Pkt 80 400 0.2 1
Node 73 37 26.4197
Pkt 150 750 0.2 1
Pkt 160 800 0.2 1
Node 62 70 23.3238
Pkt 30 150 0.2 1
Pkt 20 100 0.2 1
Rate:400.446
==========
==========4
7 0 2 24000
Node 42 57 10.6301
Pkt 50 250 0.2 1
Pkt 20 100 0.2 1
Node 74 51 24.0208
Pkt 64 320 0.2 1
Pkt 60 300 0.2 1
Node 28 63 25.5539
Pkt 150 750 0.2 1
Pkt 160 800 0.2 1
Node 73 29 31.1448
Pkt 24 120 0.2 1
Pkt 30 150 0.2 1
Node 46 44 7.2111
Pkt 60 300 0.2 1
Pkt 60 300 0.2 1
Node 70 35 25
Pkt 150 750 0.2 1
Pkt 160 800 0.2 1
Node 35 42 17
Pkt 48 240 0.2 1
Pkt 39 192 0.203125 1
Rate:400.446
==========
==========5
7 0 2 24000
Node 55 35 15.8114
Pkt 32 160 0.2 1
Pkt 25 125 0.2 1
Node 58 43 10.6301
Pkt 60 300 0.2 1
Pkt 80 400 0.2 1
Node 33 40 19.7231
Pkt 160 800 0.2 1
Pkt 160 800 0.2 1
Node 27 44 23.7697
Pkt 48 240 0.2 1
Pkt 30 150 0.2 1
Node 56 55 7.81025
Pkt 96 480 0.2 1
Pkt 96 480 0.2 1
Node 62 41 15
Pkt 160 800 0.2 1
Pkt 150 750 0.2 1
Node 53 44 6.7082
Pkt 48 240 0.2 1
Pkt 24 120 0.2 1
Rate:400
==========
==========6
7 0 2 24000
Node 57 31 20.2485
Pkt 50 250 0.2 1
Pkt 30 150 0.2 1
Node 74 40 26
Pkt 64 320 0.2 1
Pkt 96 480 0.2 1
Node 31 57 20.2485
Pkt 150 750 0.2 1
Pkt 150 750 0.2 1
Node 63 27 26.4197
Pkt 24 120 0.2 1
Pkt 48 240 0.2 1
Node 26 66 28.8444
Pkt 75 375 0.2 1
Pkt 64 320 0.2 1
Node 40 25 26.9258
Pkt 160 800 0.2 1
Pkt 160 800 0.2 1
Node 70 37 23.8537
Pkt 39 192 0.203125 1
Pkt 20 100 0.2 1
Rate:400.446
==========
==========7
7 0 2 24000
Node 30 46 20.3961
Pkt 39 192 0.203125 1
Pkt 24 120 0.2 1
Node 68 33 24.7588
Pkt 80 400 0.2 1
Pkt 60 300 0.2 1
Node 63 72 25.5539
Pkt 150 750 0.2 1
Pkt 160 800 0.2 1
Node 48 63 13.1529
Pkt 40 200 0.2 1
Pkt 40 200 0.2 1
Node 43 30 21.1896
Pkt 64 320 0.2 1
Pkt 60 300 0.2 1
Node 30 49 20.025
Pkt 160 800 0.2 1
Pkt 160 800 0.2 1
Node 67 43 18.3848
Pkt 32 160 0.2 1
Pkt 24 120 0.2 1
Rate:400.446
==========
==========8
7 0 2 24000
Node 38 34 20
Pkt 30 150 0.2 1
Pkt 39 192 0.203125 1
Node 60 71 23.2594
Pkt 80 400 0.2 1
Pkt 60 300 0.2 1
Node 64 62 18.4391
Pkt 160 800 0.2 1
Pkt 150 750 0.2 1
Node 42 61 13.6015
Pkt 20 100 0.2 1
Pkt 40 200 0.2 1
Node 68 70 26.9072
Pkt 60 300 0.2 1
Pkt 75 375 0.2 1
Node 30 63 23.8537
Pkt 150 750 0.2 1
Pkt 150 750 0.2 1
Node 57 25 25.9615
Pkt 32 160 0.2 1
Pkt 30 150 0.2 1
Rate:400.446
==========
==========9
7 0 2 24000
Node 70 59 21.9317
Pkt 40 200 0.2 1
Pkt 20 100 0.2 1
Node 60 27 25.0799
Pkt 60 300 0.2 1
Pkt 80 400 0.2 1
Node 67 59 19.2354
Pkt 160 800 0.2 1
Pkt 160 800 0.2 1
Node 31 63 23.0217
Pkt 32 160 0.2 1
Pkt 25 125 0.2 1
Node 69 51 19.0263
Pkt 75 375 0.2 1
Pkt 60 300 0.2 1
Node 55 31 19.6469
Pkt 150 750 0.2 1
Pkt 150 750 0.2 1
Node 47 69 19.2354
Pkt 30 150 0.2 1
Pkt 24 120 0.2 1
Rate:400
==========
==========10
7 0 2 24000
Node 60 71 23.2594
Pkt 30 150 0.2 1
Pkt 30 150 0.2 1
Node 54 53 5
Pkt 60 300 0.2 1
Pkt 96 480 0.2 1
Node 45 74 24.5153
Pkt 160 800 0.2 1
Pkt 150 750 0.2 1
Node 55 43 8.60233
Pkt 50 250 0.2 1
Pkt 24 120 0.2 1
Node 68 68 25.4558
Pkt 64 320 0.2 1
Pkt 60 300 0.2 1
Node 74 37 27.2947
Pkt 160 800 0.2 1
Pkt 160 800 0.2 1
Node 35 48 15.1327
Pkt 48 240 0.2 1
Pkt 20 100 0.2 1
Rate:400
==========
==========11
7 0 2 24000
Node 46 53 5
Pkt 30 150 0.2 1
Pkt 25 125 0.2 1
Node 72 55 22.561
Pkt 60 300 0.2 1
Pkt 60 300 0.2 1
Node 69 36 23.6008
Pkt 160 800 0.2 1
Pkt 160 800 0.2 1
Node 33 52 17.1172
Pkt 48 240 0.2 1
Pkt 40 200 0.2 1
Node 55 60 11.1803
Pkt 60 300 0.2 1
Pkt 75 375 0.2 1
Node 62 28 25.0599
Pkt 150 750 0.2 1
Pkt 160 800 0.2 1
Node 60 74 26
Pkt 50 250 0.2 1
Pkt 39 192 0.203125 1
Rate:400.446
==========
==========12
7 0 2 24000
Node 56 41 10.8167
Pkt 50 250 0.2 1
Pkt 25 125 0.2 1
Node 68 57 19.3132
Pkt 96 480 0.2 1
Pkt 60 300 0.2 1
Node 38 68 21.6333
Pkt 160 800 0.2 1
Pkt 150 750 0.2 1
Node 72 32 28.4253
Pkt 25 125 0.2 1
Pkt 30 150 0.2 1
Node 36 46 14.5602
Pkt 80 400 0.2 1
Pkt 64 320 0.2 1
Node 41 61 14.2127
Pkt 160 800 0.2 1
Pkt 160 800 0.2 1
Node 42 45 9.43398
Pkt 24 120 0.2 1
Pkt 20 100 0.2 1
Rate:400
==========
==========13
7 0 2 24000
Node 43 70 21.1896
Pkt 40 200 0.2 1
Pkt 50 250 0.2 1
Node 73 62 25.9422
Pkt 75 375 0.2 1
Pkt 96 480 0.2 1
Node 57 41 11.4018
Pkt 150 750 0.2 1
Pkt 150 750 0.2 1
Node 51 43 7.07107
Pkt 48 240 0.2 1
Pkt 20 100 0.2 1
Node 57 59 11.4018
Pkt 80 400 0.2 1
Pkt 60 300 0.2 1
Node 73 72 31.8277
Pkt 150 750 0.2 1
Pkt 150 750 0.2 1
Node 31 68 26.1725
Pkt 50 250 0.2 1
Pkt 32 160 0.2 1
Rate:400
==========
==========14
7 0 2 24000
Node 50 47 3
Pkt 24 120 0.2 1
Pkt 50 250 0.2 1
Node 50 48 2
Pkt 80 400 0.2 1
Pkt 64 320 0.2 1
Node 30 34 25.6125
Pkt 160 800 0.2 1
Pkt 160 800 0.2 1
Node 61 34 19.4165
Pkt 40 200 0.2 1
Pkt 32 160 0.2 1
Node 49 69 19.0263
Pkt 64 320 0.2 1
Pkt 60 300 0.2 1
Node 25 29 32.6497
Pkt 150 750 0.2 1
Pkt 150 750 0.2 1
Node 52 43 7.28011
Pkt 24 120 0.2 1
Pkt 40 200 0.2 1
Rate:400
==========
==========15
7 0 2 24000
Node 36 34 21.2603
Pkt 48 240 0.2 1
Pkt 25 125 0.2 1
Node 47 35 15.2971
Pkt 60 300 0.2 1
Pkt 60 300 0.2 1
Node 61 33 20.2485
Pkt 160 800 0.2 1
Pkt 150 750 0.2 1
Node 70 38 23.3238
Pkt 32 160 0.2 1
Pkt 24 120 0.2 1
Node 59 52 9.21954
Pkt 75 375 0.2 1
Pkt 96 480 0.2 1
Node 34 47 16.2788
Pkt 160 800 0.2 1
Pkt 160 800 0.2 1
Node 28 66 27.2029
Pkt 40 200 0.2 1
Pkt 39 192 0.203125 1
Rate:400.446
==========
==========16
7 0 2 24000
Node 63 70 23.8537
Pkt 32 160 0.2 1
Pkt 50 250 0.2 1
Node 40 73 25.0799
Pkt 75 375 0.2 1
Pkt 80 400 0.2 1
Node 73 42 24.3516
Pkt 160 800 0.2 1
Pkt 150 750 0.2 1
Node 29 56 21.8403
Pkt 20 100 0.2 1
Pkt 50 250 0.2 1
Node 69 57 20.2485
Pkt 80 400 0.2 1
Pkt 75 375 0.2 1
Node 58 60 12.8062
Pkt 150 750 0.2 1
Pkt 160 800 0.2 1
Node 62 44 13.4164
Pkt 24 120 0.2 1
Pkt 20 100 0.2 1
Rate:400
==========
==========17
7 0 2 24000
Node 57 55 8.60233
Pkt 25 125 0.2 1
Pkt 30 150 0.2 1
Node 71 27 31.1448
Pkt 75 375 0.2 1
Pkt 60 300 0.2 1
Node 67 55 17.72
Pkt 150 750 0.2 1
Pkt 160 800 0.2 1
Node 66 70 25.6125
Pkt 40 200 0.2 1
Pkt 40 200 0.2 1
Node 56 44 8.48528
Pkt 96 480 0.2 1
Pkt 75 375 0.2 1
Node 53 68 18.2483
Pkt 150 750 0.2 1
Pkt 150 750 0.2 1
Node 60 45 11.1803
Pkt 30 150 0.2 1
Pkt 48 240 0.2 1
Rate:400
==========
==========18
7 0 2 24000
Node 61 30 22.8254
Pkt 30 150 0.2 1
Pkt 24 120 0.2 1
Node 72 36 26.0768
Pkt 60 300 0.2 1
Pkt 60 300 0.2 1
Node 55 48 5.38516
Pkt 150 750 0.2 1
Pkt 160 800 0.2 1
Node 45 55 7.07107
Pkt 25 125 0.2 1
Pkt 39 192 0.203125 1
Node 50 43 7
Pkt 96 480 0.2 1
Pkt 60 300 0.2 1
Node 47 40 10.4403
Pkt 150 750 0.2 1
Pkt 150 750 0.2 1
Node 72 62 25.0599
Pkt 30 150 0.2 1
Pkt 32 160 0.2 1
Rate:400.446
==========
==========19
7 0 2 24000
Node 51 29 21.0238
Pkt 20 100 0.2 1
Pkt 20 100 0.2 1
Node 41 27 24.6982
Pkt 75 375 0.2 1
Pkt 75 375 0.2 1
Node 41 47 9.48683
Pkt 160 800 0.2 1
Pkt 160 800 0.2 1
Node 72 72 31.1127
Pkt 25 125 0.2 1
Pkt 25 125 0.2 1
Node 31 37 23.0217
Pkt 60 300 0.2 1
Pkt 96 480 0.2 1
Node 71 64 25.2389
Pkt 160 800 0.2 1
Pkt 150 750 0.2 1
Node 55 49 5.09902
Pkt 32 160 0.2 1
Pkt 24 120 0.2 1
Rate:400
==========
==========20
7 0 2 24000
Node 57 41 11.4018
Pkt 20 100 0.2 1
Pkt 50 250 0.2 1
Node 39 57 13.0384
Pkt 75 375 0.2 1
Pkt 80 400 0.2 1
Node 53 60 10.4403
Pkt 160 800 0.2 1
Pkt 160 800 0.2 1
Node 57 37 14.7648
Pkt 24 120 0.2 1
Pkt 24 120 0.2 1
Node 57 33 18.3848
Pkt 96 480 0.2 1
Pkt 75 375 0.2 1
Node 73 71 31.1448
Pkt 160 800 0.2 1
Pkt 160 800 0.2 1
Node 43 68 19.3132
Pkt 50 250 0.2 1
Pkt 39 192 0.203125 1
Rate:400.446
==========
==========21
7 0 2 24000
Node 42 31 20.6155
Pkt 40 200 0.2 1
Pkt 48 240 0.2 1
Node 27 42 24.3516
Pkt 96 480 0.2 1
Pkt 96 480 0.2 1
Node 54 36 14.5602
Pkt 150 750 0.2 1
Pkt 160 800 0.2 1
Node 70 56 20.8806
Pkt 32 160 0.2 1
Pkt 30 150 0.2 1
Node 70 30 28.2843
Pkt 64 320 0.2 1
Pkt 64 320 0.2 1
Node 53 37 13.3417
Pkt 150 750 0.2 1
Pkt 150 750 0.2 1
Node 42 37 15.2643
Pkt 25 125 0.2 1
Pkt 39 192 0.203125 1
Rate:400.446
==========
==========22
7 0 2 24000
Node 27 40 25.0799
Pkt 50 250 0.2 1
Pkt 30 150 0.2 1
Node 66 33 23.3452
Pkt 80 400 0.2 1
Pkt 60 300 0.2 1
Node 55 37 13.9284
Pkt 150 750 0.2 1
Pkt 150 750 0.2 1
Node 61 33 20.2485
Pkt 39 192 0.203125 1
Pkt 25 125 0.2 1
Node 70 33 26.2488
Pkt 96 480 0.2 1
Pkt 60 300 0.2 1
Node 40 30 22.3607
Pkt 150 750 0.2 1
Pkt 160 800 0.2 1
Node 42 39 13.6015
Pkt 50 250 0.2 1
Pkt 39 192 0.203125 1
Rate:400.893
==========
==========23
7 0 2 24000
Node 52 69 19.105
Pkt 32 160 0.2 1
Pkt 24 120 0.2 1
Node 61 63 17.0294
Pkt 60 300 0.2 1
Pkt 64 320 0.2 1
Node 61 42 13.6015
Pkt 160 800 0.2 1
Pkt 160 800 0.2 1
Node 63 71 24.6982
Pkt 48 240 0.2 1
Pkt 39 192 0.203125 1
Node 69 52 19.105
Pkt 96 480 0.2 1
Pkt 75 375 0.2 1
Node 42 65 17
Pkt 160 800 0.2 1
Pkt 150 750 0.2 1
Node 44 62 13.4164
Pkt 20 100 0.2 1
Pkt 20 100 0.2 1
Rate:400.446
==========
==========24
7 0 2 24000
Node 25 28 33.3017
Pkt 40 200 0.2 1
Pkt 32 160 0.2 1
Node 73 66 28.0179
Pkt 96 480 0.2 1
Pkt 64 320 0.2 1
Node 55 38 13
Pkt 160 800 0.2 1
Pkt 150 750 0.2 1
Node 28 64 26.0768
Pkt 39 192 0.203125 1
Pkt 24 120 0.2 1
Node 45 27 23.5372
Pkt 64 320 0.2 1
Pkt 64 320 0.2 1
Node 33 64 22.0227
Pkt 150 750 0.2 1
Pkt 160 800 0.2 1
Node 60 73 25.0799
Pkt 40 200 0.2 1
Pkt 32 160 0.2 1
Rate:400.446
==========
==========25
7 0 2 24000
Node 64 57 15.6525
Pkt 30 150 0.2 1
Pkt 24 120 0.2 1
Node 30 31 27.5862
Pkt 64 320 0.2 1
Pkt 64 320 0.2 1
Node 27 42 24.3516
Pkt 160 800 0.2 1
Pkt 150 750 0.2 1
Node 41 55 10.2956
Pkt 39 192 0.203125 1
Pkt 30 150 0.2 1
Node 62 46 12.6491
Pkt 75 375 0.2 1
Pkt 80 400 0.2 1
Node 58 60 12.8062
Pkt 150 750 0.2 1
Pkt 160 800 0.2 1
Node 63 66 20.6155
Pkt 48 240 0.2 1
Pkt 40 200 0.2 1
Rate:400.446
==========
==========26
7 0 2 24000
Node 62 74 26.8328
Pkt 32 160 0.2 1
Pkt 25 125 0.2 1
Node 63 52 13.1529
Pkt 64 320 0.2 1
Pkt 75 375 0.2 1
Node 27 74 33.2415
Pkt 150 750 0.2 1
Pkt 150 750 0.2 1
Node 48 74 24.0832
Pkt 25 125 0.2 1
Pkt 40 200 0.2 1
Node 37 27 26.4197
Pkt 64 320 0.2 1
Pkt 96 480 0.2 1
Node 33 40 19.7231
Pkt 150 750 0.2 1
Pkt 160 800 0.2 1
Node 49 71 21.0238
Pkt 32 160 0.2 1
Pkt 39 192 0.203125 1
Rate:400.446
==========
==========27
7 0 2 24000
Node 61 64 17.8045
Pkt 32 160 0.2 1
Pkt 30 150 0.2 1
Node 71 43 22.1359
Pkt 96 480 0.2 1
Pkt 75 375 0.2 1
Node 31 61 21.9545
Pkt 160 800 0.2 1
Pkt 150 750 0.2 1
Node 57 74 25
Pkt 24 120 0.2 1
Pkt 25 125 0.2 1
Node 27 27 32.5269
Pkt 80 400 0.2 1
Pkt 60 300 0.2 1
Node 61 42 13.6015
Pkt 150 750 0.2 1
Pkt 150 750 0.2 1
Node 49 53 3.16228
Pkt 50 250 0.2 1
Pkt 24 120 0.2 1
Rate:400
==========
==========28
7 0 2 24000
Node 38 36 18.4391
Pkt 39 192 0.203125 1
Pkt 39 192 0.203125 1
Node 32 40 20.5913
Pkt 96 480 0.2 1
Pkt 75 375 0.2 1
Node 36 61 17.8045
Pkt 150 750 0.2 1
Pkt 150 750 0.2 1
Node 53 66 16.2788
Pkt 25 125 0.2 1
Pkt 24 120 0.2 1
Node 73 55 23.5372
Pkt 80 400 0.2 1
Pkt 80 400 0.2 1
Node 49 63 13.0384
Pkt 150 750 0.2 1
Pkt 160 800 0.2 1
Node 45 46 6.40312
Pkt 48 240 0.2 1
Pkt 50 250 0.2 1
Rate:400.893
==========
==========29
7 0 2 24000
Node 48 51 2.23607
Pkt 24 120 0.2 1
Pkt 48 240 0.2 1
Node 62 67 20.8087
Pkt 80 400 0.2 1
Pkt 96 480 0.2 1
Node 32 54 18.4391
Pkt 150 750 0.2 1
Pkt 150 750 0.2 1
Node 61 57 13.0384
Pkt 20 100 0.2 1
Pkt 40 200 0.2 1
Node 38 42 14.4222
Pkt 80 400 0.2 1
Pkt 75 375 0.2 1
Node 47 39 11.4018
Pkt 160 800 0.2 1
Pkt 160 800 0.2 1
Node 52 56 6.32456
Pkt 32 160 0.2 1
Pkt 30 150 0.2 1
Rate:400
==========
==========30
7 0 2 24000
Node 49 39 11.0454
Pkt 32 160 0.2 1
Pkt 24 120 0.2 1
Node 58 30 21.5407
Pkt 80 400 0.2 1
Pkt 80 400 0.2 1
Node 63 26 27.2947
Pkt 160 800 0.2 1
Pkt 150 750 0.2 1
Node 39 62 16.2788
Pkt 50 250 0.2 1
Pkt 32 160 0.2 1
Node 37 69 23.0217
Pkt 64 320 0.2 1
Pkt 60 300 0.2 1
Node 48 57 7.28011
Pkt 150 750 0.2 1
Pkt 160 800 0.2 1
Node 31 71 28.3196
Pkt 25 125 0.2 1
Pkt 48 240 0.2 1
Rate:400
==========
==========31
7 0 2 24000
Node 64 69 23.6008
Pkt 30 150 0.2 1
Pkt 30 150 0.2 1
Node 31 26 30.6105
Pkt 75 375 0.2 1
Pkt 96 480 0.2 1
Node 42 55 9.43398
Pkt 150 750 0.2 1
Pkt 150 750 0.2 1
Node 74 56 24.7386
Pkt 40 200 0.2 1
Pkt 40 200 0.2 1
Node 40 61 14.8661
Pkt 80 400 0.2 1
Pkt 80 400 0.2 1
Node 55 28 22.561
Pkt 160 800 0.2 1
Pkt 150 750 0.2 1
Node 60 67 19.7231
Pkt 48 240 0.2 1
Pkt 50 250 0.2 1
Rate:400
==========
==========32
7 0 2 24000
Node 63 64 19.105
Pkt 25 125 0.2 1
Pkt 30 150 0.2 1
Node 50 30 20
Pkt 60 300 0.2 1
Pkt 80 400 0.2 1
Node 56 55 7.81025
Pkt 160 800 0.2 1
Pkt 160 800 0.2 1
Node 55 70 20.6155
Pkt 32 160 0.2 1
Pkt 32 160 0.2 1
Node 26 48 24.0832
Pkt 96 480 0.2 1
Pkt 64 320 0.2 1
Node 29 64 25.2389
Pkt 150 750 0.2 1
Pkt 160 800 0.2 1
Node 34 60 18.868
Pkt 40 200 0.2 1
Pkt 20 100 0.2 1
Rate:400
==========
==========33
7 0 2 24000
Node 62 42 14.4222
Pkt 40 200 0.2 1
Pkt 50 250 0.2 1
Node 56 65 16.1555
Pkt 80 400 0.2 1
Pkt 60 300 0.2 1
Node 58 73 24.3516
Pkt 160 800 0.2 1
Pkt 150 750 0.2 1
Node 30 46 20.3961
Pkt 25 125 0.2 1
Pkt 50 250 0.2 1
Node 72 47 22.2036
Pkt 75 375 0.2 1
Pkt 75 375 0.2 1
Node 34 48 16.1245
Pkt 160 800 0.2 1
Pkt 160 800 0.2 1
Node 27 50 23
Pkt 50 250 0.2 1
Pkt 50 250 0.2 1
Rate:400
==========
==========34
7 0 2 24000
Node 25 57 25.9615
Pkt 32 160 0.2 1
Pkt 20 100 0.2 1
Node 50 67 17
Pkt 80 400 0.2 1
Pkt 64 320 0.2 1
Node 38 41 15
Pkt 150 750 0.2 1
Pkt 160 800 0.2 1
Node 69 26 30.6105
Pkt 39 192 0.203125 1
Pkt 20 100 0.2 1
Node 32 32 25.4558
Pkt 96 480 0.2 1
Pkt 96 480 0.2 1
Node 66 70 25.6125
Pkt 160 800 0.2 1
Pkt 150 750 0.2 1
Node 59 34 18.3576
Pkt 39 192 0.203125 1
Pkt 32 160 0.2 1
Rate:400.893
==========
==========35
7 0 2 24000
Node 58 37 15.2643
Pkt 48 240 0.2 1
Pkt 39 192 0.203125 1
Node 39 39 15.5563
Pkt 60 300 0.2 1
Pkt 75 375 0.2 1
Node 43 60 12.2066
Pkt 150 750 0.2 1
Pkt 160 800 0.2 1
Node 30 45 20.6155
Pkt 40 200 0.2 1
Pkt 40 200 0.2 1
Node 28 64 26.0768
Pkt 60 300 0.2 1
Pkt 60 300 0.2 1
Node 46 49 4.12311
Pkt 150 750 0.2 1
Pkt 150 750 0.2 1
Node 59 37 15.8114
Pkt 30 150 0.2 1
Pkt 24 120 0.2 1
Rate:400.446
==========
==========36
7 0 2 24000
Node 49 59 9.05539
Pkt 30 150 0.2 1
Pkt 20 100 0.2 1
Node 28 67 27.8029
Pkt 96 480 0.2 1
Pkt 64 320 0.2 1
Node 53 37 13.3417
Pkt 150 750 0.2 1
Pkt 150 750 0.2 1
Node 69 32 26.1725
Pkt 24 120 0.2 1
Pkt 24 120 0.2 1
Node 63 72 25.5539
Pkt 96 480 0.2 1
Pkt 60 300 0.2 1
Node 41 67 19.2354
Pkt 160 800 0.2 1
Pkt 150 750 0.2 1
Node 65 61 18.6011
Pkt 25 125 0.2 1
Pkt 50 250 0.2 1
Rate:400
==========
==========37
7 0 2 24000
Node 43 56 9.21954
Pkt 39 192 0.203125 1
Pkt 40 200 0.2 1
Node 46 52 4.47214
Pkt 80 400 0.2 1
Pkt 60 300 0.2 1
Node 56 68 18.9737
Pkt 150 750 0.2 1
Pkt 150 750 0.2 1
Node 27 31 29.8329
Pkt 25 125 0.2 1
Pkt 30 150 0.2 1
Node 25 64 28.6531
Pkt 80 400 0.2 1
Pkt 96 480 0.2 1
Node 42 54 8.94427
Pkt 150 750 0.2 1
Pkt 150 750 0.2 1
Node 69 37 23.0217
Pkt 20 100 0.2 1
Pkt 32 160 0.2 1
Rate:400.446
==========
==========38
7 0 2 24000
Node 33 46 17.4642
Pkt 24 120 0.2 1
Pkt 24 120 0.2 1
Node 60 64 17.2047
Pkt 75 375 0.2 1
Pkt 80 400 0.2 1
Node 30 27 30.4795
Pkt 160 800 0.2 1
Pkt 160 800 0.2 1
Node 47 72 22.2036
Pkt 24 120 0.2 1
Pkt 48 240 0.2 1
Node 25 57 25.9615
Pkt 60 300 0.2 1
Pkt 75 375 0.2 1
Node 70 64 24.4131
Pkt 150 750 0.2 1
Pkt 160 800 0.2 1
Node 71 70 29
Pkt 30 150 0.2 1
Pkt 48 240 0.2 1
Rate:400
==========
==========39
7 0 2 24000
Node 62 67 20.8087
Pkt 30 150 0.2 1
Pkt 40 200 0.2 1
Node 27 59 24.6982
Pkt 60 300 0.2 1
Pkt 64 320 0.2 1
Node 62 45 13
Pkt 160 800 0.2 1
Pkt 150 750 0.2 1
Node 32 73 29.2062
Pkt 32 160 0.2 1
Pkt 39 192 0.203125 1
Node 45 50 5
Pkt 80 400 0.2 1
Pkt 96 480 0.2 1
Node 60 48 10.198
Pkt 160 800 0.2 1
Pkt 160 800 0.2 1
Node 38 56 13.4164
Pkt 24 120 0.2 1
Pkt 25 125 0.2 1
Rate:400.446
==========
==========40
7 0 2 24000
Node 72 49 22.0227
Pkt 39 192 0.203125 1
Pkt 39 192 0.203125 1
Node 47 61 11.4018
Pkt 60 300 0.2 1
Pkt 64 320 0.2 1
Node 38 59 15
Pkt 160 800 0.2 1
Pkt 150 750 0.2 1
Node 39 55 12.083
Pkt 24 120 0.2 1
Pkt 20 100 0.2 1
Node 46 53 5
Pkt 75 375 0.2 1
Pkt 64 320 0.2 1
Node 69 47 19.2354
Pkt 150 750 0.2 1
Pkt 160 800 0.2 1
Node 60 25 26.9258
Pkt 32 160 0.2 1
Pkt 39 192 0.203125 1
Rate:401.339
==========
==========41
7 0 2 24000
Node 33 57 18.3848
Pkt 24 120 0.2 1
Pkt 30 150 0.2 1
Node 67 67 24.0416
Pkt 96 480 0.2 1
Pkt 75 375 0.2 1
Node 65 46 15.5242
Pkt 160 800 0.2 1
Pkt 150 750 0.2 1
Node 35 73 27.4591
Pkt 48 240 0.2 1
Pkt 39 192 0.203125 1
Node 34 56 17.088
Pkt 64 320 0.2 1
Pkt 64 320 0.2 1
Node 52 26 24.0832
Pkt 150 750 0.2 1
Pkt 160 800 0.2 1
Node 37 42 15.2643
Pkt 40 200 0.2 1
Pkt 25 125 0.2 1
Rate:400.446
==========
==========42
7 0 2 24000
Node 56 31 19.9249
Pkt 32 160 0.2 1
Pkt 40 200 0.2 1
Node 30 52 20.0998
Pkt 60 300 0.2 1
Pkt 60 300 0.2 1
Node 74 73 33.2415
Pkt 160 800 0.2 1
Pkt 150 750 0.2 1
Node 25 34 29.6816
Pkt 20 100 0.2 1
Pkt 32 160 0.2 1
Node 32 52 18.1108
Pkt 75 375 0.2 1
Pkt 64 320 0.2 1
Node 63 58 15.2643
Pkt 160 800 0.2 1
Pkt 150 750 0.2 1
Node 34 48 16.1245
Pkt 50 250 0.2 1
Pkt 40 200 0.2 1
Rate:400
==========
==========43
7 0 2 24000
Node 64 60 17.2047
Pkt 20 100 0.2 1
Pkt 40 200 0.2 1
Node 59 40 13.4536
Pkt 75 375 0.2 1
Pkt 96 480 0.2 1
Node 65 25 29.1548
Pkt 160 800 0.2 1
Pkt 160 800 0.2 1
Node 67 65 22.6716
Pkt 20 100 0.2 1
Pkt 30 150 0.2 1
Node 52 37 13.1529
Pkt 75 375 0.2 1
Pkt 64 320 0.2 1
Node 66 40 18.868
Pkt 150 750 0.2 1
Pkt 160 800 0.2 1
Node 58 57 10.6301
Pkt 24 120 0.2 1
Pkt 48 240 0.2 1
Rate:400
==========
==========44
7 0 2 24000
Node 60 67 19.7231
Pkt 50 250 0.2 1
Pkt 32 160 0.2 1
Node 39 32 21.095
Pkt 96 480 0.2 1
Pkt 64 320 0.2 1
Node 43 26 25
Pkt 160 800 0.2 1
Pkt 160 800 0.2 1
Node 39 66 19.4165
Pkt 25 125 0.2 1
Pkt 48 240 0.2 1
Node 41 69 21.0238
Pkt 96 480 0.2 1
Pkt 96 480 0.2 1
Node 74 61 26.4008
Pkt 150 750 0.2 1
Pkt 160 800 0.2 1
Node 48 61 11.1803
Pkt 39 192 0.203125 1
Pkt 40 200 0.2 1
Rate:400.446
==========
==========45
7 0 2 24000
Node 26 33 29.4109
Pkt 48 240 0.2 1
Pkt 50 250 0.2 1
Node 40 25 26.9258
Pkt 64 320 0.2 1
Pkt 64 320 0.2 1
Node 74 56 24.7386
Pkt 150 750 0.2 1
Pkt 150 750 0.2 1
Node 42 31 20.6155
Pkt 20 100 0.2 1
Pkt 50 250 0.2 1
Node 58 68 19.6977
Pkt 64 320 0.2 1
Pkt 60 300 0.2 1
Node 71 73 31.1448
Pkt 160 800 0.2 1
Pkt 150 750 0.2 1
Node 41 51 9.05539
Pkt 48 240 0.2 1
Pkt 40 200 0.2 1
Rate:400
==========
==========46
7 0 2 24000
Node 35 63 19.8494
Pkt 25 125 0.2 1
Pkt 39 192 0.203125 1
Node 67 63 21.4009
Pkt 80 400 0.2 1
Pkt 60 300 0.2 1
Node 35 57 16.5529
Pkt 160 800 0.2 1
Pkt 160 800 0.2 1
Node 70 65 25
Pkt 20 100 0.2 1
Pkt 20 100 0.2 1
Node 30 35 25
Pkt 60 300 0.2 1
Pkt 96 480 0.2 1
Node 52 35 15.1327
Pkt 160 800 0.2 1
Pkt 150 750 0.2 1
Node 66 48 16.1245
Pkt 20 100 0.2 1
Pkt 24 120 0.2 1
Rate:400.446
==========
==========47
7 0 2 24000
Node 52 72 22.0907
Pkt 20 100 0.2 1
Pkt 24 120 0.2 1
Node 41 72 23.7697
Pkt 96 480 0.2 1
Pkt 60 300 0.2 1
Node 62 70 23.3238
Pkt 150 750 0.2 1
Pkt 150 750 0.2 1
Node 62 30 23.3238
Pkt 39 192 0.203125 1
Pkt 32 160 0.2 1
Node 73 29 31.1448
Pkt 60 300 0.2 1
Pkt 80 400 0.2 1
Node 61 50 11
Pkt 160 800 0.2 1
Pkt 150 750 0.2 1
Node 57 36 15.6525
Pkt 24 120 0.2 1
Pkt 39 192 0.203125 1
Rate:400.893
==========
==========48
7 0 2 24000
Node 72 52 22.0907
Pkt 30 150 0.2 1
Pkt 32 160 0.2 1
Node 62 72 25.0599
Pkt 96 480 0.2 1
Pkt 60 300 0.2 1
Node 27 38 25.9422
Pkt 150 750 0.2 1
Pkt 160 800 0.2 1
Node 69 51 19.0263
Pkt 20 100 0.2 1
Pkt 40 200 0.2 1
Node 48 55 5.38516
Pkt 60 300 0.2 1
Pkt 60 300 0.2 1
Node 51 55 5.09902
Pkt 150 750 0.2 1
Pkt 150 750 0.2 1
Node 74 40 26
Pkt 25 125 0.2 1
Pkt 25 125 0.2 1
Rate:400
==========
==========49
7 0 2 24000
Node 59 35 17.4929
Pkt 39 192 0.203125 1
Pkt 30 150 0.2 1
Node 33 50 17
Pkt 96 480 0.2 1
Pkt 75 375 0.2 1
Node 41 63 15.8114
Pkt 150 750 0.2 1
Pkt 160 800 0.2 1
Node 52 67 17.1172
Pkt 50 250 0.2 1
Pkt 39 192 0.203125 1
Node 66 63 20.6155
Pkt 60 300 0.2 1
Pkt 60 300 0.2 1
Node 70 50 20
Pkt 160 800 0.2 1
Pkt 160 800 0.2 1
Node 36 25 28.6531
Pkt 20 100 0.2 1
Pkt 39 192 0.203125 1
Rate:401.339
==========
==========50
7 0 2 24000
Node 51 63 13.0384
Pkt 30 150 0.2 1
Pkt 48 240 0.2 1
Node 28 70 29.7321
Pkt 80 400 0.2 1
Pkt 80 400 0.2 1
Node 44 54 7.2111
Pkt 160 800 0.2 1
Pkt 150 750 0.2 1
Node 58 74 25.2982
Pkt 20 100 0.2 1
Pkt 30 150 0.2 1
Node 35 49 15.0333
Pkt 60 300 0.2 1
Pkt 60 300 0.2 1
Node 60 48 10.198
Pkt 160 800 0.2 1
Pkt 160 800 0.2 1
Node 25 61 27.313
Pkt 48 240 0.2 1
Pkt 24 120 0.2 1
Rate:400
==========
==========51
7 0 2 24000
Node 58 47 8.544
Pkt 20 100 0.2 1
Pkt 39 192 0.203125 1
Node 44 60 11.6619
Pkt 60 300 0.2 1
Pkt 96 480 0.2 1
Node 38 55 13
Pkt 150 750 0.2 1
Pkt 150 750 0.2 1
Node 66 53 16.2788
Pkt 40 200 0.2 1
Pkt 30 150 0.2 1
Node 27 35 27.4591
Pkt 80 400 0.2 1
Pkt 96 480 0.2 1
Node 42 29 22.4722
Pkt 150 750 0.2 1
Pkt 160 800 0.2 1
Node 51 71 21.0238
Pkt 40 200 0.2 1
Pkt 20 100 0.2 1
Rate:400.446
==========
==========52
7 0 2 24000
Node 43 36 15.6525
Pkt 39 192 0.203125 1
Pkt 20 100 0.2 1
Node 41 35 17.4929
Pkt 80 400 0.2 1
Pkt 80 400 0.2 1
Node 25 71 32.6497
Pkt 150 750 0.2 1
Pkt 150 750 0.2 1
Node 46 53 5
Pkt 25 125 0.2 1
Pkt 32 160 0.2 1
Node 40 30 22.3607
Pkt 75 375 0.2 1
Pkt 60 300 0.2 1
Node 36 42 16.1245
Pkt 160 800 0.2 1
Pkt 160 800 0.2 1
Node 32 64 22.8035
Pkt 30 150 0.2 1
Pkt 40 200 0.2 1
Rate:400.446
==========
==========53
7 0 2 24000
Node 26 39 26.4008
Pkt 48 240 0.2 1
Pkt 30 150 0.2 1
Node 74 33 29.4109
Pkt 96 480 0.2 1
Pkt 80 400 0.2 1
Node 50 57 7
Pkt 160 800 0.2 1
Pkt 150 750 0.2 1
Node 26 37 27.2947
Pkt 24 120 0.2 1
Pkt 50 250 0.2 1
Node 66 29 26.4008
Pkt 75 375 0.2 1
Pkt 64 320 0.2 1
Node 72 65 26.6271
Pkt 160 800 0.2 1
Pkt 160 800 0.2 1
Node 55 37 13.9284
Pkt 20 100 0.2 1
Pkt 24 120 0.2 1
Rate:400
==========
==========54
7 0 2 24000
Node 58 54 8.94427
Pkt 30 150 0.2 1
Pkt 32 160 0.2 1
Node 34 27 28.0179
Pkt 64 320 0.2 1
Pkt 64 320 0.2 1
Node 41 54 9.84886
Pkt 160 800 0.2 1
Pkt 160 800 0.2 1
Node 53 73 23.1948
Pkt 20 100 0.2 1
Pkt 39 192 0.203125 1
Node 51 63 13.0384
Pkt 96 480 0.2 1
Pkt 80 400 0.2 1
Node 55 61 12.083
Pkt 160 800 0.2 1
Pkt 160 800 0.2 1
Node 70 52 20.0998
Pkt 20 100 0.2 1
Pkt 48 240 0.2 1
Rate:400.446
==========
==========55
7 0 2 24000
Node 63 51 13.0384
Pkt 39 192 0.203125 1
Pkt 39 192 0.203125 1
Node 65 57 16.5529
Pkt 75 375 0.2 1
Pkt 75 375 0.2 1
Node 73 27 32.5269
Pkt 160 800 0.2 1
Pkt 160 800 0.2 1
Node 69 32 26.1725
Pkt 39 192 0.203125 1
Pkt 24 120 0.2 1
Node 40 30 22.3607
Pkt 80 400 0.2 1
Pkt 80 400 0.2 1
Node 34 54 16.4924
Pkt 150 750 0.2 1
Pkt 150 750 0.2 1
Node 25 41 26.5707
Pkt 32 160 0.2 1
Pkt 50 250 0.2 1
Rate:401.339
==========
==========56
7 0 2 24000
Node 71 32 27.6586
Pkt 32 160 0.2 1
Pkt 50 250 0.2 1
Node 73 41 24.6982
Pkt 96 480 0.2 1
Pkt 64 320 0.2 1
Node 46 27 23.3452
Pkt 160 800 0.2 1
Pkt 160 800 0.2 1
Node 70 38 23.3238
Pkt 24 120 0.2 1
Pkt 50 250 0.2 1
Node 28 44 22.8035
Pkt 96 480 0.2 1
Pkt 64 320 0.2 1
Node 48 41 9.21954
Pkt 150 750 0.2 1
Pkt 160 800 0.2 1
Node 59 73 24.6982
Pkt 50 250 0.2 1
Pkt 50 250 0.2 1
Rate:400
==========
==========57
7 0 2 24000
Node 63 66 20.6155
Pkt 24 120 0.2 1
Pkt 20 100 0.2 1
Node 40 39 14.8661
Pkt 64 320 0.2 1
Pkt 75 375 0.2 1
Node 73 69 29.8329
Pkt 150 750 0.2 1
Pkt 160 800 0.2 1
Node 51 43 7.07107
Pkt 24 120 0.2 1
Pkt 48 240 0.2 1
Node 53 50 3
Pkt 75 375 0.2 1
Pkt 80 400 0.2 1
Node 74 26 33.9411
Pkt 160 800 0.2 1
Pkt 150 750 0.2 1
Node 31 50 19
Pkt 32 160 0.2 1
Pkt 48 240 0.2 1
Rate:400
==========
==========58
7 0 2 24000
Node 67 34 23.3452
Pkt 39 192 0.203125 1
Pkt 40 200 0.2 1
Node 63 50 13
Pkt 75 375 0.2 1
Pkt 75 375 0.2 1
Node 47 55 5.83095
Pkt 160 800 0.2 1
Pkt 160 800 0.2 1
Node 36 43 15.6525
Pkt 20 100 0.2 1
Pkt 25 125 0.2 1
Node 51 30 20.025
Pkt 64 320 0.2 1
Pkt 60 300 0.2 1
Node 29 48 21.095
Pkt 150 750 0.2 1
Pkt 150 750 0.2 1
Node 33 33 24.0416
Pkt 25 125 0.2 1
Pkt 24 120 0.2 1
Rate:400.446
==========
==========59
7 0 2 24000
Node 27 65 27.4591
Pkt 32 160 0.2 1
Pkt 25 125 0.2 1
Node 69 74 30.6105
Pkt 64 320 0.2 1
Pkt 80 400 0.2 1
Node 60 70 22.3607
Pkt 150 750 0.2 1
Pkt 160 800 0.2 1
Node 48 39 11.1803
Pkt 25 125 0.2 1
Pkt 50 250 0.2 1
Node 51 25 25.02
Pkt 75 375 0.2 1
Pkt 64 320 0.2 1
Node 62 38 16.9706
Pkt 160 800 0.2 1
Pkt 150 750 0.2 1
Node 62 31 22.4722
Pkt 20 100 0.2 1
Pkt 32 160 0.2 1
Rate:400
==========
==========60
7 0 2 24000
Node 38 71 24.1868
Pkt 32 160 0.2 1
Pkt 24 120 0.2 1
Node 33 25 30.2324
Pkt 75 375 0.2 1
Pkt 96 480 0.2 1
Node 60 49 10.0499
Pkt 150 750 0.2 1
Pkt 150 750 0.2 1
Node 69 61 21.9545
Pkt 25 125 0.2 1
Pkt 24 120 0.2 1
Node 64 38 18.4391
Pkt 80 400 0.2 1
Pkt 64 320 0.2 1
Node 61 36 17.8045
Pkt 150 750 0.2 1
Pkt 150 750 0.2 1
Node 45 59 10.2956
Pkt 40 200 0.2 1
Pkt 30 150 0.2 1
Rate:400
==========
==========61
7 0 2 24000
Node 39 35 18.6011
Pkt 25 125 0.2 1
Pkt 48 240 0.2 1
Node 74 36 27.7849
Pkt 60 300 0.2 1
Pkt 60 300 0.2 1
Node 70 33 26.2488
Pkt 150 750 0.2 1
Pkt 150 750 0.2 1
Node 37 55 13.9284
Pkt 24 120 0.2 1
Pkt 50 250 0.2 1
Node 70 26 31.241
Pkt 75 375 0.2 1
Pkt 80 400 0.2 1
Node 48 39 11.1803
Pkt 160 800 0.2 1
Pkt 150 750 0.2 1
Node 68 32 25.4558
Pkt 30 150 0.2 1
Pkt 40 200 0.2 1
Rate:400
==========
==========62
7 0 2 24000
Node 46 44 7.2111
Pkt 50 250 0.2 1
Pkt 25 125 0.2 1
Node 43 38 13.8924
Pkt 60 300 0.2 1
Pkt 80 400 0.2 1
Node 69 56 19.9249
Pkt 160 800 0.2 1
Pkt 150 750 0.2 1
Node 40 46 10.7703
Pkt 40 200 0.2 1
Pkt 40 200 0.2 1
Node 65 54 15.5242
Pkt 75 375 0.2 1
Pkt 64 320 0.2 1
Node 30 27 30.4795
Pkt 160 800 0.2 1
Pkt 160 800 0.2 1
Node 57 40 12.2066
Pkt 48 240 0.2 1
Pkt 50 250 0.2 1
Rate:400
==========
==========63
7 0 2 24000
Node 39 61 15.5563
Pkt 48 240 0.2 1
Pkt 39 192 0.203125 1
Node 40 34 18.868
Pkt 64 320 0.2 1
Pkt 75 375 0.2 1
Node 74 54 24.3311
Pkt 150 750 0.2 1
Pkt 150 750 0.2 1
Node 37 58 15.2643
Pkt 40 200 0.2 1
Pkt 20 100 0.2 1
Node 35 31 24.2074
Pkt 80 400 0.2 1
Pkt 75 375 0.2 1
Node 48 68 18.1108
Pkt 160 800 0.2 1
Pkt 150 750 0.2 1
Node 66 43 17.4642
Pkt 25 125 0.2 1
Pkt 39 192 0.203125 1
Rate:400.893
==========
==========64
7 0 2 24000
Node 49 27 23.0217
Pkt 39 192 0.203125 1
Pkt 32 160 0.2 1
Node 43 55 8.60233
Pkt 60 300 0.2 1
Pkt 96 480 0.2 1
Node 59 30 21.9317
Pkt 150 750 0.2 1
Pkt 150 750 0.2 1
Node 29 53 21.2132
Pkt 24 120 0.2 1
Pkt 50 250 0.2 1
Node 45 60 11.1803
Pkt 80 400 0.2 1
Pkt 64 320 0.2 1
Node 59 50 9
Pkt 150 750 0.2 1
Pkt 150 750 0.2 1
Node 34 39 19.4165
Pkt 32 160 0.2 1
Pkt 39 192 0.203125 1
Rate:400.893
==========
==========65
7 0 2 24000
Node 62 60 15.6205
Pkt 50 250 0.2 1
Pkt 24 120 0.2 1
Node 43 60 12.2066
Pkt 60 300 0.2 1
Pkt 64 320 0.2 1
Node 49 42 8.06226
Pkt 160 800 0.2 1
Pkt 150 750 0.2 1
Node 28 29 30.4138
Pkt 48 240 0.2 1
Pkt 39 192 0.203125 1
Node 33 58 18.7883
Pkt 75 375 0.2 1
Pkt 60 300 0.2 1
Node 58 56 10
Pkt 160 800 0.2 1
Pkt 160 800 0.2 1
Node 52 39 11.1803
Pkt 50 250 0.2 1
Pkt 32 160 0.2 1
Rate:400.446
==========
==========66
7 0 2 24000
Node 31 50 19
Pkt 32 160 0.2 1
Pkt 48 240 0.2 1
Node 70 44 20.8806
Pkt 96 480 0.2 1
Pkt 60 300 0.2 1
Node 46 42 8.94427
Pkt 160 800 0.2 1
Pkt 150 750 0.2 1
Node 69 68 26.1725
Pkt 20 100 0.2 1
Pkt 48 240 0.2 1
Node 40 54 10.7703
Pkt 60 300 0.2 1
Pkt 75 375 0.2 1
Node 27 41 24.6982
Pkt 150 750 0.2 1
Pkt 150 750 0.2 1
Node 39 48 11.1803
Pkt 50 250 0.2 1
Pkt 40 200 0.2 1
Rate:400
==========
==========67
7 0 2 24000
Node 37 25 28.178
Pkt 48 240 0.2 1
Pkt 40 200 0.2 1
Node 37 66 20.6155
Pkt 75 375 0.2 1
Pkt 96 480 0.2 1
Node 35 30 25
Pkt 150 750 0.2 1
Pkt 160 800 0.2 1
Node 72 65 26.6271
Pkt 20 100 0.2 1
Pkt 32 160 0.2 1
Node 65 53 15.2971
Pkt 96 480 0.2 1
Pkt 64 320 0.2 1
Node 62 49 12.0416
Pkt 150 750 0.2 1
Pkt 160 800 0.2 1
Node 65 29 25.807
Pkt 24 120 0.2 1
Pkt 20 100 0.2 1
Rate:400
==========
==========68
7 0 2 24000
Node 40 48 10.198
Pkt 40 200 0.2 1
Pkt 24 120 0.2 1
Node 31 33 25.4951
Pkt 80 400 0.2 1
Pkt 80 400 0.2 1
Node 46 63 13.6015
Pkt 160 800 0.2 1
Pkt 150 750 0.2 1
Node 69 42 20.6155
Pkt 32 160 0.2 1
Pkt 20 100 0.2 1
Node 54 36 14.5602
Pkt 80 400 0.2 1
Pkt 64 320 0.2 1
Node 49 65 15.0333
Pkt 160 800 0.2 1
Pkt 160 800 0.2 1
Node 47 42 8.544
Pkt 24 120 0.2 1
Pkt 30 150 0.2 1
Rate:400
==========
==========69
7 0 2 24000
Node 62 71 24.1868
Pkt 39 192 0.203125 1
Pkt 40 200 0.2 1
Node 36 53 14.3178
Pkt 75 375 0.2 1
Pkt 80 400 0.2 1
Node 33 28 27.8029
Pkt 150 750 0.2 1
Pkt 150 750 0.2 1
Node 33 68 24.7588
Pkt 32 160 0.2 1
Pkt 25 125 0.2 1
Node 45 38 13
Pkt 96 480 0.2 1
Pkt 60 300 0.2 1
Node 52 49 2.23607
Pkt 160 800 0.2 1
Pkt 160 800 0.2 1
Node 57 66 17.4642
Pkt 24 120 0.2 1
Pkt 40 200 0.2 1
Rate:400.446
==========
==========70
7 0 2 24000
Node 54 25 25.318
Pkt 32 160 0.2 1
Pkt 25 125 0.2 1
Node 66 38 20
Pkt 80 400 0.2 1
Pkt 60 300 0.2 1
Node 42 67 18.7883
Pkt 150 750 0.2 1
Pkt 160 800 0.2 1
Node 61 48 11.1803
Pkt 40 200 0.2 1
Pkt 39 192 0.203125 1
Node 54 48 4.47214
Pkt 64 320 0.2 1
Pkt 80 400 0.2 1
Node 68 26 30
Pkt 160 800 0.2 1
Pkt 160 800 0.2 1
Node 71 32 27.6586
Pkt 24 120 0.2 1
Pkt 48 240 0.2 1
Rate:400.446
==========
==========71
7 0 2 24000
Node 63 31 23.0217
Pkt 25 125 0.2 1
Pkt 32 160 0.2 1
Node 36 45 14.8661
Pkt 60 300 0.2 1
Pkt 80 400 0.2 1
Node 60 34 18.868
Pkt 150 750 0.2 1
Pkt 160 800 0.2 1
Node 67 36 22.0227
Pkt 50 250 0.2 1
Pkt 40 200 0.2 1
Node 33 40 19.7231
Pkt 64 320 0.2 1
Pkt 64 320 0.2 1
Node 60 34 18.868
Pkt 160 800 0.2 1
Pkt 160 800 0.2 1
Node 50 73 23
Pkt 50 250 0.2 1
Pkt 30 150 0.2 1
Rate:400
==========
==========72
7 0 2 24000
Node 43 58 10.6301
Pkt 48 240 0.2 1
Pkt 20 100 0.2 1
Node 69 60 21.4709
Pkt 60 300 0.2 1
Pkt 75 375 0.2 1
Node 39 62 16.2788
Pkt 160 800 0.2 1
Pkt 160 800 0.2 1
Node 56 72 22.8035
Pkt 40 200 0.2 1
Pkt 30 150 0.2 1
Node 67 41 19.2354
Pkt 80 400 0.2 1
Pkt 60 300 0.2 1
Node 54 59 9.84886
Pkt 160 800 0.2 1
Pkt 150 750 0.2 1
Node 31 46 19.4165
Pkt 39 192 0.203125 1
Pkt 39 192 0.203125 1
Rate:400.893
==========
==========73
7 0 2 24000
Node 32 47 18.2483
Pkt 32 160 0.2 1
Pkt 48 240 0.2 1
Node 42 44 10
Pkt 60 300 0.2 1
Pkt 96 480 0.2 1
Node 49 74 24.0208
Pkt 160 800 0.2 1
Pkt 160 800 0.2 1
Node 73 72 31.8277
Pkt 32 160 0.2 1
Pkt 25 125 0.2 1
Node 74 53 24.1868
Pkt 80 400 0.2 1
Pkt 60 300 0.2 1
Node 53 69 19.2354
Pkt 150 750 0.2 1
Pkt 150 750 0.2 1
Node 64 73 26.9258
Pkt 48 240 0.2 1
Pkt 48 240 0.2 1
Rate:400
==========
==========74
7 0 2 24000
Node 64 45 14.8661
Pkt 39 192 0.203125 1
Pkt 24 120 0.2 1
Node 38 45 13
Pkt 64 320 0.2 1
Pkt 64 320 0.2 1
Node 70 64 24.4131
Pkt 150 750 0.2 1
Pkt 160 800 0.2 1
Node 49 50 1
Pkt 24 120 0.2 1
Pkt 50 250 0.2 1
Node 48 59 9.21954
Pkt 60 300 0.2 1
Pkt 64 320 0.2 1
Node 69 64 23.6008
Pkt 160 800 0.2 1
Pkt 160 800 0.2 1
Node 56 48 6.32456
Pkt 32 160 0.2 1
Pkt 40 200 0.2 1
Rate:400.446
==========
==========75
7 0 2 24000
Node 56 37 14.3178
Pkt 30 150 0.2 1
Pkt 30 150 0.2 1
Node 36 61 17.8045
Pkt 60 300 0.2 1
Pkt 96 480 0.2 1
Node 51 52 2.23607
Pkt 150 750 0.2 1
Pkt 150 750 0.2 1
Node 38 65 19.2094
Pkt 24 120 0.2 1
Pkt 40 200 0.2 1
Node 50 41 9
Pkt 75 375 0.2 1
Pkt 64 320 0.2 1
Node 50 59 9
Pkt 160 800 0.2 1
Pkt 160 800 0.2 1
Node 35 50 15
Pkt 50 250 0.2 1
Pkt 40 200 0.2 1
Rate:400
==========
==========76
7 0 2 24000
Node 25 65 29.1548
Pkt 48 240 0.2 1
Pkt 32 160 0.2 1
Node 52 63 13.1529
Pkt 75 375 0.2 1
Pkt 64 320 0.2 1
Node 61 59 14.2127
Pkt 150 750 0.2 1
Pkt 160 800 0.2 1
Node 30 74 31.241
Pkt 30 150 0.2 1
Pkt 20 100 0.2 1
Node 58 50 8
Pkt 80 400 0.2 1
Pkt 75 375 0.2 1
Node 50 68 18
Pkt 150 750 0.2 1
Pkt 160 800 0.2 1
Node 63 73 26.4197
Pkt 40 200 0.2 1
Pkt 24 120 0.2 1
Rate:400
==========
==========77
7 0 2 24000
Node 27 57 24.0416
Pkt 20 100 0.2 1
Pkt 39 192 0.203125 1
Node 47 39 11.4018
Pkt 75 375 0.2 1
Pkt 64 320 0.2 1
Node 50 72 22
Pkt 160 800 0.2 1
Pkt 150 750 0.2 1
Node 54 41 9.84886
Pkt 32 160 0.2 1
Pkt 24 120 0.2 1
Node 25 47 25.1794
Pkt 96 480 0.2 1
Pkt 60 300 0.2 1
Node 33 49 17.0294
Pkt 160 800 0.2 1
Pkt 150 750 0.2 1
Node 66 33 23.3452
Pkt 48 240 0.2 1
Pkt 24 120 0.2 1
Rate:400.446
==========
==========78
7 0 2 24000
Node 55 64 14.8661
Pkt 25 125 0.2 1
Pkt 25 125 0.2 1
Node 58 45 9.43398
Pkt 60 300 0.2 1
Pkt 80 400 0.2 1
Node 61 43 13.0384
Pkt 160 800 0.2 1
Pkt 160 800 0.2 1
Node 63 41 15.8114
Pkt 25 125 0.2 1
Pkt 48 240 0.2 1
Node 59 39 14.2127
Pkt 96 480 0.2 1
Pkt 96 480 0.2 1
Node 59 59 12.7279
Pkt 160 800 0.2 1
Pkt 150 750 0.2 1
Node 35 29 25.807
Pkt 24 120 0.2 1
Pkt 30 150 0.2 1
Rate:400
==========
==========79
7 0 2 24000
Node 74 50 24
Pkt 50 250 0.2 1
Pkt 39 192 0.203125 1
Node 33 71 27.0185
Pkt 60 300 0.2 1
Pkt 80 400 0.2 1
Node 61 31 21.9545
Pkt 160 800 0.2 1
Pkt 150 750 0.2 1
Node 30 60 22.3607
Pkt 39 192 0.203125 1
Pkt 20 100 0.2 1
Node 44 46 7.2111
Pkt 80 400 0.2 1
Pkt 80 400 0.2 1
Node 61 64 17.8045
Pkt 160 800 0.2 1
Pkt 150 750 0.2 1
Node 53 29 21.2132
Pkt 48 240 0.2 1
Pkt 25 125 0.2 1
Rate:400.893
==========
==========80
7 0 2 24000
Node 28 57 23.0868
Pkt 40 200 0.2 1
Pkt 30 150 0.2 1
Node 59 40 13.4536
Pkt 75 375 0.2 1
Pkt 75 375 0.2 1
Node 55 68 18.6815
Pkt 150 750 0.2 1
Pkt 150 750 0.2 1
Node 51 29 21.0238
Pkt 50 250 0.2 1
Pkt 32 160 0.2 1
Node 36 50 14
Pkt 60 300 0.2 1
Pkt 64 320 0.2 1
Node 28 43 23.0868
Pkt 150 750 0.2 1
Pkt 160 800 0.2 1
Node 46 44 7.2111
Pkt 40 200 0.2 1
Pkt 48 240 0.2 1
Rate:400
==========
==========81
7 0 2 24000
Node 66 48 16.1245
Pkt 25 125 0.2 1
Pkt 30 150 0.2 1
Node 42 49 8.06226
Pkt 60 300 0.2 1
Pkt 75 375 0.2 1
Node 62 30 23.3238
Pkt 150 750 0.2 1
Pkt 150 750 0.2 1
Node 26 47 24.1868
Pkt 20 100 0.2 1
Pkt 48 240 0.2 1
Node 62 50 12
Pkt 75 375 0.2 1
Pkt 75 375 0.2 1
Node 39 74 26.4008
Pkt 160 800 0.2 1
Pkt 160 800 0.2 1
Node 36 67 22.0227
Pkt 32 160 0.2 1
Pkt 48 240 0.2 1
Rate:400
==========
==========82
7 0 2 24000
Node 51 39 11.0454
Pkt 30 150 0.2 1
Pkt 39 192 0.203125 1
Node 55 47 5.83095
Pkt 75 375 0.2 1
Pkt 75 375 0.2 1
Node 49 59 9.05539
Pkt 150 750 0.2 1
Pkt 160 800 0.2 1
Node 38 59 15
Pkt 25 125 0.2 1
Pkt 25 125 0.2 1
Node 55 73 23.5372
Pkt 64 320 0.2 1
Pkt 64 320 0.2 1
Node 43 47 7.61577
Pkt 160 800 0.2 1
Pkt 160 800 0.2 1
Node 45 73 23.5372
Pkt 25 125 0.2 1
Pkt 24 120 0.2 1
Rate:400.446
==========
==========83
7 0 2 24000
Node 35 59 17.4929
Pkt 50 250 0.2 1
Pkt 25 125 0.2 1
Node 39 63 17.0294
Pkt 80 400 0.2 1
Pkt 75 375 0.2 1
Node 31 60 21.4709
Pkt 160 800 0.2 1
Pkt 150 750 0.2 1
Node 49 30 20.025
Pkt 24 120 0.2 1
Pkt 32 160 0.2 1
Node 50 68 18
Pkt 80 400 0.2 1
Pkt 75 375 0.2 1
Node 56 39 12.53
Pkt 150 750 0.2 1
Pkt 150 750 0.2 1
Node 65 30 25
Pkt 48 240 0.2 1
Pkt 25 125 0.2 1
Rate:400
==========
==========84
7 0 2 24000
Node 73 46 23.3452
Pkt 30 150 0.2 1
Pkt 40 200 0.2 1
Node 73 36 26.9258
Pkt 75 375 0.2 1
Pkt 96 480 0.2 1
Node 30 31 27.5862
Pkt 150 750 0.2 1
Pkt 160 800 0.2 1
Node 51 48 2.23607
Pkt 50 250 0.2 1
Pkt 50 250 0.2 1
Node 55 51 5.09902
Pkt 80 400 0.2 1
Pkt 60 300 0.2 1
Node 26 44 24.7386
Pkt 150 750 0.2 1
Pkt 160 800 0.2 1
Node 35 64 20.5183
Pkt 32 160 0.2 1
Pkt 48 240 0.2 1
Rate:400
==========
==========85
7 0 2 24000
Node 69 68 26.1725
Pkt 30 150 0.2 1
Pkt 39 192 0.203125 1
Node 52 56 6.32456
Pkt 60 300 0.2 1
Pkt 75 375 0.2 1
Node 73 69 29.8329
Pkt 150 750 0.2 1
Pkt 160 800 0.2 1
Node 39 66 19.4165
Pkt 24 120 0.2 1
Pkt 32 160 0.2 1
Node 62 40 15.6205
Pkt 80 400 0.2 1
Pkt 75 375 0.2 1
Node 69 41 21.0238
Pkt 150 750 0.2 1
Pkt 150 750 0.2 1
Node 55 26 24.5153
Pkt 25 125 0.2 1
Pkt 25 125 0.2 1
Rate:400.446
==========
==========86
7 0 2 24000
Node 39 33 20.2485
Pkt 48 240 0.2 1
Pkt 40 200 0.2 1
Node 60 52 10.198
Pkt 96 480 0.2 1
Pkt 60 300 0.2 1
Node 41 45 10.2956
Pkt 160 800 0.2 1
Pkt 160 800 0.2 1
Node 34 37 20.6155
Pkt 30 150 0.2 1
Pkt 25 125 0.2 1
Node 59 73 24.6982
Pkt 75 375 0.2 1
Pkt 60 300 0.2 1
Node 43 69 20.2485
Pkt 150 750 0.2 1
Pkt 160 800 0.2 1
Node 32 69 26.1725
Pkt 40 200 0.2 1
Pkt 40 200 0.2 1
Rate:400
==========
==========87
7 0 2 24000
Node 45 29 21.587
Pkt 25 125 0.2 1
Pkt 32 160 0.2 1
Node 35 48 15.1327
Pkt 75 375 0.2 1
Pkt 80 400 0.2 1
Node 51 40 10.0499
Pkt 150 750 0.2 1
Pkt 150 750 0.2 1
Node 29 69 28.3196
Pkt 24 120 0.2 1
Pkt 39 192 0.203125 1
Node 35 26 28.3019
Pkt 64 320 0.2 1
Pkt 75 375 0.2 1
Node 55 34 16.7631
Pkt 150 750 0.2 1
Pkt 150 750 0.2 1
Node 61 52 11.1803
Pkt 30 150 0.2 1
Pkt 24 120 0.2 1
Rate:400.446
==========
==========88
7 0 2 24000
Node 58 57 10.6301
Pkt 24 120 0.2 1
Pkt 30 150 0.2 1
Node 63 48 13.1529
Pkt 60 300 0.2 1
Pkt 96 480 0.2 1
Node 45 45 7.07107
Pkt 160 800 0.2 1
Pkt 150 750 0.2 1
Node 68 69 26.1725
Pkt 25 125 0.2 1
Pkt 32 160 0.2 1
Node 60 64 17.2047
Pkt 96 480 0.2 1
Pkt 80 400 0.2 1
Node 43 72 23.0868
Pkt 160 800 0.2 1
Pkt 160 800 0.2 1
Node 72 55 22.561
Pkt 32 160 0.2 1
Pkt 32 160 0.2 1
Rate:400
==========
==========89
7 0 2 24000
Node 53 62 12.3693
Pkt 20 100 0.2 1
Pkt 40 200 0.2 1
Node 58 27 24.3516
Pkt 96 480 0.2 1
Pkt 64 320 0.2 1
Node 48 66 16.1245
Pkt 150 750 0.2 1
Pkt 160 800 0.2 1
Node 37 48 13.1529
Pkt 48 240 0.2 1
Pkt 50 250 0.2 1
Node 36 57 15.6525
Pkt 60 300 0.2 1
Pkt 75 375 0.2 1
Node 28 65 26.6271
Pkt 160 800 0.2 1
Pkt 150 750 0.2 1
Node 74 58 25.2982
Pkt 25 125 0.2 1
Pkt 48 240 0.2 1
Rate:400
==========
==========90
7 0 2 24000
Node 35 68 23.4307
Pkt 30 150 0.2 1
Pkt 50 250 0.2 1
Node 25 30 32.0156
Pkt 60 300 0.2 1
Pkt 64 320 0.2 1
Node 25 46 25.318
Pkt 160 800 0.2 1
Pkt 150 750 0.2 1
Node 59 54 9.84886
Pkt 20 100 0.2 1
Pkt 25 125 0.2 1
Node 40 49 10.0499
Pkt 80 400 0.2 1
Pkt 96 480 0.2 1
Node 30 47 20.2237
Pkt 150 750 0.2 1
Pkt 150 750 0.2 1
Node 68 49 18.0278
Pkt 40 200 0.2 1
Pkt 24 120 0.2 1
Rate:400
==========
==========91
7 0 2 24000
Node 68 28 28.4253
Pkt 32 160 0.2 1
Pkt 25 125 0.2 1
Node 32 27 29.2062
Pkt 75 375 0.2 1
Pkt 80 400 0.2 1
Node 50 31 19
Pkt 150 750 0.2 1
Pkt 150 750 0.2 1
Node 28 29 30.4138
Pkt 39 192 0.203125 1
Pkt 25 125 0.2 1
Node 74 71 31.8904
Pkt 75 375 0.2 1
Pkt 60 300 0.2 1
Node 42 48 8.24621
Pkt 160 800 0.2 1
Pkt 160 800 0.2 1
Node 35 69 24.2074
Pkt 24 120 0.2 1
Pkt 25 125 0.2 1
Rate:400.446
==========
==========92
7 0 2 24000
Node 73 33 28.6007
Pkt 25 125 0.2 1
Pkt 39 192 0.203125 1
Node 30 51 20.025
Pkt 60 300 0.2 1
Pkt 80 400 0.2 1
Node 31 56 19.9249
Pkt 160 800 0.2 1
Pkt 150 750 0.2 1
Node 34 36 21.2603
Pkt 20 100 0.2 1
Pkt 48 240 0.2 1
Node 56 52 6.32456
Pkt 80 400 0.2 1
Pkt 75 375 0.2 1
Node 33 28 27.8029
Pkt 150 750 0.2 1
Pkt 150 750 0.2 1
Node 26 44 24.7386
Pkt 50 250 0.2 1
Pkt 25 125 0.2 1
Rate:400.446
==========
==========93
7 0 2 24000
Node 64 56 15.2315
Pkt 48 240 0.2 1
Pkt 32 160 0.2 1
Node 32 68 25.4558
Pkt 64 320 0.2 1
Pkt 96 480 0.2 1
Node 28 62 25.0599
Pkt 160 800 0.2 1
Pkt 150 750 0.2 1
Node 48 29 21.095
Pkt 24 120 0.2 1
Pkt 20 100 0.2 1
Node 57 48 7.28011
Pkt 75 375 0.2 1
Pkt 75 375 0.2 1
Node 45 43 8.60233
Pkt 160 800 0.2 1
Pkt 150 750 0.2 1
Node 36 74 27.7849
Pkt 25 125 0.2 1
Pkt 39 192 0.203125 1
Rate:400.446
==========
==========94
7 0 2 24000
Node 42 60 12.8062
Pkt 30 150 0.2 1
Pkt 39 192 0.203125 1
Node 70 59 21.9317
Pkt 64 320 0.2 1
Pkt 96 480 0.2 1
Node 55 28 22.561
Pkt 150 750 0.2 1
Pkt 160 800 0.2 1
Node 42 61 13.6015
Pkt 40 200 0.2 1
Pkt 25 125 0.2 1
Node 26 44 24.7386
Pkt 60 300 0.2 1
Pkt 75 375 0.2 1
Node 63 37 18.3848
Pkt 160 800 0.2 1
Pkt 150 750 0.2 1
Node 70 40 22.3607
Pkt 50 250 0.2 1
Pkt 20 100 0.2 1
Rate:400.446
==========
==========95
7 0 2 24000
Node 50 58 8
Pkt 24 120 0.2 1
Pkt 40 200 0.2 1
Node 74 49 24.0208
Pkt 80 400 0.2 1
Pkt 96 480 0.2 1
Node 63 33 21.4009
Pkt 160 800 0.2 1
Pkt 160 800 0.2 1
Node 37 29 24.6982
Pkt 30 150 0.2 1
Pkt 48 240 0.2 1
Node 60 46 10.7703
Pkt 60 300 0.2 1
Pkt 80 400 0.2 1
Node 34 27 28.0179
Pkt 160 800 0.2 1
Pkt 150 750 0.2 1
Node 28 52 22.0907
Pkt 30 150 0.2 1
Pkt 20 100 0.2 1
Rate:400
==========
==========96
7 0 2 24000
Node 59 46 9.84886
Pkt 50 250 0.2 1
Pkt 48 240 0.2 1
Node 45 45 7.07107
Pkt 64 320 0.2 1
Pkt 60 300 0.2 1
Node 36 42 16.1245
Pkt 160 800 0.2 1
Pkt 160 800 0.2 1
Node 32 40 20.5913
Pkt 25 125 0.2 1
Pkt 30 150 0.2 1
Node 66 44 17.088
Pkt 96 480 0.2 1
Pkt 60 300 0.2 1
Node 67 51 17.0294
Pkt 150 750 0.2 1
Pkt 160 800 0.2 1
Node 58 46 8.94427
Pkt 40 200 0.2 1
Pkt 20 100 0.2 1
Rate:400
==========
==========97
7 0 2 24000
Node 26 66 28.8444
Pkt 50 250 0.2 1
Pkt 30 150 0.2 1
Node 53 56 6.7082
Pkt 80 400 0.2 1
Pkt 64 320 0.2 1
Node 72 48 22.0907
Pkt 150 750 0.2 1
Pkt 160 800 0.2 1
Node 43 70 21.1896
Pkt 32 160 0.2 1
Pkt 40 200 0.2 1
Node 29 45 21.587
Pkt 75 375 0.2 1
Pkt 75 375 0.2 1
Node 63 30 23.8537
Pkt 150 750 0.2 1
Pkt 160 800 0.2 1
Node 30 69 27.5862
Pkt 25 125 0.2 1
Pkt 50 250 0.2 1
Rate:400
==========
==========98
7 0 2 24000
Node 31 54 19.4165
Pkt 48 240 0.2 1
Pkt 30 150 0.2 1
Node 50 52 2
Pkt 96 480 0.2 1
Pkt 75 375 0.2 1
Node 44 41 10.8167
Pkt 160 800 0.2 1
Pkt 160 800 0.2 1
Node 37 51 13.0384
Pkt 20 100 0.2 1
Pkt 39 192 0.203125 1
Node 67 63 21.4009
Pkt 80 400 0.2 1
Pkt 96 480 0.2 1
Node 38 54 12.6491
Pkt 160 800 0.2 1
Pkt 160 800 0.2 1
Node 26 52 24.0832
Pkt 39 192 0.203125 1
Pkt 25 125 0.2 1
Rate:400.893
==========
==========99
