7 0 2 24000
Node 30 26 31.241
Pkt 58 120 0.483333 1
Pkt 58 120 0.483333 1
Node 43 69 20.2485
Pkt 231 480 0.48125 1
Pkt 144 300 0.48 1
Node 44 72 22.8035
Pkt 360 750 0.48 1
Pkt 360 750 0.48 1
Node 39 45 12.083
Pkt 72 150 0.48 1
Pkt 77 160 0.48125 1
Node 60 52 10.198
Pkt 154 320 0.48125 1
Pkt 192 400 0.48 1
Node 56 74 24.7386
Pkt 360 750 0.48 1
Pkt 384 800 0.48 1
Node 58 67 18.7883
Pkt 60 125 0.48 1
Pkt 77 160 0.48125 1
Rate:961.667
==========
==========0
7 0 2 24000
Node 31 58 20.6155
Pkt 72 150 0.48 1
Pkt 77 160 0.48125 1
Node 63 32 22.2036
Pkt 154 320 0.48125 1
Pkt 180 375 0.48 1
Node 29 28 30.4138
Pkt 360 750 0.48 1
Pkt 360 750 0.48 1
Node 56 41 10.8167
Pkt 48 100 0.48 1
Pkt 58 120 0.483333 1
Node 52 63 13.1529
Pkt 180 375 0.48 1
Pkt 231 480 0.48125 1
Node 44 73 23.7697
Pkt 360 750 0.48 1
Pkt 360 750 0.48 1
Node 53 34 16.2788
Pkt 58 120 0.483333 1
Pkt 120 250 0.48 1
Rate:961.488
==========
==========1
7 0 2 24000
Node 51 59 9.05539
Pkt 77 160 0.48125 1
Pkt 60 125 0.48 1
Node 66 60 18.868
Pkt 192 400 0.48 1
Pkt 154 320 0.48125 1
Node 57 48 7.28011
Pkt 360 750 0.48 1
Pkt 384 800 0.48 1
Node 70 27 30.4795
Pkt 72 150 0.48 1
Pkt 116 240 0.483333 1
Node 33 45 17.72
Pkt 192 400 0.48 1
Pkt 180 375 0.48 1
Node 37 53 13.3417
Pkt 360 750 0.48 1
Pkt 360 750 0.48 1
Node 39 67 20.2485
Pkt 77 160 0.48125 1
Pkt 77 160 0.48125 1
Rate:961.19
==========
==========2
7 0 2 24000
Node 56 57 9.21954
Pkt 77 160 0.48125 1
Pkt 96 200 0.48 1
Node 59 61 14.2127
Pkt 180 375 0.48 1
Pkt 180 375 0.48 1
Node 65 49 15.0333
Pkt 384 800 0.48 1
Pkt 360 750 0.48 1
Node 36 40 17.2047
Pkt 72 150 0.48 1
Pkt 77 160 0.48125 1
Node 39 66 19.4165
Pkt 180 375 0.48 1
Pkt 154 320 0.48125 1
Node 64 43 15.6525
Pkt 360 750 0.48 1
Pkt 360 750 0.48 1
Node 42 66 17.8885
Pkt 48 100 0.48 1
Pkt 120 250 0.48 1
Rate:960.536
==========
==========3
7 0 2 24000
Node 41 26 25.632
Pkt 116 240 0.483333 1
Pkt 58 120 0.483333 1
Node 27 72 31.8277
Pkt 192 400 0.48 1
Pkt 231 480 0.48125 1
Node 71 33 27.0185
Pkt 360 750 0.48 1
Pkt 360 750 0.48 1
Node 58 60 12.8062
Pkt 72 150 0.48 1
Pkt 93 192 0.484375 1
Node 25 31 31.4006
Pkt 192 400 0.48 1
Pkt 231 480 0.48125 1
Node 37 53 13.3417
Pkt 384 800 0.48 1
Pkt 384 800 0.48 1
Node 32 69 26.1725
Pkt 120 250 0.48 1
Pkt 72 150 0.48 1
Rate:961.935
==========
==========4
7 0 2 24000
Node 51 67 17.0294
Pkt 120 250 0.48 1
Pkt 48 100 0.48 1
Node 34 73 28.0179
Pkt 154 320 0.48125 1
Pkt 231 480 0.48125 1
Node 64 42 16.1245
Pkt 384 800 0.48 1
Pkt 384 800 0.48 1
Node 63 33 21.4009
Pkt 58 120 0.483333 1
Pkt 60 125 0.48 1
Node 45 63 13.9284
Pkt 144 300 0.48 1
Pkt 231 480 0.48125 1
Node 71 32 27.6586
Pkt 360 750 0.48 1
Pkt 384 800 0.48 1
Node 43 60 12.2066
Pkt 120 250 0.48 1
Pkt 116 240 0.483333 1
Rate:961.488
==========
==========5
7 0 2 24000
Node 68 53 18.2483
Pkt 116 240 0.483333 1
Pkt 93 192 0.484375 1
Node 55 28 22.561
Pkt 154 320 0.48125 1
Pkt 144 300 0.48 1
Node 66 61 19.4165
Pkt 384 800 0.48 1
Pkt 384 800 0.48 1
Node 63 58 15.2643
Pkt 96 200 0.48 1
Pkt 93 192 0.484375 1
Node 68 45 18.6815
Pkt 154 320 0.48125 1
Pkt 154 320 0.48125 1
Node 43 68 19.3132
Pkt 384 800 0.48 1
Pkt 360 750 0.48 1
Node 57 29 22.1359
Pkt 93 192 0.484375 1
Pkt 93 192 0.484375 1
Rate:963.512
==========
==========6
7 0 2 24000
Node 62 63 17.6918
Pkt 96 200 0.48 1
Pkt 48 100 0.48 1
Node 74 45 24.5153
Pkt 231 480 0.48125 1
Pkt 144 300 0.48 1
Node 48 26 24.0832
Pkt 384 800 0.48 1
Pkt 384 800 0.48 1
Node 35 30 25
Pkt 48 100 0.48 1
Pkt 72 150 0.48 1
Node 30 26 31.241
Pkt 144 300 0.48 1
Pkt 180 375 0.48 1
Node 70 73 30.4795
Pkt 384 800 0.48 1
Pkt 360 750 0.48 1
Node 63 63 18.3848
Pkt 116 240 0.483333 1
Pkt 93 192 0.484375 1
Rate:961.28
==========
==========7
7 0 2 24000
Node 71 69 28.3196
Pkt 120 250 0.48 1
Pkt 58 120 0.483333 1
Node 57 30 21.1896
Pkt 144 300 0.48 1
Pkt 192 400 0.48 1
Node 44 48 6.32456
Pkt 360 750 0.48 1
Pkt 360 750 0.48 1
Node 73 46 23.3452
Pkt 58 120 0.483333 1
Pkt 48 100 0.48 1
Node 25 29 32.6497
Pkt 180 375 0.48 1
Pkt 144 300 0.48 1
Node 42 69 20.6155
Pkt 384 800 0.48 1
Pkt 360 750 0.48 1
Node 28 52 22.0907
Pkt 60 125 0.48 1
Pkt 72 150 0.48 1
Rate:960.952
==========
==========8
7 0 2 24000
Node 72 67 27.8029
Pkt 96 200 0.48 1
Pkt 48 100 0.48 1
Node 50 33 17
Pkt 231 480 0.48125 1
Pkt 180 375 0.48 1
Node 71 54 21.3776
Pkt 384 800 0.48 1
Pkt 360 750 0.48 1
Node 72 60 24.1661
Pkt 60 125 0.48 1
Pkt 116 240 0.483333 1
Node 25 43 25.9615
Pkt 154 320 0.48125 1
Pkt 192 400 0.48 1
Node 38 41 15
Pkt 360 750 0.48 1
Pkt 384 800 0.48 1
Node 61 65 18.6011
Pkt 48 100 0.48 1
Pkt 72 150 0.48 1
Rate:960.833
==========
==========9
7 0 2 24000
Node 73 39 25.4951
Pkt 93 192 0.484375 1
Pkt 60 125 0.48 1
Node 38 33 20.8087
Pkt 180 375 0.48 1
Pkt 144 300 0.48 1
Node 63 45 13.9284
Pkt 384 800 0.48 1
Pkt 384 800 0.48 1
Node 36 33 22.0227
Pkt 72 150 0.48 1
Pkt 116 240 0.483333 1
Node 64 57 15.6525
Pkt 231 480 0.48125 1
Pkt 192 400 0.48 1
Node 34 26 28.8444
Pkt 384 800 0.48 1
Pkt 384 800 0.48 1
Node 48 37 13.1529
Pkt 58 120 0.483333 1
Pkt 60 125 0.48 1
Rate:961.756
==========
==========10
7 0 2 24000
Node 52 51 2.23607
Pkt 77 160 0.48125 1
Pkt 48 100 0.48 1
Node 53 73 23.1948
Pkt 180 375 0.48 1
Pkt 180 375 0.48 1
Node 65 36 20.5183
Pkt 360 750 0.48 1
Pkt 384 800 0.48 1
Node 69 70 27.5862
Pkt 77 160 0.48125 1
Pkt 48 100 0.48 1
Node 62 61 16.2788
Pkt 144 300 0.48 1
Pkt 192 400 0.48 1
Node 50 55 5
Pkt 384 800 0.48 1
Pkt 384 800 0.48 1
Node 65 41 17.4929
Pkt 48 100 0.48 1
Pkt 93 192 0.484375 1
Rate:960.982
==========
==========11
7 0 2 24000
Node 70 70 28.2843
Pkt 93 192 0.484375 1
Pkt 120 250 0.48 1
Node 49 44 6.08276
Pkt 192 400 0.48 1
Pkt 154 320 0.48125 1
Node 52 37 13.1529
Pkt 384 800 0.48 1
Pkt 360 750 0.48 1
Node 57 73 24.0416
Pkt 96 200 0.48 1
Pkt 58 120 0.483333 1
Node 48 68 18.1108
Pkt 154 320 0.48125 1
Pkt 180 375 0.48 1
Node 49 47 3.16228
Pkt 360 750 0.48 1
Pkt 360 750 0.48 1
Node 31 34 24.8395
Pkt 58 120 0.483333 1
Pkt 120 250 0.48 1
Rate:961.935
==========
==========12
7 0 2 24000
Node 71 44 21.8403
Pkt 72 150 0.48 1
Pkt 93 192 0.484375 1
Node 43 38 13.8924
Pkt 192 400 0.48 1
Pkt 180 375 0.48 1
Node 55 55 7.07107
Pkt 384 800 0.48 1
Pkt 360 750 0.48 1
Node 38 62 16.9706
Pkt 96 200 0.48 1
Pkt 93 192 0.484375 1
Node 28 38 25.0599
Pkt 144 300 0.48 1
Pkt 180 375 0.48 1
Node 51 74 24.0208
Pkt 360 750 0.48 1
Pkt 384 800 0.48 1
Node 73 66 28.0179
Pkt 93 192 0.484375 1
Pkt 116 240 0.483333 1
Rate:962.351
==========
==========13
7 0 2 24000
Node 73 61 25.4951
Pkt 93 192 0.484375 1
Pkt 72 150 0.48 1
Node 35 32 23.4307
Pkt 154 320 0.48125 1
Pkt 192 400 0.48 1
Node 49 25 25.02
Pkt 384 800 0.48 1
Pkt 384 800 0.48 1
Node 54 65 15.5242
Pkt 120 250 0.48 1
Pkt 116 240 0.483333 1
Node 47 37 13.3417
Pkt 192 400 0.48 1
Pkt 192 400 0.48 1
Node 37 42 15.2643
Pkt 360 750 0.48 1
Pkt 384 800 0.48 1
Node 38 68 21.6333
Pkt 120 250 0.48 1
Pkt 58 120 0.483333 1
Rate:961.756
==========
==========14
7 0 2 24000
Node 45 42 9.43398
Pkt 116 240 0.483333 1
Pkt 116 240 0.483333 1
Node 71 29 29.6985
Pkt 180 375 0.48 1
Pkt 154 320 0.48125 1
Node 51 67 17.0294
Pkt 384 800 0.48 1
Pkt 384 800 0.48 1
Node 41 32 20.1246
Pkt 120 250 0.48 1
Pkt 93 192 0.484375 1
Node 61 49 11.0454
Pkt 144 300 0.48 1
Pkt 180 375 0.48 1
Node 70 43 21.1896
Pkt 384 800 0.48 1
Pkt 384 800 0.48 1
Node 57 72 23.0868
Pkt 96 200 0.48 1
Pkt 77 160 0.48125 1
Rate:961.935
==========
==========15
7 0 2 24000
Node 73 66 28.0179
Pkt 60 125 0.48 1
Pkt 48 100 0.48 1
Node 26 48 24.0832
Pkt 231 480 0.48125 1
Pkt 192 400 0.48 1
Node 49 58 8.06226
Pkt 360 750 0.48 1
Pkt 360 750 0.48 1
Node 27 37 26.4197
Pkt 72 150 0.48 1
Pkt 60 125 0.48 1
Node 68 40 20.5913
Pkt 231 480 0.48125 1
Pkt 192 400 0.48 1
Node 48 55 5.38516
Pkt 384 800 0.48 1
Pkt 384 800 0.48 1
Node 40 48 10.198
Pkt 72 150 0.48 1
Pkt 93 192 0.484375 1
Rate:960.982
==========
==========16
7 0 2 24000
Node 60 40 14.1421
Pkt 116 240 0.483333 1
Pkt 72 150 0.48 1
Node 53 27 23.1948
Pkt 144 300 0.48 1
Pkt 192 400 0.48 1
Node 35 67 22.6716
Pkt 360 750 0.48 1
Pkt 360 750 0.48 1
Node 58 46 8.94427
Pkt 116 240 0.483333 1
Pkt 120 250 0.48 1
Node 61 29 23.7065
Pkt 192 400 0.48 1
Pkt 180 375 0.48 1
Node 66 49 16.0312
Pkt 384 800 0.48 1
Pkt 384 800 0.48 1
Node 26 68 30
Pkt 116 240 0.483333 1
Pkt 72 150 0.48 1
Rate:961.429
==========
==========17
7 0 2 24000
Node 51 63 13.0384
Pkt 58 120 0.483333 1
Pkt 120 250 0.48 1
Node 66 50 16
Pkt 180 375 0.48 1
Pkt 180 375 0.48 1
Node 47 28 22.2036
Pkt 360 750 0.48 1
Pkt 360 750 0.48 1
Node 70 43 21.1896
Pkt 60 125 0.48 1
Pkt 48 100 0.48 1
Node 54 31 19.4165
Pkt 144 300 0.48 1
Pkt 231 480 0.48125 1
Node 29 44 21.8403
Pkt 360 750 0.48 1
Pkt 360 750 0.48 1
Node 62 70 23.3238
Pkt 77 160 0.48125 1
Pkt 120 250 0.48 1
Rate:960.833
==========
==========18
7 0 2 24000
Node 30 45 20.6155
Pkt 60 125 0.48 1
Pkt 120 250 0.48 1
Node 53 66 16.2788
Pkt 192 400 0.48 1
Pkt 231 480 0.48125 1
Node 34 69 24.8395
Pkt 360 750 0.48 1
Pkt 384 800 0.48 1
Node 68 37 22.2036
Pkt 60 125 0.48 1
Pkt 93 192 0.484375 1
Node 74 50 24
Pkt 180 375 0.48 1
Pkt 144 300 0.48 1
Node 49 40 10.0499
Pkt 360 750 0.48 1
Pkt 384 800 0.48 1
Node 41 61 14.2127
Pkt 93 192 0.484375 1
Pkt 96 200 0.48 1
Rate:961.429
==========
==========19
7 0 2 24000
Node 51 39 11.0454
Pkt 96 200 0.48 1
Pkt 58 120 0.483333 1
Node 60 30 22.3607
Pkt 154 320 0.48125 1
Pkt 154 320 0.48125 1
Node 32 54 18.4391
Pkt 384 800 0.48 1
Pkt 384 800 0.48 1
Node 73 40 25.0799
Pkt 120 250 0.48 1
Pkt 116 240 0.483333 1
Node 45 64 14.8661
Pkt 180 375 0.48 1
Pkt 180 375 0.48 1
Node 41 64 16.6433
Pkt 384 800 0.48 1
Pkt 384 800 0.48 1
Node 44 40 11.6619
Pkt 48 100 0.48 1
Pkt 93 192 0.484375 1
Rate:961.935
==========
==========20
7 0 2 24000
Node 45 59 10.2956
Pkt 93 192 0.484375 1
Pkt 96 200 0.48 1
Node 63 56 14.3178
Pkt 231 480 0.48125 1
Pkt 192 400 0.48 1
Node 42 60 12.8062
Pkt 360 750 0.48 1
Pkt 384 800 0.48 1
Node 28 54 22.3607
Pkt 93 192 0.484375 1
Pkt 116 240 0.483333 1
Node 70 25 32.0156
Pkt 180 375 0.48 1
Pkt 154 320 0.48125 1
Node 52 28 22.0907
Pkt 384 800 0.48 1
Pkt 384 800 0.48 1
Node 63 31 23.0217
Pkt 72 150 0.48 1
Pkt 60 125 0.48 1
Rate:962.083
==========
==========21
7 0 2 24000
Node 33 34 23.3452
Pkt 77 160 0.48125 1
Pkt 93 192 0.484375 1
Node 64 53 14.3178
Pkt 180 375 0.48 1
Pkt 231 480 0.48125 1
Node 62 52 12.1655
Pkt 384 800 0.48 1
Pkt 384 800 0.48 1
Node 67 33 24.0416
Pkt 96 200 0.48 1
Pkt 120 250 0.48 1
Node 54 69 19.4165
Pkt 154 320 0.48125 1
Pkt 180 375 0.48 1
Node 67 53 17.2627
Pkt 360 750 0.48 1
Pkt 360 750 0.48 1
Node 36 73 26.9258
Pkt 77 160 0.48125 1
Pkt 60 125 0.48 1
Rate:961.339
==========
==========22
7 0 2 24000
Node 63 46 13.6015
Pkt 77 160 0.48125 1
Pkt 77 160 0.48125 1
Node 41 61 14.2127
Pkt 180 375 0.48 1
Pkt 154 320 0.48125 1
Node 46 32 18.4391
Pkt 384 800 0.48 1
Pkt 360 750 0.48 1
Node 35 64 20.5183
Pkt 48 100 0.48 1
Pkt 60 125 0.48 1
Node 38 36 18.4391
Pkt 180 375 0.48 1
Pkt 231 480 0.48125 1
Node 63 49 13.0384
Pkt 384 800 0.48 1
Pkt 384 800 0.48 1
Node 32 60 20.5913
Pkt 93 192 0.484375 1
Pkt 60 125 0.48 1
Rate:961.339
==========
==========23
7 0 2 24000
Node 74 67 29.4109
Pkt 116 240 0.483333 1
Pkt 48 100 0.48 1
Node 70 32 26.9072
Pkt 144 300 0.48 1
Pkt 144 300 0.48 1
Node 65 67 22.6716
Pkt 360 750 0.48 1
Pkt 384 800 0.48 1
Node 58 51 8.06226
Pkt 77 160 0.48125 1
Pkt 93 192 0.484375 1
Node 69 48 19.105
Pkt 180 375 0.48 1
Pkt 192 400 0.48 1
Node 69 62 22.4722
Pkt 384 800 0.48 1
Pkt 384 800 0.48 1
Node 39 51 11.0454
Pkt 60 125 0.48 1
Pkt 72 150 0.48 1
Rate:961.28
==========
==========24
7 0 2 24000
Node 48 72 22.0907
Pkt 58 120 0.483333 1
Pkt 58 120 0.483333 1
Node 70 72 29.7321
Pkt 154 320 0.48125 1
Pkt 154 320 0.48125 1
Node 47 34 16.2788
Pkt 360 750 0.48 1
Pkt 360 750 0.48 1
Node 34 64 21.2603
Pkt 93 192 0.484375 1
Pkt 72 150 0.48 1
Node 37 69 23.0217
Pkt 231 480 0.48125 1
Pkt 192 400 0.48 1
Node 25 66 29.6816
Pkt 360 750 0.48 1
Pkt 384 800 0.48 1
Node 45 34 16.7631
Pkt 116 240 0.483333 1
Pkt 96 200 0.48 1
Rate:962.589
==========
==========25
7 0 2 24000
Node 74 58 25.2982
Pkt 96 200 0.48 1
Pkt 96 200 0.48 1
Node 56 62 13.4164
Pkt 180 375 0.48 1
Pkt 180 375 0.48 1
Node 26 59 25.632
Pkt 384 800 0.48 1
Pkt 384 800 0.48 1
Node 69 42 20.6155
Pkt 58 120 0.483333 1
Pkt 58 120 0.483333 1
Node 49 32 18.0278
Pkt 144 300 0.48 1
Pkt 192 400 0.48 1
Node 46 44 7.2111
Pkt 384 800 0.48 1
Pkt 384 800 0.48 1
Node 31 39 21.9545
Pkt 60 125 0.48 1
Pkt 60 125 0.48 1
Rate:960.952
==========
==========26
7 0 2 24000
Node 48 30 20.0998
Pkt 120 250 0.48 1
Pkt 93 192 0.484375 1
Node 26 41 25.632
Pkt 180 375 0.48 1
Pkt 231 480 0.48125 1
Node 68 50 18
Pkt 384 800 0.48 1
Pkt 384 800 0.48 1
Node 40 62 15.6205
Pkt 58 120 0.483333 1
Pkt 93 192 0.484375 1
Node 66 27 28.0179
Pkt 192 400 0.48 1
Pkt 144 300 0.48 1
Node 68 53 18.2483
Pkt 360 750 0.48 1
Pkt 360 750 0.48 1
Node 39 54 11.7047
Pkt 72 150 0.48 1
Pkt 96 200 0.48 1
Rate:961.905
==========
==========27
7 0 2 24000
Node 73 53 23.1948
Pkt 116 240 0.483333 1
Pkt 60 125 0.48 1
Node 66 35 21.9317
Pkt 192 400 0.48 1
Pkt 192 400 0.48 1
Node 63 65 19.8494
Pkt 360 750 0.48 1
Pkt 384 800 0.48 1
Node 43 73 24.0416
Pkt 58 120 0.483333 1
Pkt 116 240 0.483333 1
Node 41 48 9.21954
Pkt 192 400 0.48 1
Pkt 192 400 0.48 1
Node 59 61 14.2127
Pkt 360 750 0.48 1
Pkt 360 750 0.48 1
Node 50 29 21
Pkt 96 200 0.48 1
Pkt 48 100 0.48 1
Rate:961.429
==========
==========28
7 0 2 24000
Node 65 62 19.2094
Pkt 77 160 0.48125 1
Pkt 120 250 0.48 1
Node 34 33 23.3452
Pkt 192 400 0.48 1
Pkt 144 300 0.48 1
Node 45 73 23.5372
Pkt 360 750 0.48 1
Pkt 360 750 0.48 1
Node 56 55 7.81025
Pkt 116 240 0.483333 1
Pkt 120 250 0.48 1
Node 27 58 24.3516
Pkt 144 300 0.48 1
Pkt 231 480 0.48125 1
Node 32 29 27.6586
Pkt 384 800 0.48 1
Pkt 360 750 0.48 1
Node 36 41 16.6433
Pkt 116 240 0.483333 1
Pkt 60 125 0.48 1
Rate:961.31
==========
==========29
7 0 2 24000
Node 37 41 15.8114
Pkt 93 192 0.484375 1
Pkt 58 120 0.483333 1
Node 73 71 31.1448
Pkt 192 400 0.48 1
Pkt 192 400 0.48 1
Node 44 45 7.81025
Pkt 384 800 0.48 1
Pkt 384 800 0.48 1
Node 26 43 25
Pkt 48 100 0.48 1
Pkt 48 100 0.48 1
Node 53 54 5
Pkt 180 375 0.48 1
Pkt 154 320 0.48125 1
Node 33 59 19.2354
Pkt 384 800 0.48 1
Pkt 360 750 0.48 1
Node 42 54 8.94427
Pkt 58 120 0.483333 1
Pkt 93 192 0.484375 1
Rate:962.381
==========
==========30
7 0 2 24000
Node 70 60 22.3607
Pkt 93 192 0.484375 1
Pkt 96 200 0.48 1
Node 41 32 20.1246
Pkt 180 375 0.48 1
Pkt 154 320 0.48125 1
Node 50 34 16
Pkt 384 800 0.48 1
Pkt 384 800 0.48 1
Node 34 73 28.0179
Pkt 58 120 0.483333 1
Pkt 120 250 0.48 1
Node 51 39 11.0454
Pkt 180 375 0.48 1
Pkt 192 400 0.48 1
Node 70 53 20.2237
Pkt 360 750 0.48 1
Pkt 360 750 0.48 1
Node 27 65 27.4591
Pkt 60 125 0.48 1
Pkt 72 150 0.48 1
Rate:961.28
==========
==========31
7 0 2 24000
Node 68 65 23.4307
Pkt 116 240 0.483333 1
Pkt 72 150 0.48 1
Node 49 49 1.41421
Pkt 231 480 0.48125 1
Pkt 231 480 0.48125 1
Node 68 57 19.3132
Pkt 360 750 0.48 1
Pkt 360 750 0.48 1
Node 58 53 8.544
Pkt 58 120 0.483333 1
Pkt 72 150 0.48 1
Node 47 44 6.7082
Pkt 231 480 0.48125 1
Pkt 192 400 0.48 1
Node 35 57 16.5529
Pkt 360 750 0.48 1
Pkt 360 750 0.48 1
Node 44 74 24.7386
Pkt 96 200 0.48 1
Pkt 116 240 0.483333 1
Rate:961.964
==========
==========32
7 0 2 24000
Node 30 27 30.4795
Pkt 120 250 0.48 1
Pkt 58 120 0.483333 1
Node 52 52 2.82843
Pkt 192 400 0.48 1
Pkt 180 375 0.48 1
Node 47 43 7.61577
Pkt 360 750 0.48 1
Pkt 360 750 0.48 1
Node 44 39 12.53
Pkt 77 160 0.48125 1
Pkt 77 160 0.48125 1
Node 62 49 12.0416
Pkt 144 300 0.48 1
Pkt 154 320 0.48125 1
Node 71 43 22.1359
Pkt 360 750 0.48 1
Pkt 384 800 0.48 1
Node 55 62 13
Pkt 96 200 0.48 1
Pkt 77 160 0.48125 1
Rate:961.19
==========
==========33
7 0 2 24000
Node 47 41 9.48683
Pkt 72 150 0.48 1
Pkt 96 200 0.48 1
Node 27 43 24.0416
Pkt 144 300 0.48 1
Pkt 154 320 0.48125 1
Node 41 73 24.6982
Pkt 384 800 0.48 1
Pkt 360 750 0.48 1
Node 47 42 8.544
Pkt 60 125 0.48 1
Pkt 96 200 0.48 1
Node 28 33 27.8029
Pkt 192 400 0.48 1
Pkt 180 375 0.48 1
Node 56 29 21.8403
Pkt 384 800 0.48 1
Pkt 384 800 0.48 1
Node 27 71 31.1448
Pkt 60 125 0.48 1
Pkt 58 120 0.483333 1
Rate:960.655
==========
==========34
7 0 2 24000
Node 69 45 19.6469
Pkt 116 240 0.483333 1
Pkt 93 192 0.484375 1
Node 55 25 25.4951
Pkt 192 400 0.48 1
Pkt 154 320 0.48125 1
Node 68 64 22.8035
Pkt 360 750 0.48 1
Pkt 360 750 0.48 1
Node 57 67 18.3848
Pkt 77 160 0.48125 1
Pkt 72 150 0.48 1
Node 51 28 22.0227
Pkt 154 320 0.48125 1
Pkt 144 300 0.48 1
Node 56 72 22.8035
Pkt 360 750 0.48 1
Pkt 384 800 0.48 1
Node 64 55 14.8661
Pkt 116 240 0.483333 1
Pkt 48 100 0.48 1
Rate:962.113
==========
==========35
7 0 2 24000
Node 56 35 16.1555
Pkt 48 100 0.48 1
Pkt 58 120 0.483333 1
Node 43 73 24.0416
Pkt 144 300 0.48 1
Pkt 192 400 0.48 1
Node 49 41 9.05539
Pkt 360 750 0.48 1
Pkt 384 800 0.48 1
Node 40 36 17.2047
Pkt 93 192 0.484375 1
Pkt 58 120 0.483333 1
Node 48 29 21.095
Pkt 180 375 0.48 1
Pkt 180 375 0.48 1
Node 72 73 31.8277
Pkt 360 750 0.48 1
Pkt 360 750 0.48 1
Node 38 63 17.6918
Pkt 48 100 0.48 1
Pkt 93 192 0.484375 1
Rate:962.202
==========
==========36
7 0 2 24000
Node 62 30 23.3238
Pkt 48 100 0.48 1
Pkt 60 125 0.48 1
Node 26 31 30.6105
Pkt 192 400 0.48 1
Pkt 192 400 0.48 1
Node 70 50 20
Pkt 384 800 0.48 1
Pkt 360 750 0.48 1
Node 26 27 33.2415
Pkt 58 120 0.483333 1
Pkt 72 150 0.48 1
Node 64 41 16.6433
Pkt 231 480 0.48125 1
Pkt 231 480 0.48125 1
Node 40 53 10.4403
Pkt 384 800 0.48 1
Pkt 360 750 0.48 1
Node 49 25 25.02
Pkt 58 120 0.483333 1
Pkt 58 120 0.483333 1
Rate:961.786
==========
==========37
7 0 2 24000
Node 61 37 17.0294
Pkt 58 120 0.483333 1
Pkt 120 250 0.48 1
Node 42 30 21.5407
Pkt 144 300 0.48 1
Pkt 180 375 0.48 1
Node 50 49 1
Pkt 360 750 0.48 1
Pkt 384 800 0.48 1
Node 35 71 25.807
Pkt 120 250 0.48 1
Pkt 120 250 0.48 1
Node 59 28 23.7697
Pkt 180 375 0.48 1
Pkt 154 320 0.48125 1
Node 48 54 4.47214
Pkt 360 750 0.48 1
Pkt 360 750 0.48 1
Node 28 41 23.7697
Pkt 96 200 0.48 1
Pkt 96 200 0.48 1
Rate:960.655
==========
==========38
7 0 2 24000
Node 43 49 7.07107
Pkt 77 160 0.48125 1
Pkt 93 192 0.484375 1
Node 52 51 2.23607
Pkt 192 400 0.48 1
Pkt 144 300 0.48 1
Node 67 51 17.0294
Pkt 384 800 0.48 1
Pkt 360 750 0.48 1
Node 49 55 5.09902
Pkt 93 192 0.484375 1
Pkt 48 100 0.48 1
Node 52 28 22.0907
Pkt 154 320 0.48125 1
Pkt 231 480 0.48125 1
Node 37 50 13
Pkt 384 800 0.48 1
Pkt 360 750 0.48 1
Node 57 37 14.7648
Pkt 120 250 0.48 1
Pkt 120 250 0.48 1
Rate:961.786
==========
==========39
7 0 2 24000
Node 63 39 17.0294
Pkt 77 160 0.48125 1
Pkt 58 120 0.483333 1
Node 60 73 25.0799
Pkt 154 320 0.48125 1
Pkt 144 300 0.48 1
Node 74 31 30.6105
Pkt 360 750 0.48 1
Pkt 384 800 0.48 1
Node 32 31 26.1725
Pkt 72 150 0.48 1
Pkt 58 120 0.483333 1
Node 60 45 11.1803
Pkt 231 480 0.48125 1
Pkt 192 400 0.48 1
Node 35 46 15.5242
Pkt 384 800 0.48 1
Pkt 384 800 0.48 1
Node 32 47 18.2483
Pkt 72 150 0.48 1
Pkt 48 100 0.48 1
Rate:961.488
==========
==========40
7 0 2 24000
Node 67 32 24.7588
Pkt 96 200 0.48 1
Pkt 77 160 0.48125 1
Node 36 62 18.4391
Pkt 231 480 0.48125 1
Pkt 180 375 0.48 1
Node 50 30 20
Pkt 384 800 0.48 1
Pkt 384 800 0.48 1
Node 36 67 22.0227
Pkt 93 192 0.484375 1
Pkt 60 125 0.48 1
Node 70 30 28.2843
Pkt 180 375 0.48 1
Pkt 180 375 0.48 1
Node 29 30 29
Pkt 360 750 0.48 1
Pkt 384 800 0.48 1
Node 28 42 23.4094
Pkt 58 120 0.483333 1
Pkt 72 150 0.48 1
Rate:961.458
==========
==========41
7 0 2 24000
Node 74 47 24.1868
Pkt 120 250 0.48 1
Pkt 48 100 0.48 1
Node 45 68 18.6815
Pkt 144 300 0.48 1
Pkt 231 480 0.48125 1
Node 27 58 24.3516
Pkt 360 750 0.48 1
Pkt 360 750 0.48 1
Node 68 74 30
Pkt 72 150 0.48 1
Pkt 60 125 0.48 1
Node 52 28 22.0907
Pkt 192 400 0.48 1
Pkt 180 375 0.48 1
Node 34 51 16.0312
Pkt 360 750 0.48 1
Pkt 384 800 0.48 1
Node 65 55 15.8114
Pkt 120 250 0.48 1
Pkt 48 100 0.48 1
Rate:960.179
==========
==========42
7 0 2 24000
Node 25 72 33.3017
Pkt 77 160 0.48125 1
Pkt 60 125 0.48 1
Node 27 31 29.8329
Pkt 180 375 0.48 1
Pkt 154 320 0.48125 1
Node 58 30 21.5407
Pkt 384 800 0.48 1
Pkt 384 800 0.48 1
Node 72 51 22.0227
Pkt 93 192 0.484375 1
Pkt 93 192 0.484375 1
Node 40 73 25.0799
Pkt 231 480 0.48125 1
Pkt 144 300 0.48 1
Node 61 54 11.7047
Pkt 360 750 0.48 1
Pkt 360 750 0.48 1
Node 32 66 24.0832
Pkt 60 125 0.48 1
Pkt 116 240 0.483333 1
Rate:962.262
==========
==========43
7 0 2 24000
Node 30 46 20.3961
Pkt 96 200 0.48 1
Pkt 77 160 0.48125 1
Node 56 54 7.2111
Pkt 144 300 0.48 1
Pkt 154 320 0.48125 1
Node 74 65 28.3019
Pkt 384 800 0.48 1
Pkt 384 800 0.48 1
Node 55 43 8.60233
Pkt 58 120 0.483333 1
Pkt 116 240 0.483333 1
Node 48 49 2.23607
Pkt 192 400 0.48 1
Pkt 144 300 0.48 1
Node 29 54 21.3776
Pkt 360 750 0.48 1
Pkt 384 800 0.48 1
Node 64 39 17.8045
Pkt 58 120 0.483333 1
Pkt 77 160 0.48125 1
Rate:961.964
==========
==========44
7 0 2 24000
Node 67 74 29.4109
Pkt 116 240 0.483333 1
Pkt 72 150 0.48 1
Node 67 46 17.4642
Pkt 231 480 0.48125 1
Pkt 231 480 0.48125 1
Node 33 39 20.2485
Pkt 360 750 0.48 1
Pkt 384 800 0.48 1
Node 62 33 20.8087
Pkt 60 125 0.48 1
Pkt 48 100 0.48 1
Node 35 33 22.6716
Pkt 231 480 0.48125 1
Pkt 192 400 0.48 1
Node 26 33 29.4109
Pkt 360 750 0.48 1
Pkt 360 750 0.48 1
Node 33 45 17.72
Pkt 58 120 0.483333 1
Pkt 72 150 0.48 1
Rate:961.488
==========
==========45
7 0 2 24000
Node 56 44 8.48528
Pkt 77 160 0.48125 1
Pkt 60 125 0.48 1
Node 47 40 10.4403
Pkt 144 300 0.48 1
Pkt 144 300 0.48 1
Node 50 39 11
Pkt 384 800 0.48 1
Pkt 360 750 0.48 1
Node 35 61 18.6011
Pkt 48 100 0.48 1
Pkt 60 125 0.48 1
Node 72 51 22.0227
Pkt 144 300 0.48 1
Pkt 192 400 0.48 1
Node 62 41 15
Pkt 384 800 0.48 1
Pkt 384 800 0.48 1
Node 69 38 22.4722
Pkt 48 100 0.48 1
Pkt 120 250 0.48 1
Rate:960.179
==========
==========46
7 0 2 24000
Node 30 56 20.8806
Pkt 72 150 0.48 1
Pkt 120 250 0.48 1
Node 29 26 31.8904
Pkt 231 480 0.48125 1
Pkt 231 480 0.48125 1
Node 73 27 32.5269
Pkt 384 800 0.48 1
Pkt 384 800 0.48 1
Node 72 41 23.7697
Pkt 93 192 0.484375 1
Pkt 58 120 0.483333 1
Node 62 28 25.0599
Pkt 231 480 0.48125 1
Pkt 192 400 0.48 1
Node 42 34 17.8885
Pkt 384 800 0.48 1
Pkt 360 750 0.48 1
Node 67 53 17.2627
Pkt 116 240 0.483333 1
Pkt 116 240 0.483333 1
Rate:962.589
==========
==========47
7 0 2 24000
Node 34 54 16.4924
Pkt 48 100 0.48 1
Pkt 60 125 0.48 1
Node 50 43 7
Pkt 192 400 0.48 1
Pkt 231 480 0.48125 1
Node 68 36 22.8035
Pkt 384 800 0.48 1
Pkt 360 750 0.48 1
Node 55 71 21.587
Pkt 77 160 0.48125 1
Pkt 120 250 0.48 1
Node 35 46 15.5242
Pkt 144 300 0.48 1
Pkt 192 400 0.48 1
Node 45 53 5.83095
Pkt 384 800 0.48 1
Pkt 384 800 0.48 1
Node 40 57 12.2066
Pkt 93 192 0.484375 1
Pkt 120 250 0.48 1
Rate:960.982
==========
==========48
7 0 2 24000
Node 53 71 21.2132
Pkt 120 250 0.48 1
Pkt 96 200 0.48 1
Node 50 25 25
Pkt 231 480 0.48125 1
Pkt 180 375 0.48 1
Node 59 58 12.0416
Pkt 360 750 0.48 1
Pkt 360 750 0.48 1
Node 70 33 26.2488
Pkt 116 240 0.483333 1
Pkt 77 160 0.48125 1
Node 45 63 13.9284
Pkt 192 400 0.48 1
Pkt 231 480 0.48125 1
Node 46 72 22.3607
Pkt 384 800 0.48 1
Pkt 384 800 0.48 1
Node 61 25 27.313
Pkt 120 250 0.48 1
Pkt 72 150 0.48 1
Rate:961.012
==========
==========49
7 0 2 24000
Node 74 41 25.632
Pkt 72 150 0.48 1
Pkt 120 250 0.48 1
Node 73 37 26.4197
Pkt 231 480 0.48125 1
Pkt 192 400 0.48 1
Node 27 64 26.9258
Pkt 360 750 0.48 1
Pkt 360 750 0.48 1
Node 40 39 14.8661
Pkt 60 125 0.48 1
Pkt 116 240 0.483333 1
Node 51 65 15.0333
Pkt 180 375 0.48 1
Pkt 180 375 0.48 1
Node 27 48 23.0868
Pkt 360 750 0.48 1
Pkt 384 800 0.48 1
Node 62 62 16.9706
Pkt 72 150 0.48 1
Pkt 96 200 0.48 1
Rate:960.655
==========
==========50
7 0 2 24000
Node 70 47 20.2237
Pkt 48 100 0.48 1
Pkt 77 160 0.48125 1
Node 28 67 27.8029
Pkt 180 375 0.48 1
Pkt 192 400 0.48 1
Node 50 63 13
Pkt 384 800 0.48 1
Pkt 384 800 0.48 1
Node 54 45 6.40312
Pkt 120 250 0.48 1
Pkt 120 250 0.48 1
Node 26 44 24.7386
Pkt 231 480 0.48125 1
Pkt 154 320 0.48125 1
Node 29 50 21
Pkt 384 800 0.48 1
Pkt 360 750 0.48 1
Node 59 35 17.4929
Pkt 96 200 0.48 1
Pkt 93 192 0.484375 1
Rate:961.161
==========
==========51
7 0 2 24000
Node 58 50 8
Pkt 58 120 0.483333 1
Pkt 60 125 0.48 1
Node 71 43 22.1359
Pkt 144 300 0.48 1
Pkt 180 375 0.48 1
Node 36 51 14.0357
Pkt 360 750 0.48 1
Pkt 360 750 0.48 1
Node 32 72 28.4253
Pkt 72 150 0.48 1
Pkt 93 192 0.484375 1
Node 45 64 14.8661
Pkt 144 300 0.48 1
Pkt 192 400 0.48 1
Node 28 73 31.8277
Pkt 384 800 0.48 1
Pkt 360 750 0.48 1
Node 31 27 29.8329
Pkt 72 150 0.48 1
Pkt 60 125 0.48 1
Rate:961.101
==========
==========52
7 0 2 24000
Node 28 56 22.8035
Pkt 116 240 0.483333 1
Pkt 96 200 0.48 1
Node 58 49 8.06226
Pkt 180 375 0.48 1
Pkt 180 375 0.48 1
Node 53 53 4.24264
Pkt 360 750 0.48 1
Pkt 384 800 0.48 1
Node 68 38 21.6333
Pkt 48 100 0.48 1
Pkt 60 125 0.48 1
Node 47 69 19.2354
Pkt 231 480 0.48125 1
Pkt 154 320 0.48125 1
Node 48 70 20.0998
Pkt 384 800 0.48 1
Pkt 384 800 0.48 1
Node 27 37 26.4197
Pkt 93 192 0.484375 1
Pkt 48 100 0.48 1
Rate:961.458
==========
==========53
7 0 2 24000
Node 68 31 26.1725
Pkt 77 160 0.48125 1
Pkt 96 200 0.48 1
Node 44 36 15.2315
Pkt 180 375 0.48 1
Pkt 231 480 0.48125 1
Node 50 51 1
Pkt 360 750 0.48 1
Pkt 360 750 0.48 1
Node 30 28 29.7321
Pkt 60 125 0.48 1
Pkt 77 160 0.48125 1
Node 53 57 7.61577
Pkt 192 400 0.48 1
Pkt 180 375 0.48 1
Node 39 36 17.8045
Pkt 360 750 0.48 1
Pkt 360 750 0.48 1
Node 37 53 13.3417
Pkt 72 150 0.48 1
Pkt 116 240 0.483333 1
Rate:961.012
==========
==========54
7 0 2 24000
Node 42 42 11.3137
Pkt 96 200 0.48 1
Pkt 72 150 0.48 1
Node 66 34 22.6274
Pkt 144 300 0.48 1
Pkt 192 400 0.48 1
Node 43 74 25
Pkt 360 750 0.48 1
Pkt 384 800 0.48 1
Node 36 70 24.4131
Pkt 72 150 0.48 1
Pkt 58 120 0.483333 1
Node 25 62 27.7308
Pkt 144 300 0.48 1
Pkt 231 480 0.48125 1
Node 47 63 13.3417
Pkt 384 800 0.48 1
Pkt 384 800 0.48 1
Node 62 45 13
Pkt 60 125 0.48 1
Pkt 58 120 0.483333 1
Rate:961.131
==========
==========55
7 0 2 24000
Node 73 65 27.4591
Pkt 48 100 0.48 1
Pkt 116 240 0.483333 1
Node 37 66 20.6155
Pkt 180 375 0.48 1
Pkt 231 480 0.48125 1
Node 29 72 30.4138
Pkt 360 750 0.48 1
Pkt 360 750 0.48 1
Node 67 39 20.2485
Pkt 48 100 0.48 1
Pkt 93 192 0.484375 1
Node 54 59 9.84886
Pkt 192 400 0.48 1
Pkt 231 480 0.48125 1
Node 34 74 28.8444
Pkt 360 750 0.48 1
Pkt 384 800 0.48 1
Node 43 61 13.0384
Pkt 77 160 0.48125 1
Pkt 120 250 0.48 1
Rate:961.637
==========
==========56
7 0 2 24000
Node 47 36 14.3178
Pkt 60 125 0.48 1
Pkt 96 200 0.48 1
Node 39 44 12.53
Pkt 144 300 0.48 1
Pkt 231 480 0.48125 1
Node 50 73 23
Pkt 384 800 0.48 1
Pkt 360 750 0.48 1
Node 32 49 18.0278
Pkt 48 100 0.48 1
Pkt 48 100 0.48 1
Node 69 60 21.4709
Pkt 144 300 0.48 1
Pkt 192 400 0.48 1
Node 29 39 23.7065
Pkt 360 750 0.48 1
Pkt 384 800 0.48 1
Node 27 25 33.9706
Pkt 60 125 0.48 1
Pkt 60 125 0.48 1
Rate:960.179
==========
==========57
7 0 2 24000
Node 25 67 30.2324
Pkt 120 250 0.48 1
Pkt 77 160 0.48125 1
Node 50 41 9
Pkt 192 400 0.48 1
Pkt 144 300 0.48 1
Node 71 61 23.7065
Pkt 384 800 0.48 1
Pkt 360 750 0.48 1
Node 66 53 16.2788
Pkt 120 250 0.48 1
Pkt 120 250 0.48 1
Node 60 28 24.1661
Pkt 144 300 0.48 1
Pkt 192 400 0.48 1
Node 57 30 21.1896
Pkt 360 750 0.48 1
Pkt 360 750 0.48 1
Node 63 68 22.2036
Pkt 58 120 0.483333 1
Pkt 93 192 0.484375 1
Rate:961.28
==========
==========58
7 0 2 24000
Node 34 69 24.8395
Pkt 116 240 0.483333 1
Pkt 93 192 0.484375 1
Node 27 44 23.7697
Pkt 192 400 0.48 1
Pkt 144 300 0.48 1
Node 29 37 24.6982
Pkt 384 800 0.48 1
Pkt 384 800 0.48 1
Node 25 53 25.1794
Pkt 60 125 0.48 1
Pkt 72 150 0.48 1
Node 62 44 13.4164
Pkt 192 400 0.48 1
Pkt 144 300 0.48 1
Node 37 50 13
Pkt 360 750 0.48 1
Pkt 360 750 0.48 1
Node 69 30 27.5862
Pkt 72 150 0.48 1
Pkt 96 200 0.48 1
Rate:961.101
==========
==========59
7 0 2 24000
Node 43 36 15.6525
Pkt 48 100 0.48 1
Pkt 96 200 0.48 1
Node 61 62 16.2788
Pkt 144 300 0.48 1
Pkt 144 300 0.48 1
Node 72 28 31.1127
Pkt 360 750 0.48 1
Pkt 384 800 0.48 1
Node 66 41 18.3576
Pkt 120 250 0.48 1
Pkt 60 125 0.48 1
Node 74 54 24.3311
Pkt 144 300 0.48 1
Pkt 192 400 0.48 1
Node 28 46 22.3607
Pkt 360 750 0.48 1
Pkt 384 800 0.48 1
Node 25 50 25
Pkt 72 150 0.48 1
Pkt 48 100 0.48 1
Rate:960
==========
==========60
7 0 2 24000
Node 55 74 24.5153
Pkt 116 240 0.483333 1
Pkt 120 250 0.48 1
Node 33 51 17.0294
Pkt 192 400 0.48 1
Pkt 180 375 0.48 1
Node 49 48 2.23607
Pkt 384 800 0.48 1
Pkt 384 800 0.48 1
Node 33 65 22.6716
Pkt 48 100 0.48 1
Pkt 60 125 0.48 1
Node 33 62 20.8087
Pkt 231 480 0.48125 1
Pkt 192 400 0.48 1
Node 71 35 25.807
Pkt 360 750 0.48 1
Pkt 360 750 0.48 1
Node 45 32 18.6815
Pkt 96 200 0.48 1
Pkt 58 120 0.483333 1
Rate:961.131
==========
==========61
7 0 2 24000
Node 50 57 7
Pkt 116 240 0.483333 1
Pkt 93 192 0.484375 1
Node 64 25 28.6531
Pkt 180 375 0.48 1
Pkt 144 300 0.48 1
Node 68 42 19.6977
Pkt 360 750 0.48 1
Pkt 360 750 0.48 1
Node 52 49 2.23607
Pkt 60 125 0.48 1
Pkt 77 160 0.48125 1
Node 53 49 3.16228
Pkt 154 320 0.48125 1
Pkt 144 300 0.48 1
Node 59 43 11.4018
Pkt 384 800 0.48 1
Pkt 360 750 0.48 1
Node 27 56 23.7697
Pkt 60 125 0.48 1
Pkt 116 240 0.483333 1
Rate:961.935
==========
==========62
7 0 2 24000
Node 49 41 9.05539
Pkt 48 100 0.48 1
Pkt 58 120 0.483333 1
Node 38 27 25.9422
Pkt 180 375 0.48 1
Pkt 180 375 0.48 1
Node 37 34 20.6155
Pkt 360 750 0.48 1
Pkt 384 800 0.48 1
Node 59 72 23.7697
Pkt 58 120 0.483333 1
Pkt 120 250 0.48 1
Node 53 38 12.3693
Pkt 231 480 0.48125 1
Pkt 231 480 0.48125 1
Node 28 57 23.0868
Pkt 360 750 0.48 1
Pkt 384 800 0.48 1
Node 70 29 29
Pkt 48 100 0.48 1
Pkt 77 160 0.48125 1
Rate:961.488
==========
==========63
7 0 2 24000
Node 73 58 24.3516
Pkt 72 150 0.48 1
Pkt 48 100 0.48 1
Node 54 71 21.3776
Pkt 154 320 0.48125 1
Pkt 231 480 0.48125 1
Node 65 30 25
Pkt 384 800 0.48 1
Pkt 384 800 0.48 1
Node 45 33 17.72
Pkt 60 125 0.48 1
Pkt 93 192 0.484375 1
Node 40 44 11.6619
Pkt 180 375 0.48 1
Pkt 144 300 0.48 1
Node 38 36 18.4391
Pkt 384 800 0.48 1
Pkt 384 800 0.48 1
Node 59 44 10.8167
Pkt 72 150 0.48 1
Pkt 58 120 0.483333 1
Rate:961.458
==========
==========64
7 0 2 24000
Node 37 64 19.105
Pkt 72 150 0.48 1
Pkt 93 192 0.484375 1
Node 44 45 7.81025
Pkt 154 320 0.48125 1
Pkt 154 320 0.48125 1
Node 30 42 21.5407
Pkt 384 800 0.48 1
Pkt 384 800 0.48 1
Node 67 44 18.0278
Pkt 96 200 0.48 1
Pkt 77 160 0.48125 1
Node 38 65 19.2094
Pkt 180 375 0.48 1
Pkt 192 400 0.48 1
Node 65 63 19.8494
Pkt 360 750 0.48 1
Pkt 360 750 0.48 1
Node 43 69 20.2485
Pkt 120 250 0.48 1
Pkt 58 120 0.483333 1
Rate:961.637
==========
==========65
7 0 2 24000
Node 70 70 28.2843
Pkt 96 200 0.48 1
Pkt 77 160 0.48125 1
Node 37 70 23.8537
Pkt 180 375 0.48 1
Pkt 180 375 0.48 1
Node 53 25 25.1794
Pkt 360 750 0.48 1
Pkt 360 750 0.48 1
Node 57 53 7.61577
Pkt 96 200 0.48 1
Pkt 77 160 0.48125 1
Node 31 72 29.0689
Pkt 154 320 0.48125 1
Pkt 192 400 0.48 1
Node 73 28 31.8277
Pkt 384 800 0.48 1
Pkt 384 800 0.48 1
Node 65 60 18.0278
Pkt 60 125 0.48 1
Pkt 96 200 0.48 1
Rate:960.536
==========
==========66
7 0 2 24000
Node 47 30 20.2237
Pkt 120 250 0.48 1
Pkt 120 250 0.48 1
Node 72 60 24.1661
Pkt 192 400 0.48 1
Pkt 180 375 0.48 1
Node 43 74 25
Pkt 360 750 0.48 1
Pkt 384 800 0.48 1
Node 66 64 21.2603
Pkt 72 150 0.48 1
Pkt 60 125 0.48 1
Node 44 39 12.53
Pkt 154 320 0.48125 1
Pkt 231 480 0.48125 1
Node 71 69 28.3196
Pkt 360 750 0.48 1
Pkt 384 800 0.48 1
Node 68 73 29.2062
Pkt 116 240 0.483333 1
Pkt 116 240 0.483333 1
Rate:961.31
==========
==========67
7 0 2 24000
Node 36 72 26.0768
Pkt 58 120 0.483333 1
Pkt 77 160 0.48125 1
Node 44 59 10.8167
Pkt 192 400 0.48 1
Pkt 231 480 0.48125 1
Node 67 54 17.4642
Pkt 360 750 0.48 1
Pkt 384 800 0.48 1
Node 56 38 13.4164
Pkt 77 160 0.48125 1
Pkt 77 160 0.48125 1
Node 51 70 20.025
Pkt 231 480 0.48125 1
Pkt 180 375 0.48 1
Node 27 65 27.4591
Pkt 360 750 0.48 1
Pkt 384 800 0.48 1
Node 73 26 33.2415
Pkt 48 100 0.48 1
Pkt 72 150 0.48 1
Rate:961.369
==========
==========68
7 0 2 24000
Node 33 28 27.8029
Pkt 58 120 0.483333 1
Pkt 60 125 0.48 1
Node 39 46 11.7047
Pkt 180 375 0.48 1
Pkt 144 300 0.48 1
Node 29 45 21.587
Pkt 384 800 0.48 1
Pkt 384 800 0.48 1
Node 60 47 10.4403
Pkt 58 120 0.483333 1
Pkt 96 200 0.48 1
Node 60 48 10.198
Pkt 154 320 0.48125 1
Pkt 180 375 0.48 1
Node 30 48 20.0998
Pkt 360 750 0.48 1
Pkt 360 750 0.48 1
Node 37 50 13
Pkt 96 200 0.48 1
Pkt 58 120 0.483333 1
Rate:961.607
==========
==========69
7 0 2 24000
Node 39 29 23.7065
Pkt 93 192 0.484375 1
Pkt 72 150 0.48 1
Node 63 48 13.1529
Pkt 231 480 0.48125 1
Pkt 144 300 0.48 1
Node 51 40 10.0499
Pkt 360 750 0.48 1
Pkt 360 750 0.48 1
Node 57 69 20.2485
Pkt 77 160 0.48125 1
Pkt 93 192 0.484375 1
Node 54 66 16.4924
Pkt 231 480 0.48125 1
Pkt 192 400 0.48 1
Node 31 74 30.6105
Pkt 360 750 0.48 1
Pkt 384 800 0.48 1
Node 58 67 18.7883
Pkt 58 120 0.483333 1
Pkt 60 125 0.48 1
Rate:962.262
==========
==========70
7 0 2 24000
Node 25 69 31.4006
Pkt 48 100 0.48 1
Pkt 77 160 0.48125 1
Node 25 26 34.6554
Pkt 144 300 0.48 1
Pkt 192 400 0.48 1
Node 62 65 19.2094
Pkt 384 800 0.48 1
Pkt 360 750 0.48 1
Node 46 30 20.3961
Pkt 93 192 0.484375 1
Pkt 77 160 0.48125 1
Node 28 53 22.2036
Pkt 192 400 0.48 1
Pkt 192 400 0.48 1
Node 51 62 12.0416
Pkt 384 800 0.48 1
Pkt 384 800 0.48 1
Node 53 31 19.2354
Pkt 48 100 0.48 1
Pkt 60 125 0.48 1
Rate:960.982
==========
==========71
7 0 2 24000
Node 41 68 20.1246
Pkt 72 150 0.48 1
Pkt 93 192 0.484375 1
Node 27 30 30.4795
Pkt 192 400 0.48 1
Pkt 154 320 0.48125 1
Node 34 58 17.8885
Pkt 360 750 0.48 1
Pkt 360 750 0.48 1
Node 55 52 5.38516
Pkt 60 125 0.48 1
Pkt 72 150 0.48 1
Node 65 33 22.6716
Pkt 231 480 0.48125 1
Pkt 192 400 0.48 1
Node 71 60 23.2594
Pkt 384 800 0.48 1
Pkt 360 750 0.48 1
Node 72 56 22.8035
Pkt 120 250 0.48 1
Pkt 72 150 0.48 1
Rate:960.982
==========
==========72
7 0 2 24000
Node 73 49 23.0217
Pkt 72 150 0.48 1
Pkt 96 200 0.48 1
Node 26 66 28.8444
Pkt 180 375 0.48 1
Pkt 231 480 0.48125 1
Node 34 49 16.0312
Pkt 384 800 0.48 1
Pkt 360 750 0.48 1
Node 46 61 11.7047
Pkt 60 125 0.48 1
Pkt 48 100 0.48 1
Node 73 63 26.4197
Pkt 231 480 0.48125 1
Pkt 180 375 0.48 1
Node 66 41 18.3576
Pkt 384 800 0.48 1
Pkt 384 800 0.48 1
Node 38 52 12.1655
Pkt 48 100 0.48 1
Pkt 60 125 0.48 1
Rate:960.357
==========
==========73
7 0 2 24000
Node 29 27 31.1448
Pkt 93 192 0.484375 1
Pkt 96 200 0.48 1
Node 36 68 22.8035
Pkt 144 300 0.48 1
Pkt 154 320 0.48125 1
Node 32 36 22.8035
Pkt 384 800 0.48 1
Pkt 360 750 0.48 1
Node 70 73 30.4795
Pkt 58 120 0.483333 1
Pkt 58 120 0.483333 1
Node 71 27 31.1448
Pkt 180 375 0.48 1
Pkt 180 375 0.48 1
Node 69 72 29.0689
Pkt 360 750 0.48 1
Pkt 384 800 0.48 1
Node 46 71 21.3776
Pkt 93 192 0.484375 1
Pkt 60 125 0.48 1
Rate:962.381
==========
==========74
7 0 2 24000
Node 55 31 19.6469
Pkt 72 150 0.48 1
Pkt 96 200 0.48 1
Node 50 48 2
Pkt 154 320 0.48125 1
Pkt 231 480 0.48125 1
Node 44 72 22.8035
Pkt 360 750 0.48 1
Pkt 384 800 0.48 1
Node 32 53 18.2483
Pkt 48 100 0.48 1
Pkt 77 160 0.48125 1
Node 26 70 31.241
Pkt 231 480 0.48125 1
Pkt 192 400 0.48 1
Node 71 59 22.8473
Pkt 384 800 0.48 1
Pkt 360 750 0.48 1
Node 60 48 10.198
Pkt 93 192 0.484375 1
Pkt 60 125 0.48 1
Rate:961.339
==========
==========75
7 0 2 24000
Node 48 33 17.1172
Pkt 58 120 0.483333 1
Pkt 120 250 0.48 1
Node 39 55 12.083
Pkt 180 375 0.48 1
Pkt 154 320 0.48125 1
Node 52 36 14.1421
Pkt 384 800 0.48 1
Pkt 384 800 0.48 1
Node 32 39 21.095
Pkt 93 192 0.484375 1
Pkt 48 100 0.48 1
Node 68 51 18.0278
Pkt 144 300 0.48 1
Pkt 180 375 0.48 1
Node 66 69 24.8395
Pkt 384 800 0.48 1
Pkt 360 750 0.48 1
Node 69 67 25.4951
Pkt 48 100 0.48 1
Pkt 93 192 0.484375 1
Rate:961.905
==========
==========76
7 0 2 24000
Node 48 56 6.32456
Pkt 77 160 0.48125 1
Pkt 60 125 0.48 1
Node 50 73 23
Pkt 154 320 0.48125 1
Pkt 154 320 0.48125 1
Node 65 28 26.6271
Pkt 384 800 0.48 1
Pkt 384 800 0.48 1
Node 33 54 17.4642
Pkt 96 200 0.48 1
Pkt 72 150 0.48 1
Node 59 30 21.9317
Pkt 192 400 0.48 1
Pkt 144 300 0.48 1
Node 48 42 8.24621
Pkt 384 800 0.48 1
Pkt 360 750 0.48 1
Node 38 67 20.8087
Pkt 48 100 0.48 1
Pkt 120 250 0.48 1
Rate:960.536
==========
==========77
7 0 2 24000
Node 57 29 22.1359
Pkt 48 100 0.48 1
Pkt 58 120 0.483333 1
Node 31 73 29.8329
Pkt 192 400 0.48 1
Pkt 192 400 0.48 1
Node 52 47 3.60555
Pkt 360 750 0.48 1
Pkt 360 750 0.48 1
Node 64 25 28.6531
Pkt 60 125 0.48 1
Pkt 96 200 0.48 1
Node 42 25 26.2488
Pkt 180 375 0.48 1
Pkt 180 375 0.48 1
Node 54 30 20.3961
Pkt 360 750 0.48 1
Pkt 360 750 0.48 1
Node 31 73 29.8329
Pkt 120 250 0.48 1
Pkt 48 100 0.48 1
Rate:960.476
==========
==========78
7 0 2 24000
Node 59 64 16.6433
Pkt 58 120 0.483333 1
Pkt 120 250 0.48 1
Node 60 39 14.8661
Pkt 144 300 0.48 1
Pkt 180 375 0.48 1
Node 68 40 20.5913
Pkt 384 800 0.48 1
Pkt 360 750 0.48 1
Node 52 68 18.1108
Pkt 116 240 0.483333 1
Pkt 77 160 0.48125 1
Node 58 50 8
Pkt 154 320 0.48125 1
Pkt 192 400 0.48 1
Node 71 39 23.7065
Pkt 360 750 0.48 1
Pkt 384 800 0.48 1
Node 45 26 24.5153
Pkt 48 100 0.48 1
Pkt 77 160 0.48125 1
Rate:961.488
==========
==========79
7 0 2 24000
Node 73 45 23.5372
Pkt 58 120 0.483333 1
Pkt 72 150 0.48 1
Node 38 67 20.8087
Pkt 231 480 0.48125 1
Pkt 192 400 0.48 1
Node 66 29 26.4008
Pkt 384 800 0.48 1
Pkt 384 800 0.48 1
Node 69 58 20.6155
Pkt 96 200 0.48 1
Pkt 120 250 0.48 1
Node 69 33 25.4951
Pkt 180 375 0.48 1
Pkt 180 375 0.48 1
Node 35 65 21.2132
Pkt 384 800 0.48 1
Pkt 360 750 0.48 1
Node 64 63 19.105
Pkt 48 100 0.48 1
Pkt 58 120 0.483333 1
Rate:961.131
==========
==========80
7 0 2 24000
Node 64 34 21.2603
Pkt 48 100 0.48 1
Pkt 96 200 0.48 1
Node 25 74 34.6554
Pkt 192 400 0.48 1
Pkt 180 375 0.48 1
Node 27 31 29.8329
Pkt 384 800 0.48 1
Pkt 360 750 0.48 1
Node 52 38 12.1655
Pkt 48 100 0.48 1
Pkt 77 160 0.48125 1
Node 73 34 28.0179
Pkt 180 375 0.48 1
Pkt 192 400 0.48 1
Node 28 31 29.0689
Pkt 360 750 0.48 1
Pkt 360 750 0.48 1
Node 55 60 11.1803
Pkt 77 160 0.48125 1
Pkt 77 160 0.48125 1
Rate:960.536
==========
==========81
7 0 2 24000
Node 73 36 26.9258
Pkt 60 125 0.48 1
Pkt 96 200 0.48 1
Node 72 63 25.5539
Pkt 180 375 0.48 1
Pkt 180 375 0.48 1
Node 51 25 25.02
Pkt 360 750 0.48 1
Pkt 360 750 0.48 1
Node 57 73 24.0416
Pkt 116 240 0.483333 1
Pkt 93 192 0.484375 1
Node 64 37 19.105
Pkt 231 480 0.48125 1
Pkt 154 320 0.48125 1
Node 69 45 19.6469
Pkt 360 750 0.48 1
Pkt 360 750 0.48 1
Node 55 57 8.60233
Pkt 77 160 0.48125 1
Pkt 77 160 0.48125 1
Rate:961.815
==========
==========82
7 0 2 24000
Node 28 61 24.5967
Pkt 72 150 0.48 1
Pkt 93 192 0.484375 1
Node 74 71 31.8904
Pkt 144 300 0.48 1
Pkt 180 375 0.48 1
Node 63 46 13.6015
Pkt 384 800 0.48 1
Pkt 384 800 0.48 1
Node 73 65 27.4591
Pkt 72 150 0.48 1
Pkt 72 150 0.48 1
Node 60 48 10.198
Pkt 154 320 0.48125 1
Pkt 231 480 0.48125 1
Node 64 34 21.2603
Pkt 384 800 0.48 1
Pkt 384 800 0.48 1
Node 41 45 10.2956
Pkt 93 192 0.484375 1
Pkt 77 160 0.48125 1
Rate:961.786
==========
==========83
7 0 2 24000
Node 46 71 21.3776
Pkt 48 100 0.48 1
Pkt 120 250 0.48 1
Node 48 71 21.095
Pkt 192 400 0.48 1
Pkt 144 300 0.48 1
Node 26 37 27.2947
Pkt 384 800 0.48 1
Pkt 384 800 0.48 1
Node 46 65 15.5242
Pkt 93 192 0.484375 1
Pkt 93 192 0.484375 1
Node 41 31 21.0238
Pkt 231 480 0.48125 1
Pkt 180 375 0.48 1
Node 53 68 18.2483
Pkt 360 750 0.48 1
Pkt 360 750 0.48 1
Node 30 61 22.8254
Pkt 60 125 0.48 1
Pkt 93 192 0.484375 1
Rate:962.054
==========
==========84
7 0 2 24000
Node 54 28 22.3607
Pkt 77 160 0.48125 1
Pkt 58 120 0.483333 1
Node 74 74 33.9411
Pkt 144 300 0.48 1
Pkt 192 400 0.48 1
Node 64 32 22.8035
Pkt 360 750 0.48 1
Pkt 360 750 0.48 1
Node 59 50 9
Pkt 116 240 0.483333 1
Pkt 77 160 0.48125 1
Node 36 69 23.6008
Pkt 180 375 0.48 1
Pkt 231 480 0.48125 1
Node 41 72 23.7697
Pkt 360 750 0.48 1
Pkt 360 750 0.48 1
Node 68 50 18
Pkt 58 120 0.483333 1
Pkt 93 192 0.484375 1
Rate:962.589
==========
==========85
7 0 2 24000
Node 43 67 18.3848
Pkt 93 192 0.484375 1
Pkt 58 120 0.483333 1
Node 36 68 22.8035
Pkt 180 375 0.48 1
Pkt 231 480 0.48125 1
Node 41 65 17.4929
Pkt 360 750 0.48 1
Pkt 384 800 0.48 1
Node 61 35 18.6011
Pkt 96 200 0.48 1
Pkt 58 120 0.483333 1
Node 58 30 21.5407
Pkt 180 375 0.48 1
Pkt 154 320 0.48125 1
Node 52 72 22.0907
Pkt 384 800 0.48 1
Pkt 360 750 0.48 1
Node 70 56 20.8806
Pkt 96 200 0.48 1
Pkt 77 160 0.48125 1
Rate:962.113
==========
==========86
7 0 2 24000
Node 49 39 11.0454
Pkt 93 192 0.484375 1
Pkt 60 125 0.48 1
Node 29 60 23.2594
Pkt 231 480 0.48125 1
Pkt 144 300 0.48 1
Node 43 40 12.2066
Pkt 360 750 0.48 1
Pkt 384 800 0.48 1
Node 70 71 29
Pkt 96 200 0.48 1
Pkt 72 150 0.48 1
Node 25 37 28.178
Pkt 180 375 0.48 1
Pkt 231 480 0.48125 1
Node 53 53 4.24264
Pkt 360 750 0.48 1
Pkt 360 750 0.48 1
Node 28 40 24.1661
Pkt 77 160 0.48125 1
Pkt 116 240 0.483333 1
Rate:961.637
==========
==========87
7 0 2 24000
Node 38 42 14.4222
Pkt 96 200 0.48 1
Pkt 116 240 0.483333 1
Node 28 48 22.0907
Pkt 144 300 0.48 1
Pkt 144 300 0.48 1
Node 26 58 25.2982
Pkt 360 750 0.48 1
Pkt 360 750 0.48 1
Node 27 60 25.0799
Pkt 93 192 0.484375 1
Pkt 58 120 0.483333 1
Node 56 69 19.9249
Pkt 180 375 0.48 1
Pkt 154 320 0.48125 1
Node 56 59 10.8167
Pkt 384 800 0.48 1
Pkt 384 800 0.48 1
Node 25 32 30.8058
Pkt 93 192 0.484375 1
Pkt 93 192 0.484375 1
Rate:963.006
==========
==========88
7 0 2 24000
Node 49 34 16.0312
Pkt 60 125 0.48 1
Pkt 116 240 0.483333 1
Node 32 31 26.1725
Pkt 231 480 0.48125 1
Pkt 192 400 0.48 1
Node 68 36 22.8035
Pkt 384 800 0.48 1
Pkt 360 750 0.48 1
Node 58 34 17.8885
Pkt 93 192 0.484375 1
Pkt 48 100 0.48 1
Node 61 43 13.0384
Pkt 180 375 0.48 1
Pkt 231 480 0.48125 1
Node 45 59 10.2956
Pkt 384 800 0.48 1
Pkt 360 750 0.48 1
Node 74 30 31.241
Pkt 72 150 0.48 1
Pkt 120 250 0.48 1
Rate:961.458
==========
==========89
7 0 2 24000
Node 54 28 22.3607
Pkt 120 250 0.48 1
Pkt 96 200 0.48 1
Node 26 35 28.3019
Pkt 180 375 0.48 1
Pkt 231 480 0.48125 1
Node 46 43 8.06226
Pkt 360 750 0.48 1
Pkt 384 800 0.48 1
Node 67 54 17.4642
Pkt 116 240 0.483333 1
Pkt 72 150 0.48 1
Node 69 64 23.6008
Pkt 180 375 0.48 1
Pkt 192 400 0.48 1
Node 33 36 22.0227
Pkt 360 750 0.48 1
Pkt 360 750 0.48 1
Node 37 49 13.0384
Pkt 48 100 0.48 1
Pkt 72 150 0.48 1
Rate:960.655
==========
==========90
7 0 2 24000
Node 27 71 31.1448
Pkt 93 192 0.484375 1
Pkt 60 125 0.48 1
Node 52 46 4.47214
Pkt 154 320 0.48125 1
Pkt 154 320 0.48125 1
Node 38 60 15.6205
Pkt 360 750 0.48 1
Pkt 360 750 0.48 1
Node 69 71 28.3196
Pkt 48 100 0.48 1
Pkt 72 150 0.48 1
Node 56 74 24.7386
Pkt 180 375 0.48 1
Pkt 144 300 0.48 1
Node 60 41 13.4536
Pkt 360 750 0.48 1
Pkt 384 800 0.48 1
Node 26 46 24.3311
Pkt 77 160 0.48125 1
Pkt 58 120 0.483333 1
Rate:961.637
==========
==========91
7 0 2 24000
Node 71 40 23.2594
Pkt 96 200 0.48 1
Pkt 96 200 0.48 1
Node 37 55 13.9284
Pkt 180 375 0.48 1
Pkt 180 375 0.48 1
Node 61 35 18.6011
Pkt 384 800 0.48 1
Pkt 384 800 0.48 1
Node 44 64 15.2315
Pkt 48 100 0.48 1
Pkt 48 100 0.48 1
Node 30 34 25.6125
Pkt 154 320 0.48125 1
Pkt 180 375 0.48 1
Node 69 43 20.2485
Pkt 384 800 0.48 1
Pkt 384 800 0.48 1
Node 67 63 21.4009
Pkt 93 192 0.484375 1
Pkt 120 250 0.48 1
Rate:960.804
==========
==========92
7 0 2 24000
Node 48 46 4.47214
Pkt 120 250 0.48 1
Pkt 60 125 0.48 1
Node 60 61 14.8661
Pkt 180 375 0.48 1
Pkt 154 320 0.48125 1
Node 64 51 14.0357
Pkt 384 800 0.48 1
Pkt 384 800 0.48 1
Node 65 26 28.3019
Pkt 116 240 0.483333 1
Pkt 96 200 0.48 1
Node 41 59 12.7279
Pkt 231 480 0.48125 1
Pkt 144 300 0.48 1
Node 63 42 15.2643
Pkt 384 800 0.48 1
Pkt 360 750 0.48 1
Node 47 61 11.4018
Pkt 116 240 0.483333 1
Pkt 93 192 0.484375 1
Rate:961.935
==========
==========93
7 0 2 24000
Node 37 45 13.9284
Pkt 48 100 0.48 1
Pkt 58 120 0.483333 1
Node 28 25 33.3017
Pkt 231 480 0.48125 1
Pkt 231 480 0.48125 1
Node 33 61 20.2485
Pkt 384 800 0.48 1
Pkt 384 800 0.48 1
Node 25 50 25
Pkt 116 240 0.483333 1
Pkt 93 192 0.484375 1
Node 33 36 22.0227
Pkt 154 320 0.48125 1
Pkt 144 300 0.48 1
Node 58 60 12.8062
Pkt 360 750 0.48 1
Pkt 360 750 0.48 1
Node 39 71 23.7065
Pkt 93 192 0.484375 1
Pkt 96 200 0.48 1
Rate:962.738
==========
==========94
7 0 2 24000
Node 26 50 24
Pkt 120 250 0.48 1
Pkt 72 150 0.48 1
Node 33 65 22.6716
Pkt 180 375 0.48 1
Pkt 192 400 0.48 1
Node 55 58 9.43398
Pkt 384 800 0.48 1
Pkt 360 750 0.48 1
Node 57 39 13.0384
Pkt 60 125 0.48 1
Pkt 77 160 0.48125 1
Node 67 63 21.4009
Pkt 192 400 0.48 1
Pkt 231 480 0.48125 1
Node 70 72 29.7321
Pkt 384 800 0.48 1
Pkt 384 800 0.48 1
Node 32 53 18.2483
Pkt 60 125 0.48 1
Pkt 48 100 0.48 1
Rate:960.357
==========
==========95
7 0 2 24000
Node 32 74 30
Pkt 60 125 0.48 1
Pkt 58 120 0.483333 1
Node 37 56 14.3178
Pkt 180 375 0.48 1
Pkt 154 320 0.48125 1
Node 30 51 20.025
Pkt 384 800 0.48 1
Pkt 360 750 0.48 1
Node 34 67 23.3452
Pkt 120 250 0.48 1
Pkt 72 150 0.48 1
Node 74 68 30
Pkt 180 375 0.48 1
Pkt 192 400 0.48 1
Node 52 41 9.21954
Pkt 360 750 0.48 1
Pkt 384 800 0.48 1
Node 70 73 30.4795
Pkt 93 192 0.484375 1
Pkt 72 150 0.48 1
Rate:961.28
==========
==========96
7 0 2 24000
Node 32 40 20.5913
Pkt 48 100 0.48 1
Pkt 120 250 0.48 1
Node 68 32 25.4558
Pkt 180 375 0.48 1
Pkt 192 400 0.48 1
Node 70 31 27.5862
Pkt 384 800 0.48 1
Pkt 360 750 0.48 1
Node 70 28 29.7321
Pkt 96 200 0.48 1
Pkt 93 192 0.484375 1
Node 25 68 30.8058
Pkt 154 320 0.48125 1
Pkt 192 400 0.48 1
Node 63 29 24.6982
Pkt 360 750 0.48 1
Pkt 360 750 0.48 1
Node 66 51 16.0312
Pkt 58 120 0.483333 1
Pkt 77 160 0.48125 1
Rate:961.458
==========
==========97
7 0 2 24000
Node 57 26 25
Pkt 120 250 0.48 1
Pkt 72 150 0.48 1
Node 55 60 11.1803
Pkt 144 300 0.48 1
Pkt 180 375 0.48 1
Node 63 46 13.6015
Pkt 360 750 0.48 1
Pkt 360 750 0.48 1
Node 65 60 18.0278
Pkt 58 120 0.483333 1
Pkt 93 192 0.484375 1
Node 64 67 22.0227
Pkt 154 320 0.48125 1
Pkt 192 400 0.48 1
Node 49 41 9.05539
Pkt 360 750 0.48 1
Pkt 384 800 0.48 1
Node 28 51 22.0227
Pkt 96 200 0.48 1
Pkt 60 125 0.48 1
Rate:961.28
==========
==========98
7 0 2 24000
Node 60 66 18.868
Pkt 116 240 0.483333 1
Pkt 72 150 0.48 1
Node 34 55 16.7631
Pkt 154 320 0.48125 1
Pkt 144 300 0.48 1
Node 52 58 8.24621
Pkt 360 750 0.48 1
Pkt 384 800 0.48 1
Node 67 62 20.8087
Pkt 60 125 0.48 1
Pkt 77 160 0.48125 1
Node 50 61 11
Pkt 192 400 0.48 1
Pkt 231 480 0.48125 1
Node 49 42 8.06226
Pkt 384 800 0.48 1
Pkt 360 750 0.48 1
Node 73 63 26.4197
Pkt 60 125 0.48 1
Pkt 93 192 0.484375 1
Rate:961.637
==========
==========99
