7 0 2 24000
Node 45 52 5.38516
Pkt 32 100 0.32 1
Pkt 48 150 0.32 1
Node 53 70 20.2237
Pkt 103 320 0.321875 1
Pkt 103 320 0.321875 1
Node 68 70 26.9072
Pkt 240 750 0.32 1
Pkt 240 750 0.32 1
Node 73 48 23.0868
Pkt 62 192 0.322917 1
Pkt 80 250 0.32 1
Node 69 32 26.1725
Pkt 96 300 0.32 1
Pkt 128 400 0.32 1
Node 36 30 24.4131
Pkt 240 750 0.32 1
Pkt 256 800 0.32 1
Node 54 52 4.47214
Pkt 32 100 0.32 1
Pkt 77 240 0.320833 1
Rate:641.071
==========
==========0
7 0 2 24000
Node 28 74 32.5576
Pkt 62 192 0.322917 1
Pkt 64 200 0.32 1
Node 55 28 22.561
Pkt 154 480 0.320833 1
Pkt 120 375 0.32 1
Node 70 28 29.7321
Pkt 256 800 0.32 1
Pkt 256 800 0.32 1
Node 74 47 24.1868
Pkt 52 160 0.325 1
Pkt 77 240 0.320833 1
Node 54 34 16.4924
Pkt 120 375 0.32 1
Pkt 96 300 0.32 1
Node 68 58 19.6977
Pkt 240 750 0.32 1
Pkt 256 800 0.32 1
Node 61 36 17.8045
Pkt 80 250 0.32 1
Pkt 48 150 0.32 1
Rate:641.369
==========
==========1
7 0 2 24000
Node 72 60 24.1661
Pkt 40 125 0.32 1
Pkt 80 250 0.32 1
Node 40 65 18.0278
Pkt 128 400 0.32 1
Pkt 103 320 0.321875 1
Node 45 42 9.43398
Pkt 240 750 0.32 1
Pkt 240 750 0.32 1
Node 60 33 19.7231
Pkt 64 200 0.32 1
Pkt 39 120 0.325 1
Node 65 33 22.6716
Pkt 120 375 0.32 1
Pkt 96 300 0.32 1
Node 51 52 2.23607
Pkt 256 800 0.32 1
Pkt 240 750 0.32 1
Node 63 26 27.2947
Pkt 39 120 0.325 1
Pkt 39 120 0.325 1
Rate:642.411
==========
==========2
7 0 2 24000
Node 51 74 24.0208
Pkt 48 150 0.32 1
Pkt 39 120 0.325 1
Node 73 36 26.9258
Pkt 120 375 0.32 1
Pkt 120 375 0.32 1
Node 71 64 25.2389
Pkt 256 800 0.32 1
Pkt 256 800 0.32 1
Node 61 34 19.4165
Pkt 80 250 0.32 1
Pkt 40 125 0.32 1
Node 39 71 23.7065
Pkt 128 400 0.32 1
Pkt 103 320 0.321875 1
Node 29 53 21.2132
Pkt 256 800 0.32 1
Pkt 240 750 0.32 1
Node 35 27 27.4591
Pkt 39 120 0.325 1
Pkt 80 250 0.32 1
Rate:641.696
==========
==========3
7 0 2 24000
Node 71 31 28.3196
Pkt 40 125 0.32 1
Pkt 64 200 0.32 1
Node 43 50 7
Pkt 154 480 0.320833 1
Pkt 96 300 0.32 1
Node 71 70 29
Pkt 256 800 0.32 1
Pkt 240 750 0.32 1
Node 72 39 24.5967
Pkt 40 125 0.32 1
Pkt 48 150 0.32 1
Node 27 63 26.4197
Pkt 103 320 0.321875 1
Pkt 154 480 0.320833 1
Node 62 42 14.4222
Pkt 256 800 0.32 1
Pkt 256 800 0.32 1
Node 48 72 22.0907
Pkt 77 240 0.320833 1
Pkt 40 125 0.32 1
Rate:640.625
==========
==========4
7 0 2 24000
Node 48 58 8.24621
Pkt 48 150 0.32 1
Pkt 52 160 0.325 1
Node 39 62 16.2788
Pkt 103 320 0.321875 1
Pkt 128 400 0.32 1
Node 36 34 21.2603
Pkt 240 750 0.32 1
Pkt 256 800 0.32 1
Node 72 31 29.0689
Pkt 32 100 0.32 1
Pkt 52 160 0.325 1
Node 71 61 23.7065
Pkt 128 400 0.32 1
Pkt 128 400 0.32 1
Node 55 33 17.72
Pkt 256 800 0.32 1
Pkt 240 750 0.32 1
Node 52 67 17.1172
Pkt 62 192 0.322917 1
Pkt 52 160 0.325 1
Rate:642.827
==========
==========5
7 0 2 24000
Node 51 53 3.16228
Pkt 52 160 0.325 1
Pkt 77 240 0.320833 1
Node 57 73 24.0416
Pkt 120 375 0.32 1
Pkt 103 320 0.321875 1
Node 63 70 23.8537
Pkt 256 800 0.32 1
Pkt 256 800 0.32 1
Node 32 72 28.4253
Pkt 62 192 0.322917 1
Pkt 64 200 0.32 1
Node 58 52 8.24621
Pkt 103 320 0.321875 1
Pkt 154 480 0.320833 1
Node 25 45 25.4951
Pkt 240 750 0.32 1
Pkt 240 750 0.32 1
Node 66 50 16
Pkt 39 120 0.325 1
Pkt 64 200 0.32 1
Rate:642.619
==========
==========6
7 0 2 24000
Node 74 64 27.7849
Pkt 32 100 0.32 1
Pkt 48 150 0.32 1
Node 66 37 20.6155
Pkt 128 400 0.32 1
Pkt 154 480 0.320833 1
Node 33 48 17.1172
Pkt 256 800 0.32 1
Pkt 256 800 0.32 1
Node 49 54 4.12311
Pkt 62 192 0.322917 1
Pkt 40 125 0.32 1
Node 54 63 13.6015
Pkt 120 375 0.32 1
Pkt 120 375 0.32 1
Node 43 27 24.0416
Pkt 240 750 0.32 1
Pkt 240 750 0.32 1
Node 38 58 14.4222
Pkt 52 160 0.325 1
Pkt 62 192 0.322917 1
Rate:641.667
==========
==========7
7 0 2 24000
Node 58 51 8.06226
Pkt 52 160 0.325 1
Pkt 80 250 0.32 1
Node 32 48 18.1108
Pkt 128 400 0.32 1
Pkt 103 320 0.321875 1
Node 58 54 8.94427
Pkt 240 750 0.32 1
Pkt 256 800 0.32 1
Node 60 64 17.2047
Pkt 80 250 0.32 1
Pkt 64 200 0.32 1
Node 68 64 22.8035
Pkt 120 375 0.32 1
Pkt 103 320 0.321875 1
Node 31 30 27.5862
Pkt 256 800 0.32 1
Pkt 256 800 0.32 1
Node 68 45 18.6815
Pkt 52 160 0.325 1
Pkt 62 192 0.322917 1
Rate:642.381
==========
==========8
7 0 2 24000
Node 46 49 4.12311
Pkt 64 200 0.32 1
Pkt 64 200 0.32 1
Node 48 33 17.1172
Pkt 154 480 0.320833 1
Pkt 128 400 0.32 1
Node 68 49 18.0278
Pkt 240 750 0.32 1
Pkt 240 750 0.32 1
Node 52 43 7.28011
Pkt 40 125 0.32 1
Pkt 39 120 0.325 1
Node 31 46 19.4165
Pkt 128 400 0.32 1
Pkt 103 320 0.321875 1
Node 70 33 26.2488
Pkt 240 750 0.32 1
Pkt 240 750 0.32 1
Node 44 42 10
Pkt 40 125 0.32 1
Pkt 64 200 0.32 1
Rate:641.101
==========
==========9
7 0 2 24000
Node 30 39 22.8254
Pkt 64 200 0.32 1
Pkt 40 125 0.32 1
Node 28 54 22.3607
Pkt 128 400 0.32 1
Pkt 96 300 0.32 1
Node 47 60 10.4403
Pkt 240 750 0.32 1
Pkt 256 800 0.32 1
Node 31 41 21.0238
Pkt 64 200 0.32 1
Pkt 39 120 0.325 1
Node 58 66 17.8885
Pkt 120 375 0.32 1
Pkt 120 375 0.32 1
Node 73 50 23
Pkt 240 750 0.32 1
Pkt 240 750 0.32 1
Node 33 57 18.3848
Pkt 48 150 0.32 1
Pkt 64 200 0.32 1
Rate:640.714
==========
==========10
7 0 2 24000
Node 67 74 29.4109
Pkt 48 150 0.32 1
Pkt 62 192 0.322917 1
Node 67 70 26.2488
Pkt 128 400 0.32 1
Pkt 154 480 0.320833 1
Node 68 68 25.4558
Pkt 256 800 0.32 1
Pkt 256 800 0.32 1
Node 45 49 5.09902
Pkt 39 120 0.325 1
Pkt 48 150 0.32 1
Node 64 71 25.2389
Pkt 96 300 0.32 1
Pkt 128 400 0.32 1
Node 33 65 22.6716
Pkt 256 800 0.32 1
Pkt 240 750 0.32 1
Node 74 55 24.5153
Pkt 62 192 0.322917 1
Pkt 77 240 0.320833 1
Rate:641.786
==========
==========11
7 0 2 24000
Node 63 55 13.9284
Pkt 48 150 0.32 1
Pkt 39 120 0.325 1
Node 31 38 22.4722
Pkt 154 480 0.320833 1
Pkt 96 300 0.32 1
Node 71 38 24.1868
Pkt 256 800 0.32 1
Pkt 256 800 0.32 1
Node 48 59 9.21954
Pkt 80 250 0.32 1
Pkt 52 160 0.325 1
Node 61 32 21.095
Pkt 96 300 0.32 1
Pkt 103 320 0.321875 1
Node 55 70 20.6155
Pkt 240 750 0.32 1
Pkt 256 800 0.32 1
Node 25 28 33.3017
Pkt 77 240 0.320833 1
Pkt 62 192 0.322917 1
Rate:642.351
==========
==========12
7 0 2 24000
Node 67 70 26.2488
Pkt 62 192 0.322917 1
Pkt 77 240 0.320833 1
Node 27 48 23.0868
Pkt 154 480 0.320833 1
Pkt 120 375 0.32 1
Node 49 37 13.0384
Pkt 240 750 0.32 1
Pkt 256 800 0.32 1
Node 50 25 25
Pkt 80 250 0.32 1
Pkt 64 200 0.32 1
Node 41 29 22.8473
Pkt 103 320 0.321875 1
Pkt 128 400 0.32 1
Node 31 29 28.3196
Pkt 256 800 0.32 1
Pkt 256 800 0.32 1
Node 66 62 20
Pkt 52 160 0.325 1
Pkt 48 150 0.32 1
Rate:641.637
==========
==========13
7 0 2 24000
Node 43 60 12.2066
Pkt 80 250 0.32 1
Pkt 62 192 0.322917 1
Node 31 59 21.0238
Pkt 154 480 0.320833 1
Pkt 128 400 0.32 1
Node 50 61 11
Pkt 256 800 0.32 1
Pkt 256 800 0.32 1
Node 26 37 27.2947
Pkt 62 192 0.322917 1
Pkt 32 100 0.32 1
Node 46 64 14.5602
Pkt 103 320 0.321875 1
Pkt 96 300 0.32 1
Node 50 64 14
Pkt 240 750 0.32 1
Pkt 256 800 0.32 1
Node 45 73 23.5372
Pkt 39 120 0.325 1
Pkt 40 125 0.32 1
Rate:641.935
==========
==========14
7 0 2 24000
Node 27 60 25.0799
Pkt 48 150 0.32 1
Pkt 40 125 0.32 1
Node 47 38 12.3693
Pkt 96 300 0.32 1
Pkt 96 300 0.32 1
Node 32 61 21.095
Pkt 256 800 0.32 1
Pkt 240 750 0.32 1
Node 48 39 11.1803
Pkt 62 192 0.322917 1
Pkt 40 125 0.32 1
Node 48 33 17.1172
Pkt 96 300 0.32 1
Pkt 128 400 0.32 1
Node 30 63 23.8537
Pkt 240 750 0.32 1
Pkt 256 800 0.32 1
Node 44 54 7.2111
Pkt 52 160 0.325 1
Pkt 32 100 0.32 1
Rate:641.131
==========
==========15
7 0 2 24000
Node 34 29 26.4008
Pkt 39 120 0.325 1
Pkt 32 100 0.32 1
Node 70 45 20.6155
Pkt 103 320 0.321875 1
Pkt 96 300 0.32 1
Node 64 72 26.0768
Pkt 240 750 0.32 1
Pkt 240 750 0.32 1
Node 38 57 13.8924
Pkt 40 125 0.32 1
Pkt 52 160 0.325 1
Node 61 40 14.8661
Pkt 120 375 0.32 1
Pkt 103 320 0.321875 1
Node 25 36 28.6531
Pkt 256 800 0.32 1
Pkt 256 800 0.32 1
Node 49 71 21.0238
Pkt 39 120 0.325 1
Pkt 80 250 0.32 1
Rate:642.679
==========
==========16
7 0 2 24000
Node 63 73 26.4197
Pkt 40 125 0.32 1
Pkt 52 160 0.325 1
Node 69 67 25.4951
Pkt 120 375 0.32 1
Pkt 120 375 0.32 1
Node 51 26 24.0208
Pkt 240 750 0.32 1
Pkt 256 800 0.32 1
Node 54 62 12.6491
Pkt 32 100 0.32 1
Pkt 64 200 0.32 1
Node 30 41 21.9317
Pkt 154 480 0.320833 1
Pkt 103 320 0.321875 1
Node 42 54 8.94427
Pkt 256 800 0.32 1
Pkt 256 800 0.32 1
Node 43 52 7.28011
Pkt 40 125 0.32 1
Pkt 80 250 0.32 1
Rate:641.101
==========
==========17
7 0 2 24000
Node 29 50 21
Pkt 32 100 0.32 1
Pkt 62 192 0.322917 1
Node 70 66 25.6125
Pkt 96 300 0.32 1
Pkt 103 320 0.321875 1
Node 40 43 12.2066
Pkt 256 800 0.32 1
Pkt 256 800 0.32 1
Node 36 50 14
Pkt 32 100 0.32 1
Pkt 32 100 0.32 1
Node 39 40 14.8661
Pkt 128 400 0.32 1
Pkt 96 300 0.32 1
Node 29 44 21.8403
Pkt 256 800 0.32 1
Pkt 240 750 0.32 1
Node 61 46 11.7047
Pkt 39 120 0.325 1
Pkt 80 250 0.32 1
Rate:641.399
==========
==========18
7 0 2 24000
Node 61 71 23.7065
Pkt 32 100 0.32 1
Pkt 80 250 0.32 1
Node 69 67 25.4951
Pkt 154 480 0.320833 1
Pkt 154 480 0.320833 1
Node 28 42 23.4094
Pkt 240 750 0.32 1
Pkt 256 800 0.32 1
Node 73 72 31.8277
Pkt 62 192 0.322917 1
Pkt 48 150 0.32 1
Node 53 72 22.2036
Pkt 96 300 0.32 1
Pkt 128 400 0.32 1
Node 59 54 9.84886
Pkt 256 800 0.32 1
Pkt 240 750 0.32 1
Node 27 28 31.8277
Pkt 39 120 0.325 1
Pkt 77 240 0.320833 1
Rate:641.488
==========
==========19
7 0 2 24000
Node 45 49 5.09902
Pkt 64 200 0.32 1
Pkt 62 192 0.322917 1
Node 74 52 24.0832
Pkt 103 320 0.321875 1
Pkt 120 375 0.32 1
Node 30 57 21.1896
Pkt 256 800 0.32 1
Pkt 240 750 0.32 1
Node 56 34 17.088
Pkt 52 160 0.325 1
Pkt 80 250 0.32 1
Node 63 50 13
Pkt 103 320 0.321875 1
Pkt 154 480 0.320833 1
Node 49 44 6.08276
Pkt 240 750 0.32 1
Pkt 256 800 0.32 1
Node 36 54 14.5602
Pkt 48 150 0.32 1
Pkt 80 250 0.32 1
Rate:641.786
==========
==========20
7 0 2 24000
Node 36 60 17.2047
Pkt 52 160 0.325 1
Pkt 64 200 0.32 1
Node 28 52 22.0907
Pkt 120 375 0.32 1
Pkt 120 375 0.32 1
Node 34 70 25.6125
Pkt 256 800 0.32 1
Pkt 240 750 0.32 1
Node 61 59 14.2127
Pkt 32 100 0.32 1
Pkt 64 200 0.32 1
Node 40 28 24.1661
Pkt 154 480 0.320833 1
Pkt 154 480 0.320833 1
Node 58 58 11.3137
Pkt 240 750 0.32 1
Pkt 240 750 0.32 1
Node 53 44 6.7082
Pkt 80 250 0.32 1
Pkt 39 120 0.325 1
Rate:641.667
==========
==========21
7 0 2 24000
Node 73 35 27.4591
Pkt 48 150 0.32 1
Pkt 62 192 0.322917 1
Node 57 68 19.3132
Pkt 103 320 0.321875 1
Pkt 96 300 0.32 1
Node 62 62 16.9706
Pkt 256 800 0.32 1
Pkt 240 750 0.32 1
Node 46 60 10.7703
Pkt 39 120 0.325 1
Pkt 52 160 0.325 1
Node 58 59 12.0416
Pkt 154 480 0.320833 1
Pkt 128 400 0.32 1
Node 69 51 19.0263
Pkt 256 800 0.32 1
Pkt 256 800 0.32 1
Node 56 48 6.32456
Pkt 62 192 0.322917 1
Pkt 62 192 0.322917 1
Rate:643.065
==========
==========22
7 0 2 24000
Node 73 40 25.0799
Pkt 77 240 0.320833 1
Pkt 77 240 0.320833 1
Node 47 37 13.3417
Pkt 128 400 0.32 1
Pkt 96 300 0.32 1
Node 46 30 20.3961
Pkt 256 800 0.32 1
Pkt 240 750 0.32 1
Node 44 30 20.8806
Pkt 80 250 0.32 1
Pkt 32 100 0.32 1
Node 25 46 25.318
Pkt 120 375 0.32 1
Pkt 103 320 0.321875 1
Node 52 26 24.0832
Pkt 256 800 0.32 1
Pkt 256 800 0.32 1
Node 33 33 24.0416
Pkt 77 240 0.320833 1
Pkt 77 240 0.320833 1
Rate:640.744
==========
==========23
7 0 2 24000
Node 25 62 27.7308
Pkt 40 125 0.32 1
Pkt 52 160 0.325 1
Node 54 62 12.6491
Pkt 128 400 0.32 1
Pkt 128 400 0.32 1
Node 43 25 25.9615
Pkt 240 750 0.32 1
Pkt 256 800 0.32 1
Node 63 26 27.2947
Pkt 52 160 0.325 1
Pkt 80 250 0.32 1
Node 58 54 8.94427
Pkt 103 320 0.321875 1
Pkt 103 320 0.321875 1
Node 65 29 25.807
Pkt 256 800 0.32 1
Pkt 240 750 0.32 1
Node 39 28 24.5967
Pkt 52 160 0.325 1
Pkt 64 200 0.32 1
Rate:642.679
==========
==========24
7 0 2 24000
Node 57 30 21.1896
Pkt 62 192 0.322917 1
Pkt 80 250 0.32 1
Node 25 30 32.0156
Pkt 103 320 0.321875 1
Pkt 120 375 0.32 1
Node 52 32 18.1108
Pkt 256 800 0.32 1
Pkt 240 750 0.32 1
Node 70 48 20.0998
Pkt 32 100 0.32 1
Pkt 52 160 0.325 1
Node 54 46 5.65685
Pkt 154 480 0.320833 1
Pkt 128 400 0.32 1
Node 42 52 8.24621
Pkt 240 750 0.32 1
Pkt 256 800 0.32 1
Node 40 53 10.4403
Pkt 80 250 0.32 1
Pkt 40 125 0.32 1
Rate:641.518
==========
==========25
7 0 2 24000
Node 59 26 25.632
Pkt 77 240 0.320833 1
Pkt 48 150 0.32 1
Node 42 26 25.2982
Pkt 128 400 0.32 1
Pkt 103 320 0.321875 1
Node 32 32 25.4558
Pkt 240 750 0.32 1
Pkt 256 800 0.32 1
Node 26 41 25.632
Pkt 40 125 0.32 1
Pkt 52 160 0.325 1
Node 41 53 9.48683
Pkt 103 320 0.321875 1
Pkt 154 480 0.320833 1
Node 46 32 18.4391
Pkt 256 800 0.32 1
Pkt 240 750 0.32 1
Node 29 46 21.3776
Pkt 62 192 0.322917 1
Pkt 62 192 0.322917 1
Rate:642.321
==========
==========26
7 0 2 24000
Node 34 74 28.8444
Pkt 32 100 0.32 1
Pkt 39 120 0.325 1
Node 60 34 18.868
Pkt 96 300 0.32 1
Pkt 120 375 0.32 1
Node 73 71 31.1448
Pkt 240 750 0.32 1
Pkt 240 750 0.32 1
Node 26 31 30.6105
Pkt 40 125 0.32 1
Pkt 77 240 0.320833 1
Node 30 53 20.2237
Pkt 96 300 0.32 1
Pkt 120 375 0.32 1
Node 57 59 11.4018
Pkt 240 750 0.32 1
Pkt 240 750 0.32 1
Node 55 45 7.07107
Pkt 77 240 0.320833 1
Pkt 77 240 0.320833 1
Rate:641.071
==========
==========27
7 0 2 24000
Node 73 33 28.6007
Pkt 52 160 0.325 1
Pkt 62 192 0.322917 1
Node 36 42 16.1245
Pkt 154 480 0.320833 1
Pkt 120 375 0.32 1
Node 43 74 25
Pkt 256 800 0.32 1
Pkt 240 750 0.32 1
Node 57 52 7.28011
Pkt 80 250 0.32 1
Pkt 77 240 0.320833 1
Node 31 35 24.2074
Pkt 96 300 0.32 1
Pkt 103 320 0.321875 1
Node 64 50 14
Pkt 240 750 0.32 1
Pkt 240 750 0.32 1
Node 69 70 27.5862
Pkt 80 250 0.32 1
Pkt 32 100 0.32 1
Rate:641.637
==========
==========28
7 0 2 24000
Node 48 50 2
Pkt 48 150 0.32 1
Pkt 52 160 0.325 1
Node 57 35 16.5529
Pkt 120 375 0.32 1
Pkt 96 300 0.32 1
Node 74 33 29.4109
Pkt 240 750 0.32 1
Pkt 240 750 0.32 1
Node 70 48 20.0998
Pkt 48 150 0.32 1
Pkt 39 120 0.325 1
Node 60 30 22.3607
Pkt 120 375 0.32 1
Pkt 96 300 0.32 1
Node 44 25 25.7099
Pkt 240 750 0.32 1
Pkt 240 750 0.32 1
Node 55 63 13.9284
Pkt 39 120 0.325 1
Pkt 39 120 0.325 1
Rate:642.857
==========
==========29
7 0 2 24000
Node 59 62 15
Pkt 52 160 0.325 1
Pkt 52 160 0.325 1
Node 44 34 17.088
Pkt 120 375 0.32 1
Pkt 128 400 0.32 1
Node 65 73 27.4591
Pkt 256 800 0.32 1
Pkt 256 800 0.32 1
Node 33 72 27.8029
Pkt 77 240 0.320833 1
Pkt 39 120 0.325 1
Node 74 71 31.8904
Pkt 103 320 0.321875 1
Pkt 154 480 0.320833 1
Node 35 29 25.807
Pkt 240 750 0.32 1
Pkt 240 750 0.32 1
Node 72 42 23.4094
Pkt 80 250 0.32 1
Pkt 64 200 0.32 1
Rate:642.649
==========
==========30
7 0 2 24000
Node 44 66 17.088
Pkt 62 192 0.322917 1
Pkt 77 240 0.320833 1
Node 43 54 8.06226
Pkt 120 375 0.32 1
Pkt 128 400 0.32 1
Node 63 31 23.0217
Pkt 256 800 0.32 1
Pkt 240 750 0.32 1
Node 47 68 18.2483
Pkt 40 125 0.32 1
Pkt 52 160 0.325 1
Node 63 57 14.7648
Pkt 120 375 0.32 1
Pkt 96 300 0.32 1
Node 56 33 18.0278
Pkt 256 800 0.32 1
Pkt 256 800 0.32 1
Node 69 47 19.2354
Pkt 77 240 0.320833 1
Pkt 62 192 0.322917 1
Rate:641.786
==========
==========31
7 0 2 24000
Node 37 48 13.1529
Pkt 40 125 0.32 1
Pkt 52 160 0.325 1
Node 35 62 19.2094
Pkt 96 300 0.32 1
Pkt 154 480 0.320833 1
Node 72 73 31.8277
Pkt 240 750 0.32 1
Pkt 256 800 0.32 1
Node 53 41 9.48683
Pkt 64 200 0.32 1
Pkt 77 240 0.320833 1
Node 58 59 12.0416
Pkt 103 320 0.321875 1
Pkt 103 320 0.321875 1
Node 66 39 19.4165
Pkt 240 750 0.32 1
Pkt 256 800 0.32 1
Node 33 45 17.72
Pkt 48 150 0.32 1
Pkt 80 250 0.32 1
Rate:641.488
==========
==========32
7 0 2 24000
Node 40 51 10.0499
Pkt 40 125 0.32 1
Pkt 40 125 0.32 1
Node 67 34 23.3452
Pkt 154 480 0.320833 1
Pkt 128 400 0.32 1
Node 34 29 26.4008
Pkt 256 800 0.32 1
Pkt 240 750 0.32 1
Node 67 30 26.2488
Pkt 48 150 0.32 1
Pkt 32 100 0.32 1
Node 37 69 23.0217
Pkt 96 300 0.32 1
Pkt 128 400 0.32 1
Node 45 55 7.07107
Pkt 240 750 0.32 1
Pkt 240 750 0.32 1
Node 50 28 22
Pkt 40 125 0.32 1
Pkt 80 250 0.32 1
Rate:640.119
==========
==========33
7 0 2 24000
Node 27 36 26.9258
Pkt 77 240 0.320833 1
Pkt 48 150 0.32 1
Node 41 48 9.21954
Pkt 96 300 0.32 1
Pkt 96 300 0.32 1
Node 61 27 25.4951
Pkt 240 750 0.32 1
Pkt 240 750 0.32 1
Node 70 37 23.8537
Pkt 64 200 0.32 1
Pkt 52 160 0.325 1
Node 52 34 16.1245
Pkt 96 300 0.32 1
Pkt 120 375 0.32 1
Node 27 38 25.9422
Pkt 256 800 0.32 1
Pkt 256 800 0.32 1
Node 54 33 17.4642
Pkt 40 125 0.32 1
Pkt 77 240 0.320833 1
Rate:640.952
==========
==========34
7 0 2 24000
Node 71 61 23.7065
Pkt 64 200 0.32 1
Pkt 77 240 0.320833 1
Node 54 60 10.7703
Pkt 120 375 0.32 1
Pkt 103 320 0.321875 1
Node 51 45 5.09902
Pkt 240 750 0.32 1
Pkt 240 750 0.32 1
Node 27 37 26.4197
Pkt 80 250 0.32 1
Pkt 40 125 0.32 1
Node 27 68 29.2062
Pkt 120 375 0.32 1
Pkt 103 320 0.321875 1
Node 57 58 10.6301
Pkt 256 800 0.32 1
Pkt 240 750 0.32 1
Node 62 44 13.4164
Pkt 64 200 0.32 1
Pkt 32 100 0.32 1
Rate:640.655
==========
==========35
7 0 2 24000
Node 68 74 30
Pkt 64 200 0.32 1
Pkt 52 160 0.325 1
Node 74 42 25.2982
Pkt 120 375 0.32 1
Pkt 120 375 0.32 1
Node 69 30 27.5862
Pkt 256 800 0.32 1
Pkt 256 800 0.32 1
Node 30 56 20.8806
Pkt 40 125 0.32 1
Pkt 39 120 0.325 1
Node 51 37 13.0384
Pkt 96 300 0.32 1
Pkt 96 300 0.32 1
Node 54 69 19.4165
Pkt 256 800 0.32 1
Pkt 240 750 0.32 1
Node 57 49 7.07107
Pkt 39 120 0.325 1
Pkt 48 150 0.32 1
Rate:642.143
==========
==========36
7 0 2 24000
Node 26 28 32.5576
Pkt 52 160 0.325 1
Pkt 64 200 0.32 1
Node 60 71 23.2594
Pkt 128 400 0.32 1
Pkt 103 320 0.321875 1
Node 74 35 28.3019
Pkt 256 800 0.32 1
Pkt 256 800 0.32 1
Node 58 33 18.7883
Pkt 48 150 0.32 1
Pkt 48 150 0.32 1
Node 43 58 10.6301
Pkt 154 480 0.320833 1
Pkt 96 300 0.32 1
Node 61 66 19.4165
Pkt 240 750 0.32 1
Pkt 256 800 0.32 1
Node 34 45 16.7631
Pkt 80 250 0.32 1
Pkt 39 120 0.325 1
Rate:641.815
==========
==========37
7 0 2 24000
Node 68 53 18.2483
Pkt 48 150 0.32 1
Pkt 62 192 0.322917 1
Node 70 49 20.025
Pkt 128 400 0.32 1
Pkt 128 400 0.32 1
Node 58 40 12.8062
Pkt 256 800 0.32 1
Pkt 240 750 0.32 1
Node 69 52 19.105
Pkt 64 200 0.32 1
Pkt 52 160 0.325 1
Node 26 51 24.0208
Pkt 103 320 0.321875 1
Pkt 103 320 0.321875 1
Node 69 56 19.9249
Pkt 240 750 0.32 1
Pkt 256 800 0.32 1
Node 55 39 12.083
Pkt 80 250 0.32 1
Pkt 40 125 0.32 1
Rate:641.667
==========
==========38
7 0 2 24000
Node 71 49 21.0238
Pkt 39 120 0.325 1
Pkt 77 240 0.320833 1
Node 43 64 15.6525
Pkt 120 375 0.32 1
Pkt 120 375 0.32 1
Node 44 44 8.48528
Pkt 256 800 0.32 1
Pkt 240 750 0.32 1
Node 56 55 7.81025
Pkt 77 240 0.320833 1
Pkt 39 120 0.325 1
Node 50 54 4
Pkt 128 400 0.32 1
Pkt 103 320 0.321875 1
Node 63 59 15.8114
Pkt 240 750 0.32 1
Pkt 256 800 0.32 1
Node 68 52 18.1108
Pkt 62 192 0.322917 1
Pkt 80 250 0.32 1
Rate:642.351
==========
==========39
7 0 2 24000
Node 48 49 2.23607
Pkt 77 240 0.320833 1
Pkt 77 240 0.320833 1
Node 30 65 25
Pkt 96 300 0.32 1
Pkt 103 320 0.321875 1
Node 27 67 28.6007
Pkt 256 800 0.32 1
Pkt 240 750 0.32 1
Node 54 68 18.4391
Pkt 40 125 0.32 1
Pkt 62 192 0.322917 1
Node 65 72 26.6271
Pkt 103 320 0.321875 1
Pkt 128 400 0.32 1
Node 29 49 21.0238
Pkt 240 750 0.32 1
Pkt 240 750 0.32 1
Node 58 72 23.4094
Pkt 39 120 0.325 1
Pkt 32 100 0.32 1
Rate:641.905
==========
==========40
7 0 2 24000
Node 26 28 32.5576
Pkt 52 160 0.325 1
Pkt 32 100 0.32 1
Node 36 65 20.5183
Pkt 103 320 0.321875 1
Pkt 154 480 0.320833 1
Node 30 42 21.5407
Pkt 256 800 0.32 1
Pkt 256 800 0.32 1
Node 71 44 21.8403
Pkt 77 240 0.320833 1
Pkt 64 200 0.32 1
Node 41 34 18.3576
Pkt 154 480 0.320833 1
Pkt 120 375 0.32 1
Node 56 38 13.4164
Pkt 240 750 0.32 1
Pkt 240 750 0.32 1
Node 37 31 23.0217
Pkt 62 192 0.322917 1
Pkt 64 200 0.32 1
Rate:641.756
==========
==========41
7 0 2 24000
Node 27 73 32.5269
Pkt 64 200 0.32 1
Pkt 80 250 0.32 1
Node 60 57 12.2066
Pkt 120 375 0.32 1
Pkt 154 480 0.320833 1
Node 41 74 25.632
Pkt 240 750 0.32 1
Pkt 256 800 0.32 1
Node 72 56 22.8035
Pkt 48 150 0.32 1
Pkt 52 160 0.325 1
Node 61 58 13.6015
Pkt 128 400 0.32 1
Pkt 103 320 0.321875 1
Node 37 69 23.0217
Pkt 256 800 0.32 1
Pkt 256 800 0.32 1
Node 43 63 14.7648
Pkt 39 120 0.325 1
Pkt 40 125 0.32 1
Rate:641.815
==========
==========42
7 0 2 24000
Node 68 33 24.7588
Pkt 32 100 0.32 1
Pkt 48 150 0.32 1
Node 68 27 29.2062
Pkt 103 320 0.321875 1
Pkt 96 300 0.32 1
Node 64 51 14.0357
Pkt 256 800 0.32 1
Pkt 240 750 0.32 1
Node 43 66 17.4642
Pkt 52 160 0.325 1
Pkt 62 192 0.322917 1
Node 66 65 21.9317
Pkt 120 375 0.32 1
Pkt 154 480 0.320833 1
Node 38 39 16.2788
Pkt 240 750 0.32 1
Pkt 256 800 0.32 1
Node 39 62 16.2788
Pkt 32 100 0.32 1
Pkt 77 240 0.320833 1
Rate:641.637
==========
==========43
7 0 2 24000
Node 55 61 12.083
Pkt 77 240 0.320833 1
Pkt 39 120 0.325 1
Node 70 69 27.5862
Pkt 96 300 0.32 1
Pkt 103 320 0.321875 1
Node 64 26 27.7849
Pkt 256 800 0.32 1
Pkt 240 750 0.32 1
Node 41 45 10.2956
Pkt 52 160 0.325 1
Pkt 62 192 0.322917 1
Node 36 66 21.2603
Pkt 154 480 0.320833 1
Pkt 103 320 0.321875 1
Node 37 25 28.178
Pkt 256 800 0.32 1
Pkt 240 750 0.32 1
Node 41 25 26.5707
Pkt 77 240 0.320833 1
Pkt 64 200 0.32 1
Rate:642.738
==========
==========44
7 0 2 24000
Node 50 54 4
Pkt 64 200 0.32 1
Pkt 52 160 0.325 1
Node 66 72 27.2029
Pkt 128 400 0.32 1
Pkt 128 400 0.32 1
Node 43 68 19.3132
Pkt 240 750 0.32 1
Pkt 240 750 0.32 1
Node 31 64 23.6008
Pkt 62 192 0.322917 1
Pkt 40 125 0.32 1
Node 74 28 32.5576
Pkt 128 400 0.32 1
Pkt 103 320 0.321875 1
Node 35 30 25
Pkt 240 750 0.32 1
Pkt 256 800 0.32 1
Node 59 31 21.0238
Pkt 52 160 0.325 1
Pkt 48 150 0.32 1
Rate:642.113
==========
==========45
7 0 2 24000
Node 45 54 6.40312
Pkt 40 125 0.32 1
Pkt 62 192 0.322917 1
Node 44 66 17.088
Pkt 154 480 0.320833 1
Pkt 120 375 0.32 1
Node 49 42 8.06226
Pkt 240 750 0.32 1
Pkt 240 750 0.32 1
Node 39 50 11
Pkt 48 150 0.32 1
Pkt 39 120 0.325 1
Node 32 27 29.2062
Pkt 120 375 0.32 1
Pkt 120 375 0.32 1
Node 52 53 3.60555
Pkt 240 750 0.32 1
Pkt 240 750 0.32 1
Node 50 25 25
Pkt 40 125 0.32 1
Pkt 80 250 0.32 1
Rate:641.25
==========
==========46
7 0 2 24000
Node 54 53 5
Pkt 52 160 0.325 1
Pkt 52 160 0.325 1
Node 67 38 20.8087
Pkt 120 375 0.32 1
Pkt 154 480 0.320833 1
Node 60 63 16.4012
Pkt 240 750 0.32 1
Pkt 240 750 0.32 1
Node 66 36 21.2603
Pkt 32 100 0.32 1
Pkt 77 240 0.320833 1
Node 35 43 16.5529
Pkt 154 480 0.320833 1
Pkt 96 300 0.32 1
Node 60 57 12.2066
Pkt 240 750 0.32 1
Pkt 240 750 0.32 1
Node 27 25 33.9706
Pkt 52 160 0.325 1
Pkt 39 120 0.325 1
Rate:643.214
==========
==========47
7 0 2 24000
Node 32 45 18.6815
Pkt 39 120 0.325 1
Pkt 77 240 0.320833 1
Node 35 33 22.6716
Pkt 128 400 0.32 1
Pkt 128 400 0.32 1
Node 61 72 24.5967
Pkt 240 750 0.32 1
Pkt 256 800 0.32 1
Node 46 74 24.3311
Pkt 32 100 0.32 1
Pkt 64 200 0.32 1
Node 48 66 16.1245
Pkt 128 400 0.32 1
Pkt 103 320 0.321875 1
Node 64 37 19.105
Pkt 240 750 0.32 1
Pkt 240 750 0.32 1
Node 71 41 22.8473
Pkt 52 160 0.325 1
Pkt 77 240 0.320833 1
Rate:641.935
==========
==========48
7 0 2 24000
Node 70 61 22.8254
Pkt 52 160 0.325 1
Pkt 77 240 0.320833 1
Node 58 71 22.4722
Pkt 154 480 0.320833 1
Pkt 120 375 0.32 1
Node 35 41 17.4929
Pkt 256 800 0.32 1
Pkt 256 800 0.32 1
Node 59 63 15.8114
Pkt 39 120 0.325 1
Pkt 32 100 0.32 1
Node 33 52 17.1172
Pkt 154 480 0.320833 1
Pkt 96 300 0.32 1
Node 55 30 20.6155
Pkt 256 800 0.32 1
Pkt 240 750 0.32 1
Node 53 74 24.1868
Pkt 77 240 0.320833 1
Pkt 39 120 0.325 1
Rate:642.619
==========
==========49
7 0 2 24000
Node 48 39 11.1803
Pkt 62 192 0.322917 1
Pkt 48 150 0.32 1
Node 65 61 18.6011
Pkt 103 320 0.321875 1
Pkt 128 400 0.32 1
Node 49 43 7.07107
Pkt 256 800 0.32 1
Pkt 256 800 0.32 1
Node 32 72 28.4253
Pkt 52 160 0.325 1
Pkt 62 192 0.322917 1
Node 63 57 14.7648
Pkt 120 375 0.32 1
Pkt 128 400 0.32 1
Node 65 31 24.2074
Pkt 240 750 0.32 1
Pkt 240 750 0.32 1
Node 58 44 10
Pkt 40 125 0.32 1
Pkt 40 125 0.32 1
Rate:641.815
==========
==========50
7 0 2 24000
Node 58 39 13.6015
Pkt 48 150 0.32 1
Pkt 48 150 0.32 1
Node 67 26 29.4109
Pkt 120 375 0.32 1
Pkt 120 375 0.32 1
Node 58 36 16.1245
Pkt 240 750 0.32 1
Pkt 256 800 0.32 1
Node 37 32 22.2036
Pkt 39 120 0.325 1
Pkt 77 240 0.320833 1
Node 71 51 21.0238
Pkt 96 300 0.32 1
Pkt 154 480 0.320833 1
Node 67 27 28.6007
Pkt 256 800 0.32 1
Pkt 256 800 0.32 1
Node 28 60 24.1661
Pkt 39 120 0.325 1
Pkt 40 125 0.32 1
Rate:641.667
==========
==========51
7 0 2 24000
Node 70 68 26.9072
Pkt 48 150 0.32 1
Pkt 32 100 0.32 1
Node 47 74 24.1868
Pkt 154 480 0.320833 1
Pkt 128 400 0.32 1
Node 30 64 24.4131
Pkt 256 800 0.32 1
Pkt 240 750 0.32 1
Node 72 44 22.8035
Pkt 48 150 0.32 1
Pkt 80 250 0.32 1
Node 69 27 29.8329
Pkt 103 320 0.321875 1
Pkt 128 400 0.32 1
Node 27 59 24.6982
Pkt 256 800 0.32 1
Pkt 240 750 0.32 1
Node 31 37 23.0217
Pkt 80 250 0.32 1
Pkt 32 100 0.32 1
Rate:640.387
==========
==========52
7 0 2 24000
Node 37 43 14.7648
Pkt 40 125 0.32 1
Pkt 62 192 0.322917 1
Node 26 50 24
Pkt 120 375 0.32 1
Pkt 120 375 0.32 1
Node 31 63 23.0217
Pkt 256 800 0.32 1
Pkt 240 750 0.32 1
Node 30 43 21.1896
Pkt 64 200 0.32 1
Pkt 40 125 0.32 1
Node 64 36 19.799
Pkt 120 375 0.32 1
Pkt 96 300 0.32 1
Node 67 66 23.3452
Pkt 256 800 0.32 1
Pkt 240 750 0.32 1
Node 33 68 24.7588
Pkt 80 250 0.32 1
Pkt 62 192 0.322917 1
Rate:640.833
==========
==========53
7 0 2 24000
Node 41 25 26.5707
Pkt 77 240 0.320833 1
Pkt 62 192 0.322917 1
Node 29 31 28.3196
Pkt 103 320 0.321875 1
Pkt 96 300 0.32 1
Node 64 58 16.1245
Pkt 240 750 0.32 1
Pkt 256 800 0.32 1
Node 25 29 32.6497
Pkt 39 120 0.325 1
Pkt 39 120 0.325 1
Node 36 54 14.5602
Pkt 103 320 0.321875 1
Pkt 96 300 0.32 1
Node 27 73 32.5269
Pkt 256 800 0.32 1
Pkt 256 800 0.32 1
Node 60 59 13.4536
Pkt 62 192 0.322917 1
Pkt 62 192 0.322917 1
Rate:643.333
==========
==========54
7 0 2 24000
Node 71 43 22.1359
Pkt 77 240 0.320833 1
Pkt 77 240 0.320833 1
Node 63 58 15.2643
Pkt 128 400 0.32 1
Pkt 103 320 0.321875 1
Node 60 71 23.2594
Pkt 256 800 0.32 1
Pkt 240 750 0.32 1
Node 41 50 9
Pkt 52 160 0.325 1
Pkt 48 150 0.32 1
Node 62 55 13
Pkt 120 375 0.32 1
Pkt 120 375 0.32 1
Node 47 47 4.24264
Pkt 256 800 0.32 1
Pkt 256 800 0.32 1
Node 73 47 23.1948
Pkt 80 250 0.32 1
Pkt 40 125 0.32 1
Rate:641.22
==========
==========55
7 0 2 24000
Node 50 31 19
Pkt 77 240 0.320833 1
Pkt 39 120 0.325 1
Node 46 27 23.3452
Pkt 96 300 0.32 1
Pkt 96 300 0.32 1
Node 64 26 27.7849
Pkt 256 800 0.32 1
Pkt 240 750 0.32 1
Node 37 47 13.3417
Pkt 64 200 0.32 1
Pkt 64 200 0.32 1
Node 25 49 25.02
Pkt 154 480 0.320833 1
Pkt 120 375 0.32 1
Node 33 53 17.2627
Pkt 240 750 0.32 1
Pkt 256 800 0.32 1
Node 62 68 21.6333
Pkt 32 100 0.32 1
Pkt 39 120 0.325 1
Rate:641.667
==========
==========56
7 0 2 24000
Node 66 57 17.4642
Pkt 64 200 0.32 1
Pkt 40 125 0.32 1
Node 43 36 15.6525
Pkt 96 300 0.32 1
Pkt 154 480 0.320833 1
Node 68 57 19.3132
Pkt 256 800 0.32 1
Pkt 256 800 0.32 1
Node 55 52 5.38516
Pkt 77 240 0.320833 1
Pkt 80 250 0.32 1
Node 40 29 23.2594
Pkt 128 400 0.32 1
Pkt 128 400 0.32 1
Node 52 68 18.1108
Pkt 240 750 0.32 1
Pkt 256 800 0.32 1
Node 62 32 21.6333
Pkt 40 125 0.32 1
Pkt 39 120 0.325 1
Rate:640.952
==========
==========57
7 0 2 24000
Node 57 61 13.0384
Pkt 62 192 0.322917 1
Pkt 52 160 0.325 1
Node 50 28 22
Pkt 120 375 0.32 1
Pkt 103 320 0.321875 1
Node 45 69 19.6469
Pkt 256 800 0.32 1
Pkt 256 800 0.32 1
Node 47 26 24.1868
Pkt 80 250 0.32 1
Pkt 48 150 0.32 1
Node 54 53 5
Pkt 103 320 0.321875 1
Pkt 96 300 0.32 1
Node 60 53 10.4403
Pkt 240 750 0.32 1
Pkt 256 800 0.32 1
Node 68 36 22.8035
Pkt 48 150 0.32 1
Pkt 64 200 0.32 1
Rate:641.667
==========
==========58
7 0 2 24000
Node 41 68 20.1246
Pkt 48 150 0.32 1
Pkt 48 150 0.32 1
Node 68 40 20.5913
Pkt 103 320 0.321875 1
Pkt 128 400 0.32 1
Node 52 31 19.105
Pkt 240 750 0.32 1
Pkt 256 800 0.32 1
Node 43 39 13.0384
Pkt 39 120 0.325 1
Pkt 39 120 0.325 1
Node 48 37 13.1529
Pkt 128 400 0.32 1
Pkt 128 400 0.32 1
Node 74 53 24.1868
Pkt 256 800 0.32 1
Pkt 256 800 0.32 1
Node 30 54 20.3961
Pkt 40 125 0.32 1
Pkt 48 150 0.32 1
Rate:641.696
==========
==========59
7 0 2 24000
Node 35 70 25
Pkt 39 120 0.325 1
Pkt 62 192 0.322917 1
Node 71 74 31.8904
Pkt 120 375 0.32 1
Pkt 96 300 0.32 1
Node 51 31 19.0263
Pkt 256 800 0.32 1
Pkt 240 750 0.32 1
Node 42 27 24.3516
Pkt 64 200 0.32 1
Pkt 62 192 0.322917 1
Node 47 54 5
Pkt 96 300 0.32 1
Pkt 96 300 0.32 1
Node 38 70 23.3238
Pkt 240 750 0.32 1
Pkt 240 750 0.32 1
Node 25 65 29.1548
Pkt 80 250 0.32 1
Pkt 39 120 0.325 1
Rate:642.262
==========
==========60
7 0 2 24000
Node 27 53 23.1948
Pkt 32 100 0.32 1
Pkt 52 160 0.325 1
Node 52 52 2.82843
Pkt 154 480 0.320833 1
Pkt 96 300 0.32 1
Node 52 47 3.60555
Pkt 256 800 0.32 1
Pkt 240 750 0.32 1
Node 56 26 24.7386
Pkt 64 200 0.32 1
Pkt 40 125 0.32 1
Node 55 36 14.8661
Pkt 103 320 0.321875 1
Pkt 154 480 0.320833 1
Node 31 42 20.6155
Pkt 240 750 0.32 1
Pkt 240 750 0.32 1
Node 39 39 15.5563
Pkt 62 192 0.322917 1
Pkt 80 250 0.32 1
Rate:641.637
==========
==========61
7 0 2 24000
Node 27 71 31.1448
Pkt 64 200 0.32 1
Pkt 77 240 0.320833 1
Node 56 38 13.4164
Pkt 154 480 0.320833 1
Pkt 96 300 0.32 1
Node 61 57 13.0384
Pkt 240 750 0.32 1
Pkt 256 800 0.32 1
Node 68 30 26.9072
Pkt 77 240 0.320833 1
Pkt 64 200 0.32 1
Node 33 29 27.0185
Pkt 128 400 0.32 1
Pkt 96 300 0.32 1
Node 44 55 7.81025
Pkt 256 800 0.32 1
Pkt 256 800 0.32 1
Node 27 70 30.4795
Pkt 48 150 0.32 1
Pkt 32 100 0.32 1
Rate:640.357
==========
==========62
7 0 2 24000
Node 56 69 19.9249
Pkt 80 250 0.32 1
Pkt 64 200 0.32 1
Node 71 68 27.6586
Pkt 154 480 0.320833 1
Pkt 120 375 0.32 1
Node 30 52 20.0998
Pkt 240 750 0.32 1
Pkt 256 800 0.32 1
Node 70 31 27.5862
Pkt 40 125 0.32 1
Pkt 39 120 0.325 1
Node 59 66 18.3576
Pkt 154 480 0.320833 1
Pkt 120 375 0.32 1
Node 73 60 25.0799
Pkt 240 750 0.32 1
Pkt 240 750 0.32 1
Node 52 59 9.21954
Pkt 64 200 0.32 1
Pkt 80 250 0.32 1
Rate:640.952
==========
==========63
7 0 2 24000
Node 46 49 4.12311
Pkt 80 250 0.32 1
Pkt 40 125 0.32 1
Node 73 39 25.4951
Pkt 96 300 0.32 1
Pkt 120 375 0.32 1
Node 51 37 13.0384
Pkt 240 750 0.32 1
Pkt 240 750 0.32 1
Node 67 63 21.4009
Pkt 80 250 0.32 1
Pkt 40 125 0.32 1
Node 38 26 26.8328
Pkt 120 375 0.32 1
Pkt 103 320 0.321875 1
Node 51 26 24.0208
Pkt 240 750 0.32 1
Pkt 240 750 0.32 1
Node 50 48 2
Pkt 64 200 0.32 1
Pkt 80 250 0.32 1
Rate:640.268
==========
==========64
7 0 2 24000
Node 51 50 1
Pkt 48 150 0.32 1
Pkt 40 125 0.32 1
Node 28 30 29.7321
Pkt 154 480 0.320833 1
Pkt 103 320 0.321875 1
Node 70 43 21.1896
Pkt 256 800 0.32 1
Pkt 256 800 0.32 1
Node 56 57 9.21954
Pkt 77 240 0.320833 1
Pkt 62 192 0.322917 1
Node 50 47 3
Pkt 120 375 0.32 1
Pkt 120 375 0.32 1
Node 32 72 28.4253
Pkt 256 800 0.32 1
Pkt 240 750 0.32 1
Node 53 43 7.61577
Pkt 77 240 0.320833 1
Pkt 52 160 0.325 1
Rate:641.756
==========
==========65
7 0 2 24000
Node 39 62 16.2788
Pkt 48 150 0.32 1
Pkt 40 125 0.32 1
Node 37 57 14.7648
Pkt 120 375 0.32 1
Pkt 103 320 0.321875 1
Node 29 58 22.4722
Pkt 256 800 0.32 1
Pkt 240 750 0.32 1
Node 54 45 6.40312
Pkt 64 200 0.32 1
Pkt 32 100 0.32 1
Node 49 60 10.0499
Pkt 103 320 0.321875 1
Pkt 154 480 0.320833 1
Node 57 67 18.3848
Pkt 256 800 0.32 1
Pkt 256 800 0.32 1
Node 56 52 6.32456
Pkt 39 120 0.325 1
Pkt 32 100 0.32 1
Rate:641.369
==========
==========66
7 0 2 24000
Node 54 42 8.94427
Pkt 52 160 0.325 1
Pkt 48 150 0.32 1
Node 30 66 25.6125
Pkt 120 375 0.32 1
Pkt 103 320 0.321875 1
Node 26 46 24.3311
Pkt 240 750 0.32 1
Pkt 256 800 0.32 1
Node 35 53 15.2971
Pkt 40 125 0.32 1
Pkt 48 150 0.32 1
Node 67 70 26.2488
Pkt 120 375 0.32 1
Pkt 120 375 0.32 1
Node 54 70 20.3961
Pkt 256 800 0.32 1
Pkt 240 750 0.32 1
Node 66 33 23.3452
Pkt 80 250 0.32 1
Pkt 77 240 0.320833 1
Rate:641.101
==========
==========67
7 0 2 24000
Node 38 61 16.2788
Pkt 77 240 0.320833 1
Pkt 32 100 0.32 1
Node 39 72 24.5967
Pkt 154 480 0.320833 1
Pkt 128 400 0.32 1
Node 32 45 18.6815
Pkt 240 750 0.32 1
Pkt 240 750 0.32 1
Node 30 28 29.7321
Pkt 32 100 0.32 1
Pkt 64 200 0.32 1
Node 35 73 27.4591
Pkt 128 400 0.32 1
Pkt 120 375 0.32 1
Node 64 47 14.3178
Pkt 256 800 0.32 1
Pkt 256 800 0.32 1
Node 63 32 22.2036
Pkt 39 120 0.325 1
Pkt 32 100 0.32 1
Rate:640.952
==========
==========68
7 0 2 24000
Node 40 25 26.9258
Pkt 39 120 0.325 1
Pkt 62 192 0.322917 1
Node 57 66 17.4642
Pkt 120 375 0.32 1
Pkt 154 480 0.320833 1
Node 71 63 24.6982
Pkt 256 800 0.32 1
Pkt 256 800 0.32 1
Node 29 48 21.095
Pkt 77 240 0.320833 1
Pkt 40 125 0.32 1
Node 40 68 20.5913
Pkt 103 320 0.321875 1
Pkt 103 320 0.321875 1
Node 50 73 23
Pkt 240 750 0.32 1
Pkt 256 800 0.32 1
Node 29 66 26.4008
Pkt 64 200 0.32 1
Pkt 62 192 0.322917 1
Rate:642.321
==========
==========69
7 0 2 24000
Node 60 55 11.1803
Pkt 62 192 0.322917 1
Pkt 52 160 0.325 1
Node 43 69 20.2485
Pkt 128 400 0.32 1
Pkt 96 300 0.32 1
Node 66 63 20.6155
Pkt 240 750 0.32 1
Pkt 256 800 0.32 1
Node 74 72 32.5576
Pkt 64 200 0.32 1
Pkt 40 125 0.32 1
Node 70 41 21.9317
Pkt 103 320 0.321875 1
Pkt 103 320 0.321875 1
Node 68 55 18.6815
Pkt 256 800 0.32 1
Pkt 240 750 0.32 1
Node 42 71 22.4722
Pkt 39 120 0.325 1
Pkt 64 200 0.32 1
Rate:642.381
==========
==========70
7 0 2 24000
Node 61 32 21.095
Pkt 80 250 0.32 1
Pkt 48 150 0.32 1
Node 53 55 5.83095
Pkt 96 300 0.32 1
Pkt 128 400 0.32 1
Node 28 54 22.3607
Pkt 240 750 0.32 1
Pkt 256 800 0.32 1
Node 66 36 21.2603
Pkt 62 192 0.322917 1
Pkt 52 160 0.325 1
Node 71 51 21.0238
Pkt 103 320 0.321875 1
Pkt 120 375 0.32 1
Node 44 69 19.9249
Pkt 256 800 0.32 1
Pkt 256 800 0.32 1
Node 42 59 12.0416
Pkt 39 120 0.325 1
Pkt 32 100 0.32 1
Rate:642.113
==========
==========71
7 0 2 24000
Node 68 60 20.5913
Pkt 52 160 0.325 1
Pkt 77 240 0.320833 1
Node 36 68 22.8035
Pkt 103 320 0.321875 1
Pkt 96 300 0.32 1
Node 70 67 26.2488
Pkt 256 800 0.32 1
Pkt 240 750 0.32 1
Node 33 64 22.0227
Pkt 80 250 0.32 1
Pkt 80 250 0.32 1
Node 28 68 28.4253
Pkt 128 400 0.32 1
Pkt 128 400 0.32 1
Node 71 70 29
Pkt 256 800 0.32 1
Pkt 256 800 0.32 1
Node 26 68 30
Pkt 40 125 0.32 1
Pkt 62 192 0.322917 1
Rate:641.518
==========
==========72
7 0 2 24000
Node 27 67 28.6007
Pkt 52 160 0.325 1
Pkt 52 160 0.325 1
Node 58 64 16.1245
Pkt 154 480 0.320833 1
Pkt 154 480 0.320833 1
Node 71 41 22.8473
Pkt 240 750 0.32 1
Pkt 240 750 0.32 1
Node 69 59 21.0238
Pkt 64 200 0.32 1
Pkt 48 150 0.32 1
Node 32 31 26.1725
Pkt 103 320 0.321875 1
Pkt 128 400 0.32 1
Node 70 69 27.5862
Pkt 240 750 0.32 1
Pkt 240 750 0.32 1
Node 61 46 11.7047
Pkt 77 240 0.320833 1
Pkt 40 125 0.32 1
Rate:642.054
==========
==========73
7 0 2 24000
Node 73 44 23.7697
Pkt 62 192 0.322917 1
Pkt 40 125 0.32 1
Node 73 46 23.3452
Pkt 128 400 0.32 1
Pkt 128 400 0.32 1
Node 54 57 8.06226
Pkt 240 750 0.32 1
Pkt 240 750 0.32 1
Node 63 37 18.3848
Pkt 39 120 0.325 1
Pkt 64 200 0.32 1
Node 27 71 31.1448
Pkt 128 400 0.32 1
Pkt 128 400 0.32 1
Node 34 37 20.6155
Pkt 240 750 0.32 1
Pkt 240 750 0.32 1
Node 39 50 11
Pkt 80 250 0.32 1
Pkt 32 100 0.32 1
Rate:641.131
==========
==========74
7 0 2 24000
Node 30 55 20.6155
Pkt 80 250 0.32 1
Pkt 52 160 0.325 1
Node 38 26 26.8328
Pkt 103 320 0.321875 1
Pkt 103 320 0.321875 1
Node 65 65 21.2132
Pkt 240 750 0.32 1
Pkt 240 750 0.32 1
Node 37 57 14.7648
Pkt 64 200 0.32 1
Pkt 64 200 0.32 1
Node 59 72 23.7697
Pkt 103 320 0.321875 1
Pkt 96 300 0.32 1
Node 59 32 20.1246
Pkt 256 800 0.32 1
Pkt 240 750 0.32 1
Node 34 48 16.1245
Pkt 62 192 0.322917 1
Pkt 32 100 0.32 1
Rate:641.935
==========
==========75
7 0 2 24000
Node 36 59 16.6433
Pkt 64 200 0.32 1
Pkt 77 240 0.320833 1
Node 40 66 18.868
Pkt 120 375 0.32 1
Pkt 128 400 0.32 1
Node 38 40 15.6205
Pkt 240 750 0.32 1
Pkt 256 800 0.32 1
Node 31 34 24.8395
Pkt 62 192 0.322917 1
Pkt 80 250 0.32 1
Node 43 74 25
Pkt 103 320 0.321875 1
Pkt 96 300 0.32 1
Node 65 58 17
Pkt 256 800 0.32 1
Pkt 240 750 0.32 1
Node 57 46 8.06226
Pkt 77 240 0.320833 1
Pkt 48 150 0.32 1
Rate:640.923
==========
==========76
7 0 2 24000
Node 50 35 15
Pkt 48 150 0.32 1
Pkt 32 100 0.32 1
Node 60 40 14.1421
Pkt 96 300 0.32 1
Pkt 103 320 0.321875 1
Node 47 37 13.3417
Pkt 240 750 0.32 1
Pkt 256 800 0.32 1
Node 29 34 26.4008
Pkt 32 100 0.32 1
Pkt 77 240 0.320833 1
Node 68 27 29.2062
Pkt 120 375 0.32 1
Pkt 154 480 0.320833 1
Node 50 25 25
Pkt 240 750 0.32 1
Pkt 256 800 0.32 1
Node 71 72 30.4138
Pkt 80 250 0.32 1
Pkt 48 150 0.32 1
Rate:640.506
==========
==========77
7 0 2 24000
Node 29 31 28.3196
Pkt 48 150 0.32 1
Pkt 39 120 0.325 1
Node 31 32 26.1725
Pkt 103 320 0.321875 1
Pkt 154 480 0.320833 1
Node 61 68 21.095
Pkt 256 800 0.32 1
Pkt 256 800 0.32 1
Node 60 38 15.6205
Pkt 39 120 0.325 1
Pkt 77 240 0.320833 1
Node 33 59 19.2354
Pkt 120 375 0.32 1
Pkt 128 400 0.32 1
Node 42 56 10
Pkt 256 800 0.32 1
Pkt 256 800 0.32 1
Node 65 61 18.6011
Pkt 52 160 0.325 1
Pkt 32 100 0.32 1
Rate:642.649
==========
==========78
7 0 2 24000
Node 58 39 13.6015
Pkt 62 192 0.322917 1
Pkt 80 250 0.32 1
Node 33 56 18.0278
Pkt 154 480 0.320833 1
Pkt 128 400 0.32 1
Node 38 37 17.6918
Pkt 240 750 0.32 1
Pkt 256 800 0.32 1
Node 51 53 3.16228
Pkt 32 100 0.32 1
Pkt 40 125 0.32 1
Node 39 66 19.4165
Pkt 120 375 0.32 1
Pkt 103 320 0.321875 1
Node 43 67 18.3848
Pkt 256 800 0.32 1
Pkt 240 750 0.32 1
Node 58 46 8.94427
Pkt 48 150 0.32 1
Pkt 40 125 0.32 1
Rate:640.804
==========
==========79
7 0 2 24000
Node 35 67 22.6716
Pkt 32 100 0.32 1
Pkt 52 160 0.325 1
Node 53 31 19.2354
Pkt 103 320 0.321875 1
Pkt 103 320 0.321875 1
Node 72 72 31.1127
Pkt 256 800 0.32 1
Pkt 256 800 0.32 1
Node 53 43 7.61577
Pkt 48 150 0.32 1
Pkt 32 100 0.32 1
Node 28 33 27.8029
Pkt 103 320 0.321875 1
Pkt 103 320 0.321875 1
Node 71 59 22.8473
Pkt 240 750 0.32 1
Pkt 240 750 0.32 1
Node 38 27 25.9422
Pkt 62 192 0.322917 1
Pkt 40 125 0.32 1
Rate:642.202
==========
==========80
7 0 2 24000
Node 54 37 13.6015
Pkt 64 200 0.32 1
Pkt 77 240 0.320833 1
Node 42 54 8.94427
Pkt 154 480 0.320833 1
Pkt 96 300 0.32 1
Node 46 25 25.318
Pkt 256 800 0.32 1
Pkt 256 800 0.32 1
Node 56 51 6.08276
Pkt 39 120 0.325 1
Pkt 48 150 0.32 1
Node 29 41 22.8473
Pkt 103 320 0.321875 1
Pkt 96 300 0.32 1
Node 59 43 11.4018
Pkt 256 800 0.32 1
Pkt 240 750 0.32 1
Node 66 31 24.8395
Pkt 48 150 0.32 1
Pkt 39 120 0.325 1
Rate:641.935
==========
==========81
7 0 2 24000
Node 38 53 12.3693
Pkt 52 160 0.325 1
Pkt 39 120 0.325 1
Node 69 71 28.3196
Pkt 103 320 0.321875 1
Pkt 96 300 0.32 1
Node 44 44 8.48528
Pkt 240 750 0.32 1
Pkt 256 800 0.32 1
Node 46 41 9.84886
Pkt 64 200 0.32 1
Pkt 80 250 0.32 1
Node 41 72 23.7697
Pkt 154 480 0.320833 1
Pkt 103 320 0.321875 1
Node 27 36 26.9258
Pkt 240 750 0.32 1
Pkt 240 750 0.32 1
Node 73 25 33.9706
Pkt 77 240 0.320833 1
Pkt 40 125 0.32 1
Rate:642.202
==========
==========82
7 0 2 24000
Node 50 46 4
Pkt 80 250 0.32 1
Pkt 80 250 0.32 1
Node 51 54 4.12311
Pkt 154 480 0.320833 1
Pkt 128 400 0.32 1
Node 54 40 10.7703
Pkt 256 800 0.32 1
Pkt 240 750 0.32 1
Node 54 44 7.2111
Pkt 40 125 0.32 1
Pkt 64 200 0.32 1
Node 50 62 12
Pkt 103 320 0.321875 1
Pkt 120 375 0.32 1
Node 41 70 21.9317
Pkt 240 750 0.32 1
Pkt 256 800 0.32 1
Node 49 41 9.05539
Pkt 48 150 0.32 1
Pkt 39 120 0.325 1
Rate:641.101
==========
==========83
7 0 2 24000
Node 72 67 27.8029
Pkt 64 200 0.32 1
Pkt 48 150 0.32 1
Node 43 26 25
Pkt 120 375 0.32 1
Pkt 128 400 0.32 1
Node 35 45 15.8114
Pkt 240 750 0.32 1
Pkt 256 800 0.32 1
Node 34 54 16.4924
Pkt 52 160 0.325 1
Pkt 39 120 0.325 1
Node 25 40 26.9258
Pkt 120 375 0.32 1
Pkt 128 400 0.32 1
Node 72 51 22.0227
Pkt 240 750 0.32 1
Pkt 256 800 0.32 1
Node 28 66 27.2029
Pkt 39 120 0.325 1
Pkt 48 150 0.32 1
Rate:642.143
==========
==========84
7 0 2 24000
Node 59 33 19.2354
Pkt 52 160 0.325 1
Pkt 64 200 0.32 1
Node 58 37 15.2643
Pkt 154 480 0.320833 1
Pkt 120 375 0.32 1
Node 26 35 28.3019
Pkt 240 750 0.32 1
Pkt 240 750 0.32 1
Node 57 72 23.0868
Pkt 48 150 0.32 1
Pkt 64 200 0.32 1
Node 67 40 19.7231
Pkt 154 480 0.320833 1
Pkt 120 375 0.32 1
Node 52 27 23.0868
Pkt 240 750 0.32 1
Pkt 256 800 0.32 1
Node 35 38 19.2094
Pkt 80 250 0.32 1
Pkt 48 150 0.32 1
Rate:640.952
==========
==========85
7 0 2 24000
Node 43 68 19.3132
Pkt 40 125 0.32 1
Pkt 62 192 0.322917 1
Node 44 57 9.21954
Pkt 128 400 0.32 1
Pkt 96 300 0.32 1
Node 57 52 7.28011
Pkt 256 800 0.32 1
Pkt 256 800 0.32 1
Node 54 50 4
Pkt 32 100 0.32 1
Pkt 64 200 0.32 1
Node 74 43 25
Pkt 120 375 0.32 1
Pkt 154 480 0.320833 1
Node 46 41 9.84886
Pkt 240 750 0.32 1
Pkt 240 750 0.32 1
Node 55 34 16.7631
Pkt 32 100 0.32 1
Pkt 80 250 0.32 1
Rate:640.536
==========
==========86
7 0 2 24000
Node 47 45 5.83095
Pkt 32 100 0.32 1
Pkt 77 240 0.320833 1
Node 57 60 12.2066
Pkt 128 400 0.32 1
Pkt 120 375 0.32 1
Node 62 51 12.0416
Pkt 240 750 0.32 1
Pkt 240 750 0.32 1
Node 63 52 13.1529
Pkt 32 100 0.32 1
Pkt 77 240 0.320833 1
Node 61 26 26.4008
Pkt 128 400 0.32 1
Pkt 128 400 0.32 1
Node 72 39 24.5967
Pkt 256 800 0.32 1
Pkt 256 800 0.32 1
Node 51 45 5.09902
Pkt 62 192 0.322917 1
Pkt 64 200 0.32 1
Rate:640.655
==========
==========87
7 0 2 24000
Node 70 41 21.9317
Pkt 52 160 0.325 1
Pkt 32 100 0.32 1
Node 29 58 22.4722
Pkt 120 375 0.32 1
Pkt 120 375 0.32 1
Node 71 43 22.1359
Pkt 256 800 0.32 1
Pkt 240 750 0.32 1
Node 58 35 17
Pkt 48 150 0.32 1
Pkt 40 125 0.32 1
Node 69 27 29.8329
Pkt 103 320 0.321875 1
Pkt 120 375 0.32 1
Node 35 36 20.5183
Pkt 256 800 0.32 1
Pkt 240 750 0.32 1
Node 49 31 19.0263
Pkt 52 160 0.325 1
Pkt 39 120 0.325 1
Rate:642.411
==========
==========88
7 0 2 24000
Node 26 48 24.0832
Pkt 52 160 0.325 1
Pkt 39 120 0.325 1
Node 73 55 23.5372
Pkt 96 300 0.32 1
Pkt 128 400 0.32 1
Node 56 30 20.8806
Pkt 256 800 0.32 1
Pkt 256 800 0.32 1
Node 46 74 24.3311
Pkt 80 250 0.32 1
Pkt 77 240 0.320833 1
Node 73 48 23.0868
Pkt 96 300 0.32 1
Pkt 154 480 0.320833 1
Node 56 43 9.21954
Pkt 240 750 0.32 1
Pkt 256 800 0.32 1
Node 49 62 12.0416
Pkt 52 160 0.325 1
Pkt 40 125 0.32 1
Rate:642.381
==========
==========89
7 0 2 24000
Node 64 31 23.6008
Pkt 62 192 0.322917 1
Pkt 80 250 0.32 1
Node 62 44 13.4164
Pkt 96 300 0.32 1
Pkt 154 480 0.320833 1
Node 60 61 14.8661
Pkt 256 800 0.32 1
Pkt 256 800 0.32 1
Node 59 72 23.7697
Pkt 39 120 0.325 1
Pkt 80 250 0.32 1
Node 55 38 13
Pkt 128 400 0.32 1
Pkt 128 400 0.32 1
Node 26 32 30
Pkt 256 800 0.32 1
Pkt 256 800 0.32 1
Node 32 69 26.1725
Pkt 39 120 0.325 1
Pkt 48 150 0.32 1
Rate:641.964
==========
==========90
7 0 2 24000
Node 45 27 23.5372
Pkt 52 160 0.325 1
Pkt 62 192 0.322917 1
Node 31 72 29.0689
Pkt 128 400 0.32 1
Pkt 128 400 0.32 1
Node 55 49 5.09902
Pkt 256 800 0.32 1
Pkt 256 800 0.32 1
Node 28 72 31.1127
Pkt 77 240 0.320833 1
Pkt 32 100 0.32 1
Node 55 37 13.9284
Pkt 128 400 0.32 1
Pkt 103 320 0.321875 1
Node 49 61 11.0454
Pkt 240 750 0.32 1
Pkt 240 750 0.32 1
Node 62 38 16.9706
Pkt 77 240 0.320833 1
Pkt 62 192 0.322917 1
Rate:642.054
==========
==========91
7 0 2 24000
Node 66 54 16.4924
Pkt 62 192 0.322917 1
Pkt 80 250 0.32 1
Node 71 28 30.4138
Pkt 128 400 0.32 1
Pkt 96 300 0.32 1
Node 26 31 30.6105
Pkt 256 800 0.32 1
Pkt 256 800 0.32 1
Node 27 26 33.2415
Pkt 64 200 0.32 1
Pkt 40 125 0.32 1
Node 57 57 9.89949
Pkt 120 375 0.32 1
Pkt 120 375 0.32 1
Node 53 74 24.1868
Pkt 256 800 0.32 1
Pkt 240 750 0.32 1
Node 63 71 24.6982
Pkt 52 160 0.325 1
Pkt 39 120 0.325 1
Rate:641.845
==========
==========92
7 0 2 24000
Node 62 49 12.0416
Pkt 32 100 0.32 1
Pkt 64 200 0.32 1
Node 60 58 12.8062
Pkt 128 400 0.32 1
Pkt 128 400 0.32 1
Node 43 57 9.89949
Pkt 240 750 0.32 1
Pkt 240 750 0.32 1
Node 59 26 25.632
Pkt 52 160 0.325 1
Pkt 77 240 0.320833 1
Node 42 38 14.4222
Pkt 154 480 0.320833 1
Pkt 120 375 0.32 1
Node 61 41 14.2127
Pkt 256 800 0.32 1
Pkt 240 750 0.32 1
Node 60 47 10.4403
Pkt 62 192 0.322917 1
Pkt 52 160 0.325 1
Rate:642.083
==========
==========93
7 0 2 24000
Node 61 51 11.0454
Pkt 64 200 0.32 1
Pkt 48 150 0.32 1
Node 46 48 4.47214
Pkt 96 300 0.32 1
Pkt 154 480 0.320833 1
Node 38 47 12.3693
Pkt 256 800 0.32 1
Pkt 256 800 0.32 1
Node 32 52 18.1108
Pkt 64 200 0.32 1
Pkt 80 250 0.32 1
Node 36 46 14.5602
Pkt 128 400 0.32 1
Pkt 96 300 0.32 1
Node 69 62 22.4722
Pkt 256 800 0.32 1
Pkt 256 800 0.32 1
Node 36 37 19.105
Pkt 77 240 0.320833 1
Pkt 40 125 0.32 1
Rate:640.238
==========
==========94
7 0 2 24000
Node 44 68 18.9737
Pkt 77 240 0.320833 1
Pkt 39 120 0.325 1
Node 32 40 20.5913
Pkt 96 300 0.32 1
Pkt 96 300 0.32 1
Node 40 42 12.8062
Pkt 240 750 0.32 1
Pkt 240 750 0.32 1
Node 66 41 18.3576
Pkt 77 240 0.320833 1
Pkt 48 150 0.32 1
Node 69 45 19.6469
Pkt 154 480 0.320833 1
Pkt 103 320 0.321875 1
Node 72 64 26.0768
Pkt 240 750 0.32 1
Pkt 240 750 0.32 1
Node 30 36 24.4131
Pkt 62 192 0.322917 1
Pkt 62 192 0.322917 1
Rate:642.173
==========
==========95
7 0 2 24000
Node 33 51 17.0294
Pkt 52 160 0.325 1
Pkt 80 250 0.32 1
Node 29 39 23.7065
Pkt 96 300 0.32 1
Pkt 103 320 0.321875 1
Node 36 68 22.8035
Pkt 256 800 0.32 1
Pkt 256 800 0.32 1
Node 70 25 32.0156
Pkt 64 200 0.32 1
Pkt 48 150 0.32 1
Node 36 36 19.799
Pkt 128 400 0.32 1
Pkt 154 480 0.320833 1
Node 28 55 22.561
Pkt 240 750 0.32 1
Pkt 256 800 0.32 1
Node 64 50 14
Pkt 52 160 0.325 1
Pkt 52 160 0.325 1
Rate:642.53
==========
==========96
7 0 2 24000
Node 54 44 7.2111
Pkt 62 192 0.322917 1
Pkt 32 100 0.32 1
Node 58 44 10
Pkt 120 375 0.32 1
Pkt 128 400 0.32 1
Node 61 61 15.5563
Pkt 240 750 0.32 1
Pkt 240 750 0.32 1
Node 48 63 13.1529
Pkt 77 240 0.320833 1
Pkt 64 200 0.32 1
Node 32 44 18.9737
Pkt 128 400 0.32 1
Pkt 120 375 0.32 1
Node 30 40 22.3607
Pkt 240 750 0.32 1
Pkt 256 800 0.32 1
Node 31 32 26.1725
Pkt 62 192 0.322917 1
Pkt 64 200 0.32 1
Rate:640.952
==========
==========97
7 0 2 24000
Node 48 61 11.1803
Pkt 52 160 0.325 1
Pkt 48 150 0.32 1
Node 71 39 23.7065
Pkt 128 400 0.32 1
Pkt 154 480 0.320833 1
Node 46 46 5.65685
Pkt 240 750 0.32 1
Pkt 256 800 0.32 1
Node 68 71 27.6586
Pkt 77 240 0.320833 1
Pkt 62 192 0.322917 1
Node 63 49 13.0384
Pkt 120 375 0.32 1
Pkt 96 300 0.32 1
Node 25 52 25.0799
Pkt 240 750 0.32 1
Pkt 240 750 0.32 1
Node 35 72 26.6271
Pkt 32 100 0.32 1
Pkt 62 192 0.322917 1
Rate:641.786
==========
==========98
7 0 2 24000
Node 39 42 13.6015
Pkt 52 160 0.325 1
Pkt 64 200 0.32 1
Node 31 60 21.4709
Pkt 128 400 0.32 1
Pkt 154 480 0.320833 1
Node 57 66 17.4642
Pkt 256 800 0.32 1
Pkt 240 750 0.32 1
Node 26 36 27.7849
Pkt 77 240 0.320833 1
Pkt 32 100 0.32 1
Node 36 26 27.7849
Pkt 103 320 0.321875 1
Pkt 103 320 0.321875 1
Node 27 45 23.5372
Pkt 256 800 0.32 1
Pkt 256 800 0.32 1
Node 74 71 31.8904
Pkt 40 125 0.32 1
Pkt 32 100 0.32 1
Rate:641.488
==========
==========99
