7 0 2 24000
Node 35 54 15.5242
Pkt 47 192 0.244792 1
Pkt 36 150 0.24 1
Node 61 25 27.313
Pkt 96 400 0.24 1
Pkt 77 320 0.240625 1
Node 64 40 17.2047
Pkt 192 800 0.24 1
Pkt 192 800 0.24 1
Node 56 43 9.21954
Pkt 36 150 0.24 1
Pkt 39 160 0.24375 1
Node 28 53 22.2036
Pkt 72 300 0.24 1
Pkt 90 375 0.24 1
Node 50 65 15
Pkt 192 800 0.24 1
Pkt 192 800 0.24 1
Node 58 38 14.4222
Pkt 47 192 0.244792 1
Pkt 29 120 0.241667 1
Rate:482.232
==========
==========0
7 0 2 24000
Node 26 28 32.5576
Pkt 48 200 0.24 1
Pkt 60 250 0.24 1
Node 46 40 10.7703
Pkt 116 480 0.241667 1
Pkt 77 320 0.240625 1
Node 57 52 7.28011
Pkt 192 800 0.24 1
Pkt 192 800 0.24 1
Node 33 27 28.6007
Pkt 48 200 0.24 1
Pkt 24 100 0.24 1
Node 39 49 11.0454
Pkt 77 320 0.240625 1
Pkt 96 400 0.24 1
Node 40 59 13.4536
Pkt 192 800 0.24 1
Pkt 192 800 0.24 1
Node 54 45 6.40312
Pkt 48 200 0.24 1
Pkt 58 240 0.241667 1
Rate:480.655
==========
==========1
7 0 2 24000
Node 50 63 13
Pkt 39 160 0.24375 1
Pkt 29 120 0.241667 1
Node 42 68 19.6977
Pkt 72 300 0.24 1
Pkt 116 480 0.241667 1
Node 43 67 18.3848
Pkt 192 800 0.24 1
Pkt 192 800 0.24 1
Node 69 66 24.8395
Pkt 30 125 0.24 1
Pkt 39 160 0.24375 1
Node 40 53 10.4403
Pkt 116 480 0.241667 1
Pkt 116 480 0.241667 1
Node 27 53 23.1948
Pkt 180 750 0.24 1
Pkt 180 750 0.24 1
Node 32 38 21.6333
Pkt 30 125 0.24 1
Pkt 60 250 0.24 1
Rate:482.024
==========
==========2
7 0 2 24000
Node 58 45 9.43398
Pkt 24 100 0.24 1
Pkt 36 150 0.24 1
Node 52 35 15.1327
Pkt 90 375 0.24 1
Pkt 72 300 0.24 1
Node 52 59 9.21954
Pkt 180 750 0.24 1
Pkt 192 800 0.24 1
Node 32 48 18.1108
Pkt 47 192 0.244792 1
Pkt 24 100 0.24 1
Node 28 54 22.3607
Pkt 96 400 0.24 1
Pkt 77 320 0.240625 1
Node 51 40 10.0499
Pkt 180 750 0.24 1
Pkt 180 750 0.24 1
Node 38 50 12
Pkt 47 192 0.244792 1
Pkt 48 200 0.24 1
Rate:481.458
==========
==========3
7 0 2 24000
Node 46 28 22.3607
Pkt 24 100 0.24 1
Pkt 30 125 0.24 1
Node 60 27 25.0799
Pkt 90 375 0.24 1
Pkt 90 375 0.24 1
Node 69 74 30.6105
Pkt 180 750 0.24 1
Pkt 180 750 0.24 1
Node 45 61 12.083
Pkt 29 120 0.241667 1
Pkt 48 200 0.24 1
Node 46 29 21.3776
Pkt 72 300 0.24 1
Pkt 72 300 0.24 1
Node 69 30 27.5862
Pkt 180 750 0.24 1
Pkt 180 750 0.24 1
Node 34 45 16.7631
Pkt 24 100 0.24 1
Pkt 24 100 0.24 1
Rate:480.238
==========
==========4
7 0 2 24000
Node 40 41 13.4536
Pkt 48 200 0.24 1
Pkt 47 192 0.244792 1
Node 52 65 15.1327
Pkt 77 320 0.240625 1
Pkt 96 400 0.24 1
Node 29 32 27.6586
Pkt 180 750 0.24 1
Pkt 192 800 0.24 1
Node 31 52 19.105
Pkt 48 200 0.24 1
Pkt 39 160 0.24375 1
Node 69 45 19.6469
Pkt 72 300 0.24 1
Pkt 90 375 0.24 1
Node 56 62 13.4164
Pkt 192 800 0.24 1
Pkt 192 800 0.24 1
Node 51 29 21.0238
Pkt 60 250 0.24 1
Pkt 58 240 0.241667 1
Rate:481.548
==========
==========5
7 0 2 24000
Node 33 48 17.1172
Pkt 29 120 0.241667 1
Pkt 36 150 0.24 1
Node 58 25 26.2488
Pkt 72 300 0.24 1
Pkt 90 375 0.24 1
Node 41 34 18.3576
Pkt 192 800 0.24 1
Pkt 192 800 0.24 1
Node 74 46 24.3311
Pkt 24 100 0.24 1
Pkt 24 100 0.24 1
Node 43 70 21.1896
Pkt 72 300 0.24 1
Pkt 90 375 0.24 1
Node 37 60 16.4012
Pkt 192 800 0.24 1
Pkt 180 750 0.24 1
Node 57 32 19.3132
Pkt 58 240 0.241667 1
Pkt 39 160 0.24375 1
Rate:481.012
==========
==========6
7 0 2 24000
Node 33 38 20.8087
Pkt 36 150 0.24 1
Pkt 60 250 0.24 1
Node 41 25 26.5707
Pkt 96 400 0.24 1
Pkt 72 300 0.24 1
Node 67 54 17.4642
Pkt 192 800 0.24 1
Pkt 180 750 0.24 1
Node 49 29 21.0238
Pkt 60 250 0.24 1
Pkt 30 125 0.24 1
Node 30 27 30.4795
Pkt 72 300 0.24 1
Pkt 77 320 0.240625 1
Node 52 47 3.60555
Pkt 180 750 0.24 1
Pkt 180 750 0.24 1
Node 59 38 15
Pkt 48 200 0.24 1
Pkt 36 150 0.24 1
Rate:480.089
==========
==========7
7 0 2 24000
Node 27 71 31.1448
Pkt 47 192 0.244792 1
Pkt 30 125 0.24 1
Node 39 49 11.0454
Pkt 90 375 0.24 1
Pkt 96 400 0.24 1
Node 73 37 26.4197
Pkt 180 750 0.24 1
Pkt 180 750 0.24 1
Node 57 73 24.0416
Pkt 58 240 0.241667 1
Pkt 30 125 0.24 1
Node 27 25 33.9706
Pkt 116 480 0.241667 1
Pkt 90 375 0.24 1
Node 35 46 15.5242
Pkt 180 750 0.24 1
Pkt 180 750 0.24 1
Node 53 33 17.2627
Pkt 48 200 0.24 1
Pkt 47 192 0.244792 1
Rate:481.845
==========
==========8
7 0 2 24000
Node 29 41 22.8473
Pkt 58 240 0.241667 1
Pkt 36 150 0.24 1
Node 29 57 22.1359
Pkt 72 300 0.24 1
Pkt 116 480 0.241667 1
Node 46 34 16.4924
Pkt 192 800 0.24 1
Pkt 192 800 0.24 1
Node 63 28 25.5539
Pkt 60 250 0.24 1
Pkt 29 120 0.241667 1
Node 53 47 4.24264
Pkt 90 375 0.24 1
Pkt 116 480 0.241667 1
Node 34 25 29.6816
Pkt 180 750 0.24 1
Pkt 192 800 0.24 1
Node 35 29 25.807
Pkt 58 240 0.241667 1
Pkt 48 200 0.24 1
Rate:481.19
==========
==========9
7 0 2 24000
Node 32 45 18.6815
Pkt 39 160 0.24375 1
Pkt 48 200 0.24 1
Node 32 33 24.7588
Pkt 72 300 0.24 1
Pkt 96 400 0.24 1
Node 37 28 25.5539
Pkt 192 800 0.24 1
Pkt 192 800 0.24 1
Node 30 39 22.8254
Pkt 48 200 0.24 1
Pkt 47 192 0.244792 1
Node 74 40 26
Pkt 77 320 0.240625 1
Pkt 90 375 0.24 1
Node 28 71 30.4138
Pkt 180 750 0.24 1
Pkt 192 800 0.24 1
Node 63 48 13.1529
Pkt 58 240 0.241667 1
Pkt 60 250 0.24 1
Rate:481.548
==========
==========10
7 0 2 24000
Node 50 51 1
Pkt 30 125 0.24 1
Pkt 30 125 0.24 1
Node 30 25 32.0156
Pkt 116 480 0.241667 1
Pkt 72 300 0.24 1
Node 39 56 12.53
Pkt 180 750 0.24 1
Pkt 180 750 0.24 1
Node 56 71 21.8403
Pkt 47 192 0.244792 1
Pkt 60 250 0.24 1
Node 42 64 16.1245
Pkt 90 375 0.24 1
Pkt 96 400 0.24 1
Node 34 41 18.3576
Pkt 192 800 0.24 1
Pkt 180 750 0.24 1
Node 52 62 12.1655
Pkt 24 100 0.24 1
Pkt 39 160 0.24375 1
Rate:481.458
==========
==========11
7 0 2 24000
Node 49 52 2.23607
Pkt 30 125 0.24 1
Pkt 48 200 0.24 1
Node 68 74 30
Pkt 77 320 0.240625 1
Pkt 96 400 0.24 1
Node 63 72 25.5539
Pkt 180 750 0.24 1
Pkt 180 750 0.24 1
Node 40 51 10.0499
Pkt 24 100 0.24 1
Pkt 60 250 0.24 1
Node 29 72 30.4138
Pkt 96 400 0.24 1
Pkt 96 400 0.24 1
Node 56 52 6.32456
Pkt 192 800 0.24 1
Pkt 180 750 0.24 1
Node 72 34 27.2029
Pkt 39 160 0.24375 1
Pkt 60 250 0.24 1
Rate:480.625
==========
==========12
7 0 2 24000
Node 55 70 20.6155
Pkt 36 150 0.24 1
Pkt 29 120 0.241667 1
Node 48 66 16.1245
Pkt 116 480 0.241667 1
Pkt 96 400 0.24 1
Node 74 53 24.1868
Pkt 192 800 0.24 1
Pkt 192 800 0.24 1
Node 63 68 22.2036
Pkt 24 100 0.24 1
Pkt 36 150 0.24 1
Node 69 50 19
Pkt 90 375 0.24 1
Pkt 72 300 0.24 1
Node 73 58 24.3516
Pkt 180 750 0.24 1
Pkt 180 750 0.24 1
Node 34 33 23.3452
Pkt 58 240 0.241667 1
Pkt 58 240 0.241667 1
Rate:480.952
==========
==========13
7 0 2 24000
Node 70 55 20.6155
Pkt 48 200 0.24 1
Pkt 29 120 0.241667 1
Node 59 26 25.632
Pkt 116 480 0.241667 1
Pkt 90 375 0.24 1
Node 35 54 15.5242
Pkt 180 750 0.24 1
Pkt 180 750 0.24 1
Node 43 51 7.07107
Pkt 29 120 0.241667 1
Pkt 39 160 0.24375 1
Node 59 38 15
Pkt 96 400 0.24 1
Pkt 96 400 0.24 1
Node 54 60 10.7703
Pkt 192 800 0.24 1
Pkt 180 750 0.24 1
Node 71 34 26.4008
Pkt 48 200 0.24 1
Pkt 30 125 0.24 1
Rate:481.25
==========
==========14
7 0 2 24000
Node 36 68 22.8035
Pkt 58 240 0.241667 1
Pkt 47 192 0.244792 1
Node 52 51 2.23607
Pkt 116 480 0.241667 1
Pkt 96 400 0.24 1
Node 26 51 24.0208
Pkt 180 750 0.24 1
Pkt 180 750 0.24 1
Node 46 71 21.3776
Pkt 29 120 0.241667 1
Pkt 24 100 0.24 1
Node 73 71 31.1448
Pkt 116 480 0.241667 1
Pkt 72 300 0.24 1
Node 35 53 15.2971
Pkt 180 750 0.24 1
Pkt 192 800 0.24 1
Node 31 40 21.4709
Pkt 36 150 0.24 1
Pkt 30 125 0.24 1
Rate:481.637
==========
==========15
7 0 2 24000
Node 57 29 22.1359
Pkt 58 240 0.241667 1
Pkt 48 200 0.24 1
Node 33 69 25.4951
Pkt 116 480 0.241667 1
Pkt 77 320 0.240625 1
Node 63 64 19.105
Pkt 180 750 0.24 1
Pkt 192 800 0.24 1
Node 45 71 21.587
Pkt 47 192 0.244792 1
Pkt 47 192 0.244792 1
Node 44 39 12.53
Pkt 116 480 0.241667 1
Pkt 116 480 0.241667 1
Node 61 64 17.8045
Pkt 180 750 0.24 1
Pkt 192 800 0.24 1
Node 53 48 3.60555
Pkt 29 120 0.241667 1
Pkt 30 125 0.24 1
Rate:482.649
==========
==========16
7 0 2 24000
Node 33 33 24.0416
Pkt 60 250 0.24 1
Pkt 58 240 0.241667 1
Node 40 53 10.4403
Pkt 77 320 0.240625 1
Pkt 77 320 0.240625 1
Node 41 30 21.9317
Pkt 192 800 0.24 1
Pkt 192 800 0.24 1
Node 41 42 12.0416
Pkt 29 120 0.241667 1
Pkt 48 200 0.24 1
Node 56 49 6.08276
Pkt 116 480 0.241667 1
Pkt 72 300 0.24 1
Node 54 55 6.40312
Pkt 192 800 0.24 1
Pkt 180 750 0.24 1
Node 66 28 27.2029
Pkt 47 192 0.244792 1
Pkt 39 160 0.24375 1
Rate:482.113
==========
==========17
7 0 2 24000
Node 69 73 29.8329
Pkt 47 192 0.244792 1
Pkt 58 240 0.241667 1
Node 51 49 1.41421
Pkt 77 320 0.240625 1
Pkt 90 375 0.24 1
Node 39 27 25.4951
Pkt 180 750 0.24 1
Pkt 192 800 0.24 1
Node 61 47 11.4018
Pkt 60 250 0.24 1
Pkt 29 120 0.241667 1
Node 36 38 18.4391
Pkt 77 320 0.240625 1
Pkt 116 480 0.241667 1
Node 25 52 25.0799
Pkt 192 800 0.24 1
Pkt 192 800 0.24 1
Node 68 53 18.2483
Pkt 39 160 0.24375 1
Pkt 39 160 0.24375 1
Rate:482.649
==========
==========18
7 0 2 24000
Node 39 63 17.0294
Pkt 47 192 0.244792 1
Pkt 29 120 0.241667 1
Node 38 42 14.4222
Pkt 96 400 0.24 1
Pkt 72 300 0.24 1
Node 41 35 17.4929
Pkt 192 800 0.24 1
Pkt 180 750 0.24 1
Node 60 54 10.7703
Pkt 58 240 0.241667 1
Pkt 30 125 0.24 1
Node 62 27 25.9422
Pkt 77 320 0.240625 1
Pkt 116 480 0.241667 1
Node 50 68 18
Pkt 180 750 0.24 1
Pkt 192 800 0.24 1
Node 53 65 15.2971
Pkt 30 125 0.24 1
Pkt 60 250 0.24 1
Rate:481.488
==========
==========19
7 0 2 24000
Node 30 60 22.3607
Pkt 36 150 0.24 1
Pkt 24 100 0.24 1
Node 64 56 15.2315
Pkt 72 300 0.24 1
Pkt 96 400 0.24 1
Node 63 26 27.2947
Pkt 180 750 0.24 1
Pkt 180 750 0.24 1
Node 48 42 8.24621
Pkt 24 100 0.24 1
Pkt 30 125 0.24 1
Node 27 43 24.0416
Pkt 96 400 0.24 1
Pkt 77 320 0.240625 1
Node 31 29 28.3196
Pkt 192 800 0.24 1
Pkt 192 800 0.24 1
Node 35 36 20.5183
Pkt 29 120 0.241667 1
Pkt 36 150 0.24 1
Rate:480.327
==========
==========20
7 0 2 24000
Node 58 59 12.0416
Pkt 36 150 0.24 1
Pkt 47 192 0.244792 1
Node 30 54 20.3961
Pkt 77 320 0.240625 1
Pkt 77 320 0.240625 1
Node 55 25 25.4951
Pkt 180 750 0.24 1
Pkt 192 800 0.24 1
Node 40 32 20.5913
Pkt 36 150 0.24 1
Pkt 48 200 0.24 1
Node 53 69 19.2354
Pkt 90 375 0.24 1
Pkt 72 300 0.24 1
Node 64 72 26.0768
Pkt 180 750 0.24 1
Pkt 180 750 0.24 1
Node 73 70 30.4795
Pkt 48 200 0.24 1
Pkt 60 250 0.24 1
Rate:480.863
==========
==========21
7 0 2 24000
Node 49 40 10.0499
Pkt 58 240 0.241667 1
Pkt 30 125 0.24 1
Node 46 49 4.12311
Pkt 96 400 0.24 1
Pkt 116 480 0.241667 1
Node 56 57 9.21954
Pkt 192 800 0.24 1
Pkt 192 800 0.24 1
Node 61 54 11.7047
Pkt 47 192 0.244792 1
Pkt 24 100 0.24 1
Node 66 54 16.4924
Pkt 77 320 0.240625 1
Pkt 116 480 0.241667 1
Node 53 25 25.1794
Pkt 192 800 0.24 1
Pkt 192 800 0.24 1
Node 27 62 25.9422
Pkt 30 125 0.24 1
Pkt 29 120 0.241667 1
Rate:481.726
==========
==========22
7 0 2 24000
Node 46 55 6.40312
Pkt 24 100 0.24 1
Pkt 29 120 0.241667 1
Node 54 42 8.94427
Pkt 77 320 0.240625 1
Pkt 116 480 0.241667 1
Node 57 31 20.2485
Pkt 192 800 0.24 1
Pkt 192 800 0.24 1
Node 49 64 14.0357
Pkt 30 125 0.24 1
Pkt 39 160 0.24375 1
Node 71 38 24.1868
Pkt 116 480 0.241667 1
Pkt 96 400 0.24 1
Node 64 36 19.799
Pkt 180 750 0.24 1
Pkt 180 750 0.24 1
Node 54 33 17.4642
Pkt 60 250 0.24 1
Pkt 39 160 0.24375 1
Rate:481.875
==========
==========23
7 0 2 24000
Node 44 55 7.81025
Pkt 36 150 0.24 1
Pkt 58 240 0.241667 1
Node 46 29 21.3776
Pkt 77 320 0.240625 1
Pkt 90 375 0.24 1
Node 36 51 14.0357
Pkt 192 800 0.24 1
Pkt 180 750 0.24 1
Node 54 67 17.4642
Pkt 58 240 0.241667 1
Pkt 47 192 0.244792 1
Node 51 49 1.41421
Pkt 90 375 0.24 1
Pkt 116 480 0.241667 1
Node 73 58 24.3516
Pkt 192 800 0.24 1
Pkt 192 800 0.24 1
Node 62 45 13
Pkt 24 100 0.24 1
Pkt 48 200 0.24 1
Rate:481.488
==========
==========24
7 0 2 24000
Node 37 47 13.3417
Pkt 29 120 0.241667 1
Pkt 47 192 0.244792 1
Node 26 69 30.6105
Pkt 90 375 0.24 1
Pkt 116 480 0.241667 1
Node 51 62 12.0416
Pkt 192 800 0.24 1
Pkt 180 750 0.24 1
Node 26 60 26
Pkt 36 150 0.24 1
Pkt 30 125 0.24 1
Node 44 29 21.8403
Pkt 77 320 0.240625 1
Pkt 77 320 0.240625 1
Node 64 25 28.6531
Pkt 192 800 0.24 1
Pkt 180 750 0.24 1
Node 67 69 25.4951
Pkt 58 240 0.241667 1
Pkt 24 100 0.24 1
Rate:481.577
==========
==========25
7 0 2 24000
Node 31 53 19.2354
Pkt 60 250 0.24 1
Pkt 29 120 0.241667 1
Node 34 33 23.3452
Pkt 116 480 0.241667 1
Pkt 116 480 0.241667 1
Node 61 30 22.8254
Pkt 192 800 0.24 1
Pkt 192 800 0.24 1
Node 59 41 12.7279
Pkt 30 125 0.24 1
Pkt 60 250 0.24 1
Node 73 37 26.4197
Pkt 72 300 0.24 1
Pkt 116 480 0.241667 1
Node 73 44 23.7697
Pkt 180 750 0.24 1
Pkt 180 750 0.24 1
Node 48 39 11.1803
Pkt 24 100 0.24 1
Pkt 48 200 0.24 1
Rate:480.952
==========
==========26
7 0 2 24000
Node 61 68 21.095
Pkt 39 160 0.24375 1
Pkt 60 250 0.24 1
Node 74 68 30
Pkt 90 375 0.24 1
Pkt 116 480 0.241667 1
Node 25 38 27.7308
Pkt 192 800 0.24 1
Pkt 192 800 0.24 1
Node 64 36 19.799
Pkt 36 150 0.24 1
Pkt 58 240 0.241667 1
Node 46 61 11.7047
Pkt 72 300 0.24 1
Pkt 90 375 0.24 1
Node 73 59 24.6982
Pkt 192 800 0.24 1
Pkt 192 800 0.24 1
Node 56 50 6
Pkt 47 192 0.244792 1
Pkt 36 150 0.24 1
Rate:481.696
==========
==========27
7 0 2 24000
Node 35 69 24.2074
Pkt 48 200 0.24 1
Pkt 24 100 0.24 1
Node 52 38 12.1655
Pkt 72 300 0.24 1
Pkt 72 300 0.24 1
Node 70 68 26.9072
Pkt 180 750 0.24 1
Pkt 192 800 0.24 1
Node 47 63 13.3417
Pkt 60 250 0.24 1
Pkt 47 192 0.244792 1
Node 38 64 18.4391
Pkt 77 320 0.240625 1
Pkt 72 300 0.24 1
Node 56 71 21.8403
Pkt 192 800 0.24 1
Pkt 192 800 0.24 1
Node 26 62 26.8328
Pkt 48 200 0.24 1
Pkt 36 150 0.24 1
Rate:480.774
==========
==========28
7 0 2 24000
Node 65 59 17.4929
Pkt 47 192 0.244792 1
Pkt 39 160 0.24375 1
Node 29 61 23.7065
Pkt 96 400 0.24 1
Pkt 96 400 0.24 1
Node 33 58 18.7883
Pkt 180 750 0.24 1
Pkt 180 750 0.24 1
Node 46 56 7.2111
Pkt 47 192 0.244792 1
Pkt 48 200 0.24 1
Node 46 36 14.5602
Pkt 96 400 0.24 1
Pkt 72 300 0.24 1
Node 59 45 10.2956
Pkt 192 800 0.24 1
Pkt 180 750 0.24 1
Node 63 63 18.3848
Pkt 30 125 0.24 1
Pkt 47 192 0.244792 1
Rate:482.589
==========
==========29
7 0 2 24000
Node 68 50 18
Pkt 29 120 0.241667 1
Pkt 58 240 0.241667 1
Node 36 70 24.4131
Pkt 77 320 0.240625 1
Pkt 72 300 0.24 1
Node 65 27 27.4591
Pkt 180 750 0.24 1
Pkt 192 800 0.24 1
Node 64 58 16.1245
Pkt 47 192 0.244792 1
Pkt 30 125 0.24 1
Node 29 36 25.2389
Pkt 96 400 0.24 1
Pkt 90 375 0.24 1
Node 25 67 30.2324
Pkt 192 800 0.24 1
Pkt 192 800 0.24 1
Node 63 33 21.4009
Pkt 48 200 0.24 1
Pkt 60 250 0.24 1
Rate:481.25
==========
==========30
7 0 2 24000
Node 61 50 11
Pkt 48 200 0.24 1
Pkt 39 160 0.24375 1
Node 48 34 16.1245
Pkt 96 400 0.24 1
Pkt 116 480 0.241667 1
Node 53 74 24.1868
Pkt 192 800 0.24 1
Pkt 180 750 0.24 1
Node 30 72 29.7321
Pkt 58 240 0.241667 1
Pkt 47 192 0.244792 1
Node 69 53 19.2354
Pkt 72 300 0.24 1
Pkt 90 375 0.24 1
Node 33 37 21.4009
Pkt 180 750 0.24 1
Pkt 192 800 0.24 1
Node 44 51 6.08276
Pkt 24 100 0.24 1
Pkt 58 240 0.241667 1
Rate:481.935
==========
==========31
7 0 2 24000
Node 49 68 18.0278
Pkt 60 250 0.24 1
Pkt 60 250 0.24 1
Node 31 25 31.4006
Pkt 116 480 0.241667 1
Pkt 90 375 0.24 1
Node 37 49 13.0384
Pkt 192 800 0.24 1
Pkt 192 800 0.24 1
Node 37 28 25.5539
Pkt 30 125 0.24 1
Pkt 47 192 0.244792 1
Node 58 46 8.94427
Pkt 90 375 0.24 1
Pkt 90 375 0.24 1
Node 33 29 27.0185
Pkt 192 800 0.24 1
Pkt 180 750 0.24 1
Node 32 71 27.6586
Pkt 30 125 0.24 1
Pkt 24 100 0.24 1
Rate:480.923
==========
==========32
7 0 2 24000
Node 65 42 17
Pkt 47 192 0.244792 1
Pkt 36 150 0.24 1
Node 73 47 23.1948
Pkt 77 320 0.240625 1
Pkt 90 375 0.24 1
Node 59 59 12.7279
Pkt 180 750 0.24 1
Pkt 180 750 0.24 1
Node 25 41 26.5707
Pkt 24 100 0.24 1
Pkt 36 150 0.24 1
Node 51 34 16.0312
Pkt 116 480 0.241667 1
Pkt 72 300 0.24 1
Node 71 41 22.8473
Pkt 192 800 0.24 1
Pkt 192 800 0.24 1
Node 62 69 22.4722
Pkt 30 125 0.24 1
Pkt 29 120 0.241667 1
Rate:481.25
==========
==========33
7 0 2 24000
Node 30 25 32.0156
Pkt 58 240 0.241667 1
Pkt 36 150 0.24 1
Node 45 58 9.43398
Pkt 72 300 0.24 1
Pkt 116 480 0.241667 1
Node 45 50 5
Pkt 180 750 0.24 1
Pkt 192 800 0.24 1
Node 33 59 19.2354
Pkt 48 200 0.24 1
Pkt 39 160 0.24375 1
Node 59 28 23.7697
Pkt 77 320 0.240625 1
Pkt 116 480 0.241667 1
Node 48 44 6.32456
Pkt 180 750 0.24 1
Pkt 192 800 0.24 1
Node 32 41 20.1246
Pkt 24 100 0.24 1
Pkt 30 125 0.24 1
Rate:481.339
==========
==========34
7 0 2 24000
Node 32 62 21.6333
Pkt 36 150 0.24 1
Pkt 24 100 0.24 1
Node 61 52 11.1803
Pkt 77 320 0.240625 1
Pkt 96 400 0.24 1
Node 65 50 15
Pkt 192 800 0.24 1
Pkt 180 750 0.24 1
Node 26 67 29.4109
Pkt 60 250 0.24 1
Pkt 39 160 0.24375 1
Node 63 45 13.9284
Pkt 72 300 0.24 1
Pkt 96 400 0.24 1
Node 25 30 32.0156
Pkt 192 800 0.24 1
Pkt 192 800 0.24 1
Node 35 36 20.5183
Pkt 60 250 0.24 1
Pkt 60 250 0.24 1
Rate:480.625
==========
==========35
7 0 2 24000
Node 60 49 10.0499
Pkt 60 250 0.24 1
Pkt 60 250 0.24 1
Node 29 57 22.1359
Pkt 77 320 0.240625 1
Pkt 116 480 0.241667 1
Node 29 32 27.6586
Pkt 192 800 0.24 1
Pkt 180 750 0.24 1
Node 42 31 20.6155
Pkt 30 125 0.24 1
Pkt 30 125 0.24 1
Node 72 68 28.4253
Pkt 72 300 0.24 1
Pkt 77 320 0.240625 1
Node 62 52 12.1655
Pkt 180 750 0.24 1
Pkt 180 750 0.24 1
Node 52 59 9.21954
Pkt 60 250 0.24 1
Pkt 30 125 0.24 1
Rate:480.417
==========
==========36
7 0 2 24000
Node 38 37 17.6918
Pkt 47 192 0.244792 1
Pkt 47 192 0.244792 1
Node 43 57 9.89949
Pkt 72 300 0.24 1
Pkt 96 400 0.24 1
Node 35 74 28.3019
Pkt 192 800 0.24 1
Pkt 180 750 0.24 1
Node 74 27 33.2415
Pkt 48 200 0.24 1
Pkt 48 200 0.24 1
Node 41 32 20.1246
Pkt 77 320 0.240625 1
Pkt 77 320 0.240625 1
Node 39 32 21.095
Pkt 180 750 0.24 1
Pkt 192 800 0.24 1
Node 73 34 28.0179
Pkt 48 200 0.24 1
Pkt 36 150 0.24 1
Rate:481.548
==========
==========37
7 0 2 24000
Node 26 71 31.8904
Pkt 48 200 0.24 1
Pkt 39 160 0.24375 1
Node 48 69 19.105
Pkt 72 300 0.24 1
Pkt 77 320 0.240625 1
Node 45 69 19.6469
Pkt 192 800 0.24 1
Pkt 180 750 0.24 1
Node 55 57 8.60233
Pkt 36 150 0.24 1
Pkt 29 120 0.241667 1
Node 61 38 16.2788
Pkt 116 480 0.241667 1
Pkt 90 375 0.24 1
Node 70 74 31.241
Pkt 192 800 0.24 1
Pkt 180 750 0.24 1
Node 54 71 21.3776
Pkt 47 192 0.244792 1
Pkt 36 150 0.24 1
Rate:481.786
==========
==========38
7 0 2 24000
Node 44 42 10
Pkt 47 192 0.244792 1
Pkt 48 200 0.24 1
Node 34 30 25.6125
Pkt 90 375 0.24 1
Pkt 72 300 0.24 1
Node 43 67 18.3848
Pkt 192 800 0.24 1
Pkt 180 750 0.24 1
Node 45 33 17.72
Pkt 29 120 0.241667 1
Pkt 60 250 0.24 1
Node 66 37 20.6155
Pkt 96 400 0.24 1
Pkt 116 480 0.241667 1
Node 50 40 10
Pkt 192 800 0.24 1
Pkt 180 750 0.24 1
Node 36 31 23.6008
Pkt 30 125 0.24 1
Pkt 58 240 0.241667 1
Rate:481.399
==========
==========39
7 0 2 24000
Node 42 44 10
Pkt 24 100 0.24 1
Pkt 36 150 0.24 1
Node 25 46 25.318
Pkt 77 320 0.240625 1
Pkt 90 375 0.24 1
Node 43 27 24.0416
Pkt 180 750 0.24 1
Pkt 180 750 0.24 1
Node 70 47 20.2237
Pkt 60 250 0.24 1
Pkt 36 150 0.24 1
Node 35 60 18.0278
Pkt 116 480 0.241667 1
Pkt 96 400 0.24 1
Node 42 47 8.544
Pkt 180 750 0.24 1
Pkt 192 800 0.24 1
Node 50 59 9
Pkt 29 120 0.241667 1
Pkt 58 240 0.241667 1
Rate:480.804
==========
==========40
7 0 2 24000
Node 53 41 9.48683
Pkt 60 250 0.24 1
Pkt 48 200 0.24 1
Node 44 32 18.9737
Pkt 116 480 0.241667 1
Pkt 77 320 0.240625 1
Node 27 74 33.2415
Pkt 180 750 0.24 1
Pkt 180 750 0.24 1
Node 72 46 22.3607
Pkt 48 200 0.24 1
Pkt 47 192 0.244792 1
Node 46 47 5
Pkt 96 400 0.24 1
Pkt 116 480 0.241667 1
Node 35 41 17.4929
Pkt 180 750 0.24 1
Pkt 180 750 0.24 1
Node 58 69 20.6155
Pkt 39 160 0.24375 1
Pkt 47 192 0.244792 1
Rate:482.47
==========
==========41
7 0 2 24000
Node 69 54 19.4165
Pkt 29 120 0.241667 1
Pkt 30 125 0.24 1
Node 32 43 19.3132
Pkt 77 320 0.240625 1
Pkt 96 400 0.24 1
Node 29 62 24.1868
Pkt 180 750 0.24 1
Pkt 180 750 0.24 1
Node 44 68 18.9737
Pkt 48 200 0.24 1
Pkt 60 250 0.24 1
Node 62 63 17.6918
Pkt 96 400 0.24 1
Pkt 96 400 0.24 1
Node 64 68 22.8035
Pkt 192 800 0.24 1
Pkt 180 750 0.24 1
Node 31 55 19.6469
Pkt 47 192 0.244792 1
Pkt 39 160 0.24375 1
Rate:481.548
==========
==========42
7 0 2 24000
Node 41 34 18.3576
Pkt 39 160 0.24375 1
Pkt 29 120 0.241667 1
Node 38 68 21.6333
Pkt 72 300 0.24 1
Pkt 72 300 0.24 1
Node 52 35 15.1327
Pkt 192 800 0.24 1
Pkt 180 750 0.24 1
Node 61 42 13.6015
Pkt 60 250 0.24 1
Pkt 36 150 0.24 1
Node 53 55 5.83095
Pkt 72 300 0.24 1
Pkt 116 480 0.241667 1
Node 30 33 26.2488
Pkt 192 800 0.24 1
Pkt 192 800 0.24 1
Node 33 43 18.3848
Pkt 47 192 0.244792 1
Pkt 36 150 0.24 1
Rate:481.696
==========
==========43
7 0 2 24000
Node 43 25 25.9615
Pkt 48 200 0.24 1
Pkt 36 150 0.24 1
Node 27 45 23.5372
Pkt 116 480 0.241667 1
Pkt 116 480 0.241667 1
Node 61 59 14.2127
Pkt 180 750 0.24 1
Pkt 192 800 0.24 1
Node 67 52 17.1172
Pkt 30 125 0.24 1
Pkt 24 100 0.24 1
Node 48 28 22.0907
Pkt 116 480 0.241667 1
Pkt 116 480 0.241667 1
Node 44 68 18.9737
Pkt 180 750 0.24 1
Pkt 180 750 0.24 1
Node 33 45 17.72
Pkt 29 120 0.241667 1
Pkt 24 100 0.24 1
Rate:481.19
==========
==========44
7 0 2 24000
Node 35 59 17.4929
Pkt 47 192 0.244792 1
Pkt 30 125 0.24 1
Node 60 72 24.1661
Pkt 77 320 0.240625 1
Pkt 96 400 0.24 1
Node 38 68 21.6333
Pkt 180 750 0.24 1
Pkt 180 750 0.24 1
Node 36 74 27.7849
Pkt 29 120 0.241667 1
Pkt 58 240 0.241667 1
Node 35 59 17.4929
Pkt 90 375 0.24 1
Pkt 72 300 0.24 1
Node 50 38 12
Pkt 180 750 0.24 1
Pkt 192 800 0.24 1
Node 44 30 20.8806
Pkt 24 100 0.24 1
Pkt 36 150 0.24 1
Rate:481.25
==========
==========45
7 0 2 24000
Node 58 51 8.06226
Pkt 48 200 0.24 1
Pkt 24 100 0.24 1
Node 43 33 18.3848
Pkt 72 300 0.24 1
Pkt 72 300 0.24 1
Node 33 65 22.6716
Pkt 180 750 0.24 1
Pkt 180 750 0.24 1
Node 43 65 16.5529
Pkt 24 100 0.24 1
Pkt 60 250 0.24 1
Node 37 56 14.3178
Pkt 77 320 0.240625 1
Pkt 77 320 0.240625 1
Node 51 36 14.0357
Pkt 192 800 0.24 1
Pkt 192 800 0.24 1
Node 44 55 7.81025
Pkt 58 240 0.241667 1
Pkt 29 120 0.241667 1
Rate:480.655
==========
==========46
7 0 2 24000
Node 47 53 4.24264
Pkt 29 120 0.241667 1
Pkt 39 160 0.24375 1
Node 48 71 21.095
Pkt 77 320 0.240625 1
Pkt 96 400 0.24 1
Node 34 74 28.8444
Pkt 192 800 0.24 1
Pkt 192 800 0.24 1
Node 65 34 21.9317
Pkt 58 240 0.241667 1
Pkt 39 160 0.24375 1
Node 30 66 25.6125
Pkt 77 320 0.240625 1
Pkt 96 400 0.24 1
Node 45 42 9.43398
Pkt 180 750 0.24 1
Pkt 180 750 0.24 1
Node 70 55 20.6155
Pkt 48 200 0.24 1
Pkt 48 200 0.24 1
Rate:481.726
==========
==========47
7 0 2 24000
Node 37 55 13.9284
Pkt 29 120 0.241667 1
Pkt 58 240 0.241667 1
Node 44 62 13.4164
Pkt 77 320 0.240625 1
Pkt 90 375 0.24 1
Node 74 40 26
Pkt 192 800 0.24 1
Pkt 180 750 0.24 1
Node 72 66 27.2029
Pkt 47 192 0.244792 1
Pkt 58 240 0.241667 1
Node 25 61 27.313
Pkt 90 375 0.24 1
Pkt 96 400 0.24 1
Node 52 52 2.82843
Pkt 180 750 0.24 1
Pkt 192 800 0.24 1
Node 54 62 12.6491
Pkt 47 192 0.244792 1
Pkt 47 192 0.244792 1
Rate:482.857
==========
==========48
7 0 2 24000
Node 72 42 23.4094
Pkt 29 120 0.241667 1
Pkt 29 120 0.241667 1
Node 68 69 26.1725
Pkt 72 300 0.24 1
Pkt 96 400 0.24 1
Node 70 61 22.8254
Pkt 180 750 0.24 1
Pkt 192 800 0.24 1
Node 30 56 20.8806
Pkt 60 250 0.24 1
Pkt 24 100 0.24 1
Node 53 48 3.60555
Pkt 72 300 0.24 1
Pkt 72 300 0.24 1
Node 31 51 19.0263
Pkt 180 750 0.24 1
Pkt 192 800 0.24 1
Node 47 68 18.2483
Pkt 24 100 0.24 1
Pkt 58 240 0.241667 1
Rate:480.714
==========
==========49
7 0 2 24000
Node 41 70 21.9317
Pkt 24 100 0.24 1
Pkt 47 192 0.244792 1
Node 25 30 32.0156
Pkt 116 480 0.241667 1
Pkt 90 375 0.24 1
Node 74 40 26
Pkt 192 800 0.24 1
Pkt 180 750 0.24 1
Node 25 30 32.0156
Pkt 47 192 0.244792 1
Pkt 30 125 0.24 1
Node 44 27 23.7697
Pkt 77 320 0.240625 1
Pkt 72 300 0.24 1
Node 29 70 29
Pkt 180 750 0.24 1
Pkt 192 800 0.24 1
Node 29 51 21.0238
Pkt 30 125 0.24 1
Pkt 30 125 0.24 1
Rate:481.696
==========
==========50
7 0 2 24000
Node 60 46 10.7703
Pkt 36 150 0.24 1
Pkt 58 240 0.241667 1
Node 55 37 13.9284
Pkt 116 480 0.241667 1
Pkt 77 320 0.240625 1
Node 54 61 11.7047
Pkt 192 800 0.24 1
Pkt 192 800 0.24 1
Node 47 35 15.2971
Pkt 60 250 0.24 1
Pkt 39 160 0.24375 1
Node 54 64 14.5602
Pkt 77 320 0.240625 1
Pkt 116 480 0.241667 1
Node 32 59 20.1246
Pkt 180 750 0.24 1
Pkt 180 750 0.24 1
Node 71 70 29
Pkt 47 192 0.244792 1
Pkt 30 125 0.24 1
Rate:482.113
==========
==========51
7 0 2 24000
Node 50 34 16
Pkt 60 250 0.24 1
Pkt 58 240 0.241667 1
Node 66 35 21.9317
Pkt 72 300 0.24 1
Pkt 116 480 0.241667 1
Node 37 66 20.6155
Pkt 180 750 0.24 1
Pkt 180 750 0.24 1
Node 40 57 12.2066
Pkt 47 192 0.244792 1
Pkt 48 200 0.24 1
Node 44 51 6.08276
Pkt 90 375 0.24 1
Pkt 72 300 0.24 1
Node 47 63 13.3417
Pkt 180 750 0.24 1
Pkt 180 750 0.24 1
Node 47 33 17.2627
Pkt 58 240 0.241667 1
Pkt 29 120 0.241667 1
Rate:481.637
==========
==========52
7 0 2 24000
Node 39 32 21.095
Pkt 39 160 0.24375 1
Pkt 30 125 0.24 1
Node 71 70 29
Pkt 72 300 0.24 1
Pkt 116 480 0.241667 1
Node 55 28 22.561
Pkt 192 800 0.24 1
Pkt 180 750 0.24 1
Node 33 27 28.6007
Pkt 30 125 0.24 1
Pkt 29 120 0.241667 1
Node 32 70 26.9072
Pkt 96 400 0.24 1
Pkt 116 480 0.241667 1
Node 54 44 7.2111
Pkt 192 800 0.24 1
Pkt 192 800 0.24 1
Node 36 56 15.2315
Pkt 36 150 0.24 1
Pkt 39 160 0.24375 1
Rate:481.786
==========
==========53
7 0 2 24000
Node 61 45 12.083
Pkt 36 150 0.24 1
Pkt 48 200 0.24 1
Node 62 57 13.8924
Pkt 116 480 0.241667 1
Pkt 77 320 0.240625 1
Node 72 53 22.2036
Pkt 180 750 0.24 1
Pkt 192 800 0.24 1
Node 27 47 23.1948
Pkt 30 125 0.24 1
Pkt 47 192 0.244792 1
Node 59 63 15.8114
Pkt 72 300 0.24 1
Pkt 96 400 0.24 1
Node 72 53 22.2036
Pkt 180 750 0.24 1
Pkt 192 800 0.24 1
Node 69 27 29.8329
Pkt 39 160 0.24375 1
Pkt 39 160 0.24375 1
Rate:482.083
==========
==========54
7 0 2 24000
Node 61 71 23.7065
Pkt 60 250 0.24 1
Pkt 39 160 0.24375 1
Node 60 36 17.2047
Pkt 90 375 0.24 1
Pkt 77 320 0.240625 1
Node 57 36 15.6525
Pkt 192 800 0.24 1
Pkt 180 750 0.24 1
Node 72 31 29.0689
Pkt 60 250 0.24 1
Pkt 48 200 0.24 1
Node 41 44 10.8167
Pkt 90 375 0.24 1
Pkt 72 300 0.24 1
Node 38 59 15
Pkt 192 800 0.24 1
Pkt 192 800 0.24 1
Node 60 66 18.868
Pkt 24 100 0.24 1
Pkt 29 120 0.241667 1
Rate:480.863
==========
==========55
7 0 2 24000
Node 49 60 10.0499
Pkt 39 160 0.24375 1
Pkt 39 160 0.24375 1
Node 61 61 15.5563
Pkt 90 375 0.24 1
Pkt 77 320 0.240625 1
Node 43 72 23.0868
Pkt 180 750 0.24 1
Pkt 192 800 0.24 1
Node 55 44 7.81025
Pkt 29 120 0.241667 1
Pkt 58 240 0.241667 1
Node 66 45 16.7631
Pkt 90 375 0.24 1
Pkt 77 320 0.240625 1
Node 51 68 18.0278
Pkt 192 800 0.24 1
Pkt 180 750 0.24 1
Node 51 38 12.0416
Pkt 36 150 0.24 1
Pkt 39 160 0.24375 1
Rate:482.262
==========
==========56
7 0 2 24000
Node 49 57 7.07107
Pkt 29 120 0.241667 1
Pkt 24 100 0.24 1
Node 27 36 26.9258
Pkt 116 480 0.241667 1
Pkt 77 320 0.240625 1
Node 63 37 18.3848
Pkt 180 750 0.24 1
Pkt 192 800 0.24 1
Node 71 51 21.0238
Pkt 36 150 0.24 1
Pkt 48 200 0.24 1
Node 69 67 25.4951
Pkt 90 375 0.24 1
Pkt 96 400 0.24 1
Node 45 52 5.38516
Pkt 192 800 0.24 1
Pkt 192 800 0.24 1
Node 50 72 22
Pkt 58 240 0.241667 1
Pkt 47 192 0.244792 1
Rate:481.488
==========
==========57
7 0 2 24000
Node 60 35 18.0278
Pkt 48 200 0.24 1
Pkt 30 125 0.24 1
Node 46 53 5
Pkt 77 320 0.240625 1
Pkt 116 480 0.241667 1
Node 41 49 9.05539
Pkt 192 800 0.24 1
Pkt 192 800 0.24 1
Node 43 34 17.4642
Pkt 30 125 0.24 1
Pkt 39 160 0.24375 1
Node 47 60 10.4403
Pkt 116 480 0.241667 1
Pkt 116 480 0.241667 1
Node 31 30 27.5862
Pkt 180 750 0.24 1
Pkt 192 800 0.24 1
Node 53 43 7.61577
Pkt 29 120 0.241667 1
Pkt 30 125 0.24 1
Rate:481.577
==========
==========58
7 0 2 24000
Node 25 59 26.5707
Pkt 24 100 0.24 1
Pkt 48 200 0.24 1
Node 46 36 14.5602
Pkt 90 375 0.24 1
Pkt 96 400 0.24 1
Node 26 52 24.0832
Pkt 192 800 0.24 1
Pkt 180 750 0.24 1
Node 55 64 14.8661
Pkt 24 100 0.24 1
Pkt 36 150 0.24 1
Node 44 69 19.9249
Pkt 96 400 0.24 1
Pkt 96 400 0.24 1
Node 53 62 12.3693
Pkt 192 800 0.24 1
Pkt 192 800 0.24 1
Node 29 49 21.0238
Pkt 60 250 0.24 1
Pkt 24 100 0.24 1
Rate:480
==========
==========59
7 0 2 24000
Node 58 70 21.5407
Pkt 29 120 0.241667 1
Pkt 36 150 0.24 1
Node 52 51 2.23607
Pkt 90 375 0.24 1
Pkt 116 480 0.241667 1
Node 61 59 14.2127
Pkt 180 750 0.24 1
Pkt 180 750 0.24 1
Node 46 37 13.6015
Pkt 36 150 0.24 1
Pkt 24 100 0.24 1
Node 55 29 21.587
Pkt 90 375 0.24 1
Pkt 116 480 0.241667 1
Node 32 36 22.8035
Pkt 180 750 0.24 1
Pkt 192 800 0.24 1
Node 74 51 24.0208
Pkt 30 125 0.24 1
Pkt 30 125 0.24 1
Rate:480.714
==========
==========60
7 0 2 24000
Node 59 58 12.0416
Pkt 47 192 0.244792 1
Pkt 60 250 0.24 1
Node 33 50 17
Pkt 116 480 0.241667 1
Pkt 77 320 0.240625 1
Node 36 34 21.2603
Pkt 180 750 0.24 1
Pkt 192 800 0.24 1
Node 51 62 12.0416
Pkt 36 150 0.24 1
Pkt 30 125 0.24 1
Node 44 56 8.48528
Pkt 116 480 0.241667 1
Pkt 96 400 0.24 1
Node 58 48 8.24621
Pkt 192 800 0.24 1
Pkt 192 800 0.24 1
Node 61 39 15.5563
Pkt 48 200 0.24 1
Pkt 29 120 0.241667 1
Rate:481.488
==========
==========61
7 0 2 24000
Node 52 62 12.1655
Pkt 60 250 0.24 1
Pkt 36 150 0.24 1
Node 49 25 25.02
Pkt 77 320 0.240625 1
Pkt 77 320 0.240625 1
Node 45 49 5.09902
Pkt 192 800 0.24 1
Pkt 192 800 0.24 1
Node 33 27 28.6007
Pkt 58 240 0.241667 1
Pkt 60 250 0.24 1
Node 57 58 10.6301
Pkt 96 400 0.24 1
Pkt 96 400 0.24 1
Node 34 56 17.088
Pkt 192 800 0.24 1
Pkt 180 750 0.24 1
Node 41 50 9
Pkt 58 240 0.241667 1
Pkt 58 240 0.241667 1
Rate:480.893
==========
==========62
7 0 2 24000
Node 74 72 32.5576
Pkt 29 120 0.241667 1
Pkt 36 150 0.24 1
Node 38 44 13.4164
Pkt 90 375 0.24 1
Pkt 77 320 0.240625 1
Node 44 67 18.0278
Pkt 180 750 0.24 1
Pkt 180 750 0.24 1
Node 66 57 17.4642
Pkt 47 192 0.244792 1
Pkt 30 125 0.24 1
Node 54 69 19.4165
Pkt 90 375 0.24 1
Pkt 90 375 0.24 1
Node 52 29 21.095
Pkt 180 750 0.24 1
Pkt 192 800 0.24 1
Node 68 47 18.2483
Pkt 30 125 0.24 1
Pkt 48 200 0.24 1
Rate:481.012
==========
==========63
7 0 2 24000
Node 34 38 20
Pkt 24 100 0.24 1
Pkt 47 192 0.244792 1
Node 46 69 19.4165
Pkt 96 400 0.24 1
Pkt 96 400 0.24 1
Node 38 50 12
Pkt 192 800 0.24 1
Pkt 180 750 0.24 1
Node 38 39 16.2788
Pkt 58 240 0.241667 1
Pkt 39 160 0.24375 1
Node 64 55 14.8661
Pkt 116 480 0.241667 1
Pkt 72 300 0.24 1
Node 48 64 14.1421
Pkt 192 800 0.24 1
Pkt 192 800 0.24 1
Node 67 43 18.3848
Pkt 58 240 0.241667 1
Pkt 39 160 0.24375 1
Rate:482.47
==========
==========64
7 0 2 24000
Node 27 57 24.0416
Pkt 24 100 0.24 1
Pkt 47 192 0.244792 1
Node 48 64 14.1421
Pkt 116 480 0.241667 1
Pkt 96 400 0.24 1
Node 34 67 23.3452
Pkt 180 750 0.24 1
Pkt 180 750 0.24 1
Node 31 29 28.3196
Pkt 48 200 0.24 1
Pkt 24 100 0.24 1
Node 47 50 3
Pkt 72 300 0.24 1
Pkt 90 375 0.24 1
Node 52 67 17.1172
Pkt 180 750 0.24 1
Pkt 192 800 0.24 1
Node 64 32 22.8035
Pkt 36 150 0.24 1
Pkt 29 120 0.241667 1
Rate:481.161
==========
==========65
7 0 2 24000
Node 34 65 21.9317
Pkt 60 250 0.24 1
Pkt 60 250 0.24 1
Node 68 25 30.8058
Pkt 77 320 0.240625 1
Pkt 77 320 0.240625 1
Node 54 39 11.7047
Pkt 192 800 0.24 1
Pkt 180 750 0.24 1
Node 34 60 18.868
Pkt 39 160 0.24375 1
Pkt 36 150 0.24 1
Node 31 52 19.105
Pkt 116 480 0.241667 1
Pkt 77 320 0.240625 1
Node 37 32 22.2036
Pkt 192 800 0.24 1
Pkt 192 800 0.24 1
Node 65 54 15.5242
Pkt 29 120 0.241667 1
Pkt 58 240 0.241667 1
Rate:481.518
==========
==========66
7 0 2 24000
Node 65 67 22.6716
Pkt 24 100 0.24 1
Pkt 58 240 0.241667 1
Node 45 31 19.6469
Pkt 77 320 0.240625 1
Pkt 96 400 0.24 1
Node 36 54 14.5602
Pkt 180 750 0.24 1
Pkt 180 750 0.24 1
Node 35 54 15.5242
Pkt 47 192 0.244792 1
Pkt 48 200 0.24 1
Node 68 42 19.6977
Pkt 96 400 0.24 1
Pkt 90 375 0.24 1
Node 59 36 16.6433
Pkt 192 800 0.24 1
Pkt 192 800 0.24 1
Node 45 29 21.587
Pkt 24 100 0.24 1
Pkt 60 250 0.24 1
Rate:481.012
==========
==========67
7 0 2 24000
Node 57 31 20.2485
Pkt 60 250 0.24 1
Pkt 30 125 0.24 1
Node 35 73 27.4591
Pkt 77 320 0.240625 1
Pkt 116 480 0.241667 1
Node 68 68 25.4558
Pkt 180 750 0.24 1
Pkt 192 800 0.24 1
Node 34 53 16.2788
Pkt 30 125 0.24 1
Pkt 58 240 0.241667 1
Node 74 46 24.3311
Pkt 96 400 0.24 1
Pkt 116 480 0.241667 1
Node 58 42 11.3137
Pkt 192 800 0.24 1
Pkt 192 800 0.24 1
Node 52 68 18.1108
Pkt 30 125 0.24 1
Pkt 60 250 0.24 1
Rate:480.804
==========
==========68
7 0 2 24000
Node 28 64 26.0768
Pkt 47 192 0.244792 1
Pkt 29 120 0.241667 1
Node 69 56 19.9249
Pkt 90 375 0.24 1
Pkt 72 300 0.24 1
Node 53 56 6.7082
Pkt 192 800 0.24 1
Pkt 192 800 0.24 1
Node 37 33 21.4009
Pkt 30 125 0.24 1
Pkt 48 200 0.24 1
Node 37 28 25.5539
Pkt 96 400 0.24 1
Pkt 116 480 0.241667 1
Node 58 35 17
Pkt 180 750 0.24 1
Pkt 192 800 0.24 1
Node 35 61 18.6011
Pkt 58 240 0.241667 1
Pkt 47 192 0.244792 1
Rate:482.083
==========
==========69
7 0 2 24000
Node 51 69 19.0263
Pkt 60 250 0.24 1
Pkt 47 192 0.244792 1
Node 71 38 24.1868
Pkt 77 320 0.240625 1
Pkt 77 320 0.240625 1
Node 31 66 24.8395
Pkt 180 750 0.24 1
Pkt 192 800 0.24 1
Node 61 53 11.4018
Pkt 30 125 0.24 1
Pkt 47 192 0.244792 1
Node 31 43 20.2485
Pkt 96 400 0.24 1
Pkt 77 320 0.240625 1
Node 65 69 24.2074
Pkt 192 800 0.24 1
Pkt 192 800 0.24 1
Node 56 42 10
Pkt 30 125 0.24 1
Pkt 48 200 0.24 1
Rate:481.637
==========
==========70
7 0 2 24000
Node 70 62 23.3238
Pkt 60 250 0.24 1
Pkt 58 240 0.241667 1
Node 66 38 20
Pkt 72 300 0.24 1
Pkt 116 480 0.241667 1
Node 65 58 17
Pkt 192 800 0.24 1
Pkt 192 800 0.24 1
Node 48 62 12.1655
Pkt 39 160 0.24375 1
Pkt 30 125 0.24 1
Node 41 57 11.4018
Pkt 90 375 0.24 1
Pkt 96 400 0.24 1
Node 47 67 17.2627
Pkt 180 750 0.24 1
Pkt 180 750 0.24 1
Node 52 71 21.095
Pkt 29 120 0.241667 1
Pkt 39 160 0.24375 1
Rate:481.786
==========
==========71
7 0 2 24000
Node 45 55 7.07107
Pkt 36 150 0.24 1
Pkt 24 100 0.24 1
Node 37 57 14.7648
Pkt 77 320 0.240625 1
Pkt 72 300 0.24 1
Node 67 29 27.0185
Pkt 180 750 0.24 1
Pkt 192 800 0.24 1
Node 48 29 21.095
Pkt 29 120 0.241667 1
Pkt 58 240 0.241667 1
Node 48 36 14.1421
Pkt 90 375 0.24 1
Pkt 72 300 0.24 1
Node 62 37 17.6918
Pkt 180 750 0.24 1
Pkt 180 750 0.24 1
Node 69 70 27.5862
Pkt 29 120 0.241667 1
Pkt 36 150 0.24 1
Rate:480.804
==========
==========72
7 0 2 24000
Node 29 33 27.0185
Pkt 60 250 0.24 1
Pkt 36 150 0.24 1
Node 59 53 9.48683
Pkt 116 480 0.241667 1
Pkt 90 375 0.24 1
Node 50 62 12
Pkt 192 800 0.24 1
Pkt 180 750 0.24 1
Node 31 68 26.1725
Pkt 36 150 0.24 1
Pkt 39 160 0.24375 1
Node 70 67 26.2488
Pkt 72 300 0.24 1
Pkt 72 300 0.24 1
Node 66 43 17.4642
Pkt 180 750 0.24 1
Pkt 180 750 0.24 1
Node 51 26 24.0208
Pkt 39 160 0.24375 1
Pkt 30 125 0.24 1
Rate:481.31
==========
==========73
7 0 2 24000
Node 29 54 21.3776
Pkt 47 192 0.244792 1
Pkt 47 192 0.244792 1
Node 52 35 15.1327
Pkt 77 320 0.240625 1
Pkt 77 320 0.240625 1
Node 52 67 17.1172
Pkt 192 800 0.24 1
Pkt 192 800 0.24 1
Node 34 62 20
Pkt 58 240 0.241667 1
Pkt 24 100 0.24 1
Node 41 38 15
Pkt 72 300 0.24 1
Pkt 116 480 0.241667 1
Node 74 63 27.2947
Pkt 180 750 0.24 1
Pkt 180 750 0.24 1
Node 41 61 14.2127
Pkt 60 250 0.24 1
Pkt 47 192 0.244792 1
Rate:482.708
==========
==========74
7 0 2 24000
Node 34 42 17.8885
Pkt 60 250 0.24 1
Pkt 47 192 0.244792 1
Node 67 55 17.72
Pkt 77 320 0.240625 1
Pkt 90 375 0.24 1
Node 35 66 21.9317
Pkt 180 750 0.24 1
Pkt 192 800 0.24 1
Node 36 52 14.1421
Pkt 47 192 0.244792 1
Pkt 24 100 0.24 1
Node 33 43 18.3848
Pkt 96 400 0.24 1
Pkt 90 375 0.24 1
Node 44 44 8.48528
Pkt 192 800 0.24 1
Pkt 192 800 0.24 1
Node 62 28 25.0599
Pkt 58 240 0.241667 1
Pkt 36 150 0.24 1
Rate:481.696
==========
==========75
7 0 2 24000
Node 64 38 18.4391
Pkt 36 150 0.24 1
Pkt 36 150 0.24 1
Node 73 63 26.4197
Pkt 116 480 0.241667 1
Pkt 90 375 0.24 1
Node 71 32 27.6586
Pkt 192 800 0.24 1
Pkt 192 800 0.24 1
Node 37 28 25.5539
Pkt 48 200 0.24 1
Pkt 48 200 0.24 1
Node 41 45 10.2956
Pkt 72 300 0.24 1
Pkt 77 320 0.240625 1
Node 57 72 23.0868
Pkt 192 800 0.24 1
Pkt 192 800 0.24 1
Node 31 63 23.0217
Pkt 29 120 0.241667 1
Pkt 29 120 0.241667 1
Rate:480.804
==========
==========76
7 0 2 24000
Node 30 39 22.8254
Pkt 47 192 0.244792 1
Pkt 24 100 0.24 1
Node 66 58 17.8885
Pkt 72 300 0.24 1
Pkt 72 300 0.24 1
Node 60 50 10
Pkt 180 750 0.24 1
Pkt 192 800 0.24 1
Node 51 32 18.0278
Pkt 48 200 0.24 1
Pkt 36 150 0.24 1
Node 37 47 13.3417
Pkt 116 480 0.241667 1
Pkt 116 480 0.241667 1
Node 34 31 24.8395
Pkt 180 750 0.24 1
Pkt 180 750 0.24 1
Node 35 73 27.4591
Pkt 29 120 0.241667 1
Pkt 47 192 0.244792 1
Rate:482.083
==========
==========77
7 0 2 24000
Node 32 33 24.7588
Pkt 39 160 0.24375 1
Pkt 39 160 0.24375 1
Node 46 56 7.2111
Pkt 72 300 0.24 1
Pkt 96 400 0.24 1
Node 67 73 28.6007
Pkt 192 800 0.24 1
Pkt 192 800 0.24 1
Node 60 51 10.0499
Pkt 30 125 0.24 1
Pkt 24 100 0.24 1
Node 67 61 20.2485
Pkt 72 300 0.24 1
Pkt 116 480 0.241667 1
Node 31 53 19.2354
Pkt 180 750 0.24 1
Pkt 180 750 0.24 1
Node 70 32 26.9072
Pkt 39 160 0.24375 1
Pkt 29 120 0.241667 1
Rate:482.083
==========
==========78
7 0 2 24000
Node 51 40 10.0499
Pkt 36 150 0.24 1
Pkt 36 150 0.24 1
Node 72 40 24.1661
Pkt 90 375 0.24 1
Pkt 116 480 0.241667 1
Node 65 61 18.6011
Pkt 192 800 0.24 1
Pkt 180 750 0.24 1
Node 35 36 20.5183
Pkt 39 160 0.24375 1
Pkt 24 100 0.24 1
Node 58 72 23.4094
Pkt 90 375 0.24 1
Pkt 96 400 0.24 1
Node 29 59 22.8473
Pkt 192 800 0.24 1
Pkt 192 800 0.24 1
Node 42 51 8.06226
Pkt 58 240 0.241667 1
Pkt 58 240 0.241667 1
Rate:481.25
==========
==========79
7 0 2 24000
Node 46 43 8.06226
Pkt 36 150 0.24 1
Pkt 30 125 0.24 1
Node 32 41 20.1246
Pkt 116 480 0.241667 1
Pkt 72 300 0.24 1
Node 71 36 25.2389
Pkt 192 800 0.24 1
Pkt 192 800 0.24 1
Node 30 26 31.241
Pkt 48 200 0.24 1
Pkt 24 100 0.24 1
Node 25 29 32.6497
Pkt 96 400 0.24 1
Pkt 77 320 0.240625 1
Node 49 27 23.0217
Pkt 192 800 0.24 1
Pkt 180 750 0.24 1
Node 65 37 19.8494
Pkt 24 100 0.24 1
Pkt 47 192 0.244792 1
Rate:481.012
==========
==========80
7 0 2 24000
Node 47 36 14.3178
Pkt 39 160 0.24375 1
Pkt 60 250 0.24 1
Node 30 66 25.6125
Pkt 90 375 0.24 1
Pkt 90 375 0.24 1
Node 34 60 18.868
Pkt 192 800 0.24 1
Pkt 180 750 0.24 1
Node 39 70 22.8254
Pkt 48 200 0.24 1
Pkt 60 250 0.24 1
Node 66 63 20.6155
Pkt 72 300 0.24 1
Pkt 90 375 0.24 1
Node 55 35 15.8114
Pkt 180 750 0.24 1
Pkt 180 750 0.24 1
Node 43 54 8.06226
Pkt 30 125 0.24 1
Pkt 58 240 0.241667 1
Rate:480.774
==========
==========81
7 0 2 24000
Node 61 44 12.53
Pkt 58 240 0.241667 1
Pkt 39 160 0.24375 1
Node 64 52 14.1421
Pkt 77 320 0.240625 1
Pkt 72 300 0.24 1
Node 36 26 27.7849
Pkt 192 800 0.24 1
Pkt 180 750 0.24 1
Node 25 44 25.7099
Pkt 58 240 0.241667 1
Pkt 60 250 0.24 1
Node 49 67 17.0294
Pkt 96 400 0.24 1
Pkt 96 400 0.24 1
Node 50 33 17
Pkt 192 800 0.24 1
Pkt 192 800 0.24 1
Node 44 61 12.53
Pkt 60 250 0.24 1
Pkt 30 125 0.24 1
Rate:481.101
==========
==========82
7 0 2 24000
Node 36 28 26.0768
Pkt 30 125 0.24 1
Pkt 48 200 0.24 1
Node 33 36 22.0227
Pkt 90 375 0.24 1
Pkt 77 320 0.240625 1
Node 63 70 23.8537
Pkt 192 800 0.24 1
Pkt 192 800 0.24 1
Node 29 40 23.2594
Pkt 30 125 0.24 1
Pkt 30 125 0.24 1
Node 48 61 11.1803
Pkt 116 480 0.241667 1
Pkt 77 320 0.240625 1
Node 74 29 31.8904
Pkt 180 750 0.24 1
Pkt 192 800 0.24 1
Node 35 62 19.2094
Pkt 47 192 0.244792 1
Pkt 58 240 0.241667 1
Rate:481.339
==========
==========83
7 0 2 24000
Node 50 27 23
Pkt 24 100 0.24 1
Pkt 36 150 0.24 1
Node 50 42 8
Pkt 116 480 0.241667 1
Pkt 116 480 0.241667 1
Node 47 53 4.24264
Pkt 180 750 0.24 1
Pkt 192 800 0.24 1
Node 38 64 18.4391
Pkt 39 160 0.24375 1
Pkt 30 125 0.24 1
Node 52 38 12.1655
Pkt 77 320 0.240625 1
Pkt 72 300 0.24 1
Node 58 66 17.8885
Pkt 180 750 0.24 1
Pkt 192 800 0.24 1
Node 45 28 22.561
Pkt 24 100 0.24 1
Pkt 47 192 0.244792 1
Rate:481.786
==========
==========84
7 0 2 24000
Node 68 58 19.6977
Pkt 30 125 0.24 1
Pkt 30 125 0.24 1
Node 42 64 16.1245
Pkt 116 480 0.241667 1
Pkt 90 375 0.24 1
Node 56 68 18.9737
Pkt 192 800 0.24 1
Pkt 180 750 0.24 1
Node 39 63 17.0294
Pkt 30 125 0.24 1
Pkt 29 120 0.241667 1
Node 62 62 16.9706
Pkt 72 300 0.24 1
Pkt 77 320 0.240625 1
Node 49 57 7.07107
Pkt 180 750 0.24 1
Pkt 192 800 0.24 1
Node 67 47 17.2627
Pkt 47 192 0.244792 1
Pkt 30 125 0.24 1
Rate:481.25
==========
==========85
7 0 2 24000
Node 69 73 29.8329
Pkt 30 125 0.24 1
Pkt 47 192 0.244792 1
Node 49 57 7.07107
Pkt 90 375 0.24 1
Pkt 116 480 0.241667 1
Node 31 44 19.9249
Pkt 192 800 0.24 1
Pkt 180 750 0.24 1
Node 39 29 23.7065
Pkt 30 125 0.24 1
Pkt 39 160 0.24375 1
Node 49 41 9.05539
Pkt 77 320 0.240625 1
Pkt 116 480 0.241667 1
Node 71 65 25.807
Pkt 192 800 0.24 1
Pkt 192 800 0.24 1
Node 59 52 9.21954
Pkt 58 240 0.241667 1
Pkt 47 192 0.244792 1
Rate:482.708
==========
==========86
7 0 2 24000
Node 25 62 27.7308
Pkt 30 125 0.24 1
Pkt 48 200 0.24 1
Node 28 30 29.7321
Pkt 96 400 0.24 1
Pkt 116 480 0.241667 1
Node 41 39 14.2127
Pkt 192 800 0.24 1
Pkt 180 750 0.24 1
Node 46 55 6.40312
Pkt 58 240 0.241667 1
Pkt 39 160 0.24375 1
Node 55 51 5.09902
Pkt 116 480 0.241667 1
Pkt 77 320 0.240625 1
Node 50 48 2
Pkt 180 750 0.24 1
Pkt 180 750 0.24 1
Node 28 43 23.0868
Pkt 39 160 0.24375 1
Pkt 36 150 0.24 1
Rate:481.875
==========
==========87
7 0 2 24000
Node 51 52 2.23607
Pkt 29 120 0.241667 1
Pkt 29 120 0.241667 1
Node 67 31 25.4951
Pkt 90 375 0.24 1
Pkt 90 375 0.24 1
Node 71 37 24.6982
Pkt 192 800 0.24 1
Pkt 180 750 0.24 1
Node 66 37 20.6155
Pkt 58 240 0.241667 1
Pkt 60 250 0.24 1
Node 70 34 25.6125
Pkt 116 480 0.241667 1
Pkt 116 480 0.241667 1
Node 74 28 32.5576
Pkt 192 800 0.24 1
Pkt 192 800 0.24 1
Node 39 58 13.6015
Pkt 36 150 0.24 1
Pkt 39 160 0.24375 1
Rate:481.726
==========
==========88
7 0 2 24000
Node 74 51 24.0208
Pkt 47 192 0.244792 1
Pkt 60 250 0.24 1
Node 50 63 13
Pkt 116 480 0.241667 1
Pkt 96 400 0.24 1
Node 70 38 23.3238
Pkt 192 800 0.24 1
Pkt 180 750 0.24 1
Node 64 53 14.3178
Pkt 24 100 0.24 1
Pkt 30 125 0.24 1
Node 64 26 27.7849
Pkt 90 375 0.24 1
Pkt 77 320 0.240625 1
Node 44 51 6.08276
Pkt 192 800 0.24 1
Pkt 192 800 0.24 1
Node 52 74 24.0832
Pkt 60 250 0.24 1
Pkt 36 150 0.24 1
Rate:481.012
==========
==========89
7 0 2 24000
Node 66 52 16.1245
Pkt 39 160 0.24375 1
Pkt 29 120 0.241667 1
Node 61 59 14.2127
Pkt 77 320 0.240625 1
Pkt 72 300 0.24 1
Node 41 27 24.6982
Pkt 192 800 0.24 1
Pkt 180 750 0.24 1
Node 49 57 7.07107
Pkt 58 240 0.241667 1
Pkt 47 192 0.244792 1
Node 43 51 7.07107
Pkt 72 300 0.24 1
Pkt 116 480 0.241667 1
Node 50 32 18
Pkt 192 800 0.24 1
Pkt 192 800 0.24 1
Node 64 51 14.0357
Pkt 30 125 0.24 1
Pkt 48 200 0.24 1
Rate:482.024
==========
==========90
7 0 2 24000
Node 33 63 21.4009
Pkt 48 200 0.24 1
Pkt 39 160 0.24375 1
Node 37 68 22.2036
Pkt 77 320 0.240625 1
Pkt 96 400 0.24 1
Node 56 46 7.2111
Pkt 180 750 0.24 1
Pkt 180 750 0.24 1
Node 38 59 15
Pkt 47 192 0.244792 1
Pkt 36 150 0.24 1
Node 55 48 5.38516
Pkt 77 320 0.240625 1
Pkt 116 480 0.241667 1
Node 52 64 14.1421
Pkt 180 750 0.24 1
Pkt 192 800 0.24 1
Node 32 50 18
Pkt 47 192 0.244792 1
Pkt 60 250 0.24 1
Rate:482.321
==========
==========91
7 0 2 24000
Node 25 70 32.0156
Pkt 39 160 0.24375 1
Pkt 36 150 0.24 1
Node 59 44 10.8167
Pkt 90 375 0.24 1
Pkt 116 480 0.241667 1
Node 74 73 33.2415
Pkt 180 750 0.24 1
Pkt 180 750 0.24 1
Node 53 60 10.4403
Pkt 30 125 0.24 1
Pkt 36 150 0.24 1
Node 50 49 1
Pkt 116 480 0.241667 1
Pkt 77 320 0.240625 1
Node 37 46 13.6015
Pkt 192 800 0.24 1
Pkt 180 750 0.24 1
Node 54 31 19.4165
Pkt 47 192 0.244792 1
Pkt 48 200 0.24 1
Rate:481.786
==========
==========92
7 0 2 24000
Node 68 28 28.4253
Pkt 24 100 0.24 1
Pkt 48 200 0.24 1
Node 54 54 5.65685
Pkt 90 375 0.24 1
Pkt 96 400 0.24 1
Node 32 72 28.4253
Pkt 180 750 0.24 1
Pkt 180 750 0.24 1
Node 50 67 17
Pkt 24 100 0.24 1
Pkt 36 150 0.24 1
Node 67 35 22.6716
Pkt 72 300 0.24 1
Pkt 116 480 0.241667 1
Node 49 61 11.0454
Pkt 192 800 0.24 1
Pkt 192 800 0.24 1
Node 42 61 13.6015
Pkt 39 160 0.24375 1
Pkt 58 240 0.241667 1
Rate:481.012
==========
==========93
7 0 2 24000
Node 40 54 10.7703
Pkt 30 125 0.24 1
Pkt 36 150 0.24 1
Node 56 74 24.7386
Pkt 116 480 0.241667 1
Pkt 96 400 0.24 1
Node 39 74 26.4008
Pkt 192 800 0.24 1
Pkt 192 800 0.24 1
Node 26 49 24.0208
Pkt 47 192 0.244792 1
Pkt 48 200 0.24 1
Node 56 40 11.6619
Pkt 77 320 0.240625 1
Pkt 116 480 0.241667 1
Node 25 61 27.313
Pkt 180 750 0.24 1
Pkt 192 800 0.24 1
Node 67 52 17.1172
Pkt 24 100 0.24 1
Pkt 24 100 0.24 1
Rate:481.25
==========
==========94
7 0 2 24000
Node 55 65 15.8114
Pkt 24 100 0.24 1
Pkt 58 240 0.241667 1
Node 44 67 18.0278
Pkt 77 320 0.240625 1
Pkt 90 375 0.24 1
Node 61 65 18.6011
Pkt 192 800 0.24 1
Pkt 192 800 0.24 1
Node 49 59 9.05539
Pkt 60 250 0.24 1
Pkt 30 125 0.24 1
Node 28 66 27.2029
Pkt 77 320 0.240625 1
Pkt 96 400 0.24 1
Node 40 69 21.4709
Pkt 180 750 0.24 1
Pkt 180 750 0.24 1
Node 61 45 12.083
Pkt 30 125 0.24 1
Pkt 60 250 0.24 1
Rate:480.417
==========
==========95
7 0 2 24000
Node 41 72 23.7697
Pkt 39 160 0.24375 1
Pkt 58 240 0.241667 1
Node 53 68 18.2483
Pkt 96 400 0.24 1
Pkt 116 480 0.241667 1
Node 62 57 13.8924
Pkt 180 750 0.24 1
Pkt 192 800 0.24 1
Node 71 56 21.8403
Pkt 24 100 0.24 1
Pkt 47 192 0.244792 1
Node 60 37 16.4012
Pkt 90 375 0.24 1
Pkt 77 320 0.240625 1
Node 51 49 1.41421
Pkt 180 750 0.24 1
Pkt 180 750 0.24 1
Node 50 65 15
Pkt 39 160 0.24375 1
Pkt 29 120 0.241667 1
Rate:482.56
==========
==========96
7 0 2 24000
Node 56 35 16.1555
Pkt 48 200 0.24 1
Pkt 48 200 0.24 1
Node 51 31 19.0263
Pkt 90 375 0.24 1
Pkt 77 320 0.240625 1
Node 39 54 11.7047
Pkt 180 750 0.24 1
Pkt 192 800 0.24 1
Node 50 54 4
Pkt 29 120 0.241667 1
Pkt 48 200 0.24 1
Node 61 60 14.8661
Pkt 90 375 0.24 1
Pkt 90 375 0.24 1
Node 36 61 17.8045
Pkt 192 800 0.24 1
Pkt 180 750 0.24 1
Node 61 45 12.083
Pkt 47 192 0.244792 1
Pkt 24 100 0.24 1
Rate:481.012
==========
==========97
7 0 2 24000
Node 29 38 24.1868
Pkt 36 150 0.24 1
Pkt 58 240 0.241667 1
Node 61 60 14.8661
Pkt 72 300 0.24 1
Pkt 72 300 0.24 1
Node 44 67 18.0278
Pkt 180 750 0.24 1
Pkt 192 800 0.24 1
Node 40 25 26.9258
Pkt 60 250 0.24 1
Pkt 30 125 0.24 1
Node 62 26 26.8328
Pkt 77 320 0.240625 1
Pkt 72 300 0.24 1
Node 60 26 26
Pkt 180 750 0.24 1
Pkt 192 800 0.24 1
Node 58 51 8.06226
Pkt 47 192 0.244792 1
Pkt 60 250 0.24 1
Rate:481.012
==========
==========98
7 0 2 24000
Node 44 56 8.48528
Pkt 30 125 0.24 1
Pkt 39 160 0.24375 1
Node 43 56 9.21954
Pkt 72 300 0.24 1
Pkt 96 400 0.24 1
Node 31 40 21.4709
Pkt 192 800 0.24 1
Pkt 192 800 0.24 1
Node 48 30 20.0998
Pkt 36 150 0.24 1
Pkt 60 250 0.24 1
Node 46 25 25.318
Pkt 77 320 0.240625 1
Pkt 72 300 0.24 1
Node 50 54 4
Pkt 192 800 0.24 1
Pkt 180 750 0.24 1
Node 38 47 12.3693
Pkt 24 100 0.24 1
Pkt 48 200 0.24 1
Rate:480.625
==========
==========99
