7 0 2 24000
Node 39 54 11.7047
Pkt 30 100 0.3 1
Pkt 58 192 0.302083 1
Node 33 44 18.0278
Pkt 113 375 0.301333 1
Pkt 96 320 0.3 1
Node 63 59 15.8114
Pkt 225 750 0.3 1
Pkt 240 800 0.3 1
Node 51 31 19.0263
Pkt 48 160 0.3 1
Pkt 45 150 0.3 1
Node 52 64 14.1421
Pkt 120 400 0.3 1
Pkt 113 375 0.301333 1
Node 68 56 18.9737
Pkt 225 750 0.3 1
Pkt 225 750 0.3 1
Node 52 74 24.0832
Pkt 58 192 0.302083 1
Pkt 30 100 0.3 1
Rate:600.976
==========
==========0
7 0 2 24000
Node 45 74 24.5153
Pkt 60 200 0.3 1
Pkt 75 250 0.3 1
Node 62 70 23.3238
Pkt 120 400 0.3 1
Pkt 96 320 0.3 1
Node 46 59 9.84886
Pkt 240 800 0.3 1
Pkt 225 750 0.3 1
Node 33 66 23.3452
Pkt 36 120 0.3 1
Pkt 45 150 0.3 1
Node 51 29 21.0238
Pkt 120 400 0.3 1
Pkt 90 300 0.3 1
Node 60 66 18.868
Pkt 225 750 0.3 1
Pkt 240 800 0.3 1
Node 61 33 20.2485
Pkt 45 150 0.3 1
Pkt 72 240 0.3 1
Rate:600
==========
==========1
7 0 2 24000
Node 64 64 19.799
Pkt 45 150 0.3 1
Pkt 30 100 0.3 1
Node 36 26 27.7849
Pkt 113 375 0.301333 1
Pkt 96 320 0.3 1
Node 51 50 1
Pkt 240 800 0.3 1
Pkt 225 750 0.3 1
Node 57 45 8.60233
Pkt 45 150 0.3 1
Pkt 36 120 0.3 1
Node 30 44 20.8806
Pkt 96 320 0.3 1
Pkt 90 300 0.3 1
Node 47 52 3.60555
Pkt 225 750 0.3 1
Pkt 240 800 0.3 1
Node 66 29 26.4008
Pkt 45 150 0.3 1
Pkt 75 250 0.3 1
Rate:600.19
==========
==========2
7 0 2 24000
Node 51 61 11.0454
Pkt 48 160 0.3 1
Pkt 58 192 0.302083 1
Node 62 70 23.3238
Pkt 113 375 0.301333 1
Pkt 120 400 0.3 1
Node 64 67 22.0227
Pkt 225 750 0.3 1
Pkt 225 750 0.3 1
Node 65 59 17.4929
Pkt 30 100 0.3 1
Pkt 58 192 0.302083 1
Node 69 47 19.2354
Pkt 96 320 0.3 1
Pkt 144 480 0.3 1
Node 32 30 26.9072
Pkt 240 800 0.3 1
Pkt 225 750 0.3 1
Node 71 71 29.6985
Pkt 38 125 0.304 1
Pkt 36 120 0.3 1
Rate:601.357
==========
==========3
7 0 2 24000
Node 68 29 27.6586
Pkt 72 240 0.3 1
Pkt 36 120 0.3 1
Node 26 55 24.5153
Pkt 96 320 0.3 1
Pkt 96 320 0.3 1
Node 67 49 17.0294
Pkt 225 750 0.3 1
Pkt 240 800 0.3 1
Node 30 67 26.2488
Pkt 38 125 0.304 1
Pkt 30 100 0.3 1
Node 34 29 26.4008
Pkt 113 375 0.301333 1
Pkt 90 300 0.3 1
Node 50 30 20
Pkt 240 800 0.3 1
Pkt 240 800 0.3 1
Node 72 59 23.7697
Pkt 72 240 0.3 1
Pkt 75 250 0.3 1
Rate:600.762
==========
==========4
7 0 2 24000
Node 63 51 13.0384
Pkt 75 250 0.3 1
Pkt 72 240 0.3 1
Node 54 35 15.5242
Pkt 113 375 0.301333 1
Pkt 144 480 0.3 1
Node 71 45 21.587
Pkt 240 800 0.3 1
Pkt 240 800 0.3 1
Node 46 53 5
Pkt 36 120 0.3 1
Pkt 38 125 0.304 1
Node 55 26 24.5153
Pkt 96 320 0.3 1
Pkt 144 480 0.3 1
Node 33 59 19.2354
Pkt 225 750 0.3 1
Pkt 225 750 0.3 1
Node 41 63 15.8114
Pkt 72 240 0.3 1
Pkt 48 160 0.3 1
Rate:600.762
==========
==========5
7 0 2 24000
Node 40 45 11.1803
Pkt 36 120 0.3 1
Pkt 48 160 0.3 1
Node 38 56 13.4164
Pkt 120 400 0.3 1
Pkt 113 375 0.301333 1
Node 42 57 10.6301
Pkt 225 750 0.3 1
Pkt 225 750 0.3 1
Node 48 67 17.1172
Pkt 30 100 0.3 1
Pkt 60 200 0.3 1
Node 69 59 21.0238
Pkt 96 320 0.3 1
Pkt 90 300 0.3 1
Node 41 47 9.48683
Pkt 240 800 0.3 1
Pkt 225 750 0.3 1
Node 64 66 21.2603
Pkt 48 160 0.3 1
Pkt 60 200 0.3 1
Rate:600.19
==========
==========6
7 0 2 24000
Node 36 33 22.0227
Pkt 60 200 0.3 1
Pkt 38 125 0.304 1
Node 50 68 18
Pkt 120 400 0.3 1
Pkt 90 300 0.3 1
Node 37 33 21.4009
Pkt 225 750 0.3 1
Pkt 225 750 0.3 1
Node 65 30 25
Pkt 45 150 0.3 1
Pkt 38 125 0.304 1
Node 70 28 29.7321
Pkt 90 300 0.3 1
Pkt 90 300 0.3 1
Node 51 39 11.0454
Pkt 225 750 0.3 1
Pkt 225 750 0.3 1
Node 66 52 16.1245
Pkt 48 160 0.3 1
Pkt 75 250 0.3 1
Rate:601.143
==========
==========7
7 0 2 24000
Node 70 33 26.2488
Pkt 38 125 0.304 1
Pkt 72 240 0.3 1
Node 68 45 18.6815
Pkt 90 300 0.3 1
Pkt 120 400 0.3 1
Node 44 69 19.9249
Pkt 225 750 0.3 1
Pkt 240 800 0.3 1
Node 55 39 12.083
Pkt 48 160 0.3 1
Pkt 60 200 0.3 1
Node 47 35 15.2971
Pkt 120 400 0.3 1
Pkt 144 480 0.3 1
Node 56 37 14.3178
Pkt 240 800 0.3 1
Pkt 240 800 0.3 1
Node 53 61 11.4018
Pkt 45 150 0.3 1
Pkt 38 125 0.304 1
Rate:601.143
==========
==========8
7 0 2 24000
Node 37 51 13.0384
Pkt 36 120 0.3 1
Pkt 48 160 0.3 1
Node 52 63 13.1529
Pkt 144 480 0.3 1
Pkt 90 300 0.3 1
Node 71 32 27.6586
Pkt 225 750 0.3 1
Pkt 240 800 0.3 1
Node 56 74 24.7386
Pkt 72 240 0.3 1
Pkt 36 120 0.3 1
Node 58 38 14.4222
Pkt 113 375 0.301333 1
Pkt 113 375 0.301333 1
Node 51 38 12.0416
Pkt 240 800 0.3 1
Pkt 240 800 0.3 1
Node 71 56 21.8403
Pkt 38 125 0.304 1
Pkt 30 100 0.3 1
Rate:600.952
==========
==========9
7 0 2 24000
Node 61 62 16.2788
Pkt 45 150 0.3 1
Pkt 48 160 0.3 1
Node 34 64 21.2603
Pkt 144 480 0.3 1
Pkt 90 300 0.3 1
Node 57 48 7.28011
Pkt 240 800 0.3 1
Pkt 240 800 0.3 1
Node 35 53 15.2971
Pkt 36 120 0.3 1
Pkt 38 125 0.304 1
Node 49 72 22.0227
Pkt 144 480 0.3 1
Pkt 90 300 0.3 1
Node 69 62 22.4722
Pkt 225 750 0.3 1
Pkt 240 800 0.3 1
Node 59 31 21.0238
Pkt 45 150 0.3 1
Pkt 36 120 0.3 1
Rate:600.571
==========
==========10
7 0 2 24000
Node 53 40 10.4403
Pkt 38 125 0.304 1
Pkt 58 192 0.302083 1
Node 57 45 8.60233
Pkt 113 375 0.301333 1
Pkt 96 320 0.3 1
Node 44 71 21.8403
Pkt 240 800 0.3 1
Pkt 240 800 0.3 1
Node 32 46 18.4391
Pkt 58 192 0.302083 1
Pkt 60 200 0.3 1
Node 30 70 28.2843
Pkt 96 320 0.3 1
Pkt 144 480 0.3 1
Node 49 30 20.025
Pkt 225 750 0.3 1
Pkt 240 800 0.3 1
Node 30 70 28.2843
Pkt 38 125 0.304 1
Pkt 58 192 0.302083 1
Rate:602.226
==========
==========11
7 0 2 24000
Node 65 34 21.9317
Pkt 36 120 0.3 1
Pkt 30 100 0.3 1
Node 58 35 17
Pkt 144 480 0.3 1
Pkt 96 320 0.3 1
Node 34 64 21.2603
Pkt 225 750 0.3 1
Pkt 240 800 0.3 1
Node 61 48 11.1803
Pkt 75 250 0.3 1
Pkt 60 200 0.3 1
Node 25 49 25.02
Pkt 113 375 0.301333 1
Pkt 144 480 0.3 1
Node 36 52 14.1421
Pkt 225 750 0.3 1
Pkt 225 750 0.3 1
Node 59 34 18.3576
Pkt 45 150 0.3 1
Pkt 30 100 0.3 1
Rate:600.19
==========
==========12
7 0 2 24000
Node 25 59 26.5707
Pkt 38 125 0.304 1
Pkt 60 200 0.3 1
Node 71 42 22.4722
Pkt 90 300 0.3 1
Pkt 144 480 0.3 1
Node 26 74 33.9411
Pkt 240 800 0.3 1
Pkt 240 800 0.3 1
Node 61 53 11.4018
Pkt 36 120 0.3 1
Pkt 75 250 0.3 1
Node 51 68 18.0278
Pkt 120 400 0.3 1
Pkt 120 400 0.3 1
Node 27 37 26.4197
Pkt 225 750 0.3 1
Pkt 240 800 0.3 1
Node 44 34 17.088
Pkt 48 160 0.3 1
Pkt 72 240 0.3 1
Rate:600.571
==========
==========13
7 0 2 24000
Node 54 25 25.318
Pkt 38 125 0.304 1
Pkt 58 192 0.302083 1
Node 68 28 28.4253
Pkt 90 300 0.3 1
Pkt 113 375 0.301333 1
Node 72 26 32.5576
Pkt 240 800 0.3 1
Pkt 240 800 0.3 1
Node 63 54 13.6015
Pkt 72 240 0.3 1
Pkt 30 100 0.3 1
Node 62 71 24.1868
Pkt 90 300 0.3 1
Pkt 90 300 0.3 1
Node 34 60 18.868
Pkt 240 800 0.3 1
Pkt 225 750 0.3 1
Node 40 25 26.9258
Pkt 72 240 0.3 1
Pkt 45 150 0.3 1
Rate:601.06
==========
==========14
7 0 2 24000
Node 35 58 17
Pkt 45 150 0.3 1
Pkt 58 192 0.302083 1
Node 56 30 20.8806
Pkt 90 300 0.3 1
Pkt 113 375 0.301333 1
Node 34 31 24.8395
Pkt 225 750 0.3 1
Pkt 225 750 0.3 1
Node 43 48 7.28011
Pkt 38 125 0.304 1
Pkt 38 125 0.304 1
Node 41 39 14.2127
Pkt 96 320 0.3 1
Pkt 90 300 0.3 1
Node 64 44 15.2315
Pkt 225 750 0.3 1
Pkt 225 750 0.3 1
Node 56 41 10.8167
Pkt 38 125 0.304 1
Pkt 38 125 0.304 1
Rate:602.774
==========
==========15
7 0 2 24000
Node 71 50 21
Pkt 72 240 0.3 1
Pkt 38 125 0.304 1
Node 56 58 10
Pkt 113 375 0.301333 1
Pkt 144 480 0.3 1
Node 31 73 29.8329
Pkt 240 800 0.3 1
Pkt 225 750 0.3 1
Node 34 31 24.8395
Pkt 30 100 0.3 1
Pkt 58 192 0.302083 1
Node 49 25 25.02
Pkt 113 375 0.301333 1
Pkt 96 320 0.3 1
Node 34 27 28.0179
Pkt 225 750 0.3 1
Pkt 240 800 0.3 1
Node 53 31 19.2354
Pkt 30 100 0.3 1
Pkt 45 150 0.3 1
Rate:601.25
==========
==========16
7 0 2 24000
Node 59 57 11.4018
Pkt 36 120 0.3 1
Pkt 36 120 0.3 1
Node 54 70 20.3961
Pkt 120 400 0.3 1
Pkt 120 400 0.3 1
Node 44 71 21.8403
Pkt 240 800 0.3 1
Pkt 225 750 0.3 1
Node 51 55 5.09902
Pkt 38 125 0.304 1
Pkt 48 160 0.3 1
Node 74 46 24.3311
Pkt 96 320 0.3 1
Pkt 113 375 0.301333 1
Node 57 34 17.4642
Pkt 225 750 0.3 1
Pkt 225 750 0.3 1
Node 25 32 30.8058
Pkt 60 200 0.3 1
Pkt 60 200 0.3 1
Rate:600.762
==========
==========17
7 0 2 24000
Node 60 57 12.2066
Pkt 36 120 0.3 1
Pkt 60 200 0.3 1
Node 42 43 10.6301
Pkt 90 300 0.3 1
Pkt 120 400 0.3 1
Node 56 27 23.7697
Pkt 225 750 0.3 1
Pkt 225 750 0.3 1
Node 69 41 21.0238
Pkt 45 150 0.3 1
Pkt 30 100 0.3 1
Node 46 44 7.2111
Pkt 120 400 0.3 1
Pkt 90 300 0.3 1
Node 26 28 32.5576
Pkt 240 800 0.3 1
Pkt 240 800 0.3 1
Node 55 55 7.07107
Pkt 45 150 0.3 1
Pkt 45 150 0.3 1
Rate:600
==========
==========18
7 0 2 24000
Node 25 61 27.313
Pkt 48 160 0.3 1
Pkt 30 100 0.3 1
Node 52 29 21.095
Pkt 90 300 0.3 1
Pkt 120 400 0.3 1
Node 70 28 29.7321
Pkt 240 800 0.3 1
Pkt 240 800 0.3 1
Node 70 32 26.9072
Pkt 58 192 0.302083 1
Pkt 60 200 0.3 1
Node 52 39 11.1803
Pkt 113 375 0.301333 1
Pkt 90 300 0.3 1
Node 28 57 23.0868
Pkt 240 800 0.3 1
Pkt 225 750 0.3 1
Node 26 42 25.2982
Pkt 30 100 0.3 1
Pkt 38 125 0.304 1
Rate:601.06
==========
==========19
7 0 2 24000
Node 62 72 25.0599
Pkt 48 160 0.3 1
Pkt 72 240 0.3 1
Node 50 74 24
Pkt 96 320 0.3 1
Pkt 90 300 0.3 1
Node 44 54 7.2111
Pkt 240 800 0.3 1
Pkt 225 750 0.3 1
Node 40 61 14.8661
Pkt 38 125 0.304 1
Pkt 75 250 0.3 1
Node 27 62 25.9422
Pkt 96 320 0.3 1
Pkt 113 375 0.301333 1
Node 51 60 10.0499
Pkt 240 800 0.3 1
Pkt 225 750 0.3 1
Node 65 28 26.6271
Pkt 60 200 0.3 1
Pkt 38 125 0.304 1
Rate:601.333
==========
==========20
7 0 2 24000
Node 67 71 27.0185
Pkt 38 125 0.304 1
Pkt 45 150 0.3 1
Node 32 36 22.8035
Pkt 113 375 0.301333 1
Pkt 96 320 0.3 1
Node 57 38 13.8924
Pkt 240 800 0.3 1
Pkt 225 750 0.3 1
Node 64 31 23.6008
Pkt 45 150 0.3 1
Pkt 48 160 0.3 1
Node 70 54 20.3961
Pkt 113 375 0.301333 1
Pkt 96 320 0.3 1
Node 54 57 8.06226
Pkt 240 800 0.3 1
Pkt 225 750 0.3 1
Node 71 54 21.3776
Pkt 60 200 0.3 1
Pkt 36 120 0.3 1
Rate:600.952
==========
==========21
7 0 2 24000
Node 50 48 2
Pkt 36 120 0.3 1
Pkt 72 240 0.3 1
Node 35 62 19.2094
Pkt 96 320 0.3 1
Pkt 113 375 0.301333 1
Node 56 74 24.7386
Pkt 225 750 0.3 1
Pkt 225 750 0.3 1
Node 59 58 12.0416
Pkt 60 200 0.3 1
Pkt 48 160 0.3 1
Node 50 52 2
Pkt 113 375 0.301333 1
Pkt 144 480 0.3 1
Node 25 73 33.9706
Pkt 225 750 0.3 1
Pkt 225 750 0.3 1
Node 35 29 25.807
Pkt 60 200 0.3 1
Pkt 38 125 0.304 1
Rate:600.952
==========
==========22
7 0 2 24000
Node 66 36 21.2603
Pkt 45 150 0.3 1
Pkt 58 192 0.302083 1
Node 71 50 21
Pkt 144 480 0.3 1
Pkt 120 400 0.3 1
Node 59 62 15
Pkt 240 800 0.3 1
Pkt 240 800 0.3 1
Node 25 40 26.9258
Pkt 45 150 0.3 1
Pkt 30 100 0.3 1
Node 54 27 23.3452
Pkt 90 300 0.3 1
Pkt 144 480 0.3 1
Node 63 33 21.4009
Pkt 240 800 0.3 1
Pkt 225 750 0.3 1
Node 44 47 6.7082
Pkt 58 192 0.302083 1
Pkt 30 100 0.3 1
Rate:600.595
==========
==========23
7 0 2 24000
Node 74 56 24.7386
Pkt 48 160 0.3 1
Pkt 48 160 0.3 1
Node 43 66 17.4642
Pkt 96 320 0.3 1
Pkt 113 375 0.301333 1
Node 60 27 25.0799
Pkt 240 800 0.3 1
Pkt 240 800 0.3 1
Node 53 46 5
Pkt 38 125 0.304 1
Pkt 45 150 0.3 1
Node 36 43 15.6525
Pkt 120 400 0.3 1
Pkt 120 400 0.3 1
Node 41 42 12.0416
Pkt 225 750 0.3 1
Pkt 240 800 0.3 1
Node 31 34 24.8395
Pkt 45 150 0.3 1
Pkt 60 200 0.3 1
Rate:600.762
==========
==========24
7 0 2 24000
Node 34 45 16.7631
Pkt 45 150 0.3 1
Pkt 45 150 0.3 1
Node 30 54 20.3961
Pkt 113 375 0.301333 1
Pkt 120 400 0.3 1
Node 29 47 21.2132
Pkt 240 800 0.3 1
Pkt 225 750 0.3 1
Node 40 74 26
Pkt 30 100 0.3 1
Pkt 58 192 0.302083 1
Node 45 49 5.09902
Pkt 90 300 0.3 1
Pkt 96 320 0.3 1
Node 34 38 20
Pkt 240 800 0.3 1
Pkt 225 750 0.3 1
Node 62 25 27.7308
Pkt 48 160 0.3 1
Pkt 45 150 0.3 1
Rate:600.488
==========
==========25
7 0 2 24000
Node 31 66 24.8395
Pkt 45 150 0.3 1
Pkt 58 192 0.302083 1
Node 33 71 27.0185
Pkt 90 300 0.3 1
Pkt 113 375 0.301333 1
Node 31 51 19.0263
Pkt 240 800 0.3 1
Pkt 240 800 0.3 1
Node 66 50 16
Pkt 48 160 0.3 1
Pkt 58 192 0.302083 1
Node 68 67 24.7588
Pkt 113 375 0.301333 1
Pkt 144 480 0.3 1
Node 70 60 22.3607
Pkt 225 750 0.3 1
Pkt 225 750 0.3 1
Node 69 39 21.9545
Pkt 75 250 0.3 1
Pkt 45 150 0.3 1
Rate:600.976
==========
==========26
7 0 2 24000
Node 35 67 22.6716
Pkt 72 240 0.3 1
Pkt 38 125 0.304 1
Node 58 66 17.8885
Pkt 90 300 0.3 1
Pkt 120 400 0.3 1
Node 60 73 25.0799
Pkt 240 800 0.3 1
Pkt 225 750 0.3 1
Node 38 45 13
Pkt 75 250 0.3 1
Pkt 38 125 0.304 1
Node 48 57 7.28011
Pkt 113 375 0.301333 1
Pkt 96 320 0.3 1
Node 44 71 21.8403
Pkt 225 750 0.3 1
Pkt 240 800 0.3 1
Node 58 38 14.4222
Pkt 58 192 0.302083 1
Pkt 38 125 0.304 1
Rate:602.202
==========
==========27
7 0 2 24000
Node 29 74 31.8904
Pkt 45 150 0.3 1
Pkt 36 120 0.3 1
Node 32 46 18.4391
Pkt 113 375 0.301333 1
Pkt 144 480 0.3 1
Node 67 41 19.2354
Pkt 225 750 0.3 1
Pkt 225 750 0.3 1
Node 56 58 10
Pkt 58 192 0.302083 1
Pkt 48 160 0.3 1
Node 39 74 26.4008
Pkt 144 480 0.3 1
Pkt 113 375 0.301333 1
Node 35 56 16.1555
Pkt 240 800 0.3 1
Pkt 225 750 0.3 1
Node 56 34 17.088
Pkt 38 125 0.304 1
Pkt 48 160 0.3 1
Rate:601.25
==========
==========28
7 0 2 24000
Node 43 28 23.0868
Pkt 75 250 0.3 1
Pkt 45 150 0.3 1
Node 31 54 19.4165
Pkt 113 375 0.301333 1
Pkt 120 400 0.3 1
Node 29 57 22.1359
Pkt 225 750 0.3 1
Pkt 240 800 0.3 1
Node 62 28 25.0599
Pkt 75 250 0.3 1
Pkt 30 100 0.3 1
Node 53 26 24.1868
Pkt 144 480 0.3 1
Pkt 113 375 0.301333 1
Node 39 27 25.4951
Pkt 240 800 0.3 1
Pkt 240 800 0.3 1
Node 44 63 14.3178
Pkt 48 160 0.3 1
Pkt 58 192 0.302083 1
Rate:600.679
==========
==========29
7 0 2 24000
Node 34 69 24.8395
Pkt 58 192 0.302083 1
Pkt 58 192 0.302083 1
Node 65 25 29.1548
Pkt 144 480 0.3 1
Pkt 113 375 0.301333 1
Node 38 63 17.6918
Pkt 225 750 0.3 1
Pkt 225 750 0.3 1
Node 71 65 25.807
Pkt 58 192 0.302083 1
Pkt 75 250 0.3 1
Node 57 27 24.0416
Pkt 113 375 0.301333 1
Pkt 120 400 0.3 1
Node 41 32 20.1246
Pkt 240 800 0.3 1
Pkt 225 750 0.3 1
Node 42 67 18.7883
Pkt 72 240 0.3 1
Pkt 45 150 0.3 1
Rate:601.274
==========
==========30
7 0 2 24000
Node 35 53 15.2971
Pkt 60 200 0.3 1
Pkt 58 192 0.302083 1
Node 71 38 24.1868
Pkt 144 480 0.3 1
Pkt 96 320 0.3 1
Node 55 44 7.81025
Pkt 225 750 0.3 1
Pkt 240 800 0.3 1
Node 35 34 21.9317
Pkt 45 150 0.3 1
Pkt 48 160 0.3 1
Node 67 27 28.6007
Pkt 144 480 0.3 1
Pkt 144 480 0.3 1
Node 61 61 15.5563
Pkt 240 800 0.3 1
Pkt 240 800 0.3 1
Node 60 62 15.6205
Pkt 48 160 0.3 1
Pkt 30 100 0.3 1
Rate:600.298
==========
==========31
7 0 2 24000
Node 50 55 5
Pkt 58 192 0.302083 1
Pkt 36 120 0.3 1
Node 41 36 16.6433
Pkt 90 300 0.3 1
Pkt 120 400 0.3 1
Node 68 53 18.2483
Pkt 240 800 0.3 1
Pkt 240 800 0.3 1
Node 38 54 12.6491
Pkt 58 192 0.302083 1
Pkt 38 125 0.304 1
Node 55 56 7.81025
Pkt 120 400 0.3 1
Pkt 90 300 0.3 1
Node 39 39 15.5563
Pkt 225 750 0.3 1
Pkt 225 750 0.3 1
Node 28 52 22.0907
Pkt 36 120 0.3 1
Pkt 36 120 0.3 1
Rate:601.167
==========
==========32
7 0 2 24000
Node 30 43 21.1896
Pkt 48 160 0.3 1
Pkt 45 150 0.3 1
Node 74 34 28.8444
Pkt 96 320 0.3 1
Pkt 144 480 0.3 1
Node 59 33 19.2354
Pkt 225 750 0.3 1
Pkt 225 750 0.3 1
Node 37 34 20.6155
Pkt 30 100 0.3 1
Pkt 45 150 0.3 1
Node 74 61 26.4008
Pkt 96 320 0.3 1
Pkt 113 375 0.301333 1
Node 38 63 17.6918
Pkt 240 800 0.3 1
Pkt 225 750 0.3 1
Node 37 42 15.2643
Pkt 58 192 0.302083 1
Pkt 48 160 0.3 1
Rate:600.488
==========
==========33
7 0 2 24000
Node 33 72 27.8029
Pkt 38 125 0.304 1
Pkt 36 120 0.3 1
Node 63 60 16.4012
Pkt 113 375 0.301333 1
Pkt 90 300 0.3 1
Node 67 46 17.4642
Pkt 225 750 0.3 1
Pkt 240 800 0.3 1
Node 55 44 7.81025
Pkt 60 200 0.3 1
Pkt 75 250 0.3 1
Node 35 28 26.6271
Pkt 113 375 0.301333 1
Pkt 144 480 0.3 1
Node 30 54 20.3961
Pkt 225 750 0.3 1
Pkt 240 800 0.3 1
Node 64 31 23.6008
Pkt 72 240 0.3 1
Pkt 38 125 0.304 1
Rate:601.524
==========
==========34
7 0 2 24000
Node 72 46 22.3607
Pkt 45 150 0.3 1
Pkt 45 150 0.3 1
Node 69 67 25.4951
Pkt 120 400 0.3 1
Pkt 96 320 0.3 1
Node 68 28 28.4253
Pkt 225 750 0.3 1
Pkt 225 750 0.3 1
Node 65 51 15.0333
Pkt 58 192 0.302083 1
Pkt 45 150 0.3 1
Node 59 36 16.6433
Pkt 113 375 0.301333 1
Pkt 120 400 0.3 1
Node 55 57 8.60233
Pkt 240 800 0.3 1
Pkt 240 800 0.3 1
Node 70 26 31.241
Pkt 75 250 0.3 1
Pkt 72 240 0.3 1
Rate:600.488
==========
==========35
7 0 2 24000
Node 41 44 10.8167
Pkt 75 250 0.3 1
Pkt 60 200 0.3 1
Node 50 39 11
Pkt 144 480 0.3 1
Pkt 144 480 0.3 1
Node 31 56 19.9249
Pkt 225 750 0.3 1
Pkt 240 800 0.3 1
Node 53 62 12.3693
Pkt 48 160 0.3 1
Pkt 36 120 0.3 1
Node 27 55 23.5372
Pkt 96 320 0.3 1
Pkt 120 400 0.3 1
Node 67 47 17.2627
Pkt 240 800 0.3 1
Pkt 225 750 0.3 1
Node 67 49 17.0294
Pkt 48 160 0.3 1
Pkt 30 100 0.3 1
Rate:600
==========
==========36
7 0 2 24000
Node 64 43 15.6525
Pkt 72 240 0.3 1
Pkt 60 200 0.3 1
Node 69 42 20.6155
Pkt 96 320 0.3 1
Pkt 96 320 0.3 1
Node 41 69 21.0238
Pkt 225 750 0.3 1
Pkt 240 800 0.3 1
Node 43 63 14.7648
Pkt 45 150 0.3 1
Pkt 60 200 0.3 1
Node 41 58 12.0416
Pkt 113 375 0.301333 1
Pkt 96 320 0.3 1
Node 29 36 25.2389
Pkt 225 750 0.3 1
Pkt 225 750 0.3 1
Node 62 46 12.6491
Pkt 60 200 0.3 1
Pkt 60 200 0.3 1
Rate:600.19
==========
==========37
7 0 2 24000
Node 54 53 5
Pkt 38 125 0.304 1
Pkt 48 160 0.3 1
Node 50 33 17
Pkt 144 480 0.3 1
Pkt 90 300 0.3 1
Node 37 70 23.8537
Pkt 225 750 0.3 1
Pkt 225 750 0.3 1
Node 57 55 8.60233
Pkt 58 192 0.302083 1
Pkt 72 240 0.3 1
Node 41 52 9.21954
Pkt 144 480 0.3 1
Pkt 96 320 0.3 1
Node 57 55 8.60233
Pkt 240 800 0.3 1
Pkt 225 750 0.3 1
Node 29 34 26.4008
Pkt 60 200 0.3 1
Pkt 45 150 0.3 1
Rate:600.869
==========
==========38
7 0 2 24000
Node 35 26 28.3019
Pkt 36 120 0.3 1
Pkt 75 250 0.3 1
Node 41 33 19.2354
Pkt 96 320 0.3 1
Pkt 96 320 0.3 1
Node 42 43 10.6301
Pkt 225 750 0.3 1
Pkt 240 800 0.3 1
Node 47 54 5
Pkt 38 125 0.304 1
Pkt 36 120 0.3 1
Node 35 73 27.4591
Pkt 96 320 0.3 1
Pkt 96 320 0.3 1
Node 27 60 25.0799
Pkt 225 750 0.3 1
Pkt 225 750 0.3 1
Node 25 27 33.9706
Pkt 38 125 0.304 1
Pkt 30 100 0.3 1
Rate:601.143
==========
==========39
7 0 2 24000
Node 60 43 12.2066
Pkt 72 240 0.3 1
Pkt 60 200 0.3 1
Node 34 54 16.4924
Pkt 96 320 0.3 1
Pkt 113 375 0.301333 1
Node 53 51 3.16228
Pkt 225 750 0.3 1
Pkt 240 800 0.3 1
Node 72 51 22.0227
Pkt 30 100 0.3 1
Pkt 72 240 0.3 1
Node 73 36 26.9258
Pkt 120 400 0.3 1
Pkt 144 480 0.3 1
Node 72 67 27.8029
Pkt 240 800 0.3 1
Pkt 240 800 0.3 1
Node 43 56 9.21954
Pkt 30 100 0.3 1
Pkt 75 250 0.3 1
Rate:600.19
==========
==========40
7 0 2 24000
Node 55 73 23.5372
Pkt 30 100 0.3 1
Pkt 48 160 0.3 1
Node 54 62 12.6491
Pkt 113 375 0.301333 1
Pkt 90 300 0.3 1
Node 60 38 15.6205
Pkt 240 800 0.3 1
Pkt 225 750 0.3 1
Node 43 60 12.2066
Pkt 75 250 0.3 1
Pkt 36 120 0.3 1
Node 58 68 19.6977
Pkt 96 320 0.3 1
Pkt 113 375 0.301333 1
Node 28 67 27.8029
Pkt 225 750 0.3 1
Pkt 225 750 0.3 1
Node 65 68 23.4307
Pkt 75 250 0.3 1
Pkt 30 100 0.3 1
Rate:600.381
==========
==========41
7 0 2 24000
Node 43 38 13.8924
Pkt 36 120 0.3 1
Pkt 38 125 0.304 1
Node 47 57 7.61577
Pkt 144 480 0.3 1
Pkt 113 375 0.301333 1
Node 38 65 19.2094
Pkt 225 750 0.3 1
Pkt 225 750 0.3 1
Node 60 63 16.4012
Pkt 72 240 0.3 1
Pkt 72 240 0.3 1
Node 51 38 12.0416
Pkt 113 375 0.301333 1
Pkt 96 320 0.3 1
Node 41 73 24.6982
Pkt 240 800 0.3 1
Pkt 240 800 0.3 1
Node 53 37 13.3417
Pkt 38 125 0.304 1
Pkt 58 192 0.302083 1
Rate:601.821
==========
==========42
7 0 2 24000
Node 31 42 20.6155
Pkt 72 240 0.3 1
Pkt 58 192 0.302083 1
Node 43 44 9.21954
Pkt 144 480 0.3 1
Pkt 96 320 0.3 1
Node 36 40 17.2047
Pkt 225 750 0.3 1
Pkt 240 800 0.3 1
Node 53 44 6.7082
Pkt 45 150 0.3 1
Pkt 72 240 0.3 1
Node 43 29 22.1359
Pkt 90 300 0.3 1
Pkt 90 300 0.3 1
Node 41 29 22.8473
Pkt 240 800 0.3 1
Pkt 240 800 0.3 1
Node 25 30 32.0156
Pkt 72 240 0.3 1
Pkt 75 250 0.3 1
Rate:600.298
==========
==========43
7 0 2 24000
Node 65 34 21.9317
Pkt 60 200 0.3 1
Pkt 36 120 0.3 1
Node 62 51 12.0416
Pkt 90 300 0.3 1
Pkt 96 320 0.3 1
Node 49 66 16.0312
Pkt 225 750 0.3 1
Pkt 240 800 0.3 1
Node 48 73 23.0868
Pkt 45 150 0.3 1
Pkt 60 200 0.3 1
Node 60 57 12.2066
Pkt 90 300 0.3 1
Pkt 113 375 0.301333 1
Node 66 26 28.8444
Pkt 225 750 0.3 1
Pkt 225 750 0.3 1
Node 40 53 10.4403
Pkt 30 100 0.3 1
Pkt 58 192 0.302083 1
Rate:600.488
==========
==========44
7 0 2 24000
Node 50 58 8
Pkt 30 100 0.3 1
Pkt 30 100 0.3 1
Node 57 71 22.1359
Pkt 144 480 0.3 1
Pkt 90 300 0.3 1
Node 56 59 10.8167
Pkt 240 800 0.3 1
Pkt 225 750 0.3 1
Node 70 74 31.241
Pkt 30 100 0.3 1
Pkt 45 150 0.3 1
Node 67 46 17.4642
Pkt 96 320 0.3 1
Pkt 120 400 0.3 1
Node 58 65 17
Pkt 225 750 0.3 1
Pkt 240 800 0.3 1
Node 27 63 26.4197
Pkt 48 160 0.3 1
Pkt 58 192 0.302083 1
Rate:600.298
==========
==========45
7 0 2 24000
Node 74 44 24.7386
Pkt 48 160 0.3 1
Pkt 75 250 0.3 1
Node 57 41 11.4018
Pkt 113 375 0.301333 1
Pkt 96 320 0.3 1
Node 40 26 26
Pkt 225 750 0.3 1
Pkt 240 800 0.3 1
Node 70 52 20.0998
Pkt 36 120 0.3 1
Pkt 60 200 0.3 1
Node 56 41 10.8167
Pkt 144 480 0.3 1
Pkt 96 320 0.3 1
Node 36 44 15.2315
Pkt 240 800 0.3 1
Pkt 225 750 0.3 1
Node 67 37 21.4009
Pkt 38 125 0.304 1
Pkt 48 160 0.3 1
Rate:600.762
==========
==========46
7 0 2 24000
Node 59 41 12.7279
Pkt 75 250 0.3 1
Pkt 75 250 0.3 1
Node 58 29 22.4722
Pkt 96 320 0.3 1
Pkt 120 400 0.3 1
Node 39 34 19.4165
Pkt 225 750 0.3 1
Pkt 240 800 0.3 1
Node 60 53 10.4403
Pkt 30 100 0.3 1
Pkt 60 200 0.3 1
Node 64 66 21.2603
Pkt 144 480 0.3 1
Pkt 144 480 0.3 1
Node 42 33 18.7883
Pkt 240 800 0.3 1
Pkt 240 800 0.3 1
Node 42 52 8.24621
Pkt 45 150 0.3 1
Pkt 72 240 0.3 1
Rate:600
==========
==========47
7 0 2 24000
Node 45 33 17.72
Pkt 72 240 0.3 1
Pkt 60 200 0.3 1
Node 52 37 13.1529
Pkt 96 320 0.3 1
Pkt 90 300 0.3 1
Node 28 26 32.5576
Pkt 240 800 0.3 1
Pkt 225 750 0.3 1
Node 36 37 19.105
Pkt 36 120 0.3 1
Pkt 45 150 0.3 1
Node 26 52 24.0832
Pkt 113 375 0.301333 1
Pkt 90 300 0.3 1
Node 44 50 6
Pkt 240 800 0.3 1
Pkt 240 800 0.3 1
Node 34 37 20.6155
Pkt 38 125 0.304 1
Pkt 30 100 0.3 1
Rate:600.762
==========
==========48
7 0 2 24000
Node 64 27 26.9258
Pkt 38 125 0.304 1
Pkt 38 125 0.304 1
Node 29 62 24.1868
Pkt 120 400 0.3 1
Pkt 144 480 0.3 1
Node 70 64 24.4131
Pkt 225 750 0.3 1
Pkt 225 750 0.3 1
Node 32 45 18.6815
Pkt 30 100 0.3 1
Pkt 36 120 0.3 1
Node 74 60 26
Pkt 120 400 0.3 1
Pkt 96 320 0.3 1
Node 33 73 28.6007
Pkt 225 750 0.3 1
Pkt 225 750 0.3 1
Node 31 53 19.2354
Pkt 38 125 0.304 1
Pkt 58 192 0.302083 1
Rate:602.012
==========
==========49
7 0 2 24000
Node 69 48 19.105
Pkt 30 100 0.3 1
Pkt 60 200 0.3 1
Node 56 59 10.8167
Pkt 113 375 0.301333 1
Pkt 96 320 0.3 1
Node 30 65 25
Pkt 240 800 0.3 1
Pkt 225 750 0.3 1
Node 71 46 21.3776
Pkt 30 100 0.3 1
Pkt 45 150 0.3 1
Node 41 35 17.4929
Pkt 90 300 0.3 1
Pkt 113 375 0.301333 1
Node 41 68 20.1246
Pkt 225 750 0.3 1
Pkt 240 800 0.3 1
Node 36 25 28.6531
Pkt 75 250 0.3 1
Pkt 72 240 0.3 1
Rate:600.381
==========
==========50
7 0 2 24000
Node 41 41 12.7279
Pkt 45 150 0.3 1
Pkt 72 240 0.3 1
Node 73 32 29.2062
Pkt 113 375 0.301333 1
Pkt 120 400 0.3 1
Node 73 49 23.0217
Pkt 225 750 0.3 1
Pkt 240 800 0.3 1
Node 60 25 26.9258
Pkt 58 192 0.302083 1
Pkt 48 160 0.3 1
Node 55 61 12.083
Pkt 96 320 0.3 1
Pkt 90 300 0.3 1
Node 45 58 9.43398
Pkt 225 750 0.3 1
Pkt 240 800 0.3 1
Node 48 62 12.1655
Pkt 60 200 0.3 1
Pkt 60 200 0.3 1
Rate:600.488
==========
==========51
7 0 2 24000
Node 63 44 14.3178
Pkt 60 200 0.3 1
Pkt 45 150 0.3 1
Node 66 59 18.3576
Pkt 120 400 0.3 1
Pkt 113 375 0.301333 1
Node 72 26 32.5576
Pkt 225 750 0.3 1
Pkt 225 750 0.3 1
Node 66 72 27.2029
Pkt 48 160 0.3 1
Pkt 60 200 0.3 1
Node 54 73 23.3452
Pkt 113 375 0.301333 1
Pkt 144 480 0.3 1
Node 35 41 17.4929
Pkt 225 750 0.3 1
Pkt 240 800 0.3 1
Node 55 31 19.6469
Pkt 45 150 0.3 1
Pkt 72 240 0.3 1
Rate:600.381
==========
==========52
7 0 2 24000
Node 57 60 12.2066
Pkt 45 150 0.3 1
Pkt 75 250 0.3 1
Node 53 52 3.60555
Pkt 113 375 0.301333 1
Pkt 144 480 0.3 1
Node 56 32 18.9737
Pkt 240 800 0.3 1
Pkt 225 750 0.3 1
Node 62 56 13.4164
Pkt 48 160 0.3 1
Pkt 72 240 0.3 1
Node 31 56 19.9249
Pkt 120 400 0.3 1
Pkt 120 400 0.3 1
Node 57 28 23.0868
Pkt 225 750 0.3 1
Pkt 225 750 0.3 1
Node 41 74 25.632
Pkt 58 192 0.302083 1
Pkt 75 250 0.3 1
Rate:600.488
==========
==========53
7 0 2 24000
Node 57 42 10.6301
Pkt 38 125 0.304 1
Pkt 30 100 0.3 1
Node 65 45 15.8114
Pkt 90 300 0.3 1
Pkt 96 320 0.3 1
Node 35 32 23.4307
Pkt 225 750 0.3 1
Pkt 225 750 0.3 1
Node 30 32 26.9072
Pkt 72 240 0.3 1
Pkt 38 125 0.304 1
Node 48 57 7.28011
Pkt 96 320 0.3 1
Pkt 144 480 0.3 1
Node 38 42 14.4222
Pkt 225 750 0.3 1
Pkt 240 800 0.3 1
Node 50 57 7
Pkt 36 120 0.3 1
Pkt 45 150 0.3 1
Rate:601.143
==========
==========54
7 0 2 24000
Node 64 28 26.0768
Pkt 36 120 0.3 1
Pkt 72 240 0.3 1
Node 42 38 14.4222
Pkt 113 375 0.301333 1
Pkt 96 320 0.3 1
Node 49 52 2.23607
Pkt 225 750 0.3 1
Pkt 225 750 0.3 1
Node 29 41 22.8473
Pkt 72 240 0.3 1
Pkt 36 120 0.3 1
Node 61 74 26.4008
Pkt 96 320 0.3 1
Pkt 113 375 0.301333 1
Node 50 44 6
Pkt 225 750 0.3 1
Pkt 240 800 0.3 1
Node 61 55 12.083
Pkt 38 125 0.304 1
Pkt 45 150 0.3 1
Rate:600.952
==========
==========55
7 0 2 24000
Node 37 53 13.3417
Pkt 60 200 0.3 1
Pkt 72 240 0.3 1
Node 74 36 27.7849
Pkt 113 375 0.301333 1
Pkt 144 480 0.3 1
Node 58 49 8.06226
Pkt 240 800 0.3 1
Pkt 240 800 0.3 1
Node 69 51 19.0263
Pkt 45 150 0.3 1
Pkt 48 160 0.3 1
Node 44 55 7.81025
Pkt 113 375 0.301333 1
Pkt 120 400 0.3 1
Node 64 41 16.6433
Pkt 240 800 0.3 1
Pkt 240 800 0.3 1
Node 65 56 16.1555
Pkt 75 250 0.3 1
Pkt 58 192 0.302083 1
Rate:600.679
==========
==========56
7 0 2 24000
Node 55 45 7.07107
Pkt 48 160 0.3 1
Pkt 72 240 0.3 1
Node 64 49 14.0357
Pkt 144 480 0.3 1
Pkt 96 320 0.3 1
Node 53 37 13.3417
Pkt 225 750 0.3 1
Pkt 240 800 0.3 1
Node 51 72 22.0227
Pkt 36 120 0.3 1
Pkt 75 250 0.3 1
Node 33 31 25.4951
Pkt 90 300 0.3 1
Pkt 96 320 0.3 1
Node 45 27 23.5372
Pkt 225 750 0.3 1
Pkt 240 800 0.3 1
Node 48 64 14.1421
Pkt 48 160 0.3 1
Pkt 38 125 0.304 1
Rate:600.571
==========
==========57
7 0 2 24000
Node 37 65 19.8494
Pkt 38 125 0.304 1
Pkt 60 200 0.3 1
Node 43 28 23.0868
Pkt 90 300 0.3 1
Pkt 120 400 0.3 1
Node 44 58 10
Pkt 240 800 0.3 1
Pkt 240 800 0.3 1
Node 29 33 27.0185
Pkt 38 125 0.304 1
Pkt 36 120 0.3 1
Node 74 43 25
Pkt 120 400 0.3 1
Pkt 120 400 0.3 1
Node 25 60 26.9258
Pkt 240 800 0.3 1
Pkt 225 750 0.3 1
Node 40 31 21.4709
Pkt 60 200 0.3 1
Pkt 30 100 0.3 1
Rate:601.143
==========
==========58
7 0 2 24000
Node 57 53 7.61577
Pkt 58 192 0.302083 1
Pkt 38 125 0.304 1
Node 40 30 22.3607
Pkt 120 400 0.3 1
Pkt 96 320 0.3 1
Node 35 30 25
Pkt 240 800 0.3 1
Pkt 240 800 0.3 1
Node 42 30 21.5407
Pkt 75 250 0.3 1
Pkt 30 100 0.3 1
Node 68 64 22.8035
Pkt 96 320 0.3 1
Pkt 90 300 0.3 1
Node 67 59 19.2354
Pkt 240 800 0.3 1
Pkt 225 750 0.3 1
Node 31 49 19.0263
Pkt 48 160 0.3 1
Pkt 58 192 0.302083 1
Rate:601.167
==========
==========59
7 0 2 24000
Node 51 53 3.16228
Pkt 58 192 0.302083 1
Pkt 58 192 0.302083 1
Node 36 39 17.8045
Pkt 120 400 0.3 1
Pkt 120 400 0.3 1
Node 62 57 13.8924
Pkt 225 750 0.3 1
Pkt 225 750 0.3 1
Node 43 57 9.89949
Pkt 60 200 0.3 1
Pkt 75 250 0.3 1
Node 28 28 31.1127
Pkt 96 320 0.3 1
Pkt 113 375 0.301333 1
Node 56 50 6
Pkt 240 800 0.3 1
Pkt 225 750 0.3 1
Node 39 50 11
Pkt 60 200 0.3 1
Pkt 75 250 0.3 1
Rate:600.786
==========
==========60
7 0 2 24000
Node 42 28 23.4094
Pkt 30 100 0.3 1
Pkt 38 125 0.304 1
Node 36 32 22.8035
Pkt 113 375 0.301333 1
Pkt 113 375 0.301333 1
Node 66 54 16.4924
Pkt 240 800 0.3 1
Pkt 240 800 0.3 1
Node 56 41 10.8167
Pkt 58 192 0.302083 1
Pkt 72 240 0.3 1
Node 65 64 20.5183
Pkt 120 400 0.3 1
Pkt 113 375 0.301333 1
Node 35 40 18.0278
Pkt 225 750 0.3 1
Pkt 225 750 0.3 1
Node 69 48 19.105
Pkt 60 200 0.3 1
Pkt 58 192 0.302083 1
Rate:601.738
==========
==========61
7 0 2 24000
Node 48 39 11.1803
Pkt 72 240 0.3 1
Pkt 48 160 0.3 1
Node 54 68 18.4391
Pkt 113 375 0.301333 1
Pkt 90 300 0.3 1
Node 28 27 31.8277
Pkt 225 750 0.3 1
Pkt 225 750 0.3 1
Node 27 73 32.5269
Pkt 72 240 0.3 1
Pkt 48 160 0.3 1
Node 66 72 27.2029
Pkt 144 480 0.3 1
Pkt 90 300 0.3 1
Node 54 72 22.3607
Pkt 225 750 0.3 1
Pkt 240 800 0.3 1
Node 51 26 24.0208
Pkt 36 120 0.3 1
Pkt 75 250 0.3 1
Rate:600.19
==========
==========62
7 0 2 24000
Node 37 45 13.9284
Pkt 60 200 0.3 1
Pkt 48 160 0.3 1
Node 48 49 2.23607
Pkt 90 300 0.3 1
Pkt 90 300 0.3 1
Node 62 32 21.6333
Pkt 225 750 0.3 1
Pkt 240 800 0.3 1
Node 25 46 25.318
Pkt 58 192 0.302083 1
Pkt 36 120 0.3 1
Node 27 68 29.2062
Pkt 113 375 0.301333 1
Pkt 120 400 0.3 1
Node 54 73 23.3452
Pkt 225 750 0.3 1
Pkt 240 800 0.3 1
Node 38 31 22.4722
Pkt 36 120 0.3 1
Pkt 48 160 0.3 1
Rate:600.488
==========
==========63
7 0 2 24000
Node 37 36 19.105
Pkt 36 120 0.3 1
Pkt 48 160 0.3 1
Node 63 58 15.2643
Pkt 120 400 0.3 1
Pkt 113 375 0.301333 1
Node 63 31 23.0217
Pkt 225 750 0.3 1
Pkt 225 750 0.3 1
Node 36 60 17.2047
Pkt 75 250 0.3 1
Pkt 30 100 0.3 1
Node 71 65 25.807
Pkt 96 320 0.3 1
Pkt 113 375 0.301333 1
Node 63 36 19.105
Pkt 240 800 0.3 1
Pkt 225 750 0.3 1
Node 37 60 16.4012
Pkt 75 250 0.3 1
Pkt 72 240 0.3 1
Rate:600.381
==========
==========64
7 0 2 24000
Node 68 71 27.6586
Pkt 75 250 0.3 1
Pkt 75 250 0.3 1
Node 67 67 24.0416
Pkt 113 375 0.301333 1
Pkt 90 300 0.3 1
Node 71 48 21.095
Pkt 225 750 0.3 1
Pkt 225 750 0.3 1
Node 70 47 20.2237
Pkt 45 150 0.3 1
Pkt 60 200 0.3 1
Node 27 31 29.8329
Pkt 90 300 0.3 1
Pkt 113 375 0.301333 1
Node 72 58 23.4094
Pkt 240 800 0.3 1
Pkt 225 750 0.3 1
Node 53 39 11.4018
Pkt 60 200 0.3 1
Pkt 45 150 0.3 1
Rate:600.381
==========
==========65
7 0 2 24000
Node 34 53 16.2788
Pkt 36 120 0.3 1
Pkt 45 150 0.3 1
Node 60 69 21.4709
Pkt 113 375 0.301333 1
Pkt 144 480 0.3 1
Node 45 59 10.2956
Pkt 240 800 0.3 1
Pkt 225 750 0.3 1
Node 63 68 22.2036
Pkt 75 250 0.3 1
Pkt 60 200 0.3 1
Node 57 53 7.61577
Pkt 113 375 0.301333 1
Pkt 113 375 0.301333 1
Node 37 73 26.4197
Pkt 240 800 0.3 1
Pkt 240 800 0.3 1
Node 48 70 20.0998
Pkt 38 125 0.304 1
Pkt 36 120 0.3 1
Rate:601.143
==========
==========66
7 0 2 24000
Node 45 26 24.5153
Pkt 30 100 0.3 1
Pkt 45 150 0.3 1
Node 60 27 25.0799
Pkt 90 300 0.3 1
Pkt 90 300 0.3 1
Node 48 47 3.60555
Pkt 225 750 0.3 1
Pkt 240 800 0.3 1
Node 27 46 23.3452
Pkt 36 120 0.3 1
Pkt 38 125 0.304 1
Node 32 59 20.1246
Pkt 90 300 0.3 1
Pkt 144 480 0.3 1
Node 67 46 17.4642
Pkt 240 800 0.3 1
Pkt 240 800 0.3 1
Node 74 26 33.9411
Pkt 30 100 0.3 1
Pkt 60 200 0.3 1
Rate:600.571
==========
==========67
7 0 2 24000
Node 52 70 20.0998
Pkt 72 240 0.3 1
Pkt 60 200 0.3 1
Node 58 32 19.6977
Pkt 96 320 0.3 1
Pkt 96 320 0.3 1
Node 56 55 7.81025
Pkt 240 800 0.3 1
Pkt 225 750 0.3 1
Node 65 59 17.4929
Pkt 48 160 0.3 1
Pkt 60 200 0.3 1
Node 65 50 15
Pkt 90 300 0.3 1
Pkt 120 400 0.3 1
Node 40 47 10.4403
Pkt 225 750 0.3 1
Pkt 225 750 0.3 1
Node 64 56 15.2315
Pkt 36 120 0.3 1
Pkt 48 160 0.3 1
Rate:600
==========
==========68
7 0 2 24000
Node 56 58 10
Pkt 58 192 0.302083 1
Pkt 72 240 0.3 1
Node 56 31 19.9249
Pkt 113 375 0.301333 1
Pkt 144 480 0.3 1
Node 57 68 19.3132
Pkt 225 750 0.3 1
Pkt 240 800 0.3 1
Node 65 34 21.9317
Pkt 45 150 0.3 1
Pkt 36 120 0.3 1
Node 30 37 23.8537
Pkt 113 375 0.301333 1
Pkt 144 480 0.3 1
Node 74 70 31.241
Pkt 240 800 0.3 1
Pkt 225 750 0.3 1
Node 68 41 20.1246
Pkt 36 120 0.3 1
Pkt 48 160 0.3 1
Rate:600.679
==========
==========69
7 0 2 24000
Node 36 57 15.6525
Pkt 58 192 0.302083 1
Pkt 30 100 0.3 1
Node 60 41 13.4536
Pkt 90 300 0.3 1
Pkt 113 375 0.301333 1
Node 33 58 18.7883
Pkt 225 750 0.3 1
Pkt 225 750 0.3 1
Node 49 31 19.0263
Pkt 60 200 0.3 1
Pkt 75 250 0.3 1
Node 69 68 26.1725
Pkt 113 375 0.301333 1
Pkt 120 400 0.3 1
Node 74 41 25.632
Pkt 240 800 0.3 1
Pkt 240 800 0.3 1
Node 36 35 20.5183
Pkt 30 100 0.3 1
Pkt 45 150 0.3 1
Rate:600.679
==========
==========70
7 0 2 24000
Node 39 73 25.4951
Pkt 60 200 0.3 1
Pkt 75 250 0.3 1
Node 33 73 28.6007
Pkt 96 320 0.3 1
Pkt 144 480 0.3 1
Node 61 60 14.8661
Pkt 240 800 0.3 1
Pkt 240 800 0.3 1
Node 52 67 17.1172
Pkt 75 250 0.3 1
Pkt 60 200 0.3 1
Node 36 65 20.5183
Pkt 96 320 0.3 1
Pkt 113 375 0.301333 1
Node 58 52 8.24621
Pkt 225 750 0.3 1
Pkt 240 800 0.3 1
Node 31 65 24.2074
Pkt 58 192 0.302083 1
Pkt 30 100 0.3 1
Rate:600.488
==========
==========71
7 0 2 24000
Node 58 49 8.06226
Pkt 48 160 0.3 1
Pkt 75 250 0.3 1
Node 44 35 16.1555
Pkt 96 320 0.3 1
Pkt 96 320 0.3 1
Node 26 69 30.6105
Pkt 225 750 0.3 1
Pkt 225 750 0.3 1
Node 44 73 23.7697
Pkt 36 120 0.3 1
Pkt 75 250 0.3 1
Node 60 58 12.8062
Pkt 120 400 0.3 1
Pkt 90 300 0.3 1
Node 35 34 21.9317
Pkt 240 800 0.3 1
Pkt 225 750 0.3 1
Node 45 73 23.5372
Pkt 72 240 0.3 1
Pkt 48 160 0.3 1
Rate:600
==========
==========72
7 0 2 24000
Node 28 74 32.5576
Pkt 38 125 0.304 1
Pkt 72 240 0.3 1
Node 53 74 24.1868
Pkt 90 300 0.3 1
Pkt 113 375 0.301333 1
Node 63 34 20.6155
Pkt 225 750 0.3 1
Pkt 240 800 0.3 1
Node 43 74 25
Pkt 30 100 0.3 1
Pkt 30 100 0.3 1
Node 43 56 9.21954
Pkt 113 375 0.301333 1
Pkt 96 320 0.3 1
Node 58 37 15.2643
Pkt 225 750 0.3 1
Pkt 225 750 0.3 1
Node 57 59 11.4018
Pkt 72 240 0.3 1
Pkt 38 125 0.304 1
Rate:601.524
==========
==========73
7 0 2 24000
Node 42 26 25.2982
Pkt 72 240 0.3 1
Pkt 45 150 0.3 1
Node 48 61 11.1803
Pkt 90 300 0.3 1
Pkt 120 400 0.3 1
Node 72 41 23.7697
Pkt 225 750 0.3 1
Pkt 240 800 0.3 1
Node 68 47 18.2483
Pkt 38 125 0.304 1
Pkt 38 125 0.304 1
Node 41 63 15.8114
Pkt 90 300 0.3 1
Pkt 144 480 0.3 1
Node 64 33 22.0227
Pkt 240 800 0.3 1
Pkt 240 800 0.3 1
Node 26 30 31.241
Pkt 30 100 0.3 1
Pkt 58 192 0.302083 1
Rate:601.44
==========
==========74
7 0 2 24000
Node 55 42 9.43398
Pkt 36 120 0.3 1
Pkt 45 150 0.3 1
Node 62 35 19.2094
Pkt 113 375 0.301333 1
Pkt 120 400 0.3 1
Node 37 29 24.6982
Pkt 225 750 0.3 1
Pkt 240 800 0.3 1
Node 31 47 19.2354
Pkt 48 160 0.3 1
Pkt 30 100 0.3 1
Node 44 62 13.4164
Pkt 144 480 0.3 1
Pkt 120 400 0.3 1
Node 65 62 19.2094
Pkt 225 750 0.3 1
Pkt 240 800 0.3 1
Node 49 41 9.05539
Pkt 38 125 0.304 1
Pkt 48 160 0.3 1
Rate:600.762
==========
==========75
7 0 2 24000
Node 73 48 23.0868
Pkt 38 125 0.304 1
Pkt 72 240 0.3 1
Node 28 48 22.0907
Pkt 113 375 0.301333 1
Pkt 120 400 0.3 1
Node 31 69 26.8701
Pkt 225 750 0.3 1
Pkt 240 800 0.3 1
Node 61 41 14.2127
Pkt 75 250 0.3 1
Pkt 45 150 0.3 1
Node 64 25 28.6531
Pkt 144 480 0.3 1
Pkt 113 375 0.301333 1
Node 46 33 17.4642
Pkt 225 750 0.3 1
Pkt 240 800 0.3 1
Node 66 31 24.8395
Pkt 38 125 0.304 1
Pkt 58 192 0.302083 1
Rate:601.821
==========
==========76
7 0 2 24000
Node 42 70 21.5407
Pkt 75 250 0.3 1
Pkt 60 200 0.3 1
Node 55 48 5.38516
Pkt 144 480 0.3 1
Pkt 144 480 0.3 1
Node 45 55 7.07107
Pkt 240 800 0.3 1
Pkt 240 800 0.3 1
Node 62 53 12.3693
Pkt 30 100 0.3 1
Pkt 72 240 0.3 1
Node 57 59 11.4018
Pkt 90 300 0.3 1
Pkt 96 320 0.3 1
Node 73 25 33.9706
Pkt 225 750 0.3 1
Pkt 240 800 0.3 1
Node 57 25 25.9615
Pkt 38 125 0.304 1
Pkt 48 160 0.3 1
Rate:600.571
==========
==========77
7 0 2 24000
Node 46 39 11.7047
Pkt 48 160 0.3 1
Pkt 30 100 0.3 1
Node 67 58 18.7883
Pkt 144 480 0.3 1
Pkt 120 400 0.3 1
Node 65 63 19.8494
Pkt 225 750 0.3 1
Pkt 240 800 0.3 1
Node 69 33 25.4951
Pkt 45 150 0.3 1
Pkt 72 240 0.3 1
Node 40 66 18.868
Pkt 90 300 0.3 1
Pkt 144 480 0.3 1
Node 41 59 12.7279
Pkt 240 800 0.3 1
Pkt 240 800 0.3 1
Node 45 27 23.5372
Pkt 45 150 0.3 1
Pkt 30 100 0.3 1
Rate:600
==========
==========78
7 0 2 24000
Node 59 61 14.2127
Pkt 38 125 0.304 1
Pkt 58 192 0.302083 1
Node 37 54 13.6015
Pkt 120 400 0.3 1
Pkt 113 375 0.301333 1
Node 64 70 24.4131
Pkt 240 800 0.3 1
Pkt 240 800 0.3 1
Node 54 49 4.12311
Pkt 38 125 0.304 1
Pkt 58 192 0.302083 1
Node 46 57 8.06226
Pkt 96 320 0.3 1
Pkt 144 480 0.3 1
Node 35 59 17.4929
Pkt 240 800 0.3 1
Pkt 225 750 0.3 1
Node 34 44 17.088
Pkt 30 100 0.3 1
Pkt 36 120 0.3 1
Rate:601.929
==========
==========79
7 0 2 24000
Node 31 64 23.6008
Pkt 48 160 0.3 1
Pkt 36 120 0.3 1
Node 54 40 10.7703
Pkt 144 480 0.3 1
Pkt 113 375 0.301333 1
Node 48 54 4.47214
Pkt 225 750 0.3 1
Pkt 225 750 0.3 1
Node 27 53 23.1948
Pkt 45 150 0.3 1
Pkt 58 192 0.302083 1
Node 38 34 20
Pkt 96 320 0.3 1
Pkt 144 480 0.3 1
Node 63 35 19.8494
Pkt 240 800 0.3 1
Pkt 240 800 0.3 1
Node 33 63 21.4009
Pkt 38 125 0.304 1
Pkt 58 192 0.302083 1
Rate:601.357
==========
==========80
7 0 2 24000
Node 67 66 23.3452
Pkt 72 240 0.3 1
Pkt 48 160 0.3 1
Node 50 64 14
Pkt 120 400 0.3 1
Pkt 120 400 0.3 1
Node 26 66 28.8444
Pkt 240 800 0.3 1
Pkt 240 800 0.3 1
Node 58 38 14.4222
Pkt 30 100 0.3 1
Pkt 72 240 0.3 1
Node 62 64 18.4391
Pkt 120 400 0.3 1
Pkt 144 480 0.3 1
Node 27 41 24.6982
Pkt 225 750 0.3 1
Pkt 225 750 0.3 1
Node 31 48 19.105
Pkt 30 100 0.3 1
Pkt 72 240 0.3 1
Rate:600
==========
==========81
7 0 2 24000
Node 35 46 15.5242
Pkt 60 200 0.3 1
Pkt 72 240 0.3 1
Node 53 35 15.2971
Pkt 96 320 0.3 1
Pkt 144 480 0.3 1
Node 36 41 16.6433
Pkt 240 800 0.3 1
Pkt 225 750 0.3 1
Node 63 54 13.6015
Pkt 75 250 0.3 1
Pkt 48 160 0.3 1
Node 29 26 31.8904
Pkt 144 480 0.3 1
Pkt 96 320 0.3 1
Node 70 42 21.5407
Pkt 240 800 0.3 1
Pkt 240 800 0.3 1
Node 27 27 32.5269
Pkt 75 250 0.3 1
Pkt 36 120 0.3 1
Rate:600
==========
==========82
7 0 2 24000
Node 49 50 1
Pkt 30 100 0.3 1
Pkt 72 240 0.3 1
Node 65 26 28.3019
Pkt 120 400 0.3 1
Pkt 144 480 0.3 1
Node 47 50 3
Pkt 225 750 0.3 1
Pkt 240 800 0.3 1
Node 37 50 13
Pkt 45 150 0.3 1
Pkt 60 200 0.3 1
Node 67 46 17.4642
Pkt 120 400 0.3 1
Pkt 120 400 0.3 1
Node 56 28 22.8035
Pkt 225 750 0.3 1
Pkt 225 750 0.3 1
Node 59 58 12.0416
Pkt 30 100 0.3 1
Pkt 58 192 0.302083 1
Rate:600.298
==========
==========83
7 0 2 24000
Node 66 40 18.868
Pkt 75 250 0.3 1
Pkt 72 240 0.3 1
Node 74 62 26.8328
Pkt 113 375 0.301333 1
Pkt 113 375 0.301333 1
Node 50 56 6
Pkt 225 750 0.3 1
Pkt 240 800 0.3 1
Node 31 30 27.5862
Pkt 60 200 0.3 1
Pkt 36 120 0.3 1
Node 61 54 11.7047
Pkt 96 320 0.3 1
Pkt 90 300 0.3 1
Node 67 47 17.2627
Pkt 225 750 0.3 1
Pkt 225 750 0.3 1
Node 74 65 28.3019
Pkt 38 125 0.304 1
Pkt 30 100 0.3 1
Rate:600.952
==========
==========84
7 0 2 24000
Node 45 72 22.561
Pkt 30 100 0.3 1
Pkt 75 250 0.3 1
Node 43 41 11.4018
Pkt 90 300 0.3 1
Pkt 144 480 0.3 1
Node 60 62 15.6205
Pkt 225 750 0.3 1
Pkt 240 800 0.3 1
Node 70 69 27.5862
Pkt 72 240 0.3 1
Pkt 58 192 0.302083 1
Node 57 69 20.2485
Pkt 113 375 0.301333 1
Pkt 144 480 0.3 1
Node 54 49 4.12311
Pkt 240 800 0.3 1
Pkt 225 750 0.3 1
Node 44 45 7.81025
Pkt 75 250 0.3 1
Pkt 75 250 0.3 1
Rate:600.488
==========
==========85
7 0 2 24000
Node 60 49 10.0499
Pkt 58 192 0.302083 1
Pkt 60 200 0.3 1
Node 42 63 15.2643
Pkt 90 300 0.3 1
Pkt 90 300 0.3 1
Node 25 56 25.7099
Pkt 225 750 0.3 1
Pkt 240 800 0.3 1
Node 36 54 14.5602
Pkt 60 200 0.3 1
Pkt 38 125 0.304 1
Node 67 33 24.0416
Pkt 144 480 0.3 1
Pkt 90 300 0.3 1
Node 74 50 24
Pkt 240 800 0.3 1
Pkt 225 750 0.3 1
Node 51 38 12.0416
Pkt 58 192 0.302083 1
Pkt 36 120 0.3 1
Rate:601.167
==========
==========86
7 0 2 24000
Node 57 35 16.5529
Pkt 72 240 0.3 1
Pkt 75 250 0.3 1
Node 72 68 28.4253
Pkt 120 400 0.3 1
Pkt 144 480 0.3 1
Node 35 58 17
Pkt 240 800 0.3 1
Pkt 240 800 0.3 1
Node 45 62 13
Pkt 58 192 0.302083 1
Pkt 45 150 0.3 1
Node 52 30 20.0998
Pkt 96 320 0.3 1
Pkt 144 480 0.3 1
Node 53 71 21.2132
Pkt 240 800 0.3 1
Pkt 225 750 0.3 1
Node 68 47 18.2483
Pkt 60 200 0.3 1
Pkt 58 192 0.302083 1
Rate:600.595
==========
==========87
7 0 2 24000
Node 30 38 23.3238
Pkt 30 100 0.3 1
Pkt 45 150 0.3 1
Node 36 50 14
Pkt 113 375 0.301333 1
Pkt 120 400 0.3 1
Node 42 34 17.8885
Pkt 225 750 0.3 1
Pkt 225 750 0.3 1
Node 36 69 23.6008
Pkt 75 250 0.3 1
Pkt 38 125 0.304 1
Node 73 66 28.0179
Pkt 90 300 0.3 1
Pkt 120 400 0.3 1
Node 34 44 17.088
Pkt 225 750 0.3 1
Pkt 240 800 0.3 1
Node 55 38 13
Pkt 45 150 0.3 1
Pkt 58 192 0.302083 1
Rate:601.06
==========
==========88
7 0 2 24000
Node 67 50 17
Pkt 58 192 0.302083 1
Pkt 72 240 0.3 1
Node 58 26 25.2982
Pkt 113 375 0.301333 1
Pkt 90 300 0.3 1
Node 54 57 8.06226
Pkt 225 750 0.3 1
Pkt 225 750 0.3 1
Node 29 46 21.3776
Pkt 36 120 0.3 1
Pkt 36 120 0.3 1
Node 61 58 13.6015
Pkt 90 300 0.3 1
Pkt 144 480 0.3 1
Node 29 67 27.0185
Pkt 240 800 0.3 1
Pkt 225 750 0.3 1
Node 27 52 23.0868
Pkt 75 250 0.3 1
Pkt 45 150 0.3 1
Rate:600.488
==========
==========89
7 0 2 24000
Node 50 32 18
Pkt 30 100 0.3 1
Pkt 38 125 0.304 1
Node 34 58 17.8885
Pkt 90 300 0.3 1
Pkt 144 480 0.3 1
Node 33 46 17.4642
Pkt 225 750 0.3 1
Pkt 240 800 0.3 1
Node 31 44 19.9249
Pkt 48 160 0.3 1
Pkt 75 250 0.3 1
Node 61 25 27.313
Pkt 120 400 0.3 1
Pkt 96 320 0.3 1
Node 36 53 14.3178
Pkt 240 800 0.3 1
Pkt 225 750 0.3 1
Node 55 47 5.83095
Pkt 48 160 0.3 1
Pkt 30 100 0.3 1
Rate:600.571
==========
==========90
7 0 2 24000
Node 43 34 17.4642
Pkt 36 120 0.3 1
Pkt 36 120 0.3 1
Node 54 61 11.7047
Pkt 90 300 0.3 1
Pkt 90 300 0.3 1
Node 37 65 19.8494
Pkt 225 750 0.3 1
Pkt 240 800 0.3 1
Node 71 63 24.6982
Pkt 48 160 0.3 1
Pkt 36 120 0.3 1
Node 58 61 13.6015
Pkt 144 480 0.3 1
Pkt 144 480 0.3 1
Node 43 61 13.0384
Pkt 225 750 0.3 1
Pkt 240 800 0.3 1
Node 47 30 20.2237
Pkt 45 150 0.3 1
Pkt 30 100 0.3 1
Rate:600
==========
==========91
7 0 2 24000
Node 46 50 4
Pkt 38 125 0.304 1
Pkt 38 125 0.304 1
Node 26 25 34.6554
Pkt 96 320 0.3 1
Pkt 96 320 0.3 1
Node 60 27 25.0799
Pkt 225 750 0.3 1
Pkt 240 800 0.3 1
Node 31 54 19.4165
Pkt 30 100 0.3 1
Pkt 75 250 0.3 1
Node 67 46 17.4642
Pkt 144 480 0.3 1
Pkt 120 400 0.3 1
Node 31 29 28.3196
Pkt 225 750 0.3 1
Pkt 225 750 0.3 1
Node 56 54 7.2111
Pkt 75 250 0.3 1
Pkt 45 150 0.3 1
Rate:601.143
==========
==========92
7 0 2 24000
Node 49 50 1
Pkt 58 192 0.302083 1
Pkt 30 100 0.3 1
Node 26 29 31.8904
Pkt 144 480 0.3 1
Pkt 113 375 0.301333 1
Node 42 60 12.8062
Pkt 240 800 0.3 1
Pkt 225 750 0.3 1
Node 51 63 13.0384
Pkt 30 100 0.3 1
Pkt 38 125 0.304 1
Node 71 47 21.2132
Pkt 144 480 0.3 1
Pkt 120 400 0.3 1
Node 40 35 18.0278
Pkt 225 750 0.3 1
Pkt 225 750 0.3 1
Node 39 45 12.083
Pkt 58 192 0.302083 1
Pkt 75 250 0.3 1
Rate:601.357
==========
==========93
7 0 2 24000
Node 40 60 14.1421
Pkt 72 240 0.3 1
Pkt 36 120 0.3 1
Node 62 63 17.6918
Pkt 144 480 0.3 1
Pkt 120 400 0.3 1
Node 48 38 12.1655
Pkt 240 800 0.3 1
Pkt 225 750 0.3 1
Node 54 25 25.318
Pkt 75 250 0.3 1
Pkt 48 160 0.3 1
Node 57 72 23.0868
Pkt 96 320 0.3 1
Pkt 96 320 0.3 1
Node 46 58 8.94427
Pkt 225 750 0.3 1
Pkt 240 800 0.3 1
Node 60 40 14.1421
Pkt 30 100 0.3 1
Pkt 60 200 0.3 1
Rate:600
==========
==========94
7 0 2 24000
Node 38 45 13
Pkt 45 150 0.3 1
Pkt 75 250 0.3 1
Node 61 70 22.8254
Pkt 90 300 0.3 1
Pkt 90 300 0.3 1
Node 28 56 22.8035
Pkt 225 750 0.3 1
Pkt 225 750 0.3 1
Node 54 36 14.5602
Pkt 38 125 0.304 1
Pkt 75 250 0.3 1
Node 70 41 21.9317
Pkt 120 400 0.3 1
Pkt 120 400 0.3 1
Node 33 56 18.0278
Pkt 240 800 0.3 1
Pkt 225 750 0.3 1
Node 59 27 24.6982
Pkt 30 100 0.3 1
Pkt 58 192 0.302083 1
Rate:600.869
==========
==========95
7 0 2 24000
Node 51 59 9.05539
Pkt 60 200 0.3 1
Pkt 60 200 0.3 1
Node 29 56 21.8403
Pkt 90 300 0.3 1
Pkt 90 300 0.3 1
Node 49 50 1
Pkt 240 800 0.3 1
Pkt 240 800 0.3 1
Node 65 65 21.2132
Pkt 58 192 0.302083 1
Pkt 36 120 0.3 1
Node 56 30 20.8806
Pkt 120 400 0.3 1
Pkt 90 300 0.3 1
Node 55 59 10.2956
Pkt 225 750 0.3 1
Pkt 225 750 0.3 1
Node 39 61 15.5563
Pkt 75 250 0.3 1
Pkt 60 200 0.3 1
Rate:600.298
==========
==========96
7 0 2 24000
Node 67 39 20.2485
Pkt 75 250 0.3 1
Pkt 36 120 0.3 1
Node 72 62 25.0599
Pkt 90 300 0.3 1
Pkt 113 375 0.301333 1
Node 38 27 25.9422
Pkt 240 800 0.3 1
Pkt 240 800 0.3 1
Node 30 68 26.9072
Pkt 72 240 0.3 1
Pkt 58 192 0.302083 1
Node 41 27 24.6982
Pkt 113 375 0.301333 1
Pkt 90 300 0.3 1
Node 53 44 6.7082
Pkt 240 800 0.3 1
Pkt 240 800 0.3 1
Node 52 25 25.0799
Pkt 75 250 0.3 1
Pkt 45 150 0.3 1
Rate:600.679
==========
==========97
7 0 2 24000
Node 56 46 7.2111
Pkt 30 100 0.3 1
Pkt 75 250 0.3 1
Node 55 52 5.38516
Pkt 144 480 0.3 1
Pkt 120 400 0.3 1
Node 25 71 32.6497
Pkt 225 750 0.3 1
Pkt 225 750 0.3 1
Node 30 70 28.2843
Pkt 60 200 0.3 1
Pkt 38 125 0.304 1
Node 66 33 23.3452
Pkt 96 320 0.3 1
Pkt 96 320 0.3 1
Node 41 61 14.2127
Pkt 225 750 0.3 1
Pkt 225 750 0.3 1
Node 66 56 17.088
Pkt 60 200 0.3 1
Pkt 36 120 0.3 1
Rate:600.571
==========
==========98
7 0 2 24000
Node 44 59 10.8167
Pkt 38 125 0.304 1
Pkt 48 160 0.3 1
Node 48 45 5.38516
Pkt 120 400 0.3 1
Pkt 144 480 0.3 1
Node 33 73 28.6007
Pkt 240 800 0.3 1
Pkt 225 750 0.3 1
Node 31 37 23.0217
Pkt 60 200 0.3 1
Pkt 72 240 0.3 1
Node 49 69 19.0263
Pkt 144 480 0.3 1
Pkt 144 480 0.3 1
Node 39 43 13.0384
Pkt 225 750 0.3 1
Pkt 240 800 0.3 1
Node 41 38 15
Pkt 30 100 0.3 1
Pkt 36 120 0.3 1
Rate:600.571
==========
==========99
