7 0 2 24000
Node 39 56 12.53
Pkt 48 120 0.4 1
Pkt 100 250 0.4 1
Node 54 60 10.7703
Pkt 160 400 0.4 1
Pkt 120 300 0.4 1
Node 59 58 12.0416
Pkt 300 750 0.4 1
Pkt 320 800 0.4 1
Node 72 50 22
Pkt 60 150 0.4 1
Pkt 80 200 0.4 1
Node 61 29 23.7065
Pkt 120 300 0.4 1
Pkt 150 375 0.4 1
Node 50 31 19
Pkt 320 800 0.4 1
Pkt 320 800 0.4 1
Node 48 44 6.32456
Pkt 100 250 0.4 1
Pkt 96 240 0.4 1
Rate:800
==========
==========0
7 0 2 24000
Node 61 61 15.5563
Pkt 96 240 0.4 1
Pkt 80 200 0.4 1
Node 53 74 24.1868
Pkt 192 480 0.4 1
Pkt 128 320 0.4 1
Node 53 55 5.83095
Pkt 320 800 0.4 1
Pkt 320 800 0.4 1
Node 63 44 14.3178
Pkt 96 240 0.4 1
Pkt 96 240 0.4 1
Node 31 56 19.9249
Pkt 128 320 0.4 1
Pkt 192 480 0.4 1
Node 41 63 15.8114
Pkt 300 750 0.4 1
Pkt 300 750 0.4 1
Node 54 63 13.6015
Pkt 100 250 0.4 1
Pkt 96 240 0.4 1
Rate:800
==========
==========1
7 0 2 24000
Node 64 64 19.799
Pkt 100 250 0.4 1
Pkt 100 250 0.4 1
Node 63 42 15.2643
Pkt 128 320 0.4 1
Pkt 120 300 0.4 1
Node 71 51 21.0238
Pkt 300 750 0.4 1
Pkt 320 800 0.4 1
Node 50 52 2
Pkt 48 120 0.4 1
Pkt 60 150 0.4 1
Node 72 63 25.5539
Pkt 160 400 0.4 1
Pkt 120 300 0.4 1
Node 56 61 12.53
Pkt 300 750 0.4 1
Pkt 320 800 0.4 1
Node 51 60 10.0499
Pkt 40 100 0.4 1
Pkt 60 150 0.4 1
Rate:800
==========
==========2
7 0 2 24000
Node 48 40 10.198
Pkt 80 200 0.4 1
Pkt 64 160 0.4 1
Node 48 25 25.0799
Pkt 150 375 0.4 1
Pkt 128 320 0.4 1
Node 48 30 20.0998
Pkt 300 750 0.4 1
Pkt 320 800 0.4 1
Node 46 31 19.4165
Pkt 80 200 0.4 1
Pkt 96 240 0.4 1
Node 53 49 3.16228
Pkt 120 300 0.4 1
Pkt 160 400 0.4 1
Node 62 54 12.6491
Pkt 320 800 0.4 1
Pkt 300 750 0.4 1
Node 27 59 24.6982
Pkt 48 120 0.4 1
Pkt 100 250 0.4 1
Rate:800
==========
==========3
7 0 2 24000
Node 25 38 27.7308
Pkt 40 100 0.4 1
Pkt 100 250 0.4 1
Node 25 58 26.2488
Pkt 120 300 0.4 1
Pkt 160 400 0.4 1
Node 69 47 19.2354
Pkt 320 800 0.4 1
Pkt 320 800 0.4 1
Node 28 38 25.0599
Pkt 40 100 0.4 1
Pkt 80 200 0.4 1
Node 66 62 20
Pkt 160 400 0.4 1
Pkt 150 375 0.4 1
Node 43 34 17.4642
Pkt 300 750 0.4 1
Pkt 300 750 0.4 1
Node 55 44 7.81025
Pkt 96 240 0.4 1
Pkt 80 200 0.4 1
Rate:800
==========
==========4
7 0 2 24000
Node 63 52 13.1529
Pkt 80 200 0.4 1
Pkt 50 125 0.4 1
Node 36 52 14.1421
Pkt 150 375 0.4 1
Pkt 192 480 0.4 1
Node 31 26 30.6105
Pkt 320 800 0.4 1
Pkt 320 800 0.4 1
Node 52 58 8.24621
Pkt 100 250 0.4 1
Pkt 80 200 0.4 1
Node 59 32 20.1246
Pkt 150 375 0.4 1
Pkt 160 400 0.4 1
Node 38 32 21.6333
Pkt 320 800 0.4 1
Pkt 320 800 0.4 1
Node 32 49 18.0278
Pkt 60 150 0.4 1
Pkt 50 125 0.4 1
Rate:800
==========
==========5
7 0 2 24000
Node 60 57 12.2066
Pkt 64 160 0.4 1
Pkt 40 100 0.4 1
Node 49 61 11.0454
Pkt 120 300 0.4 1
Pkt 150 375 0.4 1
Node 31 57 20.2485
Pkt 320 800 0.4 1
Pkt 300 750 0.4 1
Node 62 56 13.4164
Pkt 60 150 0.4 1
Pkt 80 200 0.4 1
Node 28 43 23.0868
Pkt 128 320 0.4 1
Pkt 128 320 0.4 1
Node 43 27 24.0416
Pkt 300 750 0.4 1
Pkt 300 750 0.4 1
Node 41 27 24.6982
Pkt 50 125 0.4 1
Pkt 60 150 0.4 1
Rate:800
==========
==========6
7 0 2 24000
Node 26 47 24.1868
Pkt 100 250 0.4 1
Pkt 40 100 0.4 1
Node 62 72 25.0599
Pkt 128 320 0.4 1
Pkt 192 480 0.4 1
Node 42 68 19.6977
Pkt 300 750 0.4 1
Pkt 300 750 0.4 1
Node 27 39 25.4951
Pkt 100 250 0.4 1
Pkt 100 250 0.4 1
Node 46 42 8.94427
Pkt 150 375 0.4 1
Pkt 128 320 0.4 1
Node 28 55 22.561
Pkt 300 750 0.4 1
Pkt 300 750 0.4 1
Node 30 51 20.025
Pkt 77 192 0.401042 1
Pkt 96 240 0.4 1
Rate:800.149
==========
==========7
7 0 2 24000
Node 31 74 30.6105
Pkt 100 250 0.4 1
Pkt 100 250 0.4 1
Node 51 26 24.0208
Pkt 120 300 0.4 1
Pkt 128 320 0.4 1
Node 34 30 25.6125
Pkt 300 750 0.4 1
Pkt 300 750 0.4 1
Node 74 46 24.3311
Pkt 60 150 0.4 1
Pkt 100 250 0.4 1
Node 25 62 27.7308
Pkt 160 400 0.4 1
Pkt 120 300 0.4 1
Node 59 39 14.2127
Pkt 320 800 0.4 1
Pkt 300 750 0.4 1
Node 32 68 25.4558
Pkt 48 120 0.4 1
Pkt 64 160 0.4 1
Rate:800
==========
==========8
7 0 2 24000
Node 63 58 15.2643
Pkt 77 192 0.401042 1
Pkt 96 240 0.4 1
Node 49 51 1.41421
Pkt 120 300 0.4 1
Pkt 120 300 0.4 1
Node 55 46 6.40312
Pkt 320 800 0.4 1
Pkt 320 800 0.4 1
Node 34 46 16.4924
Pkt 64 160 0.4 1
Pkt 48 120 0.4 1
Node 42 51 8.06226
Pkt 128 320 0.4 1
Pkt 192 480 0.4 1
Node 37 60 16.4012
Pkt 320 800 0.4 1
Pkt 300 750 0.4 1
Node 33 69 25.4951
Pkt 40 100 0.4 1
Pkt 77 192 0.401042 1
Rate:800.298
==========
==========9
7 0 2 24000
Node 25 37 28.178
Pkt 64 160 0.4 1
Pkt 100 250 0.4 1
Node 74 54 24.3311
Pkt 150 375 0.4 1
Pkt 160 400 0.4 1
Node 67 70 26.2488
Pkt 320 800 0.4 1
Pkt 300 750 0.4 1
Node 34 36 21.2603
Pkt 48 120 0.4 1
Pkt 96 240 0.4 1
Node 55 25 25.4951
Pkt 192 480 0.4 1
Pkt 160 400 0.4 1
Node 39 31 21.9545
Pkt 300 750 0.4 1
Pkt 320 800 0.4 1
Node 30 65 25
Pkt 40 100 0.4 1
Pkt 64 160 0.4 1
Rate:800
==========
==========10
7 0 2 24000
Node 40 36 17.2047
Pkt 50 125 0.4 1
Pkt 64 160 0.4 1
Node 45 69 19.6469
Pkt 160 400 0.4 1
Pkt 160 400 0.4 1
Node 37 35 19.8494
Pkt 300 750 0.4 1
Pkt 320 800 0.4 1
Node 27 46 23.3452
Pkt 50 125 0.4 1
Pkt 80 200 0.4 1
Node 45 64 14.8661
Pkt 160 400 0.4 1
Pkt 160 400 0.4 1
Node 45 71 21.587
Pkt 300 750 0.4 1
Pkt 300 750 0.4 1
Node 42 63 15.2643
Pkt 100 250 0.4 1
Pkt 48 120 0.4 1
Rate:800
==========
==========11
7 0 2 24000
Node 60 52 10.198
Pkt 80 200 0.4 1
Pkt 64 160 0.4 1
Node 58 45 9.43398
Pkt 150 375 0.4 1
Pkt 160 400 0.4 1
Node 26 70 31.241
Pkt 320 800 0.4 1
Pkt 320 800 0.4 1
Node 73 47 23.1948
Pkt 40 100 0.4 1
Pkt 48 120 0.4 1
Node 52 70 20.0998
Pkt 120 300 0.4 1
Pkt 128 320 0.4 1
Node 57 33 18.3848
Pkt 320 800 0.4 1
Pkt 300 750 0.4 1
Node 60 47 10.4403
Pkt 60 150 0.4 1
Pkt 96 240 0.4 1
Rate:800
==========
==========12
7 0 2 24000
Node 64 46 14.5602
Pkt 77 192 0.401042 1
Pkt 64 160 0.4 1
Node 66 67 23.3452
Pkt 128 320 0.4 1
Pkt 120 300 0.4 1
Node 47 30 20.2237
Pkt 300 750 0.4 1
Pkt 320 800 0.4 1
Node 52 61 11.1803
Pkt 96 240 0.4 1
Pkt 48 120 0.4 1
Node 29 68 27.6586
Pkt 192 480 0.4 1
Pkt 192 480 0.4 1
Node 66 69 24.8395
Pkt 300 750 0.4 1
Pkt 300 750 0.4 1
Node 69 42 20.6155
Pkt 64 160 0.4 1
Pkt 100 250 0.4 1
Rate:800.149
==========
==========13
7 0 2 24000
Node 31 49 19.0263
Pkt 50 125 0.4 1
Pkt 80 200 0.4 1
Node 41 25 26.5707
Pkt 150 375 0.4 1
Pkt 128 320 0.4 1
Node 31 56 19.9249
Pkt 300 750 0.4 1
Pkt 300 750 0.4 1
Node 34 63 20.6155
Pkt 100 250 0.4 1
Pkt 60 150 0.4 1
Node 54 70 20.3961
Pkt 160 400 0.4 1
Pkt 120 300 0.4 1
Node 63 74 27.2947
Pkt 320 800 0.4 1
Pkt 300 750 0.4 1
Node 32 49 18.0278
Pkt 77 192 0.401042 1
Pkt 40 100 0.4 1
Rate:800.149
==========
==========14
7 0 2 24000
Node 26 29 31.8904
Pkt 50 125 0.4 1
Pkt 80 200 0.4 1
Node 44 41 10.8167
Pkt 120 300 0.4 1
Pkt 128 320 0.4 1
Node 45 30 20.6155
Pkt 300 750 0.4 1
Pkt 300 750 0.4 1
Node 59 42 12.0416
Pkt 60 150 0.4 1
Pkt 100 250 0.4 1
Node 69 44 19.9249
Pkt 128 320 0.4 1
Pkt 192 480 0.4 1
Node 45 30 20.6155
Pkt 300 750 0.4 1
Pkt 300 750 0.4 1
Node 41 55 10.2956
Pkt 48 120 0.4 1
Pkt 77 192 0.401042 1
Rate:800.149
==========
==========15
7 0 2 24000
Node 44 33 18.0278
Pkt 100 250 0.4 1
Pkt 77 192 0.401042 1
Node 66 47 16.2788
Pkt 150 375 0.4 1
Pkt 120 300 0.4 1
Node 63 48 13.1529
Pkt 320 800 0.4 1
Pkt 300 750 0.4 1
Node 35 35 21.2132
Pkt 100 250 0.4 1
Pkt 60 150 0.4 1
Node 69 64 23.6008
Pkt 120 300 0.4 1
Pkt 128 320 0.4 1
Node 68 57 19.3132
Pkt 320 800 0.4 1
Pkt 300 750 0.4 1
Node 52 36 14.1421
Pkt 96 240 0.4 1
Pkt 100 250 0.4 1
Rate:800.149
==========
==========16
7 0 2 24000
Node 26 31 30.6105
Pkt 64 160 0.4 1
Pkt 40 100 0.4 1
Node 35 68 23.4307
Pkt 160 400 0.4 1
Pkt 120 300 0.4 1
Node 66 29 26.4008
Pkt 300 750 0.4 1
Pkt 320 800 0.4 1
Node 32 37 22.2036
Pkt 96 240 0.4 1
Pkt 64 160 0.4 1
Node 39 25 27.313
Pkt 160 400 0.4 1
Pkt 128 320 0.4 1
Node 49 41 9.05539
Pkt 300 750 0.4 1
Pkt 300 750 0.4 1
Node 31 69 26.8701
Pkt 48 120 0.4 1
Pkt 50 125 0.4 1
Rate:800
==========
==========17
7 0 2 24000
Node 56 60 11.6619
Pkt 40 100 0.4 1
Pkt 64 160 0.4 1
Node 37 52 13.1529
Pkt 192 480 0.4 1
Pkt 120 300 0.4 1
Node 53 56 6.7082
Pkt 300 750 0.4 1
Pkt 320 800 0.4 1
Node 26 71 31.8904
Pkt 40 100 0.4 1
Pkt 64 160 0.4 1
Node 69 47 19.2354
Pkt 128 320 0.4 1
Pkt 160 400 0.4 1
Node 40 48 10.198
Pkt 300 750 0.4 1
Pkt 320 800 0.4 1
Node 48 74 24.0832
Pkt 77 192 0.401042 1
Pkt 77 192 0.401042 1
Rate:800.298
==========
==========18
7 0 2 24000
Node 59 54 9.84886
Pkt 100 250 0.4 1
Pkt 50 125 0.4 1
Node 32 38 21.6333
Pkt 160 400 0.4 1
Pkt 120 300 0.4 1
Node 73 64 26.9258
Pkt 300 750 0.4 1
Pkt 300 750 0.4 1
Node 49 29 21.0238
Pkt 50 125 0.4 1
Pkt 80 200 0.4 1
Node 53 65 15.2971
Pkt 192 480 0.4 1
Pkt 150 375 0.4 1
Node 62 65 19.2094
Pkt 300 750 0.4 1
Pkt 300 750 0.4 1
Node 42 59 12.0416
Pkt 77 192 0.401042 1
Pkt 40 100 0.4 1
Rate:800.149
==========
==========19
7 0 2 24000
Node 40 62 15.6205
Pkt 64 160 0.4 1
Pkt 64 160 0.4 1
Node 36 48 14.1421
Pkt 128 320 0.4 1
Pkt 192 480 0.4 1
Node 62 32 21.6333
Pkt 320 800 0.4 1
Pkt 300 750 0.4 1
Node 45 38 13
Pkt 60 150 0.4 1
Pkt 60 150 0.4 1
Node 25 29 32.6497
Pkt 150 375 0.4 1
Pkt 192 480 0.4 1
Node 30 30 28.2843
Pkt 320 800 0.4 1
Pkt 320 800 0.4 1
Node 57 27 24.0416
Pkt 80 200 0.4 1
Pkt 100 250 0.4 1
Rate:800
==========
==========20
7 0 2 24000
Node 64 73 26.9258
Pkt 100 250 0.4 1
Pkt 100 250 0.4 1
Node 26 40 26
Pkt 120 300 0.4 1
Pkt 192 480 0.4 1
Node 62 26 26.8328
Pkt 320 800 0.4 1
Pkt 300 750 0.4 1
Node 57 37 14.7648
Pkt 50 125 0.4 1
Pkt 100 250 0.4 1
Node 29 63 24.6982
Pkt 160 400 0.4 1
Pkt 128 320 0.4 1
Node 45 39 12.083
Pkt 300 750 0.4 1
Pkt 300 750 0.4 1
Node 39 36 17.8045
Pkt 77 192 0.401042 1
Pkt 60 150 0.4 1
Rate:800.149
==========
==========21
7 0 2 24000
Node 30 47 20.2237
Pkt 48 120 0.4 1
Pkt 96 240 0.4 1
Node 59 27 24.6982
Pkt 150 375 0.4 1
Pkt 128 320 0.4 1
Node 30 63 23.8537
Pkt 300 750 0.4 1
Pkt 300 750 0.4 1
Node 51 27 23.0217
Pkt 96 240 0.4 1
Pkt 40 100 0.4 1
Node 28 64 26.0768
Pkt 192 480 0.4 1
Pkt 192 480 0.4 1
Node 58 47 8.544
Pkt 320 800 0.4 1
Pkt 300 750 0.4 1
Node 60 48 10.198
Pkt 64 160 0.4 1
Pkt 48 120 0.4 1
Rate:800
==========
==========22
7 0 2 24000
Node 72 32 28.4253
Pkt 77 192 0.401042 1
Pkt 80 200 0.4 1
Node 46 55 6.40312
Pkt 160 400 0.4 1
Pkt 150 375 0.4 1
Node 42 25 26.2488
Pkt 300 750 0.4 1
Pkt 320 800 0.4 1
Node 51 35 15.0333
Pkt 100 250 0.4 1
Pkt 64 160 0.4 1
Node 56 50 6
Pkt 128 320 0.4 1
Pkt 128 320 0.4 1
Node 40 43 12.2066
Pkt 300 750 0.4 1
Pkt 320 800 0.4 1
Node 49 54 4.12311
Pkt 60 150 0.4 1
Pkt 60 150 0.4 1
Rate:800.149
==========
==========23
7 0 2 24000
Node 41 47 9.48683
Pkt 60 150 0.4 1
Pkt 96 240 0.4 1
Node 60 46 10.7703
Pkt 128 320 0.4 1
Pkt 128 320 0.4 1
Node 45 69 19.6469
Pkt 300 750 0.4 1
Pkt 320 800 0.4 1
Node 27 41 24.6982
Pkt 80 200 0.4 1
Pkt 48 120 0.4 1
Node 45 29 21.587
Pkt 120 300 0.4 1
Pkt 120 300 0.4 1
Node 47 56 6.7082
Pkt 320 800 0.4 1
Pkt 320 800 0.4 1
Node 51 54 4.12311
Pkt 96 240 0.4 1
Pkt 77 192 0.401042 1
Rate:800.149
==========
==========24
7 0 2 24000
Node 33 25 30.2324
Pkt 80 200 0.4 1
Pkt 100 250 0.4 1
Node 42 39 13.6015
Pkt 120 300 0.4 1
Pkt 150 375 0.4 1
Node 51 45 5.09902
Pkt 320 800 0.4 1
Pkt 320 800 0.4 1
Node 43 38 13.8924
Pkt 40 100 0.4 1
Pkt 100 250 0.4 1
Node 47 53 4.24264
Pkt 160 400 0.4 1
Pkt 120 300 0.4 1
Node 33 37 21.4009
Pkt 320 800 0.4 1
Pkt 320 800 0.4 1
Node 38 47 12.3693
Pkt 77 192 0.401042 1
Pkt 64 160 0.4 1
Rate:800.149
==========
==========25
7 0 2 24000
Node 58 37 15.2643
Pkt 80 200 0.4 1
Pkt 100 250 0.4 1
Node 39 54 11.7047
Pkt 120 300 0.4 1
Pkt 150 375 0.4 1
Node 38 72 25.0599
Pkt 320 800 0.4 1
Pkt 300 750 0.4 1
Node 66 67 23.3452
Pkt 77 192 0.401042 1
Pkt 40 100 0.4 1
Node 59 26 25.632
Pkt 128 320 0.4 1
Pkt 120 300 0.4 1
Node 31 31 26.8701
Pkt 320 800 0.4 1
Pkt 320 800 0.4 1
Node 48 31 19.105
Pkt 77 192 0.401042 1
Pkt 48 120 0.4 1
Rate:800.298
==========
==========26
7 0 2 24000
Node 40 39 14.8661
Pkt 77 192 0.401042 1
Pkt 80 200 0.4 1
Node 50 47 3
Pkt 128 320 0.4 1
Pkt 120 300 0.4 1
Node 40 27 25.0799
Pkt 300 750 0.4 1
Pkt 300 750 0.4 1
Node 69 68 26.1725
Pkt 96 240 0.4 1
Pkt 48 120 0.4 1
Node 44 44 8.48528
Pkt 160 400 0.4 1
Pkt 120 300 0.4 1
Node 28 71 30.4138
Pkt 300 750 0.4 1
Pkt 300 750 0.4 1
Node 44 58 10
Pkt 60 150 0.4 1
Pkt 96 240 0.4 1
Rate:800.149
==========
==========27
7 0 2 24000
Node 70 65 25
Pkt 100 250 0.4 1
Pkt 40 100 0.4 1
Node 45 67 17.72
Pkt 150 375 0.4 1
Pkt 120 300 0.4 1
Node 39 27 25.4951
Pkt 320 800 0.4 1
Pkt 320 800 0.4 1
Node 35 66 21.9317
Pkt 48 120 0.4 1
Pkt 40 100 0.4 1
Node 65 53 15.2971
Pkt 192 480 0.4 1
Pkt 120 300 0.4 1
Node 67 62 20.8087
Pkt 320 800 0.4 1
Pkt 320 800 0.4 1
Node 29 36 25.2389
Pkt 48 120 0.4 1
Pkt 40 100 0.4 1
Rate:800
==========
==========28
7 0 2 24000
Node 27 72 31.8277
Pkt 64 160 0.4 1
Pkt 100 250 0.4 1
Node 61 55 12.083
Pkt 150 375 0.4 1
Pkt 160 400 0.4 1
Node 52 36 14.1421
Pkt 300 750 0.4 1
Pkt 300 750 0.4 1
Node 46 50 4
Pkt 50 125 0.4 1
Pkt 100 250 0.4 1
Node 73 34 28.0179
Pkt 120 300 0.4 1
Pkt 160 400 0.4 1
Node 64 50 14
Pkt 320 800 0.4 1
Pkt 300 750 0.4 1
Node 38 73 25.9422
Pkt 100 250 0.4 1
Pkt 40 100 0.4 1
Rate:800
==========
==========29
7 0 2 24000
Node 34 52 16.1245
Pkt 60 150 0.4 1
Pkt 64 160 0.4 1
Node 39 37 17.0294
Pkt 160 400 0.4 1
Pkt 160 400 0.4 1
Node 57 42 10.6301
Pkt 300 750 0.4 1
Pkt 320 800 0.4 1
Node 59 36 16.6433
Pkt 96 240 0.4 1
Pkt 80 200 0.4 1
Node 54 41 9.84886
Pkt 128 320 0.4 1
Pkt 160 400 0.4 1
Node 54 38 12.6491
Pkt 320 800 0.4 1
Pkt 320 800 0.4 1
Node 59 41 12.7279
Pkt 48 120 0.4 1
Pkt 100 250 0.4 1
Rate:800
==========
==========30
7 0 2 24000
Node 39 27 25.4951
Pkt 50 125 0.4 1
Pkt 80 200 0.4 1
Node 50 40 10
Pkt 120 300 0.4 1
Pkt 150 375 0.4 1
Node 40 53 10.4403
Pkt 300 750 0.4 1
Pkt 300 750 0.4 1
Node 59 68 20.1246
Pkt 40 100 0.4 1
Pkt 80 200 0.4 1
Node 65 71 25.807
Pkt 160 400 0.4 1
Pkt 192 480 0.4 1
Node 31 60 21.4709
Pkt 300 750 0.4 1
Pkt 300 750 0.4 1
Node 66 49 16.0312
Pkt 40 100 0.4 1
Pkt 48 120 0.4 1
Rate:800
==========
==========31
7 0 2 24000
Node 39 40 14.8661
Pkt 80 200 0.4 1
Pkt 60 150 0.4 1
Node 53 36 14.3178
Pkt 128 320 0.4 1
Pkt 128 320 0.4 1
Node 73 41 24.6982
Pkt 300 750 0.4 1
Pkt 320 800 0.4 1
Node 71 50 21
Pkt 77 192 0.401042 1
Pkt 100 250 0.4 1
Node 55 56 7.81025
Pkt 192 480 0.4 1
Pkt 120 300 0.4 1
Node 35 46 15.5242
Pkt 300 750 0.4 1
Pkt 320 800 0.4 1
Node 25 35 29.1548
Pkt 64 160 0.4 1
Pkt 60 150 0.4 1
Rate:800.149
==========
==========32
7 0 2 24000
Node 32 39 21.095
Pkt 100 250 0.4 1
Pkt 50 125 0.4 1
Node 42 65 17
Pkt 128 320 0.4 1
Pkt 128 320 0.4 1
Node 32 49 18.0278
Pkt 300 750 0.4 1
Pkt 320 800 0.4 1
Node 66 36 21.2603
Pkt 60 150 0.4 1
Pkt 77 192 0.401042 1
Node 67 65 22.6716
Pkt 120 300 0.4 1
Pkt 120 300 0.4 1
Node 44 74 24.7386
Pkt 300 750 0.4 1
Pkt 300 750 0.4 1
Node 74 30 31.241
Pkt 64 160 0.4 1
Pkt 100 250 0.4 1
Rate:800.149
==========
==========33
7 0 2 24000
Node 46 68 18.4391
Pkt 80 200 0.4 1
Pkt 77 192 0.401042 1
Node 40 72 24.1661
Pkt 150 375 0.4 1
Pkt 120 300 0.4 1
Node 72 68 28.4253
Pkt 300 750 0.4 1
Pkt 320 800 0.4 1
Node 37 53 13.3417
Pkt 64 160 0.4 1
Pkt 40 100 0.4 1
Node 72 64 26.0768
Pkt 192 480 0.4 1
Pkt 128 320 0.4 1
Node 40 54 10.7703
Pkt 300 750 0.4 1
Pkt 300 750 0.4 1
Node 34 71 26.4008
Pkt 96 240 0.4 1
Pkt 64 160 0.4 1
Rate:800.149
==========
==========34
7 0 2 24000
Node 69 59 21.0238
Pkt 40 100 0.4 1
Pkt 100 250 0.4 1
Node 54 41 9.84886
Pkt 150 375 0.4 1
Pkt 120 300 0.4 1
Node 54 69 19.4165
Pkt 300 750 0.4 1
Pkt 320 800 0.4 1
Node 46 28 22.3607
Pkt 100 250 0.4 1
Pkt 80 200 0.4 1
Node 53 68 18.2483
Pkt 120 300 0.4 1
Pkt 192 480 0.4 1
Node 63 60 16.4012
Pkt 320 800 0.4 1
Pkt 320 800 0.4 1
Node 35 52 15.1327
Pkt 48 120 0.4 1
Pkt 48 120 0.4 1
Rate:800
==========
==========35
7 0 2 24000
Node 47 40 10.4403
Pkt 60 150 0.4 1
Pkt 50 125 0.4 1
Node 74 54 24.3311
Pkt 128 320 0.4 1
Pkt 192 480 0.4 1
Node 62 69 22.4722
Pkt 300 750 0.4 1
Pkt 300 750 0.4 1
Node 46 70 20.3961
Pkt 100 250 0.4 1
Pkt 40 100 0.4 1
Node 35 65 21.2132
Pkt 192 480 0.4 1
Pkt 120 300 0.4 1
Node 46 68 18.4391
Pkt 300 750 0.4 1
Pkt 320 800 0.4 1
Node 52 28 22.0907
Pkt 48 120 0.4 1
Pkt 77 192 0.401042 1
Rate:800.149
==========
==========36
7 0 2 24000
Node 51 51 1.41421
Pkt 60 150 0.4 1
Pkt 100 250 0.4 1
Node 31 35 24.2074
Pkt 150 375 0.4 1
Pkt 150 375 0.4 1
Node 38 54 12.6491
Pkt 300 750 0.4 1
Pkt 300 750 0.4 1
Node 27 57 24.0416
Pkt 80 200 0.4 1
Pkt 77 192 0.401042 1
Node 45 72 22.561
Pkt 120 300 0.4 1
Pkt 128 320 0.4 1
Node 39 27 25.4951
Pkt 320 800 0.4 1
Pkt 300 750 0.4 1
Node 59 30 21.9317
Pkt 64 160 0.4 1
Pkt 64 160 0.4 1
Rate:800.149
==========
==========37
7 0 2 24000
Node 26 44 24.7386
Pkt 100 250 0.4 1
Pkt 60 150 0.4 1
Node 68 44 18.9737
Pkt 128 320 0.4 1
Pkt 120 300 0.4 1
Node 47 39 11.4018
Pkt 300 750 0.4 1
Pkt 300 750 0.4 1
Node 47 33 17.2627
Pkt 40 100 0.4 1
Pkt 48 120 0.4 1
Node 26 41 25.632
Pkt 192 480 0.4 1
Pkt 150 375 0.4 1
Node 67 45 17.72
Pkt 320 800 0.4 1
Pkt 320 800 0.4 1
Node 28 63 25.5539
Pkt 50 125 0.4 1
Pkt 64 160 0.4 1
Rate:800
==========
==========38
7 0 2 24000
Node 56 34 17.088
Pkt 60 150 0.4 1
Pkt 80 200 0.4 1
Node 25 71 32.6497
Pkt 128 320 0.4 1
Pkt 128 320 0.4 1
Node 26 54 24.3311
Pkt 320 800 0.4 1
Pkt 320 800 0.4 1
Node 70 38 23.3238
Pkt 64 160 0.4 1
Pkt 100 250 0.4 1
Node 66 35 21.9317
Pkt 128 320 0.4 1
Pkt 160 400 0.4 1
Node 59 52 9.21954
Pkt 300 750 0.4 1
Pkt 300 750 0.4 1
Node 68 49 18.0278
Pkt 80 200 0.4 1
Pkt 48 120 0.4 1
Rate:800
==========
==========39
7 0 2 24000
Node 34 33 23.3452
Pkt 40 100 0.4 1
Pkt 100 250 0.4 1
Node 50 67 17
Pkt 128 320 0.4 1
Pkt 120 300 0.4 1
Node 53 63 13.3417
Pkt 320 800 0.4 1
Pkt 300 750 0.4 1
Node 70 65 25
Pkt 77 192 0.401042 1
Pkt 80 200 0.4 1
Node 34 39 19.4165
Pkt 192 480 0.4 1
Pkt 160 400 0.4 1
Node 50 30 20
Pkt 300 750 0.4 1
Pkt 300 750 0.4 1
Node 31 37 23.0217
Pkt 80 200 0.4 1
Pkt 96 240 0.4 1
Rate:800.149
==========
==========40
7 0 2 24000
Node 27 54 23.3452
Pkt 40 100 0.4 1
Pkt 50 125 0.4 1
Node 28 59 23.7697
Pkt 192 480 0.4 1
Pkt 128 320 0.4 1
Node 64 30 24.4131
Pkt 300 750 0.4 1
Pkt 300 750 0.4 1
Node 56 55 7.81025
Pkt 60 150 0.4 1
Pkt 50 125 0.4 1
Node 57 65 16.5529
Pkt 192 480 0.4 1
Pkt 128 320 0.4 1
Node 65 31 24.2074
Pkt 320 800 0.4 1
Pkt 300 750 0.4 1
Node 26 46 24.3311
Pkt 50 125 0.4 1
Pkt 60 150 0.4 1
Rate:800
==========
==========41
7 0 2 24000
Node 71 71 29.6985
Pkt 64 160 0.4 1
Pkt 64 160 0.4 1
Node 44 65 16.1555
Pkt 128 320 0.4 1
Pkt 192 480 0.4 1
Node 72 67 27.8029
Pkt 320 800 0.4 1
Pkt 300 750 0.4 1
Node 72 33 27.8029
Pkt 77 192 0.401042 1
Pkt 48 120 0.4 1
Node 29 58 22.4722
Pkt 128 320 0.4 1
Pkt 192 480 0.4 1
Node 42 36 16.1245
Pkt 320 800 0.4 1
Pkt 320 800 0.4 1
Node 42 59 12.0416
Pkt 40 100 0.4 1
Pkt 60 150 0.4 1
Rate:800.149
==========
==========42
7 0 2 24000
Node 28 34 27.2029
Pkt 77 192 0.401042 1
Pkt 48 120 0.4 1
Node 31 58 20.6155
Pkt 128 320 0.4 1
Pkt 160 400 0.4 1
Node 46 53 5
Pkt 320 800 0.4 1
Pkt 320 800 0.4 1
Node 45 72 22.561
Pkt 50 125 0.4 1
Pkt 77 192 0.401042 1
Node 65 46 15.5242
Pkt 160 400 0.4 1
Pkt 150 375 0.4 1
Node 42 46 8.94427
Pkt 300 750 0.4 1
Pkt 300 750 0.4 1
Node 41 53 9.48683
Pkt 60 150 0.4 1
Pkt 80 200 0.4 1
Rate:800.298
==========
==========43
7 0 2 24000
Node 65 68 23.4307
Pkt 100 250 0.4 1
Pkt 80 200 0.4 1
Node 74 59 25.632
Pkt 128 320 0.4 1
Pkt 150 375 0.4 1
Node 33 43 18.3848
Pkt 300 750 0.4 1
Pkt 320 800 0.4 1
Node 59 61 14.2127
Pkt 80 200 0.4 1
Pkt 64 160 0.4 1
Node 52 35 15.1327
Pkt 150 375 0.4 1
Pkt 150 375 0.4 1
Node 36 43 15.6525
Pkt 300 750 0.4 1
Pkt 320 800 0.4 1
Node 35 56 16.1555
Pkt 96 240 0.4 1
Pkt 77 192 0.401042 1
Rate:800.149
==========
==========44
7 0 2 24000
Node 34 57 17.4642
Pkt 50 125 0.4 1
Pkt 80 200 0.4 1
Node 30 28 29.7321
Pkt 160 400 0.4 1
Pkt 128 320 0.4 1
Node 61 33 20.2485
Pkt 320 800 0.4 1
Pkt 300 750 0.4 1
Node 41 62 15
Pkt 100 250 0.4 1
Pkt 64 160 0.4 1
Node 61 60 14.8661
Pkt 150 375 0.4 1
Pkt 120 300 0.4 1
Node 56 25 25.7099
Pkt 320 800 0.4 1
Pkt 300 750 0.4 1
Node 67 44 18.0278
Pkt 40 100 0.4 1
Pkt 100 250 0.4 1
Rate:800
==========
==========45
7 0 2 24000
Node 48 57 7.28011
Pkt 80 200 0.4 1
Pkt 77 192 0.401042 1
Node 40 49 10.0499
Pkt 120 300 0.4 1
Pkt 120 300 0.4 1
Node 33 54 17.4642
Pkt 300 750 0.4 1
Pkt 320 800 0.4 1
Node 32 66 24.0832
Pkt 64 160 0.4 1
Pkt 96 240 0.4 1
Node 35 47 15.2971
Pkt 192 480 0.4 1
Pkt 120 300 0.4 1
Node 52 51 2.23607
Pkt 300 750 0.4 1
Pkt 300 750 0.4 1
Node 41 43 11.4018
Pkt 50 125 0.4 1
Pkt 100 250 0.4 1
Rate:800.149
==========
==========46
7 0 2 24000
Node 25 48 25.0799
Pkt 100 250 0.4 1
Pkt 77 192 0.401042 1
Node 35 30 25
Pkt 192 480 0.4 1
Pkt 160 400 0.4 1
Node 54 73 23.3452
Pkt 300 750 0.4 1
Pkt 300 750 0.4 1
Node 60 40 14.1421
Pkt 80 200 0.4 1
Pkt 40 100 0.4 1
Node 64 49 14.0357
Pkt 192 480 0.4 1
Pkt 150 375 0.4 1
Node 32 65 23.4307
Pkt 300 750 0.4 1
Pkt 300 750 0.4 1
Node 51 55 5.09902
Pkt 80 200 0.4 1
Pkt 60 150 0.4 1
Rate:800.149
==========
==========47
7 0 2 24000
Node 38 26 26.8328
Pkt 77 192 0.401042 1
Pkt 64 160 0.4 1
Node 43 29 22.1359
Pkt 160 400 0.4 1
Pkt 128 320 0.4 1
Node 67 72 27.8029
Pkt 300 750 0.4 1
Pkt 320 800 0.4 1
Node 59 74 25.632
Pkt 64 160 0.4 1
Pkt 50 125 0.4 1
Node 71 49 21.0238
Pkt 150 375 0.4 1
Pkt 192 480 0.4 1
Node 70 49 20.025
Pkt 320 800 0.4 1
Pkt 320 800 0.4 1
Node 28 35 26.6271
Pkt 64 160 0.4 1
Pkt 40 100 0.4 1
Rate:800.149
==========
==========48
7 0 2 24000
Node 38 72 25.0599
Pkt 80 200 0.4 1
Pkt 48 120 0.4 1
Node 56 67 18.0278
Pkt 120 300 0.4 1
Pkt 160 400 0.4 1
Node 29 38 24.1868
Pkt 300 750 0.4 1
Pkt 320 800 0.4 1
Node 26 40 26
Pkt 80 200 0.4 1
Pkt 64 160 0.4 1
Node 53 46 5
Pkt 160 400 0.4 1
Pkt 150 375 0.4 1
Node 61 55 12.083
Pkt 300 750 0.4 1
Pkt 300 750 0.4 1
Node 36 34 21.2603
Pkt 96 240 0.4 1
Pkt 100 250 0.4 1
Rate:800
==========
==========49
7 0 2 24000
Node 34 74 28.8444
Pkt 96 240 0.4 1
Pkt 96 240 0.4 1
Node 72 48 22.0907
Pkt 150 375 0.4 1
Pkt 120 300 0.4 1
Node 32 57 19.3132
Pkt 300 750 0.4 1
Pkt 320 800 0.4 1
Node 61 62 16.2788
Pkt 96 240 0.4 1
Pkt 40 100 0.4 1
Node 49 35 15.0333
Pkt 120 300 0.4 1
Pkt 160 400 0.4 1
Node 68 59 20.1246
Pkt 320 800 0.4 1
Pkt 300 750 0.4 1
Node 62 43 13.8924
Pkt 40 100 0.4 1
Pkt 64 160 0.4 1
Rate:800
==========
==========50
7 0 2 24000
Node 31 69 26.8701
Pkt 60 150 0.4 1
Pkt 64 160 0.4 1
Node 57 45 8.60233
Pkt 192 480 0.4 1
Pkt 128 320 0.4 1
Node 60 67 19.7231
Pkt 300 750 0.4 1
Pkt 320 800 0.4 1
Node 54 59 9.84886
Pkt 48 120 0.4 1
Pkt 60 150 0.4 1
Node 74 66 28.8444
Pkt 128 320 0.4 1
Pkt 128 320 0.4 1
Node 67 42 18.7883
Pkt 320 800 0.4 1
Pkt 320 800 0.4 1
Node 68 52 18.1108
Pkt 77 192 0.401042 1
Pkt 60 150 0.4 1
Rate:800.149
==========
==========51
7 0 2 24000
Node 67 36 22.0227
Pkt 50 125 0.4 1
Pkt 64 160 0.4 1
Node 26 56 24.7386
Pkt 120 300 0.4 1
Pkt 192 480 0.4 1
Node 68 26 30
Pkt 320 800 0.4 1
Pkt 300 750 0.4 1
Node 34 61 19.4165
Pkt 50 125 0.4 1
Pkt 48 120 0.4 1
Node 56 55 7.81025
Pkt 128 320 0.4 1
Pkt 120 300 0.4 1
Node 53 64 14.3178
Pkt 300 750 0.4 1
Pkt 300 750 0.4 1
Node 69 27 29.8329
Pkt 48 120 0.4 1
Pkt 60 150 0.4 1
Rate:800
==========
==========52
7 0 2 24000
Node 51 39 11.0454
Pkt 50 125 0.4 1
Pkt 60 150 0.4 1
Node 70 32 26.9072
Pkt 160 400 0.4 1
Pkt 150 375 0.4 1
Node 32 69 26.1725
Pkt 320 800 0.4 1
Pkt 300 750 0.4 1
Node 57 59 11.4018
Pkt 64 160 0.4 1
Pkt 60 150 0.4 1
Node 56 58 10
Pkt 192 480 0.4 1
Pkt 120 300 0.4 1
Node 56 50 6
Pkt 300 750 0.4 1
Pkt 320 800 0.4 1
Node 30 60 22.3607
Pkt 100 250 0.4 1
Pkt 50 125 0.4 1
Rate:800
==========
==========53
7 0 2 24000
Node 65 57 16.5529
Pkt 64 160 0.4 1
Pkt 64 160 0.4 1
Node 35 49 15.0333
Pkt 120 300 0.4 1
Pkt 160 400 0.4 1
Node 42 62 14.4222
Pkt 300 750 0.4 1
Pkt 320 800 0.4 1
Node 43 27 24.0416
Pkt 77 192 0.401042 1
Pkt 96 240 0.4 1
Node 48 50 2
Pkt 120 300 0.4 1
Pkt 160 400 0.4 1
Node 50 62 12
Pkt 300 750 0.4 1
Pkt 320 800 0.4 1
Node 43 39 13.0384
Pkt 96 240 0.4 1
Pkt 50 125 0.4 1
Rate:800.149
==========
==========54
7 0 2 24000
Node 64 61 17.8045
Pkt 60 150 0.4 1
Pkt 80 200 0.4 1
Node 61 36 17.8045
Pkt 150 375 0.4 1
Pkt 160 400 0.4 1
Node 51 45 5.09902
Pkt 320 800 0.4 1
Pkt 320 800 0.4 1
Node 68 41 20.1246
Pkt 77 192 0.401042 1
Pkt 50 125 0.4 1
Node 36 42 16.1245
Pkt 160 400 0.4 1
Pkt 192 480 0.4 1
Node 54 33 17.4642
Pkt 300 750 0.4 1
Pkt 300 750 0.4 1
Node 60 59 13.4536
Pkt 77 192 0.401042 1
Pkt 100 250 0.4 1
Rate:800.298
==========
==========55
7 0 2 24000
Node 66 34 22.6274
Pkt 50 125 0.4 1
Pkt 60 150 0.4 1
Node 36 49 14.0357
Pkt 120 300 0.4 1
Pkt 128 320 0.4 1
Node 51 32 18.0278
Pkt 320 800 0.4 1
Pkt 320 800 0.4 1
Node 30 52 20.0998
Pkt 80 200 0.4 1
Pkt 50 125 0.4 1
Node 49 54 4.12311
Pkt 150 375 0.4 1
Pkt 150 375 0.4 1
Node 60 50 10
Pkt 320 800 0.4 1
Pkt 320 800 0.4 1
Node 52 53 3.60555
Pkt 77 192 0.401042 1
Pkt 64 160 0.4 1
Rate:800.149
==========
==========56
7 0 2 24000
Node 32 31 26.1725
Pkt 50 125 0.4 1
Pkt 50 125 0.4 1
Node 60 61 14.8661
Pkt 160 400 0.4 1
Pkt 120 300 0.4 1
Node 72 30 29.7321
Pkt 300 750 0.4 1
Pkt 300 750 0.4 1
Node 62 63 17.6918
Pkt 100 250 0.4 1
Pkt 77 192 0.401042 1
Node 56 46 7.2111
Pkt 128 320 0.4 1
Pkt 150 375 0.4 1
Node 51 60 10.0499
Pkt 300 750 0.4 1
Pkt 300 750 0.4 1
Node 32 47 18.2483
Pkt 60 150 0.4 1
Pkt 60 150 0.4 1
Rate:800.149
==========
==========57
7 0 2 24000
Node 26 52 24.0832
Pkt 100 250 0.4 1
Pkt 80 200 0.4 1
Node 27 71 31.1448
Pkt 120 300 0.4 1
Pkt 160 400 0.4 1
Node 50 38 12
Pkt 320 800 0.4 1
Pkt 320 800 0.4 1
Node 72 72 31.1127
Pkt 77 192 0.401042 1
Pkt 77 192 0.401042 1
Node 64 63 19.105
Pkt 120 300 0.4 1
Pkt 150 375 0.4 1
Node 35 70 25
Pkt 320 800 0.4 1
Pkt 300 750 0.4 1
Node 68 39 21.095
Pkt 60 150 0.4 1
Pkt 60 150 0.4 1
Rate:800.298
==========
==========58
7 0 2 24000
Node 67 63 21.4009
Pkt 48 120 0.4 1
Pkt 80 200 0.4 1
Node 26 46 24.3311
Pkt 120 300 0.4 1
Pkt 150 375 0.4 1
Node 41 27 24.6982
Pkt 320 800 0.4 1
Pkt 320 800 0.4 1
Node 57 31 20.2485
Pkt 64 160 0.4 1
Pkt 48 120 0.4 1
Node 54 41 9.84886
Pkt 150 375 0.4 1
Pkt 128 320 0.4 1
Node 32 28 28.4253
Pkt 300 750 0.4 1
Pkt 320 800 0.4 1
Node 40 36 17.2047
Pkt 48 120 0.4 1
Pkt 48 120 0.4 1
Rate:800
==========
==========59
7 0 2 24000
Node 47 28 22.2036
Pkt 50 125 0.4 1
Pkt 50 125 0.4 1
Node 73 35 27.4591
Pkt 160 400 0.4 1
Pkt 192 480 0.4 1
Node 43 70 21.1896
Pkt 320 800 0.4 1
Pkt 320 800 0.4 1
Node 64 27 26.9258
Pkt 100 250 0.4 1
Pkt 77 192 0.401042 1
Node 35 32 23.4307
Pkt 160 400 0.4 1
Pkt 150 375 0.4 1
Node 55 63 13.9284
Pkt 300 750 0.4 1
Pkt 320 800 0.4 1
Node 25 47 25.1794
Pkt 80 200 0.4 1
Pkt 77 192 0.401042 1
Rate:800.298
==========
==========60
7 0 2 24000
Node 30 53 20.2237
Pkt 96 240 0.4 1
Pkt 40 100 0.4 1
Node 38 74 26.8328
Pkt 160 400 0.4 1
Pkt 120 300 0.4 1
Node 51 58 8.06226
Pkt 320 800 0.4 1
Pkt 320 800 0.4 1
Node 58 54 8.94427
Pkt 64 160 0.4 1
Pkt 96 240 0.4 1
Node 57 40 12.2066
Pkt 150 375 0.4 1
Pkt 192 480 0.4 1
Node 74 32 30
Pkt 300 750 0.4 1
Pkt 320 800 0.4 1
Node 35 50 15
Pkt 50 125 0.4 1
Pkt 80 200 0.4 1
Rate:800
==========
==========61
7 0 2 24000
Node 70 53 20.2237
Pkt 80 200 0.4 1
Pkt 100 250 0.4 1
Node 56 68 18.9737
Pkt 120 300 0.4 1
Pkt 120 300 0.4 1
Node 56 32 18.9737
Pkt 300 750 0.4 1
Pkt 320 800 0.4 1
Node 29 47 21.2132
Pkt 100 250 0.4 1
Pkt 48 120 0.4 1
Node 70 41 21.9317
Pkt 120 300 0.4 1
Pkt 128 320 0.4 1
Node 26 55 24.5153
Pkt 300 750 0.4 1
Pkt 300 750 0.4 1
Node 50 28 22
Pkt 48 120 0.4 1
Pkt 60 150 0.4 1
Rate:800
==========
==========62
7 0 2 24000
Node 72 30 29.7321
Pkt 60 150 0.4 1
Pkt 60 150 0.4 1
Node 30 70 28.2843
Pkt 128 320 0.4 1
Pkt 120 300 0.4 1
Node 67 61 20.2485
Pkt 300 750 0.4 1
Pkt 300 750 0.4 1
Node 29 58 22.4722
Pkt 48 120 0.4 1
Pkt 60 150 0.4 1
Node 33 26 29.4109
Pkt 160 400 0.4 1
Pkt 192 480 0.4 1
Node 30 34 25.6125
Pkt 300 750 0.4 1
Pkt 300 750 0.4 1
Node 73 74 33.2415
Pkt 40 100 0.4 1
Pkt 96 240 0.4 1
Rate:800
==========
==========63
7 0 2 24000
Node 40 60 14.1421
Pkt 60 150 0.4 1
Pkt 100 250 0.4 1
Node 33 31 25.4951
Pkt 120 300 0.4 1
Pkt 120 300 0.4 1
Node 27 64 26.9258
Pkt 300 750 0.4 1
Pkt 320 800 0.4 1
Node 42 34 17.8885
Pkt 60 150 0.4 1
Pkt 50 125 0.4 1
Node 27 25 33.9706
Pkt 192 480 0.4 1
Pkt 150 375 0.4 1
Node 27 64 26.9258
Pkt 300 750 0.4 1
Pkt 320 800 0.4 1
Node 60 41 13.4536
Pkt 50 125 0.4 1
Pkt 100 250 0.4 1
Rate:800
==========
==========64
7 0 2 24000
Node 62 69 22.4722
Pkt 60 150 0.4 1
Pkt 40 100 0.4 1
Node 62 54 12.6491
Pkt 128 320 0.4 1
Pkt 120 300 0.4 1
Node 65 41 17.4929
Pkt 300 750 0.4 1
Pkt 300 750 0.4 1
Node 60 31 21.4709
Pkt 48 120 0.4 1
Pkt 96 240 0.4 1
Node 44 34 17.088
Pkt 150 375 0.4 1
Pkt 120 300 0.4 1
Node 55 36 14.8661
Pkt 300 750 0.4 1
Pkt 300 750 0.4 1
Node 56 47 6.7082
Pkt 60 150 0.4 1
Pkt 60 150 0.4 1
Rate:800
==========
==========65
7 0 2 24000
Node 37 43 14.7648
Pkt 64 160 0.4 1
Pkt 60 150 0.4 1
Node 26 45 24.5153
Pkt 160 400 0.4 1
Pkt 128 320 0.4 1
Node 40 71 23.2594
Pkt 300 750 0.4 1
Pkt 300 750 0.4 1
Node 65 49 15.0333
Pkt 60 150 0.4 1
Pkt 64 160 0.4 1
Node 36 46 14.5602
Pkt 160 400 0.4 1
Pkt 150 375 0.4 1
Node 30 35 25
Pkt 300 750 0.4 1
Pkt 300 750 0.4 1
Node 43 25 25.9615
Pkt 60 150 0.4 1
Pkt 48 120 0.4 1
Rate:800
==========
==========66
7 0 2 24000
Node 51 54 4.12311
Pkt 80 200 0.4 1
Pkt 100 250 0.4 1
Node 45 50 5
Pkt 128 320 0.4 1
Pkt 150 375 0.4 1
Node 44 34 17.088
Pkt 300 750 0.4 1
Pkt 300 750 0.4 1
Node 50 46 4
Pkt 100 250 0.4 1
Pkt 100 250 0.4 1
Node 28 45 22.561
Pkt 150 375 0.4 1
Pkt 160 400 0.4 1
Node 52 56 6.32456
Pkt 320 800 0.4 1
Pkt 320 800 0.4 1
Node 29 33 27.0185
Pkt 40 100 0.4 1
Pkt 60 150 0.4 1
Rate:800
==========
==========67
7 0 2 24000
Node 65 36 20.5183
Pkt 100 250 0.4 1
Pkt 64 160 0.4 1
Node 49 30 20.025
Pkt 160 400 0.4 1
Pkt 120 300 0.4 1
Node 59 28 23.7697
Pkt 320 800 0.4 1
Pkt 300 750 0.4 1
Node 56 71 21.8403
Pkt 60 150 0.4 1
Pkt 80 200 0.4 1
Node 55 40 11.1803
Pkt 120 300 0.4 1
Pkt 120 300 0.4 1
Node 72 31 29.0689
Pkt 300 750 0.4 1
Pkt 320 800 0.4 1
Node 57 36 15.6525
Pkt 77 192 0.401042 1
Pkt 80 200 0.4 1
Rate:800.149
==========
==========68
7 0 2 24000
Node 60 34 18.868
Pkt 60 150 0.4 1
Pkt 77 192 0.401042 1
Node 29 63 24.6982
Pkt 192 480 0.4 1
Pkt 192 480 0.4 1
Node 66 33 23.3452
Pkt 300 750 0.4 1
Pkt 300 750 0.4 1
Node 34 60 18.868
Pkt 96 240 0.4 1
Pkt 64 160 0.4 1
Node 33 62 20.8087
Pkt 192 480 0.4 1
Pkt 160 400 0.4 1
Node 41 67 19.2354
Pkt 320 800 0.4 1
Pkt 320 800 0.4 1
Node 61 63 17.0294
Pkt 80 200 0.4 1
Pkt 100 250 0.4 1
Rate:800.149
==========
==========69
7 0 2 24000
Node 39 36 17.8045
Pkt 48 120 0.4 1
Pkt 77 192 0.401042 1
Node 25 25 35.3553
Pkt 160 400 0.4 1
Pkt 150 375 0.4 1
Node 44 64 15.2315
Pkt 320 800 0.4 1
Pkt 320 800 0.4 1
Node 29 51 21.0238
Pkt 96 240 0.4 1
Pkt 77 192 0.401042 1
Node 25 57 25.9615
Pkt 150 375 0.4 1
Pkt 128 320 0.4 1
Node 73 27 32.5269
Pkt 300 750 0.4 1
Pkt 300 750 0.4 1
Node 40 48 10.198
Pkt 50 125 0.4 1
Pkt 48 120 0.4 1
Rate:800.298
==========
==========70
7 0 2 24000
Node 36 40 17.2047
Pkt 100 250 0.4 1
Pkt 64 160 0.4 1
Node 32 57 19.3132
Pkt 160 400 0.4 1
Pkt 128 320 0.4 1
Node 35 50 15
Pkt 320 800 0.4 1
Pkt 320 800 0.4 1
Node 25 67 30.2324
Pkt 77 192 0.401042 1
Pkt 40 100 0.4 1
Node 73 50 23
Pkt 192 480 0.4 1
Pkt 120 300 0.4 1
Node 46 63 13.6015
Pkt 300 750 0.4 1
Pkt 300 750 0.4 1
Node 74 37 27.2947
Pkt 80 200 0.4 1
Pkt 64 160 0.4 1
Rate:800.149
==========
==========71
7 0 2 24000
Node 63 33 21.4009
Pkt 96 240 0.4 1
Pkt 60 150 0.4 1
Node 29 31 28.3196
Pkt 160 400 0.4 1
Pkt 160 400 0.4 1
Node 37 48 13.1529
Pkt 320 800 0.4 1
Pkt 320 800 0.4 1
Node 54 46 5.65685
Pkt 40 100 0.4 1
Pkt 50 125 0.4 1
Node 65 70 25
Pkt 128 320 0.4 1
Pkt 150 375 0.4 1
Node 38 31 22.4722
Pkt 320 800 0.4 1
Pkt 320 800 0.4 1
Node 37 40 16.4012
Pkt 48 120 0.4 1
Pkt 48 120 0.4 1
Rate:800
==========
==========72
7 0 2 24000
Node 63 71 24.6982
Pkt 96 240 0.4 1
Pkt 77 192 0.401042 1
Node 45 46 6.40312
Pkt 160 400 0.4 1
Pkt 120 300 0.4 1
Node 53 53 4.24264
Pkt 300 750 0.4 1
Pkt 320 800 0.4 1
Node 27 41 24.6982
Pkt 100 250 0.4 1
Pkt 48 120 0.4 1
Node 73 52 23.0868
Pkt 192 480 0.4 1
Pkt 192 480 0.4 1
Node 61 56 12.53
Pkt 320 800 0.4 1
Pkt 300 750 0.4 1
Node 27 36 26.9258
Pkt 50 125 0.4 1
Pkt 96 240 0.4 1
Rate:800.149
==========
==========73
7 0 2 24000
Node 66 39 19.4165
Pkt 64 160 0.4 1
Pkt 77 192 0.401042 1
Node 59 57 11.4018
Pkt 160 400 0.4 1
Pkt 120 300 0.4 1
Node 60 72 24.1661
Pkt 300 750 0.4 1
Pkt 300 750 0.4 1
Node 71 27 31.1448
Pkt 40 100 0.4 1
Pkt 80 200 0.4 1
Node 39 69 21.9545
Pkt 150 375 0.4 1
Pkt 128 320 0.4 1
Node 73 61 25.4951
Pkt 320 800 0.4 1
Pkt 300 750 0.4 1
Node 71 44 21.8403
Pkt 80 200 0.4 1
Pkt 64 160 0.4 1
Rate:800.149
==========
==========74
7 0 2 24000
Node 60 51 10.0499
Pkt 96 240 0.4 1
Pkt 48 120 0.4 1
Node 53 40 10.4403
Pkt 120 300 0.4 1
Pkt 128 320 0.4 1
Node 51 42 8.06226
Pkt 320 800 0.4 1
Pkt 320 800 0.4 1
Node 71 49 21.0238
Pkt 40 100 0.4 1
Pkt 50 125 0.4 1
Node 59 74 25.632
Pkt 120 300 0.4 1
Pkt 160 400 0.4 1
Node 60 49 10.0499
Pkt 320 800 0.4 1
Pkt 320 800 0.4 1
Node 44 69 19.9249
Pkt 60 150 0.4 1
Pkt 48 120 0.4 1
Rate:800
==========
==========75
7 0 2 24000
Node 40 60 14.1421
Pkt 40 100 0.4 1
Pkt 50 125 0.4 1
Node 65 72 26.6271
Pkt 192 480 0.4 1
Pkt 150 375 0.4 1
Node 69 35 24.2074
Pkt 300 750 0.4 1
Pkt 300 750 0.4 1
Node 41 33 19.2354
Pkt 80 200 0.4 1
Pkt 96 240 0.4 1
Node 51 35 15.0333
Pkt 150 375 0.4 1
Pkt 128 320 0.4 1
Node 32 45 18.6815
Pkt 300 750 0.4 1
Pkt 320 800 0.4 1
Node 36 54 14.5602
Pkt 60 150 0.4 1
Pkt 96 240 0.4 1
Rate:800
==========
==========76
7 0 2 24000
Node 58 49 8.06226
Pkt 50 125 0.4 1
Pkt 100 250 0.4 1
Node 72 63 25.5539
Pkt 120 300 0.4 1
Pkt 120 300 0.4 1
Node 61 35 18.6011
Pkt 300 750 0.4 1
Pkt 300 750 0.4 1
Node 72 29 30.4138
Pkt 96 240 0.4 1
Pkt 100 250 0.4 1
Node 42 48 8.24621
Pkt 160 400 0.4 1
Pkt 150 375 0.4 1
Node 68 68 25.4558
Pkt 320 800 0.4 1
Pkt 320 800 0.4 1
Node 40 45 11.1803
Pkt 40 100 0.4 1
Pkt 50 125 0.4 1
Rate:800
==========
==========77
7 0 2 24000
Node 65 69 24.2074
Pkt 80 200 0.4 1
Pkt 60 150 0.4 1
Node 54 43 8.06226
Pkt 160 400 0.4 1
Pkt 150 375 0.4 1
Node 62 66 20
Pkt 300 750 0.4 1
Pkt 300 750 0.4 1
Node 43 33 18.3848
Pkt 60 150 0.4 1
Pkt 48 120 0.4 1
Node 42 27 24.3516
Pkt 128 320 0.4 1
Pkt 120 300 0.4 1
Node 69 45 19.6469
Pkt 320 800 0.4 1
Pkt 300 750 0.4 1
Node 35 58 17
Pkt 64 160 0.4 1
Pkt 100 250 0.4 1
Rate:800
==========
==========78
7 0 2 24000
Node 27 30 30.4795
Pkt 60 150 0.4 1
Pkt 60 150 0.4 1
Node 54 70 20.3961
Pkt 128 320 0.4 1
Pkt 150 375 0.4 1
Node 72 49 22.0227
Pkt 300 750 0.4 1
Pkt 320 800 0.4 1
Node 42 64 16.1245
Pkt 100 250 0.4 1
Pkt 50 125 0.4 1
Node 71 67 27.0185
Pkt 150 375 0.4 1
Pkt 160 400 0.4 1
Node 52 57 7.28011
Pkt 320 800 0.4 1
Pkt 300 750 0.4 1
Node 40 35 18.0278
Pkt 48 120 0.4 1
Pkt 64 160 0.4 1
Rate:800
==========
==========79
7 0 2 24000
Node 28 27 31.8277
Pkt 77 192 0.401042 1
Pkt 100 250 0.4 1
Node 45 38 13
Pkt 192 480 0.4 1
Pkt 160 400 0.4 1
Node 44 66 17.088
Pkt 300 750 0.4 1
Pkt 300 750 0.4 1
Node 45 39 12.083
Pkt 96 240 0.4 1
Pkt 60 150 0.4 1
Node 69 61 21.9545
Pkt 160 400 0.4 1
Pkt 192 480 0.4 1
Node 68 49 18.0278
Pkt 300 750 0.4 1
Pkt 300 750 0.4 1
Node 63 54 13.6015
Pkt 80 200 0.4 1
Pkt 100 250 0.4 1
Rate:800.149
==========
==========80
7 0 2 24000
Node 35 43 16.5529
Pkt 48 120 0.4 1
Pkt 40 100 0.4 1
Node 34 26 28.8444
Pkt 120 300 0.4 1
Pkt 150 375 0.4 1
Node 26 36 27.7849
Pkt 320 800 0.4 1
Pkt 320 800 0.4 1
Node 39 74 26.4008
Pkt 96 240 0.4 1
Pkt 50 125 0.4 1
Node 59 57 11.4018
Pkt 120 300 0.4 1
Pkt 128 320 0.4 1
Node 52 70 20.0998
Pkt 320 800 0.4 1
Pkt 300 750 0.4 1
Node 65 71 25.807
Pkt 96 240 0.4 1
Pkt 77 192 0.401042 1
Rate:800.149
==========
==========81
7 0 2 24000
Node 57 60 12.2066
Pkt 77 192 0.401042 1
Pkt 48 120 0.4 1
Node 57 64 15.6525
Pkt 160 400 0.4 1
Pkt 150 375 0.4 1
Node 62 57 13.8924
Pkt 320 800 0.4 1
Pkt 320 800 0.4 1
Node 68 39 21.095
Pkt 100 250 0.4 1
Pkt 64 160 0.4 1
Node 68 44 18.9737
Pkt 192 480 0.4 1
Pkt 192 480 0.4 1
Node 51 33 17.0294
Pkt 320 800 0.4 1
Pkt 320 800 0.4 1
Node 30 64 24.4131
Pkt 60 150 0.4 1
Pkt 77 192 0.401042 1
Rate:800.298
==========
==========82
7 0 2 24000
Node 40 45 11.1803
Pkt 100 250 0.4 1
Pkt 77 192 0.401042 1
Node 72 47 22.2036
Pkt 192 480 0.4 1
Pkt 120 300 0.4 1
Node 42 68 19.6977
Pkt 320 800 0.4 1
Pkt 300 750 0.4 1
Node 63 53 13.3417
Pkt 77 192 0.401042 1
Pkt 96 240 0.4 1
Node 25 52 25.0799
Pkt 120 300 0.4 1
Pkt 120 300 0.4 1
Node 58 69 20.6155
Pkt 300 750 0.4 1
Pkt 300 750 0.4 1
Node 66 50 16
Pkt 48 120 0.4 1
Pkt 77 192 0.401042 1
Rate:800.446
==========
==========83
7 0 2 24000
Node 29 67 27.0185
Pkt 48 120 0.4 1
Pkt 60 150 0.4 1
Node 42 63 15.2643
Pkt 192 480 0.4 1
Pkt 150 375 0.4 1
Node 43 56 9.21954
Pkt 320 800 0.4 1
Pkt 320 800 0.4 1
Node 51 37 13.0384
Pkt 100 250 0.4 1
Pkt 50 125 0.4 1
Node 31 53 19.2354
Pkt 160 400 0.4 1
Pkt 192 480 0.4 1
Node 26 39 26.4008
Pkt 320 800 0.4 1
Pkt 300 750 0.4 1
Node 54 58 8.94427
Pkt 96 240 0.4 1
Pkt 100 250 0.4 1
Rate:800
==========
==========84
7 0 2 24000
Node 59 39 14.2127
Pkt 64 160 0.4 1
Pkt 80 200 0.4 1
Node 53 68 18.2483
Pkt 120 300 0.4 1
Pkt 120 300 0.4 1
Node 62 25 27.7308
Pkt 320 800 0.4 1
Pkt 320 800 0.4 1
Node 59 56 10.8167
Pkt 80 200 0.4 1
Pkt 60 150 0.4 1
Node 70 39 22.8254
Pkt 128 320 0.4 1
Pkt 128 320 0.4 1
Node 31 68 26.1725
Pkt 320 800 0.4 1
Pkt 300 750 0.4 1
Node 45 66 16.7631
Pkt 100 250 0.4 1
Pkt 100 250 0.4 1
Rate:800
==========
==========85
7 0 2 24000
Node 33 31 25.4951
Pkt 50 125 0.4 1
Pkt 50 125 0.4 1
Node 36 60 17.2047
Pkt 150 375 0.4 1
Pkt 150 375 0.4 1
Node 41 48 9.21954
Pkt 300 750 0.4 1
Pkt 320 800 0.4 1
Node 31 38 22.4722
Pkt 100 250 0.4 1
Pkt 96 240 0.4 1
Node 55 42 9.43398
Pkt 128 320 0.4 1
Pkt 128 320 0.4 1
Node 36 60 17.2047
Pkt 320 800 0.4 1
Pkt 320 800 0.4 1
Node 71 36 25.2389
Pkt 64 160 0.4 1
Pkt 96 240 0.4 1
Rate:800
==========
==========86
7 0 2 24000
Node 28 67 27.8029
Pkt 77 192 0.401042 1
Pkt 50 125 0.4 1
Node 68 36 22.8035
Pkt 150 375 0.4 1
Pkt 192 480 0.4 1
Node 53 33 17.2627
Pkt 300 750 0.4 1
Pkt 320 800 0.4 1
Node 59 50 9
Pkt 80 200 0.4 1
Pkt 77 192 0.401042 1
Node 49 69 19.0263
Pkt 128 320 0.4 1
Pkt 150 375 0.4 1
Node 41 72 23.7697
Pkt 320 800 0.4 1
Pkt 300 750 0.4 1
Node 36 46 14.5602
Pkt 48 120 0.4 1
Pkt 96 240 0.4 1
Rate:800.298
==========
==========87
7 0 2 24000
Node 25 56 25.7099
Pkt 40 100 0.4 1
Pkt 60 150 0.4 1
Node 51 45 5.09902
Pkt 160 400 0.4 1
Pkt 160 400 0.4 1
Node 32 67 24.7588
Pkt 320 800 0.4 1
Pkt 300 750 0.4 1
Node 72 54 22.3607
Pkt 96 240 0.4 1
Pkt 77 192 0.401042 1
Node 27 50 23
Pkt 160 400 0.4 1
Pkt 150 375 0.4 1
Node 28 44 22.8035
Pkt 320 800 0.4 1
Pkt 320 800 0.4 1
Node 55 34 16.7631
Pkt 80 200 0.4 1
Pkt 77 192 0.401042 1
Rate:800.298
==========
==========88
7 0 2 24000
Node 44 41 10.8167
Pkt 48 120 0.4 1
Pkt 80 200 0.4 1
Node 66 37 20.6155
Pkt 192 480 0.4 1
Pkt 120 300 0.4 1
Node 52 41 9.21954
Pkt 320 800 0.4 1
Pkt 300 750 0.4 1
Node 32 33 24.7588
Pkt 48 120 0.4 1
Pkt 60 150 0.4 1
Node 36 44 15.2315
Pkt 192 480 0.4 1
Pkt 160 400 0.4 1
Node 44 32 18.9737
Pkt 300 750 0.4 1
Pkt 320 800 0.4 1
Node 47 69 19.2354
Pkt 48 120 0.4 1
Pkt 64 160 0.4 1
Rate:800
==========
==========89
7 0 2 24000
Node 74 48 24.0832
Pkt 40 100 0.4 1
Pkt 50 125 0.4 1
Node 35 51 15.0333
Pkt 120 300 0.4 1
Pkt 160 400 0.4 1
Node 30 70 28.2843
Pkt 320 800 0.4 1
Pkt 320 800 0.4 1
Node 57 48 7.28011
Pkt 48 120 0.4 1
Pkt 80 200 0.4 1
Node 63 26 27.2947
Pkt 120 300 0.4 1
Pkt 160 400 0.4 1
Node 56 29 21.8403
Pkt 300 750 0.4 1
Pkt 300 750 0.4 1
Node 73 28 31.8277
Pkt 77 192 0.401042 1
Pkt 64 160 0.4 1
Rate:800.149
==========
==========90
7 0 2 24000
Node 25 40 26.9258
Pkt 50 125 0.4 1
Pkt 60 150 0.4 1
Node 34 72 27.2029
Pkt 128 320 0.4 1
Pkt 128 320 0.4 1
Node 29 73 31.1448
Pkt 300 750 0.4 1
Pkt 300 750 0.4 1
Node 73 61 25.4951
Pkt 80 200 0.4 1
Pkt 64 160 0.4 1
Node 60 29 23.2594
Pkt 160 400 0.4 1
Pkt 160 400 0.4 1
Node 74 62 26.8328
Pkt 320 800 0.4 1
Pkt 320 800 0.4 1
Node 73 39 25.4951
Pkt 48 120 0.4 1
Pkt 96 240 0.4 1
Rate:800
==========
==========91
7 0 2 24000
Node 60 41 13.4536
Pkt 100 250 0.4 1
Pkt 48 120 0.4 1
Node 53 40 10.4403
Pkt 120 300 0.4 1
Pkt 120 300 0.4 1
Node 66 28 27.2029
Pkt 320 800 0.4 1
Pkt 320 800 0.4 1
Node 45 27 23.5372
Pkt 100 250 0.4 1
Pkt 48 120 0.4 1
Node 45 37 13.9284
Pkt 160 400 0.4 1
Pkt 160 400 0.4 1
Node 35 58 17
Pkt 300 750 0.4 1
Pkt 300 750 0.4 1
Node 67 44 18.0278
Pkt 80 200 0.4 1
Pkt 60 150 0.4 1
Rate:800
==========
==========92
7 0 2 24000
Node 67 31 25.4951
Pkt 77 192 0.401042 1
Pkt 80 200 0.4 1
Node 44 59 10.8167
Pkt 120 300 0.4 1
Pkt 120 300 0.4 1
Node 35 48 15.1327
Pkt 320 800 0.4 1
Pkt 300 750 0.4 1
Node 68 52 18.1108
Pkt 64 160 0.4 1
Pkt 96 240 0.4 1
Node 65 28 26.6271
Pkt 160 400 0.4 1
Pkt 160 400 0.4 1
Node 46 42 8.94427
Pkt 300 750 0.4 1
Pkt 320 800 0.4 1
Node 38 54 12.6491
Pkt 100 250 0.4 1
Pkt 100 250 0.4 1
Rate:800.149
==========
==========93
7 0 2 24000
Node 71 65 25.807
Pkt 40 100 0.4 1
Pkt 48 120 0.4 1
Node 59 38 15
Pkt 192 480 0.4 1
Pkt 192 480 0.4 1
Node 25 25 35.3553
Pkt 320 800 0.4 1
Pkt 320 800 0.4 1
Node 62 72 25.0599
Pkt 77 192 0.401042 1
Pkt 48 120 0.4 1
Node 29 68 27.6586
Pkt 192 480 0.4 1
Pkt 192 480 0.4 1
Node 37 32 22.2036
Pkt 320 800 0.4 1
Pkt 320 800 0.4 1
Node 35 59 17.4929
Pkt 80 200 0.4 1
Pkt 100 250 0.4 1
Rate:800.149
==========
==========94
7 0 2 24000
Node 39 31 21.9545
Pkt 60 150 0.4 1
Pkt 40 100 0.4 1
Node 56 70 20.8806
Pkt 160 400 0.4 1
Pkt 150 375 0.4 1
Node 65 59 17.4929
Pkt 300 750 0.4 1
Pkt 320 800 0.4 1
Node 38 34 20
Pkt 80 200 0.4 1
Pkt 80 200 0.4 1
Node 72 32 28.4253
Pkt 160 400 0.4 1
Pkt 128 320 0.4 1
Node 40 46 10.7703
Pkt 300 750 0.4 1
Pkt 320 800 0.4 1
Node 59 54 9.84886
Pkt 77 192 0.401042 1
Pkt 64 160 0.4 1
Rate:800.149
==========
==========95
7 0 2 24000
Node 55 61 12.083
Pkt 40 100 0.4 1
Pkt 96 240 0.4 1
Node 58 44 10
Pkt 192 480 0.4 1
Pkt 120 300 0.4 1
Node 45 44 7.81025
Pkt 300 750 0.4 1
Pkt 300 750 0.4 1
Node 44 42 10
Pkt 96 240 0.4 1
Pkt 77 192 0.401042 1
Node 27 41 24.6982
Pkt 128 320 0.4 1
Pkt 128 320 0.4 1
Node 43 44 9.21954
Pkt 320 800 0.4 1
Pkt 300 750 0.4 1
Node 63 54 13.6015
Pkt 48 120 0.4 1
Pkt 50 125 0.4 1
Rate:800.149
==========
==========96
7 0 2 24000
Node 44 40 11.6619
Pkt 100 250 0.4 1
Pkt 96 240 0.4 1
Node 49 60 10.0499
Pkt 128 320 0.4 1
Pkt 160 400 0.4 1
Node 45 44 7.81025
Pkt 300 750 0.4 1
Pkt 320 800 0.4 1
Node 66 58 17.8885
Pkt 96 240 0.4 1
Pkt 40 100 0.4 1
Node 31 56 19.9249
Pkt 128 320 0.4 1
Pkt 192 480 0.4 1
Node 29 60 23.2594
Pkt 320 800 0.4 1
Pkt 300 750 0.4 1
Node 69 48 19.105
Pkt 64 160 0.4 1
Pkt 100 250 0.4 1
Rate:800
==========
==========97
7 0 2 24000
Node 67 62 20.8087
Pkt 96 240 0.4 1
Pkt 50 125 0.4 1
Node 54 73 23.3452
Pkt 128 320 0.4 1
Pkt 128 320 0.4 1
Node 61 66 19.4165
Pkt 300 750 0.4 1
Pkt 300 750 0.4 1
Node 58 73 24.3516
Pkt 50 125 0.4 1
Pkt 50 125 0.4 1
Node 50 30 20
Pkt 192 480 0.4 1
Pkt 160 400 0.4 1
Node 54 72 22.3607
Pkt 300 750 0.4 1
Pkt 300 750 0.4 1
Node 41 56 10.8167
Pkt 60 150 0.4 1
Pkt 64 160 0.4 1
Rate:800
==========
==========98
7 0 2 24000
Node 50 39 11
Pkt 80 200 0.4 1
Pkt 64 160 0.4 1
Node 66 68 24.0832
Pkt 150 375 0.4 1
Pkt 160 400 0.4 1
Node 37 70 23.8537
Pkt 300 750 0.4 1
Pkt 320 800 0.4 1
Node 42 53 8.544
Pkt 64 160 0.4 1
Pkt 50 125 0.4 1
Node 29 49 21.0238
Pkt 192 480 0.4 1
Pkt 120 300 0.4 1
Node 63 66 20.6155
Pkt 320 800 0.4 1
Pkt 320 800 0.4 1
Node 28 39 24.5967
Pkt 64 160 0.4 1
Pkt 96 240 0.4 1
Rate:800
==========
==========99
