7 0 2 24000
Node 62 39 16.2788
Pkt 56 120 0.466667 1
Pkt 115 250 0.46 1
Node 65 57 16.5529
Pkt 138 300 0.46 1
Pkt 138 300 0.46 1
Node 54 62 12.6491
Pkt 368 800 0.46 1
Pkt 368 800 0.46 1
Node 65 74 28.3019
Pkt 74 160 0.4625 1
Pkt 111 240 0.4625 1
Node 31 63 23.0217
Pkt 138 300 0.46 1
Pkt 148 320 0.4625 1
Node 45 53 5.83095
Pkt 345 750 0.46 1
Pkt 345 750 0.46 1
Node 46 43 8.06226
Pkt 58 125 0.464 1
Pkt 92 200 0.46 1
Rate:922.595
==========
==========0
7 0 2 24000
Node 41 38 15
Pkt 115 250 0.46 1
Pkt 111 240 0.4625 1
Node 26 60 26
Pkt 221 480 0.460417 1
Pkt 184 400 0.46 1
Node 36 61 17.8045
Pkt 368 800 0.46 1
Pkt 345 750 0.46 1
Node 67 51 17.0294
Pkt 111 240 0.4625 1
Pkt 46 100 0.46 1
Node 40 48 10.198
Pkt 173 375 0.461333 1
Pkt 221 480 0.460417 1
Node 70 32 26.9072
Pkt 345 750 0.46 1
Pkt 345 750 0.46 1
Node 25 40 26.9258
Pkt 92 200 0.46 1
Pkt 69 150 0.46 1
Rate:921.024
==========
==========1
7 0 2 24000
Node 60 38 15.6205
Pkt 111 240 0.4625 1
Pkt 74 160 0.4625 1
Node 30 42 21.5407
Pkt 138 300 0.46 1
Pkt 221 480 0.460417 1
Node 31 33 25.4951
Pkt 368 800 0.46 1
Pkt 345 750 0.46 1
Node 27 39 25.4951
Pkt 56 120 0.466667 1
Pkt 69 150 0.46 1
Node 25 32 30.8058
Pkt 148 320 0.4625 1
Pkt 173 375 0.461333 1
Node 41 64 16.6433
Pkt 345 750 0.46 1
Pkt 368 800 0.46 1
Node 48 34 16.1245
Pkt 111 240 0.4625 1
Pkt 56 120 0.466667 1
Rate:923.583
==========
==========2
7 0 2 24000
Node 72 42 23.4094
Pkt 74 160 0.4625 1
Pkt 89 192 0.463542 1
Node 47 62 12.3693
Pkt 184 400 0.46 1
Pkt 148 320 0.4625 1
Node 34 43 17.4642
Pkt 368 800 0.46 1
Pkt 368 800 0.46 1
Node 39 39 15.5563
Pkt 111 240 0.4625 1
Pkt 111 240 0.4625 1
Node 29 60 23.2594
Pkt 148 320 0.4625 1
Pkt 148 320 0.4625 1
Node 49 46 4.12311
Pkt 368 800 0.46 1
Pkt 368 800 0.46 1
Node 25 74 34.6554
Pkt 115 250 0.46 1
Pkt 74 160 0.4625 1
Rate:923.006
==========
==========3
7 0 2 24000
Node 68 54 18.4391
Pkt 69 150 0.46 1
Pkt 92 200 0.46 1
Node 33 31 25.4951
Pkt 221 480 0.460417 1
Pkt 148 320 0.4625 1
Node 29 27 31.1448
Pkt 368 800 0.46 1
Pkt 368 800 0.46 1
Node 71 30 29
Pkt 115 250 0.46 1
Pkt 115 250 0.46 1
Node 27 55 23.5372
Pkt 148 320 0.4625 1
Pkt 184 400 0.46 1
Node 61 72 24.5967
Pkt 345 750 0.46 1
Pkt 345 750 0.46 1
Node 28 60 24.1661
Pkt 46 100 0.46 1
Pkt 74 160 0.4625 1
Rate:921.131
==========
==========4
7 0 2 24000
Node 29 28 30.4138
Pkt 46 100 0.46 1
Pkt 111 240 0.4625 1
Node 39 37 17.0294
Pkt 148 320 0.4625 1
Pkt 184 400 0.46 1
Node 52 31 19.105
Pkt 345 750 0.46 1
Pkt 368 800 0.46 1
Node 73 45 23.5372
Pkt 46 100 0.46 1
Pkt 56 120 0.466667 1
Node 38 58 14.4222
Pkt 173 375 0.461333 1
Pkt 184 400 0.46 1
Node 32 59 20.1246
Pkt 368 800 0.46 1
Pkt 368 800 0.46 1
Node 42 54 8.94427
Pkt 58 125 0.464 1
Pkt 92 200 0.46 1
Rate:922.429
==========
==========5
7 0 2 24000
Node 65 68 23.4307
Pkt 89 192 0.463542 1
Pkt 74 160 0.4625 1
Node 40 51 10.0499
Pkt 148 320 0.4625 1
Pkt 148 320 0.4625 1
Node 62 58 14.4222
Pkt 345 750 0.46 1
Pkt 345 750 0.46 1
Node 61 36 17.8045
Pkt 74 160 0.4625 1
Pkt 69 150 0.46 1
Node 25 65 29.1548
Pkt 184 400 0.46 1
Pkt 138 300 0.46 1
Node 54 34 16.4924
Pkt 345 750 0.46 1
Pkt 368 800 0.46 1
Node 62 35 19.2094
Pkt 92 200 0.46 1
Pkt 111 240 0.4625 1
Rate:922.292
==========
==========6
7 0 2 24000
Node 47 35 15.2971
Pkt 69 150 0.46 1
Pkt 115 250 0.46 1
Node 30 59 21.9317
Pkt 138 300 0.46 1
Pkt 138 300 0.46 1
Node 26 64 27.7849
Pkt 345 750 0.46 1
Pkt 368 800 0.46 1
Node 37 62 17.6918
Pkt 58 125 0.464 1
Pkt 69 150 0.46 1
Node 59 74 25.632
Pkt 173 375 0.461333 1
Pkt 184 400 0.46 1
Node 37 41 15.8114
Pkt 345 750 0.46 1
Pkt 368 800 0.46 1
Node 74 61 26.4008
Pkt 89 192 0.463542 1
Pkt 111 240 0.4625 1
Rate:921.625
==========
==========7
7 0 2 24000
Node 62 52 12.1655
Pkt 74 160 0.4625 1
Pkt 56 120 0.466667 1
Node 44 36 15.2315
Pkt 221 480 0.460417 1
Pkt 221 480 0.460417 1
Node 41 66 18.3576
Pkt 345 750 0.46 1
Pkt 368 800 0.46 1
Node 59 71 22.8473
Pkt 69 150 0.46 1
Pkt 69 150 0.46 1
Node 45 66 16.7631
Pkt 148 320 0.4625 1
Pkt 184 400 0.46 1
Node 49 34 16.0312
Pkt 345 750 0.46 1
Pkt 368 800 0.46 1
Node 30 26 31.241
Pkt 46 100 0.46 1
Pkt 74 160 0.4625 1
Rate:922.143
==========
==========8
7 0 2 24000
Node 44 60 11.6619
Pkt 111 240 0.4625 1
Pkt 69 150 0.46 1
Node 48 39 11.1803
Pkt 148 320 0.4625 1
Pkt 184 400 0.46 1
Node 58 42 11.3137
Pkt 345 750 0.46 1
Pkt 368 800 0.46 1
Node 58 51 8.06226
Pkt 89 192 0.463542 1
Pkt 111 240 0.4625 1
Node 51 30 20.025
Pkt 148 320 0.4625 1
Pkt 148 320 0.4625 1
Node 26 35 28.3019
Pkt 368 800 0.46 1
Pkt 345 750 0.46 1
Node 68 61 21.095
Pkt 74 160 0.4625 1
Pkt 111 240 0.4625 1
Rate:923.006
==========
==========9
7 0 2 24000
Node 56 72 22.8035
Pkt 58 125 0.464 1
Pkt 56 120 0.466667 1
Node 44 48 6.32456
Pkt 138 300 0.46 1
Pkt 148 320 0.4625 1
Node 46 67 17.4642
Pkt 368 800 0.46 1
Pkt 345 750 0.46 1
Node 72 38 25.0599
Pkt 89 192 0.463542 1
Pkt 111 240 0.4625 1
Node 67 47 17.2627
Pkt 148 320 0.4625 1
Pkt 148 320 0.4625 1
Node 62 56 13.4164
Pkt 368 800 0.46 1
Pkt 345 750 0.46 1
Node 48 53 3.60555
Pkt 89 192 0.463542 1
Pkt 115 250 0.46 1
Rate:923.964
==========
==========10
7 0 2 24000
Node 43 57 9.89949
Pkt 115 250 0.46 1
Pkt 74 160 0.4625 1
Node 28 69 29.0689
Pkt 138 300 0.46 1
Pkt 173 375 0.461333 1
Node 62 66 20
Pkt 368 800 0.46 1
Pkt 345 750 0.46 1
Node 45 71 21.587
Pkt 92 200 0.46 1
Pkt 92 200 0.46 1
Node 65 33 22.6716
Pkt 138 300 0.46 1
Pkt 173 375 0.461333 1
Node 69 64 23.6008
Pkt 345 750 0.46 1
Pkt 368 800 0.46 1
Node 49 56 6.08276
Pkt 115 250 0.46 1
Pkt 92 200 0.46 1
Rate:920.738
==========
==========11
7 0 2 24000
Node 44 32 18.9737
Pkt 89 192 0.463542 1
Pkt 115 250 0.46 1
Node 65 32 23.4307
Pkt 184 400 0.46 1
Pkt 148 320 0.4625 1
Node 46 30 20.3961
Pkt 368 800 0.46 1
Pkt 345 750 0.46 1
Node 53 72 22.2036
Pkt 74 160 0.4625 1
Pkt 115 250 0.46 1
Node 70 74 31.241
Pkt 184 400 0.46 1
Pkt 148 320 0.4625 1
Node 62 47 12.3693
Pkt 345 750 0.46 1
Pkt 345 750 0.46 1
Node 27 61 25.4951
Pkt 89 192 0.463542 1
Pkt 58 125 0.464 1
Rate:922.655
==========
==========12
7 0 2 24000
Node 69 50 19
Pkt 89 192 0.463542 1
Pkt 115 250 0.46 1
Node 63 72 25.5539
Pkt 138 300 0.46 1
Pkt 184 400 0.46 1
Node 52 37 13.1529
Pkt 345 750 0.46 1
Pkt 345 750 0.46 1
Node 50 55 5
Pkt 89 192 0.463542 1
Pkt 92 200 0.46 1
Node 53 60 10.4403
Pkt 173 375 0.461333 1
Pkt 184 400 0.46 1
Node 34 37 20.6155
Pkt 368 800 0.46 1
Pkt 345 750 0.46 1
Node 54 50 4
Pkt 89 192 0.463542 1
Pkt 115 250 0.46 1
Rate:921.708
==========
==========13
7 0 2 24000
Node 72 59 23.7697
Pkt 92 200 0.46 1
Pkt 69 150 0.46 1
Node 30 50 20
Pkt 221 480 0.460417 1
Pkt 221 480 0.460417 1
Node 35 46 15.5242
Pkt 345 750 0.46 1
Pkt 345 750 0.46 1
Node 73 50 23
Pkt 58 125 0.464 1
Pkt 115 250 0.46 1
Node 25 73 33.9706
Pkt 148 320 0.4625 1
Pkt 148 320 0.4625 1
Node 64 66 21.2603
Pkt 345 750 0.46 1
Pkt 368 800 0.46 1
Node 51 54 4.12311
Pkt 89 192 0.463542 1
Pkt 69 150 0.46 1
Rate:921.911
==========
==========14
7 0 2 24000
Node 60 57 12.2066
Pkt 56 120 0.466667 1
Pkt 89 192 0.463542 1
Node 26 33 29.4109
Pkt 138 300 0.46 1
Pkt 173 375 0.461333 1
Node 39 35 18.6011
Pkt 368 800 0.46 1
Pkt 368 800 0.46 1
Node 72 65 26.6271
Pkt 56 120 0.466667 1
Pkt 46 100 0.46 1
Node 41 33 19.2354
Pkt 173 375 0.461333 1
Pkt 184 400 0.46 1
Node 56 74 24.7386
Pkt 368 800 0.46 1
Pkt 345 750 0.46 1
Node 59 42 12.0416
Pkt 58 125 0.464 1
Pkt 74 160 0.4625 1
Rate:923.72
==========
==========15
7 0 2 24000
Node 47 54 5
Pkt 74 160 0.4625 1
Pkt 46 100 0.46 1
Node 54 30 20.3961
Pkt 221 480 0.460417 1
Pkt 173 375 0.461333 1
Node 55 51 5.09902
Pkt 368 800 0.46 1
Pkt 368 800 0.46 1
Node 57 72 23.0868
Pkt 115 250 0.46 1
Pkt 74 160 0.4625 1
Node 45 36 14.8661
Pkt 148 320 0.4625 1
Pkt 173 375 0.461333 1
Node 46 64 14.5602
Pkt 368 800 0.46 1
Pkt 368 800 0.46 1
Node 63 41 15.8114
Pkt 115 250 0.46 1
Pkt 46 100 0.46 1
Rate:921.512
==========
==========16
7 0 2 24000
Node 59 64 16.6433
Pkt 74 160 0.4625 1
Pkt 92 200 0.46 1
Node 37 48 13.1529
Pkt 173 375 0.461333 1
Pkt 221 480 0.460417 1
Node 60 30 22.3607
Pkt 368 800 0.46 1
Pkt 345 750 0.46 1
Node 56 73 23.7697
Pkt 69 150 0.46 1
Pkt 89 192 0.463542 1
Node 66 40 18.868
Pkt 138 300 0.46 1
Pkt 221 480 0.460417 1
Node 34 29 26.4008
Pkt 368 800 0.46 1
Pkt 345 750 0.46 1
Node 55 59 10.2956
Pkt 56 120 0.466667 1
Pkt 58 125 0.464 1
Rate:922.696
==========
==========17
7 0 2 24000
Node 51 34 16.0312
Pkt 111 240 0.4625 1
Pkt 111 240 0.4625 1
Node 32 65 23.4307
Pkt 138 300 0.46 1
Pkt 184 400 0.46 1
Node 64 62 18.4391
Pkt 345 750 0.46 1
Pkt 368 800 0.46 1
Node 27 61 25.4951
Pkt 89 192 0.463542 1
Pkt 74 160 0.4625 1
Node 33 74 29.4109
Pkt 173 375 0.461333 1
Pkt 184 400 0.46 1
Node 62 35 19.2094
Pkt 345 750 0.46 1
Pkt 368 800 0.46 1
Node 74 39 26.4008
Pkt 89 192 0.463542 1
Pkt 92 200 0.46 1
Rate:922.274
==========
==========18
7 0 2 24000
Node 56 73 23.7697
Pkt 46 100 0.46 1
Pkt 92 200 0.46 1
Node 39 25 27.313
Pkt 221 480 0.460417 1
Pkt 173 375 0.461333 1
Node 26 43 25
Pkt 368 800 0.46 1
Pkt 345 750 0.46 1
Node 33 30 26.2488
Pkt 89 192 0.463542 1
Pkt 74 160 0.4625 1
Node 48 72 22.0907
Pkt 138 300 0.46 1
Pkt 138 300 0.46 1
Node 59 32 20.1246
Pkt 368 800 0.46 1
Pkt 345 750 0.46 1
Node 70 47 20.2237
Pkt 111 240 0.4625 1
Pkt 58 125 0.464 1
Rate:922.042
==========
==========19
7 0 2 24000
Node 61 41 14.2127
Pkt 58 125 0.464 1
Pkt 46 100 0.46 1
Node 36 66 21.2603
Pkt 173 375 0.461333 1
Pkt 138 300 0.46 1
Node 58 32 19.6977
Pkt 368 800 0.46 1
Pkt 368 800 0.46 1
Node 72 61 24.5967
Pkt 115 250 0.46 1
Pkt 74 160 0.4625 1
Node 61 64 17.8045
Pkt 184 400 0.46 1
Pkt 148 320 0.4625 1
Node 39 44 12.53
Pkt 368 800 0.46 1
Pkt 345 750 0.46 1
Node 45 46 6.40312
Pkt 58 125 0.464 1
Pkt 58 125 0.464 1
Rate:922.619
==========
==========20
7 0 2 24000
Node 29 38 24.1868
Pkt 92 200 0.46 1
Pkt 56 120 0.466667 1
Node 57 30 21.1896
Pkt 148 320 0.4625 1
Pkt 138 300 0.46 1
Node 53 60 10.4403
Pkt 345 750 0.46 1
Pkt 345 750 0.46 1
Node 50 49 1
Pkt 56 120 0.466667 1
Pkt 69 150 0.46 1
Node 52 25 25.0799
Pkt 221 480 0.460417 1
Pkt 148 320 0.4625 1
Node 59 66 18.3576
Pkt 345 750 0.46 1
Pkt 345 750 0.46 1
Node 62 26 26.8328
Pkt 46 100 0.46 1
Pkt 46 100 0.46 1
Rate:922.679
==========
==========21
7 0 2 24000
Node 36 29 25.2389
Pkt 46 100 0.46 1
Pkt 56 120 0.466667 1
Node 51 73 23.0217
Pkt 148 320 0.4625 1
Pkt 138 300 0.46 1
Node 67 28 27.8029
Pkt 368 800 0.46 1
Pkt 345 750 0.46 1
Node 35 36 20.5183
Pkt 58 125 0.464 1
Pkt 89 192 0.463542 1
Node 70 31 27.5862
Pkt 173 375 0.461333 1
Pkt 221 480 0.460417 1
Node 54 28 22.3607
Pkt 368 800 0.46 1
Pkt 368 800 0.46 1
Node 31 44 19.9249
Pkt 58 125 0.464 1
Pkt 111 240 0.4625 1
Rate:923.565
==========
==========22
7 0 2 24000
Node 25 55 25.4951
Pkt 56 120 0.466667 1
Pkt 58 125 0.464 1
Node 67 73 28.6007
Pkt 221 480 0.460417 1
Pkt 138 300 0.46 1
Node 39 32 21.095
Pkt 368 800 0.46 1
Pkt 345 750 0.46 1
Node 34 29 26.4008
Pkt 46 100 0.46 1
Pkt 89 192 0.463542 1
Node 52 32 18.1108
Pkt 221 480 0.460417 1
Pkt 148 320 0.4625 1
Node 62 46 12.6491
Pkt 345 750 0.46 1
Pkt 368 800 0.46 1
Node 30 37 23.8537
Pkt 111 240 0.4625 1
Pkt 74 160 0.4625 1
Rate:923.22
==========
==========23
7 0 2 24000
Node 51 63 13.0384
Pkt 92 200 0.46 1
Pkt 56 120 0.466667 1
Node 49 63 13.0384
Pkt 138 300 0.46 1
Pkt 148 320 0.4625 1
Node 64 27 26.9258
Pkt 368 800 0.46 1
Pkt 345 750 0.46 1
Node 56 47 6.7082
Pkt 56 120 0.466667 1
Pkt 111 240 0.4625 1
Node 69 54 19.4165
Pkt 138 300 0.46 1
Pkt 173 375 0.461333 1
Node 44 73 23.7697
Pkt 345 750 0.46 1
Pkt 368 800 0.46 1
Node 45 42 9.43398
Pkt 89 192 0.463542 1
Pkt 46 100 0.46 1
Rate:923.315
==========
==========24
7 0 2 24000
Node 28 33 27.8029
Pkt 69 150 0.46 1
Pkt 46 100 0.46 1
Node 32 36 22.8035
Pkt 221 480 0.460417 1
Pkt 173 375 0.461333 1
Node 52 63 13.1529
Pkt 368 800 0.46 1
Pkt 368 800 0.46 1
Node 45 49 5.09902
Pkt 46 100 0.46 1
Pkt 115 250 0.46 1
Node 50 74 24
Pkt 173 375 0.461333 1
Pkt 184 400 0.46 1
Node 25 46 25.318
Pkt 345 750 0.46 1
Pkt 345 750 0.46 1
Node 74 60 26
Pkt 46 100 0.46 1
Pkt 74 160 0.4625 1
Rate:920.798
==========
==========25
7 0 2 24000
Node 72 35 26.6271
Pkt 74 160 0.4625 1
Pkt 58 125 0.464 1
Node 52 72 22.0907
Pkt 173 375 0.461333 1
Pkt 148 320 0.4625 1
Node 49 65 15.0333
Pkt 368 800 0.46 1
Pkt 345 750 0.46 1
Node 40 45 11.1803
Pkt 46 100 0.46 1
Pkt 56 120 0.466667 1
Node 44 44 8.48528
Pkt 173 375 0.461333 1
Pkt 184 400 0.46 1
Node 32 60 20.5913
Pkt 368 800 0.46 1
Pkt 345 750 0.46 1
Node 63 35 19.8494
Pkt 58 125 0.464 1
Pkt 74 160 0.4625 1
Rate:923.548
==========
==========26
7 0 2 24000
Node 45 42 9.43398
Pkt 58 125 0.464 1
Pkt 56 120 0.466667 1
Node 71 46 21.3776
Pkt 184 400 0.46 1
Pkt 138 300 0.46 1
Node 65 74 28.3019
Pkt 368 800 0.46 1
Pkt 368 800 0.46 1
Node 46 43 8.06226
Pkt 69 150 0.46 1
Pkt 58 125 0.464 1
Node 73 40 25.0799
Pkt 173 375 0.461333 1
Pkt 221 480 0.460417 1
Node 57 56 9.21954
Pkt 345 750 0.46 1
Pkt 368 800 0.46 1
Node 29 70 29
Pkt 89 192 0.463542 1
Pkt 89 192 0.463542 1
Rate:923.357
==========
==========27
7 0 2 24000
Node 34 56 17.088
Pkt 69 150 0.46 1
Pkt 111 240 0.4625 1
Node 25 25 35.3553
Pkt 221 480 0.460417 1
Pkt 221 480 0.460417 1
Node 44 37 14.3178
Pkt 345 750 0.46 1
Pkt 368 800 0.46 1
Node 25 50 25
Pkt 58 125 0.464 1
Pkt 56 120 0.466667 1
Node 42 62 14.4222
Pkt 221 480 0.460417 1
Pkt 148 320 0.4625 1
Node 32 62 21.6333
Pkt 345 750 0.46 1
Pkt 345 750 0.46 1
Node 28 72 31.1127
Pkt 111 240 0.4625 1
Pkt 92 200 0.46 1
Rate:922.774
==========
==========28
7 0 2 24000
Node 52 74 24.0832
Pkt 92 200 0.46 1
Pkt 56 120 0.466667 1
Node 36 72 26.0768
Pkt 173 375 0.461333 1
Pkt 148 320 0.4625 1
Node 56 46 7.2111
Pkt 345 750 0.46 1
Pkt 345 750 0.46 1
Node 39 40 14.8661
Pkt 74 160 0.4625 1
Pkt 58 125 0.464 1
Node 50 64 14
Pkt 221 480 0.460417 1
Pkt 184 400 0.46 1
Node 39 26 26.4008
Pkt 345 750 0.46 1
Pkt 368 800 0.46 1
Node 26 55 24.5153
Pkt 89 192 0.463542 1
Pkt 115 250 0.46 1
Rate:922.994
==========
==========29
7 0 2 24000
Node 35 45 15.8114
Pkt 92 200 0.46 1
Pkt 89 192 0.463542 1
Node 26 66 28.8444
Pkt 173 375 0.461333 1
Pkt 184 400 0.46 1
Node 58 59 12.0416
Pkt 345 750 0.46 1
Pkt 345 750 0.46 1
Node 50 44 6
Pkt 89 192 0.463542 1
Pkt 89 192 0.463542 1
Node 52 47 3.60555
Pkt 221 480 0.460417 1
Pkt 173 375 0.461333 1
Node 32 60 20.5913
Pkt 368 800 0.46 1
Pkt 368 800 0.46 1
Node 62 32 21.6333
Pkt 56 120 0.466667 1
Pkt 92 200 0.46 1
Rate:922.911
==========
==========30
7 0 2 24000
Node 73 34 28.0179
Pkt 74 160 0.4625 1
Pkt 74 160 0.4625 1
Node 51 26 24.0208
Pkt 148 320 0.4625 1
Pkt 221 480 0.460417 1
Node 31 51 19.0263
Pkt 368 800 0.46 1
Pkt 368 800 0.46 1
Node 70 70 28.2843
Pkt 89 192 0.463542 1
Pkt 89 192 0.463542 1
Node 66 70 25.6125
Pkt 184 400 0.46 1
Pkt 138 300 0.46 1
Node 36 66 21.2603
Pkt 345 750 0.46 1
Pkt 368 800 0.46 1
Node 26 50 24
Pkt 89 192 0.463542 1
Pkt 92 200 0.46 1
Rate:922.649
==========
==========31
7 0 2 24000
Node 26 51 24.0208
Pkt 69 150 0.46 1
Pkt 74 160 0.4625 1
Node 33 65 22.6716
Pkt 173 375 0.461333 1
Pkt 148 320 0.4625 1
Node 29 44 21.8403
Pkt 345 750 0.46 1
Pkt 345 750 0.46 1
Node 52 54 4.47214
Pkt 111 240 0.4625 1
Pkt 46 100 0.46 1
Node 49 52 2.23607
Pkt 148 320 0.4625 1
Pkt 138 300 0.46 1
Node 57 65 16.5529
Pkt 345 750 0.46 1
Pkt 368 800 0.46 1
Node 32 32 25.4558
Pkt 58 125 0.464 1
Pkt 115 250 0.46 1
Rate:922.19
==========
==========32
7 0 2 24000
Node 43 30 21.1896
Pkt 46 100 0.46 1
Pkt 69 150 0.46 1
Node 55 26 24.5153
Pkt 138 300 0.46 1
Pkt 148 320 0.4625 1
Node 42 45 9.43398
Pkt 368 800 0.46 1
Pkt 368 800 0.46 1
Node 60 63 16.4012
Pkt 92 200 0.46 1
Pkt 58 125 0.464 1
Node 53 35 15.2971
Pkt 138 300 0.46 1
Pkt 173 375 0.461333 1
Node 70 25 32.0156
Pkt 345 750 0.46 1
Pkt 345 750 0.46 1
Node 72 27 31.8277
Pkt 115 250 0.46 1
Pkt 74 160 0.4625 1
Rate:921.476
==========
==========33
7 0 2 24000
Node 74 44 24.7386
Pkt 56 120 0.466667 1
Pkt 92 200 0.46 1
Node 58 34 17.8885
Pkt 173 375 0.461333 1
Pkt 184 400 0.46 1
Node 65 60 18.0278
Pkt 345 750 0.46 1
Pkt 345 750 0.46 1
Node 30 68 26.9072
Pkt 111 240 0.4625 1
Pkt 89 192 0.463542 1
Node 68 27 29.2062
Pkt 173 375 0.461333 1
Pkt 138 300 0.46 1
Node 68 71 27.6586
Pkt 368 800 0.46 1
Pkt 368 800 0.46 1
Node 66 27 28.0179
Pkt 92 200 0.46 1
Pkt 89 192 0.463542 1
Rate:922.702
==========
==========34
7 0 2 24000
Node 58 58 11.3137
Pkt 115 250 0.46 1
Pkt 115 250 0.46 1
Node 50 52 2
Pkt 173 375 0.461333 1
Pkt 221 480 0.460417 1
Node 38 40 15.6205
Pkt 345 750 0.46 1
Pkt 368 800 0.46 1
Node 71 40 23.2594
Pkt 58 125 0.464 1
Pkt 92 200 0.46 1
Node 68 37 22.2036
Pkt 221 480 0.460417 1
Pkt 184 400 0.46 1
Node 65 39 18.6011
Pkt 345 750 0.46 1
Pkt 368 800 0.46 1
Node 57 66 17.4642
Pkt 69 150 0.46 1
Pkt 46 100 0.46 1
Rate:920.881
==========
==========35
7 0 2 24000
Node 52 65 15.1327
Pkt 89 192 0.463542 1
Pkt 111 240 0.4625 1
Node 28 33 27.8029
Pkt 173 375 0.461333 1
Pkt 148 320 0.4625 1
Node 49 52 2.23607
Pkt 368 800 0.46 1
Pkt 368 800 0.46 1
Node 43 31 20.2485
Pkt 111 240 0.4625 1
Pkt 111 240 0.4625 1
Node 37 55 13.9284
Pkt 221 480 0.460417 1
Pkt 184 400 0.46 1
Node 71 29 29.6985
Pkt 345 750 0.46 1
Pkt 368 800 0.46 1
Node 52 47 3.60555
Pkt 69 150 0.46 1
Pkt 56 120 0.466667 1
Rate:923.137
==========
==========36
7 0 2 24000
Node 63 67 21.4009
Pkt 46 100 0.46 1
Pkt 46 100 0.46 1
Node 30 36 24.4131
Pkt 173 375 0.461333 1
Pkt 148 320 0.4625 1
Node 60 56 11.6619
Pkt 368 800 0.46 1
Pkt 368 800 0.46 1
Node 47 73 23.1948
Pkt 92 200 0.46 1
Pkt 58 125 0.464 1
Node 45 56 7.81025
Pkt 173 375 0.461333 1
Pkt 148 320 0.4625 1
Node 33 58 18.7883
Pkt 368 800 0.46 1
Pkt 368 800 0.46 1
Node 70 41 21.9317
Pkt 111 240 0.4625 1
Pkt 69 150 0.46 1
Rate:922.024
==========
==========37
7 0 2 24000
Node 61 29 23.7065
Pkt 111 240 0.4625 1
Pkt 56 120 0.466667 1
Node 43 30 21.1896
Pkt 221 480 0.460417 1
Pkt 221 480 0.460417 1
Node 56 28 22.8035
Pkt 345 750 0.46 1
Pkt 345 750 0.46 1
Node 28 40 24.1661
Pkt 115 250 0.46 1
Pkt 74 160 0.4625 1
Node 26 41 25.632
Pkt 173 375 0.461333 1
Pkt 138 300 0.46 1
Node 34 30 25.6125
Pkt 345 750 0.46 1
Pkt 345 750 0.46 1
Node 74 50 24
Pkt 46 100 0.46 1
Pkt 56 120 0.466667 1
Rate:922.929
==========
==========38
7 0 2 24000
Node 61 51 11.0454
Pkt 69 150 0.46 1
Pkt 69 150 0.46 1
Node 59 28 23.7697
Pkt 221 480 0.460417 1
Pkt 138 300 0.46 1
Node 57 29 22.1359
Pkt 368 800 0.46 1
Pkt 345 750 0.46 1
Node 41 70 21.9317
Pkt 92 200 0.46 1
Pkt 115 250 0.46 1
Node 58 41 12.0416
Pkt 148 320 0.4625 1
Pkt 184 400 0.46 1
Node 56 57 9.21954
Pkt 368 800 0.46 1
Pkt 345 750 0.46 1
Node 52 63 13.1529
Pkt 69 150 0.46 1
Pkt 46 100 0.46 1
Rate:920.417
==========
==========39
7 0 2 24000
Node 43 68 19.3132
Pkt 56 120 0.466667 1
Pkt 58 125 0.464 1
Node 25 64 28.6531
Pkt 138 300 0.46 1
Pkt 184 400 0.46 1
Node 50 56 6
Pkt 368 800 0.46 1
Pkt 345 750 0.46 1
Node 33 63 21.4009
Pkt 89 192 0.463542 1
Pkt 69 150 0.46 1
Node 32 44 18.9737
Pkt 138 300 0.46 1
Pkt 138 300 0.46 1
Node 31 47 19.2354
Pkt 368 800 0.46 1
Pkt 345 750 0.46 1
Node 39 50 11
Pkt 115 250 0.46 1
Pkt 46 100 0.46 1
Rate:922.03
==========
==========40
7 0 2 24000
Node 51 34 16.0312
Pkt 92 200 0.46 1
Pkt 92 200 0.46 1
Node 47 61 11.4018
Pkt 173 375 0.461333 1
Pkt 148 320 0.4625 1
Node 51 42 8.06226
Pkt 368 800 0.46 1
Pkt 368 800 0.46 1
Node 70 32 26.9072
Pkt 115 250 0.46 1
Pkt 56 120 0.466667 1
Node 57 38 13.8924
Pkt 138 300 0.46 1
Pkt 138 300 0.46 1
Node 55 40 11.1803
Pkt 368 800 0.46 1
Pkt 368 800 0.46 1
Node 31 47 19.2354
Pkt 115 250 0.46 1
Pkt 58 125 0.464 1
Rate:922.071
==========
==========41
7 0 2 24000
Node 26 38 26.8328
Pkt 111 240 0.4625 1
Pkt 69 150 0.46 1
Node 55 38 13
Pkt 148 320 0.4625 1
Pkt 173 375 0.461333 1
Node 36 29 25.2389
Pkt 345 750 0.46 1
Pkt 345 750 0.46 1
Node 64 68 22.8035
Pkt 74 160 0.4625 1
Pkt 69 150 0.46 1
Node 48 27 23.0868
Pkt 184 400 0.46 1
Pkt 138 300 0.46 1
Node 70 53 20.2237
Pkt 368 800 0.46 1
Pkt 345 750 0.46 1
Node 47 66 16.2788
Pkt 89 192 0.463542 1
Pkt 111 240 0.4625 1
Rate:922.125
==========
==========42
7 0 2 24000
Node 46 31 19.4165
Pkt 69 150 0.46 1
Pkt 92 200 0.46 1
Node 31 45 19.6469
Pkt 138 300 0.46 1
Pkt 148 320 0.4625 1
Node 58 70 21.5407
Pkt 345 750 0.46 1
Pkt 345 750 0.46 1
Node 66 30 25.6125
Pkt 46 100 0.46 1
Pkt 92 200 0.46 1
Node 63 58 15.2643
Pkt 221 480 0.460417 1
Pkt 138 300 0.46 1
Node 68 42 19.6977
Pkt 345 750 0.46 1
Pkt 368 800 0.46 1
Node 58 46 8.94427
Pkt 115 250 0.46 1
Pkt 115 250 0.46 1
Rate:920.417
==========
==========43
7 0 2 24000
Node 67 55 17.72
Pkt 46 100 0.46 1
Pkt 56 120 0.466667 1
Node 54 59 9.84886
Pkt 138 300 0.46 1
Pkt 221 480 0.460417 1
Node 41 61 14.2127
Pkt 368 800 0.46 1
Pkt 345 750 0.46 1
Node 71 47 21.2132
Pkt 56 120 0.466667 1
Pkt 111 240 0.4625 1
Node 35 26 28.3019
Pkt 184 400 0.46 1
Pkt 148 320 0.4625 1
Node 64 45 14.8661
Pkt 368 800 0.46 1
Pkt 368 800 0.46 1
Node 56 67 18.0278
Pkt 46 100 0.46 1
Pkt 74 160 0.4625 1
Rate:923.036
==========
==========44
7 0 2 24000
Node 29 35 25.807
Pkt 89 192 0.463542 1
Pkt 56 120 0.466667 1
Node 34 73 28.0179
Pkt 173 375 0.461333 1
Pkt 148 320 0.4625 1
Node 67 58 18.7883
Pkt 345 750 0.46 1
Pkt 368 800 0.46 1
Node 66 66 22.6274
Pkt 69 150 0.46 1
Pkt 56 120 0.466667 1
Node 51 43 7.07107
Pkt 184 400 0.46 1
Pkt 138 300 0.46 1
Node 40 72 24.1661
Pkt 345 750 0.46 1
Pkt 368 800 0.46 1
Node 47 62 12.3693
Pkt 115 250 0.46 1
Pkt 46 100 0.46 1
Rate:922.958
==========
==========45
7 0 2 24000
Node 61 36 17.8045
Pkt 92 200 0.46 1
Pkt 89 192 0.463542 1
Node 25 73 33.9706
Pkt 138 300 0.46 1
Pkt 148 320 0.4625 1
Node 36 31 23.6008
Pkt 368 800 0.46 1
Pkt 345 750 0.46 1
Node 70 72 29.7321
Pkt 115 250 0.46 1
Pkt 56 120 0.466667 1
Node 36 42 16.1245
Pkt 148 320 0.4625 1
Pkt 148 320 0.4625 1
Node 51 63 13.0384
Pkt 368 800 0.46 1
Pkt 368 800 0.46 1
Node 35 40 18.0278
Pkt 58 125 0.464 1
Pkt 56 120 0.466667 1
Rate:924.054
==========
==========46
7 0 2 24000
Node 50 44 6
Pkt 74 160 0.4625 1
Pkt 89 192 0.463542 1
Node 35 30 25
Pkt 173 375 0.461333 1
Pkt 148 320 0.4625 1
Node 26 39 26.4008
Pkt 368 800 0.46 1
Pkt 345 750 0.46 1
Node 27 33 28.6007
Pkt 46 100 0.46 1
Pkt 74 160 0.4625 1
Node 54 73 23.3452
Pkt 173 375 0.461333 1
Pkt 148 320 0.4625 1
Node 46 45 6.40312
Pkt 345 750 0.46 1
Pkt 345 750 0.46 1
Node 71 35 25.807
Pkt 58 125 0.464 1
Pkt 46 100 0.46 1
Rate:922.887
==========
==========47
7 0 2 24000
Node 60 34 18.868
Pkt 74 160 0.4625 1
Pkt 89 192 0.463542 1
Node 72 57 23.0868
Pkt 148 320 0.4625 1
Pkt 173 375 0.461333 1
Node 74 32 30
Pkt 368 800 0.46 1
Pkt 368 800 0.46 1
Node 72 70 29.7321
Pkt 74 160 0.4625 1
Pkt 111 240 0.4625 1
Node 38 35 19.2094
Pkt 184 400 0.46 1
Pkt 221 480 0.460417 1
Node 73 69 29.8329
Pkt 368 800 0.46 1
Pkt 368 800 0.46 1
Node 55 52 5.38516
Pkt 115 250 0.46 1
Pkt 58 125 0.464 1
Rate:922.756
==========
==========48
7 0 2 24000
Node 37 37 18.3848
Pkt 89 192 0.463542 1
Pkt 46 100 0.46 1
Node 38 70 23.3238
Pkt 184 400 0.46 1
Pkt 173 375 0.461333 1
Node 71 39 23.7065
Pkt 368 800 0.46 1
Pkt 345 750 0.46 1
Node 32 69 26.1725
Pkt 46 100 0.46 1
Pkt 111 240 0.4625 1
Node 69 57 20.2485
Pkt 148 320 0.4625 1
Pkt 173 375 0.461333 1
Node 59 74 25.632
Pkt 345 750 0.46 1
Pkt 345 750 0.46 1
Node 35 33 22.6716
Pkt 69 150 0.46 1
Pkt 89 192 0.463542 1
Rate:922.107
==========
==========49
7 0 2 24000
Node 60 31 21.4709
Pkt 92 200 0.46 1
Pkt 58 125 0.464 1
Node 54 66 16.4924
Pkt 184 400 0.46 1
Pkt 148 320 0.4625 1
Node 54 73 23.3452
Pkt 368 800 0.46 1
Pkt 368 800 0.46 1
Node 62 60 15.6205
Pkt 111 240 0.4625 1
Pkt 56 120 0.466667 1
Node 56 61 12.53
Pkt 173 375 0.461333 1
Pkt 138 300 0.46 1
Node 73 34 28.0179
Pkt 345 750 0.46 1
Pkt 345 750 0.46 1
Node 42 64 16.1245
Pkt 58 125 0.464 1
Pkt 115 250 0.46 1
Rate:923
==========
==========50
7 0 2 24000
Node 25 42 26.2488
Pkt 92 200 0.46 1
Pkt 74 160 0.4625 1
Node 56 27 23.7697
Pkt 138 300 0.46 1
Pkt 184 400 0.46 1
Node 47 64 14.3178
Pkt 345 750 0.46 1
Pkt 345 750 0.46 1
Node 32 74 30
Pkt 46 100 0.46 1
Pkt 46 100 0.46 1
Node 43 71 22.1359
Pkt 138 300 0.46 1
Pkt 173 375 0.461333 1
Node 50 53 3
Pkt 345 750 0.46 1
Pkt 345 750 0.46 1
Node 56 68 18.9737
Pkt 89 192 0.463542 1
Pkt 89 192 0.463542 1
Rate:921.56
==========
==========51
7 0 2 24000
Node 34 66 22.6274
Pkt 92 200 0.46 1
Pkt 46 100 0.46 1
Node 30 71 29
Pkt 184 400 0.46 1
Pkt 221 480 0.460417 1
Node 50 49 1
Pkt 368 800 0.46 1
Pkt 368 800 0.46 1
Node 65 38 19.2094
Pkt 56 120 0.466667 1
Pkt 46 100 0.46 1
Node 47 61 11.4018
Pkt 184 400 0.46 1
Pkt 173 375 0.461333 1
Node 61 60 14.8661
Pkt 368 800 0.46 1
Pkt 368 800 0.46 1
Node 46 59 9.84886
Pkt 89 192 0.463542 1
Pkt 111 240 0.4625 1
Rate:922.065
==========
==========52
7 0 2 24000
Node 53 48 3.60555
Pkt 92 200 0.46 1
Pkt 56 120 0.466667 1
Node 63 56 14.3178
Pkt 173 375 0.461333 1
Pkt 138 300 0.46 1
Node 26 71 31.8904
Pkt 345 750 0.46 1
Pkt 368 800 0.46 1
Node 54 63 13.6015
Pkt 56 120 0.466667 1
Pkt 56 120 0.466667 1
Node 54 55 6.40312
Pkt 138 300 0.46 1
Pkt 148 320 0.4625 1
Node 35 53 15.2971
Pkt 368 800 0.46 1
Pkt 345 750 0.46 1
Node 25 53 25.1794
Pkt 46 100 0.46 1
Pkt 58 125 0.464 1
Rate:923.976
==========
==========53
7 0 2 24000
Node 46 29 21.3776
Pkt 111 240 0.4625 1
Pkt 111 240 0.4625 1
Node 39 49 11.0454
Pkt 148 320 0.4625 1
Pkt 138 300 0.46 1
Node 72 60 24.1661
Pkt 345 750 0.46 1
Pkt 368 800 0.46 1
Node 37 32 22.2036
Pkt 46 100 0.46 1
Pkt 115 250 0.46 1
Node 40 27 25.0799
Pkt 221 480 0.460417 1
Pkt 221 480 0.460417 1
Node 33 32 24.7588
Pkt 368 800 0.46 1
Pkt 345 750 0.46 1
Node 31 44 19.9249
Pkt 92 200 0.46 1
Pkt 92 200 0.46 1
Rate:921.19
==========
==========54
7 0 2 24000
Node 39 56 12.53
Pkt 115 250 0.46 1
Pkt 69 150 0.46 1
Node 42 63 15.2643
Pkt 184 400 0.46 1
Pkt 184 400 0.46 1
Node 62 36 18.4391
Pkt 368 800 0.46 1
Pkt 345 750 0.46 1
Node 35 71 25.807
Pkt 56 120 0.466667 1
Pkt 115 250 0.46 1
Node 51 65 15.0333
Pkt 173 375 0.461333 1
Pkt 184 400 0.46 1
Node 66 51 16.0312
Pkt 345 750 0.46 1
Pkt 345 750 0.46 1
Node 67 59 19.2354
Pkt 111 240 0.4625 1
Pkt 74 160 0.4625 1
Rate:921.857
==========
==========55
7 0 2 24000
Node 60 74 26
Pkt 69 150 0.46 1
Pkt 58 125 0.464 1
Node 37 42 15.2643
Pkt 138 300 0.46 1
Pkt 138 300 0.46 1
Node 68 33 24.7588
Pkt 368 800 0.46 1
Pkt 345 750 0.46 1
Node 52 38 12.1655
Pkt 56 120 0.466667 1
Pkt 46 100 0.46 1
Node 74 69 30.6105
Pkt 184 400 0.46 1
Pkt 173 375 0.461333 1
Node 29 33 27.0185
Pkt 368 800 0.46 1
Pkt 368 800 0.46 1
Node 49 74 24.0208
Pkt 92 200 0.46 1
Pkt 89 192 0.463542 1
Rate:922.22
==========
==========56
7 0 2 24000
Node 60 48 10.198
Pkt 56 120 0.466667 1
Pkt 115 250 0.46 1
Node 59 50 9
Pkt 184 400 0.46 1
Pkt 148 320 0.4625 1
Node 32 41 20.1246
Pkt 345 750 0.46 1
Pkt 345 750 0.46 1
Node 38 27 25.9422
Pkt 92 200 0.46 1
Pkt 115 250 0.46 1
Node 37 42 15.2643
Pkt 221 480 0.460417 1
Pkt 148 320 0.4625 1
Node 32 45 18.6815
Pkt 368 800 0.46 1
Pkt 368 800 0.46 1
Node 73 58 24.3516
Pkt 69 150 0.46 1
Pkt 69 150 0.46 1
Rate:921.726
==========
==========57
7 0 2 24000
Node 28 49 22.0227
Pkt 111 240 0.4625 1
Pkt 74 160 0.4625 1
Node 32 40 20.5913
Pkt 221 480 0.460417 1
Pkt 148 320 0.4625 1
Node 59 51 9.05539
Pkt 345 750 0.46 1
Pkt 345 750 0.46 1
Node 29 26 31.8904
Pkt 69 150 0.46 1
Pkt 111 240 0.4625 1
Node 68 59 20.1246
Pkt 184 400 0.46 1
Pkt 184 400 0.46 1
Node 54 29 21.3776
Pkt 345 750 0.46 1
Pkt 368 800 0.46 1
Node 66 35 21.9317
Pkt 92 200 0.46 1
Pkt 69 150 0.46 1
Rate:921.488
==========
==========58
7 0 2 24000
Node 31 40 21.4709
Pkt 46 100 0.46 1
Pkt 46 100 0.46 1
Node 69 56 19.9249
Pkt 184 400 0.46 1
Pkt 148 320 0.4625 1
Node 34 42 17.8885
Pkt 368 800 0.46 1
Pkt 368 800 0.46 1
Node 62 42 14.4222
Pkt 89 192 0.463542 1
Pkt 89 192 0.463542 1
Node 71 57 22.1359
Pkt 221 480 0.460417 1
Pkt 184 400 0.46 1
Node 39 50 11
Pkt 345 750 0.46 1
Pkt 368 800 0.46 1
Node 44 27 23.7697
Pkt 115 250 0.46 1
Pkt 115 250 0.46 1
Rate:921.429
==========
==========59
7 0 2 24000
Node 55 59 10.2956
Pkt 69 150 0.46 1
Pkt 56 120 0.466667 1
Node 58 51 8.06226
Pkt 221 480 0.460417 1
Pkt 221 480 0.460417 1
Node 54 47 5
Pkt 345 750 0.46 1
Pkt 368 800 0.46 1
Node 45 46 6.40312
Pkt 58 125 0.464 1
Pkt 69 150 0.46 1
Node 62 28 25.0599
Pkt 173 375 0.461333 1
Pkt 138 300 0.46 1
Node 50 62 12
Pkt 368 800 0.46 1
Pkt 345 750 0.46 1
Node 51 62 12.0416
Pkt 111 240 0.4625 1
Pkt 115 250 0.46 1
Rate:922.19
==========
==========60
7 0 2 24000
Node 53 54 5
Pkt 56 120 0.466667 1
Pkt 115 250 0.46 1
Node 59 71 22.8473
Pkt 221 480 0.460417 1
Pkt 173 375 0.461333 1
Node 39 38 16.2788
Pkt 368 800 0.46 1
Pkt 368 800 0.46 1
Node 33 27 28.6007
Pkt 69 150 0.46 1
Pkt 111 240 0.4625 1
Node 42 39 13.6015
Pkt 148 320 0.4625 1
Pkt 221 480 0.460417 1
Node 49 37 13.0384
Pkt 368 800 0.46 1
Pkt 345 750 0.46 1
Node 57 67 18.3848
Pkt 69 150 0.46 1
Pkt 69 150 0.46 1
Rate:921.976
==========
==========61
7 0 2 24000
Node 38 29 24.1868
Pkt 115 250 0.46 1
Pkt 56 120 0.466667 1
Node 63 26 27.2947
Pkt 221 480 0.460417 1
Pkt 221 480 0.460417 1
Node 39 64 17.8045
Pkt 345 750 0.46 1
Pkt 368 800 0.46 1
Node 48 56 6.32456
Pkt 74 160 0.4625 1
Pkt 74 160 0.4625 1
Node 42 69 20.6155
Pkt 221 480 0.460417 1
Pkt 173 375 0.461333 1
Node 53 29 21.2132
Pkt 345 750 0.46 1
Pkt 368 800 0.46 1
Node 34 51 16.0312
Pkt 92 200 0.46 1
Pkt 92 200 0.46 1
Rate:922.036
==========
==========62
7 0 2 24000
Node 66 38 20
Pkt 58 125 0.464 1
Pkt 115 250 0.46 1
Node 73 47 23.1948
Pkt 138 300 0.46 1
Pkt 148 320 0.4625 1
Node 43 48 7.28011
Pkt 368 800 0.46 1
Pkt 345 750 0.46 1
Node 27 51 23.0217
Pkt 89 192 0.463542 1
Pkt 115 250 0.46 1
Node 42 68 19.6977
Pkt 148 320 0.4625 1
Pkt 221 480 0.460417 1
Node 31 29 28.3196
Pkt 345 750 0.46 1
Pkt 345 750 0.46 1
Node 34 25 29.6816
Pkt 56 120 0.466667 1
Pkt 92 200 0.46 1
Rate:922.804
==========
==========63
7 0 2 24000
Node 57 62 13.8924
Pkt 89 192 0.463542 1
Pkt 56 120 0.466667 1
Node 29 56 21.8403
Pkt 173 375 0.461333 1
Pkt 173 375 0.461333 1
Node 39 74 26.4008
Pkt 345 750 0.46 1
Pkt 368 800 0.46 1
Node 68 40 20.5913
Pkt 69 150 0.46 1
Pkt 46 100 0.46 1
Node 28 62 25.0599
Pkt 148 320 0.4625 1
Pkt 221 480 0.460417 1
Node 42 35 17
Pkt 368 800 0.46 1
Pkt 345 750 0.46 1
Node 58 41 12.0416
Pkt 115 250 0.46 1
Pkt 74 160 0.4625 1
Rate:922.613
==========
==========64
7 0 2 24000
Node 44 28 22.8035
Pkt 56 120 0.466667 1
Pkt 115 250 0.46 1
Node 50 64 14
Pkt 221 480 0.460417 1
Pkt 173 375 0.461333 1
Node 49 43 7.07107
Pkt 368 800 0.46 1
Pkt 368 800 0.46 1
Node 58 54 8.94427
Pkt 69 150 0.46 1
Pkt 74 160 0.4625 1
Node 40 34 18.868
Pkt 148 320 0.4625 1
Pkt 173 375 0.461333 1
Node 46 55 6.40312
Pkt 368 800 0.46 1
Pkt 345 750 0.46 1
Node 59 66 18.3576
Pkt 92 200 0.46 1
Pkt 56 120 0.466667 1
Rate:923.06
==========
==========65
7 0 2 24000
Node 30 26 31.241
Pkt 69 150 0.46 1
Pkt 46 100 0.46 1
Node 44 60 11.6619
Pkt 138 300 0.46 1
Pkt 138 300 0.46 1
Node 52 38 12.1655
Pkt 368 800 0.46 1
Pkt 345 750 0.46 1
Node 39 63 17.0294
Pkt 56 120 0.466667 1
Pkt 46 100 0.46 1
Node 55 36 14.8661
Pkt 148 320 0.4625 1
Pkt 138 300 0.46 1
Node 32 25 30.8058
Pkt 345 750 0.46 1
Pkt 368 800 0.46 1
Node 42 41 12.0416
Pkt 56 120 0.466667 1
Pkt 89 192 0.463542 1
Rate:922.768
==========
==========66
7 0 2 24000
Node 72 65 26.6271
Pkt 89 192 0.463542 1
Pkt 89 192 0.463542 1
Node 56 51 6.08276
Pkt 221 480 0.460417 1
Pkt 173 375 0.461333 1
Node 38 55 13
Pkt 345 750 0.46 1
Pkt 368 800 0.46 1
Node 55 34 16.7631
Pkt 56 120 0.466667 1
Pkt 46 100 0.46 1
Node 29 58 22.4722
Pkt 138 300 0.46 1
Pkt 184 400 0.46 1
Node 54 29 21.3776
Pkt 345 750 0.46 1
Pkt 368 800 0.46 1
Node 52 40 10.198
Pkt 89 192 0.463542 1
Pkt 115 250 0.46 1
Rate:922.72
==========
==========67
7 0 2 24000
Node 44 48 6.32456
Pkt 111 240 0.4625 1
Pkt 92 200 0.46 1
Node 47 51 3.16228
Pkt 173 375 0.461333 1
Pkt 173 375 0.461333 1
Node 58 57 10.6301
Pkt 368 800 0.46 1
Pkt 345 750 0.46 1
Node 28 60 24.1661
Pkt 69 150 0.46 1
Pkt 74 160 0.4625 1
Node 73 39 25.4951
Pkt 138 300 0.46 1
Pkt 173 375 0.461333 1
Node 53 62 12.3693
Pkt 368 800 0.46 1
Pkt 368 800 0.46 1
Node 38 70 23.3238
Pkt 58 125 0.464 1
Pkt 115 250 0.46 1
Rate:921.857
==========
==========68
7 0 2 24000
Node 42 28 23.4094
Pkt 111 240 0.4625 1
Pkt 74 160 0.4625 1
Node 61 25 27.313
Pkt 184 400 0.46 1
Pkt 184 400 0.46 1
Node 66 67 23.3452
Pkt 345 750 0.46 1
Pkt 345 750 0.46 1
Node 50 43 7
Pkt 115 250 0.46 1
Pkt 56 120 0.466667 1
Node 35 47 15.2971
Pkt 221 480 0.460417 1
Pkt 138 300 0.46 1
Node 54 72 22.3607
Pkt 345 750 0.46 1
Pkt 345 750 0.46 1
Node 42 40 12.8062
Pkt 74 160 0.4625 1
Pkt 69 150 0.46 1
Rate:922.083
==========
==========69
7 0 2 24000
Node 41 72 23.7697
Pkt 58 125 0.464 1
Pkt 58 125 0.464 1
Node 68 57 19.3132
Pkt 184 400 0.46 1
Pkt 138 300 0.46 1
Node 52 60 10.198
Pkt 345 750 0.46 1
Pkt 368 800 0.46 1
Node 31 37 23.0217
Pkt 74 160 0.4625 1
Pkt 46 100 0.46 1
Node 73 58 24.3516
Pkt 138 300 0.46 1
Pkt 138 300 0.46 1
Node 61 61 15.5563
Pkt 345 750 0.46 1
Pkt 345 750 0.46 1
Node 30 59 21.9317
Pkt 111 240 0.4625 1
Pkt 115 250 0.46 1
Rate:921.857
==========
==========70
7 0 2 24000
Node 42 66 17.8885
Pkt 92 200 0.46 1
Pkt 69 150 0.46 1
Node 72 35 26.6271
Pkt 138 300 0.46 1
Pkt 221 480 0.460417 1
Node 45 30 20.6155
Pkt 345 750 0.46 1
Pkt 368 800 0.46 1
Node 43 51 7.07107
Pkt 92 200 0.46 1
Pkt 58 125 0.464 1
Node 40 47 10.4403
Pkt 173 375 0.461333 1
Pkt 221 480 0.460417 1
Node 58 72 23.4094
Pkt 345 750 0.46 1
Pkt 345 750 0.46 1
Node 72 74 32.5576
Pkt 46 100 0.46 1
Pkt 89 192 0.463542 1
Rate:921.387
==========
==========71
7 0 2 24000
Node 26 31 30.6105
Pkt 56 120 0.466667 1
Pkt 56 120 0.466667 1
Node 49 45 5.09902
Pkt 148 320 0.4625 1
Pkt 138 300 0.46 1
Node 45 32 18.6815
Pkt 345 750 0.46 1
Pkt 345 750 0.46 1
Node 59 34 18.3576
Pkt 89 192 0.463542 1
Pkt 115 250 0.46 1
Node 65 35 21.2132
Pkt 148 320 0.4625 1
Pkt 138 300 0.46 1
Node 49 36 14.0357
Pkt 345 750 0.46 1
Pkt 345 750 0.46 1
Node 72 66 27.2029
Pkt 115 250 0.46 1
Pkt 46 100 0.46 1
Rate:923.125
==========
==========72
7 0 2 24000
Node 25 64 28.6531
Pkt 46 100 0.46 1
Pkt 58 125 0.464 1
Node 41 38 15
Pkt 148 320 0.4625 1
Pkt 173 375 0.461333 1
Node 61 40 14.8661
Pkt 345 750 0.46 1
Pkt 368 800 0.46 1
Node 51 63 13.0384
Pkt 56 120 0.466667 1
Pkt 92 200 0.46 1
Node 42 40 12.8062
Pkt 138 300 0.46 1
Pkt 173 375 0.461333 1
Node 46 49 4.12311
Pkt 368 800 0.46 1
Pkt 345 750 0.46 1
Node 72 64 26.0768
Pkt 58 125 0.464 1
Pkt 89 192 0.463542 1
Rate:923.339
==========
==========73
7 0 2 24000
Node 27 31 29.8329
Pkt 111 240 0.4625 1
Pkt 56 120 0.466667 1
Node 49 67 17.0294
Pkt 138 300 0.46 1
Pkt 173 375 0.461333 1
Node 27 43 24.0416
Pkt 368 800 0.46 1
Pkt 368 800 0.46 1
Node 32 60 20.5913
Pkt 56 120 0.466667 1
Pkt 46 100 0.46 1
Node 57 34 17.4642
Pkt 138 300 0.46 1
Pkt 173 375 0.461333 1
Node 42 29 22.4722
Pkt 368 800 0.46 1
Pkt 345 750 0.46 1
Node 32 39 21.095
Pkt 46 100 0.46 1
Pkt 69 150 0.46 1
Rate:922.643
==========
==========74
7 0 2 24000
Node 46 26 24.3311
Pkt 56 120 0.466667 1
Pkt 56 120 0.466667 1
Node 40 68 20.5913
Pkt 221 480 0.460417 1
Pkt 221 480 0.460417 1
Node 41 33 19.2354
Pkt 368 800 0.46 1
Pkt 345 750 0.46 1
Node 54 43 8.06226
Pkt 46 100 0.46 1
Pkt 74 160 0.4625 1
Node 29 55 21.587
Pkt 184 400 0.46 1
Pkt 173 375 0.461333 1
Node 25 28 33.3017
Pkt 345 750 0.46 1
Pkt 345 750 0.46 1
Node 61 61 15.5563
Pkt 115 250 0.46 1
Pkt 56 120 0.466667 1
Rate:923.524
==========
==========75
7 0 2 24000
Node 62 40 15.6205
Pkt 58 125 0.464 1
Pkt 56 120 0.466667 1
Node 73 33 28.6007
Pkt 148 320 0.4625 1
Pkt 148 320 0.4625 1
Node 45 39 12.083
Pkt 368 800 0.46 1
Pkt 368 800 0.46 1
Node 40 42 12.8062
Pkt 89 192 0.463542 1
Pkt 69 150 0.46 1
Node 49 50 1
Pkt 221 480 0.460417 1
Pkt 148 320 0.4625 1
Node 30 59 21.9317
Pkt 345 750 0.46 1
Pkt 345 750 0.46 1
Node 49 27 23.0217
Pkt 89 192 0.463542 1
Pkt 92 200 0.46 1
Rate:923.667
==========
==========76
7 0 2 24000
Node 62 47 12.3693
Pkt 69 150 0.46 1
Pkt 58 125 0.464 1
Node 41 30 21.9317
Pkt 148 320 0.4625 1
Pkt 173 375 0.461333 1
Node 55 38 13
Pkt 368 800 0.46 1
Pkt 345 750 0.46 1
Node 63 71 24.6982
Pkt 56 120 0.466667 1
Pkt 89 192 0.463542 1
Node 50 46 4
Pkt 148 320 0.4625 1
Pkt 184 400 0.46 1
Node 41 48 9.21954
Pkt 368 800 0.46 1
Pkt 345 750 0.46 1
Node 66 25 29.6816
Pkt 46 100 0.46 1
Pkt 58 125 0.464 1
Rate:923.506
==========
==========77
7 0 2 24000
Node 61 29 23.7065
Pkt 111 240 0.4625 1
Pkt 111 240 0.4625 1
Node 72 71 30.4138
Pkt 173 375 0.461333 1
Pkt 148 320 0.4625 1
Node 70 33 26.2488
Pkt 345 750 0.46 1
Pkt 368 800 0.46 1
Node 34 41 18.3576
Pkt 69 150 0.46 1
Pkt 74 160 0.4625 1
Node 47 46 5
Pkt 184 400 0.46 1
Pkt 184 400 0.46 1
Node 69 58 20.6155
Pkt 368 800 0.46 1
Pkt 368 800 0.46 1
Node 27 44 23.7697
Pkt 89 192 0.463542 1
Pkt 111 240 0.4625 1
Rate:922.482
==========
==========78
7 0 2 24000
Node 64 60 17.2047
Pkt 111 240 0.4625 1
Pkt 74 160 0.4625 1
Node 26 48 24.0832
Pkt 221 480 0.460417 1
Pkt 184 400 0.46 1
Node 55 60 11.1803
Pkt 345 750 0.46 1
Pkt 368 800 0.46 1
Node 26 64 27.7849
Pkt 92 200 0.46 1
Pkt 46 100 0.46 1
Node 74 60 26
Pkt 184 400 0.46 1
Pkt 173 375 0.461333 1
Node 35 62 19.2094
Pkt 345 750 0.46 1
Pkt 345 750 0.46 1
Node 65 50 15
Pkt 74 160 0.4625 1
Pkt 74 160 0.4625 1
Rate:921.679
==========
==========79
7 0 2 24000
Node 63 56 14.3178
Pkt 56 120 0.466667 1
Pkt 46 100 0.46 1
Node 70 52 20.0998
Pkt 148 320 0.4625 1
Pkt 138 300 0.46 1
Node 48 60 10.198
Pkt 345 750 0.46 1
Pkt 368 800 0.46 1
Node 27 48 23.0868
Pkt 69 150 0.46 1
Pkt 92 200 0.46 1
Node 51 53 3.16228
Pkt 138 300 0.46 1
Pkt 173 375 0.461333 1
Node 66 37 20.6155
Pkt 345 750 0.46 1
Pkt 345 750 0.46 1
Node 45 64 14.8661
Pkt 111 240 0.4625 1
Pkt 69 150 0.46 1
Rate:921.857
==========
==========80
7 0 2 24000
Node 63 70 23.8537
Pkt 56 120 0.466667 1
Pkt 92 200 0.46 1
Node 48 43 7.28011
Pkt 184 400 0.46 1
Pkt 148 320 0.4625 1
Node 31 30 27.5862
Pkt 345 750 0.46 1
Pkt 345 750 0.46 1
Node 71 49 21.0238
Pkt 92 200 0.46 1
Pkt 58 125 0.464 1
Node 43 52 7.28011
Pkt 173 375 0.461333 1
Pkt 148 320 0.4625 1
Node 46 62 12.6491
Pkt 368 800 0.46 1
Pkt 368 800 0.46 1
Node 43 36 15.6525
Pkt 92 200 0.46 1
Pkt 74 160 0.4625 1
Rate:922.786
==========
==========81
7 0 2 24000
Node 53 53 4.24264
Pkt 46 100 0.46 1
Pkt 58 125 0.464 1
Node 70 57 21.1896
Pkt 184 400 0.46 1
Pkt 184 400 0.46 1
Node 60 52 10.198
Pkt 345 750 0.46 1
Pkt 345 750 0.46 1
Node 37 58 15.2643
Pkt 111 240 0.4625 1
Pkt 89 192 0.463542 1
Node 35 69 24.2074
Pkt 138 300 0.46 1
Pkt 221 480 0.460417 1
Node 42 72 23.4094
Pkt 345 750 0.46 1
Pkt 345 750 0.46 1
Node 65 30 25
Pkt 69 150 0.46 1
Pkt 74 160 0.4625 1
Rate:921.851
==========
==========82
7 0 2 24000
Node 25 52 25.0799
Pkt 74 160 0.4625 1
Pkt 115 250 0.46 1
Node 55 25 25.4951
Pkt 138 300 0.46 1
Pkt 184 400 0.46 1
Node 69 39 21.9545
Pkt 368 800 0.46 1
Pkt 368 800 0.46 1
Node 51 47 3.16228
Pkt 46 100 0.46 1
Pkt 58 125 0.464 1
Node 39 40 14.8661
Pkt 184 400 0.46 1
Pkt 173 375 0.461333 1
Node 33 59 19.2354
Pkt 368 800 0.46 1
Pkt 345 750 0.46 1
Node 59 68 20.1246
Pkt 58 125 0.464 1
Pkt 69 150 0.46 1
Rate:921.69
==========
==========83
7 0 2 24000
Node 68 42 19.6977
Pkt 89 192 0.463542 1
Pkt 56 120 0.466667 1
Node 68 59 20.1246
Pkt 148 320 0.4625 1
Pkt 138 300 0.46 1
Node 28 28 31.1127
Pkt 368 800 0.46 1
Pkt 345 750 0.46 1
Node 67 25 30.2324
Pkt 115 250 0.46 1
Pkt 46 100 0.46 1
Node 32 65 23.4307
Pkt 138 300 0.46 1
Pkt 138 300 0.46 1
Node 32 71 27.6586
Pkt 345 750 0.46 1
Pkt 368 800 0.46 1
Node 74 54 24.3311
Pkt 56 120 0.466667 1
Pkt 56 120 0.466667 1
Rate:923.72
==========
==========84
7 0 2 24000
Node 27 27 32.5269
Pkt 74 160 0.4625 1
Pkt 115 250 0.46 1
Node 49 31 19.0263
Pkt 148 320 0.4625 1
Pkt 173 375 0.461333 1
Node 30 55 20.6155
Pkt 368 800 0.46 1
Pkt 345 750 0.46 1
Node 25 69 31.4006
Pkt 74 160 0.4625 1
Pkt 58 125 0.464 1
Node 50 37 13
Pkt 184 400 0.46 1
Pkt 138 300 0.46 1
Node 53 31 19.2354
Pkt 345 750 0.46 1
Pkt 345 750 0.46 1
Node 68 42 19.6977
Pkt 89 192 0.463542 1
Pkt 56 120 0.466667 1
Rate:923.292
==========
==========85
7 0 2 24000
Node 34 27 28.0179
Pkt 46 100 0.46 1
Pkt 56 120 0.466667 1
Node 62 58 14.4222
Pkt 148 320 0.4625 1
Pkt 173 375 0.461333 1
Node 36 31 23.6008
Pkt 345 750 0.46 1
Pkt 368 800 0.46 1
Node 73 62 25.9422
Pkt 89 192 0.463542 1
Pkt 58 125 0.464 1
Node 63 62 17.6918
Pkt 221 480 0.460417 1
Pkt 138 300 0.46 1
Node 40 43 12.2066
Pkt 345 750 0.46 1
Pkt 368 800 0.46 1
Node 43 50 7
Pkt 56 120 0.466667 1
Pkt 69 150 0.46 1
Rate:923.589
==========
==========86
7 0 2 24000
Node 69 69 26.8701
Pkt 46 100 0.46 1
Pkt 115 250 0.46 1
Node 45 39 12.083
Pkt 138 300 0.46 1
Pkt 138 300 0.46 1
Node 73 28 31.8277
Pkt 345 750 0.46 1
Pkt 368 800 0.46 1
Node 64 32 22.8035
Pkt 89 192 0.463542 1
Pkt 89 192 0.463542 1
Node 70 37 23.8537
Pkt 173 375 0.461333 1
Pkt 138 300 0.46 1
Node 43 59 11.4018
Pkt 345 750 0.46 1
Pkt 368 800 0.46 1
Node 67 40 19.7231
Pkt 111 240 0.4625 1
Pkt 89 192 0.463542 1
Rate:922.065
==========
==========87
7 0 2 24000
Node 68 29 27.6586
Pkt 56 120 0.466667 1
Pkt 89 192 0.463542 1
Node 45 61 12.083
Pkt 221 480 0.460417 1
Pkt 184 400 0.46 1
Node 62 25 27.7308
Pkt 345 750 0.46 1
Pkt 368 800 0.46 1
Node 38 57 13.8924
Pkt 58 125 0.464 1
Pkt 74 160 0.4625 1
Node 32 28 28.4253
Pkt 148 320 0.4625 1
Pkt 138 300 0.46 1
Node 26 35 28.3019
Pkt 345 750 0.46 1
Pkt 368 800 0.46 1
Node 54 60 10.7703
Pkt 56 120 0.466667 1
Pkt 115 250 0.46 1
Rate:923.756
==========
==========88
7 0 2 24000
Node 35 63 19.8494
Pkt 89 192 0.463542 1
Pkt 89 192 0.463542 1
Node 70 68 26.9072
Pkt 138 300 0.46 1
Pkt 173 375 0.461333 1
Node 27 33 28.6007
Pkt 368 800 0.46 1
Pkt 368 800 0.46 1
Node 73 58 24.3516
Pkt 111 240 0.4625 1
Pkt 46 100 0.46 1
Node 57 27 24.0416
Pkt 173 375 0.461333 1
Pkt 138 300 0.46 1
Node 35 46 15.5242
Pkt 345 750 0.46 1
Pkt 368 800 0.46 1
Node 49 64 14.0357
Pkt 115 250 0.46 1
Pkt 74 160 0.4625 1
Rate:922.107
==========
==========89
7 0 2 24000
Node 71 47 21.2132
Pkt 56 120 0.466667 1
Pkt 74 160 0.4625 1
Node 32 70 26.9072
Pkt 221 480 0.460417 1
Pkt 221 480 0.460417 1
Node 29 60 23.2594
Pkt 368 800 0.46 1
Pkt 368 800 0.46 1
Node 62 52 12.1655
Pkt 58 125 0.464 1
Pkt 115 250 0.46 1
Node 48 26 24.0832
Pkt 221 480 0.460417 1
Pkt 221 480 0.460417 1
Node 37 60 16.4012
Pkt 368 800 0.46 1
Pkt 368 800 0.46 1
Node 57 59 11.4018
Pkt 111 240 0.4625 1
Pkt 58 125 0.464 1
Rate:923.048
==========
==========90
7 0 2 24000
Node 42 44 10
Pkt 111 240 0.4625 1
Pkt 74 160 0.4625 1
Node 53 25 25.1794
Pkt 173 375 0.461333 1
Pkt 221 480 0.460417 1
Node 31 52 19.105
Pkt 368 800 0.46 1
Pkt 368 800 0.46 1
Node 53 36 14.3178
Pkt 58 125 0.464 1
Pkt 46 100 0.46 1
Node 60 37 16.4012
Pkt 138 300 0.46 1
Pkt 148 320 0.4625 1
Node 56 64 15.2315
Pkt 345 750 0.46 1
Pkt 368 800 0.46 1
Node 39 33 20.2485
Pkt 46 100 0.46 1
Pkt 69 150 0.46 1
Rate:921.893
==========
==========91
7 0 2 24000
Node 29 48 21.095
Pkt 115 250 0.46 1
Pkt 89 192 0.463542 1
Node 74 46 24.3311
Pkt 184 400 0.46 1
Pkt 138 300 0.46 1
Node 49 64 14.0357
Pkt 368 800 0.46 1
Pkt 345 750 0.46 1
Node 69 50 19
Pkt 46 100 0.46 1
Pkt 92 200 0.46 1
Node 39 26 26.4008
Pkt 173 375 0.461333 1
Pkt 148 320 0.4625 1
Node 43 30 21.1896
Pkt 345 750 0.46 1
Pkt 345 750 0.46 1
Node 44 36 15.2315
Pkt 69 150 0.46 1
Pkt 56 120 0.466667 1
Rate:922.006
==========
==========92
7 0 2 24000
Node 64 45 14.8661
Pkt 56 120 0.466667 1
Pkt 92 200 0.46 1
Node 48 47 3.60555
Pkt 184 400 0.46 1
Pkt 184 400 0.46 1
Node 66 63 20.6155
Pkt 368 800 0.46 1
Pkt 345 750 0.46 1
Node 58 30 21.5407
Pkt 89 192 0.463542 1
Pkt 111 240 0.4625 1
Node 42 28 23.4094
Pkt 184 400 0.46 1
Pkt 221 480 0.460417 1
Node 60 49 10.0499
Pkt 368 800 0.46 1
Pkt 368 800 0.46 1
Node 45 65 15.8114
Pkt 46 100 0.46 1
Pkt 92 200 0.46 1
Rate:921.875
==========
==========93
7 0 2 24000
Node 30 74 31.241
Pkt 74 160 0.4625 1
Pkt 58 125 0.464 1
Node 47 53 4.24264
Pkt 184 400 0.46 1
Pkt 221 480 0.460417 1
Node 31 72 29.0689
Pkt 345 750 0.46 1
Pkt 345 750 0.46 1
Node 55 67 17.72
Pkt 111 240 0.4625 1
Pkt 89 192 0.463542 1
Node 65 33 22.6716
Pkt 138 300 0.46 1
Pkt 221 480 0.460417 1
Node 34 39 19.4165
Pkt 345 750 0.46 1
Pkt 345 750 0.46 1
Node 26 58 25.2982
Pkt 115 250 0.46 1
Pkt 58 125 0.464 1
Rate:922.482
==========
==========94
7 0 2 24000
Node 47 74 24.1868
Pkt 58 125 0.464 1
Pkt 89 192 0.463542 1
Node 60 54 10.7703
Pkt 138 300 0.46 1
Pkt 221 480 0.460417 1
Node 43 58 10.6301
Pkt 368 800 0.46 1
Pkt 345 750 0.46 1
Node 47 72 22.2036
Pkt 58 125 0.464 1
Pkt 56 120 0.466667 1
Node 33 69 25.4951
Pkt 173 375 0.461333 1
Pkt 148 320 0.4625 1
Node 66 65 21.9317
Pkt 345 750 0.46 1
Pkt 368 800 0.46 1
Node 38 69 22.4722
Pkt 69 150 0.46 1
Pkt 115 250 0.46 1
Rate:923.208
==========
==========95
7 0 2 24000
Node 29 67 27.0185
Pkt 69 150 0.46 1
Pkt 92 200 0.46 1
Node 70 73 30.4795
Pkt 173 375 0.461333 1
Pkt 173 375 0.461333 1
Node 45 32 18.6815
Pkt 368 800 0.46 1
Pkt 368 800 0.46 1
Node 71 69 28.3196
Pkt 56 120 0.466667 1
Pkt 46 100 0.46 1
Node 60 25 26.9258
Pkt 138 300 0.46 1
Pkt 138 300 0.46 1
Node 72 63 25.5539
Pkt 368 800 0.46 1
Pkt 345 750 0.46 1
Node 52 49 2.23607
Pkt 115 250 0.46 1
Pkt 56 120 0.466667 1
Rate:922.286
==========
==========96
7 0 2 24000
Node 26 49 24.0208
Pkt 69 150 0.46 1
Pkt 56 120 0.466667 1
Node 41 48 9.21954
Pkt 173 375 0.461333 1
Pkt 138 300 0.46 1
Node 55 74 24.5153
Pkt 368 800 0.46 1
Pkt 368 800 0.46 1
Node 47 50 3
Pkt 74 160 0.4625 1
Pkt 92 200 0.46 1
Node 38 61 16.2788
Pkt 173 375 0.461333 1
Pkt 138 300 0.46 1
Node 48 61 11.1803
Pkt 345 750 0.46 1
Pkt 345 750 0.46 1
Node 27 26 33.2415
Pkt 115 250 0.46 1
Pkt 56 120 0.466667 1
Rate:922.643
==========
==========97
7 0 2 24000
Node 69 53 19.2354
Pkt 58 125 0.464 1
Pkt 46 100 0.46 1
Node 30 74 31.241
Pkt 148 320 0.4625 1
Pkt 221 480 0.460417 1
Node 71 42 22.4722
Pkt 368 800 0.46 1
Pkt 345 750 0.46 1
Node 27 67 28.6007
Pkt 69 150 0.46 1
Pkt 115 250 0.46 1
Node 41 65 17.4929
Pkt 173 375 0.461333 1
Pkt 173 375 0.461333 1
Node 74 52 24.0832
Pkt 345 750 0.46 1
Pkt 345 750 0.46 1
Node 58 71 22.4722
Pkt 56 120 0.466667 1
Pkt 56 120 0.466667 1
Rate:923.274
==========
==========98
7 0 2 24000
Node 37 38 17.6918
Pkt 92 200 0.46 1
Pkt 58 125 0.464 1
Node 62 68 21.6333
Pkt 148 320 0.4625 1
Pkt 148 320 0.4625 1
Node 40 26 26
Pkt 345 750 0.46 1
Pkt 345 750 0.46 1
Node 63 25 28.178
Pkt 56 120 0.466667 1
Pkt 92 200 0.46 1
Node 54 72 22.3607
Pkt 138 300 0.46 1
Pkt 138 300 0.46 1
Node 28 67 27.8029
Pkt 368 800 0.46 1
Pkt 345 750 0.46 1
Node 33 27 28.6007
Pkt 92 200 0.46 1
Pkt 56 120 0.466667 1
Rate:923.19
==========
==========99
