7 0 2 24000
Node 69 55 19.6469
Pkt 3 125 0.024 1
Pkt 5 240 0.0208333 1
Node 52 28 22.0907
Pkt 7 320 0.021875 1
Pkt 6 300 0.02 1
Node 69 54 19.4165
Pkt 16 800 0.02 1
Pkt 15 750 0.02 1
Node 61 39 15.5563
Pkt 3 150 0.02 1
Pkt 3 120 0.025 1
Node 59 66 18.3576
Pkt 8 400 0.02 1
Pkt 6 300 0.02 1
Node 27 32 29.2062
Pkt 15 750 0.02 1
Pkt 16 800 0.02 1
Node 61 35 18.6011
Pkt 4 200 0.02 1
Pkt 4 160 0.025 1
Rate:42.3869
==========
==========0
7 0 2 24000
Node 31 55 19.6469
Pkt 2 100 0.02 1
Pkt 3 120 0.025 1
Node 42 53 8.544
Pkt 6 300 0.02 1
Pkt 7 320 0.021875 1
Node 51 35 15.0333
Pkt 15 750 0.02 1
Pkt 16 800 0.02 1
Node 65 35 21.2132
Pkt 3 120 0.025 1
Pkt 3 150 0.02 1
Node 63 57 14.7648
Pkt 8 375 0.0213333 1
Pkt 8 400 0.02 1
Node 43 46 8.06226
Pkt 15 750 0.02 1
Pkt 16 800 0.02 1
Node 45 36 14.8661
Pkt 4 160 0.025 1
Pkt 4 200 0.02 1
Rate:42.6012
==========
==========1
7 0 2 24000
Node 72 51 22.0227
Pkt 5 240 0.0208333 1
Pkt 2 100 0.02 1
Node 27 69 29.8329
Pkt 10 480 0.0208333 1
Pkt 7 320 0.021875 1
Node 40 39 14.8661
Pkt 16 800 0.02 1
Pkt 16 800 0.02 1
Node 64 72 26.0768
Pkt 4 160 0.025 1
Pkt 4 160 0.025 1
Node 44 65 16.1555
Pkt 8 375 0.0213333 1
Pkt 7 320 0.021875 1
Node 57 42 10.6301
Pkt 16 800 0.02 1
Pkt 16 800 0.02 1
Node 29 45 21.587
Pkt 3 150 0.02 1
Pkt 3 150 0.02 1
Rate:42.3929
==========
==========2
7 0 2 24000
Node 50 65 15
Pkt 3 120 0.025 1
Pkt 3 125 0.024 1
Node 62 48 12.1655
Pkt 10 480 0.0208333 1
Pkt 7 320 0.021875 1
Node 27 68 29.2062
Pkt 16 800 0.02 1
Pkt 15 750 0.02 1
Node 50 35 15
Pkt 3 150 0.02 1
Pkt 3 150 0.02 1
Node 32 52 18.1108
Pkt 10 480 0.0208333 1
Pkt 8 375 0.0213333 1
Node 32 27 29.2062
Pkt 16 800 0.02 1
Pkt 15 750 0.02 1
Node 30 38 23.3238
Pkt 3 125 0.024 1
Pkt 4 200 0.02 1
Rate:42.5536
==========
==========3
7 0 2 24000
Node 46 26 24.3311
Pkt 4 200 0.02 1
Pkt 4 160 0.025 1
Node 73 54 23.3452
Pkt 8 375 0.0213333 1
Pkt 8 400 0.02 1
Node 71 45 21.587
Pkt 16 800 0.02 1
Pkt 15 750 0.02 1
Node 26 51 24.0208
Pkt 4 192 0.0208333 1
Pkt 5 250 0.02 1
Node 29 27 31.1448
Pkt 10 480 0.0208333 1
Pkt 8 375 0.0213333 1
Node 55 67 17.72
Pkt 16 800 0.02 1
Pkt 16 800 0.02 1
Node 66 74 28.8444
Pkt 3 150 0.02 1
Pkt 2 100 0.02 1
Rate:41.3333
==========
==========4
7 0 2 24000
Node 38 29 24.1868
Pkt 5 250 0.02 1
Pkt 4 192 0.0208333 1
Node 52 60 10.198
Pkt 6 300 0.02 1
Pkt 8 400 0.02 1
Node 30 33 26.2488
Pkt 15 750 0.02 1
Pkt 16 800 0.02 1
Node 54 61 11.7047
Pkt 5 240 0.0208333 1
Pkt 3 125 0.024 1
Node 46 37 13.6015
Pkt 8 400 0.02 1
Pkt 8 375 0.0213333 1
Node 61 45 12.083
Pkt 15 750 0.02 1
Pkt 16 800 0.02 1
Node 52 62 12.1655
Pkt 3 125 0.024 1
Pkt 3 120 0.025 1
Rate:42.2857
==========
==========5
7 0 2 24000
Node 34 41 18.3576
Pkt 4 160 0.025 1
Pkt 4 160 0.025 1
Node 56 51 6.08276
Pkt 6 300 0.02 1
Pkt 10 480 0.0208333 1
Node 29 33 27.0185
Pkt 15 750 0.02 1
Pkt 16 800 0.02 1
Node 25 28 33.3017
Pkt 5 250 0.02 1
Pkt 4 200 0.02 1
Node 51 42 8.06226
Pkt 7 320 0.021875 1
Pkt 8 400 0.02 1
Node 37 33 21.4009
Pkt 16 800 0.02 1
Pkt 16 800 0.02 1
Node 60 51 10.0499
Pkt 3 125 0.024 1
Pkt 3 150 0.02 1
Rate:42.3869
==========
==========6
7 0 2 24000
Node 30 28 29.7321
Pkt 5 240 0.0208333 1
Pkt 2 100 0.02 1
Node 32 51 18.0278
Pkt 8 375 0.0213333 1
Pkt 6 300 0.02 1
Node 37 41 15.8114
Pkt 15 750 0.02 1
Pkt 16 800 0.02 1
Node 57 26 25
Pkt 4 192 0.0208333 1
Pkt 3 120 0.025 1
Node 61 57 13.0384
Pkt 7 320 0.021875 1
Pkt 8 400 0.02 1
Node 46 46 5.65685
Pkt 15 750 0.02 1
Pkt 16 800 0.02 1
Node 69 44 19.9249
Pkt 3 120 0.025 1
Pkt 4 192 0.0208333 1
Rate:42.244
==========
==========7
7 0 2 24000
Node 51 49 1.41421
Pkt 3 150 0.02 1
Pkt 3 125 0.024 1
Node 55 37 13.9284
Pkt 8 400 0.02 1
Pkt 8 400 0.02 1
Node 55 27 23.5372
Pkt 16 800 0.02 1
Pkt 16 800 0.02 1
Node 56 43 9.21954
Pkt 3 120 0.025 1
Pkt 3 125 0.024 1
Node 53 44 6.7082
Pkt 7 320 0.021875 1
Pkt 7 320 0.021875 1
Node 48 69 19.105
Pkt 15 750 0.02 1
Pkt 15 750 0.02 1
Node 71 49 21.0238
Pkt 3 150 0.02 1
Pkt 5 250 0.02 1
Rate:42.3929
==========
==========8
7 0 2 24000
Node 59 53 9.48683
Pkt 3 125 0.024 1
Pkt 4 160 0.025 1
Node 67 71 27.0185
Pkt 8 375 0.0213333 1
Pkt 8 375 0.0213333 1
Node 62 25 27.7308
Pkt 16 800 0.02 1
Pkt 16 800 0.02 1
Node 34 58 17.8885
Pkt 3 125 0.024 1
Pkt 3 150 0.02 1
Node 70 56 20.8806
Pkt 6 300 0.02 1
Pkt 7 320 0.021875 1
Node 36 45 14.8661
Pkt 16 800 0.02 1
Pkt 16 800 0.02 1
Node 56 34 17.088
Pkt 3 125 0.024 1
Pkt 3 120 0.025 1
Rate:43.7917
==========
==========9
7 0 2 24000
Node 25 30 32.0156
Pkt 4 192 0.0208333 1
Pkt 3 150 0.02 1
Node 25 60 26.9258
Pkt 8 400 0.02 1
Pkt 8 375 0.0213333 1
Node 35 33 22.6716
Pkt 16 800 0.02 1
Pkt 15 750 0.02 1
Node 70 44 20.8806
Pkt 4 200 0.02 1
Pkt 3 120 0.025 1
Node 60 34 18.868
Pkt 6 300 0.02 1
Pkt 6 300 0.02 1
Node 38 65 19.2094
Pkt 15 750 0.02 1
Pkt 15 750 0.02 1
Node 57 49 7.07107
Pkt 5 250 0.02 1
Pkt 3 120 0.025 1
Rate:41.7381
==========
==========10
7 0 2 24000
Node 74 73 33.2415
Pkt 3 150 0.02 1
Pkt 3 150 0.02 1
Node 32 53 18.2483
Pkt 6 300 0.02 1
Pkt 10 480 0.0208333 1
Node 57 56 9.21954
Pkt 16 800 0.02 1
Pkt 15 750 0.02 1
Node 48 57 7.28011
Pkt 3 120 0.025 1
Pkt 5 240 0.0208333 1
Node 49 58 8.06226
Pkt 10 480 0.0208333 1
Pkt 10 480 0.0208333 1
Node 25 58 26.2488
Pkt 16 800 0.02 1
Pkt 15 750 0.02 1
Node 68 49 18.0278
Pkt 4 200 0.02 1
Pkt 3 120 0.025 1
Rate:41.9048
==========
==========11
7 0 2 24000
Node 73 36 26.9258
Pkt 4 160 0.025 1
Pkt 4 200 0.02 1
Node 40 28 24.1661
Pkt 10 480 0.0208333 1
Pkt 8 400 0.02 1
Node 59 55 10.2956
Pkt 16 800 0.02 1
Pkt 15 750 0.02 1
Node 39 58 13.6015
Pkt 4 200 0.02 1
Pkt 3 125 0.024 1
Node 31 40 21.4709
Pkt 8 400 0.02 1
Pkt 8 400 0.02 1
Node 65 29 25.807
Pkt 15 750 0.02 1
Pkt 16 800 0.02 1
Node 69 70 27.5862
Pkt 2 100 0.02 1
Pkt 3 125 0.024 1
Rate:41.9762
==========
==========12
7 0 2 24000
Node 52 38 12.1655
Pkt 4 200 0.02 1
Pkt 3 150 0.02 1
Node 28 55 22.561
Pkt 10 480 0.0208333 1
Pkt 6 300 0.02 1
Node 67 28 27.8029
Pkt 15 750 0.02 1
Pkt 15 750 0.02 1
Node 40 37 16.4012
Pkt 5 240 0.0208333 1
Pkt 4 160 0.025 1
Node 59 34 18.3576
Pkt 8 400 0.02 1
Pkt 10 480 0.0208333 1
Node 72 42 23.4094
Pkt 16 800 0.02 1
Pkt 16 800 0.02 1
Node 36 71 25.2389
Pkt 4 192 0.0208333 1
Pkt 3 120 0.025 1
Rate:41.9048
==========
==========13
7 0 2 24000
Node 64 58 16.1245
Pkt 4 192 0.0208333 1
Pkt 2 100 0.02 1
Node 55 47 5.83095
Pkt 6 300 0.02 1
Pkt 6 300 0.02 1
Node 70 30 28.2843
Pkt 16 800 0.02 1
Pkt 15 750 0.02 1
Node 27 28 31.8277
Pkt 3 125 0.024 1
Pkt 3 120 0.025 1
Node 64 39 17.8045
Pkt 7 320 0.021875 1
Pkt 8 400 0.02 1
Node 66 29 26.4008
Pkt 15 750 0.02 1
Pkt 15 750 0.02 1
Node 36 70 24.4131
Pkt 4 192 0.0208333 1
Pkt 3 150 0.02 1
Rate:41.7917
==========
==========14
7 0 2 24000
Node 54 41 9.84886
Pkt 4 192 0.0208333 1
Pkt 4 160 0.025 1
Node 33 52 17.1172
Pkt 6 300 0.02 1
Pkt 7 320 0.021875 1
Node 30 39 22.8254
Pkt 16 800 0.02 1
Pkt 16 800 0.02 1
Node 57 50 7
Pkt 4 192 0.0208333 1
Pkt 3 125 0.024 1
Node 63 26 27.2947
Pkt 8 400 0.02 1
Pkt 8 375 0.0213333 1
Node 43 72 23.0868
Pkt 16 800 0.02 1
Pkt 15 750 0.02 1
Node 69 72 29.0689
Pkt 3 150 0.02 1
Pkt 2 100 0.02 1
Rate:41.9821
==========
==========15
7 0 2 24000
Node 59 69 21.0238
Pkt 2 100 0.02 1
Pkt 3 125 0.024 1
Node 29 53 21.2132
Pkt 6 300 0.02 1
Pkt 10 480 0.0208333 1
Node 44 28 22.8035
Pkt 16 800 0.02 1
Pkt 15 750 0.02 1
Node 29 38 24.1868
Pkt 3 150 0.02 1
Pkt 5 250 0.02 1
Node 57 57 9.89949
Pkt 6 300 0.02 1
Pkt 8 375 0.0213333 1
Node 47 62 12.3693
Pkt 16 800 0.02 1
Pkt 16 800 0.02 1
Node 63 71 24.6982
Pkt 3 125 0.024 1
Pkt 4 192 0.0208333 1
Rate:41.5714
==========
==========16
7 0 2 24000
Node 68 28 28.4253
Pkt 4 192 0.0208333 1
Pkt 5 250 0.02 1
Node 72 66 27.2029
Pkt 7 320 0.021875 1
Pkt 8 400 0.02 1
Node 34 26 28.8444
Pkt 16 800 0.02 1
Pkt 16 800 0.02 1
Node 29 52 21.095
Pkt 3 120 0.025 1
Pkt 4 200 0.02 1
Node 29 68 27.6586
Pkt 8 375 0.0213333 1
Pkt 10 480 0.0208333 1
Node 28 36 26.0768
Pkt 15 750 0.02 1
Pkt 15 750 0.02 1
Node 40 56 11.6619
Pkt 3 125 0.024 1
Pkt 4 192 0.0208333 1
Rate:42.1012
==========
==========17
7 0 2 24000
Node 44 56 8.48528
Pkt 2 100 0.02 1
Pkt 3 120 0.025 1
Node 27 30 30.4795
Pkt 8 400 0.02 1
Pkt 10 480 0.0208333 1
Node 37 33 21.4009
Pkt 15 750 0.02 1
Pkt 16 800 0.02 1
Node 66 63 20.6155
Pkt 3 120 0.025 1
Pkt 4 192 0.0208333 1
Node 29 46 21.3776
Pkt 6 300 0.02 1
Pkt 6 300 0.02 1
Node 46 33 17.4642
Pkt 16 800 0.02 1
Pkt 16 800 0.02 1
Node 45 29 21.587
Pkt 4 160 0.025 1
Pkt 5 240 0.0208333 1
Rate:42.5
==========
==========18
7 0 2 24000
Node 31 47 19.2354
Pkt 4 160 0.025 1
Pkt 4 192 0.0208333 1
Node 45 67 17.72
Pkt 8 400 0.02 1
Pkt 8 375 0.0213333 1
Node 29 54 21.3776
Pkt 16 800 0.02 1
Pkt 15 750 0.02 1
Node 57 37 14.7648
Pkt 3 125 0.024 1
Pkt 3 125 0.024 1
Node 43 46 8.06226
Pkt 7 320 0.021875 1
Pkt 7 320 0.021875 1
Node 56 54 7.2111
Pkt 15 750 0.02 1
Pkt 16 800 0.02 1
Node 68 44 18.9737
Pkt 3 125 0.024 1
Pkt 4 160 0.025 1
Rate:43.9881
==========
==========19
7 0 2 24000
Node 46 30 20.3961
Pkt 2 100 0.02 1
Pkt 5 250 0.02 1
Node 52 66 16.1245
Pkt 6 300 0.02 1
Pkt 8 375 0.0213333 1
Node 55 74 24.5153
Pkt 15 750 0.02 1
Pkt 16 800 0.02 1
Node 26 28 32.5576
Pkt 3 125 0.024 1
Pkt 4 192 0.0208333 1
Node 38 50 12
Pkt 6 300 0.02 1
Pkt 10 480 0.0208333 1
Node 59 47 9.48683
Pkt 16 800 0.02 1
Pkt 15 750 0.02 1
Node 36 53 14.3178
Pkt 3 150 0.02 1
Pkt 4 200 0.02 1
Rate:41
==========
==========20
7 0 2 24000
Node 73 42 24.3516
Pkt 4 160 0.025 1
Pkt 4 200 0.02 1
Node 65 71 25.807
Pkt 10 480 0.0208333 1
Pkt 10 480 0.0208333 1
Node 39 49 11.0454
Pkt 15 750 0.02 1
Pkt 16 800 0.02 1
Node 26 66 28.8444
Pkt 5 250 0.02 1
Pkt 2 100 0.02 1
Node 59 53 9.48683
Pkt 8 375 0.0213333 1
Pkt 8 375 0.0213333 1
Node 68 61 21.095
Pkt 15 750 0.02 1
Pkt 16 800 0.02 1
Node 68 64 22.8035
Pkt 4 200 0.02 1
Pkt 4 160 0.025 1
Rate:42.0476
==========
==========21
7 0 2 24000
Node 71 39 23.7065
Pkt 4 192 0.0208333 1
Pkt 2 100 0.02 1
Node 47 52 3.60555
Pkt 7 320 0.021875 1
Pkt 7 320 0.021875 1
Node 57 40 12.2066
Pkt 16 800 0.02 1
Pkt 15 750 0.02 1
Node 25 51 25.02
Pkt 3 120 0.025 1
Pkt 3 150 0.02 1
Node 37 72 25.5539
Pkt 6 300 0.02 1
Pkt 10 480 0.0208333 1
Node 69 53 19.2354
Pkt 16 800 0.02 1
Pkt 15 750 0.02 1
Node 61 32 21.095
Pkt 5 250 0.02 1
Pkt 2 100 0.02 1
Rate:41.4881
==========
==========22
7 0 2 24000
Node 26 64 27.7849
Pkt 4 160 0.025 1
Pkt 3 150 0.02 1
Node 57 26 25
Pkt 7 320 0.021875 1
Pkt 6 300 0.02 1
Node 41 25 26.5707
Pkt 15 750 0.02 1
Pkt 16 800 0.02 1
Node 70 38 23.3238
Pkt 3 125 0.024 1
Pkt 3 125 0.024 1
Node 41 49 9.05539
Pkt 7 320 0.021875 1
Pkt 8 375 0.0213333 1
Node 57 65 16.5529
Pkt 16 800 0.02 1
Pkt 15 750 0.02 1
Node 51 40 10.0499
Pkt 4 160 0.025 1
Pkt 3 125 0.024 1
Rate:43.869
==========
==========23
7 0 2 24000
Node 35 65 21.2132
Pkt 4 192 0.0208333 1
Pkt 3 125 0.024 1
Node 36 31 23.6008
Pkt 8 400 0.02 1
Pkt 10 480 0.0208333 1
Node 26 74 33.9411
Pkt 16 800 0.02 1
Pkt 15 750 0.02 1
Node 25 45 25.4951
Pkt 2 100 0.02 1
Pkt 3 125 0.024 1
Node 47 73 23.1948
Pkt 8 400 0.02 1
Pkt 8 400 0.02 1
Node 32 36 22.8035
Pkt 16 800 0.02 1
Pkt 16 800 0.02 1
Node 50 46 4
Pkt 2 100 0.02 1
Pkt 5 250 0.02 1
Rate:41.381
==========
==========24
7 0 2 24000
Node 68 51 18.0278
Pkt 3 125 0.024 1
Pkt 4 160 0.025 1
Node 68 45 18.6815
Pkt 8 375 0.0213333 1
Pkt 8 375 0.0213333 1
Node 36 27 26.9258
Pkt 15 750 0.02 1
Pkt 16 800 0.02 1
Node 69 51 19.0263
Pkt 3 125 0.024 1
Pkt 5 240 0.0208333 1
Node 33 34 23.3452
Pkt 10 480 0.0208333 1
Pkt 8 400 0.02 1
Node 64 29 25.2389
Pkt 16 800 0.02 1
Pkt 15 750 0.02 1
Node 40 36 17.2047
Pkt 3 125 0.024 1
Pkt 4 200 0.02 1
Rate:43.0476
==========
==========25
7 0 2 24000
Node 57 71 22.1359
Pkt 4 200 0.02 1
Pkt 2 100 0.02 1
Node 61 53 11.4018
Pkt 7 320 0.021875 1
Pkt 8 375 0.0213333 1
Node 60 30 22.3607
Pkt 16 800 0.02 1
Pkt 15 750 0.02 1
Node 30 39 22.8254
Pkt 4 192 0.0208333 1
Pkt 3 150 0.02 1
Node 41 28 23.7697
Pkt 8 375 0.0213333 1
Pkt 8 375 0.0213333 1
Node 31 41 21.0238
Pkt 15 750 0.02 1
Pkt 16 800 0.02 1
Node 39 50 11
Pkt 5 240 0.0208333 1
Pkt 4 200 0.02 1
Rate:41.0774
==========
==========26
7 0 2 24000
Node 38 71 24.1868
Pkt 4 192 0.0208333 1
Pkt 4 192 0.0208333 1
Node 48 47 3.60555
Pkt 8 400 0.02 1
Pkt 8 400 0.02 1
Node 44 51 6.08276
Pkt 15 750 0.02 1
Pkt 16 800 0.02 1
Node 33 42 18.7883
Pkt 3 120 0.025 1
Pkt 4 192 0.0208333 1
Node 60 66 18.868
Pkt 10 480 0.0208333 1
Pkt 6 300 0.02 1
Node 26 66 28.8444
Pkt 15 750 0.02 1
Pkt 16 800 0.02 1
Node 53 40 10.4403
Pkt 2 100 0.02 1
Pkt 5 240 0.0208333 1
Rate:41.3095
==========
==========27
7 0 2 24000
Node 65 55 15.8114
Pkt 5 240 0.0208333 1
Pkt 2 100 0.02 1
Node 33 53 17.2627
Pkt 8 375 0.0213333 1
Pkt 10 480 0.0208333 1
Node 31 28 29.0689
Pkt 16 800 0.02 1
Pkt 16 800 0.02 1
Node 40 51 10.0499
Pkt 3 125 0.024 1
Pkt 5 250 0.02 1
Node 35 65 21.2132
Pkt 8 375 0.0213333 1
Pkt 8 400 0.02 1
Node 28 60 24.1661
Pkt 15 750 0.02 1
Pkt 16 800 0.02 1
Node 67 74 29.4109
Pkt 5 250 0.02 1
Pkt 4 160 0.025 1
Rate:41.9048
==========
==========28
7 0 2 24000
Node 26 46 24.3311
Pkt 5 250 0.02 1
Pkt 4 192 0.0208333 1
Node 67 52 17.1172
Pkt 7 320 0.021875 1
Pkt 10 480 0.0208333 1
Node 60 38 15.6205
Pkt 15 750 0.02 1
Pkt 15 750 0.02 1
Node 39 51 11.0454
Pkt 5 240 0.0208333 1
Pkt 3 120 0.025 1
Node 57 60 12.2066
Pkt 10 480 0.0208333 1
Pkt 6 300 0.02 1
Node 50 62 12
Pkt 16 800 0.02 1
Pkt 15 750 0.02 1
Node 52 31 19.105
Pkt 3 120 0.025 1
Pkt 3 120 0.025 1
Rate:42.8869
==========
==========29
7 0 2 24000
Node 64 61 17.8045
Pkt 2 100 0.02 1
Pkt 3 150 0.02 1
Node 35 59 17.4929
Pkt 10 480 0.0208333 1
Pkt 8 375 0.0213333 1
Node 42 71 22.4722
Pkt 16 800 0.02 1
Pkt 16 800 0.02 1
Node 64 27 26.9258
Pkt 5 250 0.02 1
Pkt 3 120 0.025 1
Node 59 37 15.8114
Pkt 10 480 0.0208333 1
Pkt 6 300 0.02 1
Node 55 56 7.81025
Pkt 15 750 0.02 1
Pkt 16 800 0.02 1
Node 29 36 25.2389
Pkt 5 250 0.02 1
Pkt 5 240 0.0208333 1
Rate:41.2619
==========
==========30
7 0 2 24000
Node 74 66 28.8444
Pkt 3 120 0.025 1
Pkt 3 120 0.025 1
Node 41 53 9.48683
Pkt 10 480 0.0208333 1
Pkt 6 300 0.02 1
Node 72 32 28.4253
Pkt 15 750 0.02 1
Pkt 15 750 0.02 1
Node 26 40 26
Pkt 4 160 0.025 1
Pkt 3 150 0.02 1
Node 61 63 17.0294
Pkt 8 400 0.02 1
Pkt 6 300 0.02 1
Node 37 52 13.1529
Pkt 15 750 0.02 1
Pkt 16 800 0.02 1
Node 43 32 19.3132
Pkt 3 150 0.02 1
Pkt 4 160 0.025 1
Rate:42.9762
==========
==========31
7 0 2 24000
Node 34 41 18.3576
Pkt 3 150 0.02 1
Pkt 2 100 0.02 1
Node 27 72 31.8277
Pkt 6 300 0.02 1
Pkt 6 300 0.02 1
Node 69 36 23.6008
Pkt 16 800 0.02 1
Pkt 15 750 0.02 1
Node 65 30 25
Pkt 3 150 0.02 1
Pkt 4 200 0.02 1
Node 28 56 22.8035
Pkt 10 480 0.0208333 1
Pkt 7 320 0.021875 1
Node 52 62 12.1655
Pkt 16 800 0.02 1
Pkt 15 750 0.02 1
Node 53 73 23.1948
Pkt 4 200 0.02 1
Pkt 3 120 0.025 1
Rate:41.1012
==========
==========32
7 0 2 24000
Node 38 53 12.3693
Pkt 3 150 0.02 1
Pkt 2 100 0.02 1
Node 48 42 8.24621
Pkt 7 320 0.021875 1
Pkt 6 300 0.02 1
Node 33 66 23.3452
Pkt 16 800 0.02 1
Pkt 15 750 0.02 1
Node 73 44 23.7697
Pkt 5 240 0.0208333 1
Pkt 3 150 0.02 1
Node 28 31 29.0689
Pkt 8 375 0.0213333 1
Pkt 8 400 0.02 1
Node 61 30 22.8254
Pkt 16 800 0.02 1
Pkt 15 750 0.02 1
Node 50 70 20
Pkt 5 240 0.0208333 1
Pkt 3 125 0.024 1
Rate:41.2679
==========
==========33
7 0 2 24000
Node 70 34 25.6125
Pkt 5 250 0.02 1
Pkt 3 150 0.02 1
Node 74 60 26
Pkt 8 375 0.0213333 1
Pkt 6 300 0.02 1
Node 60 63 16.4012
Pkt 16 800 0.02 1
Pkt 15 750 0.02 1
Node 54 48 4.47214
Pkt 5 250 0.02 1
Pkt 4 200 0.02 1
Node 62 58 14.4222
Pkt 8 400 0.02 1
Pkt 8 400 0.02 1
Node 58 41 12.0416
Pkt 16 800 0.02 1
Pkt 16 800 0.02 1
Node 73 69 29.8329
Pkt 3 120 0.025 1
Pkt 4 160 0.025 1
Rate:41.619
==========
==========34
7 0 2 24000
Node 62 74 26.8328
Pkt 4 192 0.0208333 1
Pkt 3 120 0.025 1
Node 49 36 14.0357
Pkt 8 375 0.0213333 1
Pkt 8 375 0.0213333 1
Node 37 42 15.2643
Pkt 15 750 0.02 1
Pkt 15 750 0.02 1
Node 28 55 22.561
Pkt 5 250 0.02 1
Pkt 4 192 0.0208333 1
Node 42 64 16.1245
Pkt 10 480 0.0208333 1
Pkt 8 375 0.0213333 1
Node 62 29 24.1868
Pkt 15 750 0.02 1
Pkt 15 750 0.02 1
Node 51 33 17.0294
Pkt 5 240 0.0208333 1
Pkt 4 192 0.0208333 1
Rate:41.881
==========
==========35
7 0 2 24000
Node 25 31 31.4006
Pkt 3 125 0.024 1
Pkt 3 120 0.025 1
Node 51 44 6.08276
Pkt 8 375 0.0213333 1
Pkt 8 400 0.02 1
Node 34 47 16.2788
Pkt 16 800 0.02 1
Pkt 16 800 0.02 1
Node 58 42 11.3137
Pkt 3 120 0.025 1
Pkt 3 150 0.02 1
Node 46 38 12.6491
Pkt 8 400 0.02 1
Pkt 8 375 0.0213333 1
Node 74 42 25.2982
Pkt 16 800 0.02 1
Pkt 16 800 0.02 1
Node 73 53 23.1948
Pkt 2 100 0.02 1
Pkt 3 120 0.025 1
Rate:43.0952
==========
==========36
7 0 2 24000
Node 64 27 26.9258
Pkt 4 160 0.025 1
Pkt 3 150 0.02 1
Node 45 50 5
Pkt 8 400 0.02 1
Pkt 8 400 0.02 1
Node 26 40 26
Pkt 16 800 0.02 1
Pkt 16 800 0.02 1
Node 47 71 21.2132
Pkt 3 120 0.025 1
Pkt 5 240 0.0208333 1
Node 65 47 15.2971
Pkt 8 400 0.02 1
Pkt 8 400 0.02 1
Node 39 68 21.095
Pkt 15 750 0.02 1
Pkt 15 750 0.02 1
Node 41 28 23.7697
Pkt 2 100 0.02 1
Pkt 2 100 0.02 1
Rate:41.5476
==========
==========37
7 0 2 24000
Node 41 45 10.2956
Pkt 4 200 0.02 1
Pkt 3 150 0.02 1
Node 69 67 25.4951
Pkt 7 320 0.021875 1
Pkt 6 300 0.02 1
Node 31 25 31.4006
Pkt 16 800 0.02 1
Pkt 16 800 0.02 1
Node 48 38 12.1655
Pkt 4 200 0.02 1
Pkt 3 150 0.02 1
Node 64 43 15.6525
Pkt 10 480 0.0208333 1
Pkt 8 400 0.02 1
Node 25 67 30.2324
Pkt 16 800 0.02 1
Pkt 16 800 0.02 1
Node 68 43 19.3132
Pkt 2 100 0.02 1
Pkt 5 250 0.02 1
Rate:40.3869
==========
==========38
7 0 2 24000
Node 66 63 20.6155
Pkt 3 150 0.02 1
Pkt 2 100 0.02 1
Node 52 74 24.0832
Pkt 8 375 0.0213333 1
Pkt 6 300 0.02 1
Node 73 48 23.0868
Pkt 16 800 0.02 1
Pkt 15 750 0.02 1
Node 37 73 26.4197
Pkt 3 150 0.02 1
Pkt 4 192 0.0208333 1
Node 65 47 15.2971
Pkt 8 400 0.02 1
Pkt 7 320 0.021875 1
Node 33 39 20.2485
Pkt 15 750 0.02 1
Pkt 15 750 0.02 1
Node 73 67 28.6007
Pkt 4 192 0.0208333 1
Pkt 5 240 0.0208333 1
Rate:40.8155
==========
==========39
7 0 2 24000
Node 69 34 24.8395
Pkt 3 150 0.02 1
Pkt 3 120 0.025 1
Node 55 38 13
Pkt 6 300 0.02 1
Pkt 10 480 0.0208333 1
Node 36 53 14.3178
Pkt 16 800 0.02 1
Pkt 16 800 0.02 1
Node 32 63 22.2036
Pkt 4 192 0.0208333 1
Pkt 5 250 0.02 1
Node 55 47 5.83095
Pkt 7 320 0.021875 1
Pkt 8 400 0.02 1
Node 33 64 22.0227
Pkt 15 750 0.02 1
Pkt 16 800 0.02 1
Node 69 60 21.4709
Pkt 4 200 0.02 1
Pkt 4 192 0.0208333 1
Rate:41.3393
==========
==========40
7 0 2 24000
Node 36 33 22.0227
Pkt 4 200 0.02 1
Pkt 4 160 0.025 1
Node 67 35 22.6716
Pkt 7 320 0.021875 1
Pkt 10 480 0.0208333 1
Node 62 55 13
Pkt 16 800 0.02 1
Pkt 15 750 0.02 1
Node 39 35 18.6011
Pkt 5 240 0.0208333 1
Pkt 4 200 0.02 1
Node 56 58 10
Pkt 10 480 0.0208333 1
Pkt 8 400 0.02 1
Node 73 50 23
Pkt 15 750 0.02 1
Pkt 15 750 0.02 1
Node 65 42 17
Pkt 3 150 0.02 1
Pkt 5 240 0.0208333 1
Rate:41.4583
==========
==========41
7 0 2 24000
Node 73 54 23.3452
Pkt 4 192 0.0208333 1
Pkt 5 240 0.0208333 1
Node 29 37 24.6982
Pkt 7 320 0.021875 1
Pkt 8 375 0.0213333 1
Node 54 41 9.84886
Pkt 16 800 0.02 1
Pkt 15 750 0.02 1
Node 56 38 13.4164
Pkt 3 125 0.024 1
Pkt 4 192 0.0208333 1
Node 27 36 26.9258
Pkt 7 320 0.021875 1
Pkt 6 300 0.02 1
Node 40 36 17.2047
Pkt 15 750 0.02 1
Pkt 15 750 0.02 1
Node 66 37 20.6155
Pkt 4 200 0.02 1
Pkt 4 200 0.02 1
Rate:41.6548
==========
==========42
7 0 2 24000
Node 31 39 21.9545
Pkt 4 200 0.02 1
Pkt 4 200 0.02 1
Node 53 45 5.83095
Pkt 6 300 0.02 1
Pkt 7 320 0.021875 1
Node 42 36 16.1245
Pkt 15 750 0.02 1
Pkt 15 750 0.02 1
Node 68 74 30
Pkt 5 250 0.02 1
Pkt 3 125 0.024 1
Node 60 53 10.4403
Pkt 7 320 0.021875 1
Pkt 6 300 0.02 1
Node 51 53 3.16228
Pkt 16 800 0.02 1
Pkt 15 750 0.02 1
Node 72 69 29.0689
Pkt 2 100 0.02 1
Pkt 4 192 0.0208333 1
Rate:41.2262
==========
==========43
7 0 2 24000
Node 49 28 22.0227
Pkt 2 100 0.02 1
Pkt 2 100 0.02 1
Node 64 39 17.8045
Pkt 8 375 0.0213333 1
Pkt 6 300 0.02 1
Node 35 54 15.5242
Pkt 16 800 0.02 1
Pkt 16 800 0.02 1
Node 25 66 29.6816
Pkt 3 125 0.024 1
Pkt 5 240 0.0208333 1
Node 25 51 25.02
Pkt 6 300 0.02 1
Pkt 10 480 0.0208333 1
Node 40 60 14.1421
Pkt 16 800 0.02 1
Pkt 15 750 0.02 1
Node 50 40 10
Pkt 3 150 0.02 1
Pkt 3 125 0.024 1
Rate:41.5714
==========
==========44
7 0 2 24000
Node 33 41 19.2354
Pkt 4 160 0.025 1
Pkt 2 100 0.02 1
Node 69 64 23.6008
Pkt 7 320 0.021875 1
Pkt 6 300 0.02 1
Node 53 41 9.48683
Pkt 15 750 0.02 1
Pkt 16 800 0.02 1
Node 27 25 33.9706
Pkt 5 250 0.02 1
Pkt 3 125 0.024 1
Node 36 59 16.6433
Pkt 6 300 0.02 1
Pkt 8 400 0.02 1
Node 56 73 23.7697
Pkt 16 800 0.02 1
Pkt 15 750 0.02 1
Node 30 69 27.5862
Pkt 5 250 0.02 1
Pkt 4 192 0.0208333 1
Rate:41.6726
==========
==========45
7 0 2 24000
Node 60 49 10.0499
Pkt 3 125 0.024 1
Pkt 5 250 0.02 1
Node 49 36 14.0357
Pkt 7 320 0.021875 1
Pkt 8 375 0.0213333 1
Node 30 54 20.3961
Pkt 16 800 0.02 1
Pkt 15 750 0.02 1
Node 50 65 15
Pkt 3 150 0.02 1
Pkt 3 120 0.025 1
Node 27 36 26.9258
Pkt 6 300 0.02 1
Pkt 8 400 0.02 1
Node 42 53 8.544
Pkt 16 800 0.02 1
Pkt 16 800 0.02 1
Node 65 35 21.2132
Pkt 3 125 0.024 1
Pkt 4 160 0.025 1
Rate:43.0298
==========
==========46
7 0 2 24000
Node 51 46 4.12311
Pkt 4 192 0.0208333 1
Pkt 4 192 0.0208333 1
Node 64 44 15.2315
Pkt 10 480 0.0208333 1
Pkt 6 300 0.02 1
Node 42 35 17
Pkt 15 750 0.02 1
Pkt 15 750 0.02 1
Node 34 31 24.8395
Pkt 5 250 0.02 1
Pkt 3 120 0.025 1
Node 45 38 13
Pkt 6 300 0.02 1
Pkt 8 400 0.02 1
Node 70 36 24.4131
Pkt 16 800 0.02 1
Pkt 15 750 0.02 1
Node 29 25 32.6497
Pkt 4 200 0.02 1
Pkt 5 240 0.0208333 1
Rate:41.1905
==========
==========47
7 0 2 24000
Node 42 48 8.24621
Pkt 3 150 0.02 1
Pkt 5 240 0.0208333 1
Node 69 45 19.6469
Pkt 7 320 0.021875 1
Pkt 10 480 0.0208333 1
Node 70 55 20.6155
Pkt 15 750 0.02 1
Pkt 15 750 0.02 1
Node 64 29 25.2389
Pkt 5 250 0.02 1
Pkt 5 250 0.02 1
Node 40 61 14.8661
Pkt 7 320 0.021875 1
Pkt 7 320 0.021875 1
Node 56 34 17.088
Pkt 16 800 0.02 1
Pkt 15 750 0.02 1
Node 27 63 26.4197
Pkt 5 250 0.02 1
Pkt 4 200 0.02 1
Rate:41.0417
==========
==========48
7 0 2 24000
Node 27 27 32.5269
Pkt 2 100 0.02 1
Pkt 3 120 0.025 1
Node 30 42 21.5407
Pkt 8 375 0.0213333 1
Pkt 8 375 0.0213333 1
Node 51 70 20.025
Pkt 15 750 0.02 1
Pkt 16 800 0.02 1
Node 70 66 25.6125
Pkt 5 250 0.02 1
Pkt 3 150 0.02 1
Node 49 38 12.0416
Pkt 8 375 0.0213333 1
Pkt 6 300 0.02 1
Node 48 45 5.38516
Pkt 15 750 0.02 1
Pkt 16 800 0.02 1
Node 37 27 26.4197
Pkt 3 120 0.025 1
Pkt 5 250 0.02 1
Rate:42
==========
==========49
7 0 2 24000
Node 50 33 17
Pkt 4 200 0.02 1
Pkt 5 240 0.0208333 1
Node 37 40 16.4012
Pkt 8 400 0.02 1
Pkt 8 375 0.0213333 1
Node 60 32 20.5913
Pkt 16 800 0.02 1
Pkt 16 800 0.02 1
Node 67 39 20.2485
Pkt 4 192 0.0208333 1
Pkt 5 250 0.02 1
Node 26 41 25.632
Pkt 7 320 0.021875 1
Pkt 6 300 0.02 1
Node 70 49 20.025
Pkt 15 750 0.02 1
Pkt 16 800 0.02 1
Node 32 31 26.1725
Pkt 2 100 0.02 1
Pkt 2 100 0.02 1
Rate:40.6964
==========
==========50
7 0 2 24000
Node 67 27 28.6007
Pkt 5 250 0.02 1
Pkt 4 192 0.0208333 1
Node 62 25 27.7308
Pkt 8 400 0.02 1
Pkt 8 400 0.02 1
Node 41 49 9.05539
Pkt 16 800 0.02 1
Pkt 15 750 0.02 1
Node 58 73 24.3516
Pkt 3 120 0.025 1
Pkt 3 120 0.025 1
Node 27 68 29.2062
Pkt 8 400 0.02 1
Pkt 8 400 0.02 1
Node 46 52 4.47214
Pkt 15 750 0.02 1
Pkt 15 750 0.02 1
Node 35 38 19.2094
Pkt 4 200 0.02 1
Pkt 5 240 0.0208333 1
Rate:41.6667
==========
==========51
7 0 2 24000
Node 41 66 18.3576
Pkt 4 160 0.025 1
Pkt 5 240 0.0208333 1
Node 51 49 1.41421
Pkt 10 480 0.0208333 1
Pkt 6 300 0.02 1
Node 37 61 17.0294
Pkt 15 750 0.02 1
Pkt 16 800 0.02 1
Node 52 30 20.0998
Pkt 3 150 0.02 1
Pkt 4 192 0.0208333 1
Node 34 72 27.2029
Pkt 8 400 0.02 1
Pkt 10 480 0.0208333 1
Node 42 55 9.43398
Pkt 15 750 0.02 1
Pkt 15 750 0.02 1
Node 69 50 19
Pkt 4 160 0.025 1
Pkt 3 125 0.024 1
Rate:42.4762
==========
==========52
7 0 2 24000
Node 70 46 20.3961
Pkt 4 160 0.025 1
Pkt 5 250 0.02 1
Node 25 48 25.0799
Pkt 6 300 0.02 1
Pkt 8 375 0.0213333 1
Node 73 46 23.3452
Pkt 16 800 0.02 1
Pkt 15 750 0.02 1
Node 61 26 26.4008
Pkt 3 150 0.02 1
Pkt 3 125 0.024 1
Node 34 28 27.2029
Pkt 8 400 0.02 1
Pkt 6 300 0.02 1
Node 27 39 25.4951
Pkt 15 750 0.02 1
Pkt 15 750 0.02 1
Node 44 39 12.53
Pkt 3 150 0.02 1
Pkt 4 200 0.02 1
Rate:41.4762
==========
==========53
7 0 2 24000
Node 70 28 29.7321
Pkt 3 120 0.025 1
Pkt 4 200 0.02 1
Node 35 67 22.6716
Pkt 8 375 0.0213333 1
Pkt 8 400 0.02 1
Node 65 36 20.5183
Pkt 16 800 0.02 1
Pkt 15 750 0.02 1
Node 26 50 24
Pkt 4 192 0.0208333 1
Pkt 3 125 0.024 1
Node 53 49 3.16228
Pkt 8 400 0.02 1
Pkt 8 400 0.02 1
Node 57 32 19.3132
Pkt 16 800 0.02 1
Pkt 16 800 0.02 1
Node 56 47 6.7082
Pkt 4 192 0.0208333 1
Pkt 4 192 0.0208333 1
Rate:41.8333
==========
==========54
7 0 2 24000
Node 28 61 24.5967
Pkt 4 192 0.0208333 1
Pkt 3 125 0.024 1
Node 34 46 16.4924
Pkt 8 375 0.0213333 1
Pkt 6 300 0.02 1
Node 35 72 26.6271
Pkt 15 750 0.02 1
Pkt 15 750 0.02 1
Node 43 31 20.2485
Pkt 4 192 0.0208333 1
Pkt 3 125 0.024 1
Node 62 36 18.4391
Pkt 6 300 0.02 1
Pkt 8 375 0.0213333 1
Node 42 51 8.06226
Pkt 16 800 0.02 1
Pkt 15 750 0.02 1
Node 55 44 7.81025
Pkt 4 192 0.0208333 1
Pkt 2 100 0.02 1
Rate:41.881
==========
==========55
7 0 2 24000
Node 27 37 26.4197
Pkt 3 120 0.025 1
Pkt 5 250 0.02 1
Node 26 36 27.7849
Pkt 6 300 0.02 1
Pkt 6 300 0.02 1
Node 27 73 32.5269
Pkt 16 800 0.02 1
Pkt 15 750 0.02 1
Node 73 61 25.4951
Pkt 3 150 0.02 1
Pkt 5 240 0.0208333 1
Node 37 39 17.0294
Pkt 7 320 0.021875 1
Pkt 8 375 0.0213333 1
Node 72 64 26.0768
Pkt 16 800 0.02 1
Pkt 15 750 0.02 1
Node 31 66 24.8395
Pkt 3 120 0.025 1
Pkt 2 100 0.02 1
Rate:42.006
==========
==========56
7 0 2 24000
Node 55 45 7.07107
Pkt 3 150 0.02 1
Pkt 3 150 0.02 1
Node 51 40 10.0499
Pkt 8 375 0.0213333 1
Pkt 6 300 0.02 1
Node 46 44 7.2111
Pkt 16 800 0.02 1
Pkt 16 800 0.02 1
Node 71 48 21.095
Pkt 5 250 0.02 1
Pkt 4 160 0.025 1
Node 58 64 16.1245
Pkt 8 375 0.0213333 1
Pkt 8 400 0.02 1
Node 47 63 13.3417
Pkt 15 750 0.02 1
Pkt 16 800 0.02 1
Node 41 60 13.4536
Pkt 3 150 0.02 1
Pkt 3 120 0.025 1
Rate:41.8095
==========
==========57
7 0 2 24000
Node 39 33 20.2485
Pkt 3 125 0.024 1
Pkt 3 150 0.02 1
Node 64 74 27.7849
Pkt 6 300 0.02 1
Pkt 8 400 0.02 1
Node 38 29 24.1868
Pkt 16 800 0.02 1
Pkt 16 800 0.02 1
Node 54 56 7.2111
Pkt 4 192 0.0208333 1
Pkt 3 120 0.025 1
Node 28 38 25.0599
Pkt 7 320 0.021875 1
Pkt 6 300 0.02 1
Node 66 30 25.6125
Pkt 16 800 0.02 1
Pkt 15 750 0.02 1
Node 73 28 31.8277
Pkt 3 125 0.024 1
Pkt 3 120 0.025 1
Rate:42.9583
==========
==========58
7 0 2 24000
Node 31 73 29.8329
Pkt 2 100 0.02 1
Pkt 3 150 0.02 1
Node 69 49 19.0263
Pkt 8 375 0.0213333 1
Pkt 6 300 0.02 1
Node 54 53 5
Pkt 15 750 0.02 1
Pkt 15 750 0.02 1
Node 40 26 26
Pkt 4 160 0.025 1
Pkt 5 250 0.02 1
Node 54 33 17.4642
Pkt 6 300 0.02 1
Pkt 8 400 0.02 1
Node 71 74 31.8904
Pkt 15 750 0.02 1
Pkt 16 800 0.02 1
Node 50 52 2
Pkt 3 150 0.02 1
Pkt 3 150 0.02 1
Rate:40.9048
==========
==========59
7 0 2 24000
Node 59 68 20.1246
Pkt 4 200 0.02 1
Pkt 4 200 0.02 1
Node 51 45 5.09902
Pkt 10 480 0.0208333 1
Pkt 8 375 0.0213333 1
Node 31 41 21.0238
Pkt 16 800 0.02 1
Pkt 16 800 0.02 1
Node 55 60 11.1803
Pkt 5 250 0.02 1
Pkt 4 192 0.0208333 1
Node 35 31 24.2074
Pkt 7 320 0.021875 1
Pkt 8 400 0.02 1
Node 37 40 16.4012
Pkt 15 750 0.02 1
Pkt 15 750 0.02 1
Node 36 71 25.2389
Pkt 5 240 0.0208333 1
Pkt 2 100 0.02 1
Rate:40.8155
==========
==========60
7 0 2 24000
Node 39 38 16.2788
Pkt 5 240 0.0208333 1
Pkt 3 150 0.02 1
Node 58 39 13.6015
Pkt 6 300 0.02 1
Pkt 7 320 0.021875 1
Node 41 66 18.3576
Pkt 16 800 0.02 1
Pkt 16 800 0.02 1
Node 50 36 14
Pkt 3 125 0.024 1
Pkt 5 250 0.02 1
Node 51 60 10.0499
Pkt 8 375 0.0213333 1
Pkt 10 480 0.0208333 1
Node 35 64 20.5183
Pkt 16 800 0.02 1
Pkt 16 800 0.02 1
Node 55 35 15.8114
Pkt 4 200 0.02 1
Pkt 5 250 0.02 1
Rate:41.2679
==========
==========61
7 0 2 24000
Node 40 59 13.4536
Pkt 4 192 0.0208333 1
Pkt 5 250 0.02 1
Node 54 60 10.7703
Pkt 7 320 0.021875 1
Pkt 6 300 0.02 1
Node 58 64 16.1245
Pkt 15 750 0.02 1
Pkt 15 750 0.02 1
Node 32 43 19.3132
Pkt 5 240 0.0208333 1
Pkt 5 240 0.0208333 1
Node 52 55 5.38516
Pkt 6 300 0.02 1
Pkt 8 375 0.0213333 1
Node 41 29 22.8473
Pkt 15 750 0.02 1
Pkt 15 750 0.02 1
Node 34 62 20
Pkt 3 150 0.02 1
Pkt 3 150 0.02 1
Rate:40.8155
==========
==========62
7 0 2 24000
Node 27 68 29.2062
Pkt 3 120 0.025 1
Pkt 4 160 0.025 1
Node 44 67 18.0278
Pkt 7 320 0.021875 1
Pkt 10 480 0.0208333 1
Node 44 70 20.8806
Pkt 15 750 0.02 1
Pkt 15 750 0.02 1
Node 58 59 12.0416
Pkt 4 192 0.0208333 1
Pkt 3 150 0.02 1
Node 27 63 26.4197
Pkt 8 400 0.02 1
Pkt 10 480 0.0208333 1
Node 31 27 29.8329
Pkt 15 750 0.02 1
Pkt 16 800 0.02 1
Node 30 68 26.9072
Pkt 2 100 0.02 1
Pkt 3 150 0.02 1
Rate:42.0536
==========
==========63
7 0 2 24000
Node 28 49 22.0227
Pkt 5 240 0.0208333 1
Pkt 2 100 0.02 1
Node 66 61 19.4165
Pkt 8 400 0.02 1
Pkt 7 320 0.021875 1
Node 34 62 20
Pkt 16 800 0.02 1
Pkt 15 750 0.02 1
Node 64 42 16.1245
Pkt 4 200 0.02 1
Pkt 3 125 0.024 1
Node 63 35 19.8494
Pkt 8 375 0.0213333 1
Pkt 10 480 0.0208333 1
Node 69 27 29.8329
Pkt 15 750 0.02 1
Pkt 15 750 0.02 1
Node 74 71 31.8904
Pkt 4 200 0.02 1
Pkt 5 240 0.0208333 1
Rate:41.3869
==========
==========64
7 0 2 24000
Node 32 30 26.9072
Pkt 2 100 0.02 1
Pkt 3 125 0.024 1
Node 32 35 23.4307
Pkt 7 320 0.021875 1
Pkt 8 400 0.02 1
Node 41 51 9.05539
Pkt 15 750 0.02 1
Pkt 15 750 0.02 1
Node 67 72 27.8029
Pkt 3 120 0.025 1
Pkt 3 125 0.024 1
Node 37 25 28.178
Pkt 8 400 0.02 1
Pkt 7 320 0.021875 1
Node 54 31 19.4165
Pkt 15 750 0.02 1
Pkt 15 750 0.02 1
Node 35 29 25.807
Pkt 3 150 0.02 1
Pkt 2 100 0.02 1
Rate:42.3929
==========
==========65
7 0 2 24000
Node 66 70 25.6125
Pkt 3 150 0.02 1
Pkt 2 100 0.02 1
Node 41 34 18.3576
Pkt 7 320 0.021875 1
Pkt 7 320 0.021875 1
Node 38 29 24.1868
Pkt 16 800 0.02 1
Pkt 16 800 0.02 1
Node 74 73 33.2415
Pkt 5 240 0.0208333 1
Pkt 3 150 0.02 1
Node 70 60 22.3607
Pkt 6 300 0.02 1
Pkt 8 375 0.0213333 1
Node 49 67 17.0294
Pkt 15 750 0.02 1
Pkt 16 800 0.02 1
Node 38 33 20.8087
Pkt 4 192 0.0208333 1
Pkt 2 100 0.02 1
Rate:40.9643
==========
==========66
7 0 2 24000
Node 30 35 25
Pkt 2 100 0.02 1
Pkt 3 150 0.02 1
Node 45 60 11.1803
Pkt 6 300 0.02 1
Pkt 10 480 0.0208333 1
Node 53 32 18.2483
Pkt 16 800 0.02 1
Pkt 16 800 0.02 1
Node 35 61 18.6011
Pkt 4 160 0.025 1
Pkt 4 192 0.0208333 1
Node 73 39 25.4951
Pkt 10 480 0.0208333 1
Pkt 7 320 0.021875 1
Node 60 26 26
Pkt 15 750 0.02 1
Pkt 15 750 0.02 1
Node 26 51 24.0208
Pkt 3 125 0.024 1
Pkt 5 250 0.02 1
Rate:41.9107
==========
==========67
7 0 2 24000
Node 52 44 6.32456
Pkt 3 125 0.024 1
Pkt 3 150 0.02 1
Node 53 54 5
Pkt 7 320 0.021875 1
Pkt 7 320 0.021875 1
Node 41 46 9.84886
Pkt 15 750 0.02 1
Pkt 15 750 0.02 1
Node 63 60 16.4012
Pkt 5 240 0.0208333 1
Pkt 4 160 0.025 1
Node 48 47 3.60555
Pkt 10 480 0.0208333 1
Pkt 8 375 0.0213333 1
Node 41 50 9
Pkt 15 750 0.02 1
Pkt 15 750 0.02 1
Node 36 63 19.105
Pkt 4 200 0.02 1
Pkt 4 200 0.02 1
Rate:42.25
==========
==========68
7 0 2 24000
Node 51 47 3.16228
Pkt 5 240 0.0208333 1
Pkt 3 125 0.024 1
Node 36 38 18.4391
Pkt 10 480 0.0208333 1
Pkt 8 375 0.0213333 1
Node 41 74 25.632
Pkt 15 750 0.02 1
Pkt 16 800 0.02 1
Node 30 37 23.8537
Pkt 4 160 0.025 1
Pkt 4 160 0.025 1
Node 42 38 14.4222
Pkt 10 480 0.0208333 1
Pkt 8 400 0.02 1
Node 64 37 19.105
Pkt 15 750 0.02 1
Pkt 15 750 0.02 1
Node 39 26 26.4008
Pkt 3 125 0.024 1
Pkt 4 160 0.025 1
Rate:43.8333
==========
==========69
7 0 2 24000
Node 29 43 22.1359
Pkt 3 120 0.025 1
Pkt 3 125 0.024 1
Node 41 49 9.05539
Pkt 8 400 0.02 1
Pkt 7 320 0.021875 1
Node 32 56 18.9737
Pkt 15 750 0.02 1
Pkt 16 800 0.02 1
Node 48 29 21.095
Pkt 3 120 0.025 1
Pkt 3 125 0.024 1
Node 45 43 8.60233
Pkt 8 400 0.02 1
Pkt 8 400 0.02 1
Node 27 58 24.3516
Pkt 16 800 0.02 1
Pkt 15 750 0.02 1
Node 42 33 18.7883
Pkt 5 240 0.0208333 1
Pkt 3 120 0.025 1
Rate:43.6726
==========
==========70
7 0 2 24000
Node 29 31 28.3196
Pkt 4 192 0.0208333 1
Pkt 4 192 0.0208333 1
Node 71 60 23.2594
Pkt 10 480 0.0208333 1
Pkt 6 300 0.02 1
Node 64 30 24.4131
Pkt 15 750 0.02 1
Pkt 15 750 0.02 1
Node 63 47 13.3417
Pkt 5 250 0.02 1
Pkt 2 100 0.02 1
Node 40 39 14.8661
Pkt 10 480 0.0208333 1
Pkt 10 480 0.0208333 1
Node 55 50 5
Pkt 15 750 0.02 1
Pkt 16 800 0.02 1
Node 52 46 4.47214
Pkt 2 100 0.02 1
Pkt 4 192 0.0208333 1
Rate:40.7143
==========
==========71
7 0 2 24000
Node 50 73 23
Pkt 4 192 0.0208333 1
Pkt 3 125 0.024 1
Node 57 38 13.8924
Pkt 8 375 0.0213333 1
Pkt 8 375 0.0213333 1
Node 57 69 20.2485
Pkt 15 750 0.02 1
Pkt 15 750 0.02 1
Node 74 52 24.0832
Pkt 3 125 0.024 1
Pkt 4 160 0.025 1
Node 30 60 22.3607
Pkt 10 480 0.0208333 1
Pkt 8 375 0.0213333 1
Node 71 61 23.7065
Pkt 16 800 0.02 1
Pkt 16 800 0.02 1
Node 72 30 29.7321
Pkt 2 100 0.02 1
Pkt 3 120 0.025 1
Rate:43.381
==========
==========72
7 0 2 24000
Node 33 26 29.4109
Pkt 4 192 0.0208333 1
Pkt 4 200 0.02 1
Node 46 64 14.5602
Pkt 8 375 0.0213333 1
Pkt 8 375 0.0213333 1
Node 30 49 20.025
Pkt 16 800 0.02 1
Pkt 16 800 0.02 1
Node 58 44 10
Pkt 5 250 0.02 1
Pkt 5 250 0.02 1
Node 28 45 22.561
Pkt 8 375 0.0213333 1
Pkt 10 480 0.0208333 1
Node 38 66 20
Pkt 16 800 0.02 1
Pkt 16 800 0.02 1
Node 47 46 5
Pkt 3 120 0.025 1
Pkt 3 120 0.025 1
Rate:42.2381
==========
==========73
7 0 2 24000
Node 50 53 3
Pkt 4 200 0.02 1
Pkt 4 192 0.0208333 1
Node 32 40 20.5913
Pkt 8 375 0.0213333 1
Pkt 8 400 0.02 1
Node 32 37 22.2036
Pkt 15 750 0.02 1
Pkt 16 800 0.02 1
Node 71 30 29
Pkt 3 120 0.025 1
Pkt 5 240 0.0208333 1
Node 42 32 19.6977
Pkt 7 320 0.021875 1
Pkt 8 400 0.02 1
Node 60 60 14.1421
Pkt 16 800 0.02 1
Pkt 16 800 0.02 1
Node 68 49 18.0278
Pkt 3 150 0.02 1
Pkt 4 200 0.02 1
Rate:41.4107
==========
==========74
7 0 2 24000
Node 55 64 14.8661
Pkt 3 150 0.02 1
Pkt 4 160 0.025 1
Node 45 32 18.6815
Pkt 6 300 0.02 1
Pkt 7 320 0.021875 1
Node 56 32 18.9737
Pkt 16 800 0.02 1
Pkt 16 800 0.02 1
Node 53 28 22.2036
Pkt 3 150 0.02 1
Pkt 4 200 0.02 1
Node 29 49 21.0238
Pkt 7 320 0.021875 1
Pkt 10 480 0.0208333 1
Node 51 32 18.0278
Pkt 15 750 0.02 1
Pkt 15 750 0.02 1
Node 34 58 17.8885
Pkt 4 200 0.02 1
Pkt 4 200 0.02 1
Rate:41.369
==========
==========75
7 0 2 24000
Node 43 34 17.4642
Pkt 5 240 0.0208333 1
Pkt 5 250 0.02 1
Node 74 41 25.632
Pkt 7 320 0.021875 1
Pkt 6 300 0.02 1
Node 65 48 15.1327
Pkt 16 800 0.02 1
Pkt 15 750 0.02 1
Node 64 50 14
Pkt 3 120 0.025 1
Pkt 2 100 0.02 1
Node 45 54 6.40312
Pkt 10 480 0.0208333 1
Pkt 8 375 0.0213333 1
Node 74 27 33.2415
Pkt 16 800 0.02 1
Pkt 16 800 0.02 1
Node 31 58 20.6155
Pkt 4 160 0.025 1
Pkt 4 192 0.0208333 1
Rate:42.244
==========
==========76
7 0 2 24000
Node 28 33 27.8029
Pkt 3 120 0.025 1
Pkt 3 125 0.024 1
Node 55 27 23.5372
Pkt 6 300 0.02 1
Pkt 8 375 0.0213333 1
Node 40 50 10
Pkt 16 800 0.02 1
Pkt 16 800 0.02 1
Node 30 29 29
Pkt 5 250 0.02 1
Pkt 3 120 0.025 1
Node 31 33 25.4951
Pkt 7 320 0.021875 1
Pkt 8 375 0.0213333 1
Node 59 59 12.7279
Pkt 16 800 0.02 1
Pkt 15 750 0.02 1
Node 53 65 15.2971
Pkt 2 100 0.02 1
Pkt 5 240 0.0208333 1
Rate:42.7679
==========
==========77
7 0 2 24000
Node 59 64 16.6433
Pkt 5 250 0.02 1
Pkt 2 100 0.02 1
Node 72 73 31.8277
Pkt 8 375 0.0213333 1
Pkt 7 320 0.021875 1
Node 52 29 21.095
Pkt 15 750 0.02 1
Pkt 15 750 0.02 1
Node 41 42 12.0416
Pkt 4 160 0.025 1
Pkt 3 125 0.024 1
Node 61 67 20.2485
Pkt 10 480 0.0208333 1
Pkt 8 375 0.0213333 1
Node 26 63 27.2947
Pkt 15 750 0.02 1
Pkt 16 800 0.02 1
Node 61 68 21.095
Pkt 5 240 0.0208333 1
Pkt 4 160 0.025 1
Rate:42.8869
==========
==========78
7 0 2 24000
Node 45 48 5.38516
Pkt 4 192 0.0208333 1
Pkt 5 250 0.02 1
Node 26 68 30
Pkt 6 300 0.02 1
Pkt 8 375 0.0213333 1
Node 49 73 23.0217
Pkt 15 750 0.02 1
Pkt 16 800 0.02 1
Node 52 54 4.47214
Pkt 3 150 0.02 1
Pkt 4 160 0.025 1
Node 47 53 4.24264
Pkt 6 300 0.02 1
Pkt 10 480 0.0208333 1
Node 47 48 3.60555
Pkt 16 800 0.02 1
Pkt 15 750 0.02 1
Node 69 60 21.4709
Pkt 3 125 0.024 1
Pkt 4 192 0.0208333 1
Rate:41.8333
==========
==========79
7 0 2 24000
Node 58 25 26.2488
Pkt 5 240 0.0208333 1
Pkt 5 240 0.0208333 1
Node 58 42 11.3137
Pkt 8 375 0.0213333 1
Pkt 8 400 0.02 1
Node 72 25 33.3017
Pkt 15 750 0.02 1
Pkt 15 750 0.02 1
Node 68 55 18.6815
Pkt 4 160 0.025 1
Pkt 4 192 0.0208333 1
Node 30 54 20.3961
Pkt 6 300 0.02 1
Pkt 8 375 0.0213333 1
Node 66 28 27.2029
Pkt 15 750 0.02 1
Pkt 15 750 0.02 1
Node 73 57 24.0416
Pkt 3 125 0.024 1
Pkt 5 240 0.0208333 1
Rate:42.1429
==========
==========80
7 0 2 24000
Node 37 57 14.7648
Pkt 4 160 0.025 1
Pkt 5 250 0.02 1
Node 40 73 25.0799
Pkt 8 400 0.02 1
Pkt 7 320 0.021875 1
Node 53 53 4.24264
Pkt 16 800 0.02 1
Pkt 15 750 0.02 1
Node 37 53 13.3417
Pkt 2 100 0.02 1
Pkt 3 150 0.02 1
Node 53 60 10.4403
Pkt 8 400 0.02 1
Pkt 7 320 0.021875 1
Node 37 72 25.5539
Pkt 16 800 0.02 1
Pkt 15 750 0.02 1
Node 30 36 24.4131
Pkt 4 160 0.025 1
Pkt 4 192 0.0208333 1
Rate:42.0833
==========
==========81
7 0 2 24000
Node 64 73 26.9258
Pkt 4 192 0.0208333 1
Pkt 5 250 0.02 1
Node 49 57 7.07107
Pkt 8 375 0.0213333 1
Pkt 8 375 0.0213333 1
Node 41 42 12.0416
Pkt 15 750 0.02 1
Pkt 15 750 0.02 1
Node 70 72 29.7321
Pkt 5 240 0.0208333 1
Pkt 4 192 0.0208333 1
Node 27 54 23.3452
Pkt 8 375 0.0213333 1
Pkt 7 320 0.021875 1
Node 55 70 20.6155
Pkt 16 800 0.02 1
Pkt 16 800 0.02 1
Node 25 50 25
Pkt 2 100 0.02 1
Pkt 3 125 0.024 1
Rate:41.7679
==========
==========82
7 0 2 24000
Node 44 26 24.7386
Pkt 3 120 0.025 1
Pkt 5 240 0.0208333 1
Node 72 59 23.7697
Pkt 6 300 0.02 1
Pkt 7 320 0.021875 1
Node 49 63 13.0384
Pkt 15 750 0.02 1
Pkt 16 800 0.02 1
Node 29 27 31.1448
Pkt 3 150 0.02 1
Pkt 3 120 0.025 1
Node 60 51 10.0499
Pkt 7 320 0.021875 1
Pkt 6 300 0.02 1
Node 63 56 14.3178
Pkt 15 750 0.02 1
Pkt 16 800 0.02 1
Node 47 33 17.2627
Pkt 4 160 0.025 1
Pkt 5 250 0.02 1
Rate:42.7976
==========
==========83
7 0 2 24000
Node 70 46 20.3961
Pkt 4 160 0.025 1
Pkt 4 160 0.025 1
Node 45 32 18.6815
Pkt 10 480 0.0208333 1
Pkt 8 400 0.02 1
Node 60 41 13.4536
Pkt 16 800 0.02 1
Pkt 15 750 0.02 1
Node 67 72 27.8029
Pkt 3 125 0.024 1
Pkt 3 150 0.02 1
Node 50 57 7
Pkt 10 480 0.0208333 1
Pkt 8 375 0.0213333 1
Node 57 37 14.7648
Pkt 16 800 0.02 1
Pkt 15 750 0.02 1
Node 71 34 26.4008
Pkt 3 120 0.025 1
Pkt 3 125 0.024 1
Rate:43.7143
==========
==========84
7 0 2 24000
Node 73 59 24.6982
Pkt 2 100 0.02 1
Pkt 4 192 0.0208333 1
Node 34 45 16.7631
Pkt 6 300 0.02 1
Pkt 8 400 0.02 1
Node 50 49 1
Pkt 15 750 0.02 1
Pkt 15 750 0.02 1
Node 58 69 20.6155
Pkt 4 192 0.0208333 1
Pkt 4 200 0.02 1
Node 59 45 10.2956
Pkt 8 375 0.0213333 1
Pkt 8 400 0.02 1
Node 48 37 13.1529
Pkt 15 750 0.02 1
Pkt 15 750 0.02 1
Node 37 29 24.6982
Pkt 5 240 0.0208333 1
Pkt 4 200 0.02 1
Rate:40.5476
==========
==========85
7 0 2 24000
Node 56 45 7.81025
Pkt 5 240 0.0208333 1
Pkt 3 120 0.025 1
Node 32 32 25.4558
Pkt 8 400 0.02 1
Pkt 8 375 0.0213333 1
Node 69 58 20.6155
Pkt 15 750 0.02 1
Pkt 16 800 0.02 1
Node 65 42 17
Pkt 3 150 0.02 1
Pkt 3 125 0.024 1
Node 55 28 22.561
Pkt 7 320 0.021875 1
Pkt 6 300 0.02 1
Node 34 52 16.1245
Pkt 15 750 0.02 1
Pkt 16 800 0.02 1
Node 67 27 28.6007
Pkt 3 125 0.024 1
Pkt 4 200 0.02 1
Rate:42.4345
==========
==========86
7 0 2 24000
Node 32 25 30.8058
Pkt 3 125 0.024 1
Pkt 3 150 0.02 1
Node 32 47 18.2483
Pkt 7 320 0.021875 1
Pkt 7 320 0.021875 1
Node 49 54 4.12311
Pkt 16 800 0.02 1
Pkt 16 800 0.02 1
Node 50 35 15
Pkt 3 150 0.02 1
Pkt 3 120 0.025 1
Node 30 71 29
Pkt 8 400 0.02 1
Pkt 8 400 0.02 1
Node 73 58 24.3516
Pkt 15 750 0.02 1
Pkt 16 800 0.02 1
Node 35 38 19.2094
Pkt 4 160 0.025 1
Pkt 2 100 0.02 1
Rate:42.5357
==========
==========87
7 0 2 24000
Node 68 58 19.6977
Pkt 5 240 0.0208333 1
Pkt 3 120 0.025 1
Node 30 55 20.6155
Pkt 8 375 0.0213333 1
Pkt 6 300 0.02 1
Node 27 64 26.9258
Pkt 15 750 0.02 1
Pkt 15 750 0.02 1
Node 40 35 18.0278
Pkt 4 192 0.0208333 1
Pkt 4 200 0.02 1
Node 49 57 7.07107
Pkt 8 400 0.02 1
Pkt 8 375 0.0213333 1
Node 40 32 20.5913
Pkt 15 750 0.02 1
Pkt 16 800 0.02 1
Node 63 58 15.2643
Pkt 3 120 0.025 1
Pkt 4 192 0.0208333 1
Rate:42.1667
==========
==========88
7 0 2 24000
Node 51 35 15.0333
Pkt 4 160 0.025 1
Pkt 3 125 0.024 1
Node 36 74 27.7849
Pkt 8 400 0.02 1
Pkt 7 320 0.021875 1
Node 58 32 19.6977
Pkt 16 800 0.02 1
Pkt 16 800 0.02 1
Node 37 39 17.0294
Pkt 2 100 0.02 1
Pkt 3 150 0.02 1
Node 34 58 17.8885
Pkt 10 480 0.0208333 1
Pkt 10 480 0.0208333 1
Node 39 59 14.2127
Pkt 16 800 0.02 1
Pkt 16 800 0.02 1
Node 37 26 27.2947
Pkt 2 100 0.02 1
Pkt 4 160 0.025 1
Rate:42.506
==========
==========89
7 0 2 24000
Node 38 31 22.4722
Pkt 4 160 0.025 1
Pkt 3 125 0.024 1
Node 50 63 13
Pkt 6 300 0.02 1
Pkt 6 300 0.02 1
Node 64 46 14.5602
Pkt 15 750 0.02 1
Pkt 16 800 0.02 1
Node 26 39 26.4008
Pkt 4 160 0.025 1
Pkt 3 120 0.025 1
Node 30 50 20
Pkt 8 400 0.02 1
Pkt 10 480 0.0208333 1
Node 32 74 30
Pkt 16 800 0.02 1
Pkt 15 750 0.02 1
Node 41 41 12.7279
Pkt 5 250 0.02 1
Pkt 3 125 0.024 1
Rate:43.4048
==========
==========90
7 0 2 24000
Node 30 57 21.1896
Pkt 3 120 0.025 1
Pkt 4 200 0.02 1
Node 37 61 17.0294
Pkt 8 400 0.02 1
Pkt 8 375 0.0213333 1
Node 43 61 13.0384
Pkt 16 800 0.02 1
Pkt 15 750 0.02 1
Node 74 61 26.4008
Pkt 5 240 0.0208333 1
Pkt 5 240 0.0208333 1
Node 58 28 23.4094
Pkt 8 375 0.0213333 1
Pkt 10 480 0.0208333 1
Node 62 54 12.6491
Pkt 15 750 0.02 1
Pkt 16 800 0.02 1
Node 60 51 10.0499
Pkt 3 120 0.025 1
Pkt 3 125 0.024 1
Rate:42.7381
==========
==========91
7 0 2 24000
Node 32 73 29.2062
Pkt 5 240 0.0208333 1
Pkt 3 125 0.024 1
Node 43 50 7
Pkt 7 320 0.021875 1
Pkt 8 400 0.02 1
Node 26 74 33.9411
Pkt 16 800 0.02 1
Pkt 16 800 0.02 1
Node 66 27 28.0179
Pkt 5 240 0.0208333 1
Pkt 4 200 0.02 1
Node 42 45 9.43398
Pkt 8 400 0.02 1
Pkt 8 400 0.02 1
Node 30 40 22.3607
Pkt 15 750 0.02 1
Pkt 15 750 0.02 1
Node 50 54 4
Pkt 5 250 0.02 1
Pkt 3 125 0.024 1
Rate:41.6488
==========
==========92
7 0 2 24000
Node 25 68 30.8058
Pkt 5 240 0.0208333 1
Pkt 4 200 0.02 1
Node 57 27 24.0416
Pkt 8 375 0.0213333 1
Pkt 8 400 0.02 1
Node 37 61 17.0294
Pkt 15 750 0.02 1
Pkt 16 800 0.02 1
Node 61 74 26.4008
Pkt 4 200 0.02 1
Pkt 4 192 0.0208333 1
Node 47 59 9.48683
Pkt 8 375 0.0213333 1
Pkt 7 320 0.021875 1
Node 73 48 23.0868
Pkt 15 750 0.02 1
Pkt 15 750 0.02 1
Node 55 48 5.38516
Pkt 3 125 0.024 1
Pkt 2 100 0.02 1
Rate:41.4583
==========
==========93
7 0 2 24000
Node 69 41 21.0238
Pkt 2 100 0.02 1
Pkt 5 240 0.0208333 1
Node 50 64 14
Pkt 8 400 0.02 1
Pkt 7 320 0.021875 1
Node 45 53 5.83095
Pkt 16 800 0.02 1
Pkt 15 750 0.02 1
Node 36 38 18.4391
Pkt 3 120 0.025 1
Pkt 5 240 0.0208333 1
Node 37 28 25.5539
Pkt 7 320 0.021875 1
Pkt 10 480 0.0208333 1
Node 69 33 25.4951
Pkt 15 750 0.02 1
Pkt 15 750 0.02 1
Node 44 31 19.9249
Pkt 2 100 0.02 1
Pkt 4 192 0.0208333 1
Rate:41.7262
==========
==========94
7 0 2 24000
Node 63 60 16.4012
Pkt 4 200 0.02 1
Pkt 5 250 0.02 1
Node 71 26 31.8904
Pkt 6 300 0.02 1
Pkt 8 400 0.02 1
Node 59 33 19.2354
Pkt 15 750 0.02 1
Pkt 16 800 0.02 1
Node 72 66 27.2029
Pkt 2 100 0.02 1
Pkt 4 160 0.025 1
Node 70 43 21.1896
Pkt 8 375 0.0213333 1
Pkt 10 480 0.0208333 1
Node 53 43 7.61577
Pkt 16 800 0.02 1
Pkt 16 800 0.02 1
Node 51 59 9.05539
Pkt 2 100 0.02 1
Pkt 3 125 0.024 1
Rate:41.5952
==========
==========95
7 0 2 24000
Node 30 74 31.241
Pkt 3 125 0.024 1
Pkt 4 200 0.02 1
Node 38 38 16.9706
Pkt 10 480 0.0208333 1
Pkt 8 375 0.0213333 1
Node 26 53 24.1868
Pkt 15 750 0.02 1
Pkt 16 800 0.02 1
Node 48 26 24.0832
Pkt 2 100 0.02 1
Pkt 3 120 0.025 1
Node 52 60 10.198
Pkt 6 300 0.02 1
Pkt 8 400 0.02 1
Node 52 25 25.0799
Pkt 16 800 0.02 1
Pkt 16 800 0.02 1
Node 74 44 24.7386
Pkt 5 240 0.0208333 1
Pkt 3 125 0.024 1
Rate:42.2857
==========
==========96
7 0 2 24000
Node 59 45 10.2956
Pkt 5 240 0.0208333 1
Pkt 3 120 0.025 1
Node 56 59 10.8167
Pkt 6 300 0.02 1
Pkt 6 300 0.02 1
Node 48 48 2.82843
Pkt 15 750 0.02 1
Pkt 16 800 0.02 1
Node 69 26 30.6105
Pkt 5 250 0.02 1
Pkt 4 192 0.0208333 1
Node 53 25 25.1794
Pkt 6 300 0.02 1
Pkt 8 400 0.02 1
Node 69 33 25.4951
Pkt 15 750 0.02 1
Pkt 16 800 0.02 1
Node 58 25 26.2488
Pkt 4 160 0.025 1
Pkt 4 160 0.025 1
Rate:42.381
==========
==========97
7 0 2 24000
Node 27 57 24.0416
Pkt 4 200 0.02 1
Pkt 2 100 0.02 1
Node 46 28 22.3607
Pkt 8 375 0.0213333 1
Pkt 7 320 0.021875 1
Node 37 61 17.0294
Pkt 15 750 0.02 1
Pkt 15 750 0.02 1
Node 58 72 23.4094
Pkt 5 240 0.0208333 1
Pkt 4 160 0.025 1
Node 48 57 7.28011
Pkt 10 480 0.0208333 1
Pkt 6 300 0.02 1
Node 56 44 8.48528
Pkt 16 800 0.02 1
Pkt 16 800 0.02 1
Node 55 39 12.083
Pkt 5 240 0.0208333 1
Pkt 3 150 0.02 1
Rate:41.5298
==========
==========98
7 0 2 24000
Node 72 51 22.0227
Pkt 4 192 0.0208333 1
Pkt 4 160 0.025 1
Node 59 64 16.6433
Pkt 8 400 0.02 1
Pkt 10 480 0.0208333 1
Node 68 43 19.3132
Pkt 15 750 0.02 1
Pkt 16 800 0.02 1
Node 54 58 8.94427
Pkt 4 160 0.025 1
Pkt 3 120 0.025 1
Node 70 42 21.5407
Pkt 7 320 0.021875 1
Pkt 8 375 0.0213333 1
Node 64 43 15.6525
Pkt 15 750 0.02 1
Pkt 16 800 0.02 1
Node 57 60 12.2066
Pkt 4 200 0.02 1
Pkt 3 120 0.025 1
Rate:43.5536
==========
==========99
