7 0 2 24000
Node 31 63 23.0217
Pkt 70 250 0.28 1
Pkt 70 250 0.28 1
Node 59 66 18.3576
Pkt 84 300 0.28 1
Pkt 112 400 0.28 1
Node 69 71 28.3196
Pkt 210 750 0.28 1
Pkt 210 750 0.28 1
Node 53 61 11.4018
Pkt 42 150 0.28 1
Pkt 56 200 0.28 1
Node 53 32 18.2483
Pkt 112 400 0.28 1
Pkt 135 480 0.28125 1
Node 36 58 16.1245
Pkt 210 750 0.28 1
Pkt 210 750 0.28 1
Node 29 48 21.095
Pkt 34 120 0.283333 1
Pkt 35 125 0.28 1
Rate:560.655
==========
==========0
7 0 2 24000
Node 67 56 18.0278
Pkt 35 125 0.28 1
Pkt 70 250 0.28 1
Node 35 64 20.5183
Pkt 90 320 0.28125 1
Pkt 135 480 0.28125 1
Node 40 51 10.0499
Pkt 210 750 0.28 1
Pkt 224 800 0.28 1
Node 47 46 5
Pkt 35 125 0.28 1
Pkt 54 192 0.28125 1
Node 47 53 4.24264
Pkt 90 320 0.28125 1
Pkt 84 300 0.28 1
Node 41 72 23.7697
Pkt 210 750 0.28 1
Pkt 210 750 0.28 1
Node 70 25 32.0156
Pkt 70 250 0.28 1
Pkt 28 100 0.28 1
Rate:560.714
==========
==========1
7 0 2 24000
Node 66 54 16.4924
Pkt 28 100 0.28 1
Pkt 34 120 0.283333 1
Node 63 40 16.4012
Pkt 105 375 0.28 1
Pkt 84 300 0.28 1
Node 69 45 19.6469
Pkt 210 750 0.28 1
Pkt 210 750 0.28 1
Node 25 64 28.6531
Pkt 42 150 0.28 1
Pkt 70 250 0.28 1
Node 53 69 19.2354
Pkt 135 480 0.28125 1
Pkt 105 375 0.28 1
Node 43 40 12.2066
Pkt 210 750 0.28 1
Pkt 224 800 0.28 1
Node 62 40 15.6205
Pkt 34 120 0.283333 1
Pkt 42 150 0.28 1
Rate:561.131
==========
==========2
7 0 2 24000
Node 50 49 1
Pkt 68 240 0.283333 1
Pkt 42 150 0.28 1
Node 61 64 17.8045
Pkt 135 480 0.28125 1
Pkt 112 400 0.28 1
Node 32 48 18.1108
Pkt 210 750 0.28 1
Pkt 210 750 0.28 1
Node 42 33 18.7883
Pkt 68 240 0.283333 1
Pkt 28 100 0.28 1
Node 39 32 21.095
Pkt 105 375 0.28 1
Pkt 84 300 0.28 1
Node 32 74 30
Pkt 224 800 0.28 1
Pkt 210 750 0.28 1
Node 43 37 14.7648
Pkt 35 125 0.28 1
Pkt 68 240 0.283333 1
Rate:561.607
==========
==========3
7 0 2 24000
Node 68 37 22.2036
Pkt 56 200 0.28 1
Pkt 34 120 0.283333 1
Node 55 38 13
Pkt 90 320 0.28125 1
Pkt 84 300 0.28 1
Node 72 38 25.0599
Pkt 210 750 0.28 1
Pkt 210 750 0.28 1
Node 68 74 30
Pkt 34 120 0.283333 1
Pkt 45 160 0.28125 1
Node 38 28 25.0599
Pkt 112 400 0.28 1
Pkt 105 375 0.28 1
Node 57 67 18.3848
Pkt 224 800 0.28 1
Pkt 210 750 0.28 1
Node 33 46 17.4642
Pkt 35 125 0.28 1
Pkt 34 120 0.283333 1
Rate:561.786
==========
==========4
7 0 2 24000
Node 50 59 9
Pkt 45 160 0.28125 1
Pkt 54 192 0.28125 1
Node 71 62 24.1868
Pkt 135 480 0.28125 1
Pkt 84 300 0.28 1
Node 43 48 7.28011
Pkt 224 800 0.28 1
Pkt 224 800 0.28 1
Node 58 30 21.5407
Pkt 68 240 0.283333 1
Pkt 35 125 0.28 1
Node 57 50 7
Pkt 84 300 0.28 1
Pkt 112 400 0.28 1
Node 47 32 18.2483
Pkt 210 750 0.28 1
Pkt 224 800 0.28 1
Node 69 68 26.1725
Pkt 35 125 0.28 1
Pkt 70 250 0.28 1
Rate:561.012
==========
==========5
7 0 2 24000
Node 31 29 28.3196
Pkt 28 100 0.28 1
Pkt 56 200 0.28 1
Node 66 62 20
Pkt 135 480 0.28125 1
Pkt 90 320 0.28125 1
Node 44 62 13.4164
Pkt 224 800 0.28 1
Pkt 224 800 0.28 1
Node 30 71 29
Pkt 54 192 0.28125 1
Pkt 34 120 0.283333 1
Node 50 55 5
Pkt 112 400 0.28 1
Pkt 135 480 0.28125 1
Node 52 58 8.24621
Pkt 210 750 0.28 1
Pkt 224 800 0.28 1
Node 48 36 14.1421
Pkt 54 192 0.28125 1
Pkt 54 192 0.28125 1
Rate:561.548
==========
==========6
7 0 2 24000
Node 29 66 26.4008
Pkt 28 100 0.28 1
Pkt 35 125 0.28 1
Node 43 66 17.4642
Pkt 84 300 0.28 1
Pkt 90 320 0.28125 1
Node 41 74 25.632
Pkt 210 750 0.28 1
Pkt 224 800 0.28 1
Node 39 30 22.8254
Pkt 28 100 0.28 1
Pkt 68 240 0.283333 1
Node 48 54 4.47214
Pkt 90 320 0.28125 1
Pkt 90 320 0.28125 1
Node 74 37 27.2947
Pkt 224 800 0.28 1
Pkt 210 750 0.28 1
Node 62 43 13.8924
Pkt 45 160 0.28125 1
Pkt 54 192 0.28125 1
Rate:561.369
==========
==========7
7 0 2 24000
Node 61 73 25.4951
Pkt 45 160 0.28125 1
Pkt 56 200 0.28 1
Node 54 37 13.6015
Pkt 135 480 0.28125 1
Pkt 105 375 0.28 1
Node 30 28 29.7321
Pkt 210 750 0.28 1
Pkt 210 750 0.28 1
Node 61 53 11.4018
Pkt 56 200 0.28 1
Pkt 54 192 0.28125 1
Node 60 58 12.8062
Pkt 84 300 0.28 1
Pkt 112 400 0.28 1
Node 66 36 21.2603
Pkt 210 750 0.28 1
Pkt 210 750 0.28 1
Node 48 74 24.0832
Pkt 70 250 0.28 1
Pkt 45 160 0.28125 1
Rate:560.714
==========
==========8
7 0 2 24000
Node 25 39 27.313
Pkt 54 192 0.28125 1
Pkt 35 125 0.28 1
Node 73 66 28.0179
Pkt 84 300 0.28 1
Pkt 112 400 0.28 1
Node 59 64 16.6433
Pkt 224 800 0.28 1
Pkt 210 750 0.28 1
Node 36 74 27.7849
Pkt 34 120 0.283333 1
Pkt 35 125 0.28 1
Node 39 62 16.2788
Pkt 112 400 0.28 1
Pkt 135 480 0.28125 1
Node 65 61 18.6011
Pkt 224 800 0.28 1
Pkt 224 800 0.28 1
Node 30 34 25.6125
Pkt 68 240 0.283333 1
Pkt 28 100 0.28 1
Rate:561.31
==========
==========9
7 0 2 24000
Node 61 27 25.4951
Pkt 54 192 0.28125 1
Pkt 54 192 0.28125 1
Node 32 46 18.4391
Pkt 90 320 0.28125 1
Pkt 105 375 0.28 1
Node 44 35 16.1555
Pkt 224 800 0.28 1
Pkt 224 800 0.28 1
Node 65 30 25
Pkt 54 192 0.28125 1
Pkt 68 240 0.283333 1
Node 52 53 3.60555
Pkt 135 480 0.28125 1
Pkt 112 400 0.28 1
Node 54 34 16.4924
Pkt 224 800 0.28 1
Pkt 224 800 0.28 1
Node 72 35 26.6271
Pkt 28 100 0.28 1
Pkt 34 120 0.283333 1
Rate:561.845
==========
==========10
7 0 2 24000
Node 69 29 28.3196
Pkt 68 240 0.283333 1
Pkt 54 192 0.28125 1
Node 56 43 9.21954
Pkt 112 400 0.28 1
Pkt 90 320 0.28125 1
Node 40 68 20.5913
Pkt 210 750 0.28 1
Pkt 224 800 0.28 1
Node 52 60 10.198
Pkt 68 240 0.283333 1
Pkt 68 240 0.283333 1
Node 52 39 11.1803
Pkt 105 375 0.28 1
Pkt 84 300 0.28 1
Node 45 58 9.43398
Pkt 210 750 0.28 1
Pkt 224 800 0.28 1
Node 47 66 16.2788
Pkt 70 250 0.28 1
Pkt 28 100 0.28 1
Rate:561.786
==========
==========11
7 0 2 24000
Node 71 35 25.807
Pkt 70 250 0.28 1
Pkt 34 120 0.283333 1
Node 64 31 23.6008
Pkt 135 480 0.28125 1
Pkt 135 480 0.28125 1
Node 30 64 24.4131
Pkt 224 800 0.28 1
Pkt 210 750 0.28 1
Node 60 25 26.9258
Pkt 70 250 0.28 1
Pkt 35 125 0.28 1
Node 47 52 3.60555
Pkt 112 400 0.28 1
Pkt 112 400 0.28 1
Node 50 63 13
Pkt 224 800 0.28 1
Pkt 210 750 0.28 1
Node 33 52 17.1172
Pkt 68 240 0.283333 1
Pkt 28 100 0.28 1
Rate:561.31
==========
==========12
7 0 2 24000
Node 26 64 27.7849
Pkt 28 100 0.28 1
Pkt 35 125 0.28 1
Node 31 70 27.5862
Pkt 105 375 0.28 1
Pkt 84 300 0.28 1
Node 46 35 15.5242
Pkt 224 800 0.28 1
Pkt 224 800 0.28 1
Node 56 63 14.3178
Pkt 35 125 0.28 1
Pkt 34 120 0.283333 1
Node 29 40 23.2594
Pkt 112 400 0.28 1
Pkt 84 300 0.28 1
Node 46 42 8.94427
Pkt 210 750 0.28 1
Pkt 210 750 0.28 1
Node 41 34 18.3576
Pkt 42 150 0.28 1
Pkt 45 160 0.28125 1
Rate:560.655
==========
==========13
7 0 2 24000
Node 45 33 17.72
Pkt 68 240 0.283333 1
Pkt 35 125 0.28 1
Node 41 73 24.6982
Pkt 105 375 0.28 1
Pkt 112 400 0.28 1
Node 66 46 16.4924
Pkt 210 750 0.28 1
Pkt 224 800 0.28 1
Node 64 32 22.8035
Pkt 54 192 0.28125 1
Pkt 42 150 0.28 1
Node 31 58 20.6155
Pkt 105 375 0.28 1
Pkt 135 480 0.28125 1
Node 35 39 18.6011
Pkt 210 750 0.28 1
Pkt 210 750 0.28 1
Node 39 74 26.4008
Pkt 28 100 0.28 1
Pkt 54 192 0.28125 1
Rate:561.012
==========
==========14
7 0 2 24000
Node 74 74 33.9411
Pkt 56 200 0.28 1
Pkt 28 100 0.28 1
Node 74 29 31.8904
Pkt 112 400 0.28 1
Pkt 84 300 0.28 1
Node 68 57 19.3132
Pkt 210 750 0.28 1
Pkt 224 800 0.28 1
Node 60 33 19.7231
Pkt 35 125 0.28 1
Pkt 34 120 0.283333 1
Node 49 63 13.0384
Pkt 84 300 0.28 1
Pkt 112 400 0.28 1
Node 65 53 15.2971
Pkt 210 750 0.28 1
Pkt 224 800 0.28 1
Node 72 69 29.0689
Pkt 54 192 0.28125 1
Pkt 56 200 0.28 1
Rate:560.655
==========
==========15
7 0 2 24000
Node 35 71 25.807
Pkt 42 150 0.28 1
Pkt 28 100 0.28 1
Node 37 46 13.6015
Pkt 84 300 0.28 1
Pkt 84 300 0.28 1
Node 38 50 12
Pkt 224 800 0.28 1
Pkt 224 800 0.28 1
Node 70 46 20.3961
Pkt 28 100 0.28 1
Pkt 28 100 0.28 1
Node 60 55 11.1803
Pkt 105 375 0.28 1
Pkt 135 480 0.28125 1
Node 58 46 8.94427
Pkt 210 750 0.28 1
Pkt 210 750 0.28 1
Node 45 30 20.6155
Pkt 42 150 0.28 1
Pkt 68 240 0.283333 1
Rate:560.655
==========
==========16
7 0 2 24000
Node 57 72 23.0868
Pkt 35 125 0.28 1
Pkt 68 240 0.283333 1
Node 42 60 12.8062
Pkt 135 480 0.28125 1
Pkt 90 320 0.28125 1
Node 25 26 34.6554
Pkt 210 750 0.28 1
Pkt 210 750 0.28 1
Node 35 63 19.8494
Pkt 70 250 0.28 1
Pkt 28 100 0.28 1
Node 41 46 9.84886
Pkt 105 375 0.28 1
Pkt 105 375 0.28 1
Node 29 36 25.2389
Pkt 210 750 0.28 1
Pkt 224 800 0.28 1
Node 64 61 17.8045
Pkt 34 120 0.283333 1
Pkt 45 160 0.28125 1
Rate:561.488
==========
==========17
7 0 2 24000
Node 53 32 18.2483
Pkt 54 192 0.28125 1
Pkt 42 150 0.28 1
Node 69 61 21.9545
Pkt 135 480 0.28125 1
Pkt 84 300 0.28 1
Node 51 57 7.07107
Pkt 210 750 0.28 1
Pkt 224 800 0.28 1
Node 40 30 22.3607
Pkt 70 250 0.28 1
Pkt 70 250 0.28 1
Node 51 74 24.0208
Pkt 84 300 0.28 1
Pkt 90 320 0.28125 1
Node 30 43 21.1896
Pkt 224 800 0.28 1
Pkt 210 750 0.28 1
Node 30 43 21.1896
Pkt 45 160 0.28125 1
Pkt 45 160 0.28125 1
Rate:560.893
==========
==========18
7 0 2 24000
Node 33 42 18.7883
Pkt 56 200 0.28 1
Pkt 34 120 0.283333 1
Node 45 31 19.6469
Pkt 90 320 0.28125 1
Pkt 112 400 0.28 1
Node 37 26 27.2947
Pkt 224 800 0.28 1
Pkt 224 800 0.28 1
Node 45 42 9.43398
Pkt 34 120 0.283333 1
Pkt 54 192 0.28125 1
Node 30 55 20.6155
Pkt 135 480 0.28125 1
Pkt 90 320 0.28125 1
Node 39 74 26.4008
Pkt 210 750 0.28 1
Pkt 210 750 0.28 1
Node 39 59 14.2127
Pkt 54 192 0.28125 1
Pkt 68 240 0.283333 1
Rate:562.321
==========
==========19
7 0 2 24000
Node 63 48 13.1529
Pkt 68 240 0.283333 1
Pkt 35 125 0.28 1
Node 47 49 3.16228
Pkt 135 480 0.28125 1
Pkt 135 480 0.28125 1
Node 64 44 15.2315
Pkt 224 800 0.28 1
Pkt 210 750 0.28 1
Node 60 52 10.198
Pkt 70 250 0.28 1
Pkt 54 192 0.28125 1
Node 46 32 18.4391
Pkt 105 375 0.28 1
Pkt 105 375 0.28 1
Node 52 38 12.1655
Pkt 224 800 0.28 1
Pkt 210 750 0.28 1
Node 27 45 23.5372
Pkt 68 240 0.283333 1
Pkt 42 150 0.28 1
Rate:561.488
==========
==========20
7 0 2 24000
Node 61 63 17.0294
Pkt 54 192 0.28125 1
Pkt 68 240 0.283333 1
Node 51 49 1.41421
Pkt 84 300 0.28 1
Pkt 105 375 0.28 1
Node 61 60 14.8661
Pkt 210 750 0.28 1
Pkt 210 750 0.28 1
Node 72 38 25.0599
Pkt 34 120 0.283333 1
Pkt 34 120 0.283333 1
Node 69 50 19
Pkt 112 400 0.28 1
Pkt 135 480 0.28125 1
Node 69 59 21.0238
Pkt 224 800 0.28 1
Pkt 224 800 0.28 1
Node 69 36 23.6008
Pkt 42 150 0.28 1
Pkt 34 120 0.283333 1
Rate:562.262
==========
==========21
7 0 2 24000
Node 67 57 18.3848
Pkt 42 150 0.28 1
Pkt 54 192 0.28125 1
Node 50 37 13
Pkt 105 375 0.28 1
Pkt 84 300 0.28 1
Node 29 36 25.2389
Pkt 210 750 0.28 1
Pkt 210 750 0.28 1
Node 37 59 15.8114
Pkt 28 100 0.28 1
Pkt 45 160 0.28125 1
Node 44 46 7.2111
Pkt 84 300 0.28 1
Pkt 84 300 0.28 1
Node 32 31 26.1725
Pkt 224 800 0.28 1
Pkt 224 800 0.28 1
Node 73 65 27.4591
Pkt 54 192 0.28125 1
Pkt 54 192 0.28125 1
Rate:560.714
==========
==========22
7 0 2 24000
Node 40 62 15.6205
Pkt 68 240 0.283333 1
Pkt 56 200 0.28 1
Node 74 43 25
Pkt 90 320 0.28125 1
Pkt 135 480 0.28125 1
Node 33 38 20.8087
Pkt 224 800 0.28 1
Pkt 210 750 0.28 1
Node 64 61 17.8045
Pkt 35 125 0.28 1
Pkt 28 100 0.28 1
Node 28 38 25.0599
Pkt 112 400 0.28 1
Pkt 105 375 0.28 1
Node 27 55 23.5372
Pkt 210 750 0.28 1
Pkt 210 750 0.28 1
Node 56 63 14.3178
Pkt 28 100 0.28 1
Pkt 35 125 0.28 1
Rate:560.833
==========
==========23
7 0 2 24000
Node 27 29 31.1448
Pkt 68 240 0.283333 1
Pkt 42 150 0.28 1
Node 43 55 8.60233
Pkt 135 480 0.28125 1
Pkt 105 375 0.28 1
Node 68 25 30.8058
Pkt 210 750 0.28 1
Pkt 210 750 0.28 1
Node 49 69 19.0263
Pkt 68 240 0.283333 1
Pkt 70 250 0.28 1
Node 43 71 22.1359
Pkt 112 400 0.28 1
Pkt 135 480 0.28125 1
Node 64 62 18.4391
Pkt 224 800 0.28 1
Pkt 210 750 0.28 1
Node 40 74 26
Pkt 70 250 0.28 1
Pkt 34 120 0.283333 1
Rate:561.786
==========
==========24
7 0 2 24000
Node 45 73 23.5372
Pkt 70 250 0.28 1
Pkt 70 250 0.28 1
Node 59 53 9.48683
Pkt 84 300 0.28 1
Pkt 84 300 0.28 1
Node 34 65 21.9317
Pkt 224 800 0.28 1
Pkt 210 750 0.28 1
Node 60 52 10.198
Pkt 34 120 0.283333 1
Pkt 56 200 0.28 1
Node 72 37 25.5539
Pkt 105 375 0.28 1
Pkt 135 480 0.28125 1
Node 70 64 24.4131
Pkt 224 800 0.28 1
Pkt 224 800 0.28 1
Node 54 29 21.3776
Pkt 54 192 0.28125 1
Pkt 54 192 0.28125 1
Rate:561.012
==========
==========25
7 0 2 24000
Node 26 34 28.8444
Pkt 28 100 0.28 1
Pkt 42 150 0.28 1
Node 74 35 28.3019
Pkt 105 375 0.28 1
Pkt 84 300 0.28 1
Node 27 27 32.5269
Pkt 210 750 0.28 1
Pkt 224 800 0.28 1
Node 36 30 24.4131
Pkt 28 100 0.28 1
Pkt 70 250 0.28 1
Node 47 62 12.3693
Pkt 112 400 0.28 1
Pkt 112 400 0.28 1
Node 39 33 20.2485
Pkt 224 800 0.28 1
Pkt 224 800 0.28 1
Node 49 63 13.0384
Pkt 68 240 0.283333 1
Pkt 70 250 0.28 1
Rate:560.476
==========
==========26
7 0 2 24000
Node 40 53 10.4403
Pkt 28 100 0.28 1
Pkt 34 120 0.283333 1
Node 38 25 27.7308
Pkt 112 400 0.28 1
Pkt 112 400 0.28 1
Node 36 68 22.8035
Pkt 224 800 0.28 1
Pkt 210 750 0.28 1
Node 67 71 27.0185
Pkt 70 250 0.28 1
Pkt 28 100 0.28 1
Node 63 74 27.2947
Pkt 90 320 0.28125 1
Pkt 90 320 0.28125 1
Node 74 70 31.241
Pkt 210 750 0.28 1
Pkt 210 750 0.28 1
Node 67 68 24.7588
Pkt 54 192 0.28125 1
Pkt 56 200 0.28 1
Rate:561.012
==========
==========27
7 0 2 24000
Node 58 37 15.2643
Pkt 54 192 0.28125 1
Pkt 54 192 0.28125 1
Node 62 57 13.8924
Pkt 84 300 0.28 1
Pkt 90 320 0.28125 1
Node 57 68 19.3132
Pkt 224 800 0.28 1
Pkt 224 800 0.28 1
Node 35 45 15.8114
Pkt 42 150 0.28 1
Pkt 34 120 0.283333 1
Node 30 41 21.9317
Pkt 105 375 0.28 1
Pkt 84 300 0.28 1
Node 61 30 22.8254
Pkt 210 750 0.28 1
Pkt 224 800 0.28 1
Node 56 50 6
Pkt 45 160 0.28125 1
Pkt 35 125 0.28 1
Rate:561.19
==========
==========28
7 0 2 24000
Node 67 66 23.3452
Pkt 45 160 0.28125 1
Pkt 45 160 0.28125 1
Node 60 51 10.0499
Pkt 105 375 0.28 1
Pkt 90 320 0.28125 1
Node 54 30 20.3961
Pkt 210 750 0.28 1
Pkt 210 750 0.28 1
Node 25 59 26.5707
Pkt 56 200 0.28 1
Pkt 70 250 0.28 1
Node 38 54 12.6491
Pkt 135 480 0.28125 1
Pkt 90 320 0.28125 1
Node 67 71 27.0185
Pkt 210 750 0.28 1
Pkt 210 750 0.28 1
Node 32 26 30
Pkt 34 120 0.283333 1
Pkt 70 250 0.28 1
Rate:561.369
==========
==========29
7 0 2 24000
Node 62 44 13.4164
Pkt 45 160 0.28125 1
Pkt 70 250 0.28 1
Node 44 38 13.4164
Pkt 112 400 0.28 1
Pkt 105 375 0.28 1
Node 28 55 22.561
Pkt 224 800 0.28 1
Pkt 224 800 0.28 1
Node 71 64 25.2389
Pkt 34 120 0.283333 1
Pkt 56 200 0.28 1
Node 29 47 21.2132
Pkt 112 400 0.28 1
Pkt 90 320 0.28125 1
Node 49 44 6.08276
Pkt 224 800 0.28 1
Pkt 224 800 0.28 1
Node 37 46 13.6015
Pkt 56 200 0.28 1
Pkt 56 200 0.28 1
Rate:560.833
==========
==========30
7 0 2 24000
Node 67 66 23.3452
Pkt 34 120 0.283333 1
Pkt 45 160 0.28125 1
Node 57 65 16.5529
Pkt 112 400 0.28 1
Pkt 90 320 0.28125 1
Node 70 36 24.4131
Pkt 224 800 0.28 1
Pkt 210 750 0.28 1
Node 40 49 10.0499
Pkt 54 192 0.28125 1
Pkt 70 250 0.28 1
Node 38 38 16.9706
Pkt 90 320 0.28125 1
Pkt 112 400 0.28 1
Node 56 44 8.48528
Pkt 210 750 0.28 1
Pkt 224 800 0.28 1
Node 70 70 28.2843
Pkt 42 150 0.28 1
Pkt 68 240 0.283333 1
Rate:561.667
==========
==========31
7 0 2 24000
Node 59 33 19.2354
Pkt 56 200 0.28 1
Pkt 35 125 0.28 1
Node 50 66 16
Pkt 105 375 0.28 1
Pkt 112 400 0.28 1
Node 40 69 21.4709
Pkt 210 750 0.28 1
Pkt 224 800 0.28 1
Node 33 62 20.8087
Pkt 54 192 0.28125 1
Pkt 45 160 0.28125 1
Node 49 51 1.41421
Pkt 90 320 0.28125 1
Pkt 112 400 0.28 1
Node 28 56 22.8035
Pkt 210 750 0.28 1
Pkt 224 800 0.28 1
Node 33 25 30.2324
Pkt 42 150 0.28 1
Pkt 28 100 0.28 1
Rate:560.536
==========
==========32
7 0 2 24000
Node 62 73 25.9422
Pkt 68 240 0.283333 1
Pkt 56 200 0.28 1
Node 65 65 21.2132
Pkt 90 320 0.28125 1
Pkt 90 320 0.28125 1
Node 39 67 20.2485
Pkt 210 750 0.28 1
Pkt 210 750 0.28 1
Node 61 43 13.0384
Pkt 68 240 0.283333 1
Pkt 28 100 0.28 1
Node 70 37 23.8537
Pkt 90 320 0.28125 1
Pkt 105 375 0.28 1
Node 31 30 27.5862
Pkt 210 750 0.28 1
Pkt 210 750 0.28 1
Node 52 70 20.0998
Pkt 34 120 0.283333 1
Pkt 70 250 0.28 1
Rate:561.964
==========
==========33
7 0 2 24000
Node 40 53 10.4403
Pkt 28 100 0.28 1
Pkt 34 120 0.283333 1
Node 46 39 11.7047
Pkt 135 480 0.28125 1
Pkt 84 300 0.28 1
Node 34 27 28.0179
Pkt 224 800 0.28 1
Pkt 224 800 0.28 1
Node 62 53 12.3693
Pkt 35 125 0.28 1
Pkt 42 150 0.28 1
Node 61 49 11.0454
Pkt 105 375 0.28 1
Pkt 112 400 0.28 1
Node 74 68 30
Pkt 210 750 0.28 1
Pkt 210 750 0.28 1
Node 61 54 11.7047
Pkt 68 240 0.283333 1
Pkt 70 250 0.28 1
Rate:561.131
==========
==========34
7 0 2 24000
Node 64 44 15.2315
Pkt 45 160 0.28125 1
Pkt 54 192 0.28125 1
Node 70 41 21.9317
Pkt 112 400 0.28 1
Pkt 135 480 0.28125 1
Node 49 28 22.0227
Pkt 210 750 0.28 1
Pkt 210 750 0.28 1
Node 45 74 24.5153
Pkt 42 150 0.28 1
Pkt 70 250 0.28 1
Node 56 26 24.7386
Pkt 84 300 0.28 1
Pkt 112 400 0.28 1
Node 72 62 25.0599
Pkt 224 800 0.28 1
Pkt 210 750 0.28 1
Node 43 52 7.28011
Pkt 54 192 0.28125 1
Pkt 42 150 0.28 1
Rate:560.714
==========
==========35
7 0 2 24000
Node 60 71 23.2594
Pkt 70 250 0.28 1
Pkt 42 150 0.28 1
Node 74 52 24.0832
Pkt 84 300 0.28 1
Pkt 90 320 0.28125 1
Node 37 46 13.6015
Pkt 210 750 0.28 1
Pkt 224 800 0.28 1
Node 27 56 23.7697
Pkt 28 100 0.28 1
Pkt 70 250 0.28 1
Node 30 69 27.5862
Pkt 135 480 0.28125 1
Pkt 135 480 0.28125 1
Node 26 66 28.8444
Pkt 224 800 0.28 1
Pkt 210 750 0.28 1
Node 50 44 6
Pkt 42 150 0.28 1
Pkt 70 250 0.28 1
Rate:560.536
==========
==========36
7 0 2 24000
Node 40 26 26
Pkt 68 240 0.283333 1
Pkt 54 192 0.28125 1
Node 32 65 23.4307
Pkt 112 400 0.28 1
Pkt 135 480 0.28125 1
Node 57 60 12.2066
Pkt 210 750 0.28 1
Pkt 224 800 0.28 1
Node 33 28 27.8029
Pkt 54 192 0.28125 1
Pkt 34 120 0.283333 1
Node 61 68 21.095
Pkt 112 400 0.28 1
Pkt 112 400 0.28 1
Node 56 38 13.4164
Pkt 210 750 0.28 1
Pkt 224 800 0.28 1
Node 34 71 26.4008
Pkt 45 160 0.28125 1
Pkt 56 200 0.28 1
Rate:561.667
==========
==========37
7 0 2 24000
Node 73 31 29.8329
Pkt 54 192 0.28125 1
Pkt 35 125 0.28 1
Node 41 60 13.4536
Pkt 105 375 0.28 1
Pkt 84 300 0.28 1
Node 74 37 27.2947
Pkt 224 800 0.28 1
Pkt 210 750 0.28 1
Node 56 30 20.8806
Pkt 68 240 0.283333 1
Pkt 56 200 0.28 1
Node 41 39 14.2127
Pkt 135 480 0.28125 1
Pkt 105 375 0.28 1
Node 59 36 16.6433
Pkt 224 800 0.28 1
Pkt 224 800 0.28 1
Node 36 44 15.2315
Pkt 56 200 0.28 1
Pkt 70 250 0.28 1
Rate:560.833
==========
==========38
7 0 2 24000
Node 25 34 29.6816
Pkt 54 192 0.28125 1
Pkt 68 240 0.283333 1
Node 52 61 11.1803
Pkt 90 320 0.28125 1
Pkt 90 320 0.28125 1
Node 60 69 21.4709
Pkt 224 800 0.28 1
Pkt 224 800 0.28 1
Node 27 52 23.0868
Pkt 54 192 0.28125 1
Pkt 68 240 0.283333 1
Node 46 29 21.3776
Pkt 135 480 0.28125 1
Pkt 105 375 0.28 1
Node 54 73 23.3452
Pkt 210 750 0.28 1
Pkt 210 750 0.28 1
Node 36 65 20.5183
Pkt 35 125 0.28 1
Pkt 70 250 0.28 1
Rate:561.845
==========
==========39
7 0 2 24000
Node 52 53 3.60555
Pkt 42 150 0.28 1
Pkt 45 160 0.28125 1
Node 57 73 24.0416
Pkt 105 375 0.28 1
Pkt 105 375 0.28 1
Node 29 37 24.6982
Pkt 224 800 0.28 1
Pkt 210 750 0.28 1
Node 28 50 22
Pkt 56 200 0.28 1
Pkt 56 200 0.28 1
Node 43 33 18.3848
Pkt 135 480 0.28125 1
Pkt 112 400 0.28 1
Node 69 62 22.4722
Pkt 210 750 0.28 1
Pkt 210 750 0.28 1
Node 31 68 26.1725
Pkt 35 125 0.28 1
Pkt 42 150 0.28 1
Rate:560.357
==========
==========40
7 0 2 24000
Node 34 41 18.3576
Pkt 28 100 0.28 1
Pkt 34 120 0.283333 1
Node 27 54 23.3452
Pkt 135 480 0.28125 1
Pkt 135 480 0.28125 1
Node 46 27 23.3452
Pkt 224 800 0.28 1
Pkt 224 800 0.28 1
Node 68 74 30
Pkt 34 120 0.283333 1
Pkt 35 125 0.28 1
Node 66 48 16.1245
Pkt 90 320 0.28125 1
Pkt 105 375 0.28 1
Node 44 48 6.32456
Pkt 224 800 0.28 1
Pkt 210 750 0.28 1
Node 73 47 23.1948
Pkt 34 120 0.283333 1
Pkt 54 192 0.28125 1
Rate:562.143
==========
==========41
7 0 2 24000
Node 66 39 19.4165
Pkt 70 250 0.28 1
Pkt 70 250 0.28 1
Node 30 58 21.5407
Pkt 84 300 0.28 1
Pkt 84 300 0.28 1
Node 41 34 18.3576
Pkt 210 750 0.28 1
Pkt 224 800 0.28 1
Node 73 27 32.5269
Pkt 54 192 0.28125 1
Pkt 68 240 0.283333 1
Node 29 33 27.0185
Pkt 112 400 0.28 1
Pkt 90 320 0.28125 1
Node 74 72 32.5576
Pkt 210 750 0.28 1
Pkt 224 800 0.28 1
Node 69 48 19.105
Pkt 70 250 0.28 1
Pkt 28 100 0.28 1
Rate:560.833
==========
==========42
7 0 2 24000
Node 30 29 29
Pkt 68 240 0.283333 1
Pkt 45 160 0.28125 1
Node 37 25 28.178
Pkt 135 480 0.28125 1
Pkt 84 300 0.28 1
Node 42 55 9.43398
Pkt 224 800 0.28 1
Pkt 210 750 0.28 1
Node 70 50 20
Pkt 42 150 0.28 1
Pkt 68 240 0.283333 1
Node 53 71 21.2132
Pkt 84 300 0.28 1
Pkt 84 300 0.28 1
Node 27 68 29.2062
Pkt 224 800 0.28 1
Pkt 224 800 0.28 1
Node 47 73 23.1948
Pkt 42 150 0.28 1
Pkt 68 240 0.283333 1
Rate:561.786
==========
==========43
7 0 2 24000
Node 43 34 17.4642
Pkt 28 100 0.28 1
Pkt 56 200 0.28 1
Node 46 45 6.40312
Pkt 105 375 0.28 1
Pkt 90 320 0.28125 1
Node 64 25 28.6531
Pkt 224 800 0.28 1
Pkt 224 800 0.28 1
Node 70 43 21.1896
Pkt 56 200 0.28 1
Pkt 68 240 0.283333 1
Node 43 63 14.7648
Pkt 84 300 0.28 1
Pkt 135 480 0.28125 1
Node 39 26 26.4008
Pkt 224 800 0.28 1
Pkt 210 750 0.28 1
Node 52 32 18.1108
Pkt 34 120 0.283333 1
Pkt 35 125 0.28 1
Rate:561.31
==========
==========44
7 0 2 24000
Node 52 28 22.0907
Pkt 68 240 0.283333 1
Pkt 56 200 0.28 1
Node 34 68 24.0832
Pkt 135 480 0.28125 1
Pkt 112 400 0.28 1
Node 68 71 27.6586
Pkt 210 750 0.28 1
Pkt 210 750 0.28 1
Node 25 41 26.5707
Pkt 54 192 0.28125 1
Pkt 45 160 0.28125 1
Node 53 26 24.1868
Pkt 135 480 0.28125 1
Pkt 105 375 0.28 1
Node 35 69 24.2074
Pkt 224 800 0.28 1
Pkt 224 800 0.28 1
Node 54 35 15.5242
Pkt 42 150 0.28 1
Pkt 35 125 0.28 1
Rate:561.19
==========
==========45
7 0 2 24000
Node 32 45 18.6815
Pkt 54 192 0.28125 1
Pkt 54 192 0.28125 1
Node 56 39 12.53
Pkt 84 300 0.28 1
Pkt 90 320 0.28125 1
Node 43 74 25
Pkt 210 750 0.28 1
Pkt 224 800 0.28 1
Node 58 73 24.3516
Pkt 45 160 0.28125 1
Pkt 42 150 0.28 1
Node 44 41 10.8167
Pkt 105 375 0.28 1
Pkt 112 400 0.28 1
Node 53 48 3.60555
Pkt 224 800 0.28 1
Pkt 224 800 0.28 1
Node 65 30 25
Pkt 42 150 0.28 1
Pkt 42 150 0.28 1
Rate:560.714
==========
==========46
7 0 2 24000
Node 70 54 20.3961
Pkt 68 240 0.283333 1
Pkt 56 200 0.28 1
Node 70 56 20.8806
Pkt 90 320 0.28125 1
Pkt 112 400 0.28 1
Node 57 49 7.07107
Pkt 224 800 0.28 1
Pkt 210 750 0.28 1
Node 39 26 26.4008
Pkt 54 192 0.28125 1
Pkt 70 250 0.28 1
Node 38 51 12.0416
Pkt 105 375 0.28 1
Pkt 90 320 0.28125 1
Node 32 55 18.6815
Pkt 224 800 0.28 1
Pkt 224 800 0.28 1
Node 25 51 25.02
Pkt 68 240 0.283333 1
Pkt 70 250 0.28 1
Rate:561.488
==========
==========47
7 0 2 24000
Node 68 52 18.1108
Pkt 56 200 0.28 1
Pkt 45 160 0.28125 1
Node 56 59 10.8167
Pkt 112 400 0.28 1
Pkt 112 400 0.28 1
Node 48 60 10.198
Pkt 224 800 0.28 1
Pkt 210 750 0.28 1
Node 59 29 22.8473
Pkt 56 200 0.28 1
Pkt 35 125 0.28 1
Node 52 45 5.38516
Pkt 135 480 0.28125 1
Pkt 90 320 0.28125 1
Node 58 53 8.544
Pkt 210 750 0.28 1
Pkt 210 750 0.28 1
Node 49 37 13.0384
Pkt 28 100 0.28 1
Pkt 28 100 0.28 1
Rate:560.536
==========
==========48
7 0 2 24000
Node 70 69 27.5862
Pkt 42 150 0.28 1
Pkt 35 125 0.28 1
Node 40 29 23.2594
Pkt 90 320 0.28125 1
Pkt 84 300 0.28 1
Node 63 43 14.7648
Pkt 210 750 0.28 1
Pkt 210 750 0.28 1
Node 42 34 17.8885
Pkt 35 125 0.28 1
Pkt 45 160 0.28125 1
Node 37 51 13.0384
Pkt 112 400 0.28 1
Pkt 90 320 0.28125 1
Node 63 27 26.4197
Pkt 210 750 0.28 1
Pkt 224 800 0.28 1
Node 56 60 11.6619
Pkt 68 240 0.283333 1
Pkt 28 100 0.28 1
Rate:561.012
==========
==========49
7 0 2 24000
Node 55 26 24.5153
Pkt 68 240 0.283333 1
Pkt 28 100 0.28 1
Node 66 57 17.4642
Pkt 84 300 0.28 1
Pkt 112 400 0.28 1
Node 46 66 16.4924
Pkt 210 750 0.28 1
Pkt 210 750 0.28 1
Node 58 37 15.2643
Pkt 42 150 0.28 1
Pkt 42 150 0.28 1
Node 26 51 24.0208
Pkt 84 300 0.28 1
Pkt 84 300 0.28 1
Node 45 50 5
Pkt 210 750 0.28 1
Pkt 224 800 0.28 1
Node 31 63 23.0217
Pkt 35 125 0.28 1
Pkt 42 150 0.28 1
Rate:560.476
==========
==========50
7 0 2 24000
Node 48 53 3.60555
Pkt 68 240 0.283333 1
Pkt 28 100 0.28 1
Node 33 41 19.2354
Pkt 84 300 0.28 1
Pkt 84 300 0.28 1
Node 47 67 17.2627
Pkt 210 750 0.28 1
Pkt 210 750 0.28 1
Node 28 41 23.7697
Pkt 35 125 0.28 1
Pkt 35 125 0.28 1
Node 73 66 28.0179
Pkt 112 400 0.28 1
Pkt 105 375 0.28 1
Node 68 31 26.1725
Pkt 210 750 0.28 1
Pkt 210 750 0.28 1
Node 67 66 23.3452
Pkt 35 125 0.28 1
Pkt 35 125 0.28 1
Rate:560.476
==========
==========51
7 0 2 24000
Node 31 63 23.0217
Pkt 56 200 0.28 1
Pkt 54 192 0.28125 1
Node 44 51 6.08276
Pkt 135 480 0.28125 1
Pkt 112 400 0.28 1
Node 29 38 24.1868
Pkt 210 750 0.28 1
Pkt 210 750 0.28 1
Node 64 30 24.4131
Pkt 28 100 0.28 1
Pkt 45 160 0.28125 1
Node 56 59 10.8167
Pkt 84 300 0.28 1
Pkt 105 375 0.28 1
Node 53 63 13.3417
Pkt 224 800 0.28 1
Pkt 224 800 0.28 1
Node 58 42 11.3137
Pkt 28 100 0.28 1
Pkt 70 250 0.28 1
Rate:560.536
==========
==========52
7 0 2 24000
Node 48 44 6.32456
Pkt 28 100 0.28 1
Pkt 68 240 0.283333 1
Node 27 53 23.1948
Pkt 84 300 0.28 1
Pkt 105 375 0.28 1
Node 33 68 24.7588
Pkt 224 800 0.28 1
Pkt 224 800 0.28 1
Node 70 62 23.3238
Pkt 45 160 0.28125 1
Pkt 56 200 0.28 1
Node 70 33 26.2488
Pkt 112 400 0.28 1
Pkt 84 300 0.28 1
Node 37 39 17.0294
Pkt 210 750 0.28 1
Pkt 224 800 0.28 1
Node 39 39 15.5563
Pkt 56 200 0.28 1
Pkt 42 150 0.28 1
Rate:560.655
==========
==========53
7 0 2 24000
Node 40 69 21.4709
Pkt 56 200 0.28 1
Pkt 70 250 0.28 1
Node 67 69 25.4951
Pkt 90 320 0.28125 1
Pkt 105 375 0.28 1
Node 60 53 10.4403
Pkt 224 800 0.28 1
Pkt 210 750 0.28 1
Node 66 49 16.0312
Pkt 45 160 0.28125 1
Pkt 68 240 0.283333 1
Node 37 53 13.3417
Pkt 135 480 0.28125 1
Pkt 135 480 0.28125 1
Node 44 69 19.9249
Pkt 210 750 0.28 1
Pkt 210 750 0.28 1
Node 37 63 18.3848
Pkt 54 192 0.28125 1
Pkt 34 120 0.283333 1
Rate:561.845
==========
==========54
7 0 2 24000
Node 52 36 14.1421
Pkt 35 125 0.28 1
Pkt 70 250 0.28 1
Node 45 58 9.43398
Pkt 105 375 0.28 1
Pkt 84 300 0.28 1
Node 41 72 23.7697
Pkt 224 800 0.28 1
Pkt 210 750 0.28 1
Node 55 27 23.5372
Pkt 35 125 0.28 1
Pkt 70 250 0.28 1
Node 51 70 20.025
Pkt 112 400 0.28 1
Pkt 84 300 0.28 1
Node 64 29 25.2389
Pkt 224 800 0.28 1
Pkt 224 800 0.28 1
Node 72 66 27.2029
Pkt 70 250 0.28 1
Pkt 70 250 0.28 1
Rate:560
==========
==========55
7 0 2 24000
Node 36 64 19.799
Pkt 42 150 0.28 1
Pkt 35 125 0.28 1
Node 59 44 10.8167
Pkt 84 300 0.28 1
Pkt 84 300 0.28 1
Node 30 67 26.2488
Pkt 224 800 0.28 1
Pkt 224 800 0.28 1
Node 52 28 22.0907
Pkt 54 192 0.28125 1
Pkt 70 250 0.28 1
Node 38 69 22.4722
Pkt 84 300 0.28 1
Pkt 105 375 0.28 1
Node 39 29 23.7065
Pkt 210 750 0.28 1
Pkt 224 800 0.28 1
Node 64 55 14.8661
Pkt 45 160 0.28125 1
Pkt 28 100 0.28 1
Rate:560.357
==========
==========56
7 0 2 24000
Node 68 28 28.4253
Pkt 70 250 0.28 1
Pkt 54 192 0.28125 1
Node 61 32 21.095
Pkt 135 480 0.28125 1
Pkt 90 320 0.28125 1
Node 27 68 29.2062
Pkt 210 750 0.28 1
Pkt 210 750 0.28 1
Node 26 52 24.0832
Pkt 54 192 0.28125 1
Pkt 54 192 0.28125 1
Node 41 69 21.0238
Pkt 105 375 0.28 1
Pkt 112 400 0.28 1
Node 49 58 8.06226
Pkt 210 750 0.28 1
Pkt 210 750 0.28 1
Node 67 61 20.2485
Pkt 70 250 0.28 1
Pkt 70 250 0.28 1
Rate:560.893
==========
==========57
7 0 2 24000
Node 50 38 12
Pkt 70 250 0.28 1
Pkt 54 192 0.28125 1
Node 42 56 10
Pkt 90 320 0.28125 1
Pkt 112 400 0.28 1
Node 58 57 10.6301
Pkt 210 750 0.28 1
Pkt 210 750 0.28 1
Node 48 28 22.0907
Pkt 56 200 0.28 1
Pkt 42 150 0.28 1
Node 51 59 9.05539
Pkt 112 400 0.28 1
Pkt 112 400 0.28 1
Node 41 64 16.6433
Pkt 224 800 0.28 1
Pkt 224 800 0.28 1
Node 37 66 20.6155
Pkt 35 125 0.28 1
Pkt 45 160 0.28125 1
Rate:560.536
==========
==========58
7 0 2 24000
Node 38 26 26.8328
Pkt 56 200 0.28 1
Pkt 34 120 0.283333 1
Node 53 63 13.3417
Pkt 112 400 0.28 1
Pkt 112 400 0.28 1
Node 34 43 17.4642
Pkt 224 800 0.28 1
Pkt 224 800 0.28 1
Node 50 51 1
Pkt 54 192 0.28125 1
Pkt 42 150 0.28 1
Node 69 60 21.4709
Pkt 90 320 0.28125 1
Pkt 90 320 0.28125 1
Node 26 40 26
Pkt 224 800 0.28 1
Pkt 210 750 0.28 1
Node 48 45 5.38516
Pkt 34 120 0.283333 1
Pkt 35 125 0.28 1
Rate:561.488
==========
==========59
7 0 2 24000
Node 65 26 28.3019
Pkt 56 200 0.28 1
Pkt 35 125 0.28 1
Node 67 37 21.4009
Pkt 135 480 0.28125 1
Pkt 112 400 0.28 1
Node 45 54 6.40312
Pkt 210 750 0.28 1
Pkt 210 750 0.28 1
Node 49 61 11.0454
Pkt 35 125 0.28 1
Pkt 54 192 0.28125 1
Node 43 62 13.8924
Pkt 135 480 0.28125 1
Pkt 135 480 0.28125 1
Node 72 39 24.5967
Pkt 210 750 0.28 1
Pkt 210 750 0.28 1
Node 35 52 15.1327
Pkt 70 250 0.28 1
Pkt 34 120 0.283333 1
Rate:561.19
==========
==========60
7 0 2 24000
Node 63 65 19.8494
Pkt 56 200 0.28 1
Pkt 45 160 0.28125 1
Node 25 70 32.0156
Pkt 90 320 0.28125 1
Pkt 105 375 0.28 1
Node 50 32 18
Pkt 224 800 0.28 1
Pkt 210 750 0.28 1
Node 67 68 24.7588
Pkt 34 120 0.283333 1
Pkt 68 240 0.283333 1
Node 72 35 26.6271
Pkt 90 320 0.28125 1
Pkt 135 480 0.28125 1
Node 43 41 11.4018
Pkt 210 750 0.28 1
Pkt 224 800 0.28 1
Node 38 25 27.7308
Pkt 68 240 0.283333 1
Pkt 68 240 0.283333 1
Rate:562.619
==========
==========61
7 0 2 24000
Node 27 42 24.3516
Pkt 68 240 0.283333 1
Pkt 54 192 0.28125 1
Node 32 42 19.6977
Pkt 105 375 0.28 1
Pkt 105 375 0.28 1
Node 30 74 31.241
Pkt 210 750 0.28 1
Pkt 210 750 0.28 1
Node 66 33 23.3452
Pkt 54 192 0.28125 1
Pkt 56 200 0.28 1
Node 49 46 4.12311
Pkt 90 320 0.28125 1
Pkt 105 375 0.28 1
Node 71 25 32.6497
Pkt 210 750 0.28 1
Pkt 210 750 0.28 1
Node 32 39 21.095
Pkt 34 120 0.283333 1
Pkt 35 125 0.28 1
Rate:561.488
==========
==========62
7 0 2 24000
Node 69 25 31.4006
Pkt 42 150 0.28 1
Pkt 42 150 0.28 1
Node 52 49 2.23607
Pkt 90 320 0.28125 1
Pkt 84 300 0.28 1
Node 35 47 15.2971
Pkt 224 800 0.28 1
Pkt 210 750 0.28 1
Node 26 29 31.8904
Pkt 54 192 0.28125 1
Pkt 42 150 0.28 1
Node 73 52 23.0868
Pkt 112 400 0.28 1
Pkt 105 375 0.28 1
Node 53 57 7.61577
Pkt 210 750 0.28 1
Pkt 210 750 0.28 1
Node 61 59 14.2127
Pkt 68 240 0.283333 1
Pkt 54 192 0.28125 1
Rate:561.012
==========
==========63
7 0 2 24000
Node 37 36 19.105
Pkt 42 150 0.28 1
Pkt 34 120 0.283333 1
Node 48 27 23.0868
Pkt 105 375 0.28 1
Pkt 112 400 0.28 1
Node 32 27 29.2062
Pkt 210 750 0.28 1
Pkt 210 750 0.28 1
Node 31 30 27.5862
Pkt 70 250 0.28 1
Pkt 54 192 0.28125 1
Node 43 32 19.3132
Pkt 105 375 0.28 1
Pkt 105 375 0.28 1
Node 70 62 23.3238
Pkt 224 800 0.28 1
Pkt 224 800 0.28 1
Node 51 57 7.07107
Pkt 28 100 0.28 1
Pkt 70 250 0.28 1
Rate:560.655
==========
==========64
7 0 2 24000
Node 74 29 31.8904
Pkt 28 100 0.28 1
Pkt 68 240 0.283333 1
Node 60 35 18.0278
Pkt 112 400 0.28 1
Pkt 105 375 0.28 1
Node 50 55 5
Pkt 210 750 0.28 1
Pkt 210 750 0.28 1
Node 50 40 10
Pkt 45 160 0.28125 1
Pkt 54 192 0.28125 1
Node 58 57 10.6301
Pkt 135 480 0.28125 1
Pkt 105 375 0.28 1
Node 49 53 3.16228
Pkt 224 800 0.28 1
Pkt 210 750 0.28 1
Node 33 27 28.6007
Pkt 45 160 0.28125 1
Pkt 35 125 0.28 1
Rate:561.19
==========
==========65
7 0 2 24000
Node 69 70 27.5862
Pkt 28 100 0.28 1
Pkt 28 100 0.28 1
Node 72 59 23.7697
Pkt 84 300 0.28 1
Pkt 84 300 0.28 1
Node 45 26 24.5153
Pkt 210 750 0.28 1
Pkt 210 750 0.28 1
Node 63 64 19.105
Pkt 70 250 0.28 1
Pkt 34 120 0.283333 1
Node 52 28 22.0907
Pkt 84 300 0.28 1
Pkt 84 300 0.28 1
Node 27 55 23.5372
Pkt 210 750 0.28 1
Pkt 224 800 0.28 1
Node 48 47 3.60555
Pkt 35 125 0.28 1
Pkt 45 160 0.28125 1
Rate:560.655
==========
==========66
7 0 2 24000
Node 71 55 21.587
Pkt 70 250 0.28 1
Pkt 45 160 0.28125 1
Node 26 50 24
Pkt 90 320 0.28125 1
Pkt 112 400 0.28 1
Node 30 52 20.0998
Pkt 210 750 0.28 1
Pkt 224 800 0.28 1
Node 43 29 22.1359
Pkt 28 100 0.28 1
Pkt 42 150 0.28 1
Node 71 57 22.1359
Pkt 90 320 0.28125 1
Pkt 105 375 0.28 1
Node 25 51 25.02
Pkt 224 800 0.28 1
Pkt 210 750 0.28 1
Node 44 49 6.08276
Pkt 42 150 0.28 1
Pkt 42 150 0.28 1
Rate:560.536
==========
==========67
7 0 2 24000
Node 35 34 21.9317
Pkt 54 192 0.28125 1
Pkt 45 160 0.28125 1
Node 74 33 29.4109
Pkt 135 480 0.28125 1
Pkt 90 320 0.28125 1
Node 26 29 31.8904
Pkt 210 750 0.28 1
Pkt 210 750 0.28 1
Node 30 42 21.5407
Pkt 70 250 0.28 1
Pkt 28 100 0.28 1
Node 62 68 21.6333
Pkt 135 480 0.28125 1
Pkt 135 480 0.28125 1
Node 55 33 17.72
Pkt 224 800 0.28 1
Pkt 224 800 0.28 1
Node 62 39 16.2788
Pkt 28 100 0.28 1
Pkt 70 250 0.28 1
Rate:561.071
==========
==========68
7 0 2 24000
Node 34 36 21.2603
Pkt 28 100 0.28 1
Pkt 56 200 0.28 1
Node 64 56 15.2315
Pkt 84 300 0.28 1
Pkt 90 320 0.28125 1
Node 59 38 15
Pkt 224 800 0.28 1
Pkt 210 750 0.28 1
Node 68 46 18.4391
Pkt 45 160 0.28125 1
Pkt 54 192 0.28125 1
Node 39 50 11
Pkt 84 300 0.28 1
Pkt 135 480 0.28125 1
Node 69 30 27.5862
Pkt 224 800 0.28 1
Pkt 210 750 0.28 1
Node 26 62 26.8328
Pkt 54 192 0.28125 1
Pkt 56 200 0.28 1
Rate:560.893
==========
==========69
7 0 2 24000
Node 46 33 17.4642
Pkt 68 240 0.283333 1
Pkt 56 200 0.28 1
Node 40 60 14.1421
Pkt 135 480 0.28125 1
Pkt 90 320 0.28125 1
Node 66 39 19.4165
Pkt 210 750 0.28 1
Pkt 210 750 0.28 1
Node 62 32 21.6333
Pkt 70 250 0.28 1
Pkt 35 125 0.28 1
Node 28 73 31.8277
Pkt 84 300 0.28 1
Pkt 90 320 0.28125 1
Node 37 59 15.8114
Pkt 210 750 0.28 1
Pkt 210 750 0.28 1
Node 56 61 12.53
Pkt 70 250 0.28 1
Pkt 42 150 0.28 1
Rate:561.012
==========
==========70
7 0 2 24000
Node 45 41 10.2956
Pkt 45 160 0.28125 1
Pkt 54 192 0.28125 1
Node 40 38 15.6205
Pkt 105 375 0.28 1
Pkt 84 300 0.28 1
Node 41 51 9.05539
Pkt 224 800 0.28 1
Pkt 224 800 0.28 1
Node 74 31 30.6105
Pkt 56 200 0.28 1
Pkt 35 125 0.28 1
Node 62 37 17.6918
Pkt 105 375 0.28 1
Pkt 90 320 0.28125 1
Node 61 67 20.2485
Pkt 224 800 0.28 1
Pkt 210 750 0.28 1
Node 42 37 15.2643
Pkt 28 100 0.28 1
Pkt 28 100 0.28 1
Rate:560.536
==========
==========71
7 0 2 24000
Node 28 54 22.3607
Pkt 56 200 0.28 1
Pkt 34 120 0.283333 1
Node 67 31 25.4951
Pkt 105 375 0.28 1
Pkt 112 400 0.28 1
Node 63 26 27.2947
Pkt 224 800 0.28 1
Pkt 224 800 0.28 1
Node 72 53 22.2036
Pkt 56 200 0.28 1
Pkt 35 125 0.28 1
Node 49 46 4.12311
Pkt 84 300 0.28 1
Pkt 90 320 0.28125 1
Node 40 33 19.7231
Pkt 224 800 0.28 1
Pkt 224 800 0.28 1
Node 48 74 24.0832
Pkt 34 120 0.283333 1
Pkt 56 200 0.28 1
Rate:561.131
==========
==========72
7 0 2 24000
Node 34 25 29.6816
Pkt 45 160 0.28125 1
Pkt 28 100 0.28 1
Node 30 53 20.2237
Pkt 135 480 0.28125 1
Pkt 112 400 0.28 1
Node 53 67 17.2627
Pkt 224 800 0.28 1
Pkt 224 800 0.28 1
Node 44 65 16.1555
Pkt 42 150 0.28 1
Pkt 68 240 0.283333 1
Node 66 47 16.2788
Pkt 105 375 0.28 1
Pkt 90 320 0.28125 1
Node 31 63 23.0217
Pkt 210 750 0.28 1
Pkt 224 800 0.28 1
Node 38 45 13
Pkt 54 192 0.28125 1
Pkt 35 125 0.28 1
Rate:561.19
==========
==========73
7 0 2 24000
Node 53 36 14.3178
Pkt 35 125 0.28 1
Pkt 34 120 0.283333 1
Node 61 70 22.8254
Pkt 90 320 0.28125 1
Pkt 84 300 0.28 1
Node 64 37 19.105
Pkt 210 750 0.28 1
Pkt 210 750 0.28 1
Node 46 71 21.3776
Pkt 54 192 0.28125 1
Pkt 54 192 0.28125 1
Node 61 50 11
Pkt 112 400 0.28 1
Pkt 112 400 0.28 1
Node 60 66 18.868
Pkt 224 800 0.28 1
Pkt 210 750 0.28 1
Node 54 57 8.06226
Pkt 42 150 0.28 1
Pkt 34 120 0.283333 1
Rate:561.488
==========
==========74
7 0 2 24000
Node 71 67 27.0185
Pkt 56 200 0.28 1
Pkt 70 250 0.28 1
Node 38 28 25.0599
Pkt 90 320 0.28125 1
Pkt 90 320 0.28125 1
Node 49 37 13.0384
Pkt 210 750 0.28 1
Pkt 224 800 0.28 1
Node 27 72 31.8277
Pkt 56 200 0.28 1
Pkt 28 100 0.28 1
Node 36 46 14.5602
Pkt 105 375 0.28 1
Pkt 112 400 0.28 1
Node 62 44 13.4164
Pkt 224 800 0.28 1
Pkt 224 800 0.28 1
Node 36 28 26.0768
Pkt 68 240 0.283333 1
Pkt 54 192 0.28125 1
Rate:561.012
==========
==========75
7 0 2 24000
Node 34 48 16.1245
Pkt 42 150 0.28 1
Pkt 70 250 0.28 1
Node 61 69 21.9545
Pkt 105 375 0.28 1
Pkt 90 320 0.28125 1
Node 70 53 20.2237
Pkt 210 750 0.28 1
Pkt 210 750 0.28 1
Node 36 73 26.9258
Pkt 28 100 0.28 1
Pkt 42 150 0.28 1
Node 53 50 3
Pkt 105 375 0.28 1
Pkt 105 375 0.28 1
Node 32 68 25.4558
Pkt 210 750 0.28 1
Pkt 224 800 0.28 1
Node 67 34 23.3452
Pkt 45 160 0.28125 1
Pkt 54 192 0.28125 1
Rate:560.536
==========
==========76
7 0 2 24000
Node 69 43 20.2485
Pkt 68 240 0.283333 1
Pkt 56 200 0.28 1
Node 56 50 6
Pkt 84 300 0.28 1
Pkt 90 320 0.28125 1
Node 58 55 9.43398
Pkt 224 800 0.28 1
Pkt 210 750 0.28 1
Node 36 32 22.8035
Pkt 56 200 0.28 1
Pkt 68 240 0.283333 1
Node 68 34 24.0832
Pkt 90 320 0.28125 1
Pkt 84 300 0.28 1
Node 74 47 24.1868
Pkt 210 750 0.28 1
Pkt 210 750 0.28 1
Node 54 70 20.3961
Pkt 70 250 0.28 1
Pkt 28 100 0.28 1
Rate:561.31
==========
==========77
7 0 2 24000
Node 25 68 30.8058
Pkt 35 125 0.28 1
Pkt 35 125 0.28 1
Node 48 50 2
Pkt 105 375 0.28 1
Pkt 112 400 0.28 1
Node 51 41 9.05539
Pkt 224 800 0.28 1
Pkt 224 800 0.28 1
Node 53 42 8.544
Pkt 34 120 0.283333 1
Pkt 54 192 0.28125 1
Node 44 60 11.6619
Pkt 84 300 0.28 1
Pkt 105 375 0.28 1
Node 58 57 10.6301
Pkt 210 750 0.28 1
Pkt 210 750 0.28 1
Node 37 60 16.4012
Pkt 34 120 0.283333 1
Pkt 28 100 0.28 1
Rate:561.131
==========
==========78
7 0 2 24000
Node 43 42 10.6301
Pkt 70 250 0.28 1
Pkt 42 150 0.28 1
Node 36 55 14.8661
Pkt 84 300 0.28 1
Pkt 90 320 0.28125 1
Node 45 36 14.8661
Pkt 224 800 0.28 1
Pkt 224 800 0.28 1
Node 65 28 26.6271
Pkt 68 240 0.283333 1
Pkt 42 150 0.28 1
Node 70 70 28.2843
Pkt 105 375 0.28 1
Pkt 90 320 0.28125 1
Node 46 53 5
Pkt 224 800 0.28 1
Pkt 210 750 0.28 1
Node 65 62 19.2094
Pkt 35 125 0.28 1
Pkt 68 240 0.283333 1
Rate:561.31
==========
==========79
7 0 2 24000
Node 38 41 15
Pkt 54 192 0.28125 1
Pkt 68 240 0.283333 1
Node 69 29 28.3196
Pkt 135 480 0.28125 1
Pkt 90 320 0.28125 1
Node 59 64 16.6433
Pkt 224 800 0.28 1
Pkt 210 750 0.28 1
Node 72 55 22.561
Pkt 68 240 0.283333 1
Pkt 70 250 0.28 1
Node 73 56 23.7697
Pkt 90 320 0.28125 1
Pkt 84 300 0.28 1
Node 68 34 24.0832
Pkt 224 800 0.28 1
Pkt 210 750 0.28 1
Node 26 50 24
Pkt 45 160 0.28125 1
Pkt 45 160 0.28125 1
Rate:562.024
==========
==========80
7 0 2 24000
Node 35 56 16.1555
Pkt 42 150 0.28 1
Pkt 54 192 0.28125 1
Node 50 41 9
Pkt 90 320 0.28125 1
Pkt 105 375 0.28 1
Node 52 62 12.1655
Pkt 224 800 0.28 1
Pkt 224 800 0.28 1
Node 26 26 33.9411
Pkt 70 250 0.28 1
Pkt 68 240 0.283333 1
Node 28 69 29.0689
Pkt 90 320 0.28125 1
Pkt 90 320 0.28125 1
Node 51 53 3.16228
Pkt 210 750 0.28 1
Pkt 210 750 0.28 1
Node 39 70 22.8254
Pkt 34 120 0.283333 1
Pkt 28 100 0.28 1
Rate:561.667
==========
==========81
7 0 2 24000
Node 32 61 21.095
Pkt 45 160 0.28125 1
Pkt 35 125 0.28 1
Node 72 65 26.6271
Pkt 112 400 0.28 1
Pkt 112 400 0.28 1
Node 46 71 21.3776
Pkt 210 750 0.28 1
Pkt 210 750 0.28 1
Node 31 25 31.4006
Pkt 28 100 0.28 1
Pkt 45 160 0.28125 1
Node 45 69 19.6469
Pkt 90 320 0.28125 1
Pkt 112 400 0.28 1
Node 31 40 21.4709
Pkt 210 750 0.28 1
Pkt 210 750 0.28 1
Node 72 65 26.6271
Pkt 28 100 0.28 1
Pkt 54 192 0.28125 1
Rate:560.714
==========
==========82
7 0 2 24000
Node 64 60 17.2047
Pkt 45 160 0.28125 1
Pkt 68 240 0.283333 1
Node 32 49 18.0278
Pkt 135 480 0.28125 1
Pkt 105 375 0.28 1
Node 41 55 10.2956
Pkt 224 800 0.28 1
Pkt 210 750 0.28 1
Node 37 38 17.6918
Pkt 70 250 0.28 1
Pkt 68 240 0.283333 1
Node 62 54 12.6491
Pkt 84 300 0.28 1
Pkt 112 400 0.28 1
Node 70 54 20.3961
Pkt 224 800 0.28 1
Pkt 210 750 0.28 1
Node 38 33 20.8087
Pkt 54 192 0.28125 1
Pkt 35 125 0.28 1
Rate:561.488
==========
==========83
7 0 2 24000
Node 44 50 6
Pkt 35 125 0.28 1
Pkt 34 120 0.283333 1
Node 52 38 12.1655
Pkt 90 320 0.28125 1
Pkt 105 375 0.28 1
Node 60 26 26
Pkt 224 800 0.28 1
Pkt 224 800 0.28 1
Node 40 72 24.1661
Pkt 54 192 0.28125 1
Pkt 28 100 0.28 1
Node 28 41 23.7697
Pkt 90 320 0.28125 1
Pkt 105 375 0.28 1
Node 33 35 22.6716
Pkt 224 800 0.28 1
Pkt 224 800 0.28 1
Node 33 61 20.2485
Pkt 70 250 0.28 1
Pkt 45 160 0.28125 1
Rate:561.19
==========
==========84
7 0 2 24000
Node 47 49 3.16228
Pkt 45 160 0.28125 1
Pkt 28 100 0.28 1
Node 47 43 7.61577
Pkt 105 375 0.28 1
Pkt 135 480 0.28125 1
Node 35 38 19.2094
Pkt 224 800 0.28 1
Pkt 210 750 0.28 1
Node 41 64 16.6433
Pkt 54 192 0.28125 1
Pkt 68 240 0.283333 1
Node 25 32 30.8058
Pkt 135 480 0.28125 1
Pkt 90 320 0.28125 1
Node 66 41 18.3576
Pkt 210 750 0.28 1
Pkt 224 800 0.28 1
Node 45 69 19.6469
Pkt 56 200 0.28 1
Pkt 70 250 0.28 1
Rate:561.369
==========
==========85
7 0 2 24000
Node 69 55 19.6469
Pkt 56 200 0.28 1
Pkt 54 192 0.28125 1
Node 53 69 19.2354
Pkt 90 320 0.28125 1
Pkt 105 375 0.28 1
Node 30 61 22.8254
Pkt 210 750 0.28 1
Pkt 224 800 0.28 1
Node 58 60 12.8062
Pkt 35 125 0.28 1
Pkt 56 200 0.28 1
Node 53 70 20.2237
Pkt 90 320 0.28125 1
Pkt 105 375 0.28 1
Node 49 65 15.0333
Pkt 210 750 0.28 1
Pkt 210 750 0.28 1
Node 28 64 26.0768
Pkt 45 160 0.28125 1
Pkt 54 192 0.28125 1
Rate:560.893
==========
==========86
7 0 2 24000
Node 53 71 21.2132
Pkt 42 150 0.28 1
Pkt 28 100 0.28 1
Node 45 71 21.587
Pkt 105 375 0.28 1
Pkt 112 400 0.28 1
Node 46 55 6.40312
Pkt 224 800 0.28 1
Pkt 210 750 0.28 1
Node 34 49 16.0312
Pkt 56 200 0.28 1
Pkt 28 100 0.28 1
Node 34 70 25.6125
Pkt 105 375 0.28 1
Pkt 112 400 0.28 1
Node 25 57 25.9615
Pkt 210 750 0.28 1
Pkt 210 750 0.28 1
Node 67 55 17.72
Pkt 68 240 0.283333 1
Pkt 34 120 0.283333 1
Rate:560.952
==========
==========87
7 0 2 24000
Node 33 34 23.3452
Pkt 45 160 0.28125 1
Pkt 35 125 0.28 1
Node 28 50 22
Pkt 135 480 0.28125 1
Pkt 90 320 0.28125 1
Node 64 50 14
Pkt 210 750 0.28 1
Pkt 224 800 0.28 1
Node 49 32 18.0278
Pkt 34 120 0.283333 1
Pkt 45 160 0.28125 1
Node 60 35 18.0278
Pkt 84 300 0.28 1
Pkt 135 480 0.28125 1
Node 51 55 5.09902
Pkt 224 800 0.28 1
Pkt 210 750 0.28 1
Node 27 52 23.0868
Pkt 34 120 0.283333 1
Pkt 42 150 0.28 1
Rate:561.845
==========
==========88
7 0 2 24000
Node 48 64 14.1421
Pkt 34 120 0.283333 1
Pkt 34 120 0.283333 1
Node 35 74 28.3019
Pkt 90 320 0.28125 1
Pkt 90 320 0.28125 1
Node 46 36 14.5602
Pkt 224 800 0.28 1
Pkt 224 800 0.28 1
Node 59 25 26.5707
Pkt 68 240 0.283333 1
Pkt 70 250 0.28 1
Node 55 34 16.7631
Pkt 90 320 0.28125 1
Pkt 105 375 0.28 1
Node 40 39 14.8661
Pkt 224 800 0.28 1
Pkt 224 800 0.28 1
Node 41 55 10.2956
Pkt 54 192 0.28125 1
Pkt 56 200 0.28 1
Rate:562.143
==========
==========89
7 0 2 24000
Node 41 57 11.4018
Pkt 68 240 0.283333 1
Pkt 35 125 0.28 1
Node 74 25 34.6554
Pkt 84 300 0.28 1
Pkt 135 480 0.28125 1
Node 31 42 20.6155
Pkt 210 750 0.28 1
Pkt 210 750 0.28 1
Node 42 29 22.4722
Pkt 28 100 0.28 1
Pkt 70 250 0.28 1
Node 29 68 27.6586
Pkt 105 375 0.28 1
Pkt 135 480 0.28125 1
Node 40 64 17.2047
Pkt 224 800 0.28 1
Pkt 224 800 0.28 1
Node 56 55 7.81025
Pkt 54 192 0.28125 1
Pkt 54 192 0.28125 1
Rate:561.19
==========
==========90
7 0 2 24000
Node 25 68 30.8058
Pkt 56 200 0.28 1
Pkt 35 125 0.28 1
Node 38 67 20.8087
Pkt 90 320 0.28125 1
Pkt 135 480 0.28125 1
Node 50 56 6
Pkt 210 750 0.28 1
Pkt 210 750 0.28 1
Node 38 56 13.4164
Pkt 70 250 0.28 1
Pkt 70 250 0.28 1
Node 67 52 17.1172
Pkt 112 400 0.28 1
Pkt 84 300 0.28 1
Node 60 71 23.2594
Pkt 210 750 0.28 1
Pkt 224 800 0.28 1
Node 52 70 20.0998
Pkt 56 200 0.28 1
Pkt 45 160 0.28125 1
Rate:560.536
==========
==========91
7 0 2 24000
Node 35 37 19.8494
Pkt 56 200 0.28 1
Pkt 54 192 0.28125 1
Node 31 65 24.2074
Pkt 105 375 0.28 1
Pkt 84 300 0.28 1
Node 74 70 31.241
Pkt 210 750 0.28 1
Pkt 210 750 0.28 1
Node 72 41 23.7697
Pkt 28 100 0.28 1
Pkt 70 250 0.28 1
Node 74 64 27.7849
Pkt 105 375 0.28 1
Pkt 90 320 0.28125 1
Node 50 66 16
Pkt 224 800 0.28 1
Pkt 210 750 0.28 1
Node 64 27 26.9258
Pkt 70 250 0.28 1
Pkt 34 120 0.283333 1
Rate:560.833
==========
==========92
7 0 2 24000
Node 49 74 24.0208
Pkt 68 240 0.283333 1
Pkt 54 192 0.28125 1
Node 72 71 30.4138
Pkt 135 480 0.28125 1
Pkt 90 320 0.28125 1
Node 31 30 27.5862
Pkt 224 800 0.28 1
Pkt 224 800 0.28 1
Node 33 38 20.8087
Pkt 70 250 0.28 1
Pkt 42 150 0.28 1
Node 63 37 18.3848
Pkt 112 400 0.28 1
Pkt 90 320 0.28125 1
Node 60 73 25.0799
Pkt 224 800 0.28 1
Pkt 210 750 0.28 1
Node 35 29 25.807
Pkt 56 200 0.28 1
Pkt 34 120 0.283333 1
Rate:561.667
==========
==========93
7 0 2 24000
Node 70 45 20.6155
Pkt 68 240 0.283333 1
Pkt 70 250 0.28 1
Node 34 48 16.1245
Pkt 135 480 0.28125 1
Pkt 112 400 0.28 1
Node 35 50 15
Pkt 224 800 0.28 1
Pkt 210 750 0.28 1
Node 33 31 25.4951
Pkt 35 125 0.28 1
Pkt 54 192 0.28125 1
Node 49 50 1
Pkt 84 300 0.28 1
Pkt 90 320 0.28125 1
Node 51 47 3.16228
Pkt 210 750 0.28 1
Pkt 210 750 0.28 1
Node 57 40 12.2066
Pkt 34 120 0.283333 1
Pkt 70 250 0.28 1
Rate:561.488
==========
==========94
7 0 2 24000
Node 52 27 23.0868
Pkt 70 250 0.28 1
Pkt 56 200 0.28 1
Node 33 51 17.0294
Pkt 105 375 0.28 1
Pkt 135 480 0.28125 1
Node 37 32 22.2036
Pkt 224 800 0.28 1
Pkt 210 750 0.28 1
Node 29 71 29.6985
Pkt 42 150 0.28 1
Pkt 35 125 0.28 1
Node 51 36 14.0357
Pkt 135 480 0.28125 1
Pkt 105 375 0.28 1
Node 37 55 13.9284
Pkt 224 800 0.28 1
Pkt 224 800 0.28 1
Node 42 56 10
Pkt 68 240 0.283333 1
Pkt 28 100 0.28 1
Rate:560.833
==========
==========95
7 0 2 24000
Node 38 63 17.6918
Pkt 42 150 0.28 1
Pkt 45 160 0.28125 1
Node 32 26 30
Pkt 135 480 0.28125 1
Pkt 84 300 0.28 1
Node 68 67 24.7588
Pkt 210 750 0.28 1
Pkt 224 800 0.28 1
Node 55 65 15.8114
Pkt 70 250 0.28 1
Pkt 68 240 0.283333 1
Node 58 42 11.3137
Pkt 90 320 0.28125 1
Pkt 90 320 0.28125 1
Node 33 45 17.72
Pkt 210 750 0.28 1
Pkt 210 750 0.28 1
Node 43 43 9.89949
Pkt 28 100 0.28 1
Pkt 56 200 0.28 1
Rate:561.19
==========
==========96
7 0 2 24000
Node 43 44 9.21954
Pkt 56 200 0.28 1
Pkt 68 240 0.283333 1
Node 26 66 28.8444
Pkt 105 375 0.28 1
Pkt 90 320 0.28125 1
Node 55 51 5.09902
Pkt 210 750 0.28 1
Pkt 224 800 0.28 1
Node 56 58 10
Pkt 34 120 0.283333 1
Pkt 28 100 0.28 1
Node 27 70 30.4795
Pkt 135 480 0.28125 1
Pkt 105 375 0.28 1
Node 54 42 8.94427
Pkt 224 800 0.28 1
Pkt 224 800 0.28 1
Node 65 74 28.3019
Pkt 28 100 0.28 1
Pkt 28 100 0.28 1
Rate:561.31
==========
==========97
7 0 2 24000
Node 56 32 18.9737
Pkt 35 125 0.28 1
Pkt 45 160 0.28125 1
Node 44 40 11.6619
Pkt 135 480 0.28125 1
Pkt 135 480 0.28125 1
Node 62 50 12
Pkt 224 800 0.28 1
Pkt 224 800 0.28 1
Node 51 59 9.05539
Pkt 28 100 0.28 1
Pkt 45 160 0.28125 1
Node 31 25 31.4006
Pkt 84 300 0.28 1
Pkt 112 400 0.28 1
Node 55 36 14.8661
Pkt 224 800 0.28 1
Pkt 224 800 0.28 1
Node 27 74 33.2415
Pkt 34 120 0.283333 1
Pkt 70 250 0.28 1
Rate:561.19
==========
==========98
7 0 2 24000
Node 64 48 14.1421
Pkt 42 150 0.28 1
Pkt 54 192 0.28125 1
Node 33 45 17.72
Pkt 90 320 0.28125 1
Pkt 112 400 0.28 1
Node 26 40 26
Pkt 210 750 0.28 1
Pkt 224 800 0.28 1
Node 64 41 16.6433
Pkt 45 160 0.28125 1
Pkt 56 200 0.28 1
Node 63 47 13.3417
Pkt 112 400 0.28 1
Pkt 135 480 0.28125 1
Node 26 38 26.8328
Pkt 210 750 0.28 1
Pkt 224 800 0.28 1
Node 27 38 25.9422
Pkt 28 100 0.28 1
Pkt 42 150 0.28 1
Rate:560.714
==========
==========99
