7 0 2 24000
Node 39 39 15.5563
Pkt 42 100 0.42 1
Pkt 63 150 0.42 1
Node 36 37 19.105
Pkt 158 375 0.421333 1
Pkt 158 375 0.421333 1
Node 42 64 16.1245
Pkt 336 800 0.42 1
Pkt 315 750 0.42 1
Node 60 36 17.2047
Pkt 81 192 0.421875 1
Pkt 84 200 0.42 1
Node 59 31 21.0238
Pkt 202 480 0.420833 1
Pkt 135 320 0.421875 1
Node 30 56 20.8806
Pkt 315 750 0.42 1
Pkt 315 750 0.42 1
Node 68 36 22.8035
Pkt 84 200 0.42 1
Pkt 53 125 0.424 1
Rate:841.607
==========
==========0
7 0 2 24000
Node 61 71 23.7065
Pkt 101 240 0.420833 1
Pkt 101 240 0.420833 1
Node 29 26 31.8904
Pkt 158 375 0.421333 1
Pkt 168 400 0.42 1
Node 53 40 10.4403
Pkt 315 750 0.42 1
Pkt 336 800 0.42 1
Node 63 50 13
Pkt 53 125 0.424 1
Pkt 53 125 0.424 1
Node 25 39 27.313
Pkt 202 480 0.420833 1
Pkt 158 375 0.421333 1
Node 55 45 7.07107
Pkt 315 750 0.42 1
Pkt 315 750 0.42 1
Node 33 70 26.2488
Pkt 105 250 0.42 1
Pkt 101 240 0.420833 1
Rate:842
==========
==========1
7 0 2 24000
Node 55 33 17.72
Pkt 101 240 0.420833 1
Pkt 81 192 0.421875 1
Node 71 57 22.1359
Pkt 168 400 0.42 1
Pkt 158 375 0.421333 1
Node 29 74 31.8904
Pkt 315 750 0.42 1
Pkt 315 750 0.42 1
Node 59 37 15.8114
Pkt 101 240 0.420833 1
Pkt 63 150 0.42 1
Node 71 69 28.3196
Pkt 158 375 0.421333 1
Pkt 202 480 0.420833 1
Node 74 29 31.8904
Pkt 315 750 0.42 1
Pkt 336 800 0.42 1
Node 49 58 8.06226
Pkt 68 160 0.425 1
Pkt 84 200 0.42 1
Rate:841.72
==========
==========2
7 0 2 24000
Node 30 69 27.5862
Pkt 101 240 0.420833 1
Pkt 68 160 0.425 1
Node 42 74 25.2982
Pkt 168 400 0.42 1
Pkt 168 400 0.42 1
Node 69 30 27.5862
Pkt 336 800 0.42 1
Pkt 315 750 0.42 1
Node 64 50 14
Pkt 105 250 0.42 1
Pkt 68 160 0.425 1
Node 53 74 24.1868
Pkt 135 320 0.421875 1
Pkt 202 480 0.420833 1
Node 41 49 9.05539
Pkt 315 750 0.42 1
Pkt 315 750 0.42 1
Node 45 42 9.43398
Pkt 53 125 0.424 1
Pkt 105 250 0.42 1
Rate:842.506
==========
==========3
7 0 2 24000
Node 45 41 10.2956
Pkt 81 192 0.421875 1
Pkt 42 100 0.42 1
Node 58 26 25.2982
Pkt 168 400 0.42 1
Pkt 202 480 0.420833 1
Node 70 55 20.6155
Pkt 315 750 0.42 1
Pkt 336 800 0.42 1
Node 56 43 9.21954
Pkt 51 120 0.425 1
Pkt 68 160 0.425 1
Node 61 65 18.6011
Pkt 158 375 0.421333 1
Pkt 126 300 0.42 1
Node 68 52 18.1108
Pkt 336 800 0.42 1
Pkt 315 750 0.42 1
Node 54 57 8.06226
Pkt 68 160 0.425 1
Pkt 42 100 0.42 1
Rate:842.72
==========
==========4
7 0 2 24000
Node 53 65 15.2971
Pkt 51 120 0.425 1
Pkt 53 125 0.424 1
Node 54 36 14.5602
Pkt 168 400 0.42 1
Pkt 158 375 0.421333 1
Node 74 36 27.7849
Pkt 336 800 0.42 1
Pkt 315 750 0.42 1
Node 67 42 18.7883
Pkt 53 125 0.424 1
Pkt 101 240 0.420833 1
Node 52 69 19.105
Pkt 202 480 0.420833 1
Pkt 135 320 0.421875 1
Node 62 54 12.6491
Pkt 315 750 0.42 1
Pkt 336 800 0.42 1
Node 51 25 25.02
Pkt 101 240 0.420833 1
Pkt 101 240 0.420833 1
Rate:842.792
==========
==========5
7 0 2 24000
Node 46 28 22.3607
Pkt 63 150 0.42 1
Pkt 81 192 0.421875 1
Node 29 63 24.6982
Pkt 168 400 0.42 1
Pkt 158 375 0.421333 1
Node 54 46 5.65685
Pkt 336 800 0.42 1
Pkt 315 750 0.42 1
Node 67 25 30.2324
Pkt 63 150 0.42 1
Pkt 53 125 0.424 1
Node 58 38 14.4222
Pkt 126 300 0.42 1
Pkt 158 375 0.421333 1
Node 37 53 13.3417
Pkt 315 750 0.42 1
Pkt 315 750 0.42 1
Node 74 58 25.2982
Pkt 42 100 0.42 1
Pkt 51 120 0.425 1
Rate:841.935
==========
==========6
7 0 2 24000
Node 48 54 4.47214
Pkt 63 150 0.42 1
Pkt 51 120 0.425 1
Node 64 26 27.7849
Pkt 158 375 0.421333 1
Pkt 135 320 0.421875 1
Node 59 48 9.21954
Pkt 315 750 0.42 1
Pkt 315 750 0.42 1
Node 54 34 16.4924
Pkt 63 150 0.42 1
Pkt 53 125 0.424 1
Node 37 62 17.6918
Pkt 158 375 0.421333 1
Pkt 135 320 0.421875 1
Node 74 29 31.8904
Pkt 336 800 0.42 1
Pkt 336 800 0.42 1
Node 36 32 22.8035
Pkt 101 240 0.420833 1
Pkt 81 192 0.421875 1
Rate:842.589
==========
==========7
7 0 2 24000
Node 43 50 7
Pkt 81 192 0.421875 1
Pkt 53 125 0.424 1
Node 72 46 22.3607
Pkt 135 320 0.421875 1
Pkt 202 480 0.420833 1
Node 35 32 23.4307
Pkt 315 750 0.42 1
Pkt 336 800 0.42 1
Node 32 28 28.4253
Pkt 63 150 0.42 1
Pkt 84 200 0.42 1
Node 30 38 23.3238
Pkt 158 375 0.421333 1
Pkt 135 320 0.421875 1
Node 71 34 26.4008
Pkt 315 750 0.42 1
Pkt 315 750 0.42 1
Node 32 25 30.8058
Pkt 42 100 0.42 1
Pkt 51 120 0.425 1
Rate:842.399
==========
==========8
7 0 2 24000
Node 73 30 30.4795
Pkt 42 100 0.42 1
Pkt 105 250 0.42 1
Node 51 44 6.08276
Pkt 168 400 0.42 1
Pkt 126 300 0.42 1
Node 63 36 19.105
Pkt 315 750 0.42 1
Pkt 336 800 0.42 1
Node 42 57 10.6301
Pkt 53 125 0.424 1
Pkt 63 150 0.42 1
Node 59 31 21.0238
Pkt 158 375 0.421333 1
Pkt 135 320 0.421875 1
Node 26 54 24.3311
Pkt 336 800 0.42 1
Pkt 315 750 0.42 1
Node 49 52 2.23607
Pkt 51 120 0.425 1
Pkt 81 192 0.421875 1
Rate:842.012
==========
==========9
7 0 2 24000
Node 29 73 31.1448
Pkt 63 150 0.42 1
Pkt 63 150 0.42 1
Node 49 32 18.0278
Pkt 202 480 0.420833 1
Pkt 202 480 0.420833 1
Node 64 68 22.8035
Pkt 336 800 0.42 1
Pkt 315 750 0.42 1
Node 53 52 3.60555
Pkt 81 192 0.421875 1
Pkt 84 200 0.42 1
Node 58 36 16.1245
Pkt 202 480 0.420833 1
Pkt 202 480 0.420833 1
Node 54 26 24.3311
Pkt 315 750 0.42 1
Pkt 315 750 0.42 1
Node 33 29 27.0185
Pkt 105 250 0.42 1
Pkt 81 192 0.421875 1
Rate:841.012
==========
==========10
7 0 2 24000
Node 49 74 24.0208
Pkt 105 250 0.42 1
Pkt 101 240 0.420833 1
Node 68 59 20.1246
Pkt 126 300 0.42 1
Pkt 126 300 0.42 1
Node 66 72 27.2029
Pkt 336 800 0.42 1
Pkt 336 800 0.42 1
Node 25 29 32.6497
Pkt 53 125 0.424 1
Pkt 105 250 0.42 1
Node 29 47 21.2132
Pkt 135 320 0.421875 1
Pkt 158 375 0.421333 1
Node 67 29 27.0185
Pkt 336 800 0.42 1
Pkt 336 800 0.42 1
Node 60 57 12.2066
Pkt 42 100 0.42 1
Pkt 63 150 0.42 1
Rate:841.149
==========
==========11
7 0 2 24000
Node 68 68 25.4558
Pkt 51 120 0.425 1
Pkt 42 100 0.42 1
Node 52 56 6.32456
Pkt 158 375 0.421333 1
Pkt 168 400 0.42 1
Node 42 27 24.3516
Pkt 315 750 0.42 1
Pkt 315 750 0.42 1
Node 54 67 17.4642
Pkt 53 125 0.424 1
Pkt 68 160 0.425 1
Node 45 66 16.7631
Pkt 126 300 0.42 1
Pkt 126 300 0.42 1
Node 52 53 3.60555
Pkt 336 800 0.42 1
Pkt 315 750 0.42 1
Node 31 37 23.0217
Pkt 105 250 0.42 1
Pkt 42 100 0.42 1
Rate:842.19
==========
==========12
7 0 2 24000
Node 46 62 12.6491
Pkt 42 100 0.42 1
Pkt 84 200 0.42 1
Node 53 38 12.3693
Pkt 168 400 0.42 1
Pkt 126 300 0.42 1
Node 30 48 20.0998
Pkt 336 800 0.42 1
Pkt 315 750 0.42 1
Node 59 59 12.7279
Pkt 68 160 0.425 1
Pkt 68 160 0.425 1
Node 53 60 10.4403
Pkt 202 480 0.420833 1
Pkt 202 480 0.420833 1
Node 33 27 28.6007
Pkt 315 750 0.42 1
Pkt 315 750 0.42 1
Node 53 69 19.2354
Pkt 101 240 0.420833 1
Pkt 101 240 0.420833 1
Rate:841.905
==========
==========13
7 0 2 24000
Node 59 70 21.9317
Pkt 42 100 0.42 1
Pkt 81 192 0.421875 1
Node 51 49 1.41421
Pkt 135 320 0.421875 1
Pkt 135 320 0.421875 1
Node 69 46 19.4165
Pkt 336 800 0.42 1
Pkt 336 800 0.42 1
Node 51 68 18.0278
Pkt 84 200 0.42 1
Pkt 63 150 0.42 1
Node 41 25 26.5707
Pkt 135 320 0.421875 1
Pkt 168 400 0.42 1
Node 49 30 20.025
Pkt 336 800 0.42 1
Pkt 336 800 0.42 1
Node 54 54 5.65685
Pkt 42 100 0.42 1
Pkt 105 250 0.42 1
Rate:841.071
==========
==========14
7 0 2 24000
Node 58 57 10.6301
Pkt 84 200 0.42 1
Pkt 53 125 0.424 1
Node 73 66 28.0179
Pkt 168 400 0.42 1
Pkt 135 320 0.421875 1
Node 44 36 15.2315
Pkt 315 750 0.42 1
Pkt 336 800 0.42 1
Node 54 47 5
Pkt 105 250 0.42 1
Pkt 105 250 0.42 1
Node 37 64 19.105
Pkt 126 300 0.42 1
Pkt 202 480 0.420833 1
Node 51 68 18.0278
Pkt 315 750 0.42 1
Pkt 315 750 0.42 1
Node 61 58 13.6015
Pkt 53 125 0.424 1
Pkt 42 100 0.42 1
Rate:841.53
==========
==========15
7 0 2 24000
Node 52 27 23.0868
Pkt 68 160 0.425 1
Pkt 84 200 0.42 1
Node 34 29 26.4008
Pkt 158 375 0.421333 1
Pkt 126 300 0.42 1
Node 37 31 23.0217
Pkt 315 750 0.42 1
Pkt 336 800 0.42 1
Node 70 61 22.8254
Pkt 42 100 0.42 1
Pkt 63 150 0.42 1
Node 62 45 13
Pkt 158 375 0.421333 1
Pkt 126 300 0.42 1
Node 65 55 15.8114
Pkt 336 800 0.42 1
Pkt 336 800 0.42 1
Node 34 36 21.2603
Pkt 63 150 0.42 1
Pkt 105 250 0.42 1
Rate:841.095
==========
==========16
7 0 2 24000
Node 57 69 20.2485
Pkt 42 100 0.42 1
Pkt 63 150 0.42 1
Node 69 62 22.4722
Pkt 202 480 0.420833 1
Pkt 126 300 0.42 1
Node 54 59 9.84886
Pkt 315 750 0.42 1
Pkt 315 750 0.42 1
Node 62 41 15
Pkt 63 150 0.42 1
Pkt 51 120 0.425 1
Node 42 34 17.8885
Pkt 158 375 0.421333 1
Pkt 135 320 0.421875 1
Node 66 65 21.9317
Pkt 315 750 0.42 1
Pkt 336 800 0.42 1
Node 61 74 26.4008
Pkt 53 125 0.424 1
Pkt 81 192 0.421875 1
Rate:842.131
==========
==========17
7 0 2 24000
Node 70 41 21.9317
Pkt 68 160 0.425 1
Pkt 68 160 0.425 1
Node 71 29 29.6985
Pkt 168 400 0.42 1
Pkt 168 400 0.42 1
Node 73 43 24.0416
Pkt 315 750 0.42 1
Pkt 315 750 0.42 1
Node 55 44 7.81025
Pkt 53 125 0.424 1
Pkt 53 125 0.424 1
Node 71 41 22.8473
Pkt 158 375 0.421333 1
Pkt 126 300 0.42 1
Node 56 48 6.32456
Pkt 336 800 0.42 1
Pkt 315 750 0.42 1
Node 50 70 20
Pkt 84 200 0.42 1
Pkt 105 250 0.42 1
Rate:842.762
==========
==========18
7 0 2 24000
Node 40 74 26
Pkt 84 200 0.42 1
Pkt 81 192 0.421875 1
Node 45 70 20.6155
Pkt 168 400 0.42 1
Pkt 158 375 0.421333 1
Node 65 49 15.0333
Pkt 336 800 0.42 1
Pkt 315 750 0.42 1
Node 26 51 24.0208
Pkt 42 100 0.42 1
Pkt 51 120 0.425 1
Node 29 40 23.2594
Pkt 202 480 0.420833 1
Pkt 168 400 0.42 1
Node 51 33 17.0294
Pkt 336 800 0.42 1
Pkt 336 800 0.42 1
Node 55 35 15.8114
Pkt 105 250 0.42 1
Pkt 105 250 0.42 1
Rate:841.292
==========
==========19
7 0 2 24000
Node 68 73 29.2062
Pkt 51 120 0.425 1
Pkt 42 100 0.42 1
Node 48 32 18.1108
Pkt 158 375 0.421333 1
Pkt 202 480 0.420833 1
Node 63 50 13
Pkt 336 800 0.42 1
Pkt 336 800 0.42 1
Node 69 38 22.4722
Pkt 42 100 0.42 1
Pkt 101 240 0.420833 1
Node 67 74 29.4109
Pkt 202 480 0.420833 1
Pkt 126 300 0.42 1
Node 60 41 13.4536
Pkt 336 800 0.42 1
Pkt 336 800 0.42 1
Node 65 37 19.8494
Pkt 84 200 0.42 1
Pkt 53 125 0.424 1
Rate:841.833
==========
==========20
7 0 2 24000
Node 39 60 14.8661
Pkt 51 120 0.425 1
Pkt 53 125 0.424 1
Node 36 62 18.4391
Pkt 168 400 0.42 1
Pkt 158 375 0.421333 1
Node 63 33 21.4009
Pkt 315 750 0.42 1
Pkt 336 800 0.42 1
Node 57 53 7.61577
Pkt 101 240 0.420833 1
Pkt 68 160 0.425 1
Node 67 37 21.4009
Pkt 126 300 0.42 1
Pkt 168 400 0.42 1
Node 28 58 23.4094
Pkt 336 800 0.42 1
Pkt 315 750 0.42 1
Node 74 67 29.4109
Pkt 68 160 0.425 1
Pkt 101 240 0.420833 1
Rate:843.143
==========
==========21
7 0 2 24000
Node 32 29 27.6586
Pkt 51 120 0.425 1
Pkt 68 160 0.425 1
Node 48 25 25.0799
Pkt 135 320 0.421875 1
Pkt 135 320 0.421875 1
Node 57 66 17.4642
Pkt 336 800 0.42 1
Pkt 315 750 0.42 1
Node 40 52 10.198
Pkt 53 125 0.424 1
Pkt 63 150 0.42 1
Node 72 30 29.7321
Pkt 168 400 0.42 1
Pkt 168 400 0.42 1
Node 72 61 24.5967
Pkt 336 800 0.42 1
Pkt 315 750 0.42 1
Node 51 61 11.0454
Pkt 81 192 0.421875 1
Pkt 53 125 0.424 1
Rate:843.375
==========
==========22
7 0 2 24000
Node 28 72 31.1127
Pkt 53 125 0.424 1
Pkt 68 160 0.425 1
Node 62 44 13.4164
Pkt 126 300 0.42 1
Pkt 168 400 0.42 1
Node 68 38 21.6333
Pkt 336 800 0.42 1
Pkt 336 800 0.42 1
Node 36 33 22.0227
Pkt 63 150 0.42 1
Pkt 84 200 0.42 1
Node 60 28 24.1661
Pkt 126 300 0.42 1
Pkt 135 320 0.421875 1
Node 34 62 20
Pkt 336 800 0.42 1
Pkt 336 800 0.42 1
Node 26 48 24.0832
Pkt 63 150 0.42 1
Pkt 53 125 0.424 1
Rate:842.125
==========
==========23
7 0 2 24000
Node 62 43 13.8924
Pkt 105 250 0.42 1
Pkt 105 250 0.42 1
Node 30 32 26.9072
Pkt 158 375 0.421333 1
Pkt 126 300 0.42 1
Node 35 35 21.2132
Pkt 336 800 0.42 1
Pkt 315 750 0.42 1
Node 54 27 23.3452
Pkt 51 120 0.425 1
Pkt 101 240 0.420833 1
Node 49 27 23.0217
Pkt 168 400 0.42 1
Pkt 158 375 0.421333 1
Node 71 67 27.0185
Pkt 336 800 0.42 1
Pkt 315 750 0.42 1
Node 46 39 11.7047
Pkt 51 120 0.425 1
Pkt 105 250 0.42 1
Rate:841.929
==========
==========24
7 0 2 24000
Node 33 55 17.72
Pkt 81 192 0.421875 1
Pkt 81 192 0.421875 1
Node 41 61 14.2127
Pkt 135 320 0.421875 1
Pkt 168 400 0.42 1
Node 34 61 19.4165
Pkt 315 750 0.42 1
Pkt 336 800 0.42 1
Node 62 36 18.4391
Pkt 51 120 0.425 1
Pkt 105 250 0.42 1
Node 48 58 8.24621
Pkt 202 480 0.420833 1
Pkt 126 300 0.42 1
Node 71 56 21.8403
Pkt 336 800 0.42 1
Pkt 336 800 0.42 1
Node 41 27 24.6982
Pkt 63 150 0.42 1
Pkt 51 120 0.425 1
Rate:842.351
==========
==========25
7 0 2 24000
Node 31 74 30.6105
Pkt 42 100 0.42 1
Pkt 105 250 0.42 1
Node 70 48 20.0998
Pkt 168 400 0.42 1
Pkt 202 480 0.420833 1
Node 25 74 34.6554
Pkt 336 800 0.42 1
Pkt 336 800 0.42 1
Node 25 59 26.5707
Pkt 105 250 0.42 1
Pkt 63 150 0.42 1
Node 66 36 21.2603
Pkt 126 300 0.42 1
Pkt 135 320 0.421875 1
Node 29 66 26.4008
Pkt 336 800 0.42 1
Pkt 315 750 0.42 1
Node 57 28 23.0868
Pkt 63 150 0.42 1
Pkt 53 125 0.424 1
Rate:840.958
==========
==========26
7 0 2 24000
Node 47 43 7.61577
Pkt 51 120 0.425 1
Pkt 105 250 0.42 1
Node 69 57 20.2485
Pkt 158 375 0.421333 1
Pkt 126 300 0.42 1
Node 61 48 11.1803
Pkt 336 800 0.42 1
Pkt 315 750 0.42 1
Node 36 27 26.9258
Pkt 101 240 0.420833 1
Pkt 42 100 0.42 1
Node 25 48 25.0799
Pkt 158 375 0.421333 1
Pkt 202 480 0.420833 1
Node 29 58 22.4722
Pkt 315 750 0.42 1
Pkt 315 750 0.42 1
Node 42 57 10.6301
Pkt 84 200 0.42 1
Pkt 101 240 0.420833 1
Rate:841.452
==========
==========27
7 0 2 24000
Node 46 44 7.2111
Pkt 68 160 0.425 1
Pkt 63 150 0.42 1
Node 35 37 19.8494
Pkt 202 480 0.420833 1
Pkt 135 320 0.421875 1
Node 59 36 16.6433
Pkt 336 800 0.42 1
Pkt 315 750 0.42 1
Node 49 57 7.07107
Pkt 51 120 0.425 1
Pkt 84 200 0.42 1
Node 28 51 22.0227
Pkt 202 480 0.420833 1
Pkt 135 320 0.421875 1
Node 51 70 20.025
Pkt 315 750 0.42 1
Pkt 336 800 0.42 1
Node 48 64 14.1421
Pkt 42 100 0.42 1
Pkt 53 125 0.424 1
Rate:842.774
==========
==========28
7 0 2 24000
Node 30 70 28.2843
Pkt 42 100 0.42 1
Pkt 53 125 0.424 1
Node 46 48 4.47214
Pkt 126 300 0.42 1
Pkt 202 480 0.420833 1
Node 67 50 17
Pkt 315 750 0.42 1
Pkt 315 750 0.42 1
Node 30 69 27.5862
Pkt 51 120 0.425 1
Pkt 101 240 0.420833 1
Node 57 25 25.9615
Pkt 135 320 0.421875 1
Pkt 202 480 0.420833 1
Node 42 61 13.6015
Pkt 336 800 0.42 1
Pkt 336 800 0.42 1
Node 58 33 18.7883
Pkt 105 250 0.42 1
Pkt 101 240 0.420833 1
Rate:842.03
==========
==========29
7 0 2 24000
Node 45 31 19.6469
Pkt 53 125 0.424 1
Pkt 101 240 0.420833 1
Node 74 31 30.6105
Pkt 168 400 0.42 1
Pkt 168 400 0.42 1
Node 54 41 9.84886
Pkt 315 750 0.42 1
Pkt 315 750 0.42 1
Node 70 59 21.9317
Pkt 101 240 0.420833 1
Pkt 105 250 0.42 1
Node 39 34 19.4165
Pkt 135 320 0.421875 1
Pkt 135 320 0.421875 1
Node 44 51 6.08276
Pkt 315 750 0.42 1
Pkt 315 750 0.42 1
Node 35 49 15.0333
Pkt 51 120 0.425 1
Pkt 81 192 0.421875 1
Rate:842.327
==========
==========30
7 0 2 24000
Node 60 70 22.3607
Pkt 105 250 0.42 1
Pkt 105 250 0.42 1
Node 44 53 6.7082
Pkt 135 320 0.421875 1
Pkt 135 320 0.421875 1
Node 64 65 20.5183
Pkt 315 750 0.42 1
Pkt 336 800 0.42 1
Node 67 51 17.0294
Pkt 53 125 0.424 1
Pkt 42 100 0.42 1
Node 63 59 15.8114
Pkt 168 400 0.42 1
Pkt 202 480 0.420833 1
Node 71 27 31.1448
Pkt 315 750 0.42 1
Pkt 336 800 0.42 1
Node 25 37 28.178
Pkt 101 240 0.420833 1
Pkt 42 100 0.42 1
Rate:841.345
==========
==========31
7 0 2 24000
Node 57 60 12.2066
Pkt 105 250 0.42 1
Pkt 63 150 0.42 1
Node 45 35 15.8114
Pkt 168 400 0.42 1
Pkt 202 480 0.420833 1
Node 25 32 30.8058
Pkt 315 750 0.42 1
Pkt 315 750 0.42 1
Node 51 69 19.0263
Pkt 81 192 0.421875 1
Pkt 84 200 0.42 1
Node 73 68 29.2062
Pkt 126 300 0.42 1
Pkt 202 480 0.420833 1
Node 65 40 18.0278
Pkt 336 800 0.42 1
Pkt 336 800 0.42 1
Node 60 62 15.6205
Pkt 51 120 0.425 1
Pkt 42 100 0.42 1
Rate:841.22
==========
==========32
7 0 2 24000
Node 38 46 12.6491
Pkt 105 250 0.42 1
Pkt 105 250 0.42 1
Node 58 46 8.94427
Pkt 126 300 0.42 1
Pkt 135 320 0.421875 1
Node 27 28 31.8277
Pkt 336 800 0.42 1
Pkt 336 800 0.42 1
Node 44 26 24.7386
Pkt 63 150 0.42 1
Pkt 63 150 0.42 1
Node 41 53 9.48683
Pkt 202 480 0.420833 1
Pkt 158 375 0.421333 1
Node 45 72 22.561
Pkt 336 800 0.42 1
Pkt 336 800 0.42 1
Node 55 70 20.6155
Pkt 51 120 0.425 1
Pkt 84 200 0.42 1
Rate:841.292
==========
==========33
7 0 2 24000
Node 60 32 20.5913
Pkt 68 160 0.425 1
Pkt 63 150 0.42 1
Node 50 28 22
Pkt 158 375 0.421333 1
Pkt 158 375 0.421333 1
Node 44 72 22.8035
Pkt 315 750 0.42 1
Pkt 336 800 0.42 1
Node 49 52 2.23607
Pkt 42 100 0.42 1
Pkt 81 192 0.421875 1
Node 36 52 14.1421
Pkt 168 400 0.42 1
Pkt 202 480 0.420833 1
Node 27 31 29.8329
Pkt 315 750 0.42 1
Pkt 315 750 0.42 1
Node 46 40 10.7703
Pkt 81 192 0.421875 1
Pkt 84 200 0.42 1
Rate:841.75
==========
==========34
7 0 2 24000
Node 59 54 9.84886
Pkt 81 192 0.421875 1
Pkt 42 100 0.42 1
Node 48 70 20.0998
Pkt 158 375 0.421333 1
Pkt 126 300 0.42 1
Node 32 32 25.4558
Pkt 336 800 0.42 1
Pkt 315 750 0.42 1
Node 33 66 23.3452
Pkt 42 100 0.42 1
Pkt 63 150 0.42 1
Node 36 43 15.6525
Pkt 126 300 0.42 1
Pkt 168 400 0.42 1
Node 47 35 15.2971
Pkt 315 750 0.42 1
Pkt 315 750 0.42 1
Node 33 52 17.1172
Pkt 51 120 0.425 1
Pkt 101 240 0.420833 1
Rate:841.292
==========
==========35
7 0 2 24000
Node 71 35 25.807
Pkt 51 120 0.425 1
Pkt 51 120 0.425 1
Node 58 66 17.8885
Pkt 158 375 0.421333 1
Pkt 202 480 0.420833 1
Node 29 29 29.6985
Pkt 336 800 0.42 1
Pkt 336 800 0.42 1
Node 55 60 11.1803
Pkt 51 120 0.425 1
Pkt 42 100 0.42 1
Node 45 44 7.81025
Pkt 158 375 0.421333 1
Pkt 135 320 0.421875 1
Node 52 73 23.0868
Pkt 336 800 0.42 1
Pkt 336 800 0.42 1
Node 46 44 7.2111
Pkt 81 192 0.421875 1
Pkt 101 240 0.420833 1
Rate:843.298
==========
==========36
7 0 2 24000
Node 72 71 30.4138
Pkt 84 200 0.42 1
Pkt 101 240 0.420833 1
Node 72 58 23.4094
Pkt 158 375 0.421333 1
Pkt 202 480 0.420833 1
Node 27 41 24.6982
Pkt 336 800 0.42 1
Pkt 336 800 0.42 1
Node 41 60 13.4536
Pkt 81 192 0.421875 1
Pkt 68 160 0.425 1
Node 36 46 14.5602
Pkt 158 375 0.421333 1
Pkt 168 400 0.42 1
Node 67 66 23.3452
Pkt 336 800 0.42 1
Pkt 336 800 0.42 1
Node 61 40 14.8661
Pkt 81 192 0.421875 1
Pkt 84 200 0.42 1
Rate:841.869
==========
==========37
7 0 2 24000
Node 72 26 32.5576
Pkt 105 250 0.42 1
Pkt 101 240 0.420833 1
Node 60 42 12.8062
Pkt 135 320 0.421875 1
Pkt 135 320 0.421875 1
Node 53 56 6.7082
Pkt 315 750 0.42 1
Pkt 336 800 0.42 1
Node 36 39 17.8045
Pkt 101 240 0.420833 1
Pkt 81 192 0.421875 1
Node 46 61 11.7047
Pkt 126 300 0.42 1
Pkt 202 480 0.420833 1
Node 68 39 21.095
Pkt 315 750 0.42 1
Pkt 336 800 0.42 1
Node 46 56 7.2111
Pkt 105 250 0.42 1
Pkt 101 240 0.420833 1
Rate:841.28
==========
==========38
7 0 2 24000
Node 65 46 15.5242
Pkt 53 125 0.424 1
Pkt 53 125 0.424 1
Node 57 31 20.2485
Pkt 202 480 0.420833 1
Pkt 158 375 0.421333 1
Node 29 34 26.4008
Pkt 315 750 0.42 1
Pkt 336 800 0.42 1
Node 70 63 23.8537
Pkt 63 150 0.42 1
Pkt 101 240 0.420833 1
Node 42 73 24.3516
Pkt 126 300 0.42 1
Pkt 135 320 0.421875 1
Node 74 55 24.5153
Pkt 336 800 0.42 1
Pkt 336 800 0.42 1
Node 67 59 19.2354
Pkt 53 125 0.424 1
Pkt 105 250 0.42 1
Rate:842.411
==========
==========39
7 0 2 24000
Node 36 30 24.4131
Pkt 81 192 0.421875 1
Pkt 105 250 0.42 1
Node 66 50 16
Pkt 168 400 0.42 1
Pkt 168 400 0.42 1
Node 53 73 23.1948
Pkt 315 750 0.42 1
Pkt 336 800 0.42 1
Node 26 30 31.241
Pkt 63 150 0.42 1
Pkt 84 200 0.42 1
Node 26 33 29.4109
Pkt 126 300 0.42 1
Pkt 168 400 0.42 1
Node 47 25 25.1794
Pkt 315 750 0.42 1
Pkt 336 800 0.42 1
Node 63 48 13.1529
Pkt 81 192 0.421875 1
Pkt 84 200 0.42 1
Rate:840.536
==========
==========40
7 0 2 24000
Node 31 40 21.4709
Pkt 42 100 0.42 1
Pkt 105 250 0.42 1
Node 30 72 29.7321
Pkt 202 480 0.420833 1
Pkt 126 300 0.42 1
Node 41 51 9.05539
Pkt 336 800 0.42 1
Pkt 315 750 0.42 1
Node 49 61 11.0454
Pkt 101 240 0.420833 1
Pkt 101 240 0.420833 1
Node 41 34 18.3576
Pkt 135 320 0.421875 1
Pkt 168 400 0.42 1
Node 40 60 14.1421
Pkt 336 800 0.42 1
Pkt 315 750 0.42 1
Node 46 27 23.3452
Pkt 42 100 0.42 1
Pkt 101 240 0.420833 1
Rate:840.744
==========
==========41
7 0 2 24000
Node 40 74 26
Pkt 53 125 0.424 1
Pkt 42 100 0.42 1
Node 46 71 21.3776
Pkt 126 300 0.42 1
Pkt 202 480 0.420833 1
Node 34 46 16.4924
Pkt 315 750 0.42 1
Pkt 336 800 0.42 1
Node 31 44 19.9249
Pkt 105 250 0.42 1
Pkt 84 200 0.42 1
Node 66 73 28.0179
Pkt 135 320 0.421875 1
Pkt 158 375 0.421333 1
Node 70 68 26.9072
Pkt 315 750 0.42 1
Pkt 315 750 0.42 1
Node 51 71 21.0238
Pkt 101 240 0.420833 1
Pkt 68 160 0.425 1
Rate:841.982
==========
==========42
7 0 2 24000
Node 38 37 17.6918
Pkt 42 100 0.42 1
Pkt 105 250 0.42 1
Node 44 31 19.9249
Pkt 135 320 0.421875 1
Pkt 158 375 0.421333 1
Node 57 37 14.7648
Pkt 315 750 0.42 1
Pkt 336 800 0.42 1
Node 44 74 24.7386
Pkt 63 150 0.42 1
Pkt 68 160 0.425 1
Node 30 28 29.7321
Pkt 202 480 0.420833 1
Pkt 158 375 0.421333 1
Node 59 47 9.48683
Pkt 315 750 0.42 1
Pkt 315 750 0.42 1
Node 44 64 15.2315
Pkt 81 192 0.421875 1
Pkt 53 125 0.424 1
Rate:842.321
==========
==========43
7 0 2 24000
Node 61 44 12.53
Pkt 42 100 0.42 1
Pkt 81 192 0.421875 1
Node 49 34 16.0312
Pkt 158 375 0.421333 1
Pkt 202 480 0.420833 1
Node 28 39 24.5967
Pkt 336 800 0.42 1
Pkt 336 800 0.42 1
Node 52 69 19.105
Pkt 53 125 0.424 1
Pkt 84 200 0.42 1
Node 25 40 26.9258
Pkt 126 300 0.42 1
Pkt 126 300 0.42 1
Node 43 70 21.1896
Pkt 336 800 0.42 1
Pkt 315 750 0.42 1
Node 65 29 25.807
Pkt 101 240 0.420833 1
Pkt 53 125 0.424 1
Rate:841.839
==========
==========44
7 0 2 24000
Node 30 39 22.8254
Pkt 42 100 0.42 1
Pkt 81 192 0.421875 1
Node 43 59 11.4018
Pkt 168 400 0.42 1
Pkt 158 375 0.421333 1
Node 39 36 17.8045
Pkt 336 800 0.42 1
Pkt 336 800 0.42 1
Node 29 50 21
Pkt 101 240 0.420833 1
Pkt 81 192 0.421875 1
Node 50 71 21
Pkt 202 480 0.420833 1
Pkt 202 480 0.420833 1
Node 36 59 16.6433
Pkt 336 800 0.42 1
Pkt 336 800 0.42 1
Node 68 35 23.4307
Pkt 53 125 0.424 1
Pkt 68 160 0.425 1
Rate:842.369
==========
==========45
7 0 2 24000
Node 44 56 8.48528
Pkt 42 100 0.42 1
Pkt 105 250 0.42 1
Node 45 47 5.83095
Pkt 126 300 0.42 1
Pkt 126 300 0.42 1
Node 48 51 2.23607
Pkt 315 750 0.42 1
Pkt 336 800 0.42 1
Node 58 32 19.6977
Pkt 51 120 0.425 1
Pkt 105 250 0.42 1
Node 68 73 29.2062
Pkt 126 300 0.42 1
Pkt 135 320 0.421875 1
Node 25 41 26.5707
Pkt 336 800 0.42 1
Pkt 336 800 0.42 1
Node 55 62 13
Pkt 68 160 0.425 1
Pkt 81 192 0.421875 1
Rate:841.964
==========
==========46
7 0 2 24000
Node 47 27 23.1948
Pkt 51 120 0.425 1
Pkt 68 160 0.425 1
Node 31 35 24.2074
Pkt 168 400 0.42 1
Pkt 135 320 0.421875 1
Node 40 60 14.1421
Pkt 336 800 0.42 1
Pkt 315 750 0.42 1
Node 52 59 9.21954
Pkt 101 240 0.420833 1
Pkt 81 192 0.421875 1
Node 62 58 14.4222
Pkt 135 320 0.421875 1
Pkt 135 320 0.421875 1
Node 46 60 10.7703
Pkt 315 750 0.42 1
Pkt 315 750 0.42 1
Node 63 36 19.105
Pkt 101 240 0.420833 1
Pkt 53 125 0.424 1
Rate:843.31
==========
==========47
7 0 2 24000
Node 71 58 22.4722
Pkt 84 200 0.42 1
Pkt 51 120 0.425 1
Node 39 44 12.53
Pkt 168 400 0.42 1
Pkt 158 375 0.421333 1
Node 59 58 12.0416
Pkt 336 800 0.42 1
Pkt 315 750 0.42 1
Node 60 56 11.6619
Pkt 81 192 0.421875 1
Pkt 68 160 0.425 1
Node 32 70 26.9072
Pkt 158 375 0.421333 1
Pkt 126 300 0.42 1
Node 50 28 22
Pkt 315 750 0.42 1
Pkt 336 800 0.42 1
Node 45 44 7.81025
Pkt 84 200 0.42 1
Pkt 53 125 0.424 1
Rate:842.649
==========
==========48
7 0 2 24000
Node 36 71 25.2389
Pkt 81 192 0.421875 1
Pkt 53 125 0.424 1
Node 35 54 15.5242
Pkt 168 400 0.42 1
Pkt 126 300 0.42 1
Node 63 42 15.2643
Pkt 336 800 0.42 1
Pkt 315 750 0.42 1
Node 44 58 10
Pkt 81 192 0.421875 1
Pkt 105 250 0.42 1
Node 50 54 4
Pkt 158 375 0.421333 1
Pkt 135 320 0.421875 1
Node 38 48 12.1655
Pkt 336 800 0.42 1
Pkt 336 800 0.42 1
Node 38 55 13
Pkt 42 100 0.42 1
Pkt 84 200 0.42 1
Rate:841.565
==========
==========49
7 0 2 24000
Node 33 32 24.7588
Pkt 81 192 0.421875 1
Pkt 51 120 0.425 1
Node 63 46 13.6015
Pkt 135 320 0.421875 1
Pkt 168 400 0.42 1
Node 69 55 19.6469
Pkt 336 800 0.42 1
Pkt 336 800 0.42 1
Node 49 53 3.16228
Pkt 42 100 0.42 1
Pkt 53 125 0.424 1
Node 57 54 8.06226
Pkt 168 400 0.42 1
Pkt 168 400 0.42 1
Node 42 31 20.6155
Pkt 336 800 0.42 1
Pkt 336 800 0.42 1
Node 61 39 15.5563
Pkt 84 200 0.42 1
Pkt 42 100 0.42 1
Rate:841.821
==========
==========50
7 0 2 24000
Node 45 38 13
Pkt 53 125 0.424 1
Pkt 105 250 0.42 1
Node 46 55 6.40312
Pkt 158 375 0.421333 1
Pkt 126 300 0.42 1
Node 40 64 17.2047
Pkt 336 800 0.42 1
Pkt 336 800 0.42 1
Node 59 37 15.8114
Pkt 68 160 0.425 1
Pkt 68 160 0.425 1
Node 63 43 14.7648
Pkt 126 300 0.42 1
Pkt 158 375 0.421333 1
Node 55 71 21.587
Pkt 336 800 0.42 1
Pkt 315 750 0.42 1
Node 43 27 24.0416
Pkt 42 100 0.42 1
Pkt 68 160 0.425 1
Rate:843.095
==========
==========51
7 0 2 24000
Node 45 49 5.09902
Pkt 53 125 0.424 1
Pkt 81 192 0.421875 1
Node 39 55 12.083
Pkt 126 300 0.42 1
Pkt 126 300 0.42 1
Node 40 35 18.0278
Pkt 315 750 0.42 1
Pkt 336 800 0.42 1
Node 69 50 19
Pkt 63 150 0.42 1
Pkt 51 120 0.425 1
Node 48 31 19.105
Pkt 168 400 0.42 1
Pkt 202 480 0.420833 1
Node 25 54 25.318
Pkt 336 800 0.42 1
Pkt 336 800 0.42 1
Node 53 67 17.2627
Pkt 53 125 0.424 1
Pkt 53 125 0.424 1
Rate:842.815
==========
==========52
7 0 2 24000
Node 28 56 22.8035
Pkt 63 150 0.42 1
Pkt 81 192 0.421875 1
Node 74 50 24
Pkt 202 480 0.420833 1
Pkt 126 300 0.42 1
Node 73 54 23.3452
Pkt 336 800 0.42 1
Pkt 315 750 0.42 1
Node 56 26 24.7386
Pkt 101 240 0.420833 1
Pkt 101 240 0.420833 1
Node 50 34 16
Pkt 202 480 0.420833 1
Pkt 158 375 0.421333 1
Node 36 34 21.2603
Pkt 315 750 0.42 1
Pkt 315 750 0.42 1
Node 59 30 21.9317
Pkt 105 250 0.42 1
Pkt 42 100 0.42 1
Rate:840.935
==========
==========53
7 0 2 24000
Node 60 51 10.0499
Pkt 81 192 0.421875 1
Pkt 81 192 0.421875 1
Node 38 38 16.9706
Pkt 168 400 0.42 1
Pkt 158 375 0.421333 1
Node 39 67 20.2485
Pkt 315 750 0.42 1
Pkt 336 800 0.42 1
Node 66 59 18.3576
Pkt 84 200 0.42 1
Pkt 51 120 0.425 1
Node 32 59 20.1246
Pkt 168 400 0.42 1
Pkt 135 320 0.421875 1
Node 57 41 11.4018
Pkt 315 750 0.42 1
Pkt 336 800 0.42 1
Node 28 30 29.7321
Pkt 84 200 0.42 1
Pkt 53 125 0.424 1
Rate:842.28
==========
==========54
7 0 2 24000
Node 60 56 11.6619
Pkt 63 150 0.42 1
Pkt 42 100 0.42 1
Node 69 38 22.4722
Pkt 126 300 0.42 1
Pkt 168 400 0.42 1
Node 65 74 28.3019
Pkt 336 800 0.42 1
Pkt 336 800 0.42 1
Node 35 36 20.5183
Pkt 42 100 0.42 1
Pkt 105 250 0.42 1
Node 53 49 3.16228
Pkt 135 320 0.421875 1
Pkt 202 480 0.420833 1
Node 36 37 19.105
Pkt 315 750 0.42 1
Pkt 336 800 0.42 1
Node 65 66 21.9317
Pkt 68 160 0.425 1
Pkt 63 150 0.42 1
Rate:841.101
==========
==========55
7 0 2 24000
Node 42 62 14.4222
Pkt 81 192 0.421875 1
Pkt 51 120 0.425 1
Node 61 45 12.083
Pkt 202 480 0.420833 1
Pkt 168 400 0.42 1
Node 54 51 4.12311
Pkt 315 750 0.42 1
Pkt 336 800 0.42 1
Node 28 55 22.561
Pkt 84 200 0.42 1
Pkt 68 160 0.425 1
Node 54 62 12.6491
Pkt 168 400 0.42 1
Pkt 135 320 0.421875 1
Node 27 55 23.5372
Pkt 336 800 0.42 1
Pkt 315 750 0.42 1
Node 54 32 18.4391
Pkt 84 200 0.42 1
Pkt 53 125 0.424 1
Rate:842.655
==========
==========56
7 0 2 24000
Node 55 52 5.38516
Pkt 68 160 0.425 1
Pkt 101 240 0.420833 1
Node 31 36 23.6008
Pkt 158 375 0.421333 1
Pkt 158 375 0.421333 1
Node 35 45 15.8114
Pkt 336 800 0.42 1
Pkt 336 800 0.42 1
Node 69 42 20.6155
Pkt 81 192 0.421875 1
Pkt 81 192 0.421875 1
Node 53 59 9.48683
Pkt 202 480 0.420833 1
Pkt 158 375 0.421333 1
Node 56 51 6.08276
Pkt 336 800 0.42 1
Pkt 336 800 0.42 1
Node 71 34 26.4008
Pkt 105 250 0.42 1
Pkt 42 100 0.42 1
Rate:842.06
==========
==========57
7 0 2 24000
Node 61 27 25.4951
Pkt 68 160 0.425 1
Pkt 105 250 0.42 1
Node 29 41 22.8473
Pkt 126 300 0.42 1
Pkt 158 375 0.421333 1
Node 53 59 9.48683
Pkt 315 750 0.42 1
Pkt 336 800 0.42 1
Node 47 60 10.4403
Pkt 42 100 0.42 1
Pkt 101 240 0.420833 1
Node 68 73 29.2062
Pkt 158 375 0.421333 1
Pkt 202 480 0.420833 1
Node 29 28 30.4138
Pkt 315 750 0.42 1
Pkt 315 750 0.42 1
Node 56 42 10
Pkt 42 100 0.42 1
Pkt 81 192 0.421875 1
Rate:841.601
==========
==========58
7 0 2 24000
Node 58 34 17.8885
Pkt 68 160 0.425 1
Pkt 105 250 0.42 1
Node 56 56 8.48528
Pkt 168 400 0.42 1
Pkt 135 320 0.421875 1
Node 34 33 23.3452
Pkt 315 750 0.42 1
Pkt 315 750 0.42 1
Node 36 35 20.5183
Pkt 63 150 0.42 1
Pkt 105 250 0.42 1
Node 71 65 25.807
Pkt 126 300 0.42 1
Pkt 168 400 0.42 1
Node 47 45 5.83095
Pkt 336 800 0.42 1
Pkt 336 800 0.42 1
Node 61 53 11.4018
Pkt 51 120 0.425 1
Pkt 63 150 0.42 1
Rate:841.696
==========
==========59
7 0 2 24000
Node 67 33 24.0416
Pkt 51 120 0.425 1
Pkt 105 250 0.42 1
Node 40 50 10
Pkt 126 300 0.42 1
Pkt 168 400 0.42 1
Node 25 40 26.9258
Pkt 315 750 0.42 1
Pkt 336 800 0.42 1
Node 26 71 31.8904
Pkt 84 200 0.42 1
Pkt 51 120 0.425 1
Node 35 47 15.2971
Pkt 158 375 0.421333 1
Pkt 202 480 0.420833 1
Node 43 66 17.4642
Pkt 336 800 0.42 1
Pkt 336 800 0.42 1
Node 68 52 18.1108
Pkt 42 100 0.42 1
Pkt 68 160 0.425 1
Rate:842.452
==========
==========60
7 0 2 24000
Node 68 69 26.1725
Pkt 81 192 0.421875 1
Pkt 53 125 0.424 1
Node 27 39 25.4951
Pkt 158 375 0.421333 1
Pkt 202 480 0.420833 1
Node 70 61 22.8254
Pkt 315 750 0.42 1
Pkt 315 750 0.42 1
Node 43 37 14.7648
Pkt 53 125 0.424 1
Pkt 63 150 0.42 1
Node 53 25 25.1794
Pkt 135 320 0.421875 1
Pkt 135 320 0.421875 1
Node 54 28 22.3607
Pkt 336 800 0.42 1
Pkt 336 800 0.42 1
Node 53 51 3.16228
Pkt 51 120 0.425 1
Pkt 42 100 0.42 1
Rate:842.97
==========
==========61
7 0 2 24000
Node 33 61 20.2485
Pkt 84 200 0.42 1
Pkt 51 120 0.425 1
Node 60 31 21.4709
Pkt 135 320 0.421875 1
Pkt 158 375 0.421333 1
Node 67 53 17.2627
Pkt 336 800 0.42 1
Pkt 315 750 0.42 1
Node 73 31 29.8329
Pkt 84 200 0.42 1
Pkt 101 240 0.420833 1
Node 33 69 25.4951
Pkt 158 375 0.421333 1
Pkt 168 400 0.42 1
Node 40 61 14.8661
Pkt 336 800 0.42 1
Pkt 315 750 0.42 1
Node 58 55 9.43398
Pkt 53 125 0.424 1
Pkt 63 150 0.42 1
Rate:842.054
==========
==========62
7 0 2 24000
Node 26 35 28.3019
Pkt 51 120 0.425 1
Pkt 68 160 0.425 1
Node 57 65 16.5529
Pkt 135 320 0.421875 1
Pkt 126 300 0.42 1
Node 43 57 9.89949
Pkt 336 800 0.42 1
Pkt 315 750 0.42 1
Node 26 25 34.6554
Pkt 84 200 0.42 1
Pkt 84 200 0.42 1
Node 70 63 23.8537
Pkt 158 375 0.421333 1
Pkt 126 300 0.42 1
Node 37 56 14.3178
Pkt 336 800 0.42 1
Pkt 336 800 0.42 1
Node 38 32 21.6333
Pkt 53 125 0.424 1
Pkt 63 150 0.42 1
Rate:842.458
==========
==========63
7 0 2 24000
Node 66 46 16.4924
Pkt 42 100 0.42 1
Pkt 84 200 0.42 1
Node 66 67 23.3452
Pkt 202 480 0.420833 1
Pkt 168 400 0.42 1
Node 44 44 8.48528
Pkt 336 800 0.42 1
Pkt 336 800 0.42 1
Node 56 38 13.4164
Pkt 84 200 0.42 1
Pkt 53 125 0.424 1
Node 62 43 13.8924
Pkt 135 320 0.421875 1
Pkt 202 480 0.420833 1
Node 29 50 21
Pkt 315 750 0.42 1
Pkt 315 750 0.42 1
Node 29 61 23.7065
Pkt 42 100 0.42 1
Pkt 101 240 0.420833 1
Rate:841.196
==========
==========64
7 0 2 24000
Node 72 34 27.2029
Pkt 101 240 0.420833 1
Pkt 63 150 0.42 1
Node 42 71 22.4722
Pkt 168 400 0.42 1
Pkt 126 300 0.42 1
Node 51 70 20.025
Pkt 315 750 0.42 1
Pkt 336 800 0.42 1
Node 67 56 18.0278
Pkt 51 120 0.425 1
Pkt 63 150 0.42 1
Node 46 54 5.65685
Pkt 168 400 0.42 1
Pkt 202 480 0.420833 1
Node 54 37 13.6015
Pkt 336 800 0.42 1
Pkt 315 750 0.42 1
Node 61 42 13.6015
Pkt 84 200 0.42 1
Pkt 42 100 0.42 1
Rate:840.952
==========
==========65
7 0 2 24000
Node 26 35 28.3019
Pkt 105 250 0.42 1
Pkt 81 192 0.421875 1
Node 56 57 9.21954
Pkt 202 480 0.420833 1
Pkt 202 480 0.420833 1
Node 29 59 22.8473
Pkt 336 800 0.42 1
Pkt 315 750 0.42 1
Node 59 29 22.8473
Pkt 81 192 0.421875 1
Pkt 81 192 0.421875 1
Node 65 48 15.1327
Pkt 168 400 0.42 1
Pkt 126 300 0.42 1
Node 34 44 17.088
Pkt 336 800 0.42 1
Pkt 315 750 0.42 1
Node 27 30 30.4795
Pkt 105 250 0.42 1
Pkt 53 125 0.424 1
Rate:841.613
==========
==========66
7 0 2 24000
Node 60 55 11.1803
Pkt 42 100 0.42 1
Pkt 51 120 0.425 1
Node 46 37 13.6015
Pkt 202 480 0.420833 1
Pkt 126 300 0.42 1
Node 53 65 15.2971
Pkt 315 750 0.42 1
Pkt 336 800 0.42 1
Node 36 49 14.0357
Pkt 53 125 0.424 1
Pkt 53 125 0.424 1
Node 30 64 24.4131
Pkt 135 320 0.421875 1
Pkt 126 300 0.42 1
Node 41 61 14.2127
Pkt 336 800 0.42 1
Pkt 315 750 0.42 1
Node 34 47 16.2788
Pkt 51 120 0.425 1
Pkt 105 250 0.42 1
Rate:842.958
==========
==========67
7 0 2 24000
Node 49 68 18.0278
Pkt 42 100 0.42 1
Pkt 81 192 0.421875 1
Node 61 38 16.2788
Pkt 126 300 0.42 1
Pkt 135 320 0.421875 1
Node 35 39 18.6011
Pkt 315 750 0.42 1
Pkt 336 800 0.42 1
Node 60 73 25.0799
Pkt 105 250 0.42 1
Pkt 51 120 0.425 1
Node 28 28 31.1127
Pkt 135 320 0.421875 1
Pkt 158 375 0.421333 1
Node 68 50 18
Pkt 315 750 0.42 1
Pkt 336 800 0.42 1
Node 56 73 23.7697
Pkt 101 240 0.420833 1
Pkt 105 250 0.42 1
Rate:841.827
==========
==========68
7 0 2 24000
Node 48 55 5.38516
Pkt 84 200 0.42 1
Pkt 81 192 0.421875 1
Node 26 27 33.2415
Pkt 202 480 0.420833 1
Pkt 168 400 0.42 1
Node 29 42 22.4722
Pkt 315 750 0.42 1
Pkt 336 800 0.42 1
Node 26 58 25.2982
Pkt 84 200 0.42 1
Pkt 63 150 0.42 1
Node 71 43 22.1359
Pkt 135 320 0.421875 1
Pkt 168 400 0.42 1
Node 43 35 16.5529
Pkt 315 750 0.42 1
Pkt 315 750 0.42 1
Node 55 25 25.4951
Pkt 63 150 0.42 1
Pkt 68 160 0.425 1
Rate:841.369
==========
==========69
7 0 2 24000
Node 51 54 4.12311
Pkt 81 192 0.421875 1
Pkt 63 150 0.42 1
Node 62 31 22.4722
Pkt 126 300 0.42 1
Pkt 158 375 0.421333 1
Node 58 60 12.8062
Pkt 336 800 0.42 1
Pkt 336 800 0.42 1
Node 49 53 3.16228
Pkt 42 100 0.42 1
Pkt 53 125 0.424 1
Node 30 59 21.9317
Pkt 126 300 0.42 1
Pkt 135 320 0.421875 1
Node 56 62 13.4164
Pkt 315 750 0.42 1
Pkt 315 750 0.42 1
Node 33 66 23.3452
Pkt 51 120 0.425 1
Pkt 84 200 0.42 1
Rate:842.012
==========
==========70
7 0 2 24000
Node 33 64 22.0227
Pkt 68 160 0.425 1
Pkt 63 150 0.42 1
Node 25 69 31.4006
Pkt 135 320 0.421875 1
Pkt 158 375 0.421333 1
Node 43 70 21.1896
Pkt 336 800 0.42 1
Pkt 315 750 0.42 1
Node 44 42 10
Pkt 84 200 0.42 1
Pkt 42 100 0.42 1
Node 30 72 29.7321
Pkt 135 320 0.421875 1
Pkt 202 480 0.420833 1
Node 46 26 24.3311
Pkt 315 750 0.42 1
Pkt 315 750 0.42 1
Node 28 55 22.561
Pkt 84 200 0.42 1
Pkt 81 192 0.421875 1
Rate:841.827
==========
==========71
7 0 2 24000
Node 51 40 10.0499
Pkt 101 240 0.420833 1
Pkt 53 125 0.424 1
Node 55 62 13
Pkt 158 375 0.421333 1
Pkt 135 320 0.421875 1
Node 40 66 18.868
Pkt 336 800 0.42 1
Pkt 336 800 0.42 1
Node 36 45 14.8661
Pkt 84 200 0.42 1
Pkt 42 100 0.42 1
Node 42 54 8.94427
Pkt 126 300 0.42 1
Pkt 158 375 0.421333 1
Node 33 34 23.3452
Pkt 336 800 0.42 1
Pkt 336 800 0.42 1
Node 66 30 25.6125
Pkt 42 100 0.42 1
Pkt 105 250 0.42 1
Rate:841.339
==========
==========72
7 0 2 24000
Node 44 36 15.2315
Pkt 63 150 0.42 1
Pkt 101 240 0.420833 1
Node 65 43 16.5529
Pkt 202 480 0.420833 1
Pkt 168 400 0.42 1
Node 30 48 20.0998
Pkt 315 750 0.42 1
Pkt 315 750 0.42 1
Node 45 60 11.1803
Pkt 53 125 0.424 1
Pkt 81 192 0.421875 1
Node 45 32 18.6815
Pkt 158 375 0.421333 1
Pkt 135 320 0.421875 1
Node 66 36 21.2603
Pkt 336 800 0.42 1
Pkt 315 750 0.42 1
Node 31 39 21.9545
Pkt 101 240 0.420833 1
Pkt 105 250 0.42 1
Rate:841.655
==========
==========73
7 0 2 24000
Node 41 30 21.9317
Pkt 101 240 0.420833 1
Pkt 63 150 0.42 1
Node 44 47 6.7082
Pkt 202 480 0.420833 1
Pkt 126 300 0.42 1
Node 44 45 7.81025
Pkt 336 800 0.42 1
Pkt 315 750 0.42 1
Node 63 69 23.0217
Pkt 84 200 0.42 1
Pkt 84 200 0.42 1
Node 54 55 6.40312
Pkt 168 400 0.42 1
Pkt 202 480 0.420833 1
Node 34 63 20.6155
Pkt 336 800 0.42 1
Pkt 315 750 0.42 1
Node 35 48 15.1327
Pkt 63 150 0.42 1
Pkt 81 192 0.421875 1
Rate:840.625
==========
==========74
7 0 2 24000
Node 29 56 21.8403
Pkt 101 240 0.420833 1
Pkt 51 120 0.425 1
Node 28 28 31.1127
Pkt 202 480 0.420833 1
Pkt 158 375 0.421333 1
Node 57 33 18.3848
Pkt 315 750 0.42 1
Pkt 336 800 0.42 1
Node 28 40 24.1661
Pkt 84 200 0.42 1
Pkt 53 125 0.424 1
Node 57 74 25
Pkt 158 375 0.421333 1
Pkt 126 300 0.42 1
Node 41 63 15.8114
Pkt 315 750 0.42 1
Pkt 336 800 0.42 1
Node 51 46 4.12311
Pkt 51 120 0.425 1
Pkt 105 250 0.42 1
Rate:842.619
==========
==========75
7 0 2 24000
Node 28 27 31.8277
Pkt 51 120 0.425 1
Pkt 105 250 0.42 1
Node 58 64 16.1245
Pkt 135 320 0.421875 1
Pkt 202 480 0.420833 1
Node 58 59 12.0416
Pkt 336 800 0.42 1
Pkt 315 750 0.42 1
Node 44 56 8.48528
Pkt 68 160 0.425 1
Pkt 53 125 0.424 1
Node 50 36 14
Pkt 135 320 0.421875 1
Pkt 158 375 0.421333 1
Node 46 37 13.6015
Pkt 315 750 0.42 1
Pkt 315 750 0.42 1
Node 26 31 30.6105
Pkt 68 160 0.425 1
Pkt 68 160 0.425 1
Rate:844.274
==========
==========76
7 0 2 24000
Node 58 37 15.2643
Pkt 68 160 0.425 1
Pkt 105 250 0.42 1
Node 56 34 17.088
Pkt 202 480 0.420833 1
Pkt 202 480 0.420833 1
Node 66 45 16.7631
Pkt 336 800 0.42 1
Pkt 336 800 0.42 1
Node 28 39 24.5967
Pkt 53 125 0.424 1
Pkt 68 160 0.425 1
Node 29 58 22.4722
Pkt 135 320 0.421875 1
Pkt 135 320 0.421875 1
Node 43 49 7.07107
Pkt 315 750 0.42 1
Pkt 315 750 0.42 1
Node 72 44 22.8035
Pkt 63 150 0.42 1
Pkt 63 150 0.42 1
Rate:842.774
==========
==========77
7 0 2 24000
Node 59 25 26.5707
Pkt 105 250 0.42 1
Pkt 51 120 0.425 1
Node 67 59 19.2354
Pkt 126 300 0.42 1
Pkt 135 320 0.421875 1
Node 27 71 31.1448
Pkt 315 750 0.42 1
Pkt 315 750 0.42 1
Node 62 44 13.4164
Pkt 81 192 0.421875 1
Pkt 68 160 0.425 1
Node 41 36 16.6433
Pkt 135 320 0.421875 1
Pkt 158 375 0.421333 1
Node 69 66 24.8395
Pkt 315 750 0.42 1
Pkt 336 800 0.42 1
Node 45 59 10.2956
Pkt 84 200 0.42 1
Pkt 42 100 0.42 1
Rate:842.423
==========
==========78
7 0 2 24000
Node 69 33 25.4951
Pkt 81 192 0.421875 1
Pkt 105 250 0.42 1
Node 49 46 4.12311
Pkt 126 300 0.42 1
Pkt 202 480 0.420833 1
Node 39 73 25.4951
Pkt 315 750 0.42 1
Pkt 315 750 0.42 1
Node 49 74 24.0208
Pkt 63 150 0.42 1
Pkt 105 250 0.42 1
Node 71 62 24.1868
Pkt 135 320 0.421875 1
Pkt 168 400 0.42 1
Node 51 55 5.09902
Pkt 336 800 0.42 1
Pkt 336 800 0.42 1
Node 58 59 12.0416
Pkt 63 150 0.42 1
Pkt 81 192 0.421875 1
Rate:840.923
==========
==========79
7 0 2 24000
Node 73 70 30.4795
Pkt 53 125 0.424 1
Pkt 63 150 0.42 1
Node 44 54 7.2111
Pkt 158 375 0.421333 1
Pkt 202 480 0.420833 1
Node 27 26 33.2415
Pkt 315 750 0.42 1
Pkt 336 800 0.42 1
Node 32 48 18.1108
Pkt 51 120 0.425 1
Pkt 105 250 0.42 1
Node 74 46 24.3311
Pkt 135 320 0.421875 1
Pkt 135 320 0.421875 1
Node 47 63 13.3417
Pkt 315 750 0.42 1
Pkt 315 750 0.42 1
Node 74 72 32.5576
Pkt 81 192 0.421875 1
Pkt 42 100 0.42 1
Rate:842.399
==========
==========80
7 0 2 24000
Node 66 66 22.6274
Pkt 42 100 0.42 1
Pkt 101 240 0.420833 1
Node 53 43 7.61577
Pkt 202 480 0.420833 1
Pkt 202 480 0.420833 1
Node 31 38 22.4722
Pkt 315 750 0.42 1
Pkt 336 800 0.42 1
Node 25 68 30.8058
Pkt 53 125 0.424 1
Pkt 63 150 0.42 1
Node 25 66 29.6816
Pkt 168 400 0.42 1
Pkt 135 320 0.421875 1
Node 40 70 22.3607
Pkt 336 800 0.42 1
Pkt 336 800 0.42 1
Node 42 52 8.24621
Pkt 53 125 0.424 1
Pkt 68 160 0.425 1
Rate:842.482
==========
==========81
7 0 2 24000
Node 30 55 20.6155
Pkt 105 250 0.42 1
Pkt 63 150 0.42 1
Node 64 48 14.1421
Pkt 202 480 0.420833 1
Pkt 158 375 0.421333 1
Node 65 72 26.6271
Pkt 336 800 0.42 1
Pkt 315 750 0.42 1
Node 47 58 8.544
Pkt 51 120 0.425 1
Pkt 63 150 0.42 1
Node 48 63 13.1529
Pkt 158 375 0.421333 1
Pkt 135 320 0.421875 1
Node 67 32 24.7588
Pkt 315 750 0.42 1
Pkt 336 800 0.42 1
Node 54 62 12.6491
Pkt 81 192 0.421875 1
Pkt 63 150 0.42 1
Rate:841.75
==========
==========82
7 0 2 24000
Node 53 58 8.544
Pkt 42 100 0.42 1
Pkt 101 240 0.420833 1
Node 33 57 18.3848
Pkt 158 375 0.421333 1
Pkt 168 400 0.42 1
Node 35 27 27.4591
Pkt 336 800 0.42 1
Pkt 315 750 0.42 1
Node 43 62 13.8924
Pkt 84 200 0.42 1
Pkt 68 160 0.425 1
Node 53 48 3.60555
Pkt 135 320 0.421875 1
Pkt 168 400 0.42 1
Node 62 29 24.1868
Pkt 315 750 0.42 1
Pkt 315 750 0.42 1
Node 45 41 10.2956
Pkt 51 120 0.425 1
Pkt 84 200 0.42 1
Rate:842.006
==========
==========83
7 0 2 24000
Node 71 37 24.6982
Pkt 81 192 0.421875 1
Pkt 51 120 0.425 1
Node 41 30 21.9317
Pkt 158 375 0.421333 1
Pkt 202 480 0.420833 1
Node 69 32 26.1725
Pkt 336 800 0.42 1
Pkt 336 800 0.42 1
Node 29 45 21.587
Pkt 105 250 0.42 1
Pkt 63 150 0.42 1
Node 25 36 28.6531
Pkt 158 375 0.421333 1
Pkt 158 375 0.421333 1
Node 44 47 6.7082
Pkt 336 800 0.42 1
Pkt 336 800 0.42 1
Node 48 46 4.47214
Pkt 68 160 0.425 1
Pkt 81 192 0.421875 1
Rate:842.655
==========
==========84
7 0 2 24000
Node 42 70 21.5407
Pkt 81 192 0.421875 1
Pkt 101 240 0.420833 1
Node 50 29 21
Pkt 168 400 0.42 1
Pkt 126 300 0.42 1
Node 54 50 4
Pkt 336 800 0.42 1
Pkt 315 750 0.42 1
Node 50 51 1
Pkt 53 125 0.424 1
Pkt 63 150 0.42 1
Node 55 71 21.587
Pkt 168 400 0.42 1
Pkt 168 400 0.42 1
Node 71 56 21.8403
Pkt 336 800 0.42 1
Pkt 336 800 0.42 1
Node 53 41 9.48683
Pkt 68 160 0.425 1
Pkt 101 240 0.420833 1
Rate:841.792
==========
==========85
7 0 2 24000
Node 38 69 22.4722
Pkt 81 192 0.421875 1
Pkt 53 125 0.424 1
Node 63 29 24.6982
Pkt 126 300 0.42 1
Pkt 126 300 0.42 1
Node 40 27 25.0799
Pkt 336 800 0.42 1
Pkt 315 750 0.42 1
Node 31 38 22.4722
Pkt 51 120 0.425 1
Pkt 105 250 0.42 1
Node 66 68 24.0832
Pkt 126 300 0.42 1
Pkt 126 300 0.42 1
Node 40 37 16.4012
Pkt 336 800 0.42 1
Pkt 336 800 0.42 1
Node 51 44 6.08276
Pkt 84 200 0.42 1
Pkt 51 120 0.425 1
Rate:842.268
==========
==========86
7 0 2 24000
Node 35 70 25
Pkt 101 240 0.420833 1
Pkt 84 200 0.42 1
Node 44 74 24.7386
Pkt 158 375 0.421333 1
Pkt 202 480 0.420833 1
Node 72 37 25.5539
Pkt 336 800 0.42 1
Pkt 315 750 0.42 1
Node 52 57 7.28011
Pkt 42 100 0.42 1
Pkt 42 100 0.42 1
Node 38 69 22.4722
Pkt 126 300 0.42 1
Pkt 168 400 0.42 1
Node 58 62 14.4222
Pkt 315 750 0.42 1
Pkt 336 800 0.42 1
Node 71 34 26.4008
Pkt 53 125 0.424 1
Pkt 68 160 0.425 1
Rate:841.714
==========
==========87
7 0 2 24000
Node 54 70 20.3961
Pkt 84 200 0.42 1
Pkt 53 125 0.424 1
Node 29 30 29
Pkt 158 375 0.421333 1
Pkt 202 480 0.420833 1
Node 35 44 16.1555
Pkt 336 800 0.42 1
Pkt 336 800 0.42 1
Node 64 62 18.4391
Pkt 81 192 0.421875 1
Pkt 84 200 0.42 1
Node 43 28 23.0868
Pkt 202 480 0.420833 1
Pkt 135 320 0.421875 1
Node 73 67 28.6007
Pkt 336 800 0.42 1
Pkt 315 750 0.42 1
Node 45 25 25.4951
Pkt 42 100 0.42 1
Pkt 81 192 0.421875 1
Rate:841.804
==========
==========88
7 0 2 24000
Node 63 41 15.8114
Pkt 105 250 0.42 1
Pkt 53 125 0.424 1
Node 27 39 25.4951
Pkt 202 480 0.420833 1
Pkt 135 320 0.421875 1
Node 56 36 15.2315
Pkt 315 750 0.42 1
Pkt 315 750 0.42 1
Node 36 26 27.7849
Pkt 68 160 0.425 1
Pkt 63 150 0.42 1
Node 44 62 13.4164
Pkt 126 300 0.42 1
Pkt 135 320 0.421875 1
Node 57 38 13.8924
Pkt 336 800 0.42 1
Pkt 315 750 0.42 1
Node 60 60 14.1421
Pkt 42 100 0.42 1
Pkt 42 100 0.42 1
Rate:841.94
==========
==========89
7 0 2 24000
Node 44 38 13.4164
Pkt 42 100 0.42 1
Pkt 42 100 0.42 1
Node 48 61 11.1803
Pkt 202 480 0.420833 1
Pkt 158 375 0.421333 1
Node 60 56 11.6619
Pkt 336 800 0.42 1
Pkt 336 800 0.42 1
Node 48 26 24.0832
Pkt 81 192 0.421875 1
Pkt 105 250 0.42 1
Node 45 32 18.6815
Pkt 202 480 0.420833 1
Pkt 202 480 0.420833 1
Node 66 64 21.2603
Pkt 315 750 0.42 1
Pkt 315 750 0.42 1
Node 51 67 17.0294
Pkt 42 100 0.42 1
Pkt 105 250 0.42 1
Rate:840.815
==========
==========90
7 0 2 24000
Node 43 41 11.4018
Pkt 68 160 0.425 1
Pkt 53 125 0.424 1
Node 30 70 28.2843
Pkt 168 400 0.42 1
Pkt 158 375 0.421333 1
Node 55 47 5.83095
Pkt 336 800 0.42 1
Pkt 315 750 0.42 1
Node 27 31 29.8329
Pkt 84 200 0.42 1
Pkt 84 200 0.42 1
Node 70 43 21.1896
Pkt 202 480 0.420833 1
Pkt 126 300 0.42 1
Node 70 45 20.6155
Pkt 336 800 0.42 1
Pkt 336 800 0.42 1
Node 61 47 11.4018
Pkt 101 240 0.420833 1
Pkt 101 240 0.420833 1
Rate:841.833
==========
==========91
7 0 2 24000
Node 39 62 16.2788
Pkt 63 150 0.42 1
Pkt 84 200 0.42 1
Node 38 73 25.9422
Pkt 202 480 0.420833 1
Pkt 135 320 0.421875 1
Node 48 50 2
Pkt 336 800 0.42 1
Pkt 336 800 0.42 1
Node 52 68 18.1108
Pkt 53 125 0.424 1
Pkt 68 160 0.425 1
Node 54 64 14.5602
Pkt 135 320 0.421875 1
Pkt 202 480 0.420833 1
Node 35 58 17
Pkt 336 800 0.42 1
Pkt 315 750 0.42 1
Node 29 56 21.8403
Pkt 101 240 0.420833 1
Pkt 81 192 0.421875 1
Rate:842.446
==========
==========92
7 0 2 24000
Node 57 29 22.1359
Pkt 42 100 0.42 1
Pkt 101 240 0.420833 1
Node 46 54 5.65685
Pkt 126 300 0.42 1
Pkt 202 480 0.420833 1
Node 73 39 25.4951
Pkt 315 750 0.42 1
Pkt 336 800 0.42 1
Node 45 54 6.40312
Pkt 84 200 0.42 1
Pkt 84 200 0.42 1
Node 66 36 21.2603
Pkt 168 400 0.42 1
Pkt 168 400 0.42 1
Node 46 41 9.84886
Pkt 315 750 0.42 1
Pkt 315 750 0.42 1
Node 28 57 23.0868
Pkt 84 200 0.42 1
Pkt 51 120 0.425 1
Rate:840.952
==========
==========93
7 0 2 24000
Node 58 70 21.5407
Pkt 42 100 0.42 1
Pkt 81 192 0.421875 1
Node 59 45 10.2956
Pkt 158 375 0.421333 1
Pkt 158 375 0.421333 1
Node 67 34 23.3452
Pkt 336 800 0.42 1
Pkt 315 750 0.42 1
Node 46 56 7.2111
Pkt 42 100 0.42 1
Pkt 105 250 0.42 1
Node 33 50 17
Pkt 168 400 0.42 1
Pkt 168 400 0.42 1
Node 66 66 22.6274
Pkt 336 800 0.42 1
Pkt 315 750 0.42 1
Node 72 53 22.2036
Pkt 63 150 0.42 1
Pkt 42 100 0.42 1
Rate:840.649
==========
==========94
7 0 2 24000
Node 50 53 3
Pkt 105 250 0.42 1
Pkt 81 192 0.421875 1
Node 44 35 16.1555
Pkt 126 300 0.42 1
Pkt 202 480 0.420833 1
Node 72 52 22.0907
Pkt 315 750 0.42 1
Pkt 315 750 0.42 1
Node 64 39 17.8045
Pkt 84 200 0.42 1
Pkt 68 160 0.425 1
Node 32 52 18.1108
Pkt 135 320 0.421875 1
Pkt 168 400 0.42 1
Node 30 50 20
Pkt 336 800 0.42 1
Pkt 336 800 0.42 1
Node 72 70 29.7321
Pkt 105 250 0.42 1
Pkt 63 150 0.42 1
Rate:841.369
==========
==========95
7 0 2 24000
Node 70 61 22.8254
Pkt 42 100 0.42 1
Pkt 68 160 0.425 1
Node 57 35 16.5529
Pkt 135 320 0.421875 1
Pkt 158 375 0.421333 1
Node 71 36 25.2389
Pkt 336 800 0.42 1
Pkt 315 750 0.42 1
Node 73 73 32.5269
Pkt 68 160 0.425 1
Pkt 42 100 0.42 1
Node 37 64 19.105
Pkt 202 480 0.420833 1
Pkt 158 375 0.421333 1
Node 58 74 25.2982
Pkt 336 800 0.42 1
Pkt 315 750 0.42 1
Node 30 41 21.9317
Pkt 63 150 0.42 1
Pkt 105 250 0.42 1
Rate:842.196
==========
==========96
7 0 2 24000
Node 72 36 26.0768
Pkt 84 200 0.42 1
Pkt 84 200 0.42 1
Node 42 72 23.4094
Pkt 168 400 0.42 1
Pkt 202 480 0.420833 1
Node 42 37 15.2643
Pkt 336 800 0.42 1
Pkt 315 750 0.42 1
Node 33 71 27.0185
Pkt 63 150 0.42 1
Pkt 63 150 0.42 1
Node 48 40 10.198
Pkt 135 320 0.421875 1
Pkt 126 300 0.42 1
Node 63 45 13.9284
Pkt 336 800 0.42 1
Pkt 336 800 0.42 1
Node 44 27 23.7697
Pkt 53 125 0.424 1
Pkt 81 192 0.421875 1
Rate:841.226
==========
==========97
7 0 2 24000
Node 55 64 14.8661
Pkt 81 192 0.421875 1
Pkt 105 250 0.42 1
Node 26 52 24.0832
Pkt 158 375 0.421333 1
Pkt 135 320 0.421875 1
Node 74 45 24.5153
Pkt 315 750 0.42 1
Pkt 336 800 0.42 1
Node 36 27 26.9258
Pkt 53 125 0.424 1
Pkt 84 200 0.42 1
Node 40 34 18.868
Pkt 126 300 0.42 1
Pkt 202 480 0.420833 1
Node 41 71 22.8473
Pkt 336 800 0.42 1
Pkt 315 750 0.42 1
Node 68 56 18.9737
Pkt 105 250 0.42 1
Pkt 81 192 0.421875 1
Rate:841.685
==========
==========98
7 0 2 24000
Node 29 29 29.6985
Pkt 51 120 0.425 1
Pkt 63 150 0.42 1
Node 28 35 26.6271
Pkt 135 320 0.421875 1
Pkt 158 375 0.421333 1
Node 72 62 25.0599
Pkt 336 800 0.42 1
Pkt 315 750 0.42 1
Node 69 37 23.0217
Pkt 53 125 0.424 1
Pkt 53 125 0.424 1
Node 62 63 17.6918
Pkt 202 480 0.420833 1
Pkt 135 320 0.421875 1
Node 27 33 28.6007
Pkt 336 800 0.42 1
Pkt 336 800 0.42 1
Node 46 25 25.318
Pkt 42 100 0.42 1
Pkt 53 125 0.424 1
Rate:843.274
==========
==========99
