7 0 2 24000
Node 39 52 11.1803
Pkt 29 240 0.120833 1
Pkt 15 125 0.12 1
Node 41 50 9
Pkt 36 300 0.12 1
Pkt 45 375 0.12 1
Node 74 31 30.6105
Pkt 96 800 0.12 1
Pkt 96 800 0.12 1
Node 56 42 10
Pkt 24 192 0.125 1
Pkt 15 125 0.12 1
Node 42 64 16.1245
Pkt 48 400 0.12 1
Pkt 39 320 0.121875 1
Node 63 36 19.105
Pkt 96 800 0.12 1
Pkt 96 800 0.12 1
Node 48 45 5.38516
Pkt 18 150 0.12 1
Pkt 15 120 0.125 1
Rate:241.815
==========
==========0
7 0 2 24000
Node 43 61 13.0384
Pkt 12 100 0.12 1
Pkt 20 160 0.125 1
Node 30 46 20.3961
Pkt 36 300 0.12 1
Pkt 58 480 0.120833 1
Node 34 60 18.868
Pkt 96 800 0.12 1
Pkt 90 750 0.12 1
Node 68 32 25.4558
Pkt 15 120 0.125 1
Pkt 20 160 0.125 1
Node 65 62 19.2094
Pkt 36 300 0.12 1
Pkt 48 400 0.12 1
Node 31 30 27.5862
Pkt 90 750 0.12 1
Pkt 96 800 0.12 1
Node 57 41 11.4018
Pkt 12 100 0.12 1
Pkt 18 150 0.12 1
Rate:242.262
==========
==========1
7 0 2 24000
Node 38 27 25.9422
Pkt 12 100 0.12 1
Pkt 24 192 0.125 1
Node 55 52 5.38516
Pkt 45 375 0.12 1
Pkt 39 320 0.121875 1
Node 65 37 19.8494
Pkt 96 800 0.12 1
Pkt 96 800 0.12 1
Node 73 39 25.4951
Pkt 24 192 0.125 1
Pkt 20 160 0.125 1
Node 39 51 11.0454
Pkt 58 480 0.120833 1
Pkt 36 300 0.12 1
Node 33 60 19.7231
Pkt 96 800 0.12 1
Pkt 96 800 0.12 1
Node 70 45 20.6155
Pkt 18 150 0.12 1
Pkt 20 160 0.125 1
Rate:243.244
==========
==========2
7 0 2 24000
Node 69 66 24.8395
Pkt 12 100 0.12 1
Pkt 20 160 0.125 1
Node 43 27 24.0416
Pkt 39 320 0.121875 1
Pkt 48 400 0.12 1
Node 31 30 27.5862
Pkt 96 800 0.12 1
Pkt 90 750 0.12 1
Node 56 56 8.48528
Pkt 12 100 0.12 1
Pkt 12 100 0.12 1
Node 64 72 26.0768
Pkt 45 375 0.12 1
Pkt 48 400 0.12 1
Node 41 66 18.3576
Pkt 90 750 0.12 1
Pkt 96 800 0.12 1
Node 40 41 13.4536
Pkt 20 160 0.125 1
Pkt 20 160 0.125 1
Rate:242.411
==========
==========3
7 0 2 24000
Node 44 42 10
Pkt 20 160 0.125 1
Pkt 18 150 0.12 1
Node 48 41 9.21954
Pkt 58 480 0.120833 1
Pkt 36 300 0.12 1
Node 73 68 29.2062
Pkt 90 750 0.12 1
Pkt 90 750 0.12 1
Node 59 71 22.8473
Pkt 15 120 0.125 1
Pkt 24 192 0.125 1
Node 61 28 24.5967
Pkt 36 300 0.12 1
Pkt 36 300 0.12 1
Node 51 45 5.09902
Pkt 96 800 0.12 1
Pkt 90 750 0.12 1
Node 48 44 6.32456
Pkt 15 125 0.12 1
Pkt 29 240 0.120833 1
Rate:242.381
==========
==========4
7 0 2 24000
Node 49 34 16.0312
Pkt 18 150 0.12 1
Pkt 20 160 0.125 1
Node 25 69 31.4006
Pkt 48 400 0.12 1
Pkt 48 400 0.12 1
Node 39 69 21.9545
Pkt 96 800 0.12 1
Pkt 96 800 0.12 1
Node 45 39 12.083
Pkt 15 120 0.125 1
Pkt 15 120 0.125 1
Node 40 54 10.7703
Pkt 48 400 0.12 1
Pkt 36 300 0.12 1
Node 72 27 31.8277
Pkt 96 800 0.12 1
Pkt 90 750 0.12 1
Node 72 28 31.1127
Pkt 29 240 0.120833 1
Pkt 12 100 0.12 1
Rate:242.262
==========
==========5
7 0 2 24000
Node 36 31 23.6008
Pkt 15 120 0.125 1
Pkt 15 120 0.125 1
Node 45 62 13
Pkt 48 400 0.12 1
Pkt 45 375 0.12 1
Node 32 41 20.1246
Pkt 90 750 0.12 1
Pkt 96 800 0.12 1
Node 26 41 25.632
Pkt 15 125 0.12 1
Pkt 15 125 0.12 1
Node 51 63 13.0384
Pkt 58 480 0.120833 1
Pkt 58 480 0.120833 1
Node 30 51 20.025
Pkt 96 800 0.12 1
Pkt 90 750 0.12 1
Node 27 59 24.6982
Pkt 30 250 0.12 1
Pkt 30 250 0.12 1
Rate:241.667
==========
==========6
7 0 2 24000
Node 36 64 19.799
Pkt 24 192 0.125 1
Pkt 24 200 0.12 1
Node 46 35 15.5242
Pkt 58 480 0.120833 1
Pkt 58 480 0.120833 1
Node 57 36 15.6525
Pkt 90 750 0.12 1
Pkt 90 750 0.12 1
Node 68 70 26.9072
Pkt 12 100 0.12 1
Pkt 24 192 0.125 1
Node 56 50 6
Pkt 36 300 0.12 1
Pkt 36 300 0.12 1
Node 45 26 24.5153
Pkt 90 750 0.12 1
Pkt 96 800 0.12 1
Node 34 27 28.0179
Pkt 29 240 0.120833 1
Pkt 18 150 0.12 1
Rate:241.786
==========
==========7
7 0 2 24000
Node 68 39 21.095
Pkt 24 200 0.12 1
Pkt 12 100 0.12 1
Node 46 42 8.94427
Pkt 39 320 0.121875 1
Pkt 45 375 0.12 1
Node 28 37 25.5539
Pkt 96 800 0.12 1
Pkt 90 750 0.12 1
Node 59 61 14.2127
Pkt 30 250 0.12 1
Pkt 20 160 0.125 1
Node 59 52 9.21954
Pkt 58 480 0.120833 1
Pkt 39 320 0.121875 1
Node 46 70 20.3961
Pkt 90 750 0.12 1
Pkt 90 750 0.12 1
Node 48 50 2
Pkt 24 192 0.125 1
Pkt 29 240 0.120833 1
Rate:242.202
==========
==========8
7 0 2 24000
Node 63 70 23.8537
Pkt 15 120 0.125 1
Pkt 18 150 0.12 1
Node 34 41 18.3576
Pkt 58 480 0.120833 1
Pkt 36 300 0.12 1
Node 35 36 20.5183
Pkt 90 750 0.12 1
Pkt 90 750 0.12 1
Node 58 56 10
Pkt 20 160 0.125 1
Pkt 29 240 0.120833 1
Node 55 49 5.09902
Pkt 36 300 0.12 1
Pkt 45 375 0.12 1
Node 48 66 16.1245
Pkt 90 750 0.12 1
Pkt 96 800 0.12 1
Node 32 61 21.095
Pkt 18 150 0.12 1
Pkt 18 150 0.12 1
Rate:241.667
==========
==========9
7 0 2 24000
Node 55 51 5.09902
Pkt 29 240 0.120833 1
Pkt 15 120 0.125 1
Node 68 32 25.4558
Pkt 48 400 0.12 1
Pkt 45 375 0.12 1
Node 34 64 21.2603
Pkt 96 800 0.12 1
Pkt 96 800 0.12 1
Node 31 38 22.4722
Pkt 15 120 0.125 1
Pkt 18 150 0.12 1
Node 74 51 24.0208
Pkt 36 300 0.12 1
Pkt 45 375 0.12 1
Node 71 71 29.6985
Pkt 90 750 0.12 1
Pkt 90 750 0.12 1
Node 44 71 21.8403
Pkt 15 125 0.12 1
Pkt 24 200 0.12 1
Rate:241.548
==========
==========10
7 0 2 24000
Node 61 33 20.2485
Pkt 24 200 0.12 1
Pkt 15 125 0.12 1
Node 58 70 21.5407
Pkt 39 320 0.121875 1
Pkt 39 320 0.121875 1
Node 44 57 9.21954
Pkt 90 750 0.12 1
Pkt 90 750 0.12 1
Node 53 72 22.2036
Pkt 30 250 0.12 1
Pkt 24 192 0.125 1
Node 65 54 15.5242
Pkt 58 480 0.120833 1
Pkt 45 375 0.12 1
Node 57 34 17.4642
Pkt 96 800 0.12 1
Pkt 96 800 0.12 1
Node 40 71 23.2594
Pkt 20 160 0.125 1
Pkt 20 160 0.125 1
Rate:242.798
==========
==========11
7 0 2 24000
Node 30 41 21.9317
Pkt 12 100 0.12 1
Pkt 15 125 0.12 1
Node 25 45 25.4951
Pkt 36 300 0.12 1
Pkt 48 400 0.12 1
Node 72 71 30.4138
Pkt 90 750 0.12 1
Pkt 96 800 0.12 1
Node 37 46 13.6015
Pkt 15 120 0.125 1
Pkt 15 125 0.12 1
Node 55 52 5.38516
Pkt 48 400 0.12 1
Pkt 45 375 0.12 1
Node 47 55 5.83095
Pkt 96 800 0.12 1
Pkt 96 800 0.12 1
Node 67 29 27.0185
Pkt 24 200 0.12 1
Pkt 15 120 0.125 1
Rate:241.429
==========
==========12
7 0 2 24000
Node 33 40 19.7231
Pkt 24 200 0.12 1
Pkt 15 125 0.12 1
Node 63 48 13.1529
Pkt 48 400 0.12 1
Pkt 36 300 0.12 1
Node 46 28 22.3607
Pkt 90 750 0.12 1
Pkt 96 800 0.12 1
Node 28 38 25.0599
Pkt 15 120 0.125 1
Pkt 24 200 0.12 1
Node 74 54 24.3311
Pkt 36 300 0.12 1
Pkt 45 375 0.12 1
Node 44 36 15.2315
Pkt 90 750 0.12 1
Pkt 90 750 0.12 1
Node 53 30 20.2237
Pkt 24 200 0.12 1
Pkt 15 120 0.125 1
Rate:241.429
==========
==========13
7 0 2 24000
Node 35 34 21.9317
Pkt 15 125 0.12 1
Pkt 15 125 0.12 1
Node 55 51 5.09902
Pkt 58 480 0.120833 1
Pkt 48 400 0.12 1
Node 71 65 25.807
Pkt 90 750 0.12 1
Pkt 96 800 0.12 1
Node 47 28 22.2036
Pkt 24 192 0.125 1
Pkt 12 100 0.12 1
Node 52 55 5.38516
Pkt 45 375 0.12 1
Pkt 48 400 0.12 1
Node 47 30 20.2237
Pkt 90 750 0.12 1
Pkt 96 800 0.12 1
Node 43 56 9.21954
Pkt 24 192 0.125 1
Pkt 29 240 0.120833 1
Rate:241.667
==========
==========14
7 0 2 24000
Node 40 44 11.6619
Pkt 15 125 0.12 1
Pkt 24 200 0.12 1
Node 29 49 21.0238
Pkt 58 480 0.120833 1
Pkt 58 480 0.120833 1
Node 70 44 20.8806
Pkt 96 800 0.12 1
Pkt 90 750 0.12 1
Node 34 37 20.6155
Pkt 29 240 0.120833 1
Pkt 18 150 0.12 1
Node 30 37 23.8537
Pkt 45 375 0.12 1
Pkt 39 320 0.121875 1
Node 51 25 25.02
Pkt 96 800 0.12 1
Pkt 96 800 0.12 1
Node 62 33 20.8087
Pkt 18 150 0.12 1
Pkt 15 125 0.12 1
Rate:240.625
==========
==========15
7 0 2 24000
Node 72 46 22.3607
Pkt 29 240 0.120833 1
Pkt 12 100 0.12 1
Node 55 29 21.587
Pkt 45 375 0.12 1
Pkt 36 300 0.12 1
Node 29 32 27.6586
Pkt 90 750 0.12 1
Pkt 96 800 0.12 1
Node 35 49 15.0333
Pkt 30 250 0.12 1
Pkt 24 200 0.12 1
Node 48 54 4.47214
Pkt 48 400 0.12 1
Pkt 45 375 0.12 1
Node 31 58 20.6155
Pkt 90 750 0.12 1
Pkt 90 750 0.12 1
Node 69 36 23.6008
Pkt 24 200 0.12 1
Pkt 29 240 0.120833 1
Rate:240.238
==========
==========16
7 0 2 24000
Node 72 64 26.0768
Pkt 30 250 0.12 1
Pkt 12 100 0.12 1
Node 57 56 9.21954
Pkt 36 300 0.12 1
Pkt 36 300 0.12 1
Node 70 48 20.0998
Pkt 96 800 0.12 1
Pkt 90 750 0.12 1
Node 51 58 8.06226
Pkt 20 160 0.125 1
Pkt 24 200 0.12 1
Node 61 62 16.2788
Pkt 48 400 0.12 1
Pkt 48 400 0.12 1
Node 64 54 14.5602
Pkt 96 800 0.12 1
Pkt 90 750 0.12 1
Node 54 70 20.3961
Pkt 30 250 0.12 1
Pkt 15 125 0.12 1
Rate:240.714
==========
==========17
7 0 2 24000
Node 57 42 10.6301
Pkt 29 240 0.120833 1
Pkt 30 250 0.12 1
Node 44 39 12.53
Pkt 58 480 0.120833 1
Pkt 36 300 0.12 1
Node 46 44 7.2111
Pkt 96 800 0.12 1
Pkt 90 750 0.12 1
Node 54 61 11.7047
Pkt 15 125 0.12 1
Pkt 20 160 0.125 1
Node 70 44 20.8806
Pkt 45 375 0.12 1
Pkt 58 480 0.120833 1
Node 61 26 26.4008
Pkt 96 800 0.12 1
Pkt 90 750 0.12 1
Node 68 52 18.1108
Pkt 24 200 0.12 1
Pkt 30 250 0.12 1
Rate:241.071
==========
==========18
7 0 2 24000
Node 31 65 24.2074
Pkt 15 125 0.12 1
Pkt 20 160 0.125 1
Node 49 43 7.07107
Pkt 48 400 0.12 1
Pkt 36 300 0.12 1
Node 71 28 30.4138
Pkt 90 750 0.12 1
Pkt 96 800 0.12 1
Node 52 73 23.0868
Pkt 24 192 0.125 1
Pkt 30 250 0.12 1
Node 61 64 17.8045
Pkt 36 300 0.12 1
Pkt 39 320 0.121875 1
Node 58 39 13.6015
Pkt 96 800 0.12 1
Pkt 96 800 0.12 1
Node 53 37 13.3417
Pkt 15 125 0.12 1
Pkt 15 125 0.12 1
Rate:241.696
==========
==========19
7 0 2 24000
Node 48 56 6.32456
Pkt 15 120 0.125 1
Pkt 15 120 0.125 1
Node 70 67 26.2488
Pkt 48 400 0.12 1
Pkt 58 480 0.120833 1
Node 69 61 21.9545
Pkt 90 750 0.12 1
Pkt 96 800 0.12 1
Node 61 30 22.8254
Pkt 24 192 0.125 1
Pkt 18 150 0.12 1
Node 49 72 22.0227
Pkt 48 400 0.12 1
Pkt 39 320 0.121875 1
Node 52 43 7.28011
Pkt 96 800 0.12 1
Pkt 90 750 0.12 1
Node 35 29 25.807
Pkt 24 200 0.12 1
Pkt 12 100 0.12 1
Rate:242.53
==========
==========20
7 0 2 24000
Node 44 25 25.7099
Pkt 20 160 0.125 1
Pkt 30 250 0.12 1
Node 51 43 7.07107
Pkt 58 480 0.120833 1
Pkt 48 400 0.12 1
Node 28 34 27.2029
Pkt 90 750 0.12 1
Pkt 90 750 0.12 1
Node 49 61 11.0454
Pkt 15 120 0.125 1
Pkt 29 240 0.120833 1
Node 32 60 20.5913
Pkt 45 375 0.12 1
Pkt 39 320 0.121875 1
Node 32 54 18.4391
Pkt 96 800 0.12 1
Pkt 90 750 0.12 1
Node 35 70 25
Pkt 18 150 0.12 1
Pkt 18 150 0.12 1
Rate:241.935
==========
==========21
7 0 2 24000
Node 61 61 15.5563
Pkt 15 125 0.12 1
Pkt 15 125 0.12 1
Node 73 36 26.9258
Pkt 45 375 0.12 1
Pkt 36 300 0.12 1
Node 28 44 22.8035
Pkt 90 750 0.12 1
Pkt 96 800 0.12 1
Node 73 47 23.1948
Pkt 18 150 0.12 1
Pkt 12 100 0.12 1
Node 63 25 28.178
Pkt 45 375 0.12 1
Pkt 39 320 0.121875 1
Node 67 47 17.2627
Pkt 90 750 0.12 1
Pkt 90 750 0.12 1
Node 70 43 21.1896
Pkt 24 192 0.125 1
Pkt 20 160 0.125 1
Rate:241.696
==========
==========22
7 0 2 24000
Node 63 73 26.4197
Pkt 29 240 0.120833 1
Pkt 18 150 0.12 1
Node 66 47 16.2788
Pkt 36 300 0.12 1
Pkt 39 320 0.121875 1
Node 27 36 26.9258
Pkt 96 800 0.12 1
Pkt 90 750 0.12 1
Node 32 25 30.8058
Pkt 24 200 0.12 1
Pkt 15 120 0.125 1
Node 52 61 11.1803
Pkt 58 480 0.120833 1
Pkt 48 400 0.12 1
Node 42 36 16.1245
Pkt 90 750 0.12 1
Pkt 96 800 0.12 1
Node 74 56 24.7386
Pkt 24 192 0.125 1
Pkt 15 125 0.12 1
Rate:241.935
==========
==========23
7 0 2 24000
Node 53 65 15.2971
Pkt 20 160 0.125 1
Pkt 15 125 0.12 1
Node 31 56 19.9249
Pkt 48 400 0.12 1
Pkt 45 375 0.12 1
Node 44 37 14.3178
Pkt 90 750 0.12 1
Pkt 96 800 0.12 1
Node 37 30 23.8537
Pkt 30 250 0.12 1
Pkt 24 192 0.125 1
Node 64 33 22.0227
Pkt 58 480 0.120833 1
Pkt 39 320 0.121875 1
Node 40 50 10
Pkt 90 750 0.12 1
Pkt 90 750 0.12 1
Node 39 58 13.6015
Pkt 15 125 0.12 1
Pkt 24 200 0.12 1
Rate:241.815
==========
==========24
7 0 2 24000
Node 62 53 12.3693
Pkt 12 100 0.12 1
Pkt 30 250 0.12 1
Node 67 37 21.4009
Pkt 39 320 0.121875 1
Pkt 36 300 0.12 1
Node 48 53 3.60555
Pkt 96 800 0.12 1
Pkt 96 800 0.12 1
Node 69 29 28.3196
Pkt 30 250 0.12 1
Pkt 12 100 0.12 1
Node 42 60 12.8062
Pkt 39 320 0.121875 1
Pkt 36 300 0.12 1
Node 69 67 25.4951
Pkt 96 800 0.12 1
Pkt 96 800 0.12 1
Node 34 40 18.868
Pkt 30 250 0.12 1
Pkt 20 160 0.125 1
Rate:241.25
==========
==========25
7 0 2 24000
Node 69 27 29.8329
Pkt 12 100 0.12 1
Pkt 30 250 0.12 1
Node 25 30 32.0156
Pkt 36 300 0.12 1
Pkt 45 375 0.12 1
Node 30 50 20
Pkt 90 750 0.12 1
Pkt 96 800 0.12 1
Node 55 46 6.40312
Pkt 12 100 0.12 1
Pkt 15 120 0.125 1
Node 26 74 33.9411
Pkt 36 300 0.12 1
Pkt 39 320 0.121875 1
Node 37 38 17.6918
Pkt 90 750 0.12 1
Pkt 96 800 0.12 1
Node 57 48 7.28011
Pkt 24 200 0.12 1
Pkt 30 250 0.12 1
Rate:240.982
==========
==========26
7 0 2 24000
Node 64 61 17.8045
Pkt 24 200 0.12 1
Pkt 20 160 0.125 1
Node 34 30 25.6125
Pkt 36 300 0.12 1
Pkt 58 480 0.120833 1
Node 28 53 22.2036
Pkt 96 800 0.12 1
Pkt 90 750 0.12 1
Node 70 67 26.2488
Pkt 29 240 0.120833 1
Pkt 15 120 0.125 1
Node 65 68 23.4307
Pkt 45 375 0.12 1
Pkt 36 300 0.12 1
Node 61 50 11
Pkt 96 800 0.12 1
Pkt 96 800 0.12 1
Node 44 72 22.8035
Pkt 24 192 0.125 1
Pkt 29 240 0.120833 1
Rate:242.5
==========
==========27
7 0 2 24000
Node 61 70 22.8254
Pkt 24 192 0.125 1
Pkt 18 150 0.12 1
Node 38 56 13.4164
Pkt 45 375 0.12 1
Pkt 58 480 0.120833 1
Node 41 43 11.4018
Pkt 90 750 0.12 1
Pkt 96 800 0.12 1
Node 67 36 22.0227
Pkt 18 150 0.12 1
Pkt 29 240 0.120833 1
Node 37 33 21.4009
Pkt 48 400 0.12 1
Pkt 58 480 0.120833 1
Node 41 50 9
Pkt 96 800 0.12 1
Pkt 96 800 0.12 1
Node 38 51 12.0416
Pkt 29 240 0.120833 1
Pkt 29 240 0.120833 1
Rate:241.31
==========
==========28
7 0 2 24000
Node 71 36 25.2389
Pkt 18 150 0.12 1
Pkt 20 160 0.125 1
Node 31 74 30.6105
Pkt 39 320 0.121875 1
Pkt 48 400 0.12 1
Node 35 51 15.0333
Pkt 96 800 0.12 1
Pkt 90 750 0.12 1
Node 52 33 17.1172
Pkt 15 120 0.125 1
Pkt 18 150 0.12 1
Node 29 44 21.8403
Pkt 39 320 0.121875 1
Pkt 48 400 0.12 1
Node 59 58 12.0416
Pkt 96 800 0.12 1
Pkt 96 800 0.12 1
Node 56 46 7.2111
Pkt 15 125 0.12 1
Pkt 30 250 0.12 1
Rate:241.964
==========
==========29
7 0 2 24000
Node 38 59 15
Pkt 20 160 0.125 1
Pkt 30 250 0.12 1
Node 43 45 8.60233
Pkt 39 320 0.121875 1
Pkt 39 320 0.121875 1
Node 25 34 29.6816
Pkt 90 750 0.12 1
Pkt 96 800 0.12 1
Node 59 67 19.2354
Pkt 18 150 0.12 1
Pkt 12 100 0.12 1
Node 56 41 10.8167
Pkt 58 480 0.120833 1
Pkt 58 480 0.120833 1
Node 39 74 26.4008
Pkt 96 800 0.12 1
Pkt 96 800 0.12 1
Node 45 36 14.8661
Pkt 29 240 0.120833 1
Pkt 24 192 0.125 1
Rate:242.321
==========
==========30
7 0 2 24000
Node 55 69 19.6469
Pkt 24 200 0.12 1
Pkt 29 240 0.120833 1
Node 40 70 22.3607
Pkt 58 480 0.120833 1
Pkt 36 300 0.12 1
Node 68 48 18.1108
Pkt 90 750 0.12 1
Pkt 90 750 0.12 1
Node 45 54 6.40312
Pkt 29 240 0.120833 1
Pkt 29 240 0.120833 1
Node 72 58 23.4094
Pkt 39 320 0.121875 1
Pkt 58 480 0.120833 1
Node 64 73 26.9258
Pkt 90 750 0.12 1
Pkt 96 800 0.12 1
Node 55 44 7.81025
Pkt 20 160 0.125 1
Pkt 15 120 0.125 1
Rate:242.292
==========
==========31
7 0 2 24000
Node 67 71 27.0185
Pkt 29 240 0.120833 1
Pkt 18 150 0.12 1
Node 49 73 23.0217
Pkt 39 320 0.121875 1
Pkt 48 400 0.12 1
Node 59 55 10.2956
Pkt 90 750 0.12 1
Pkt 96 800 0.12 1
Node 69 58 20.6155
Pkt 24 192 0.125 1
Pkt 24 200 0.12 1
Node 69 54 19.4165
Pkt 39 320 0.121875 1
Pkt 39 320 0.121875 1
Node 69 49 19.0263
Pkt 90 750 0.12 1
Pkt 90 750 0.12 1
Node 42 58 11.3137
Pkt 24 192 0.125 1
Pkt 24 200 0.12 1
Rate:242.351
==========
==========32
7 0 2 24000
Node 65 46 15.5242
Pkt 24 200 0.12 1
Pkt 15 120 0.125 1
Node 29 74 31.8904
Pkt 39 320 0.121875 1
Pkt 45 375 0.12 1
Node 63 54 13.6015
Pkt 90 750 0.12 1
Pkt 90 750 0.12 1
Node 44 50 6
Pkt 12 100 0.12 1
Pkt 18 150 0.12 1
Node 33 62 20.8087
Pkt 48 400 0.12 1
Pkt 45 375 0.12 1
Node 30 26 31.241
Pkt 90 750 0.12 1
Pkt 96 800 0.12 1
Node 28 40 24.1661
Pkt 12 100 0.12 1
Pkt 18 150 0.12 1
Rate:240.982
==========
==========33
7 0 2 24000
Node 37 55 13.9284
Pkt 12 100 0.12 1
Pkt 15 125 0.12 1
Node 55 56 7.81025
Pkt 48 400 0.12 1
Pkt 58 480 0.120833 1
Node 43 43 9.89949
Pkt 96 800 0.12 1
Pkt 96 800 0.12 1
Node 58 72 23.4094
Pkt 30 250 0.12 1
Pkt 15 125 0.12 1
Node 50 74 24
Pkt 48 400 0.12 1
Pkt 36 300 0.12 1
Node 52 33 17.1172
Pkt 96 800 0.12 1
Pkt 96 800 0.12 1
Node 69 36 23.6008
Pkt 15 125 0.12 1
Pkt 15 120 0.125 1
Rate:240.833
==========
==========34
7 0 2 24000
Node 40 74 26
Pkt 15 120 0.125 1
Pkt 30 250 0.12 1
Node 65 49 15.0333
Pkt 39 320 0.121875 1
Pkt 48 400 0.12 1
Node 45 55 7.07107
Pkt 90 750 0.12 1
Pkt 96 800 0.12 1
Node 34 47 16.2788
Pkt 30 250 0.12 1
Pkt 15 120 0.125 1
Node 67 62 20.8087
Pkt 36 300 0.12 1
Pkt 58 480 0.120833 1
Node 27 57 24.0416
Pkt 96 800 0.12 1
Pkt 90 750 0.12 1
Node 46 55 6.40312
Pkt 20 160 0.125 1
Pkt 30 250 0.12 1
Rate:242.53
==========
==========35
7 0 2 24000
Node 69 45 19.6469
Pkt 29 240 0.120833 1
Pkt 12 100 0.12 1
Node 49 31 19.0263
Pkt 45 375 0.12 1
Pkt 39 320 0.121875 1
Node 53 53 4.24264
Pkt 90 750 0.12 1
Pkt 96 800 0.12 1
Node 57 72 23.0868
Pkt 15 120 0.125 1
Pkt 18 150 0.12 1
Node 30 57 21.1896
Pkt 48 400 0.12 1
Pkt 36 300 0.12 1
Node 32 25 30.8058
Pkt 90 750 0.12 1
Pkt 96 800 0.12 1
Node 51 56 6.08276
Pkt 24 200 0.12 1
Pkt 24 192 0.125 1
Rate:241.815
==========
==========36
7 0 2 24000
Node 40 51 10.0499
Pkt 29 240 0.120833 1
Pkt 15 120 0.125 1
Node 32 66 24.0832
Pkt 39 320 0.121875 1
Pkt 39 320 0.121875 1
Node 58 29 22.4722
Pkt 90 750 0.12 1
Pkt 96 800 0.12 1
Node 36 51 14.0357
Pkt 12 100 0.12 1
Pkt 15 120 0.125 1
Node 61 74 26.4008
Pkt 48 400 0.12 1
Pkt 58 480 0.120833 1
Node 45 41 10.2956
Pkt 90 750 0.12 1
Pkt 90 750 0.12 1
Node 63 31 23.0217
Pkt 15 125 0.12 1
Pkt 30 250 0.12 1
Rate:242.202
==========
==========37
7 0 2 24000
Node 52 53 3.60555
Pkt 24 192 0.125 1
Pkt 30 250 0.12 1
Node 58 70 21.5407
Pkt 39 320 0.121875 1
Pkt 48 400 0.12 1
Node 47 30 20.2237
Pkt 90 750 0.12 1
Pkt 96 800 0.12 1
Node 44 40 11.6619
Pkt 12 100 0.12 1
Pkt 29 240 0.120833 1
Node 60 66 18.868
Pkt 58 480 0.120833 1
Pkt 58 480 0.120833 1
Node 25 40 26.9258
Pkt 96 800 0.12 1
Pkt 96 800 0.12 1
Node 70 64 24.4131
Pkt 30 250 0.12 1
Pkt 12 100 0.12 1
Rate:241.339
==========
==========38
7 0 2 24000
Node 46 69 19.4165
Pkt 18 150 0.12 1
Pkt 30 250 0.12 1
Node 26 65 28.3019
Pkt 36 300 0.12 1
Pkt 39 320 0.121875 1
Node 41 55 10.2956
Pkt 90 750 0.12 1
Pkt 90 750 0.12 1
Node 49 69 19.0263
Pkt 30 250 0.12 1
Pkt 12 100 0.12 1
Node 29 41 22.8473
Pkt 36 300 0.12 1
Pkt 39 320 0.121875 1
Node 53 30 20.2237
Pkt 90 750 0.12 1
Pkt 96 800 0.12 1
Node 36 55 14.8661
Pkt 24 192 0.125 1
Pkt 24 200 0.12 1
Rate:241.25
==========
==========39
7 0 2 24000
Node 65 62 19.2094
Pkt 20 160 0.125 1
Pkt 30 250 0.12 1
Node 60 32 20.5913
Pkt 48 400 0.12 1
Pkt 39 320 0.121875 1
Node 58 67 18.7883
Pkt 90 750 0.12 1
Pkt 90 750 0.12 1
Node 61 44 12.53
Pkt 15 120 0.125 1
Pkt 12 100 0.12 1
Node 56 42 10
Pkt 45 375 0.12 1
Pkt 58 480 0.120833 1
Node 69 54 19.4165
Pkt 96 800 0.12 1
Pkt 90 750 0.12 1
Node 55 67 17.72
Pkt 15 125 0.12 1
Pkt 15 120 0.125 1
Rate:242.53
==========
==========40
7 0 2 24000
Node 55 35 15.8114
Pkt 18 150 0.12 1
Pkt 12 100 0.12 1
Node 29 58 22.4722
Pkt 39 320 0.121875 1
Pkt 36 300 0.12 1
Node 33 50 17
Pkt 90 750 0.12 1
Pkt 90 750 0.12 1
Node 38 37 17.6918
Pkt 15 120 0.125 1
Pkt 15 120 0.125 1
Node 67 70 26.2488
Pkt 58 480 0.120833 1
Pkt 39 320 0.121875 1
Node 53 38 12.3693
Pkt 96 800 0.12 1
Pkt 90 750 0.12 1
Node 40 34 18.868
Pkt 29 240 0.120833 1
Pkt 15 125 0.12 1
Rate:242.202
==========
==========41
7 0 2 24000
Node 43 44 9.21954
Pkt 30 250 0.12 1
Pkt 12 100 0.12 1
Node 45 45 7.07107
Pkt 48 400 0.12 1
Pkt 45 375 0.12 1
Node 67 49 17.0294
Pkt 90 750 0.12 1
Pkt 90 750 0.12 1
Node 30 38 23.3238
Pkt 29 240 0.120833 1
Pkt 12 100 0.12 1
Node 55 71 21.587
Pkt 58 480 0.120833 1
Pkt 39 320 0.121875 1
Node 74 36 27.7849
Pkt 96 800 0.12 1
Pkt 90 750 0.12 1
Node 68 71 27.6586
Pkt 15 125 0.12 1
Pkt 15 120 0.125 1
Rate:241.22
==========
==========42
7 0 2 24000
Node 28 31 29.0689
Pkt 15 125 0.12 1
Pkt 20 160 0.125 1
Node 47 39 11.4018
Pkt 45 375 0.12 1
Pkt 36 300 0.12 1
Node 36 61 17.8045
Pkt 90 750 0.12 1
Pkt 96 800 0.12 1
Node 27 25 33.9706
Pkt 18 150 0.12 1
Pkt 15 125 0.12 1
Node 57 74 25
Pkt 36 300 0.12 1
Pkt 36 300 0.12 1
Node 69 59 21.0238
Pkt 96 800 0.12 1
Pkt 96 800 0.12 1
Node 30 42 21.5407
Pkt 18 150 0.12 1
Pkt 29 240 0.120833 1
Rate:240.833
==========
==========43
7 0 2 24000
Node 34 32 24.0832
Pkt 29 240 0.120833 1
Pkt 15 125 0.12 1
Node 39 37 17.0294
Pkt 39 320 0.121875 1
Pkt 58 480 0.120833 1
Node 40 50 10
Pkt 96 800 0.12 1
Pkt 96 800 0.12 1
Node 28 63 25.5539
Pkt 12 100 0.12 1
Pkt 24 192 0.125 1
Node 39 74 26.4008
Pkt 48 400 0.12 1
Pkt 39 320 0.121875 1
Node 68 49 18.0278
Pkt 96 800 0.12 1
Pkt 96 800 0.12 1
Node 40 69 21.4709
Pkt 15 120 0.125 1
Pkt 29 240 0.120833 1
Rate:242.321
==========
==========44
7 0 2 24000
Node 66 42 17.8885
Pkt 18 150 0.12 1
Pkt 24 200 0.12 1
Node 42 25 26.2488
Pkt 36 300 0.12 1
Pkt 36 300 0.12 1
Node 34 65 21.9317
Pkt 90 750 0.12 1
Pkt 96 800 0.12 1
Node 70 42 21.5407
Pkt 12 100 0.12 1
Pkt 29 240 0.120833 1
Node 47 74 24.1868
Pkt 36 300 0.12 1
Pkt 39 320 0.121875 1
Node 43 55 8.60233
Pkt 90 750 0.12 1
Pkt 90 750 0.12 1
Node 35 54 15.5242
Pkt 24 200 0.12 1
Pkt 24 200 0.12 1
Rate:240.387
==========
==========45
7 0 2 24000
Node 66 26 28.8444
Pkt 20 160 0.125 1
Pkt 15 120 0.125 1
Node 27 62 25.9422
Pkt 58 480 0.120833 1
Pkt 39 320 0.121875 1
Node 51 46 4.12311
Pkt 90 750 0.12 1
Pkt 90 750 0.12 1
Node 28 68 28.4253
Pkt 15 125 0.12 1
Pkt 18 150 0.12 1
Node 34 70 25.6125
Pkt 39 320 0.121875 1
Pkt 36 300 0.12 1
Node 69 73 29.8329
Pkt 96 800 0.12 1
Pkt 96 800 0.12 1
Node 46 48 4.47214
Pkt 15 120 0.125 1
Pkt 20 160 0.125 1
Rate:243.512
==========
==========46
7 0 2 24000
Node 59 44 10.8167
Pkt 12 100 0.12 1
Pkt 15 125 0.12 1
Node 46 42 8.94427
Pkt 45 375 0.12 1
Pkt 45 375 0.12 1
Node 65 31 24.2074
Pkt 96 800 0.12 1
Pkt 96 800 0.12 1
Node 55 29 21.587
Pkt 30 250 0.12 1
Pkt 29 240 0.120833 1
Node 57 45 8.60233
Pkt 36 300 0.12 1
Pkt 36 300 0.12 1
Node 50 66 16
Pkt 96 800 0.12 1
Pkt 96 800 0.12 1
Node 28 46 22.3607
Pkt 15 125 0.12 1
Pkt 20 160 0.125 1
Rate:240.833
==========
==========47
7 0 2 24000
Node 70 38 23.3238
Pkt 15 120 0.125 1
Pkt 29 240 0.120833 1
Node 42 68 19.6977
Pkt 58 480 0.120833 1
Pkt 45 375 0.12 1
Node 31 47 19.2354
Pkt 90 750 0.12 1
Pkt 90 750 0.12 1
Node 53 35 15.2971
Pkt 30 250 0.12 1
Pkt 30 250 0.12 1
Node 39 58 13.6015
Pkt 39 320 0.121875 1
Pkt 39 320 0.121875 1
Node 69 43 20.2485
Pkt 96 800 0.12 1
Pkt 90 750 0.12 1
Node 42 40 12.8062
Pkt 30 250 0.12 1
Pkt 18 150 0.12 1
Rate:241.488
==========
==========48
7 0 2 24000
Node 40 74 26
Pkt 18 150 0.12 1
Pkt 12 100 0.12 1
Node 31 36 23.6008
Pkt 39 320 0.121875 1
Pkt 39 320 0.121875 1
Node 47 51 3.16228
Pkt 96 800 0.12 1
Pkt 90 750 0.12 1
Node 61 47 11.4018
Pkt 20 160 0.125 1
Pkt 15 120 0.125 1
Node 53 63 13.3417
Pkt 36 300 0.12 1
Pkt 39 320 0.121875 1
Node 51 30 20.025
Pkt 96 800 0.12 1
Pkt 96 800 0.12 1
Node 66 62 20
Pkt 24 200 0.12 1
Pkt 15 120 0.125 1
Rate:242.946
==========
==========49
7 0 2 24000
Node 35 37 19.8494
Pkt 30 250 0.12 1
Pkt 24 200 0.12 1
Node 48 74 24.0832
Pkt 58 480 0.120833 1
Pkt 48 400 0.12 1
Node 40 31 21.4709
Pkt 90 750 0.12 1
Pkt 96 800 0.12 1
Node 62 74 26.8328
Pkt 18 150 0.12 1
Pkt 12 100 0.12 1
Node 65 41 17.4929
Pkt 48 400 0.12 1
Pkt 48 400 0.12 1
Node 26 55 24.5153
Pkt 90 750 0.12 1
Pkt 96 800 0.12 1
Node 65 49 15.0333
Pkt 18 150 0.12 1
Pkt 29 240 0.120833 1
Rate:240.238
==========
==========50
7 0 2 24000
Node 65 40 18.0278
Pkt 15 120 0.125 1
Pkt 15 125 0.12 1
Node 67 66 23.3452
Pkt 58 480 0.120833 1
Pkt 58 480 0.120833 1
Node 64 52 14.1421
Pkt 90 750 0.12 1
Pkt 90 750 0.12 1
Node 42 59 12.0416
Pkt 20 160 0.125 1
Pkt 24 192 0.125 1
Node 29 71 29.6985
Pkt 36 300 0.12 1
Pkt 48 400 0.12 1
Node 28 65 26.6271
Pkt 90 750 0.12 1
Pkt 96 800 0.12 1
Node 50 48 2
Pkt 29 240 0.120833 1
Pkt 30 250 0.12 1
Rate:242.5
==========
==========51
7 0 2 24000
Node 71 28 30.4138
Pkt 15 120 0.125 1
Pkt 30 250 0.12 1
Node 54 38 12.6491
Pkt 58 480 0.120833 1
Pkt 48 400 0.12 1
Node 69 40 21.4709
Pkt 90 750 0.12 1
Pkt 90 750 0.12 1
Node 25 69 31.4006
Pkt 24 192 0.125 1
Pkt 24 200 0.12 1
Node 51 44 6.08276
Pkt 48 400 0.12 1
Pkt 48 400 0.12 1
Node 43 67 18.3848
Pkt 96 800 0.12 1
Pkt 96 800 0.12 1
Node 36 57 15.6525
Pkt 12 100 0.12 1
Pkt 18 150 0.12 1
Rate:241.548
==========
==========52
7 0 2 24000
Node 49 60 10.0499
Pkt 30 250 0.12 1
Pkt 15 120 0.125 1
Node 49 30 20.025
Pkt 36 300 0.12 1
Pkt 58 480 0.120833 1
Node 52 64 14.1421
Pkt 90 750 0.12 1
Pkt 96 800 0.12 1
Node 54 65 15.5242
Pkt 20 160 0.125 1
Pkt 24 192 0.125 1
Node 43 68 19.3132
Pkt 36 300 0.12 1
Pkt 48 400 0.12 1
Node 39 51 11.0454
Pkt 90 750 0.12 1
Pkt 90 750 0.12 1
Node 48 65 15.1327
Pkt 15 125 0.12 1
Pkt 15 120 0.125 1
Rate:242.976
==========
==========53
7 0 2 24000
Node 56 44 8.48528
Pkt 15 125 0.12 1
Pkt 20 160 0.125 1
Node 63 70 23.8537
Pkt 45 375 0.12 1
Pkt 36 300 0.12 1
Node 49 61 11.0454
Pkt 90 750 0.12 1
Pkt 90 750 0.12 1
Node 65 36 20.5183
Pkt 30 250 0.12 1
Pkt 15 125 0.12 1
Node 41 31 21.0238
Pkt 58 480 0.120833 1
Pkt 48 400 0.12 1
Node 25 43 25.9615
Pkt 90 750 0.12 1
Pkt 90 750 0.12 1
Node 74 29 31.8904
Pkt 15 125 0.12 1
Pkt 29 240 0.120833 1
Rate:240.952
==========
==========54
7 0 2 24000
Node 52 37 13.1529
Pkt 20 160 0.125 1
Pkt 24 192 0.125 1
Node 29 68 27.6586
Pkt 39 320 0.121875 1
Pkt 58 480 0.120833 1
Node 67 46 17.4642
Pkt 90 750 0.12 1
Pkt 96 800 0.12 1
Node 69 31 26.8701
Pkt 15 120 0.125 1
Pkt 24 200 0.12 1
Node 41 28 23.7697
Pkt 36 300 0.12 1
Pkt 45 375 0.12 1
Node 50 51 1
Pkt 96 800 0.12 1
Pkt 96 800 0.12 1
Node 74 66 28.8444
Pkt 15 125 0.12 1
Pkt 29 240 0.120833 1
Rate:242.649
==========
==========55
7 0 2 24000
Node 49 48 2.23607
Pkt 18 150 0.12 1
Pkt 24 200 0.12 1
Node 67 63 21.4009
Pkt 45 375 0.12 1
Pkt 48 400 0.12 1
Node 47 32 18.2483
Pkt 90 750 0.12 1
Pkt 90 750 0.12 1
Node 67 58 18.7883
Pkt 20 160 0.125 1
Pkt 15 125 0.12 1
Node 45 32 18.6815
Pkt 36 300 0.12 1
Pkt 58 480 0.120833 1
Node 64 28 26.0768
Pkt 90 750 0.12 1
Pkt 96 800 0.12 1
Node 45 65 15.8114
Pkt 24 192 0.125 1
Pkt 15 125 0.12 1
Rate:241.548
==========
==========56
7 0 2 24000
Node 38 69 22.4722
Pkt 18 150 0.12 1
Pkt 30 250 0.12 1
Node 61 33 20.2485
Pkt 39 320 0.121875 1
Pkt 48 400 0.12 1
Node 35 60 18.0278
Pkt 90 750 0.12 1
Pkt 90 750 0.12 1
Node 44 51 6.08276
Pkt 24 192 0.125 1
Pkt 20 160 0.125 1
Node 68 65 23.4307
Pkt 48 400 0.12 1
Pkt 39 320 0.121875 1
Node 27 26 33.2415
Pkt 96 800 0.12 1
Pkt 96 800 0.12 1
Node 52 34 16.1245
Pkt 15 125 0.12 1
Pkt 12 100 0.12 1
Rate:241.964
==========
==========57
7 0 2 24000
Node 45 66 16.7631
Pkt 15 125 0.12 1
Pkt 15 120 0.125 1
Node 71 68 27.6586
Pkt 58 480 0.120833 1
Pkt 58 480 0.120833 1
Node 60 63 16.4012
Pkt 90 750 0.12 1
Pkt 90 750 0.12 1
Node 59 33 19.2354
Pkt 15 120 0.125 1
Pkt 15 125 0.12 1
Node 42 34 17.8885
Pkt 58 480 0.120833 1
Pkt 36 300 0.12 1
Node 59 37 15.8114
Pkt 96 800 0.12 1
Pkt 96 800 0.12 1
Node 25 34 29.6816
Pkt 30 250 0.12 1
Pkt 29 240 0.120833 1
Rate:241.905
==========
==========58
7 0 2 24000
Node 66 34 22.6274
Pkt 15 125 0.12 1
Pkt 12 100 0.12 1
Node 65 63 19.8494
Pkt 36 300 0.12 1
Pkt 39 320 0.121875 1
Node 43 50 7
Pkt 90 750 0.12 1
Pkt 90 750 0.12 1
Node 72 54 22.3607
Pkt 30 250 0.12 1
Pkt 24 200 0.12 1
Node 49 71 21.0238
Pkt 39 320 0.121875 1
Pkt 36 300 0.12 1
Node 32 54 18.4391
Pkt 96 800 0.12 1
Pkt 90 750 0.12 1
Node 54 26 24.3311
Pkt 24 192 0.125 1
Pkt 24 192 0.125 1
Rate:241.964
==========
==========59
7 0 2 24000
Node 58 51 8.06226
Pkt 18 150 0.12 1
Pkt 29 240 0.120833 1
Node 72 27 31.8277
Pkt 45 375 0.12 1
Pkt 45 375 0.12 1
Node 37 43 14.7648
Pkt 90 750 0.12 1
Pkt 90 750 0.12 1
Node 40 59 13.4536
Pkt 12 100 0.12 1
Pkt 15 125 0.12 1
Node 52 36 14.1421
Pkt 39 320 0.121875 1
Pkt 39 320 0.121875 1
Node 28 48 22.0907
Pkt 90 750 0.12 1
Pkt 96 800 0.12 1
Node 41 73 24.6982
Pkt 30 250 0.12 1
Pkt 12 100 0.12 1
Rate:240.655
==========
==========60
7 0 2 24000
Node 63 34 20.6155
Pkt 20 160 0.125 1
Pkt 30 250 0.12 1
Node 72 49 22.0227
Pkt 36 300 0.12 1
Pkt 58 480 0.120833 1
Node 61 74 26.4008
Pkt 90 750 0.12 1
Pkt 96 800 0.12 1
Node 50 35 15
Pkt 30 250 0.12 1
Pkt 29 240 0.120833 1
Node 53 61 11.4018
Pkt 39 320 0.121875 1
Pkt 36 300 0.12 1
Node 57 46 8.06226
Pkt 90 750 0.12 1
Pkt 90 750 0.12 1
Node 64 51 14.0357
Pkt 24 200 0.12 1
Pkt 30 250 0.12 1
Rate:241.22
==========
==========61
7 0 2 24000
Node 43 50 7
Pkt 29 240 0.120833 1
Pkt 24 200 0.12 1
Node 56 27 23.7697
Pkt 58 480 0.120833 1
Pkt 45 375 0.12 1
Node 50 54 4
Pkt 96 800 0.12 1
Pkt 96 800 0.12 1
Node 35 43 16.5529
Pkt 15 120 0.125 1
Pkt 18 150 0.12 1
Node 52 73 23.0868
Pkt 39 320 0.121875 1
Pkt 58 480 0.120833 1
Node 44 39 12.53
Pkt 90 750 0.12 1
Pkt 90 750 0.12 1
Node 55 31 19.6469
Pkt 12 100 0.12 1
Pkt 18 150 0.12 1
Rate:241.339
==========
==========62
7 0 2 24000
Node 68 43 19.3132
Pkt 15 125 0.12 1
Pkt 15 120 0.125 1
Node 66 67 23.3452
Pkt 39 320 0.121875 1
Pkt 39 320 0.121875 1
Node 44 44 8.48528
Pkt 96 800 0.12 1
Pkt 96 800 0.12 1
Node 34 69 24.8395
Pkt 24 192 0.125 1
Pkt 29 240 0.120833 1
Node 72 62 25.0599
Pkt 45 375 0.12 1
Pkt 39 320 0.121875 1
Node 72 39 24.5967
Pkt 90 750 0.12 1
Pkt 90 750 0.12 1
Node 45 65 15.8114
Pkt 12 100 0.12 1
Pkt 30 250 0.12 1
Rate:242.351
==========
==========63
7 0 2 24000
Node 67 32 24.7588
Pkt 24 200 0.12 1
Pkt 30 250 0.12 1
Node 57 69 20.2485
Pkt 45 375 0.12 1
Pkt 48 400 0.12 1
Node 54 63 13.6015
Pkt 90 750 0.12 1
Pkt 90 750 0.12 1
Node 67 72 27.8029
Pkt 15 120 0.125 1
Pkt 12 100 0.12 1
Node 30 31 27.5862
Pkt 45 375 0.12 1
Pkt 36 300 0.12 1
Node 62 54 12.6491
Pkt 96 800 0.12 1
Pkt 96 800 0.12 1
Node 33 26 29.4109
Pkt 29 240 0.120833 1
Pkt 15 120 0.125 1
Rate:241.548
==========
==========64
7 0 2 24000
Node 46 53 5
Pkt 24 192 0.125 1
Pkt 29 240 0.120833 1
Node 62 36 18.4391
Pkt 36 300 0.12 1
Pkt 45 375 0.12 1
Node 34 32 24.0832
Pkt 96 800 0.12 1
Pkt 96 800 0.12 1
Node 50 43 7
Pkt 18 150 0.12 1
Pkt 15 125 0.12 1
Node 51 69 19.0263
Pkt 58 480 0.120833 1
Pkt 39 320 0.121875 1
Node 41 68 20.1246
Pkt 96 800 0.12 1
Pkt 90 750 0.12 1
Node 66 70 25.6125
Pkt 24 192 0.125 1
Pkt 30 250 0.12 1
Rate:241.935
==========
==========65
7 0 2 24000
Node 63 61 17.0294
Pkt 15 120 0.125 1
Pkt 24 192 0.125 1
Node 71 25 32.6497
Pkt 36 300 0.12 1
Pkt 39 320 0.121875 1
Node 47 50 3
Pkt 96 800 0.12 1
Pkt 96 800 0.12 1
Node 50 69 19
Pkt 29 240 0.120833 1
Pkt 29 240 0.120833 1
Node 59 58 12.0416
Pkt 36 300 0.12 1
Pkt 48 400 0.12 1
Node 26 48 24.0832
Pkt 90 750 0.12 1
Pkt 90 750 0.12 1
Node 39 30 22.8254
Pkt 15 120 0.125 1
Pkt 30 250 0.12 1
Rate:242.649
==========
==========66
7 0 2 24000
Node 51 45 5.09902
Pkt 18 150 0.12 1
Pkt 15 120 0.125 1
Node 50 70 20
Pkt 39 320 0.121875 1
Pkt 36 300 0.12 1
Node 68 38 21.6333
Pkt 90 750 0.12 1
Pkt 96 800 0.12 1
Node 72 52 22.0907
Pkt 24 192 0.125 1
Pkt 20 160 0.125 1
Node 37 41 15.8114
Pkt 45 375 0.12 1
Pkt 48 400 0.12 1
Node 30 51 20.025
Pkt 96 800 0.12 1
Pkt 90 750 0.12 1
Node 31 31 26.8701
Pkt 30 250 0.12 1
Pkt 29 240 0.120833 1
Rate:242.53
==========
==========67
7 0 2 24000
Node 44 46 7.2111
Pkt 18 150 0.12 1
Pkt 29 240 0.120833 1
Node 52 49 2.23607
Pkt 48 400 0.12 1
Pkt 58 480 0.120833 1
Node 57 67 18.3848
Pkt 90 750 0.12 1
Pkt 90 750 0.12 1
Node 46 73 23.3452
Pkt 18 150 0.12 1
Pkt 29 240 0.120833 1
Node 32 58 19.6977
Pkt 36 300 0.12 1
Pkt 48 400 0.12 1
Node 53 55 5.83095
Pkt 90 750 0.12 1
Pkt 96 800 0.12 1
Node 36 37 19.105
Pkt 29 240 0.120833 1
Pkt 18 150 0.12 1
Rate:240.476
==========
==========68
7 0 2 24000
Node 59 67 19.2354
Pkt 15 120 0.125 1
Pkt 29 240 0.120833 1
Node 74 73 33.2415
Pkt 45 375 0.12 1
Pkt 58 480 0.120833 1
Node 52 27 23.0868
Pkt 90 750 0.12 1
Pkt 90 750 0.12 1
Node 33 29 27.0185
Pkt 15 125 0.12 1
Pkt 18 150 0.12 1
Node 69 53 19.2354
Pkt 36 300 0.12 1
Pkt 39 320 0.121875 1
Node 63 25 28.178
Pkt 90 750 0.12 1
Pkt 90 750 0.12 1
Node 50 32 18
Pkt 12 100 0.12 1
Pkt 15 120 0.125 1
Rate:241.935
==========
==========69
7 0 2 24000
Node 61 37 17.0294
Pkt 24 200 0.12 1
Pkt 24 192 0.125 1
Node 27 37 26.4197
Pkt 39 320 0.121875 1
Pkt 39 320 0.121875 1
Node 29 47 21.2132
Pkt 90 750 0.12 1
Pkt 96 800 0.12 1
Node 47 49 3.16228
Pkt 15 125 0.12 1
Pkt 18 150 0.12 1
Node 53 31 19.2354
Pkt 48 400 0.12 1
Pkt 45 375 0.12 1
Node 70 44 20.8806
Pkt 90 750 0.12 1
Pkt 90 750 0.12 1
Node 63 30 23.8537
Pkt 15 120 0.125 1
Pkt 30 250 0.12 1
Rate:241.964
==========
==========70
7 0 2 24000
Node 59 40 13.4536
Pkt 30 250 0.12 1
Pkt 24 192 0.125 1
Node 68 40 20.5913
Pkt 39 320 0.121875 1
Pkt 45 375 0.12 1
Node 46 27 23.3452
Pkt 96 800 0.12 1
Pkt 90 750 0.12 1
Node 54 44 7.2111
Pkt 18 150 0.12 1
Pkt 15 125 0.12 1
Node 42 31 20.6155
Pkt 48 400 0.12 1
Pkt 48 400 0.12 1
Node 29 71 29.6985
Pkt 96 800 0.12 1
Pkt 90 750 0.12 1
Node 42 72 23.4094
Pkt 12 100 0.12 1
Pkt 20 160 0.125 1
Rate:241.696
==========
==========71
7 0 2 24000
Node 74 67 29.4109
Pkt 15 120 0.125 1
Pkt 24 200 0.12 1
Node 69 47 19.2354
Pkt 39 320 0.121875 1
Pkt 48 400 0.12 1
Node 25 70 32.0156
Pkt 90 750 0.12 1
Pkt 90 750 0.12 1
Node 68 26 30
Pkt 12 100 0.12 1
Pkt 12 100 0.12 1
Node 63 35 19.8494
Pkt 58 480 0.120833 1
Pkt 45 375 0.12 1
Node 62 72 25.0599
Pkt 90 750 0.12 1
Pkt 96 800 0.12 1
Node 26 49 24.0208
Pkt 15 120 0.125 1
Pkt 15 125 0.12 1
Rate:241.815
==========
==========72
7 0 2 24000
Node 68 59 20.1246
Pkt 20 160 0.125 1
Pkt 15 120 0.125 1
Node 45 39 12.083
Pkt 58 480 0.120833 1
Pkt 36 300 0.12 1
Node 36 69 23.6008
Pkt 90 750 0.12 1
Pkt 96 800 0.12 1
Node 69 27 29.8329
Pkt 18 150 0.12 1
Pkt 24 192 0.125 1
Node 42 34 17.8885
Pkt 48 400 0.12 1
Pkt 45 375 0.12 1
Node 62 74 26.8328
Pkt 96 800 0.12 1
Pkt 90 750 0.12 1
Node 39 27 25.4951
Pkt 15 125 0.12 1
Pkt 15 120 0.125 1
Rate:242.976
==========
==========73
7 0 2 24000
Node 72 41 23.7697
Pkt 15 120 0.125 1
Pkt 18 150 0.12 1
Node 25 60 26.9258
Pkt 36 300 0.12 1
Pkt 58 480 0.120833 1
Node 61 34 19.4165
Pkt 90 750 0.12 1
Pkt 90 750 0.12 1
Node 37 74 27.2947
Pkt 12 100 0.12 1
Pkt 20 160 0.125 1
Node 46 49 4.12311
Pkt 45 375 0.12 1
Pkt 36 300 0.12 1
Node 43 37 14.7648
Pkt 96 800 0.12 1
Pkt 90 750 0.12 1
Node 48 40 10.198
Pkt 20 160 0.125 1
Pkt 29 240 0.120833 1
Rate:242.381
==========
==========74
7 0 2 24000
Node 49 40 10.0499
Pkt 15 120 0.125 1
Pkt 24 200 0.12 1
Node 39 46 11.7047
Pkt 45 375 0.12 1
Pkt 58 480 0.120833 1
Node 27 41 24.6982
Pkt 96 800 0.12 1
Pkt 96 800 0.12 1
Node 61 32 21.095
Pkt 30 250 0.12 1
Pkt 15 125 0.12 1
Node 55 64 14.8661
Pkt 39 320 0.121875 1
Pkt 39 320 0.121875 1
Node 36 43 15.6525
Pkt 90 750 0.12 1
Pkt 96 800 0.12 1
Node 45 50 5
Pkt 18 150 0.12 1
Pkt 29 240 0.120833 1
Rate:241.488
==========
==========75
7 0 2 24000
Node 40 41 13.4536
Pkt 15 125 0.12 1
Pkt 20 160 0.125 1
Node 36 73 26.9258
Pkt 45 375 0.12 1
Pkt 36 300 0.12 1
Node 32 49 18.0278
Pkt 90 750 0.12 1
Pkt 96 800 0.12 1
Node 36 35 20.5183
Pkt 20 160 0.125 1
Pkt 12 100 0.12 1
Node 74 34 28.8444
Pkt 39 320 0.121875 1
Pkt 48 400 0.12 1
Node 70 38 23.3238
Pkt 90 750 0.12 1
Pkt 90 750 0.12 1
Node 50 48 2
Pkt 18 150 0.12 1
Pkt 20 160 0.125 1
Rate:242.411
==========
==========76
7 0 2 24000
Node 42 60 12.8062
Pkt 18 150 0.12 1
Pkt 20 160 0.125 1
Node 35 44 16.1555
Pkt 39 320 0.121875 1
Pkt 36 300 0.12 1
Node 37 66 20.6155
Pkt 96 800 0.12 1
Pkt 90 750 0.12 1
Node 37 61 17.0294
Pkt 18 150 0.12 1
Pkt 20 160 0.125 1
Node 47 37 13.3417
Pkt 48 400 0.12 1
Pkt 58 480 0.120833 1
Node 34 68 24.0832
Pkt 96 800 0.12 1
Pkt 90 750 0.12 1
Node 35 54 15.5242
Pkt 20 160 0.125 1
Pkt 24 192 0.125 1
Rate:243.244
==========
==========77
7 0 2 24000
Node 74 73 33.2415
Pkt 29 240 0.120833 1
Pkt 24 192 0.125 1
Node 32 56 18.9737
Pkt 48 400 0.12 1
Pkt 48 400 0.12 1
Node 47 66 16.2788
Pkt 96 800 0.12 1
Pkt 90 750 0.12 1
Node 44 58 10
Pkt 20 160 0.125 1
Pkt 30 250 0.12 1
Node 70 49 20.025
Pkt 39 320 0.121875 1
Pkt 48 400 0.12 1
Node 67 37 21.4009
Pkt 96 800 0.12 1
Pkt 96 800 0.12 1
Node 62 35 19.2094
Pkt 30 250 0.12 1
Pkt 24 192 0.125 1
Rate:242.53
==========
==========78
7 0 2 24000
Node 67 39 20.2485
Pkt 30 250 0.12 1
Pkt 29 240 0.120833 1
Node 70 27 30.4795
Pkt 58 480 0.120833 1
Pkt 45 375 0.12 1
Node 32 54 18.4391
Pkt 96 800 0.12 1
Pkt 90 750 0.12 1
Node 73 47 23.1948
Pkt 20 160 0.125 1
Pkt 24 200 0.12 1
Node 50 70 20
Pkt 36 300 0.12 1
Pkt 45 375 0.12 1
Node 43 59 11.4018
Pkt 90 750 0.12 1
Pkt 90 750 0.12 1
Node 42 66 17.8885
Pkt 15 125 0.12 1
Pkt 29 240 0.120833 1
Rate:241.071
==========
==========79
7 0 2 24000
Node 33 54 17.4642
Pkt 24 192 0.125 1
Pkt 18 150 0.12 1
Node 49 51 1.41421
Pkt 48 400 0.12 1
Pkt 36 300 0.12 1
Node 42 64 16.1245
Pkt 96 800 0.12 1
Pkt 96 800 0.12 1
Node 44 46 7.2111
Pkt 12 100 0.12 1
Pkt 15 120 0.125 1
Node 55 28 22.561
Pkt 45 375 0.12 1
Pkt 58 480 0.120833 1
Node 68 27 29.2062
Pkt 90 750 0.12 1
Pkt 96 800 0.12 1
Node 58 41 12.0416
Pkt 30 250 0.12 1
Pkt 15 120 0.125 1
Rate:242.262
==========
==========80
7 0 2 24000
Node 43 73 24.0416
Pkt 30 250 0.12 1
Pkt 24 192 0.125 1
Node 33 52 17.1172
Pkt 39 320 0.121875 1
Pkt 39 320 0.121875 1
Node 67 63 21.4009
Pkt 90 750 0.12 1
Pkt 90 750 0.12 1
Node 59 59 12.7279
Pkt 24 192 0.125 1
Pkt 30 250 0.12 1
Node 36 38 18.4391
Pkt 45 375 0.12 1
Pkt 45 375 0.12 1
Node 42 62 14.4222
Pkt 96 800 0.12 1
Pkt 96 800 0.12 1
Node 54 35 15.5242
Pkt 15 125 0.12 1
Pkt 24 200 0.12 1
Rate:241.964
==========
==========81
7 0 2 24000
Node 27 47 23.1948
Pkt 20 160 0.125 1
Pkt 24 200 0.12 1
Node 36 42 16.1245
Pkt 58 480 0.120833 1
Pkt 58 480 0.120833 1
Node 25 63 28.178
Pkt 90 750 0.12 1
Pkt 90 750 0.12 1
Node 33 48 17.1172
Pkt 15 120 0.125 1
Pkt 15 120 0.125 1
Node 74 29 31.8904
Pkt 36 300 0.12 1
Pkt 58 480 0.120833 1
Node 63 33 21.4009
Pkt 96 800 0.12 1
Pkt 90 750 0.12 1
Node 66 25 29.6816
Pkt 15 120 0.125 1
Pkt 24 192 0.125 1
Rate:243.929
==========
==========82
7 0 2 24000
Node 33 49 17.0294
Pkt 18 150 0.12 1
Pkt 15 125 0.12 1
Node 61 60 14.8661
Pkt 45 375 0.12 1
Pkt 45 375 0.12 1
Node 32 51 18.0278
Pkt 90 750 0.12 1
Pkt 90 750 0.12 1
Node 60 56 11.6619
Pkt 15 120 0.125 1
Pkt 15 125 0.12 1
Node 38 56 13.4164
Pkt 48 400 0.12 1
Pkt 45 375 0.12 1
Node 42 26 25.2982
Pkt 96 800 0.12 1
Pkt 90 750 0.12 1
Node 68 59 20.1246
Pkt 15 120 0.125 1
Pkt 15 125 0.12 1
Rate:241.429
==========
==========83
7 0 2 24000
Node 25 55 25.4951
Pkt 30 250 0.12 1
Pkt 18 150 0.12 1
Node 69 69 26.8701
Pkt 58 480 0.120833 1
Pkt 39 320 0.121875 1
Node 54 57 8.06226
Pkt 90 750 0.12 1
Pkt 96 800 0.12 1
Node 39 25 27.313
Pkt 20 160 0.125 1
Pkt 12 100 0.12 1
Node 25 73 33.9706
Pkt 58 480 0.120833 1
Pkt 36 300 0.12 1
Node 72 47 22.2036
Pkt 90 750 0.12 1
Pkt 96 800 0.12 1
Node 55 64 14.8661
Pkt 29 240 0.120833 1
Pkt 29 240 0.120833 1
Rate:241.458
==========
==========84
7 0 2 24000
Node 68 62 21.6333
Pkt 29 240 0.120833 1
Pkt 30 250 0.12 1
Node 27 56 23.7697
Pkt 45 375 0.12 1
Pkt 58 480 0.120833 1
Node 57 74 25
Pkt 90 750 0.12 1
Pkt 96 800 0.12 1
Node 30 74 31.241
Pkt 24 192 0.125 1
Pkt 24 200 0.12 1
Node 44 33 18.0278
Pkt 58 480 0.120833 1
Pkt 39 320 0.121875 1
Node 32 29 27.6586
Pkt 90 750 0.12 1
Pkt 90 750 0.12 1
Node 43 48 7.28011
Pkt 24 200 0.12 1
Pkt 12 100 0.12 1
Rate:241.339
==========
==========85
7 0 2 24000
Node 52 34 16.1245
Pkt 18 150 0.12 1
Pkt 29 240 0.120833 1
Node 56 41 10.8167
Pkt 58 480 0.120833 1
Pkt 36 300 0.12 1
Node 43 55 8.60233
Pkt 96 800 0.12 1
Pkt 96 800 0.12 1
Node 72 28 31.1127
Pkt 24 200 0.12 1
Pkt 12 100 0.12 1
Node 64 28 26.0768
Pkt 39 320 0.121875 1
Pkt 58 480 0.120833 1
Node 28 49 22.0227
Pkt 90 750 0.12 1
Pkt 96 800 0.12 1
Node 55 42 9.43398
Pkt 24 192 0.125 1
Pkt 15 120 0.125 1
Rate:242.054
==========
==========86
7 0 2 24000
Node 55 28 22.561
Pkt 15 120 0.125 1
Pkt 15 120 0.125 1
Node 57 64 15.6525
Pkt 36 300 0.12 1
Pkt 36 300 0.12 1
Node 33 30 26.2488
Pkt 96 800 0.12 1
Pkt 90 750 0.12 1
Node 25 53 25.1794
Pkt 18 150 0.12 1
Pkt 12 100 0.12 1
Node 37 44 14.3178
Pkt 36 300 0.12 1
Pkt 45 375 0.12 1
Node 55 54 6.40312
Pkt 90 750 0.12 1
Pkt 96 800 0.12 1
Node 33 58 18.7883
Pkt 24 192 0.125 1
Pkt 24 192 0.125 1
Rate:242.857
==========
==========87
7 0 2 24000
Node 31 72 29.0689
Pkt 30 250 0.12 1
Pkt 12 100 0.12 1
Node 60 33 19.7231
Pkt 48 400 0.12 1
Pkt 36 300 0.12 1
Node 49 55 5.09902
Pkt 96 800 0.12 1
Pkt 90 750 0.12 1
Node 36 30 24.4131
Pkt 30 250 0.12 1
Pkt 29 240 0.120833 1
Node 62 53 12.3693
Pkt 39 320 0.121875 1
Pkt 45 375 0.12 1
Node 32 64 22.8035
Pkt 90 750 0.12 1
Pkt 90 750 0.12 1
Node 39 62 16.2788
Pkt 15 120 0.125 1
Pkt 15 125 0.12 1
Rate:241.101
==========
==========88
7 0 2 24000
Node 58 66 17.8885
Pkt 29 240 0.120833 1
Pkt 15 125 0.12 1
Node 50 63 13
Pkt 36 300 0.12 1
Pkt 36 300 0.12 1
Node 56 32 18.9737
Pkt 96 800 0.12 1
Pkt 96 800 0.12 1
Node 57 57 9.89949
Pkt 15 120 0.125 1
Pkt 20 160 0.125 1
Node 69 63 23.0217
Pkt 36 300 0.12 1
Pkt 39 320 0.121875 1
Node 48 58 8.24621
Pkt 90 750 0.12 1
Pkt 96 800 0.12 1
Node 46 34 16.4924
Pkt 20 160 0.125 1
Pkt 15 120 0.125 1
Rate:243.244
==========
==========89
7 0 2 24000
Node 43 40 12.2066
Pkt 20 160 0.125 1
Pkt 24 192 0.125 1
Node 74 40 26
Pkt 48 400 0.12 1
Pkt 48 400 0.12 1
Node 67 63 21.4009
Pkt 96 800 0.12 1
Pkt 96 800 0.12 1
Node 73 53 23.1948
Pkt 15 120 0.125 1
Pkt 24 200 0.12 1
Node 59 37 15.8114
Pkt 45 375 0.12 1
Pkt 39 320 0.121875 1
Node 71 68 27.6586
Pkt 90 750 0.12 1
Pkt 90 750 0.12 1
Node 53 74 24.1868
Pkt 24 192 0.125 1
Pkt 24 200 0.12 1
Rate:243.125
==========
==========90
7 0 2 24000
Node 40 32 20.5913
Pkt 15 120 0.125 1
Pkt 30 250 0.12 1
Node 64 49 14.0357
Pkt 45 375 0.12 1
Pkt 36 300 0.12 1
Node 53 65 15.2971
Pkt 96 800 0.12 1
Pkt 90 750 0.12 1
Node 50 64 14
Pkt 29 240 0.120833 1
Pkt 29 240 0.120833 1
Node 31 71 28.3196
Pkt 36 300 0.12 1
Pkt 39 320 0.121875 1
Node 66 67 23.3452
Pkt 90 750 0.12 1
Pkt 96 800 0.12 1
Node 27 68 29.2062
Pkt 15 125 0.12 1
Pkt 24 200 0.12 1
Rate:241.22
==========
==========91
7 0 2 24000
Node 52 60 10.198
Pkt 30 250 0.12 1
Pkt 18 150 0.12 1
Node 66 62 20
Pkt 58 480 0.120833 1
Pkt 39 320 0.121875 1
Node 62 52 12.1655
Pkt 96 800 0.12 1
Pkt 90 750 0.12 1
Node 56 65 16.1555
Pkt 12 100 0.12 1
Pkt 29 240 0.120833 1
Node 43 57 9.89949
Pkt 36 300 0.12 1
Pkt 48 400 0.12 1
Node 27 28 31.8277
Pkt 96 800 0.12 1
Pkt 96 800 0.12 1
Node 64 51 14.0357
Pkt 29 240 0.120833 1
Pkt 20 160 0.125 1
Rate:241.339
==========
==========92
7 0 2 24000
Node 58 45 9.43398
Pkt 12 100 0.12 1
Pkt 24 192 0.125 1
Node 64 61 17.8045
Pkt 36 300 0.12 1
Pkt 48 400 0.12 1
Node 41 51 9.05539
Pkt 90 750 0.12 1
Pkt 90 750 0.12 1
Node 40 36 17.2047
Pkt 24 192 0.125 1
Pkt 24 192 0.125 1
Node 69 32 26.1725
Pkt 39 320 0.121875 1
Pkt 36 300 0.12 1
Node 38 33 20.8087
Pkt 96 800 0.12 1
Pkt 96 800 0.12 1
Node 48 42 8.24621
Pkt 20 160 0.125 1
Pkt 18 150 0.12 1
Rate:243.125
==========
==========93
7 0 2 24000
Node 66 54 16.4924
Pkt 29 240 0.120833 1
Pkt 20 160 0.125 1
Node 71 61 23.7065
Pkt 58 480 0.120833 1
Pkt 36 300 0.12 1
Node 66 50 16
Pkt 90 750 0.12 1
Pkt 96 800 0.12 1
Node 38 64 18.4391
Pkt 12 100 0.12 1
Pkt 20 160 0.125 1
Node 66 66 22.6274
Pkt 45 375 0.12 1
Pkt 36 300 0.12 1
Node 54 68 18.4391
Pkt 90 750 0.12 1
Pkt 90 750 0.12 1
Node 34 65 21.9317
Pkt 24 192 0.125 1
Pkt 24 200 0.12 1
Rate:242.381
==========
==========94
7 0 2 24000
Node 44 31 19.9249
Pkt 15 125 0.12 1
Pkt 18 150 0.12 1
Node 40 33 19.7231
Pkt 45 375 0.12 1
Pkt 58 480 0.120833 1
Node 60 57 12.2066
Pkt 96 800 0.12 1
Pkt 90 750 0.12 1
Node 59 48 9.21954
Pkt 24 200 0.12 1
Pkt 24 192 0.125 1
Node 32 33 24.7588
Pkt 36 300 0.12 1
Pkt 48 400 0.12 1
Node 46 60 10.7703
Pkt 90 750 0.12 1
Pkt 96 800 0.12 1
Node 33 74 29.4109
Pkt 29 240 0.120833 1
Pkt 12 100 0.12 1
Rate:240.952
==========
==========95
7 0 2 24000
Node 47 38 12.3693
Pkt 29 240 0.120833 1
Pkt 24 192 0.125 1
Node 37 28 25.5539
Pkt 45 375 0.12 1
Pkt 36 300 0.12 1
Node 36 54 14.5602
Pkt 96 800 0.12 1
Pkt 96 800 0.12 1
Node 72 27 31.8277
Pkt 12 100 0.12 1
Pkt 24 200 0.12 1
Node 29 27 31.1448
Pkt 36 300 0.12 1
Pkt 36 300 0.12 1
Node 35 39 18.6011
Pkt 96 800 0.12 1
Pkt 90 750 0.12 1
Node 33 58 18.7883
Pkt 24 200 0.12 1
Pkt 18 150 0.12 1
Rate:240.833
==========
==========96
7 0 2 24000
Node 72 27 31.8277
Pkt 18 150 0.12 1
Pkt 15 125 0.12 1
Node 37 25 28.178
Pkt 45 375 0.12 1
Pkt 39 320 0.121875 1
Node 65 74 28.3019
Pkt 96 800 0.12 1
Pkt 96 800 0.12 1
Node 55 45 7.07107
Pkt 12 100 0.12 1
Pkt 29 240 0.120833 1
Node 74 28 32.5576
Pkt 58 480 0.120833 1
Pkt 48 400 0.12 1
Node 46 50 4
Pkt 90 750 0.12 1
Pkt 90 750 0.12 1
Node 60 48 10.198
Pkt 18 150 0.12 1
Pkt 15 120 0.125 1
Rate:241.22
==========
==========97
7 0 2 24000
Node 53 38 12.3693
Pkt 12 100 0.12 1
Pkt 24 192 0.125 1
Node 41 59 12.7279
Pkt 39 320 0.121875 1
Pkt 48 400 0.12 1
Node 60 43 12.2066
Pkt 90 750 0.12 1
Pkt 90 750 0.12 1
Node 60 42 12.8062
Pkt 30 250 0.12 1
Pkt 12 100 0.12 1
Node 33 57 18.3848
Pkt 58 480 0.120833 1
Pkt 45 375 0.12 1
Node 48 33 17.1172
Pkt 90 750 0.12 1
Pkt 96 800 0.12 1
Node 61 41 14.2127
Pkt 30 250 0.12 1
Pkt 18 150 0.12 1
Rate:241.101
==========
==========98
7 0 2 24000
Node 44 31 19.9249
Pkt 12 100 0.12 1
Pkt 12 100 0.12 1
Node 67 67 24.0416
Pkt 58 480 0.120833 1
Pkt 36 300 0.12 1
Node 60 63 16.4012
Pkt 90 750 0.12 1
Pkt 90 750 0.12 1
Node 26 43 25
Pkt 24 200 0.12 1
Pkt 18 150 0.12 1
Node 60 43 12.2066
Pkt 45 375 0.12 1
Pkt 39 320 0.121875 1
Node 45 28 22.561
Pkt 90 750 0.12 1
Pkt 90 750 0.12 1
Node 69 39 21.9545
Pkt 29 240 0.120833 1
Pkt 20 160 0.125 1
Rate:241.22
==========
==========99
