7 0 2 24000
Node 60 59 13.4536
Pkt 27 120 0.225 1
Pkt 27 120 0.225 1
Node 25 65 29.1548
Pkt 83 375 0.221333 1
Pkt 106 480 0.220833 1
Node 65 64 20.5183
Pkt 176 800 0.22 1
Pkt 165 750 0.22 1
Node 61 47 11.4018
Pkt 28 125 0.224 1
Pkt 36 160 0.225 1
Node 29 58 22.4722
Pkt 83 375 0.221333 1
Pkt 106 480 0.220833 1
Node 72 34 27.2029
Pkt 165 750 0.22 1
Pkt 165 750 0.22 1
Node 35 69 24.2074
Pkt 36 160 0.225 1
Pkt 43 192 0.223958 1
Rate:444.613
==========
==========0
7 0 2 24000
Node 63 47 13.3417
Pkt 36 160 0.225 1
Pkt 33 150 0.22 1
Node 49 44 6.08276
Pkt 71 320 0.221875 1
Pkt 88 400 0.22 1
Node 45 42 9.43398
Pkt 165 750 0.22 1
Pkt 165 750 0.22 1
Node 53 26 24.1868
Pkt 55 250 0.22 1
Pkt 44 200 0.22 1
Node 63 43 14.7648
Pkt 71 320 0.221875 1
Pkt 66 300 0.22 1
Node 73 42 24.3516
Pkt 176 800 0.22 1
Pkt 165 750 0.22 1
Node 41 66 18.3576
Pkt 22 100 0.22 1
Pkt 36 160 0.225 1
Rate:441.964
==========
==========1
7 0 2 24000
Node 68 51 18.0278
Pkt 55 250 0.22 1
Pkt 53 240 0.220833 1
Node 69 45 19.6469
Pkt 88 400 0.22 1
Pkt 66 300 0.22 1
Node 66 34 22.6274
Pkt 165 750 0.22 1
Pkt 165 750 0.22 1
Node 29 72 30.4138
Pkt 28 125 0.224 1
Pkt 27 120 0.225 1
Node 34 36 21.2603
Pkt 106 480 0.220833 1
Pkt 71 320 0.221875 1
Node 51 63 13.0384
Pkt 165 750 0.22 1
Pkt 176 800 0.22 1
Node 67 58 18.7883
Pkt 43 192 0.223958 1
Pkt 22 100 0.22 1
Rate:442.357
==========
==========2
7 0 2 24000
Node 57 65 16.5529
Pkt 53 240 0.220833 1
Pkt 22 100 0.22 1
Node 44 55 7.81025
Pkt 71 320 0.221875 1
Pkt 88 400 0.22 1
Node 30 72 29.7321
Pkt 165 750 0.22 1
Pkt 176 800 0.22 1
Node 54 42 8.94427
Pkt 43 192 0.223958 1
Pkt 55 250 0.22 1
Node 54 38 12.6491
Pkt 88 400 0.22 1
Pkt 71 320 0.221875 1
Node 74 37 27.2947
Pkt 176 800 0.22 1
Pkt 176 800 0.22 1
Node 43 54 8.06226
Pkt 22 100 0.22 1
Pkt 22 100 0.22 1
Rate:441.22
==========
==========3
7 0 2 24000
Node 41 73 24.6982
Pkt 53 240 0.220833 1
Pkt 33 150 0.22 1
Node 72 40 24.1661
Pkt 88 400 0.22 1
Pkt 83 375 0.221333 1
Node 66 30 25.6125
Pkt 176 800 0.22 1
Pkt 176 800 0.22 1
Node 65 65 21.2132
Pkt 27 120 0.225 1
Pkt 53 240 0.220833 1
Node 38 66 20
Pkt 88 400 0.22 1
Pkt 66 300 0.22 1
Node 27 53 23.1948
Pkt 176 800 0.22 1
Pkt 176 800 0.22 1
Node 68 73 29.2062
Pkt 33 150 0.22 1
Pkt 27 120 0.225 1
Rate:441.857
==========
==========4
7 0 2 24000
Node 54 73 23.3452
Pkt 27 120 0.225 1
Pkt 36 160 0.225 1
Node 68 48 18.1108
Pkt 71 320 0.221875 1
Pkt 88 400 0.22 1
Node 72 57 23.0868
Pkt 176 800 0.22 1
Pkt 176 800 0.22 1
Node 44 44 8.48528
Pkt 22 100 0.22 1
Pkt 36 160 0.225 1
Node 39 36 17.8045
Pkt 106 480 0.220833 1
Pkt 83 375 0.221333 1
Node 71 47 21.2132
Pkt 165 750 0.22 1
Pkt 165 750 0.22 1
Node 64 49 14.0357
Pkt 53 240 0.220833 1
Pkt 43 192 0.223958 1
Rate:443.405
==========
==========5
7 0 2 24000
Node 46 59 9.84886
Pkt 33 150 0.22 1
Pkt 43 192 0.223958 1
Node 60 26 26
Pkt 71 320 0.221875 1
Pkt 66 300 0.22 1
Node 54 42 8.94427
Pkt 176 800 0.22 1
Pkt 176 800 0.22 1
Node 28 61 24.5967
Pkt 36 160 0.225 1
Pkt 33 150 0.22 1
Node 55 32 18.6815
Pkt 71 320 0.221875 1
Pkt 66 300 0.22 1
Node 66 44 17.088
Pkt 165 750 0.22 1
Pkt 165 750 0.22 1
Node 65 25 29.1548
Pkt 53 240 0.220833 1
Pkt 53 240 0.220833 1
Rate:442.054
==========
==========6
7 0 2 24000
Node 71 67 27.0185
Pkt 27 120 0.225 1
Pkt 28 125 0.224 1
Node 29 57 22.1359
Pkt 83 375 0.221333 1
Pkt 106 480 0.220833 1
Node 37 64 19.105
Pkt 165 750 0.22 1
Pkt 176 800 0.22 1
Node 43 62 13.8924
Pkt 53 240 0.220833 1
Pkt 53 240 0.220833 1
Node 74 63 27.2947
Pkt 66 300 0.22 1
Pkt 71 320 0.221875 1
Node 50 67 17
Pkt 176 800 0.22 1
Pkt 176 800 0.22 1
Node 26 39 26.4008
Pkt 53 240 0.220833 1
Pkt 33 150 0.22 1
Rate:442.22
==========
==========7
7 0 2 24000
Node 40 30 22.3607
Pkt 36 160 0.225 1
Pkt 33 150 0.22 1
Node 44 63 14.3178
Pkt 66 300 0.22 1
Pkt 83 375 0.221333 1
Node 44 41 10.8167
Pkt 176 800 0.22 1
Pkt 165 750 0.22 1
Node 46 40 10.7703
Pkt 22 100 0.22 1
Pkt 53 240 0.220833 1
Node 33 68 24.7588
Pkt 106 480 0.220833 1
Pkt 66 300 0.22 1
Node 27 60 25.0799
Pkt 165 750 0.22 1
Pkt 165 750 0.22 1
Node 52 34 16.1245
Pkt 53 240 0.220833 1
Pkt 33 150 0.22 1
Rate:441.262
==========
==========8
7 0 2 24000
Node 67 61 20.2485
Pkt 36 160 0.225 1
Pkt 53 240 0.220833 1
Node 26 55 24.5153
Pkt 66 300 0.22 1
Pkt 71 320 0.221875 1
Node 45 45 7.07107
Pkt 165 750 0.22 1
Pkt 176 800 0.22 1
Node 48 65 15.1327
Pkt 53 240 0.220833 1
Pkt 28 125 0.224 1
Node 57 74 25
Pkt 88 400 0.22 1
Pkt 66 300 0.22 1
Node 62 28 25.0599
Pkt 165 750 0.22 1
Pkt 176 800 0.22 1
Node 51 49 1.41421
Pkt 53 240 0.220833 1
Pkt 44 200 0.22 1
Rate:441.911
==========
==========9
7 0 2 24000
Node 64 69 23.6008
Pkt 33 150 0.22 1
Pkt 44 200 0.22 1
Node 72 65 26.6271
Pkt 88 400 0.22 1
Pkt 88 400 0.22 1
Node 41 36 16.6433
Pkt 165 750 0.22 1
Pkt 176 800 0.22 1
Node 65 46 15.5242
Pkt 27 120 0.225 1
Pkt 44 200 0.22 1
Node 65 56 16.1555
Pkt 88 400 0.22 1
Pkt 66 300 0.22 1
Node 68 28 28.4253
Pkt 176 800 0.22 1
Pkt 176 800 0.22 1
Node 28 73 31.8277
Pkt 33 150 0.22 1
Pkt 22 100 0.22 1
Rate:440.714
==========
==========10
7 0 2 24000
Node 50 28 22
Pkt 55 250 0.22 1
Pkt 55 250 0.22 1
Node 44 39 12.53
Pkt 88 400 0.22 1
Pkt 106 480 0.220833 1
Node 62 29 24.1868
Pkt 165 750 0.22 1
Pkt 176 800 0.22 1
Node 45 32 18.6815
Pkt 53 240 0.220833 1
Pkt 22 100 0.22 1
Node 31 26 30.6105
Pkt 88 400 0.22 1
Pkt 66 300 0.22 1
Node 34 72 27.2029
Pkt 176 800 0.22 1
Pkt 176 800 0.22 1
Node 37 56 14.3178
Pkt 22 100 0.22 1
Pkt 28 125 0.224 1
Rate:440.81
==========
==========11
7 0 2 24000
Node 55 29 21.587
Pkt 55 250 0.22 1
Pkt 33 150 0.22 1
Node 31 60 21.4709
Pkt 83 375 0.221333 1
Pkt 71 320 0.221875 1
Node 34 68 24.0832
Pkt 176 800 0.22 1
Pkt 176 800 0.22 1
Node 62 68 21.6333
Pkt 55 250 0.22 1
Pkt 36 160 0.225 1
Node 64 42 16.1245
Pkt 66 300 0.22 1
Pkt 83 375 0.221333 1
Node 65 43 16.5529
Pkt 165 750 0.22 1
Pkt 176 800 0.22 1
Node 37 69 23.0217
Pkt 22 100 0.22 1
Pkt 36 160 0.225 1
Rate:442.077
==========
==========12
7 0 2 24000
Node 46 59 9.84886
Pkt 33 150 0.22 1
Pkt 27 120 0.225 1
Node 49 48 2.23607
Pkt 106 480 0.220833 1
Pkt 83 375 0.221333 1
Node 57 35 16.5529
Pkt 165 750 0.22 1
Pkt 165 750 0.22 1
Node 44 50 6
Pkt 33 150 0.22 1
Pkt 22 100 0.22 1
Node 64 38 18.4391
Pkt 83 375 0.221333 1
Pkt 71 320 0.221875 1
Node 60 73 25.0799
Pkt 176 800 0.22 1
Pkt 176 800 0.22 1
Node 73 40 25.0799
Pkt 55 250 0.22 1
Pkt 28 125 0.224 1
Rate:442.054
==========
==========13
7 0 2 24000
Node 27 46 23.3452
Pkt 36 160 0.225 1
Pkt 44 200 0.22 1
Node 52 58 8.24621
Pkt 106 480 0.220833 1
Pkt 66 300 0.22 1
Node 59 49 9.05539
Pkt 176 800 0.22 1
Pkt 165 750 0.22 1
Node 45 45 7.07107
Pkt 53 240 0.220833 1
Pkt 33 150 0.22 1
Node 45 53 5.83095
Pkt 88 400 0.22 1
Pkt 83 375 0.221333 1
Node 39 50 11
Pkt 176 800 0.22 1
Pkt 165 750 0.22 1
Node 56 28 22.8035
Pkt 55 250 0.22 1
Pkt 33 150 0.22 1
Rate:441.143
==========
==========14
7 0 2 24000
Node 63 29 24.6982
Pkt 28 125 0.224 1
Pkt 43 192 0.223958 1
Node 46 65 15.5242
Pkt 83 375 0.221333 1
Pkt 83 375 0.221333 1
Node 40 61 14.8661
Pkt 165 750 0.22 1
Pkt 176 800 0.22 1
Node 46 56 7.2111
Pkt 53 240 0.220833 1
Pkt 28 125 0.224 1
Node 43 53 7.61577
Pkt 66 300 0.22 1
Pkt 106 480 0.220833 1
Node 41 55 10.2956
Pkt 176 800 0.22 1
Pkt 176 800 0.22 1
Node 30 35 25
Pkt 22 100 0.22 1
Pkt 27 120 0.225 1
Rate:443.042
==========
==========15
7 0 2 24000
Node 31 66 24.8395
Pkt 55 250 0.22 1
Pkt 55 250 0.22 1
Node 34 60 18.868
Pkt 83 375 0.221333 1
Pkt 106 480 0.220833 1
Node 33 59 19.2354
Pkt 165 750 0.22 1
Pkt 176 800 0.22 1
Node 34 67 23.3452
Pkt 33 150 0.22 1
Pkt 53 240 0.220833 1
Node 70 69 27.5862
Pkt 83 375 0.221333 1
Pkt 83 375 0.221333 1
Node 41 73 24.6982
Pkt 165 750 0.22 1
Pkt 165 750 0.22 1
Node 56 62 13.4164
Pkt 33 150 0.22 1
Pkt 22 100 0.22 1
Rate:440.81
==========
==========16
7 0 2 24000
Node 26 72 32.5576
Pkt 27 120 0.225 1
Pkt 33 150 0.22 1
Node 60 41 13.4536
Pkt 83 375 0.221333 1
Pkt 106 480 0.220833 1
Node 34 36 21.2603
Pkt 176 800 0.22 1
Pkt 165 750 0.22 1
Node 68 49 18.0278
Pkt 33 150 0.22 1
Pkt 53 240 0.220833 1
Node 69 52 19.105
Pkt 71 320 0.221875 1
Pkt 106 480 0.220833 1
Node 74 57 25
Pkt 165 750 0.22 1
Pkt 176 800 0.22 1
Node 34 28 27.2029
Pkt 43 192 0.223958 1
Pkt 27 120 0.225 1
Rate:442.81
==========
==========17
7 0 2 24000
Node 73 29 31.1448
Pkt 53 240 0.220833 1
Pkt 36 160 0.225 1
Node 27 38 25.9422
Pkt 83 375 0.221333 1
Pkt 88 400 0.22 1
Node 64 70 24.4131
Pkt 165 750 0.22 1
Pkt 176 800 0.22 1
Node 55 41 10.2956
Pkt 22 100 0.22 1
Pkt 43 192 0.223958 1
Node 62 31 22.4722
Pkt 71 320 0.221875 1
Pkt 106 480 0.220833 1
Node 58 74 25.2982
Pkt 165 750 0.22 1
Pkt 165 750 0.22 1
Node 61 41 14.2127
Pkt 44 200 0.22 1
Pkt 36 160 0.225 1
Rate:442.69
==========
==========18
7 0 2 24000
Node 28 59 23.7697
Pkt 44 200 0.22 1
Pkt 27 120 0.225 1
Node 30 72 29.7321
Pkt 66 300 0.22 1
Pkt 106 480 0.220833 1
Node 69 33 25.4951
Pkt 165 750 0.22 1
Pkt 165 750 0.22 1
Node 41 41 12.7279
Pkt 55 250 0.22 1
Pkt 36 160 0.225 1
Node 70 45 20.6155
Pkt 106 480 0.220833 1
Pkt 88 400 0.22 1
Node 40 69 21.4709
Pkt 165 750 0.22 1
Pkt 176 800 0.22 1
Node 44 72 22.8035
Pkt 22 100 0.22 1
Pkt 28 125 0.224 1
Rate:442.238
==========
==========19
7 0 2 24000
Node 67 51 17.0294
Pkt 27 120 0.225 1
Pkt 44 200 0.22 1
Node 55 37 13.9284
Pkt 83 375 0.221333 1
Pkt 66 300 0.22 1
Node 57 49 7.07107
Pkt 165 750 0.22 1
Pkt 165 750 0.22 1
Node 39 42 13.6015
Pkt 36 160 0.225 1
Pkt 43 192 0.223958 1
Node 25 29 32.6497
Pkt 83 375 0.221333 1
Pkt 88 400 0.22 1
Node 43 35 16.5529
Pkt 165 750 0.22 1
Pkt 165 750 0.22 1
Node 67 68 24.7588
Pkt 27 120 0.225 1
Pkt 36 160 0.225 1
Rate:443.804
==========
==========20
7 0 2 24000
Node 52 35 15.1327
Pkt 28 125 0.224 1
Pkt 22 100 0.22 1
Node 30 34 25.6125
Pkt 83 375 0.221333 1
Pkt 66 300 0.22 1
Node 26 60 26
Pkt 176 800 0.22 1
Pkt 176 800 0.22 1
Node 34 66 22.6274
Pkt 43 192 0.223958 1
Pkt 28 125 0.224 1
Node 73 59 24.6982
Pkt 88 400 0.22 1
Pkt 71 320 0.221875 1
Node 57 45 8.60233
Pkt 176 800 0.22 1
Pkt 165 750 0.22 1
Node 63 74 27.2947
Pkt 53 240 0.220833 1
Pkt 55 250 0.22 1
Rate:442.286
==========
==========21
7 0 2 24000
Node 60 64 17.2047
Pkt 36 160 0.225 1
Pkt 27 120 0.225 1
Node 74 61 26.4008
Pkt 83 375 0.221333 1
Pkt 71 320 0.221875 1
Node 60 68 20.5913
Pkt 176 800 0.22 1
Pkt 176 800 0.22 1
Node 29 54 21.3776
Pkt 27 120 0.225 1
Pkt 36 160 0.225 1
Node 60 63 16.4012
Pkt 106 480 0.220833 1
Pkt 83 375 0.221333 1
Node 62 43 13.8924
Pkt 176 800 0.22 1
Pkt 165 750 0.22 1
Node 72 40 24.1661
Pkt 36 160 0.225 1
Pkt 33 150 0.22 1
Rate:444.339
==========
==========22
7 0 2 24000
Node 28 46 22.3607
Pkt 53 240 0.220833 1
Pkt 33 150 0.22 1
Node 50 29 21
Pkt 106 480 0.220833 1
Pkt 83 375 0.221333 1
Node 61 47 11.4018
Pkt 176 800 0.22 1
Pkt 176 800 0.22 1
Node 38 44 13.4164
Pkt 53 240 0.220833 1
Pkt 55 250 0.22 1
Node 70 59 21.9317
Pkt 88 400 0.22 1
Pkt 106 480 0.220833 1
Node 47 33 17.2627
Pkt 165 750 0.22 1
Pkt 165 750 0.22 1
Node 57 59 11.4018
Pkt 43 192 0.223958 1
Pkt 28 125 0.224 1
Rate:441.804
==========
==========23
7 0 2 24000
Node 56 29 21.8403
Pkt 27 120 0.225 1
Pkt 22 100 0.22 1
Node 27 58 24.3516
Pkt 71 320 0.221875 1
Pkt 71 320 0.221875 1
Node 41 65 17.4929
Pkt 165 750 0.22 1
Pkt 176 800 0.22 1
Node 61 60 14.8661
Pkt 33 150 0.22 1
Pkt 44 200 0.22 1
Node 37 61 17.0294
Pkt 88 400 0.22 1
Pkt 106 480 0.220833 1
Node 50 28 22
Pkt 176 800 0.22 1
Pkt 165 750 0.22 1
Node 25 25 35.3553
Pkt 44 200 0.22 1
Pkt 28 125 0.224 1
Rate:441.94
==========
==========24
7 0 2 24000
Node 63 27 26.4197
Pkt 27 120 0.225 1
Pkt 33 150 0.22 1
Node 40 40 14.1421
Pkt 88 400 0.22 1
Pkt 83 375 0.221333 1
Node 50 73 23
Pkt 176 800 0.22 1
Pkt 176 800 0.22 1
Node 47 31 19.2354
Pkt 53 240 0.220833 1
Pkt 43 192 0.223958 1
Node 67 69 25.4951
Pkt 66 300 0.22 1
Pkt 66 300 0.22 1
Node 41 56 10.8167
Pkt 176 800 0.22 1
Pkt 176 800 0.22 1
Node 63 49 13.0384
Pkt 36 160 0.225 1
Pkt 27 120 0.225 1
Rate:443.018
==========
==========25
7 0 2 24000
Node 38 28 25.0599
Pkt 22 100 0.22 1
Pkt 28 125 0.224 1
Node 54 71 21.3776
Pkt 66 300 0.22 1
Pkt 66 300 0.22 1
Node 48 68 18.1108
Pkt 165 750 0.22 1
Pkt 165 750 0.22 1
Node 25 36 28.6531
Pkt 44 200 0.22 1
Pkt 28 125 0.224 1
Node 54 47 5
Pkt 106 480 0.220833 1
Pkt 66 300 0.22 1
Node 65 40 18.0278
Pkt 176 800 0.22 1
Pkt 165 750 0.22 1
Node 37 41 15.8114
Pkt 36 160 0.225 1
Pkt 53 240 0.220833 1
Rate:442.095
==========
==========26
7 0 2 24000
Node 56 39 12.53
Pkt 28 125 0.224 1
Pkt 44 200 0.22 1
Node 55 62 13
Pkt 106 480 0.220833 1
Pkt 83 375 0.221333 1
Node 45 65 15.8114
Pkt 176 800 0.22 1
Pkt 176 800 0.22 1
Node 59 68 20.1246
Pkt 36 160 0.225 1
Pkt 22 100 0.22 1
Node 47 58 8.544
Pkt 66 300 0.22 1
Pkt 66 300 0.22 1
Node 37 37 18.3848
Pkt 176 800 0.22 1
Pkt 176 800 0.22 1
Node 71 62 24.1868
Pkt 28 125 0.224 1
Pkt 36 160 0.225 1
Rate:442.881
==========
==========27
7 0 2 24000
Node 36 34 21.2603
Pkt 27 120 0.225 1
Pkt 55 250 0.22 1
Node 71 53 21.2132
Pkt 66 300 0.22 1
Pkt 83 375 0.221333 1
Node 57 69 20.2485
Pkt 165 750 0.22 1
Pkt 176 800 0.22 1
Node 55 55 7.07107
Pkt 53 240 0.220833 1
Pkt 43 192 0.223958 1
Node 53 39 11.4018
Pkt 106 480 0.220833 1
Pkt 66 300 0.22 1
Node 73 50 23
Pkt 176 800 0.22 1
Pkt 165 750 0.22 1
Node 59 48 9.21954
Pkt 44 200 0.22 1
Pkt 22 100 0.22 1
Rate:441.708
==========
==========28
7 0 2 24000
Node 36 70 24.4131
Pkt 43 192 0.223958 1
Pkt 55 250 0.22 1
Node 33 73 28.6007
Pkt 71 320 0.221875 1
Pkt 106 480 0.220833 1
Node 65 74 28.3019
Pkt 165 750 0.22 1
Pkt 176 800 0.22 1
Node 40 44 11.6619
Pkt 55 250 0.22 1
Pkt 28 125 0.224 1
Node 55 71 21.587
Pkt 83 375 0.221333 1
Pkt 88 400 0.22 1
Node 72 28 31.1127
Pkt 176 800 0.22 1
Pkt 165 750 0.22 1
Node 25 51 25.02
Pkt 28 125 0.224 1
Pkt 36 160 0.225 1
Rate:443
==========
==========29
7 0 2 24000
Node 52 67 17.1172
Pkt 43 192 0.223958 1
Pkt 28 125 0.224 1
Node 52 71 21.095
Pkt 88 400 0.22 1
Pkt 106 480 0.220833 1
Node 35 41 17.4929
Pkt 176 800 0.22 1
Pkt 176 800 0.22 1
Node 34 27 28.0179
Pkt 44 200 0.22 1
Pkt 22 100 0.22 1
Node 25 71 32.6497
Pkt 106 480 0.220833 1
Pkt 83 375 0.221333 1
Node 26 49 24.0208
Pkt 165 750 0.22 1
Pkt 165 750 0.22 1
Node 38 54 12.6491
Pkt 22 100 0.22 1
Pkt 44 200 0.22 1
Rate:441.565
==========
==========30
7 0 2 24000
Node 25 27 33.9706
Pkt 33 150 0.22 1
Pkt 36 160 0.225 1
Node 45 52 5.38516
Pkt 88 400 0.22 1
Pkt 88 400 0.22 1
Node 74 53 24.1868
Pkt 165 750 0.22 1
Pkt 165 750 0.22 1
Node 27 42 24.3516
Pkt 44 200 0.22 1
Pkt 33 150 0.22 1
Node 37 55 13.9284
Pkt 66 300 0.22 1
Pkt 88 400 0.22 1
Node 62 73 25.9422
Pkt 176 800 0.22 1
Pkt 165 750 0.22 1
Node 37 32 22.2036
Pkt 43 192 0.223958 1
Pkt 22 100 0.22 1
Rate:441.28
==========
==========31
7 0 2 24000
Node 33 29 27.0185
Pkt 55 250 0.22 1
Pkt 28 125 0.224 1
Node 46 60 10.7703
Pkt 88 400 0.22 1
Pkt 66 300 0.22 1
Node 45 42 9.43398
Pkt 176 800 0.22 1
Pkt 165 750 0.22 1
Node 25 64 28.6531
Pkt 28 125 0.224 1
Pkt 28 125 0.224 1
Node 58 29 22.4722
Pkt 66 300 0.22 1
Pkt 106 480 0.220833 1
Node 30 67 26.2488
Pkt 165 750 0.22 1
Pkt 176 800 0.22 1
Node 60 33 19.7231
Pkt 27 120 0.225 1
Pkt 36 160 0.225 1
Rate:443.262
==========
==========32
7 0 2 24000
Node 45 56 7.81025
Pkt 55 250 0.22 1
Pkt 53 240 0.220833 1
Node 67 31 25.4951
Pkt 83 375 0.221333 1
Pkt 83 375 0.221333 1
Node 45 43 8.60233
Pkt 165 750 0.22 1
Pkt 176 800 0.22 1
Node 25 35 29.1548
Pkt 43 192 0.223958 1
Pkt 36 160 0.225 1
Node 73 26 33.2415
Pkt 106 480 0.220833 1
Pkt 106 480 0.220833 1
Node 60 54 10.7703
Pkt 165 750 0.22 1
Pkt 165 750 0.22 1
Node 49 39 11.0454
Pkt 28 125 0.224 1
Pkt 36 160 0.225 1
Rate:443.304
==========
==========33
7 0 2 24000
Node 36 28 26.0768
Pkt 33 150 0.22 1
Pkt 28 125 0.224 1
Node 40 44 11.6619
Pkt 66 300 0.22 1
Pkt 83 375 0.221333 1
Node 37 43 14.7648
Pkt 176 800 0.22 1
Pkt 176 800 0.22 1
Node 67 57 18.3848
Pkt 53 240 0.220833 1
Pkt 27 120 0.225 1
Node 59 69 21.0238
Pkt 106 480 0.220833 1
Pkt 83 375 0.221333 1
Node 42 38 14.4222
Pkt 165 750 0.22 1
Pkt 176 800 0.22 1
Node 59 26 25.632
Pkt 43 192 0.223958 1
Pkt 44 200 0.22 1
Rate:442.47
==========
==========34
7 0 2 24000
Node 32 65 23.4307
Pkt 44 200 0.22 1
Pkt 53 240 0.220833 1
Node 31 73 29.8329
Pkt 83 375 0.221333 1
Pkt 71 320 0.221875 1
Node 30 25 32.0156
Pkt 165 750 0.22 1
Pkt 176 800 0.22 1
Node 72 73 31.8277
Pkt 44 200 0.22 1
Pkt 55 250 0.22 1
Node 26 27 33.2415
Pkt 83 375 0.221333 1
Pkt 88 400 0.22 1
Node 28 59 23.7697
Pkt 176 800 0.22 1
Pkt 176 800 0.22 1
Node 34 64 21.2603
Pkt 28 125 0.224 1
Pkt 28 125 0.224 1
Rate:441.911
==========
==========35
7 0 2 24000
Node 31 71 28.3196
Pkt 27 120 0.225 1
Pkt 44 200 0.22 1
Node 67 61 20.2485
Pkt 71 320 0.221875 1
Pkt 83 375 0.221333 1
Node 25 35 29.1548
Pkt 176 800 0.22 1
Pkt 165 750 0.22 1
Node 64 70 24.4131
Pkt 55 250 0.22 1
Pkt 55 250 0.22 1
Node 72 36 26.0768
Pkt 106 480 0.220833 1
Pkt 71 320 0.221875 1
Node 60 49 10.0499
Pkt 165 750 0.22 1
Pkt 165 750 0.22 1
Node 58 25 26.2488
Pkt 36 160 0.225 1
Pkt 43 192 0.223958 1
Rate:442.839
==========
==========36
7 0 2 24000
Node 69 55 19.6469
Pkt 27 120 0.225 1
Pkt 22 100 0.22 1
Node 44 67 18.0278
Pkt 83 375 0.221333 1
Pkt 71 320 0.221875 1
Node 73 70 30.4795
Pkt 176 800 0.22 1
Pkt 176 800 0.22 1
Node 65 43 16.5529
Pkt 22 100 0.22 1
Pkt 43 192 0.223958 1
Node 67 31 25.4951
Pkt 71 320 0.221875 1
Pkt 106 480 0.220833 1
Node 60 49 10.0499
Pkt 165 750 0.22 1
Pkt 176 800 0.22 1
Node 50 27 23
Pkt 44 200 0.22 1
Pkt 43 192 0.223958 1
Rate:442.69
==========
==========37
7 0 2 24000
Node 41 61 14.2127
Pkt 43 192 0.223958 1
Pkt 43 192 0.223958 1
Node 60 57 12.2066
Pkt 71 320 0.221875 1
Pkt 66 300 0.22 1
Node 43 59 11.4018
Pkt 176 800 0.22 1
Pkt 165 750 0.22 1
Node 60 46 10.7703
Pkt 43 192 0.223958 1
Pkt 44 200 0.22 1
Node 65 73 27.4591
Pkt 88 400 0.22 1
Pkt 71 320 0.221875 1
Node 47 25 25.1794
Pkt 176 800 0.22 1
Pkt 176 800 0.22 1
Node 56 56 8.48528
Pkt 36 160 0.225 1
Pkt 55 250 0.22 1
Rate:442.946
==========
==========38
7 0 2 24000
Node 68 40 20.5913
Pkt 43 192 0.223958 1
Pkt 55 250 0.22 1
Node 50 43 7
Pkt 106 480 0.220833 1
Pkt 88 400 0.22 1
Node 51 48 2.23607
Pkt 165 750 0.22 1
Pkt 165 750 0.22 1
Node 36 68 22.8035
Pkt 28 125 0.224 1
Pkt 27 120 0.225 1
Node 25 41 26.5707
Pkt 88 400 0.22 1
Pkt 66 300 0.22 1
Node 25 61 27.313
Pkt 165 750 0.22 1
Pkt 176 800 0.22 1
Node 68 56 18.9737
Pkt 55 250 0.22 1
Pkt 53 240 0.220833 1
Rate:442.089
==========
==========39
7 0 2 24000
Node 66 27 28.0179
Pkt 55 250 0.22 1
Pkt 28 125 0.224 1
Node 47 26 24.1868
Pkt 66 300 0.22 1
Pkt 106 480 0.220833 1
Node 66 55 16.7631
Pkt 176 800 0.22 1
Pkt 165 750 0.22 1
Node 49 63 13.0384
Pkt 33 150 0.22 1
Pkt 22 100 0.22 1
Node 26 37 27.2947
Pkt 66 300 0.22 1
Pkt 106 480 0.220833 1
Node 47 45 5.83095
Pkt 165 750 0.22 1
Pkt 176 800 0.22 1
Node 65 45 15.8114
Pkt 36 160 0.225 1
Pkt 44 200 0.22 1
Rate:441.524
==========
==========40
7 0 2 24000
Node 68 60 20.5913
Pkt 27 120 0.225 1
Pkt 55 250 0.22 1
Node 49 43 7.07107
Pkt 106 480 0.220833 1
Pkt 83 375 0.221333 1
Node 39 48 11.1803
Pkt 176 800 0.22 1
Pkt 176 800 0.22 1
Node 43 47 7.61577
Pkt 22 100 0.22 1
Pkt 28 125 0.224 1
Node 60 69 21.4709
Pkt 88 400 0.22 1
Pkt 66 300 0.22 1
Node 34 70 25.6125
Pkt 165 750 0.22 1
Pkt 176 800 0.22 1
Node 63 37 18.3848
Pkt 36 160 0.225 1
Pkt 55 250 0.22 1
Rate:442.31
==========
==========41
7 0 2 24000
Node 33 50 17
Pkt 27 120 0.225 1
Pkt 36 160 0.225 1
Node 46 39 11.7047
Pkt 66 300 0.22 1
Pkt 66 300 0.22 1
Node 43 60 12.2066
Pkt 176 800 0.22 1
Pkt 176 800 0.22 1
Node 70 52 20.0998
Pkt 36 160 0.225 1
Pkt 28 125 0.224 1
Node 72 53 22.2036
Pkt 88 400 0.22 1
Pkt 71 320 0.221875 1
Node 34 41 18.3576
Pkt 165 750 0.22 1
Pkt 176 800 0.22 1
Node 64 70 24.4131
Pkt 44 200 0.22 1
Pkt 43 192 0.223958 1
Rate:443.548
==========
==========42
7 0 2 24000
Node 65 73 27.4591
Pkt 55 250 0.22 1
Pkt 36 160 0.225 1
Node 65 54 15.5242
Pkt 88 400 0.22 1
Pkt 88 400 0.22 1
Node 35 44 16.1555
Pkt 165 750 0.22 1
Pkt 165 750 0.22 1
Node 52 40 10.198
Pkt 43 192 0.223958 1
Pkt 28 125 0.224 1
Node 58 38 14.4222
Pkt 83 375 0.221333 1
Pkt 66 300 0.22 1
Node 63 37 18.3848
Pkt 176 800 0.22 1
Pkt 176 800 0.22 1
Node 41 69 21.0238
Pkt 36 160 0.225 1
Pkt 43 192 0.223958 1
Rate:443.321
==========
==========43
7 0 2 24000
Node 34 42 17.8885
Pkt 55 250 0.22 1
Pkt 43 192 0.223958 1
Node 51 38 12.0416
Pkt 71 320 0.221875 1
Pkt 88 400 0.22 1
Node 72 58 23.4094
Pkt 165 750 0.22 1
Pkt 165 750 0.22 1
Node 50 55 5
Pkt 53 240 0.220833 1
Pkt 22 100 0.22 1
Node 50 32 18
Pkt 106 480 0.220833 1
Pkt 88 400 0.22 1
Node 67 65 22.6716
Pkt 165 750 0.22 1
Pkt 165 750 0.22 1
Node 35 42 17
Pkt 22 100 0.22 1
Pkt 55 250 0.22 1
Rate:441.071
==========
==========44
7 0 2 24000
Node 29 58 22.4722
Pkt 33 150 0.22 1
Pkt 44 200 0.22 1
Node 39 39 15.5563
Pkt 66 300 0.22 1
Pkt 106 480 0.220833 1
Node 57 64 15.6525
Pkt 176 800 0.22 1
Pkt 176 800 0.22 1
Node 45 29 21.587
Pkt 28 125 0.224 1
Pkt 44 200 0.22 1
Node 63 27 26.4197
Pkt 66 300 0.22 1
Pkt 88 400 0.22 1
Node 34 35 21.9317
Pkt 165 750 0.22 1
Pkt 165 750 0.22 1
Node 49 61 11.0454
Pkt 36 160 0.225 1
Pkt 55 250 0.22 1
Rate:441.405
==========
==========45
7 0 2 24000
Node 27 64 26.9258
Pkt 33 150 0.22 1
Pkt 33 150 0.22 1
Node 35 45 15.8114
Pkt 88 400 0.22 1
Pkt 88 400 0.22 1
Node 63 67 21.4009
Pkt 176 800 0.22 1
Pkt 165 750 0.22 1
Node 47 69 19.2354
Pkt 43 192 0.223958 1
Pkt 55 250 0.22 1
Node 73 48 23.0868
Pkt 88 400 0.22 1
Pkt 83 375 0.221333 1
Node 69 51 19.0263
Pkt 176 800 0.22 1
Pkt 165 750 0.22 1
Node 50 42 8
Pkt 22 100 0.22 1
Pkt 55 250 0.22 1
Rate:440.756
==========
==========46
7 0 2 24000
Node 63 71 24.6982
Pkt 22 100 0.22 1
Pkt 53 240 0.220833 1
Node 38 69 22.4722
Pkt 66 300 0.22 1
Pkt 83 375 0.221333 1
Node 43 52 7.28011
Pkt 176 800 0.22 1
Pkt 176 800 0.22 1
Node 69 37 23.0217
Pkt 27 120 0.225 1
Pkt 43 192 0.223958 1
Node 34 30 25.6125
Pkt 88 400 0.22 1
Pkt 66 300 0.22 1
Node 48 55 5.38516
Pkt 165 750 0.22 1
Pkt 165 750 0.22 1
Node 35 72 26.6271
Pkt 28 125 0.224 1
Pkt 27 120 0.225 1
Rate:442.875
==========
==========47
7 0 2 24000
Node 52 41 9.21954
Pkt 22 100 0.22 1
Pkt 55 250 0.22 1
Node 58 35 17
Pkt 83 375 0.221333 1
Pkt 106 480 0.220833 1
Node 61 39 15.5563
Pkt 176 800 0.22 1
Pkt 176 800 0.22 1
Node 60 53 10.4403
Pkt 28 125 0.224 1
Pkt 36 160 0.225 1
Node 41 31 21.0238
Pkt 83 375 0.221333 1
Pkt 66 300 0.22 1
Node 59 42 12.0416
Pkt 165 750 0.22 1
Pkt 165 750 0.22 1
Node 69 28 29.0689
Pkt 28 125 0.224 1
Pkt 22 100 0.22 1
Rate:442.357
==========
==========48
7 0 2 24000
Node 26 30 31.241
Pkt 22 100 0.22 1
Pkt 33 150 0.22 1
Node 68 61 21.095
Pkt 66 300 0.22 1
Pkt 66 300 0.22 1
Node 48 54 4.47214
Pkt 176 800 0.22 1
Pkt 165 750 0.22 1
Node 26 37 27.2947
Pkt 44 200 0.22 1
Pkt 55 250 0.22 1
Node 46 31 19.4165
Pkt 71 320 0.221875 1
Pkt 71 320 0.221875 1
Node 67 62 20.8087
Pkt 176 800 0.22 1
Pkt 176 800 0.22 1
Node 26 34 28.8444
Pkt 22 100 0.22 1
Pkt 43 192 0.223958 1
Rate:441.101
==========
==========49
7 0 2 24000
Node 61 44 12.53
Pkt 44 200 0.22 1
Pkt 22 100 0.22 1
Node 74 69 30.6105
Pkt 71 320 0.221875 1
Pkt 106 480 0.220833 1
Node 70 44 20.8806
Pkt 176 800 0.22 1
Pkt 176 800 0.22 1
Node 43 56 9.21954
Pkt 28 125 0.224 1
Pkt 33 150 0.22 1
Node 69 36 23.6008
Pkt 83 375 0.221333 1
Pkt 106 480 0.220833 1
Node 52 50 2
Pkt 176 800 0.22 1
Pkt 165 750 0.22 1
Node 38 70 23.3238
Pkt 33 150 0.22 1
Pkt 53 240 0.220833 1
Rate:441.387
==========
==========50
7 0 2 24000
Node 69 38 22.4722
Pkt 27 120 0.225 1
Pkt 55 250 0.22 1
Node 73 25 33.9706
Pkt 71 320 0.221875 1
Pkt 88 400 0.22 1
Node 40 67 19.7231
Pkt 165 750 0.22 1
Pkt 165 750 0.22 1
Node 29 45 21.587
Pkt 28 125 0.224 1
Pkt 53 240 0.220833 1
Node 39 34 19.4165
Pkt 88 400 0.22 1
Pkt 66 300 0.22 1
Node 31 74 30.6105
Pkt 176 800 0.22 1
Pkt 176 800 0.22 1
Node 67 56 18.0278
Pkt 22 100 0.22 1
Pkt 28 125 0.224 1
Rate:442.244
==========
==========51
7 0 2 24000
Node 52 48 2.82843
Pkt 43 192 0.223958 1
Pkt 44 200 0.22 1
Node 69 26 30.6105
Pkt 106 480 0.220833 1
Pkt 71 320 0.221875 1
Node 30 38 23.3238
Pkt 165 750 0.22 1
Pkt 176 800 0.22 1
Node 70 50 20
Pkt 33 150 0.22 1
Pkt 33 150 0.22 1
Node 66 60 18.868
Pkt 66 300 0.22 1
Pkt 71 320 0.221875 1
Node 67 55 17.72
Pkt 165 750 0.22 1
Pkt 165 750 0.22 1
Node 67 47 17.2627
Pkt 33 150 0.22 1
Pkt 36 160 0.225 1
Rate:441.935
==========
==========52
7 0 2 24000
Node 56 64 15.2315
Pkt 22 100 0.22 1
Pkt 53 240 0.220833 1
Node 46 64 14.5602
Pkt 106 480 0.220833 1
Pkt 106 480 0.220833 1
Node 32 35 23.4307
Pkt 176 800 0.22 1
Pkt 176 800 0.22 1
Node 36 35 20.5183
Pkt 28 125 0.224 1
Pkt 22 100 0.22 1
Node 51 34 16.0312
Pkt 83 375 0.221333 1
Pkt 66 300 0.22 1
Node 63 72 25.5539
Pkt 176 800 0.22 1
Pkt 165 750 0.22 1
Node 44 62 13.4164
Pkt 43 192 0.223958 1
Pkt 28 125 0.224 1
Rate:442.256
==========
==========53
7 0 2 24000
Node 47 28 22.2036
Pkt 43 192 0.223958 1
Pkt 53 240 0.220833 1
Node 34 72 27.2029
Pkt 66 300 0.22 1
Pkt 88 400 0.22 1
Node 30 45 20.6155
Pkt 165 750 0.22 1
Pkt 176 800 0.22 1
Node 49 47 3.16228
Pkt 27 120 0.225 1
Pkt 53 240 0.220833 1
Node 51 25 25.02
Pkt 71 320 0.221875 1
Pkt 83 375 0.221333 1
Node 52 74 24.0832
Pkt 165 750 0.22 1
Pkt 165 750 0.22 1
Node 42 63 15.2643
Pkt 53 240 0.220833 1
Pkt 53 240 0.220833 1
Rate:442.214
==========
==========54
7 0 2 24000
Node 26 34 28.8444
Pkt 33 150 0.22 1
Pkt 36 160 0.225 1
Node 35 27 27.4591
Pkt 83 375 0.221333 1
Pkt 88 400 0.22 1
Node 55 42 9.43398
Pkt 165 750 0.22 1
Pkt 176 800 0.22 1
Node 64 26 27.7849
Pkt 27 120 0.225 1
Pkt 53 240 0.220833 1
Node 59 42 12.0416
Pkt 71 320 0.221875 1
Pkt 106 480 0.220833 1
Node 35 49 15.0333
Pkt 165 750 0.22 1
Pkt 176 800 0.22 1
Node 27 30 30.4795
Pkt 43 192 0.223958 1
Pkt 22 100 0.22 1
Rate:442.69
==========
==========55
7 0 2 24000
Node 68 50 18
Pkt 27 120 0.225 1
Pkt 43 192 0.223958 1
Node 49 68 18.0278
Pkt 83 375 0.221333 1
Pkt 88 400 0.22 1
Node 71 64 25.2389
Pkt 176 800 0.22 1
Pkt 176 800 0.22 1
Node 42 63 15.2643
Pkt 33 150 0.22 1
Pkt 33 150 0.22 1
Node 46 63 13.6015
Pkt 106 480 0.220833 1
Pkt 66 300 0.22 1
Node 35 36 20.5183
Pkt 165 750 0.22 1
Pkt 165 750 0.22 1
Node 31 32 26.1725
Pkt 55 250 0.22 1
Pkt 27 120 0.225 1
Rate:442.304
==========
==========56
7 0 2 24000
Node 55 48 5.38516
Pkt 28 125 0.224 1
Pkt 33 150 0.22 1
Node 57 64 15.6525
Pkt 106 480 0.220833 1
Pkt 66 300 0.22 1
Node 53 51 3.16228
Pkt 165 750 0.22 1
Pkt 176 800 0.22 1
Node 41 39 14.2127
Pkt 33 150 0.22 1
Pkt 28 125 0.224 1
Node 34 54 16.4924
Pkt 106 480 0.220833 1
Pkt 106 480 0.220833 1
Node 29 49 21.0238
Pkt 176 800 0.22 1
Pkt 176 800 0.22 1
Node 39 41 14.2127
Pkt 33 150 0.22 1
Pkt 53 240 0.220833 1
Rate:441.619
==========
==========57
7 0 2 24000
Node 40 73 25.0799
Pkt 27 120 0.225 1
Pkt 27 120 0.225 1
Node 40 30 22.3607
Pkt 83 375 0.221333 1
Pkt 71 320 0.221875 1
Node 56 57 9.21954
Pkt 165 750 0.22 1
Pkt 165 750 0.22 1
Node 42 44 10
Pkt 33 150 0.22 1
Pkt 27 120 0.225 1
Node 58 60 12.8062
Pkt 71 320 0.221875 1
Pkt 106 480 0.220833 1
Node 36 43 15.6525
Pkt 176 800 0.22 1
Pkt 165 750 0.22 1
Node 51 43 7.07107
Pkt 27 120 0.225 1
Pkt 55 250 0.22 1
Rate:443.702
==========
==========58
7 0 2 24000
Node 51 52 2.23607
Pkt 55 250 0.22 1
Pkt 27 120 0.225 1
Node 61 74 26.4008
Pkt 66 300 0.22 1
Pkt 66 300 0.22 1
Node 36 43 15.6525
Pkt 165 750 0.22 1
Pkt 165 750 0.22 1
Node 39 69 21.9545
Pkt 43 192 0.223958 1
Pkt 28 125 0.224 1
Node 58 32 19.6977
Pkt 106 480 0.220833 1
Pkt 71 320 0.221875 1
Node 49 33 17.0294
Pkt 176 800 0.22 1
Pkt 176 800 0.22 1
Node 49 52 2.23607
Pkt 36 160 0.225 1
Pkt 55 250 0.22 1
Rate:442.952
==========
==========59
7 0 2 24000
Node 63 49 13.0384
Pkt 33 150 0.22 1
Pkt 22 100 0.22 1
Node 61 56 12.53
Pkt 71 320 0.221875 1
Pkt 88 400 0.22 1
Node 68 74 30
Pkt 176 800 0.22 1
Pkt 165 750 0.22 1
Node 43 72 23.0868
Pkt 44 200 0.22 1
Pkt 27 120 0.225 1
Node 58 36 16.1245
Pkt 106 480 0.220833 1
Pkt 66 300 0.22 1
Node 59 69 21.0238
Pkt 176 800 0.22 1
Pkt 165 750 0.22 1
Node 42 68 19.6977
Pkt 43 192 0.223958 1
Pkt 28 125 0.224 1
Rate:442.238
==========
==========60
7 0 2 24000
Node 48 53 3.60555
Pkt 44 200 0.22 1
Pkt 44 200 0.22 1
Node 26 63 27.2947
Pkt 71 320 0.221875 1
Pkt 83 375 0.221333 1
Node 74 51 24.0208
Pkt 165 750 0.22 1
Pkt 176 800 0.22 1
Node 25 34 29.6816
Pkt 44 200 0.22 1
Pkt 33 150 0.22 1
Node 57 54 8.06226
Pkt 71 320 0.221875 1
Pkt 66 300 0.22 1
Node 37 30 23.8537
Pkt 176 800 0.22 1
Pkt 165 750 0.22 1
Node 66 44 17.088
Pkt 36 160 0.225 1
Pkt 44 200 0.22 1
Rate:441.44
==========
==========61
7 0 2 24000
Node 50 31 19
Pkt 44 200 0.22 1
Pkt 53 240 0.220833 1
Node 29 53 21.2132
Pkt 106 480 0.220833 1
Pkt 66 300 0.22 1
Node 42 71 22.4722
Pkt 176 800 0.22 1
Pkt 176 800 0.22 1
Node 27 47 23.1948
Pkt 33 150 0.22 1
Pkt 55 250 0.22 1
Node 40 53 10.4403
Pkt 71 320 0.221875 1
Pkt 83 375 0.221333 1
Node 65 69 24.2074
Pkt 165 750 0.22 1
Pkt 176 800 0.22 1
Node 34 69 24.8395
Pkt 44 200 0.22 1
Pkt 28 125 0.224 1
Rate:441.268
==========
==========62
7 0 2 24000
Node 61 25 27.313
Pkt 22 100 0.22 1
Pkt 27 120 0.225 1
Node 49 47 3.16228
Pkt 66 300 0.22 1
Pkt 71 320 0.221875 1
Node 26 55 24.5153
Pkt 165 750 0.22 1
Pkt 165 750 0.22 1
Node 33 37 21.4009
Pkt 44 200 0.22 1
Pkt 33 150 0.22 1
Node 50 61 11
Pkt 88 400 0.22 1
Pkt 106 480 0.220833 1
Node 37 41 15.8114
Pkt 165 750 0.22 1
Pkt 165 750 0.22 1
Node 27 33 28.6007
Pkt 44 200 0.22 1
Pkt 53 240 0.220833 1
Rate:441.22
==========
==========63
7 0 2 24000
Node 46 54 5.65685
Pkt 22 100 0.22 1
Pkt 33 150 0.22 1
Node 49 61 11.0454
Pkt 83 375 0.221333 1
Pkt 66 300 0.22 1
Node 32 56 18.9737
Pkt 165 750 0.22 1
Pkt 176 800 0.22 1
Node 28 48 22.0907
Pkt 55 250 0.22 1
Pkt 28 125 0.224 1
Node 25 27 33.9706
Pkt 66 300 0.22 1
Pkt 71 320 0.221875 1
Node 55 30 20.6155
Pkt 176 800 0.22 1
Pkt 176 800 0.22 1
Node 41 45 10.2956
Pkt 27 120 0.225 1
Pkt 33 150 0.22 1
Rate:441.744
==========
==========64
7 0 2 24000
Node 65 45 15.8114
Pkt 22 100 0.22 1
Pkt 44 200 0.22 1
Node 68 36 22.8035
Pkt 88 400 0.22 1
Pkt 66 300 0.22 1
Node 41 45 10.2956
Pkt 176 800 0.22 1
Pkt 176 800 0.22 1
Node 72 29 30.4138
Pkt 27 120 0.225 1
Pkt 33 150 0.22 1
Node 40 65 18.0278
Pkt 88 400 0.22 1
Pkt 83 375 0.221333 1
Node 42 27 24.3516
Pkt 165 750 0.22 1
Pkt 165 750 0.22 1
Node 57 42 10.6301
Pkt 44 200 0.22 1
Pkt 22 100 0.22 1
Rate:440.905
==========
==========65
7 0 2 24000
Node 39 27 25.4951
Pkt 28 125 0.224 1
Pkt 53 240 0.220833 1
Node 70 60 22.3607
Pkt 66 300 0.22 1
Pkt 83 375 0.221333 1
Node 47 48 3.60555
Pkt 176 800 0.22 1
Pkt 165 750 0.22 1
Node 66 42 17.8885
Pkt 22 100 0.22 1
Pkt 36 160 0.225 1
Node 41 44 10.8167
Pkt 106 480 0.220833 1
Pkt 106 480 0.220833 1
Node 68 65 23.4307
Pkt 165 750 0.22 1
Pkt 165 750 0.22 1
Node 72 57 23.0868
Pkt 44 200 0.22 1
Pkt 44 200 0.22 1
Rate:441.833
==========
==========66
7 0 2 24000
Node 32 42 19.6977
Pkt 27 120 0.225 1
Pkt 33 150 0.22 1
Node 31 49 19.0263
Pkt 106 480 0.220833 1
Pkt 106 480 0.220833 1
Node 33 41 19.2354
Pkt 165 750 0.22 1
Pkt 165 750 0.22 1
Node 28 26 32.5576
Pkt 28 125 0.224 1
Pkt 22 100 0.22 1
Node 60 42 12.8062
Pkt 66 300 0.22 1
Pkt 83 375 0.221333 1
Node 41 62 15
Pkt 165 750 0.22 1
Pkt 176 800 0.22 1
Node 29 61 23.7065
Pkt 36 160 0.225 1
Pkt 27 120 0.225 1
Rate:443.143
==========
==========67
7 0 2 24000
Node 37 25 28.178
Pkt 33 150 0.22 1
Pkt 27 120 0.225 1
Node 26 41 25.632
Pkt 106 480 0.220833 1
Pkt 106 480 0.220833 1
Node 28 37 25.5539
Pkt 165 750 0.22 1
Pkt 176 800 0.22 1
Node 29 27 31.1448
Pkt 28 125 0.224 1
Pkt 33 150 0.22 1
Node 35 61 18.6011
Pkt 88 400 0.22 1
Pkt 66 300 0.22 1
Node 46 42 8.94427
Pkt 165 750 0.22 1
Pkt 165 750 0.22 1
Node 61 29 23.7065
Pkt 28 125 0.224 1
Pkt 53 240 0.220833 1
Rate:442.214
==========
==========68
7 0 2 24000
Node 54 25 25.318
Pkt 43 192 0.223958 1
Pkt 53 240 0.220833 1
Node 44 47 6.7082
Pkt 106 480 0.220833 1
Pkt 71 320 0.221875 1
Node 33 62 20.8087
Pkt 176 800 0.22 1
Pkt 176 800 0.22 1
Node 58 66 17.8885
Pkt 44 200 0.22 1
Pkt 53 240 0.220833 1
Node 68 37 22.2036
Pkt 88 400 0.22 1
Pkt 83 375 0.221333 1
Node 67 33 24.0416
Pkt 176 800 0.22 1
Pkt 165 750 0.22 1
Node 25 61 27.313
Pkt 44 200 0.22 1
Pkt 27 120 0.225 1
Rate:442.095
==========
==========69
7 0 2 24000
Node 43 35 16.5529
Pkt 28 125 0.224 1
Pkt 28 125 0.224 1
Node 46 54 5.65685
Pkt 71 320 0.221875 1
Pkt 71 320 0.221875 1
Node 47 64 14.3178
Pkt 165 750 0.22 1
Pkt 165 750 0.22 1
Node 70 51 20.025
Pkt 44 200 0.22 1
Pkt 22 100 0.22 1
Node 33 57 18.3848
Pkt 83 375 0.221333 1
Pkt 88 400 0.22 1
Node 66 29 26.4008
Pkt 176 800 0.22 1
Pkt 165 750 0.22 1
Node 38 59 15
Pkt 44 200 0.22 1
Pkt 22 100 0.22 1
Rate:441.869
==========
==========70
7 0 2 24000
Node 54 51 4.12311
Pkt 44 200 0.22 1
Pkt 22 100 0.22 1
Node 56 48 6.32456
Pkt 71 320 0.221875 1
Pkt 83 375 0.221333 1
Node 70 44 20.8806
Pkt 165 750 0.22 1
Pkt 176 800 0.22 1
Node 25 26 34.6554
Pkt 27 120 0.225 1
Pkt 53 240 0.220833 1
Node 41 44 10.8167
Pkt 71 320 0.221875 1
Pkt 83 375 0.221333 1
Node 70 56 20.8806
Pkt 165 750 0.22 1
Pkt 165 750 0.22 1
Node 39 51 11.0454
Pkt 44 200 0.22 1
Pkt 55 250 0.22 1
Rate:441.75
==========
==========71
7 0 2 24000
Node 31 49 19.0263
Pkt 28 125 0.224 1
Pkt 28 125 0.224 1
Node 70 54 20.3961
Pkt 88 400 0.22 1
Pkt 66 300 0.22 1
Node 34 64 21.2603
Pkt 176 800 0.22 1
Pkt 176 800 0.22 1
Node 49 45 5.09902
Pkt 36 160 0.225 1
Pkt 28 125 0.224 1
Node 53 61 11.4018
Pkt 106 480 0.220833 1
Pkt 106 480 0.220833 1
Node 25 63 28.178
Pkt 165 750 0.22 1
Pkt 176 800 0.22 1
Node 49 37 13.0384
Pkt 43 192 0.223958 1
Pkt 33 150 0.22 1
Rate:443.232
==========
==========72
7 0 2 24000
Node 37 68 22.2036
Pkt 55 250 0.22 1
Pkt 33 150 0.22 1
Node 63 67 21.4009
Pkt 66 300 0.22 1
Pkt 71 320 0.221875 1
Node 37 52 13.1529
Pkt 176 800 0.22 1
Pkt 176 800 0.22 1
Node 50 63 13
Pkt 44 200 0.22 1
Pkt 28 125 0.224 1
Node 65 58 17
Pkt 66 300 0.22 1
Pkt 88 400 0.22 1
Node 61 59 14.2127
Pkt 165 750 0.22 1
Pkt 176 800 0.22 1
Node 36 40 17.2047
Pkt 53 240 0.220833 1
Pkt 53 240 0.220833 1
Rate:441.077
==========
==========73
7 0 2 24000
Node 55 64 14.8661
Pkt 43 192 0.223958 1
Pkt 27 120 0.225 1
Node 31 33 25.4951
Pkt 106 480 0.220833 1
Pkt 71 320 0.221875 1
Node 33 72 27.8029
Pkt 176 800 0.22 1
Pkt 165 750 0.22 1
Node 52 64 14.1421
Pkt 36 160 0.225 1
Pkt 44 200 0.22 1
Node 44 33 18.0278
Pkt 66 300 0.22 1
Pkt 71 320 0.221875 1
Node 70 73 30.4795
Pkt 165 750 0.22 1
Pkt 165 750 0.22 1
Node 68 37 22.2036
Pkt 53 240 0.220833 1
Pkt 43 192 0.223958 1
Rate:443.333
==========
==========74
7 0 2 24000
Node 58 68 19.6977
Pkt 27 120 0.225 1
Pkt 44 200 0.22 1
Node 63 46 13.6015
Pkt 66 300 0.22 1
Pkt 83 375 0.221333 1
Node 71 27 31.1448
Pkt 165 750 0.22 1
Pkt 176 800 0.22 1
Node 47 65 15.2971
Pkt 55 250 0.22 1
Pkt 36 160 0.225 1
Node 64 64 19.799
Pkt 66 300 0.22 1
Pkt 66 300 0.22 1
Node 61 37 17.0294
Pkt 176 800 0.22 1
Pkt 176 800 0.22 1
Node 55 54 6.40312
Pkt 28 125 0.224 1
Pkt 22 100 0.22 1
Rate:442.19
==========
==========75
7 0 2 24000
Node 25 36 28.6531
Pkt 55 250 0.22 1
Pkt 43 192 0.223958 1
Node 67 40 19.7231
Pkt 83 375 0.221333 1
Pkt 88 400 0.22 1
Node 61 62 16.2788
Pkt 165 750 0.22 1
Pkt 165 750 0.22 1
Node 50 61 11
Pkt 22 100 0.22 1
Pkt 43 192 0.223958 1
Node 74 45 24.5153
Pkt 66 300 0.22 1
Pkt 106 480 0.220833 1
Node 38 64 18.4391
Pkt 165 750 0.22 1
Pkt 176 800 0.22 1
Node 67 58 18.7883
Pkt 33 150 0.22 1
Pkt 33 150 0.22 1
Rate:441.44
==========
==========76
7 0 2 24000
Node 44 57 9.21954
Pkt 44 200 0.22 1
Pkt 55 250 0.22 1
Node 71 33 27.0185
Pkt 66 300 0.22 1
Pkt 71 320 0.221875 1
Node 71 34 26.4008
Pkt 165 750 0.22 1
Pkt 176 800 0.22 1
Node 47 72 22.2036
Pkt 53 240 0.220833 1
Pkt 55 250 0.22 1
Node 58 36 16.1245
Pkt 66 300 0.22 1
Pkt 106 480 0.220833 1
Node 31 65 24.2074
Pkt 176 800 0.22 1
Pkt 176 800 0.22 1
Node 38 55 13
Pkt 28 125 0.224 1
Pkt 44 200 0.22 1
Rate:441.077
==========
==========77
7 0 2 24000
Node 71 62 24.1868
Pkt 55 250 0.22 1
Pkt 22 100 0.22 1
Node 67 36 22.0227
Pkt 88 400 0.22 1
Pkt 71 320 0.221875 1
Node 65 45 15.8114
Pkt 176 800 0.22 1
Pkt 165 750 0.22 1
Node 46 38 12.6491
Pkt 43 192 0.223958 1
Pkt 53 240 0.220833 1
Node 71 71 29.6985
Pkt 71 320 0.221875 1
Pkt 83 375 0.221333 1
Node 37 56 14.3178
Pkt 176 800 0.22 1
Pkt 176 800 0.22 1
Node 40 62 15.6205
Pkt 36 160 0.225 1
Pkt 27 120 0.225 1
Rate:442.839
==========
==========78
7 0 2 24000
Node 25 44 25.7099
Pkt 43 192 0.223958 1
Pkt 43 192 0.223958 1
Node 73 49 23.0217
Pkt 66 300 0.22 1
Pkt 83 375 0.221333 1
Node 52 27 23.0868
Pkt 176 800 0.22 1
Pkt 165 750 0.22 1
Node 25 37 28.178
Pkt 44 200 0.22 1
Pkt 55 250 0.22 1
Node 27 46 23.3452
Pkt 66 300 0.22 1
Pkt 88 400 0.22 1
Node 31 63 23.0217
Pkt 176 800 0.22 1
Pkt 165 750 0.22 1
Node 70 58 21.5407
Pkt 33 150 0.22 1
Pkt 27 120 0.225 1
Rate:442.036
==========
==========79
7 0 2 24000
Node 29 55 21.587
Pkt 44 200 0.22 1
Pkt 44 200 0.22 1
Node 57 56 9.21954
Pkt 71 320 0.221875 1
Pkt 88 400 0.22 1
Node 64 26 27.7849
Pkt 165 750 0.22 1
Pkt 165 750 0.22 1
Node 60 53 10.4403
Pkt 53 240 0.220833 1
Pkt 36 160 0.225 1
Node 44 32 18.9737
Pkt 88 400 0.22 1
Pkt 66 300 0.22 1
Node 43 35 16.5529
Pkt 176 800 0.22 1
Pkt 165 750 0.22 1
Node 55 55 7.07107
Pkt 36 160 0.225 1
Pkt 55 250 0.22 1
Rate:441.815
==========
==========80
7 0 2 24000
Node 74 60 26
Pkt 33 150 0.22 1
Pkt 43 192 0.223958 1
Node 58 37 15.2643
Pkt 106 480 0.220833 1
Pkt 106 480 0.220833 1
Node 46 41 9.84886
Pkt 176 800 0.22 1
Pkt 165 750 0.22 1
Node 33 43 18.3848
Pkt 53 240 0.220833 1
Pkt 27 120 0.225 1
Node 64 40 17.2047
Pkt 88 400 0.22 1
Pkt 106 480 0.220833 1
Node 25 39 27.313
Pkt 165 750 0.22 1
Pkt 165 750 0.22 1
Node 31 48 19.105
Pkt 22 100 0.22 1
Pkt 33 150 0.22 1
Rate:441.756
==========
==========81
7 0 2 24000
Node 48 60 10.198
Pkt 27 120 0.225 1
Pkt 44 200 0.22 1
Node 26 35 28.3019
Pkt 106 480 0.220833 1
Pkt 83 375 0.221333 1
Node 42 29 22.4722
Pkt 165 750 0.22 1
Pkt 176 800 0.22 1
Node 26 54 24.3311
Pkt 33 150 0.22 1
Pkt 22 100 0.22 1
Node 29 31 28.3196
Pkt 106 480 0.220833 1
Pkt 106 480 0.220833 1
Node 63 65 19.8494
Pkt 165 750 0.22 1
Pkt 165 750 0.22 1
Node 41 58 12.0416
Pkt 28 125 0.224 1
Pkt 33 150 0.22 1
Rate:441.833
==========
==========82
7 0 2 24000
Node 37 55 13.9284
Pkt 33 150 0.22 1
Pkt 33 150 0.22 1
Node 62 49 12.0416
Pkt 88 400 0.22 1
Pkt 83 375 0.221333 1
Node 73 50 23
Pkt 176 800 0.22 1
Pkt 176 800 0.22 1
Node 49 50 1
Pkt 28 125 0.224 1
Pkt 44 200 0.22 1
Node 28 70 29.7321
Pkt 83 375 0.221333 1
Pkt 83 375 0.221333 1
Node 44 50 6
Pkt 176 800 0.22 1
Pkt 165 750 0.22 1
Node 46 37 13.6015
Pkt 28 125 0.224 1
Pkt 33 150 0.22 1
Rate:441.714
==========
==========83
7 0 2 24000
Node 54 47 5
Pkt 22 100 0.22 1
Pkt 27 120 0.225 1
Node 65 49 15.0333
Pkt 83 375 0.221333 1
Pkt 88 400 0.22 1
Node 62 26 26.8328
Pkt 165 750 0.22 1
Pkt 176 800 0.22 1
Node 25 64 28.6531
Pkt 33 150 0.22 1
Pkt 22 100 0.22 1
Node 44 47 6.7082
Pkt 106 480 0.220833 1
Pkt 83 375 0.221333 1
Node 69 53 19.2354
Pkt 176 800 0.22 1
Pkt 176 800 0.22 1
Node 74 46 24.3311
Pkt 33 150 0.22 1
Pkt 43 192 0.223958 1
Rate:441.78
==========
==========84
7 0 2 24000
Node 65 48 15.1327
Pkt 43 192 0.223958 1
Pkt 43 192 0.223958 1
Node 64 70 24.4131
Pkt 83 375 0.221333 1
Pkt 106 480 0.220833 1
Node 59 29 22.8473
Pkt 165 750 0.22 1
Pkt 176 800 0.22 1
Node 55 54 6.40312
Pkt 33 150 0.22 1
Pkt 36 160 0.225 1
Node 57 68 19.3132
Pkt 71 320 0.221875 1
Pkt 88 400 0.22 1
Node 38 65 19.2094
Pkt 165 750 0.22 1
Pkt 165 750 0.22 1
Node 36 34 21.2603
Pkt 53 240 0.220833 1
Pkt 28 125 0.224 1
Rate:443.113
==========
==========85
7 0 2 24000
Node 35 37 19.8494
Pkt 33 150 0.22 1
Pkt 28 125 0.224 1
Node 44 43 9.21954
Pkt 88 400 0.22 1
Pkt 83 375 0.221333 1
Node 64 41 16.6433
Pkt 165 750 0.22 1
Pkt 176 800 0.22 1
Node 63 29 24.6982
Pkt 33 150 0.22 1
Pkt 55 250 0.22 1
Node 41 30 21.9317
Pkt 66 300 0.22 1
Pkt 106 480 0.220833 1
Node 46 59 9.84886
Pkt 165 750 0.22 1
Pkt 176 800 0.22 1
Node 37 72 25.5539
Pkt 55 250 0.22 1
Pkt 36 160 0.225 1
Rate:441.595
==========
==========86
7 0 2 24000
Node 32 53 18.2483
Pkt 43 192 0.223958 1
Pkt 28 125 0.224 1
Node 64 57 15.6525
Pkt 83 375 0.221333 1
Pkt 83 375 0.221333 1
Node 48 49 2.23607
Pkt 176 800 0.22 1
Pkt 176 800 0.22 1
Node 44 49 6.08276
Pkt 22 100 0.22 1
Pkt 27 120 0.225 1
Node 40 41 13.4536
Pkt 66 300 0.22 1
Pkt 71 320 0.221875 1
Node 47 65 15.2971
Pkt 165 750 0.22 1
Pkt 165 750 0.22 1
Node 57 49 7.07107
Pkt 44 200 0.22 1
Pkt 44 200 0.22 1
Rate:442.5
==========
==========87
7 0 2 24000
Node 56 62 13.4164
Pkt 22 100 0.22 1
Pkt 27 120 0.225 1
Node 49 46 4.12311
Pkt 106 480 0.220833 1
Pkt 66 300 0.22 1
Node 47 60 10.4403
Pkt 176 800 0.22 1
Pkt 165 750 0.22 1
Node 33 56 18.0278
Pkt 44 200 0.22 1
Pkt 53 240 0.220833 1
Node 45 62 13
Pkt 88 400 0.22 1
Pkt 88 400 0.22 1
Node 62 33 20.8087
Pkt 165 750 0.22 1
Pkt 176 800 0.22 1
Node 41 46 9.84886
Pkt 44 200 0.22 1
Pkt 36 160 0.225 1
Rate:441.667
==========
==========88
7 0 2 24000
Node 56 41 10.8167
Pkt 33 150 0.22 1
Pkt 28 125 0.224 1
Node 30 39 22.8254
Pkt 83 375 0.221333 1
Pkt 71 320 0.221875 1
Node 34 49 16.0312
Pkt 176 800 0.22 1
Pkt 176 800 0.22 1
Node 35 61 18.6011
Pkt 27 120 0.225 1
Pkt 55 250 0.22 1
Node 47 57 7.61577
Pkt 106 480 0.220833 1
Pkt 106 480 0.220833 1
Node 67 47 17.2627
Pkt 165 750 0.22 1
Pkt 165 750 0.22 1
Node 67 56 18.0278
Pkt 55 250 0.22 1
Pkt 43 192 0.223958 1
Rate:442.548
==========
==========89
7 0 2 24000
Node 55 43 8.60233
Pkt 22 100 0.22 1
Pkt 33 150 0.22 1
Node 42 57 10.6301
Pkt 88 400 0.22 1
Pkt 106 480 0.220833 1
Node 72 31 29.0689
Pkt 165 750 0.22 1
Pkt 165 750 0.22 1
Node 42 38 14.4222
Pkt 22 100 0.22 1
Pkt 28 125 0.224 1
Node 46 68 18.4391
Pkt 83 375 0.221333 1
Pkt 106 480 0.220833 1
Node 29 42 22.4722
Pkt 165 750 0.22 1
Pkt 176 800 0.22 1
Node 40 46 10.7703
Pkt 22 100 0.22 1
Pkt 28 125 0.224 1
Rate:441.571
==========
==========90
7 0 2 24000
Node 27 27 32.5269
Pkt 28 125 0.224 1
Pkt 27 120 0.225 1
Node 31 42 20.6155
Pkt 88 400 0.22 1
Pkt 71 320 0.221875 1
Node 58 66 17.8885
Pkt 176 800 0.22 1
Pkt 165 750 0.22 1
Node 56 73 23.7697
Pkt 55 250 0.22 1
Pkt 36 160 0.225 1
Node 66 44 17.088
Pkt 66 300 0.22 1
Pkt 106 480 0.220833 1
Node 64 49 14.0357
Pkt 176 800 0.22 1
Pkt 176 800 0.22 1
Node 65 62 19.2094
Pkt 36 160 0.225 1
Pkt 22 100 0.22 1
Rate:443.101
==========
==========91
7 0 2 24000
Node 64 43 15.6525
Pkt 55 250 0.22 1
Pkt 36 160 0.225 1
Node 52 25 25.0799
Pkt 83 375 0.221333 1
Pkt 66 300 0.22 1
Node 61 54 11.7047
Pkt 176 800 0.22 1
Pkt 176 800 0.22 1
Node 72 45 22.561
Pkt 28 125 0.224 1
Pkt 43 192 0.223958 1
Node 66 44 17.088
Pkt 83 375 0.221333 1
Pkt 66 300 0.22 1
Node 38 39 16.2788
Pkt 165 750 0.22 1
Pkt 165 750 0.22 1
Node 54 52 4.47214
Pkt 22 100 0.22 1
Pkt 28 125 0.224 1
Rate:442.804
==========
==========92
7 0 2 24000
Node 41 26 25.632
Pkt 43 192 0.223958 1
Pkt 44 200 0.22 1
Node 57 68 19.3132
Pkt 88 400 0.22 1
Pkt 88 400 0.22 1
Node 63 43 14.7648
Pkt 165 750 0.22 1
Pkt 176 800 0.22 1
Node 38 57 13.8924
Pkt 36 160 0.225 1
Pkt 28 125 0.224 1
Node 28 64 26.0768
Pkt 71 320 0.221875 1
Pkt 88 400 0.22 1
Node 34 45 16.7631
Pkt 176 800 0.22 1
Pkt 165 750 0.22 1
Node 27 44 23.7697
Pkt 53 240 0.220833 1
Pkt 28 125 0.224 1
Rate:442.81
==========
==========93
7 0 2 24000
Node 48 59 9.21954
Pkt 22 100 0.22 1
Pkt 28 125 0.224 1
Node 27 29 31.1448
Pkt 88 400 0.22 1
Pkt 83 375 0.221333 1
Node 34 49 16.0312
Pkt 176 800 0.22 1
Pkt 165 750 0.22 1
Node 46 31 19.4165
Pkt 43 192 0.223958 1
Pkt 36 160 0.225 1
Node 45 25 25.4951
Pkt 88 400 0.22 1
Pkt 106 480 0.220833 1
Node 62 34 20
Pkt 176 800 0.22 1
Pkt 176 800 0.22 1
Node 33 52 17.1172
Pkt 33 150 0.22 1
Pkt 55 250 0.22 1
Rate:442.161
==========
==========94
7 0 2 24000
Node 43 33 18.3848
Pkt 22 100 0.22 1
Pkt 53 240 0.220833 1
Node 45 71 21.587
Pkt 83 375 0.221333 1
Pkt 106 480 0.220833 1
Node 62 36 18.4391
Pkt 165 750 0.22 1
Pkt 176 800 0.22 1
Node 29 67 27.0185
Pkt 27 120 0.225 1
Pkt 33 150 0.22 1
Node 51 32 18.0278
Pkt 88 400 0.22 1
Pkt 106 480 0.220833 1
Node 52 70 20.0998
Pkt 176 800 0.22 1
Pkt 176 800 0.22 1
Node 63 25 28.178
Pkt 27 120 0.225 1
Pkt 27 120 0.225 1
Rate:442.69
==========
==========95
7 0 2 24000
Node 37 57 14.7648
Pkt 28 125 0.224 1
Pkt 44 200 0.22 1
Node 61 49 11.0454
Pkt 71 320 0.221875 1
Pkt 83 375 0.221333 1
Node 50 73 23
Pkt 165 750 0.22 1
Pkt 176 800 0.22 1
Node 43 46 8.06226
Pkt 33 150 0.22 1
Pkt 28 125 0.224 1
Node 36 44 15.2315
Pkt 66 300 0.22 1
Pkt 106 480 0.220833 1
Node 47 63 13.3417
Pkt 165 750 0.22 1
Pkt 165 750 0.22 1
Node 74 55 24.5153
Pkt 53 240 0.220833 1
Pkt 33 150 0.22 1
Rate:441.839
==========
==========96
7 0 2 24000
Node 55 25 25.4951
Pkt 27 120 0.225 1
Pkt 36 160 0.225 1
Node 53 60 10.4403
Pkt 66 300 0.22 1
Pkt 71 320 0.221875 1
Node 25 71 32.6497
Pkt 165 750 0.22 1
Pkt 176 800 0.22 1
Node 69 52 19.105
Pkt 27 120 0.225 1
Pkt 44 200 0.22 1
Node 32 25 30.8058
Pkt 106 480 0.220833 1
Pkt 83 375 0.221333 1
Node 54 29 21.3776
Pkt 165 750 0.22 1
Pkt 176 800 0.22 1
Node 29 30 29
Pkt 55 250 0.22 1
Pkt 27 120 0.225 1
Rate:443.435
==========
==========97
7 0 2 24000
Node 35 60 18.0278
Pkt 55 250 0.22 1
Pkt 43 192 0.223958 1
Node 55 32 18.6815
Pkt 71 320 0.221875 1
Pkt 83 375 0.221333 1
Node 61 58 13.6015
Pkt 165 750 0.22 1
Pkt 165 750 0.22 1
Node 57 51 7.07107
Pkt 53 240 0.220833 1
Pkt 27 120 0.225 1
Node 40 68 20.5913
Pkt 71 320 0.221875 1
Pkt 88 400 0.22 1
Node 26 65 28.3019
Pkt 176 800 0.22 1
Pkt 165 750 0.22 1
Node 34 65 21.9317
Pkt 43 192 0.223958 1
Pkt 44 200 0.22 1
Rate:442.69
==========
==========98
7 0 2 24000
Node 35 59 17.4929
Pkt 53 240 0.220833 1
Pkt 53 240 0.220833 1
Node 73 40 25.0799
Pkt 71 320 0.221875 1
Pkt 106 480 0.220833 1
Node 69 31 26.8701
Pkt 176 800 0.22 1
Pkt 176 800 0.22 1
Node 39 62 16.2788
Pkt 36 160 0.225 1
Pkt 36 160 0.225 1
Node 61 57 13.0384
Pkt 71 320 0.221875 1
Pkt 71 320 0.221875 1
Node 39 42 13.6015
Pkt 165 750 0.22 1
Pkt 176 800 0.22 1
Node 32 66 24.0832
Pkt 55 250 0.22 1
Pkt 36 160 0.225 1
Rate:443.304
==========
==========99
