7 0 2 24000
Node 68 63 22.2036
Pkt 72 200 0.36 1
Pkt 90 250 0.36 1
Node 29 49 21.0238
Pkt 144 400 0.36 1
Pkt 108 300 0.36 1
Node 50 33 17
Pkt 270 750 0.36 1
Pkt 288 800 0.36 1
Node 45 30 20.6155
Pkt 72 200 0.36 1
Pkt 72 200 0.36 1
Node 49 37 13.0384
Pkt 173 480 0.360417 1
Pkt 135 375 0.36 1
Node 51 46 4.12311
Pkt 270 750 0.36 1
Pkt 270 750 0.36 1
Node 69 71 28.3196
Pkt 90 250 0.36 1
Pkt 72 200 0.36 1
Rate:720.06
==========
==========0
7 0 2 24000
Node 73 44 23.7697
Pkt 45 125 0.36 1
Pkt 45 125 0.36 1
Node 38 30 23.3238
Pkt 116 320 0.3625 1
Pkt 135 375 0.36 1
Node 68 39 21.095
Pkt 288 800 0.36 1
Pkt 288 800 0.36 1
Node 59 45 10.2956
Pkt 72 200 0.36 1
Pkt 45 125 0.36 1
Node 37 74 27.2947
Pkt 173 480 0.360417 1
Pkt 116 320 0.3625 1
Node 59 55 10.2956
Pkt 270 750 0.36 1
Pkt 288 800 0.36 1
Node 63 26 27.2947
Pkt 90 250 0.36 1
Pkt 45 125 0.36 1
Rate:720.774
==========
==========1
7 0 2 24000
Node 59 72 23.7697
Pkt 36 100 0.36 1
Pkt 72 200 0.36 1
Node 54 68 18.4391
Pkt 135 375 0.36 1
Pkt 135 375 0.36 1
Node 29 41 22.8473
Pkt 270 750 0.36 1
Pkt 270 750 0.36 1
Node 70 61 22.8254
Pkt 36 100 0.36 1
Pkt 72 200 0.36 1
Node 28 40 24.1661
Pkt 144 400 0.36 1
Pkt 144 400 0.36 1
Node 69 50 19
Pkt 288 800 0.36 1
Pkt 270 750 0.36 1
Node 51 55 5.09902
Pkt 70 192 0.364583 1
Pkt 58 160 0.3625 1
Rate:721.012
==========
==========2
7 0 2 24000
Node 74 67 29.4109
Pkt 45 125 0.36 1
Pkt 36 100 0.36 1
Node 69 71 28.3196
Pkt 173 480 0.360417 1
Pkt 116 320 0.3625 1
Node 31 67 25.4951
Pkt 270 750 0.36 1
Pkt 288 800 0.36 1
Node 73 41 24.6982
Pkt 72 200 0.36 1
Pkt 70 192 0.364583 1
Node 53 68 18.2483
Pkt 108 300 0.36 1
Pkt 173 480 0.360417 1
Node 25 50 25
Pkt 288 800 0.36 1
Pkt 288 800 0.36 1
Node 71 39 23.7065
Pkt 44 120 0.366667 1
Pkt 90 250 0.36 1
Rate:722.083
==========
==========3
7 0 2 24000
Node 53 67 17.2627
Pkt 58 160 0.3625 1
Pkt 45 125 0.36 1
Node 56 29 21.8403
Pkt 135 375 0.36 1
Pkt 144 400 0.36 1
Node 59 49 9.05539
Pkt 288 800 0.36 1
Pkt 270 750 0.36 1
Node 29 28 30.4138
Pkt 90 250 0.36 1
Pkt 58 160 0.3625 1
Node 34 60 18.868
Pkt 144 400 0.36 1
Pkt 108 300 0.36 1
Node 28 51 22.0227
Pkt 270 750 0.36 1
Pkt 288 800 0.36 1
Node 72 33 27.8029
Pkt 45 125 0.36 1
Pkt 54 150 0.36 1
Rate:720.714
==========
==========4
7 0 2 24000
Node 42 64 16.1245
Pkt 87 240 0.3625 1
Pkt 72 200 0.36 1
Node 28 32 28.4253
Pkt 173 480 0.360417 1
Pkt 173 480 0.360417 1
Node 25 37 28.178
Pkt 270 750 0.36 1
Pkt 288 800 0.36 1
Node 34 50 16
Pkt 54 150 0.36 1
Pkt 36 100 0.36 1
Node 53 26 24.1868
Pkt 116 320 0.3625 1
Pkt 144 400 0.36 1
Node 44 52 6.32456
Pkt 270 750 0.36 1
Pkt 288 800 0.36 1
Node 50 58 8
Pkt 58 160 0.3625 1
Pkt 36 100 0.36 1
Rate:721.19
==========
==========5
7 0 2 24000
Node 56 64 15.2315
Pkt 36 100 0.36 1
Pkt 54 150 0.36 1
Node 32 69 26.1725
Pkt 173 480 0.360417 1
Pkt 116 320 0.3625 1
Node 68 37 22.2036
Pkt 270 750 0.36 1
Pkt 270 750 0.36 1
Node 61 66 19.4165
Pkt 58 160 0.3625 1
Pkt 36 100 0.36 1
Node 37 48 13.1529
Pkt 135 375 0.36 1
Pkt 173 480 0.360417 1
Node 41 28 23.7697
Pkt 288 800 0.36 1
Pkt 288 800 0.36 1
Node 39 70 22.8254
Pkt 36 100 0.36 1
Pkt 54 150 0.36 1
Rate:720.833
==========
==========6
7 0 2 24000
Node 34 54 16.4924
Pkt 70 192 0.364583 1
Pkt 44 120 0.366667 1
Node 68 48 18.1108
Pkt 144 400 0.36 1
Pkt 116 320 0.3625 1
Node 30 25 32.0156
Pkt 270 750 0.36 1
Pkt 288 800 0.36 1
Node 45 60 11.1803
Pkt 72 200 0.36 1
Pkt 90 250 0.36 1
Node 69 53 19.2354
Pkt 108 300 0.36 1
Pkt 108 300 0.36 1
Node 36 61 17.8045
Pkt 270 750 0.36 1
Pkt 288 800 0.36 1
Node 56 45 7.81025
Pkt 90 250 0.36 1
Pkt 36 100 0.36 1
Rate:721.964
==========
==========7
7 0 2 24000
Node 60 68 20.5913
Pkt 54 150 0.36 1
Pkt 87 240 0.3625 1
Node 54 37 13.6015
Pkt 135 375 0.36 1
Pkt 173 480 0.360417 1
Node 49 54 4.12311
Pkt 270 750 0.36 1
Pkt 288 800 0.36 1
Node 29 39 23.7065
Pkt 58 160 0.3625 1
Pkt 90 250 0.36 1
Node 60 70 22.3607
Pkt 144 400 0.36 1
Pkt 108 300 0.36 1
Node 60 45 11.1803
Pkt 288 800 0.36 1
Pkt 288 800 0.36 1
Node 45 46 6.40312
Pkt 44 120 0.366667 1
Pkt 54 150 0.36 1
Rate:721.726
==========
==========8
7 0 2 24000
Node 74 68 30
Pkt 36 100 0.36 1
Pkt 70 192 0.364583 1
Node 59 51 9.05539
Pkt 173 480 0.360417 1
Pkt 135 375 0.36 1
Node 68 62 21.6333
Pkt 270 750 0.36 1
Pkt 270 750 0.36 1
Node 68 31 26.1725
Pkt 36 100 0.36 1
Pkt 36 100 0.36 1
Node 60 51 10.0499
Pkt 144 400 0.36 1
Pkt 173 480 0.360417 1
Node 50 28 22
Pkt 288 800 0.36 1
Pkt 288 800 0.36 1
Node 71 54 21.3776
Pkt 58 160 0.3625 1
Pkt 72 200 0.36 1
Rate:721.131
==========
==========9
7 0 2 24000
Node 49 42 8.06226
Pkt 72 200 0.36 1
Pkt 54 150 0.36 1
Node 54 74 24.3311
Pkt 108 300 0.36 1
Pkt 108 300 0.36 1
Node 69 64 23.6008
Pkt 288 800 0.36 1
Pkt 270 750 0.36 1
Node 36 50 14
Pkt 36 100 0.36 1
Pkt 72 200 0.36 1
Node 35 31 24.2074
Pkt 144 400 0.36 1
Pkt 173 480 0.360417 1
Node 41 53 9.48683
Pkt 270 750 0.36 1
Pkt 288 800 0.36 1
Node 46 27 23.3452
Pkt 45 125 0.36 1
Pkt 58 160 0.3625 1
Rate:720.417
==========
==========10
7 0 2 24000
Node 29 55 21.587
Pkt 44 120 0.366667 1
Pkt 72 200 0.36 1
Node 46 32 18.4391
Pkt 116 320 0.3625 1
Pkt 108 300 0.36 1
Node 51 50 1
Pkt 270 750 0.36 1
Pkt 288 800 0.36 1
Node 39 54 11.7047
Pkt 36 100 0.36 1
Pkt 54 150 0.36 1
Node 64 58 16.1245
Pkt 173 480 0.360417 1
Pkt 108 300 0.36 1
Node 71 65 25.807
Pkt 270 750 0.36 1
Pkt 288 800 0.36 1
Node 72 25 33.3017
Pkt 90 250 0.36 1
Pkt 44 120 0.366667 1
Rate:722.321
==========
==========11
7 0 2 24000
Node 67 57 18.3848
Pkt 87 240 0.3625 1
Pkt 45 125 0.36 1
Node 39 38 16.2788
Pkt 135 375 0.36 1
Pkt 108 300 0.36 1
Node 67 72 27.8029
Pkt 270 750 0.36 1
Pkt 270 750 0.36 1
Node 55 26 24.5153
Pkt 87 240 0.3625 1
Pkt 44 120 0.366667 1
Node 27 44 23.7697
Pkt 116 320 0.3625 1
Pkt 135 375 0.36 1
Node 70 43 21.1896
Pkt 270 750 0.36 1
Pkt 288 800 0.36 1
Node 63 28 25.5539
Pkt 36 100 0.36 1
Pkt 72 200 0.36 1
Rate:722.024
==========
==========12
7 0 2 24000
Node 39 53 11.4018
Pkt 87 240 0.3625 1
Pkt 87 240 0.3625 1
Node 51 64 14.0357
Pkt 116 320 0.3625 1
Pkt 173 480 0.360417 1
Node 40 52 10.198
Pkt 270 750 0.36 1
Pkt 288 800 0.36 1
Node 53 51 3.16228
Pkt 58 160 0.3625 1
Pkt 72 200 0.36 1
Node 66 30 25.6125
Pkt 108 300 0.36 1
Pkt 135 375 0.36 1
Node 44 43 9.21954
Pkt 288 800 0.36 1
Pkt 270 750 0.36 1
Node 55 72 22.561
Pkt 70 192 0.364583 1
Pkt 36 100 0.36 1
Rate:722.143
==========
==========13
7 0 2 24000
Node 69 70 27.5862
Pkt 44 120 0.366667 1
Pkt 72 200 0.36 1
Node 32 50 18
Pkt 116 320 0.3625 1
Pkt 173 480 0.360417 1
Node 58 60 12.8062
Pkt 288 800 0.36 1
Pkt 288 800 0.36 1
Node 72 49 22.0227
Pkt 54 150 0.36 1
Pkt 70 192 0.364583 1
Node 36 57 15.6525
Pkt 108 300 0.36 1
Pkt 116 320 0.3625 1
Node 54 71 21.3776
Pkt 270 750 0.36 1
Pkt 270 750 0.36 1
Node 44 50 6
Pkt 36 100 0.36 1
Pkt 72 200 0.36 1
Rate:722.381
==========
==========14
7 0 2 24000
Node 62 66 20
Pkt 54 150 0.36 1
Pkt 58 160 0.3625 1
Node 64 38 18.4391
Pkt 135 375 0.36 1
Pkt 173 480 0.360417 1
Node 49 40 10.0499
Pkt 288 800 0.36 1
Pkt 270 750 0.36 1
Node 34 34 22.6274
Pkt 58 160 0.3625 1
Pkt 36 100 0.36 1
Node 63 37 18.3848
Pkt 108 300 0.36 1
Pkt 173 480 0.360417 1
Node 51 49 1.41421
Pkt 288 800 0.36 1
Pkt 288 800 0.36 1
Node 65 60 18.0278
Pkt 45 125 0.36 1
Pkt 90 250 0.36 1
Rate:720.833
==========
==========15
7 0 2 24000
Node 62 42 14.4222
Pkt 72 200 0.36 1
Pkt 70 192 0.364583 1
Node 40 27 25.0799
Pkt 116 320 0.3625 1
Pkt 135 375 0.36 1
Node 43 66 17.4642
Pkt 270 750 0.36 1
Pkt 288 800 0.36 1
Node 51 30 20.025
Pkt 58 160 0.3625 1
Pkt 45 125 0.36 1
Node 40 63 16.4012
Pkt 108 300 0.36 1
Pkt 144 400 0.36 1
Node 25 46 25.318
Pkt 270 750 0.36 1
Pkt 288 800 0.36 1
Node 63 64 19.105
Pkt 58 160 0.3625 1
Pkt 44 120 0.366667 1
Rate:722.679
==========
==========16
7 0 2 24000
Node 32 53 18.2483
Pkt 54 150 0.36 1
Pkt 36 100 0.36 1
Node 28 51 22.0227
Pkt 173 480 0.360417 1
Pkt 116 320 0.3625 1
Node 38 40 15.6205
Pkt 270 750 0.36 1
Pkt 270 750 0.36 1
Node 65 38 19.2094
Pkt 72 200 0.36 1
Pkt 87 240 0.3625 1
Node 72 51 22.0227
Pkt 116 320 0.3625 1
Pkt 135 375 0.36 1
Node 55 41 10.2956
Pkt 288 800 0.36 1
Pkt 288 800 0.36 1
Node 69 39 21.9545
Pkt 45 125 0.36 1
Pkt 36 100 0.36 1
Rate:721.131
==========
==========17
7 0 2 24000
Node 54 73 23.3452
Pkt 54 150 0.36 1
Pkt 44 120 0.366667 1
Node 64 41 16.6433
Pkt 144 400 0.36 1
Pkt 116 320 0.3625 1
Node 54 50 4
Pkt 270 750 0.36 1
Pkt 270 750 0.36 1
Node 65 43 16.5529
Pkt 87 240 0.3625 1
Pkt 72 200 0.36 1
Node 44 66 17.088
Pkt 135 375 0.36 1
Pkt 108 300 0.36 1
Node 45 55 7.07107
Pkt 270 750 0.36 1
Pkt 270 750 0.36 1
Node 47 53 4.24264
Pkt 70 192 0.364583 1
Pkt 72 200 0.36 1
Rate:722.321
==========
==========18
7 0 2 24000
Node 72 53 22.2036
Pkt 70 192 0.364583 1
Pkt 36 100 0.36 1
Node 61 43 13.0384
Pkt 173 480 0.360417 1
Pkt 108 300 0.36 1
Node 32 28 28.4253
Pkt 270 750 0.36 1
Pkt 270 750 0.36 1
Node 43 55 8.60233
Pkt 90 250 0.36 1
Pkt 72 200 0.36 1
Node 37 64 19.105
Pkt 135 375 0.36 1
Pkt 116 320 0.3625 1
Node 34 51 16.0312
Pkt 288 800 0.36 1
Pkt 270 750 0.36 1
Node 48 70 20.0998
Pkt 58 160 0.3625 1
Pkt 72 200 0.36 1
Rate:721.429
==========
==========19
7 0 2 24000
Node 35 55 15.8114
Pkt 58 160 0.3625 1
Pkt 44 120 0.366667 1
Node 29 56 21.8403
Pkt 135 375 0.36 1
Pkt 108 300 0.36 1
Node 57 25 25.9615
Pkt 270 750 0.36 1
Pkt 270 750 0.36 1
Node 36 71 25.2389
Pkt 54 150 0.36 1
Pkt 87 240 0.3625 1
Node 33 26 29.4109
Pkt 173 480 0.360417 1
Pkt 135 375 0.36 1
Node 48 28 22.0907
Pkt 270 750 0.36 1
Pkt 288 800 0.36 1
Node 38 74 26.8328
Pkt 87 240 0.3625 1
Pkt 54 150 0.36 1
Rate:722.083
==========
==========20
7 0 2 24000
Node 48 55 5.38516
Pkt 45 125 0.36 1
Pkt 72 200 0.36 1
Node 37 45 13.9284
Pkt 173 480 0.360417 1
Pkt 144 400 0.36 1
Node 53 67 17.2627
Pkt 288 800 0.36 1
Pkt 288 800 0.36 1
Node 29 55 21.587
Pkt 87 240 0.3625 1
Pkt 36 100 0.36 1
Node 33 72 27.8029
Pkt 108 300 0.36 1
Pkt 116 320 0.3625 1
Node 34 25 29.6816
Pkt 288 800 0.36 1
Pkt 288 800 0.36 1
Node 35 44 16.1555
Pkt 58 160 0.3625 1
Pkt 58 160 0.3625 1
Rate:721.488
==========
==========21
7 0 2 24000
Node 70 32 26.9072
Pkt 45 125 0.36 1
Pkt 58 160 0.3625 1
Node 31 45 19.6469
Pkt 108 300 0.36 1
Pkt 108 300 0.36 1
Node 33 66 23.3452
Pkt 270 750 0.36 1
Pkt 288 800 0.36 1
Node 34 39 19.4165
Pkt 45 125 0.36 1
Pkt 44 120 0.366667 1
Node 70 25 32.0156
Pkt 108 300 0.36 1
Pkt 108 300 0.36 1
Node 34 43 17.4642
Pkt 288 800 0.36 1
Pkt 288 800 0.36 1
Node 46 60 10.7703
Pkt 87 240 0.3625 1
Pkt 70 192 0.364583 1
Rate:722.321
==========
==========22
7 0 2 24000
Node 52 69 19.105
Pkt 70 192 0.364583 1
Pkt 44 120 0.366667 1
Node 63 26 27.2947
Pkt 116 320 0.3625 1
Pkt 108 300 0.36 1
Node 66 61 19.4165
Pkt 270 750 0.36 1
Pkt 288 800 0.36 1
Node 53 39 11.4018
Pkt 44 120 0.366667 1
Pkt 72 200 0.36 1
Node 66 37 20.6155
Pkt 144 400 0.36 1
Pkt 116 320 0.3625 1
Node 47 52 3.60555
Pkt 288 800 0.36 1
Pkt 270 750 0.36 1
Node 40 40 14.1421
Pkt 45 125 0.36 1
Pkt 72 200 0.36 1
Rate:723.274
==========
==========23
7 0 2 24000
Node 41 46 9.84886
Pkt 54 150 0.36 1
Pkt 45 125 0.36 1
Node 56 74 24.7386
Pkt 116 320 0.3625 1
Pkt 108 300 0.36 1
Node 32 58 19.6977
Pkt 288 800 0.36 1
Pkt 288 800 0.36 1
Node 73 40 25.0799
Pkt 45 125 0.36 1
Pkt 58 160 0.3625 1
Node 46 67 17.4642
Pkt 108 300 0.36 1
Pkt 116 320 0.3625 1
Node 47 43 7.61577
Pkt 288 800 0.36 1
Pkt 288 800 0.36 1
Node 36 67 22.0227
Pkt 58 160 0.3625 1
Pkt 70 192 0.364583 1
Rate:722.083
==========
==========24
7 0 2 24000
Node 28 59 23.7697
Pkt 90 250 0.36 1
Pkt 87 240 0.3625 1
Node 50 47 3
Pkt 173 480 0.360417 1
Pkt 108 300 0.36 1
Node 68 37 22.2036
Pkt 288 800 0.36 1
Pkt 288 800 0.36 1
Node 40 38 15.6205
Pkt 54 150 0.36 1
Pkt 45 125 0.36 1
Node 70 30 28.2843
Pkt 135 375 0.36 1
Pkt 144 400 0.36 1
Node 55 27 23.5372
Pkt 270 750 0.36 1
Pkt 270 750 0.36 1
Node 25 50 25
Pkt 70 192 0.364583 1
Pkt 70 192 0.364583 1
Rate:721.726
==========
==========25
7 0 2 24000
Node 53 34 16.2788
Pkt 58 160 0.3625 1
Pkt 45 125 0.36 1
Node 25 28 33.3017
Pkt 108 300 0.36 1
Pkt 144 400 0.36 1
Node 26 62 26.8328
Pkt 288 800 0.36 1
Pkt 288 800 0.36 1
Node 67 40 19.7231
Pkt 45 125 0.36 1
Pkt 72 200 0.36 1
Node 35 64 20.5183
Pkt 144 400 0.36 1
Pkt 173 480 0.360417 1
Node 66 39 19.4165
Pkt 270 750 0.36 1
Pkt 270 750 0.36 1
Node 37 37 18.3848
Pkt 36 100 0.36 1
Pkt 45 125 0.36 1
Rate:720.417
==========
==========26
7 0 2 24000
Node 74 32 30
Pkt 58 160 0.3625 1
Pkt 70 192 0.364583 1
Node 42 25 26.2488
Pkt 144 400 0.36 1
Pkt 144 400 0.36 1
Node 29 49 21.0238
Pkt 270 750 0.36 1
Pkt 270 750 0.36 1
Node 55 40 11.1803
Pkt 70 192 0.364583 1
Pkt 58 160 0.3625 1
Node 56 49 6.08276
Pkt 144 400 0.36 1
Pkt 135 375 0.36 1
Node 37 44 14.3178
Pkt 288 800 0.36 1
Pkt 288 800 0.36 1
Node 37 27 26.4197
Pkt 87 240 0.3625 1
Pkt 44 120 0.366667 1
Rate:723.333
==========
==========27
7 0 2 24000
Node 25 38 27.7308
Pkt 87 240 0.3625 1
Pkt 87 240 0.3625 1
Node 57 58 10.6301
Pkt 173 480 0.360417 1
Pkt 144 400 0.36 1
Node 43 33 18.3848
Pkt 288 800 0.36 1
Pkt 270 750 0.36 1
Node 36 46 14.5602
Pkt 70 192 0.364583 1
Pkt 90 250 0.36 1
Node 36 65 20.5183
Pkt 108 300 0.36 1
Pkt 144 400 0.36 1
Node 60 32 20.5913
Pkt 270 750 0.36 1
Pkt 270 750 0.36 1
Node 40 51 10.0499
Pkt 70 192 0.364583 1
Pkt 87 240 0.3625 1
Rate:722.44
==========
==========28
7 0 2 24000
Node 66 36 21.2603
Pkt 44 120 0.366667 1
Pkt 36 100 0.36 1
Node 71 71 29.6985
Pkt 173 480 0.360417 1
Pkt 108 300 0.36 1
Node 42 43 10.6301
Pkt 270 750 0.36 1
Pkt 270 750 0.36 1
Node 62 72 25.0599
Pkt 87 240 0.3625 1
Pkt 87 240 0.3625 1
Node 74 57 25
Pkt 144 400 0.36 1
Pkt 173 480 0.360417 1
Node 38 51 12.0416
Pkt 270 750 0.36 1
Pkt 270 750 0.36 1
Node 40 35 18.0278
Pkt 87 240 0.3625 1
Pkt 87 240 0.3625 1
Rate:722.5
==========
==========29
7 0 2 24000
Node 71 50 21
Pkt 70 192 0.364583 1
Pkt 45 125 0.36 1
Node 34 38 20
Pkt 135 375 0.36 1
Pkt 116 320 0.3625 1
Node 37 57 14.7648
Pkt 270 750 0.36 1
Pkt 288 800 0.36 1
Node 43 40 12.2066
Pkt 44 120 0.366667 1
Pkt 36 100 0.36 1
Node 66 31 24.8395
Pkt 135 375 0.36 1
Pkt 135 375 0.36 1
Node 72 47 22.2036
Pkt 270 750 0.36 1
Pkt 288 800 0.36 1
Node 69 39 21.9545
Pkt 58 160 0.3625 1
Pkt 54 150 0.36 1
Rate:722.321
==========
==========30
7 0 2 24000
Node 66 66 22.6274
Pkt 70 192 0.364583 1
Pkt 44 120 0.366667 1
Node 54 31 19.4165
Pkt 108 300 0.36 1
Pkt 108 300 0.36 1
Node 56 64 15.2315
Pkt 270 750 0.36 1
Pkt 270 750 0.36 1
Node 55 40 11.1803
Pkt 70 192 0.364583 1
Pkt 87 240 0.3625 1
Node 70 67 26.2488
Pkt 144 400 0.36 1
Pkt 173 480 0.360417 1
Node 62 34 20
Pkt 270 750 0.36 1
Pkt 270 750 0.36 1
Node 44 30 20.8806
Pkt 36 100 0.36 1
Pkt 70 192 0.364583 1
Rate:723.333
==========
==========31
7 0 2 24000
Node 57 58 10.6301
Pkt 58 160 0.3625 1
Pkt 87 240 0.3625 1
Node 31 43 20.2485
Pkt 116 320 0.3625 1
Pkt 135 375 0.36 1
Node 59 71 22.8473
Pkt 270 750 0.36 1
Pkt 288 800 0.36 1
Node 30 55 20.6155
Pkt 44 120 0.366667 1
Pkt 90 250 0.36 1
Node 31 43 20.2485
Pkt 108 300 0.36 1
Pkt 108 300 0.36 1
Node 48 47 3.60555
Pkt 288 800 0.36 1
Pkt 288 800 0.36 1
Node 42 74 25.2982
Pkt 45 125 0.36 1
Pkt 87 240 0.3625 1
Rate:722.381
==========
==========32
7 0 2 24000
Node 33 34 23.3452
Pkt 72 200 0.36 1
Pkt 44 120 0.366667 1
Node 48 55 5.38516
Pkt 116 320 0.3625 1
Pkt 116 320 0.3625 1
Node 28 41 23.7697
Pkt 288 800 0.36 1
Pkt 270 750 0.36 1
Node 52 49 2.23607
Pkt 90 250 0.36 1
Pkt 90 250 0.36 1
Node 73 30 30.4795
Pkt 173 480 0.360417 1
Pkt 116 320 0.3625 1
Node 55 57 8.60233
Pkt 270 750 0.36 1
Pkt 270 750 0.36 1
Node 55 49 5.09902
Pkt 44 120 0.366667 1
Pkt 72 200 0.36 1
Rate:723.036
==========
==========33
7 0 2 24000
Node 62 33 20.8087
Pkt 72 200 0.36 1
Pkt 90 250 0.36 1
Node 25 68 30.8058
Pkt 173 480 0.360417 1
Pkt 108 300 0.36 1
Node 65 32 23.4307
Pkt 288 800 0.36 1
Pkt 288 800 0.36 1
Node 33 71 27.0185
Pkt 54 150 0.36 1
Pkt 72 200 0.36 1
Node 58 42 11.3137
Pkt 144 400 0.36 1
Pkt 144 400 0.36 1
Node 74 53 24.1868
Pkt 288 800 0.36 1
Pkt 288 800 0.36 1
Node 49 63 13.0384
Pkt 45 125 0.36 1
Pkt 58 160 0.3625 1
Rate:720.417
==========
==========34
7 0 2 24000
Node 38 69 22.4722
Pkt 72 200 0.36 1
Pkt 44 120 0.366667 1
Node 38 30 23.3238
Pkt 116 320 0.3625 1
Pkt 135 375 0.36 1
Node 74 60 26
Pkt 288 800 0.36 1
Pkt 288 800 0.36 1
Node 50 25 25
Pkt 72 200 0.36 1
Pkt 54 150 0.36 1
Node 65 40 18.0278
Pkt 144 400 0.36 1
Pkt 116 320 0.3625 1
Node 31 66 24.8395
Pkt 270 750 0.36 1
Pkt 288 800 0.36 1
Node 74 67 29.4109
Pkt 87 240 0.3625 1
Pkt 58 160 0.3625 1
Rate:722.381
==========
==========35
7 0 2 24000
Node 72 68 28.4253
Pkt 58 160 0.3625 1
Pkt 45 125 0.36 1
Node 70 37 23.8537
Pkt 173 480 0.360417 1
Pkt 173 480 0.360417 1
Node 60 36 17.2047
Pkt 288 800 0.36 1
Pkt 270 750 0.36 1
Node 68 65 23.4307
Pkt 58 160 0.3625 1
Pkt 45 125 0.36 1
Node 70 50 20
Pkt 135 375 0.36 1
Pkt 108 300 0.36 1
Node 46 61 11.7047
Pkt 288 800 0.36 1
Pkt 288 800 0.36 1
Node 67 65 22.6716
Pkt 90 250 0.36 1
Pkt 90 250 0.36 1
Rate:720.833
==========
==========36
7 0 2 24000
Node 46 58 8.94427
Pkt 54 150 0.36 1
Pkt 58 160 0.3625 1
Node 32 63 22.2036
Pkt 144 400 0.36 1
Pkt 135 375 0.36 1
Node 70 39 22.8254
Pkt 270 750 0.36 1
Pkt 288 800 0.36 1
Node 46 39 11.7047
Pkt 44 120 0.366667 1
Pkt 44 120 0.366667 1
Node 42 70 21.5407
Pkt 144 400 0.36 1
Pkt 173 480 0.360417 1
Node 43 35 16.5529
Pkt 288 800 0.36 1
Pkt 288 800 0.36 1
Node 34 47 16.2788
Pkt 72 200 0.36 1
Pkt 87 240 0.3625 1
Rate:722.679
==========
==========37
7 0 2 24000
Node 54 32 18.4391
Pkt 45 125 0.36 1
Pkt 70 192 0.364583 1
Node 30 39 22.8254
Pkt 144 400 0.36 1
Pkt 116 320 0.3625 1
Node 50 64 14
Pkt 288 800 0.36 1
Pkt 270 750 0.36 1
Node 58 35 17
Pkt 44 120 0.366667 1
Pkt 54 150 0.36 1
Node 41 69 21.0238
Pkt 173 480 0.360417 1
Pkt 144 400 0.36 1
Node 68 49 18.0278
Pkt 288 800 0.36 1
Pkt 270 750 0.36 1
Node 61 54 11.7047
Pkt 90 250 0.36 1
Pkt 70 192 0.364583 1
Rate:722.679
==========
==========38
7 0 2 24000
Node 30 48 20.0998
Pkt 87 240 0.3625 1
Pkt 54 150 0.36 1
Node 63 32 22.2036
Pkt 135 375 0.36 1
Pkt 116 320 0.3625 1
Node 57 36 15.6525
Pkt 288 800 0.36 1
Pkt 270 750 0.36 1
Node 50 72 22
Pkt 58 160 0.3625 1
Pkt 45 125 0.36 1
Node 55 38 13
Pkt 173 480 0.360417 1
Pkt 135 375 0.36 1
Node 38 31 22.4722
Pkt 270 750 0.36 1
Pkt 288 800 0.36 1
Node 26 64 27.7849
Pkt 54 150 0.36 1
Pkt 87 240 0.3625 1
Rate:721.488
==========
==========39
7 0 2 24000
Node 61 69 21.9545
Pkt 90 250 0.36 1
Pkt 72 200 0.36 1
Node 38 51 12.0416
Pkt 135 375 0.36 1
Pkt 173 480 0.360417 1
Node 50 65 15
Pkt 270 750 0.36 1
Pkt 270 750 0.36 1
Node 27 63 26.4197
Pkt 45 125 0.36 1
Pkt 45 125 0.36 1
Node 68 73 29.2062
Pkt 116 320 0.3625 1
Pkt 135 375 0.36 1
Node 52 27 23.0868
Pkt 270 750 0.36 1
Pkt 270 750 0.36 1
Node 68 37 22.2036
Pkt 72 200 0.36 1
Pkt 87 240 0.3625 1
Rate:720.774
==========
==========40
7 0 2 24000
Node 63 45 13.9284
Pkt 36 100 0.36 1
Pkt 45 125 0.36 1
Node 38 36 18.4391
Pkt 135 375 0.36 1
Pkt 108 300 0.36 1
Node 53 27 23.1948
Pkt 270 750 0.36 1
Pkt 270 750 0.36 1
Node 50 46 4
Pkt 45 125 0.36 1
Pkt 87 240 0.3625 1
Node 58 55 9.43398
Pkt 116 320 0.3625 1
Pkt 135 375 0.36 1
Node 59 71 22.8473
Pkt 288 800 0.36 1
Pkt 270 750 0.36 1
Node 52 37 13.1529
Pkt 54 150 0.36 1
Pkt 45 125 0.36 1
Rate:720.714
==========
==========41
7 0 2 24000
Node 69 49 19.0263
Pkt 44 120 0.366667 1
Pkt 44 120 0.366667 1
Node 44 65 16.1555
Pkt 116 320 0.3625 1
Pkt 108 300 0.36 1
Node 53 53 4.24264
Pkt 288 800 0.36 1
Pkt 270 750 0.36 1
Node 56 40 11.6619
Pkt 70 192 0.364583 1
Pkt 72 200 0.36 1
Node 37 38 17.6918
Pkt 116 320 0.3625 1
Pkt 144 400 0.36 1
Node 43 38 13.8924
Pkt 288 800 0.36 1
Pkt 288 800 0.36 1
Node 34 64 21.2603
Pkt 58 160 0.3625 1
Pkt 70 192 0.364583 1
Rate:724.286
==========
==========42
7 0 2 24000
Node 35 63 19.8494
Pkt 90 250 0.36 1
Pkt 87 240 0.3625 1
Node 51 27 23.0217
Pkt 135 375 0.36 1
Pkt 108 300 0.36 1
Node 47 56 6.7082
Pkt 270 750 0.36 1
Pkt 288 800 0.36 1
Node 36 71 25.2389
Pkt 87 240 0.3625 1
Pkt 90 250 0.36 1
Node 40 36 17.2047
Pkt 135 375 0.36 1
Pkt 116 320 0.3625 1
Node 60 67 19.7231
Pkt 270 750 0.36 1
Pkt 270 750 0.36 1
Node 25 52 25.0799
Pkt 87 240 0.3625 1
Pkt 58 160 0.3625 1
Rate:721.786
==========
==========43
7 0 2 24000
Node 60 73 25.0799
Pkt 44 120 0.366667 1
Pkt 36 100 0.36 1
Node 70 62 23.3238
Pkt 108 300 0.36 1
Pkt 108 300 0.36 1
Node 57 68 19.3132
Pkt 288 800 0.36 1
Pkt 288 800 0.36 1
Node 26 28 32.5576
Pkt 87 240 0.3625 1
Pkt 87 240 0.3625 1
Node 36 52 14.1421
Pkt 135 375 0.36 1
Pkt 173 480 0.360417 1
Node 31 35 24.2074
Pkt 288 800 0.36 1
Pkt 270 750 0.36 1
Node 30 65 25
Pkt 36 100 0.36 1
Pkt 87 240 0.3625 1
Rate:722.083
==========
==========44
7 0 2 24000
Node 30 28 29.7321
Pkt 87 240 0.3625 1
Pkt 72 200 0.36 1
Node 48 26 24.0832
Pkt 116 320 0.3625 1
Pkt 135 375 0.36 1
Node 27 59 24.6982
Pkt 288 800 0.36 1
Pkt 270 750 0.36 1
Node 68 52 18.1108
Pkt 70 192 0.364583 1
Pkt 44 120 0.366667 1
Node 62 26 26.8328
Pkt 116 320 0.3625 1
Pkt 116 320 0.3625 1
Node 38 41 15
Pkt 288 800 0.36 1
Pkt 288 800 0.36 1
Node 48 34 16.1245
Pkt 72 200 0.36 1
Pkt 45 125 0.36 1
Rate:723.036
==========
==========45
7 0 2 24000
Node 47 39 11.4018
Pkt 45 125 0.36 1
Pkt 87 240 0.3625 1
Node 69 25 31.4006
Pkt 173 480 0.360417 1
Pkt 144 400 0.36 1
Node 40 37 16.4012
Pkt 270 750 0.36 1
Pkt 270 750 0.36 1
Node 63 61 17.0294
Pkt 44 120 0.366667 1
Pkt 58 160 0.3625 1
Node 61 63 17.0294
Pkt 108 300 0.36 1
Pkt 108 300 0.36 1
Node 42 61 13.6015
Pkt 270 750 0.36 1
Pkt 270 750 0.36 1
Node 70 68 26.9072
Pkt 45 125 0.36 1
Pkt 54 150 0.36 1
Rate:721.726
==========
==========46
7 0 2 24000
Node 64 54 14.5602
Pkt 54 150 0.36 1
Pkt 36 100 0.36 1
Node 70 25 32.0156
Pkt 144 400 0.36 1
Pkt 116 320 0.3625 1
Node 59 71 22.8473
Pkt 288 800 0.36 1
Pkt 270 750 0.36 1
Node 68 40 20.5913
Pkt 45 125 0.36 1
Pkt 58 160 0.3625 1
Node 57 36 15.6525
Pkt 108 300 0.36 1
Pkt 108 300 0.36 1
Node 40 48 10.198
Pkt 270 750 0.36 1
Pkt 270 750 0.36 1
Node 61 63 17.0294
Pkt 45 125 0.36 1
Pkt 36 100 0.36 1
Rate:720.714
==========
==========47
7 0 2 24000
Node 28 35 26.6271
Pkt 36 100 0.36 1
Pkt 90 250 0.36 1
Node 47 63 13.3417
Pkt 108 300 0.36 1
Pkt 108 300 0.36 1
Node 50 28 22
Pkt 288 800 0.36 1
Pkt 288 800 0.36 1
Node 41 53 9.48683
Pkt 58 160 0.3625 1
Pkt 87 240 0.3625 1
Node 72 45 22.561
Pkt 173 480 0.360417 1
Pkt 144 400 0.36 1
Node 43 35 16.5529
Pkt 270 750 0.36 1
Pkt 270 750 0.36 1
Node 43 39 13.0384
Pkt 90 250 0.36 1
Pkt 36 100 0.36 1
Rate:720.774
==========
==========48
7 0 2 24000
Node 52 30 20.0998
Pkt 87 240 0.3625 1
Pkt 90 250 0.36 1
Node 67 36 22.0227
Pkt 116 320 0.3625 1
Pkt 173 480 0.360417 1
Node 60 25 26.9258
Pkt 270 750 0.36 1
Pkt 270 750 0.36 1
Node 31 44 19.9249
Pkt 36 100 0.36 1
Pkt 36 100 0.36 1
Node 60 44 11.6619
Pkt 173 480 0.360417 1
Pkt 135 375 0.36 1
Node 57 73 24.0416
Pkt 270 750 0.36 1
Pkt 288 800 0.36 1
Node 29 74 31.8904
Pkt 54 150 0.36 1
Pkt 87 240 0.3625 1
Rate:721.19
==========
==========49
7 0 2 24000
Node 44 65 16.1555
Pkt 90 250 0.36 1
Pkt 36 100 0.36 1
Node 45 29 21.587
Pkt 135 375 0.36 1
Pkt 144 400 0.36 1
Node 30 38 23.3238
Pkt 270 750 0.36 1
Pkt 270 750 0.36 1
Node 47 68 18.2483
Pkt 54 150 0.36 1
Pkt 90 250 0.36 1
Node 46 27 23.3452
Pkt 116 320 0.3625 1
Pkt 144 400 0.36 1
Node 71 60 23.2594
Pkt 270 750 0.36 1
Pkt 270 750 0.36 1
Node 68 63 22.2036
Pkt 70 192 0.364583 1
Pkt 87 240 0.3625 1
Rate:721.369
==========
==========50
7 0 2 24000
Node 57 51 7.07107
Pkt 72 200 0.36 1
Pkt 70 192 0.364583 1
Node 28 34 27.2029
Pkt 144 400 0.36 1
Pkt 108 300 0.36 1
Node 27 56 23.7697
Pkt 288 800 0.36 1
Pkt 288 800 0.36 1
Node 60 35 18.0278
Pkt 70 192 0.364583 1
Pkt 36 100 0.36 1
Node 53 57 7.61577
Pkt 116 320 0.3625 1
Pkt 116 320 0.3625 1
Node 54 65 15.5242
Pkt 270 750 0.36 1
Pkt 288 800 0.36 1
Node 56 42 10
Pkt 44 120 0.366667 1
Pkt 54 150 0.36 1
Rate:722.976
==========
==========51
7 0 2 24000
Node 48 33 17.1172
Pkt 58 160 0.3625 1
Pkt 36 100 0.36 1
Node 29 42 22.4722
Pkt 144 400 0.36 1
Pkt 116 320 0.3625 1
Node 49 42 8.06226
Pkt 270 750 0.36 1
Pkt 288 800 0.36 1
Node 26 61 26.4008
Pkt 54 150 0.36 1
Pkt 87 240 0.3625 1
Node 25 29 32.6497
Pkt 116 320 0.3625 1
Pkt 144 400 0.36 1
Node 73 50 23
Pkt 270 750 0.36 1
Pkt 270 750 0.36 1
Node 39 58 13.6015
Pkt 72 200 0.36 1
Pkt 58 160 0.3625 1
Rate:721.786
==========
==========52
7 0 2 24000
Node 69 34 24.8395
Pkt 45 125 0.36 1
Pkt 44 120 0.366667 1
Node 37 36 19.105
Pkt 135 375 0.36 1
Pkt 116 320 0.3625 1
Node 63 64 19.105
Pkt 288 800 0.36 1
Pkt 270 750 0.36 1
Node 48 68 18.1108
Pkt 44 120 0.366667 1
Pkt 45 125 0.36 1
Node 62 65 19.2094
Pkt 116 320 0.3625 1
Pkt 116 320 0.3625 1
Node 27 49 23.0217
Pkt 270 750 0.36 1
Pkt 270 750 0.36 1
Node 51 55 5.09902
Pkt 45 125 0.36 1
Pkt 44 120 0.366667 1
Rate:723.929
==========
==========53
7 0 2 24000
Node 72 25 33.3017
Pkt 54 150 0.36 1
Pkt 72 200 0.36 1
Node 60 49 10.0499
Pkt 116 320 0.3625 1
Pkt 116 320 0.3625 1
Node 33 71 27.0185
Pkt 288 800 0.36 1
Pkt 288 800 0.36 1
Node 37 30 23.8537
Pkt 54 150 0.36 1
Pkt 70 192 0.364583 1
Node 33 60 19.7231
Pkt 108 300 0.36 1
Pkt 116 320 0.3625 1
Node 29 46 21.3776
Pkt 270 750 0.36 1
Pkt 288 800 0.36 1
Node 46 60 10.7703
Pkt 36 100 0.36 1
Pkt 72 200 0.36 1
Rate:721.726
==========
==========54
7 0 2 24000
Node 54 67 17.4642
Pkt 44 120 0.366667 1
Pkt 90 250 0.36 1
Node 55 36 14.8661
Pkt 173 480 0.360417 1
Pkt 144 400 0.36 1
Node 58 30 21.5407
Pkt 288 800 0.36 1
Pkt 288 800 0.36 1
Node 50 65 15
Pkt 58 160 0.3625 1
Pkt 90 250 0.36 1
Node 48 63 13.1529
Pkt 116 320 0.3625 1
Pkt 108 300 0.36 1
Node 34 38 20
Pkt 288 800 0.36 1
Pkt 288 800 0.36 1
Node 42 39 13.6015
Pkt 90 250 0.36 1
Pkt 70 192 0.364583 1
Rate:722.381
==========
==========55
7 0 2 24000
Node 43 65 16.5529
Pkt 54 150 0.36 1
Pkt 58 160 0.3625 1
Node 28 68 28.4253
Pkt 116 320 0.3625 1
Pkt 173 480 0.360417 1
Node 40 73 25.0799
Pkt 270 750 0.36 1
Pkt 270 750 0.36 1
Node 49 47 3.16228
Pkt 44 120 0.366667 1
Pkt 70 192 0.364583 1
Node 30 25 32.0156
Pkt 173 480 0.360417 1
Pkt 135 375 0.36 1
Node 43 40 12.2066
Pkt 288 800 0.36 1
Pkt 270 750 0.36 1
Node 42 48 8.24621
Pkt 72 200 0.36 1
Pkt 72 200 0.36 1
Rate:722.44
==========
==========56
7 0 2 24000
Node 40 34 18.868
Pkt 90 250 0.36 1
Pkt 72 200 0.36 1
Node 29 51 21.0238
Pkt 144 400 0.36 1
Pkt 135 375 0.36 1
Node 69 27 29.8329
Pkt 288 800 0.36 1
Pkt 270 750 0.36 1
Node 31 70 27.5862
Pkt 36 100 0.36 1
Pkt 72 200 0.36 1
Node 51 51 1.41421
Pkt 173 480 0.360417 1
Pkt 144 400 0.36 1
Node 33 64 22.0227
Pkt 288 800 0.36 1
Pkt 270 750 0.36 1
Node 56 28 22.8035
Pkt 45 125 0.36 1
Pkt 87 240 0.3625 1
Rate:720.417
==========
==========57
7 0 2 24000
Node 27 63 26.4197
Pkt 45 125 0.36 1
Pkt 36 100 0.36 1
Node 61 39 15.5563
Pkt 135 375 0.36 1
Pkt 116 320 0.3625 1
Node 45 25 25.4951
Pkt 288 800 0.36 1
Pkt 270 750 0.36 1
Node 47 73 23.1948
Pkt 90 250 0.36 1
Pkt 45 125 0.36 1
Node 37 37 18.3848
Pkt 135 375 0.36 1
Pkt 116 320 0.3625 1
Node 38 50 12
Pkt 288 800 0.36 1
Pkt 288 800 0.36 1
Node 46 25 25.318
Pkt 44 120 0.366667 1
Pkt 72 200 0.36 1
Rate:721.667
==========
==========58
7 0 2 24000
Node 51 69 19.0263
Pkt 87 240 0.3625 1
Pkt 45 125 0.36 1
Node 37 73 26.4197
Pkt 144 400 0.36 1
Pkt 173 480 0.360417 1
Node 74 28 32.5576
Pkt 288 800 0.36 1
Pkt 270 750 0.36 1
Node 59 28 23.7697
Pkt 45 125 0.36 1
Pkt 36 100 0.36 1
Node 46 47 5
Pkt 135 375 0.36 1
Pkt 108 300 0.36 1
Node 38 51 12.0416
Pkt 288 800 0.36 1
Pkt 288 800 0.36 1
Node 36 48 14.1421
Pkt 70 192 0.364583 1
Pkt 54 150 0.36 1
Rate:721.071
==========
==========59
7 0 2 24000
Node 56 37 14.3178
Pkt 44 120 0.366667 1
Pkt 87 240 0.3625 1
Node 42 48 8.24621
Pkt 116 320 0.3625 1
Pkt 173 480 0.360417 1
Node 71 67 27.0185
Pkt 270 750 0.36 1
Pkt 288 800 0.36 1
Node 36 46 14.5602
Pkt 36 100 0.36 1
Pkt 58 160 0.3625 1
Node 67 65 22.6716
Pkt 135 375 0.36 1
Pkt 144 400 0.36 1
Node 44 56 8.48528
Pkt 288 800 0.36 1
Pkt 288 800 0.36 1
Node 32 59 20.1246
Pkt 44 120 0.366667 1
Pkt 70 192 0.364583 1
Rate:723.69
==========
==========60
7 0 2 24000
Node 26 47 24.1868
Pkt 36 100 0.36 1
Pkt 44 120 0.366667 1
Node 47 72 22.2036
Pkt 116 320 0.3625 1
Pkt 108 300 0.36 1
Node 62 41 15
Pkt 288 800 0.36 1
Pkt 288 800 0.36 1
Node 73 39 25.4951
Pkt 44 120 0.366667 1
Pkt 58 160 0.3625 1
Node 45 59 10.2956
Pkt 144 400 0.36 1
Pkt 135 375 0.36 1
Node 64 54 14.5602
Pkt 270 750 0.36 1
Pkt 288 800 0.36 1
Node 36 62 18.4391
Pkt 58 160 0.3625 1
Pkt 36 100 0.36 1
Rate:722.976
==========
==========61
7 0 2 24000
Node 62 37 17.6918
Pkt 36 100 0.36 1
Pkt 36 100 0.36 1
Node 74 27 33.2415
Pkt 108 300 0.36 1
Pkt 173 480 0.360417 1
Node 73 47 23.1948
Pkt 288 800 0.36 1
Pkt 270 750 0.36 1
Node 55 60 11.1803
Pkt 44 120 0.366667 1
Pkt 90 250 0.36 1
Node 51 37 13.0384
Pkt 116 320 0.3625 1
Pkt 135 375 0.36 1
Node 27 40 25.0799
Pkt 270 750 0.36 1
Pkt 288 800 0.36 1
Node 49 33 17.0294
Pkt 87 240 0.3625 1
Pkt 72 200 0.36 1
Rate:721.726
==========
==========62
7 0 2 24000
Node 60 57 12.2066
Pkt 72 200 0.36 1
Pkt 72 200 0.36 1
Node 69 36 23.6008
Pkt 135 375 0.36 1
Pkt 108 300 0.36 1
Node 59 61 14.2127
Pkt 270 750 0.36 1
Pkt 288 800 0.36 1
Node 65 56 16.1555
Pkt 90 250 0.36 1
Pkt 58 160 0.3625 1
Node 33 64 22.0227
Pkt 173 480 0.360417 1
Pkt 135 375 0.36 1
Node 50 34 16
Pkt 270 750 0.36 1
Pkt 288 800 0.36 1
Node 54 45 6.40312
Pkt 87 240 0.3625 1
Pkt 36 100 0.36 1
Rate:720.774
==========
==========63
7 0 2 24000
Node 56 31 19.9249
Pkt 70 192 0.364583 1
Pkt 54 150 0.36 1
Node 44 63 14.3178
Pkt 135 375 0.36 1
Pkt 135 375 0.36 1
Node 58 72 23.4094
Pkt 270 750 0.36 1
Pkt 270 750 0.36 1
Node 69 74 30.6105
Pkt 44 120 0.366667 1
Pkt 72 200 0.36 1
Node 55 35 15.8114
Pkt 144 400 0.36 1
Pkt 108 300 0.36 1
Node 56 51 6.08276
Pkt 288 800 0.36 1
Pkt 288 800 0.36 1
Node 58 66 17.8885
Pkt 45 125 0.36 1
Pkt 58 160 0.3625 1
Rate:721.964
==========
==========64
7 0 2 24000
Node 51 43 7.07107
Pkt 72 200 0.36 1
Pkt 44 120 0.366667 1
Node 38 64 18.4391
Pkt 108 300 0.36 1
Pkt 173 480 0.360417 1
Node 48 57 7.28011
Pkt 288 800 0.36 1
Pkt 270 750 0.36 1
Node 64 26 27.7849
Pkt 58 160 0.3625 1
Pkt 72 200 0.36 1
Node 61 44 12.53
Pkt 108 300 0.36 1
Pkt 116 320 0.3625 1
Node 51 48 2.23607
Pkt 288 800 0.36 1
Pkt 288 800 0.36 1
Node 50 31 19
Pkt 58 160 0.3625 1
Pkt 45 125 0.36 1
Rate:722.083
==========
==========65
7 0 2 24000
Node 29 63 24.6982
Pkt 72 200 0.36 1
Pkt 54 150 0.36 1
Node 64 37 19.105
Pkt 116 320 0.3625 1
Pkt 173 480 0.360417 1
Node 37 52 13.1529
Pkt 288 800 0.36 1
Pkt 288 800 0.36 1
Node 55 67 17.72
Pkt 87 240 0.3625 1
Pkt 72 200 0.36 1
Node 41 58 12.0416
Pkt 173 480 0.360417 1
Pkt 108 300 0.36 1
Node 60 29 23.2594
Pkt 288 800 0.36 1
Pkt 270 750 0.36 1
Node 68 60 20.5913
Pkt 72 200 0.36 1
Pkt 45 125 0.36 1
Rate:720.833
==========
==========66
7 0 2 24000
Node 28 61 24.5967
Pkt 45 125 0.36 1
Pkt 72 200 0.36 1
Node 51 61 11.0454
Pkt 144 400 0.36 1
Pkt 173 480 0.360417 1
Node 61 37 17.0294
Pkt 288 800 0.36 1
Pkt 270 750 0.36 1
Node 45 55 7.07107
Pkt 45 125 0.36 1
Pkt 87 240 0.3625 1
Node 47 45 5.83095
Pkt 116 320 0.3625 1
Pkt 135 375 0.36 1
Node 50 35 15
Pkt 270 750 0.36 1
Pkt 270 750 0.36 1
Node 26 35 28.3019
Pkt 44 120 0.366667 1
Pkt 70 192 0.364583 1
Rate:722.381
==========
==========67
7 0 2 24000
Node 58 73 24.3516
Pkt 72 200 0.36 1
Pkt 58 160 0.3625 1
Node 72 52 22.0907
Pkt 108 300 0.36 1
Pkt 108 300 0.36 1
Node 74 28 32.5576
Pkt 288 800 0.36 1
Pkt 270 750 0.36 1
Node 70 55 20.6155
Pkt 87 240 0.3625 1
Pkt 87 240 0.3625 1
Node 67 70 26.2488
Pkt 173 480 0.360417 1
Pkt 116 320 0.3625 1
Node 33 32 24.7588
Pkt 288 800 0.36 1
Pkt 288 800 0.36 1
Node 66 59 18.3576
Pkt 70 192 0.364583 1
Pkt 36 100 0.36 1
Rate:722.143
==========
==========68
7 0 2 24000
Node 55 66 16.7631
Pkt 72 200 0.36 1
Pkt 45 125 0.36 1
Node 50 52 2
Pkt 135 375 0.36 1
Pkt 173 480 0.360417 1
Node 74 58 25.2982
Pkt 288 800 0.36 1
Pkt 270 750 0.36 1
Node 71 59 22.8473
Pkt 36 100 0.36 1
Pkt 36 100 0.36 1
Node 62 34 20
Pkt 135 375 0.36 1
Pkt 173 480 0.360417 1
Node 32 64 22.8035
Pkt 270 750 0.36 1
Pkt 270 750 0.36 1
Node 46 26 24.3311
Pkt 90 250 0.36 1
Pkt 90 250 0.36 1
Rate:720.119
==========
==========69
7 0 2 24000
Node 48 66 16.1245
Pkt 54 150 0.36 1
Pkt 54 150 0.36 1
Node 67 35 22.6716
Pkt 135 375 0.36 1
Pkt 135 375 0.36 1
Node 40 28 24.1661
Pkt 288 800 0.36 1
Pkt 288 800 0.36 1
Node 45 26 24.5153
Pkt 90 250 0.36 1
Pkt 90 250 0.36 1
Node 44 36 15.2315
Pkt 173 480 0.360417 1
Pkt 135 375 0.36 1
Node 61 68 21.095
Pkt 288 800 0.36 1
Pkt 288 800 0.36 1
Node 54 68 18.4391
Pkt 70 192 0.364583 1
Pkt 90 250 0.36 1
Rate:720.714
==========
==========70
7 0 2 24000
Node 47 54 5
Pkt 70 192 0.364583 1
Pkt 36 100 0.36 1
Node 65 71 25.807
Pkt 116 320 0.3625 1
Pkt 173 480 0.360417 1
Node 34 34 22.6274
Pkt 288 800 0.36 1
Pkt 270 750 0.36 1
Node 29 61 23.7065
Pkt 72 200 0.36 1
Pkt 54 150 0.36 1
Node 70 47 20.2237
Pkt 173 480 0.360417 1
Pkt 135 375 0.36 1
Node 74 74 33.9411
Pkt 270 750 0.36 1
Pkt 288 800 0.36 1
Node 27 68 29.2062
Pkt 72 200 0.36 1
Pkt 87 240 0.3625 1
Rate:721.488
==========
==========71
7 0 2 24000
Node 55 61 12.083
Pkt 58 160 0.3625 1
Pkt 87 240 0.3625 1
Node 30 56 20.8806
Pkt 173 480 0.360417 1
Pkt 135 375 0.36 1
Node 51 41 9.05539
Pkt 270 750 0.36 1
Pkt 270 750 0.36 1
Node 57 38 13.8924
Pkt 87 240 0.3625 1
Pkt 87 240 0.3625 1
Node 29 53 21.2132
Pkt 135 375 0.36 1
Pkt 116 320 0.3625 1
Node 72 52 22.0907
Pkt 270 750 0.36 1
Pkt 270 750 0.36 1
Node 30 62 23.3238
Pkt 44 120 0.366667 1
Pkt 58 160 0.3625 1
Rate:723.155
==========
==========72
7 0 2 24000
Node 73 74 33.2415
Pkt 90 250 0.36 1
Pkt 44 120 0.366667 1
Node 61 55 12.083
Pkt 108 300 0.36 1
Pkt 173 480 0.360417 1
Node 74 63 27.2947
Pkt 288 800 0.36 1
Pkt 270 750 0.36 1
Node 42 68 19.6977
Pkt 45 125 0.36 1
Pkt 36 100 0.36 1
Node 44 28 22.8035
Pkt 135 375 0.36 1
Pkt 116 320 0.3625 1
Node 61 26 26.4008
Pkt 288 800 0.36 1
Pkt 288 800 0.36 1
Node 51 71 21.0238
Pkt 54 150 0.36 1
Pkt 36 100 0.36 1
Rate:721.369
==========
==========73
7 0 2 24000
Node 69 47 19.2354
Pkt 58 160 0.3625 1
Pkt 87 240 0.3625 1
Node 45 61 12.083
Pkt 173 480 0.360417 1
Pkt 135 375 0.36 1
Node 69 45 19.6469
Pkt 270 750 0.36 1
Pkt 270 750 0.36 1
Node 29 32 27.6586
Pkt 54 150 0.36 1
Pkt 72 200 0.36 1
Node 55 57 8.60233
Pkt 108 300 0.36 1
Pkt 135 375 0.36 1
Node 69 45 19.6469
Pkt 270 750 0.36 1
Pkt 288 800 0.36 1
Node 35 26 28.3019
Pkt 45 125 0.36 1
Pkt 70 192 0.364583 1
Rate:721.429
==========
==========74
7 0 2 24000
Node 69 60 21.4709
Pkt 54 150 0.36 1
Pkt 36 100 0.36 1
Node 25 51 25.02
Pkt 144 400 0.36 1
Pkt 116 320 0.3625 1
Node 55 70 20.6155
Pkt 288 800 0.36 1
Pkt 270 750 0.36 1
Node 65 41 17.4929
Pkt 54 150 0.36 1
Pkt 70 192 0.364583 1
Node 51 64 14.0357
Pkt 173 480 0.360417 1
Pkt 135 375 0.36 1
Node 65 70 25
Pkt 270 750 0.36 1
Pkt 270 750 0.36 1
Node 70 29 29
Pkt 44 120 0.366667 1
Pkt 54 150 0.36 1
Rate:722.024
==========
==========75
7 0 2 24000
Node 44 55 7.81025
Pkt 87 240 0.3625 1
Pkt 58 160 0.3625 1
Node 34 25 29.6816
Pkt 108 300 0.36 1
Pkt 108 300 0.36 1
Node 63 62 17.6918
Pkt 288 800 0.36 1
Pkt 270 750 0.36 1
Node 31 36 23.6008
Pkt 87 240 0.3625 1
Pkt 90 250 0.36 1
Node 49 39 11.0454
Pkt 116 320 0.3625 1
Pkt 108 300 0.36 1
Node 60 27 25.0799
Pkt 288 800 0.36 1
Pkt 288 800 0.36 1
Node 38 27 25.9422
Pkt 58 160 0.3625 1
Pkt 87 240 0.3625 1
Rate:722.143
==========
==========76
7 0 2 24000
Node 32 41 20.1246
Pkt 87 240 0.3625 1
Pkt 87 240 0.3625 1
Node 34 68 24.0832
Pkt 108 300 0.36 1
Pkt 116 320 0.3625 1
Node 52 35 15.1327
Pkt 270 750 0.36 1
Pkt 288 800 0.36 1
Node 57 60 12.2066
Pkt 44 120 0.366667 1
Pkt 44 120 0.366667 1
Node 60 46 10.7703
Pkt 173 480 0.360417 1
Pkt 135 375 0.36 1
Node 59 66 18.3576
Pkt 288 800 0.36 1
Pkt 288 800 0.36 1
Node 56 44 8.48528
Pkt 87 240 0.3625 1
Pkt 36 100 0.36 1
Rate:723.393
==========
==========77
7 0 2 24000
Node 40 67 19.7231
Pkt 87 240 0.3625 1
Pkt 45 125 0.36 1
Node 47 44 6.7082
Pkt 116 320 0.3625 1
Pkt 116 320 0.3625 1
Node 31 44 19.9249
Pkt 270 750 0.36 1
Pkt 288 800 0.36 1
Node 35 51 15.0333
Pkt 72 200 0.36 1
Pkt 90 250 0.36 1
Node 32 71 27.6586
Pkt 108 300 0.36 1
Pkt 135 375 0.36 1
Node 65 51 15.0333
Pkt 288 800 0.36 1
Pkt 270 750 0.36 1
Node 50 65 15
Pkt 54 150 0.36 1
Pkt 90 250 0.36 1
Rate:721.071
==========
==========78
7 0 2 24000
Node 61 54 11.7047
Pkt 87 240 0.3625 1
Pkt 45 125 0.36 1
Node 52 66 16.1245
Pkt 108 300 0.36 1
Pkt 108 300 0.36 1
Node 55 69 19.6469
Pkt 270 750 0.36 1
Pkt 288 800 0.36 1
Node 67 34 23.3452
Pkt 54 150 0.36 1
Pkt 36 100 0.36 1
Node 72 37 25.5539
Pkt 173 480 0.360417 1
Pkt 135 375 0.36 1
Node 36 68 22.8035
Pkt 270 750 0.36 1
Pkt 270 750 0.36 1
Node 42 47 8.544
Pkt 87 240 0.3625 1
Pkt 45 125 0.36 1
Rate:720.774
==========
==========79
7 0 2 24000
Node 56 62 13.4164
Pkt 44 120 0.366667 1
Pkt 72 200 0.36 1
Node 44 26 24.7386
Pkt 108 300 0.36 1
Pkt 135 375 0.36 1
Node 68 71 27.6586
Pkt 288 800 0.36 1
Pkt 270 750 0.36 1
Node 25 31 31.4006
Pkt 72 200 0.36 1
Pkt 45 125 0.36 1
Node 55 51 5.09902
Pkt 144 400 0.36 1
Pkt 116 320 0.3625 1
Node 40 26 26
Pkt 288 800 0.36 1
Pkt 270 750 0.36 1
Node 62 61 16.2788
Pkt 36 100 0.36 1
Pkt 36 100 0.36 1
Rate:721.31
==========
==========80
7 0 2 24000
Node 34 54 16.4924
Pkt 90 250 0.36 1
Pkt 58 160 0.3625 1
Node 30 39 22.8254
Pkt 144 400 0.36 1
Pkt 108 300 0.36 1
Node 56 74 24.7386
Pkt 270 750 0.36 1
Pkt 288 800 0.36 1
Node 44 26 24.7386
Pkt 36 100 0.36 1
Pkt 44 120 0.366667 1
Node 28 39 24.5967
Pkt 144 400 0.36 1
Pkt 116 320 0.3625 1
Node 38 37 17.6918
Pkt 288 800 0.36 1
Pkt 288 800 0.36 1
Node 34 61 19.4165
Pkt 45 125 0.36 1
Pkt 54 150 0.36 1
Rate:721.667
==========
==========81
7 0 2 24000
Node 66 74 28.8444
Pkt 70 192 0.364583 1
Pkt 87 240 0.3625 1
Node 64 68 22.8035
Pkt 108 300 0.36 1
Pkt 108 300 0.36 1
Node 63 58 15.2643
Pkt 288 800 0.36 1
Pkt 288 800 0.36 1
Node 27 69 29.8329
Pkt 54 150 0.36 1
Pkt 44 120 0.366667 1
Node 37 72 25.5539
Pkt 135 375 0.36 1
Pkt 173 480 0.360417 1
Node 55 69 19.6469
Pkt 270 750 0.36 1
Pkt 270 750 0.36 1
Node 52 28 22.0907
Pkt 87 240 0.3625 1
Pkt 90 250 0.36 1
Rate:722.381
==========
==========82
7 0 2 24000
Node 49 40 10.0499
Pkt 58 160 0.3625 1
Pkt 44 120 0.366667 1
Node 52 74 24.0832
Pkt 144 400 0.36 1
Pkt 173 480 0.360417 1
Node 46 64 14.5602
Pkt 270 750 0.36 1
Pkt 288 800 0.36 1
Node 70 64 24.4131
Pkt 54 150 0.36 1
Pkt 58 160 0.3625 1
Node 54 63 13.6015
Pkt 108 300 0.36 1
Pkt 108 300 0.36 1
Node 57 60 12.2066
Pkt 288 800 0.36 1
Pkt 288 800 0.36 1
Node 41 35 17.4929
Pkt 70 192 0.364583 1
Pkt 72 200 0.36 1
Rate:722.381
==========
==========83
7 0 2 24000
Node 59 49 9.05539
Pkt 90 250 0.36 1
Pkt 36 100 0.36 1
Node 49 57 7.07107
Pkt 116 320 0.3625 1
Pkt 116 320 0.3625 1
Node 28 71 30.4138
Pkt 288 800 0.36 1
Pkt 288 800 0.36 1
Node 70 52 20.0998
Pkt 87 240 0.3625 1
Pkt 72 200 0.36 1
Node 32 68 25.4558
Pkt 173 480 0.360417 1
Pkt 135 375 0.36 1
Node 35 26 28.3019
Pkt 270 750 0.36 1
Pkt 288 800 0.36 1
Node 63 54 13.6015
Pkt 36 100 0.36 1
Pkt 36 100 0.36 1
Rate:721.131
==========
==========84
7 0 2 24000
Node 38 68 21.6333
Pkt 36 100 0.36 1
Pkt 58 160 0.3625 1
Node 38 29 24.1868
Pkt 144 400 0.36 1
Pkt 144 400 0.36 1
Node 61 61 15.5563
Pkt 270 750 0.36 1
Pkt 270 750 0.36 1
Node 59 27 24.6982
Pkt 58 160 0.3625 1
Pkt 36 100 0.36 1
Node 69 56 19.9249
Pkt 173 480 0.360417 1
Pkt 135 375 0.36 1
Node 49 32 18.0278
Pkt 270 750 0.36 1
Pkt 270 750 0.36 1
Node 45 60 11.1803
Pkt 58 160 0.3625 1
Pkt 54 150 0.36 1
Rate:721.131
==========
==========85
7 0 2 24000
Node 61 64 17.8045
Pkt 90 250 0.36 1
Pkt 72 200 0.36 1
Node 49 67 17.0294
Pkt 144 400 0.36 1
Pkt 135 375 0.36 1
Node 29 38 24.1868
Pkt 288 800 0.36 1
Pkt 270 750 0.36 1
Node 49 45 5.09902
Pkt 36 100 0.36 1
Pkt 90 250 0.36 1
Node 25 28 33.3017
Pkt 144 400 0.36 1
Pkt 135 375 0.36 1
Node 38 44 13.4164
Pkt 288 800 0.36 1
Pkt 288 800 0.36 1
Node 71 48 21.095
Pkt 36 100 0.36 1
Pkt 70 192 0.364583 1
Rate:720.655
==========
==========86
7 0 2 24000
Node 36 34 21.2603
Pkt 87 240 0.3625 1
Pkt 72 200 0.36 1
Node 61 61 15.5563
Pkt 144 400 0.36 1
Pkt 135 375 0.36 1
Node 30 46 20.3961
Pkt 288 800 0.36 1
Pkt 288 800 0.36 1
Node 47 62 12.3693
Pkt 70 192 0.364583 1
Pkt 70 192 0.364583 1
Node 28 49 22.0227
Pkt 173 480 0.360417 1
Pkt 108 300 0.36 1
Node 33 58 18.7883
Pkt 270 750 0.36 1
Pkt 288 800 0.36 1
Node 64 73 26.9258
Pkt 58 160 0.3625 1
Pkt 44 120 0.366667 1
Rate:723.036
==========
==========87
7 0 2 24000
Node 48 65 15.1327
Pkt 45 125 0.36 1
Pkt 54 150 0.36 1
Node 62 73 25.9422
Pkt 173 480 0.360417 1
Pkt 108 300 0.36 1
Node 52 74 24.0832
Pkt 270 750 0.36 1
Pkt 288 800 0.36 1
Node 65 38 19.2094
Pkt 87 240 0.3625 1
Pkt 58 160 0.3625 1
Node 32 64 22.8035
Pkt 108 300 0.36 1
Pkt 108 300 0.36 1
Node 33 57 18.3848
Pkt 270 750 0.36 1
Pkt 288 800 0.36 1
Node 36 54 14.5602
Pkt 90 250 0.36 1
Pkt 44 120 0.366667 1
Rate:721.726
==========
==========88
7 0 2 24000
Node 73 34 28.0179
Pkt 70 192 0.364583 1
Pkt 70 192 0.364583 1
Node 73 61 25.4951
Pkt 108 300 0.36 1
Pkt 116 320 0.3625 1
Node 63 48 13.1529
Pkt 288 800 0.36 1
Pkt 270 750 0.36 1
Node 67 51 17.0294
Pkt 90 250 0.36 1
Pkt 70 192 0.364583 1
Node 44 41 10.8167
Pkt 108 300 0.36 1
Pkt 116 320 0.3625 1
Node 48 51 2.23607
Pkt 270 750 0.36 1
Pkt 288 800 0.36 1
Node 63 45 13.9284
Pkt 58 160 0.3625 1
Pkt 36 100 0.36 1
Rate:723.036
==========
==========89
7 0 2 24000
Node 32 57 19.3132
Pkt 90 250 0.36 1
Pkt 36 100 0.36 1
Node 40 51 10.0499
Pkt 144 400 0.36 1
Pkt 108 300 0.36 1
Node 34 45 16.7631
Pkt 288 800 0.36 1
Pkt 288 800 0.36 1
Node 42 52 8.24621
Pkt 70 192 0.364583 1
Pkt 36 100 0.36 1
Node 56 48 6.32456
Pkt 173 480 0.360417 1
Pkt 135 375 0.36 1
Node 69 57 20.2485
Pkt 270 750 0.36 1
Pkt 270 750 0.36 1
Node 58 57 10.6301
Pkt 58 160 0.3625 1
Pkt 72 200 0.36 1
Rate:721.071
==========
==========90
7 0 2 24000
Node 66 65 21.9317
Pkt 70 192 0.364583 1
Pkt 44 120 0.366667 1
Node 38 28 25.0599
Pkt 116 320 0.3625 1
Pkt 108 300 0.36 1
Node 58 31 20.6155
Pkt 270 750 0.36 1
Pkt 288 800 0.36 1
Node 36 27 26.9258
Pkt 72 200 0.36 1
Pkt 87 240 0.3625 1
Node 59 39 14.2127
Pkt 108 300 0.36 1
Pkt 135 375 0.36 1
Node 54 30 20.3961
Pkt 270 750 0.36 1
Pkt 288 800 0.36 1
Node 29 42 22.4722
Pkt 45 125 0.36 1
Pkt 70 192 0.364583 1
Rate:722.976
==========
==========91
7 0 2 24000
Node 65 44 16.1555
Pkt 72 200 0.36 1
Pkt 70 192 0.364583 1
Node 74 42 25.2982
Pkt 144 400 0.36 1
Pkt 116 320 0.3625 1
Node 74 58 25.2982
Pkt 270 750 0.36 1
Pkt 288 800 0.36 1
Node 63 25 28.178
Pkt 45 125 0.36 1
Pkt 72 200 0.36 1
Node 49 66 16.0312
Pkt 144 400 0.36 1
Pkt 144 400 0.36 1
Node 73 54 23.3452
Pkt 270 750 0.36 1
Pkt 270 750 0.36 1
Node 45 71 21.587
Pkt 87 240 0.3625 1
Pkt 36 100 0.36 1
Rate:721.369
==========
==========92
7 0 2 24000
Node 41 50 9
Pkt 44 120 0.366667 1
Pkt 54 150 0.36 1
Node 51 39 11.0454
Pkt 116 320 0.3625 1
Pkt 116 320 0.3625 1
Node 25 69 31.4006
Pkt 288 800 0.36 1
Pkt 270 750 0.36 1
Node 74 58 25.2982
Pkt 72 200 0.36 1
Pkt 87 240 0.3625 1
Node 64 39 17.8045
Pkt 173 480 0.360417 1
Pkt 108 300 0.36 1
Node 64 52 14.1421
Pkt 288 800 0.36 1
Pkt 270 750 0.36 1
Node 55 70 20.6155
Pkt 44 120 0.366667 1
Pkt 72 200 0.36 1
Rate:723.036
==========
==========93
7 0 2 24000
Node 50 48 2
Pkt 44 120 0.366667 1
Pkt 90 250 0.36 1
Node 49 41 9.05539
Pkt 135 375 0.36 1
Pkt 144 400 0.36 1
Node 60 52 10.198
Pkt 288 800 0.36 1
Pkt 270 750 0.36 1
Node 65 48 15.1327
Pkt 54 150 0.36 1
Pkt 54 150 0.36 1
Node 30 56 20.8806
Pkt 173 480 0.360417 1
Pkt 116 320 0.3625 1
Node 73 54 23.3452
Pkt 270 750 0.36 1
Pkt 288 800 0.36 1
Node 36 57 15.6525
Pkt 90 250 0.36 1
Pkt 90 250 0.36 1
Rate:721.369
==========
==========94
7 0 2 24000
Node 50 66 16
Pkt 45 125 0.36 1
Pkt 90 250 0.36 1
Node 32 33 24.7588
Pkt 135 375 0.36 1
Pkt 173 480 0.360417 1
Node 29 63 24.6982
Pkt 288 800 0.36 1
Pkt 270 750 0.36 1
Node 28 55 22.561
Pkt 44 120 0.366667 1
Pkt 58 160 0.3625 1
Node 43 43 9.89949
Pkt 116 320 0.3625 1
Pkt 116 320 0.3625 1
Node 40 52 10.198
Pkt 288 800 0.36 1
Pkt 270 750 0.36 1
Node 56 36 15.2315
Pkt 70 192 0.364583 1
Pkt 90 250 0.36 1
Rate:722.738
==========
==========95
7 0 2 24000
Node 33 29 27.0185
Pkt 58 160 0.3625 1
Pkt 45 125 0.36 1
Node 27 45 23.5372
Pkt 144 400 0.36 1
Pkt 173 480 0.360417 1
Node 45 69 19.6469
Pkt 288 800 0.36 1
Pkt 288 800 0.36 1
Node 41 61 14.2127
Pkt 45 125 0.36 1
Pkt 54 150 0.36 1
Node 64 54 14.5602
Pkt 116 320 0.3625 1
Pkt 135 375 0.36 1
Node 46 39 11.7047
Pkt 270 750 0.36 1
Pkt 270 750 0.36 1
Node 69 58 20.6155
Pkt 87 240 0.3625 1
Pkt 45 125 0.36 1
Rate:721.131
==========
==========96
7 0 2 24000
Node 65 72 26.6271
Pkt 44 120 0.366667 1
Pkt 70 192 0.364583 1
Node 64 54 14.5602
Pkt 144 400 0.36 1
Pkt 144 400 0.36 1
Node 67 31 25.4951
Pkt 270 750 0.36 1
Pkt 288 800 0.36 1
Node 63 35 19.8494
Pkt 36 100 0.36 1
Pkt 70 192 0.364583 1
Node 44 31 19.9249
Pkt 144 400 0.36 1
Pkt 116 320 0.3625 1
Node 44 31 19.9249
Pkt 288 800 0.36 1
Pkt 270 750 0.36 1
Node 45 57 8.60233
Pkt 44 120 0.366667 1
Pkt 44 120 0.366667 1
Rate:724.524
==========
==========97
7 0 2 24000
Node 29 51 21.0238
Pkt 87 240 0.3625 1
Pkt 87 240 0.3625 1
Node 66 51 16.0312
Pkt 116 320 0.3625 1
Pkt 108 300 0.36 1
Node 69 73 29.8329
Pkt 270 750 0.36 1
Pkt 270 750 0.36 1
Node 45 28 22.561
Pkt 87 240 0.3625 1
Pkt 45 125 0.36 1
Node 56 42 10
Pkt 135 375 0.36 1
Pkt 135 375 0.36 1
Node 27 45 23.5372
Pkt 288 800 0.36 1
Pkt 270 750 0.36 1
Node 31 64 23.6008
Pkt 44 120 0.366667 1
Pkt 90 250 0.36 1
Rate:722.381
==========
==========98
7 0 2 24000
Node 45 53 5.83095
Pkt 90 250 0.36 1
Pkt 45 125 0.36 1
Node 40 29 23.2594
Pkt 108 300 0.36 1
Pkt 108 300 0.36 1
Node 52 55 5.38516
Pkt 288 800 0.36 1
Pkt 270 750 0.36 1
Node 31 70 27.5862
Pkt 44 120 0.366667 1
Pkt 45 125 0.36 1
Node 25 45 25.4951
Pkt 108 300 0.36 1
Pkt 108 300 0.36 1
Node 61 54 11.7047
Pkt 270 750 0.36 1
Pkt 270 750 0.36 1
Node 58 68 19.6977
Pkt 36 100 0.36 1
Pkt 70 192 0.364583 1
Rate:721.607
==========
==========99
