1 0 2 24000
Node 58 64 16.1245
Pkt 30 300 0.1 1
Pkt 75 750 0.1 1
Rate:200
==========
==========0
1 0 2 24000
Node 29 38 24.1868
Pkt 48 480 0.1 1
Pkt 25 250 0.1 1
Rate:200
==========
==========1
1 0 2 24000
Node 35 39 18.6011
Pkt 75 750 0.1 1
Pkt 20 200 0.1 1
Rate:200
==========
==========2
1 0 2 24000
Node 58 46 8.94427
Pkt 50 500 0.1 1
Pkt 48 480 0.1 1
Rate:200
==========
==========3
1 0 2 24000
Node 66 63 20.6155
Pkt 20 200 0.1 1
Pkt 32 320 0.1 1
Rate:200
==========
==========4
1 0 2 24000
Node 48 31 19.105
Pkt 40 400 0.1 1
Pkt 38 375 0.101333 1
Rate:201.333
==========
==========5
1 0 2 24000
Node 71 43 22.1359
Pkt 40 400 0.1 1
Pkt 20 200 0.1 1
Rate:200
==========
==========6
1 0 2 24000
Node 62 53 12.3693
Pkt 30 300 0.1 1
Pkt 40 400 0.1 1
Rate:200
==========
==========7
1 0 2 24000
Node 41 74 25.632
Pkt 24 240 0.1 1
Pkt 50 500 0.1 1
Rate:200
==========
==========8
1 0 2 24000
Node 26 67 29.4109
Pkt 50 500 0.1 1
Pkt 40 400 0.1 1
Rate:200
==========
==========9
1 0 2 24000
Node 59 40 13.4536
Pkt 38 375 0.101333 1
Pkt 32 320 0.1 1
Rate:201.333
==========
==========10
1 0 2 24000
Node 72 70 29.7321
Pkt 20 200 0.1 1
Pkt 38 375 0.101333 1
Rate:201.333
==========
==========11
1 0 2 24000
Node 58 70 21.5407
Pkt 32 320 0.1 1
Pkt 32 320 0.1 1
Rate:200
==========
==========12
1 0 2 24000
Node 52 28 22.0907
Pkt 24 240 0.1 1
Pkt 30 300 0.1 1
Rate:200
==========
==========13
1 0 2 24000
Node 73 46 23.3452
Pkt 75 750 0.1 1
Pkt 30 300 0.1 1
Rate:200
==========
==========14
1 0 2 24000
Node 32 36 22.8035
Pkt 30 300 0.1 1
Pkt 60 600 0.1 1
Rate:200
==========
==========15
1 0 2 24000
Node 28 30 29.7321
Pkt 48 480 0.1 1
Pkt 38 375 0.101333 1
Rate:201.333
==========
==========16
1 0 2 24000
Node 39 68 21.095
Pkt 50 500 0.1 1
Pkt 60 600 0.1 1
Rate:200
==========
==========17
1 0 2 24000
Node 72 52 22.0907
Pkt 38 375 0.101333 1
Pkt 75 750 0.1 1
Rate:201.333
==========
==========18
1 0 2 24000
Node 31 69 26.8701
Pkt 25 250 0.1 1
Pkt 40 400 0.1 1
Rate:200
==========
==========19
1 0 2 24000
Node 57 33 18.3848
Pkt 50 500 0.1 1
Pkt 50 500 0.1 1
Rate:200
==========
==========20
1 0 2 24000
Node 58 30 21.5407
Pkt 75 750 0.1 1
Pkt 32 320 0.1 1
Rate:200
==========
==========21
1 0 2 24000
Node 51 33 17.0294
Pkt 48 480 0.1 1
Pkt 38 375 0.101333 1
Rate:201.333
==========
==========22
1 0 2 24000
Node 44 57 9.21954
Pkt 38 375 0.101333 1
Pkt 32 320 0.1 1
Rate:201.333
==========
==========23
1 0 2 24000
Node 64 34 21.2603
Pkt 20 200 0.1 1
Pkt 20 200 0.1 1
Rate:200
==========
==========24
1 0 2 24000
Node 35 34 21.9317
Pkt 32 320 0.1 1
Pkt 48 480 0.1 1
Rate:200
==========
==========25
1 0 2 24000
Node 39 65 18.6011
Pkt 30 300 0.1 1
Pkt 25 250 0.1 1
Rate:200
==========
==========26
1 0 2 24000
Node 31 48 19.105
Pkt 32 320 0.1 1
Pkt 25 250 0.1 1
Rate:200
==========
==========27
1 0 2 24000
Node 73 49 23.0217
Pkt 24 240 0.1 1
Pkt 50 500 0.1 1
Rate:200
==========
==========28
1 0 2 24000
Node 55 73 23.5372
Pkt 20 200 0.1 1
Pkt 30 300 0.1 1
Rate:200
==========
==========29
1 0 2 24000
Node 31 52 19.105
Pkt 24 240 0.1 1
Pkt 75 750 0.1 1
Rate:200
==========
==========30
1 0 2 24000
Node 45 48 5.38516
Pkt 75 750 0.1 1
Pkt 30 300 0.1 1
Rate:200
==========
==========31
1 0 2 24000
Node 63 73 26.4197
Pkt 40 400 0.1 1
Pkt 75 750 0.1 1
Rate:200
==========
==========32
1 0 2 24000
Node 72 64 26.0768
Pkt 60 600 0.1 1
Pkt 40 400 0.1 1
Rate:200
==========
==========33
1 0 2 24000
Node 35 68 23.4307
Pkt 75 750 0.1 1
Pkt 30 300 0.1 1
Rate:200
==========
==========34
1 0 2 24000
Node 63 62 17.6918
Pkt 75 750 0.1 1
Pkt 60 600 0.1 1
Rate:200
==========
==========35
1 0 2 24000
Node 38 65 19.2094
Pkt 75 750 0.1 1
Pkt 24 240 0.1 1
Rate:200
==========
==========36
1 0 2 24000
Node 39 35 18.6011
Pkt 24 240 0.1 1
Pkt 25 250 0.1 1
Rate:200
==========
==========37
1 0 2 24000
Node 55 35 15.8114
Pkt 50 500 0.1 1
Pkt 40 400 0.1 1
Rate:200
==========
==========38
1 0 2 24000
Node 58 55 9.43398
Pkt 38 375 0.101333 1
Pkt 32 320 0.1 1
Rate:201.333
==========
==========39
1 0 2 24000
Node 44 40 11.6619
Pkt 32 320 0.1 1
Pkt 38 375 0.101333 1
Rate:201.333
==========
==========40
1 0 2 24000
Node 27 53 23.1948
Pkt 24 240 0.1 1
Pkt 20 200 0.1 1
Rate:200
==========
==========41
1 0 2 24000
Node 58 40 12.8062
Pkt 60 600 0.1 1
Pkt 20 200 0.1 1
Rate:200
==========
==========42
1 0 2 24000
Node 58 25 26.2488
Pkt 20 200 0.1 1
Pkt 40 400 0.1 1
Rate:200
==========
==========43
1 0 2 24000
Node 25 58 26.2488
Pkt 75 750 0.1 1
Pkt 50 500 0.1 1
Rate:200
==========
==========44
1 0 2 24000
Node 73 28 31.8277
Pkt 24 240 0.1 1
Pkt 32 320 0.1 1
Rate:200
==========
==========45
1 0 2 24000
Node 59 44 10.8167
Pkt 38 375 0.101333 1
Pkt 75 750 0.1 1
Rate:201.333
==========
==========46
1 0 2 24000
Node 74 39 26.4008
Pkt 24 240 0.1 1
Pkt 24 240 0.1 1
Rate:200
==========
==========47
1 0 2 24000
Node 69 58 20.6155
Pkt 48 480 0.1 1
Pkt 32 320 0.1 1
Rate:200
==========
==========48
1 0 2 24000
Node 70 56 20.8806
Pkt 30 300 0.1 1
Pkt 60 600 0.1 1
Rate:200
==========
==========49
1 0 2 24000
Node 31 38 22.4722
Pkt 60 600 0.1 1
Pkt 50 500 0.1 1
Rate:200
==========
==========50
1 0 2 24000
Node 50 31 19
Pkt 24 240 0.1 1
Pkt 50 500 0.1 1
Rate:200
==========
==========51
1 0 2 24000
Node 27 27 32.5269
Pkt 30 300 0.1 1
Pkt 24 240 0.1 1
Rate:200
==========
==========52
1 0 2 24000
Node 49 28 22.0227
Pkt 40 400 0.1 1
Pkt 40 400 0.1 1
Rate:200
==========
==========53
1 0 2 24000
Node 53 31 19.2354
Pkt 60 600 0.1 1
Pkt 75 750 0.1 1
Rate:200
==========
==========54
1 0 2 24000
Node 27 72 31.8277
Pkt 20 200 0.1 1
Pkt 48 480 0.1 1
Rate:200
==========
==========55
1 0 2 24000
Node 36 50 14
Pkt 75 750 0.1 1
Pkt 60 600 0.1 1
Rate:200
==========
==========56
1 0 2 24000
Node 30 42 21.5407
Pkt 25 250 0.1 1
Pkt 48 480 0.1 1
Rate:200
==========
==========57
1 0 2 24000
Node 62 65 19.2094
Pkt 24 240 0.1 1
Pkt 32 320 0.1 1
Rate:200
==========
==========58
1 0 2 24000
Node 45 35 15.8114
Pkt 25 250 0.1 1
Pkt 25 250 0.1 1
Rate:200
==========
==========59
1 0 2 24000
Node 44 66 17.088
Pkt 20 200 0.1 1
Pkt 50 500 0.1 1
Rate:200
==========
==========60
1 0 2 24000
Node 36 52 14.1421
Pkt 50 500 0.1 1
Pkt 40 400 0.1 1
Rate:200
==========
==========61
1 0 2 24000
Node 65 28 26.6271
Pkt 20 200 0.1 1
Pkt 48 480 0.1 1
Rate:200
==========
==========62
1 0 2 24000
Node 56 64 15.2315
Pkt 48 480 0.1 1
Pkt 24 240 0.1 1
Rate:200
==========
==========63
1 0 2 24000
Node 54 70 20.3961
Pkt 30 300 0.1 1
Pkt 38 375 0.101333 1
Rate:201.333
==========
==========64
1 0 2 24000
Node 74 62 26.8328
Pkt 48 480 0.1 1
Pkt 50 500 0.1 1
Rate:200
==========
==========65
1 0 2 24000
Node 69 46 19.4165
Pkt 40 400 0.1 1
Pkt 30 300 0.1 1
Rate:200
==========
==========66
1 0 2 24000
Node 59 30 21.9317
Pkt 32 320 0.1 1
Pkt 48 480 0.1 1
Rate:200
==========
==========67
1 0 2 24000
Node 63 74 27.2947
Pkt 30 300 0.1 1
Pkt 50 500 0.1 1
Rate:200
==========
==========68
1 0 2 24000
Node 57 29 22.1359
Pkt 50 500 0.1 1
Pkt 75 750 0.1 1
Rate:200
==========
==========69
1 0 2 24000
Node 34 73 28.0179
Pkt 48 480 0.1 1
Pkt 40 400 0.1 1
Rate:200
==========
==========70
1 0 2 24000
Node 33 64 22.0227
Pkt 60 600 0.1 1
Pkt 30 300 0.1 1
Rate:200
==========
==========71
1 0 2 24000
Node 40 25 26.9258
Pkt 20 200 0.1 1
Pkt 20 200 0.1 1
Rate:200
==========
==========72
1 0 2 24000
Node 25 39 27.313
Pkt 38 375 0.101333 1
Pkt 24 240 0.1 1
Rate:201.333
==========
==========73
1 0 2 24000
Node 45 35 15.8114
Pkt 24 240 0.1 1
Pkt 40 400 0.1 1
Rate:200
==========
==========74
1 0 2 24000
Node 68 50 18
Pkt 30 300 0.1 1
Pkt 40 400 0.1 1
Rate:200
==========
==========75
1 0 2 24000
Node 39 44 12.53
Pkt 75 750 0.1 1
Pkt 40 400 0.1 1
Rate:200
==========
==========76
1 0 2 24000
Node 59 73 24.6982
Pkt 48 480 0.1 1
Pkt 30 300 0.1 1
Rate:200
==========
==========77
1 0 2 24000
Node 47 70 20.2237
Pkt 20 200 0.1 1
Pkt 20 200 0.1 1
Rate:200
==========
==========78
1 0 2 24000
Node 36 32 22.8035
Pkt 30 300 0.1 1
Pkt 38 375 0.101333 1
Rate:201.333
==========
==========79
1 0 2 24000
Node 38 57 13.8924
Pkt 24 240 0.1 1
Pkt 38 375 0.101333 1
Rate:201.333
==========
==========80
1 0 2 24000
Node 63 71 24.6982
Pkt 75 750 0.1 1
Pkt 25 250 0.1 1
Rate:200
==========
==========81
1 0 2 24000
Node 50 30 20
Pkt 24 240 0.1 1
Pkt 24 240 0.1 1
Rate:200
==========
==========82
1 0 2 24000
Node 69 38 22.4722
Pkt 25 250 0.1 1
Pkt 24 240 0.1 1
Rate:200
==========
==========83
1 0 2 24000
Node 31 56 19.9249
Pkt 20 200 0.1 1
Pkt 24 240 0.1 1
Rate:200
==========
==========84
1 0 2 24000
Node 45 37 13.9284
Pkt 38 375 0.101333 1
Pkt 48 480 0.1 1
Rate:201.333
==========
==========85
1 0 2 24000
Node 32 46 18.4391
Pkt 20 200 0.1 1
Pkt 24 240 0.1 1
Rate:200
==========
==========86
1 0 2 24000
Node 51 40 10.0499
Pkt 24 240 0.1 1
Pkt 20 200 0.1 1
Rate:200
==========
==========87
1 0 2 24000
Node 70 36 24.4131
Pkt 40 400 0.1 1
Pkt 38 375 0.101333 1
Rate:201.333
==========
==========88
1 0 2 24000
Node 36 66 21.2603
Pkt 40 400 0.1 1
Pkt 50 500 0.1 1
Rate:200
==========
==========89
1 0 2 24000
Node 40 36 17.2047
Pkt 32 320 0.1 1
Pkt 50 500 0.1 1
Rate:200
==========
==========90
1 0 2 24000
Node 30 28 29.7321
Pkt 75 750 0.1 1
Pkt 40 400 0.1 1
Rate:200
==========
==========91
1 0 2 24000
Node 26 53 24.1868
Pkt 20 200 0.1 1
Pkt 50 500 0.1 1
Rate:200
==========
==========92
1 0 2 24000
Node 68 74 30
Pkt 48 480 0.1 1
Pkt 48 480 0.1 1
Rate:200
==========
==========93
1 0 2 24000
Node 60 27 25.0799
Pkt 25 250 0.1 1
Pkt 75 750 0.1 1
Rate:200
==========
==========94
1 0 2 24000
Node 31 64 23.6008
Pkt 20 200 0.1 1
Pkt 60 600 0.1 1
Rate:200
==========
==========95
1 0 2 24000
Node 29 33 27.0185
Pkt 38 375 0.101333 1
Pkt 40 400 0.1 1
Rate:201.333
==========
==========96
1 0 2 24000
Node 26 45 24.5153
Pkt 25 250 0.1 1
Pkt 40 400 0.1 1
Rate:200
==========
==========97
1 0 2 24000
Node 26 74 33.9411
Pkt 50 500 0.1 1
Pkt 75 750 0.1 1
Rate:200
==========
==========98
1 0 2 24000
Node 42 25 26.2488
Pkt 20 200 0.1 1
Pkt 75 750 0.1 1
Rate:200
==========
==========99
