1 0 2 24000
Node 39 54 11.7047
Pkt 36 600 0.06 1
Pkt 15 250 0.06 1
Rate:120
==========
==========0
1 0 2 24000
Node 65 43 16.5529
Pkt 15 250 0.06 1
Pkt 15 240 0.0625 1
Rate:122.5
==========
==========1
1 0 2 24000
Node 55 60 11.1803
Pkt 18 300 0.06 1
Pkt 20 320 0.0625 1
Rate:122.5
==========
==========2
1 0 2 24000
Node 46 66 16.4924
Pkt 29 480 0.0604167 1
Pkt 45 750 0.06 1
Rate:120.417
==========
==========3
1 0 2 24000
Node 40 61 14.8661
Pkt 45 750 0.06 1
Pkt 29 480 0.0604167 1
Rate:120.417
==========
==========4
1 0 2 24000
Node 64 34 21.2603
Pkt 29 480 0.0604167 1
Pkt 20 320 0.0625 1
Rate:122.917
==========
==========5
1 0 2 24000
Node 59 52 9.21954
Pkt 24 400 0.06 1
Pkt 30 500 0.06 1
Rate:120
==========
==========6
1 0 2 24000
Node 68 33 24.7588
Pkt 15 240 0.0625 1
Pkt 29 480 0.0604167 1
Rate:122.917
==========
==========7
1 0 2 24000
Node 70 63 23.8537
Pkt 29 480 0.0604167 1
Pkt 15 250 0.06 1
Rate:120.417
==========
==========8
1 0 2 24000
Node 59 70 21.9317
Pkt 30 500 0.06 1
Pkt 15 240 0.0625 1
Rate:122.5
==========
==========9
1 0 2 24000
Node 71 44 21.8403
Pkt 23 375 0.0613333 1
Pkt 45 750 0.06 1
Rate:121.333
==========
==========10
1 0 2 24000
Node 33 56 18.0278
Pkt 20 320 0.0625 1
Pkt 45 750 0.06 1
Rate:122.5
==========
==========11
1 0 2 24000
Node 39 52 11.1803
Pkt 30 500 0.06 1
Pkt 24 400 0.06 1
Rate:120
==========
==========12
1 0 2 24000
Node 58 27 24.3516
Pkt 20 320 0.0625 1
Pkt 18 300 0.06 1
Rate:122.5
==========
==========13
1 0 2 24000
Node 58 48 8.24621
Pkt 20 320 0.0625 1
Pkt 15 250 0.06 1
Rate:122.5
==========
==========14
1 0 2 24000
Node 64 38 18.4391
Pkt 15 240 0.0625 1
Pkt 29 480 0.0604167 1
Rate:122.917
==========
==========15
1 0 2 24000
Node 57 64 15.6525
Pkt 45 750 0.06 1
Pkt 15 250 0.06 1
Rate:120
==========
==========16
1 0 2 24000
Node 69 70 27.5862
Pkt 24 400 0.06 1
Pkt 18 300 0.06 1
Rate:120
==========
==========17
1 0 2 24000
Node 60 58 12.8062
Pkt 20 320 0.0625 1
Pkt 36 600 0.06 1
Rate:122.5
==========
==========18
1 0 2 24000
Node 74 46 24.3311
Pkt 12 200 0.06 1
Pkt 45 750 0.06 1
Rate:120
==========
==========19
1 0 2 24000
Node 40 56 11.6619
Pkt 12 200 0.06 1
Pkt 15 250 0.06 1
Rate:120
==========
==========20
1 0 2 24000
Node 32 39 21.095
Pkt 12 200 0.06 1
Pkt 12 200 0.06 1
Rate:120
==========
==========21
1 0 2 24000
Node 31 41 21.0238
Pkt 36 600 0.06 1
Pkt 24 400 0.06 1
Rate:120
==========
==========22
1 0 2 24000
Node 49 60 10.0499
Pkt 12 200 0.06 1
Pkt 18 300 0.06 1
Rate:120
==========
==========23
1 0 2 24000
Node 62 33 20.8087
Pkt 29 480 0.0604167 1
Pkt 30 500 0.06 1
Rate:120.417
==========
==========24
1 0 2 24000
Node 39 68 21.095
Pkt 20 320 0.0625 1
Pkt 36 600 0.06 1
Rate:122.5
==========
==========25
1 0 2 24000
Node 56 41 10.8167
Pkt 23 375 0.0613333 1
Pkt 18 300 0.06 1
Rate:121.333
==========
==========26
1 0 2 24000
Node 52 32 18.1108
Pkt 23 375 0.0613333 1
Pkt 18 300 0.06 1
Rate:121.333
==========
==========27
1 0 2 24000
Node 65 32 23.4307
Pkt 15 250 0.06 1
Pkt 15 250 0.06 1
Rate:120
==========
==========28
1 0 2 24000
Node 52 36 14.1421
Pkt 15 240 0.0625 1
Pkt 36 600 0.06 1
Rate:122.5
==========
==========29
1 0 2 24000
Node 53 52 3.60555
Pkt 36 600 0.06 1
Pkt 18 300 0.06 1
Rate:120
==========
==========30
1 0 2 24000
Node 69 37 23.0217
Pkt 20 320 0.0625 1
Pkt 20 320 0.0625 1
Rate:125
==========
==========31
1 0 2 24000
Node 55 38 13
Pkt 15 240 0.0625 1
Pkt 12 200 0.06 1
Rate:122.5
==========
==========32
1 0 2 24000
Node 50 28 22
Pkt 23 375 0.0613333 1
Pkt 45 750 0.06 1
Rate:121.333
==========
==========33
1 0 2 24000
Node 69 29 28.3196
Pkt 15 250 0.06 1
Pkt 15 240 0.0625 1
Rate:122.5
==========
==========34
1 0 2 24000
Node 47 27 23.1948
Pkt 45 750 0.06 1
Pkt 23 375 0.0613333 1
Rate:121.333
==========
==========35
1 0 2 24000
Node 56 67 18.0278
Pkt 30 500 0.06 1
Pkt 45 750 0.06 1
Rate:120
==========
==========36
1 0 2 24000
Node 74 65 28.3019
Pkt 18 300 0.06 1
Pkt 36 600 0.06 1
Rate:120
==========
==========37
1 0 2 24000
Node 31 28 29.0689
Pkt 15 240 0.0625 1
Pkt 29 480 0.0604167 1
Rate:122.917
==========
==========38
1 0 2 24000
Node 31 45 19.6469
Pkt 36 600 0.06 1
Pkt 15 250 0.06 1
Rate:120
==========
==========39
1 0 2 24000
Node 39 51 11.0454
Pkt 29 480 0.0604167 1
Pkt 20 320 0.0625 1
Rate:122.917
==========
==========40
1 0 2 24000
Node 42 54 8.94427
Pkt 18 300 0.06 1
Pkt 15 240 0.0625 1
Rate:122.5
==========
==========41
1 0 2 24000
Node 62 47 12.3693
Pkt 15 240 0.0625 1
Pkt 24 400 0.06 1
Rate:122.5
==========
==========42
1 0 2 24000
Node 62 60 15.6205
Pkt 18 300 0.06 1
Pkt 29 480 0.0604167 1
Rate:120.417
==========
==========43
1 0 2 24000
Node 72 40 24.1661
Pkt 29 480 0.0604167 1
Pkt 45 750 0.06 1
Rate:120.417
==========
==========44
1 0 2 24000
Node 40 36 17.2047
Pkt 24 400 0.06 1
Pkt 36 600 0.06 1
Rate:120
==========
==========45
1 0 2 24000
Node 50 38 12
Pkt 24 400 0.06 1
Pkt 20 320 0.0625 1
Rate:122.5
==========
==========46
1 0 2 24000
Node 28 38 25.0599
Pkt 15 240 0.0625 1
Pkt 30 500 0.06 1
Rate:122.5
==========
==========47
1 0 2 24000
Node 61 45 12.083
Pkt 15 250 0.06 1
Pkt 29 480 0.0604167 1
Rate:120.417
==========
==========48
1 0 2 24000
Node 66 41 18.3576
Pkt 18 300 0.06 1
Pkt 45 750 0.06 1
Rate:120
==========
==========49
1 0 2 24000
Node 48 61 11.1803
Pkt 30 500 0.06 1
Pkt 12 200 0.06 1
Rate:120
==========
==========50
1 0 2 24000
Node 70 29 29
Pkt 23 375 0.0613333 1
Pkt 29 480 0.0604167 1
Rate:121.75
==========
==========51
1 0 2 24000
Node 62 58 14.4222
Pkt 45 750 0.06 1
Pkt 15 240 0.0625 1
Rate:122.5
==========
==========52
1 0 2 24000
Node 27 26 33.2415
Pkt 36 600 0.06 1
Pkt 29 480 0.0604167 1
Rate:120.417
==========
==========53
1 0 2 24000
Node 32 72 28.4253
Pkt 12 200 0.06 1
Pkt 15 240 0.0625 1
Rate:122.5
==========
==========54
1 0 2 24000
Node 56 74 24.7386
Pkt 23 375 0.0613333 1
Pkt 20 320 0.0625 1
Rate:123.833
==========
==========55
1 0 2 24000
Node 47 58 8.544
Pkt 20 320 0.0625 1
Pkt 24 400 0.06 1
Rate:122.5
==========
==========56
1 0 2 24000
Node 28 32 28.4253
Pkt 15 250 0.06 1
Pkt 24 400 0.06 1
Rate:120
==========
==========57
1 0 2 24000
Node 60 62 15.6205
Pkt 15 240 0.0625 1
Pkt 24 400 0.06 1
Rate:122.5
==========
==========58
1 0 2 24000
Node 67 47 17.2627
Pkt 23 375 0.0613333 1
Pkt 15 250 0.06 1
Rate:121.333
==========
==========59
1 0 2 24000
Node 58 72 23.4094
Pkt 18 300 0.06 1
Pkt 45 750 0.06 1
Rate:120
==========
==========60
1 0 2 24000
Node 64 26 27.7849
Pkt 15 250 0.06 1
Pkt 24 400 0.06 1
Rate:120
==========
==========61
1 0 2 24000
Node 72 65 26.6271
Pkt 24 400 0.06 1
Pkt 30 500 0.06 1
Rate:120
==========
==========62
1 0 2 24000
Node 65 53 15.2971
Pkt 12 200 0.06 1
Pkt 45 750 0.06 1
Rate:120
==========
==========63
1 0 2 24000
Node 38 68 21.6333
Pkt 29 480 0.0604167 1
Pkt 23 375 0.0613333 1
Rate:121.75
==========
==========64
1 0 2 24000
Node 57 50 7
Pkt 30 500 0.06 1
Pkt 45 750 0.06 1
Rate:120
==========
==========65
1 0 2 24000
Node 60 56 11.6619
Pkt 45 750 0.06 1
Pkt 12 200 0.06 1
Rate:120
==========
==========66
1 0 2 24000
Node 52 34 16.1245
Pkt 24 400 0.06 1
Pkt 36 600 0.06 1
Rate:120
==========
==========67
1 0 2 24000
Node 36 33 22.0227
Pkt 29 480 0.0604167 1
Pkt 15 240 0.0625 1
Rate:122.917
==========
==========68
1 0 2 24000
Node 54 42 8.94427
Pkt 29 480 0.0604167 1
Pkt 12 200 0.06 1
Rate:120.417
==========
==========69
1 0 2 24000
Node 41 31 21.0238
Pkt 24 400 0.06 1
Pkt 30 500 0.06 1
Rate:120
==========
==========70
1 0 2 24000
Node 37 59 15.8114
Pkt 15 250 0.06 1
Pkt 24 400 0.06 1
Rate:120
==========
==========71
1 0 2 24000
Node 39 47 11.4018
Pkt 15 240 0.0625 1
Pkt 30 500 0.06 1
Rate:122.5
==========
==========72
1 0 2 24000
Node 64 45 14.8661
Pkt 15 250 0.06 1
Pkt 20 320 0.0625 1
Rate:122.5
==========
==========73
1 0 2 24000
Node 73 61 25.4951
Pkt 20 320 0.0625 1
Pkt 29 480 0.0604167 1
Rate:122.917
==========
==========74
1 0 2 24000
Node 71 45 21.587
Pkt 36 600 0.06 1
Pkt 18 300 0.06 1
Rate:120
==========
==========75
1 0 2 24000
Node 66 34 22.6274
Pkt 23 375 0.0613333 1
Pkt 12 200 0.06 1
Rate:121.333
==========
==========76
1 0 2 24000
Node 71 27 31.1448
Pkt 24 400 0.06 1
Pkt 15 250 0.06 1
Rate:120
==========
==========77
1 0 2 24000
Node 68 41 20.1246
Pkt 29 480 0.0604167 1
Pkt 29 480 0.0604167 1
Rate:120.833
==========
==========78
1 0 2 24000
Node 36 49 14.0357
Pkt 15 240 0.0625 1
Pkt 23 375 0.0613333 1
Rate:123.833
==========
==========79
1 0 2 24000
Node 61 56 12.53
Pkt 36 600 0.06 1
Pkt 24 400 0.06 1
Rate:120
==========
==========80
1 0 2 24000
Node 53 51 3.16228
Pkt 24 400 0.06 1
Pkt 18 300 0.06 1
Rate:120
==========
==========81
1 0 2 24000
Node 65 43 16.5529
Pkt 45 750 0.06 1
Pkt 36 600 0.06 1
Rate:120
==========
==========82
1 0 2 24000
Node 39 64 17.8045
Pkt 30 500 0.06 1
Pkt 29 480 0.0604167 1
Rate:120.417
==========
==========83
1 0 2 24000
Node 57 64 15.6525
Pkt 12 200 0.06 1
Pkt 18 300 0.06 1
Rate:120
==========
==========84
1 0 2 24000
Node 42 41 12.0416
Pkt 15 250 0.06 1
Pkt 12 200 0.06 1
Rate:120
==========
==========85
1 0 2 24000
Node 47 72 22.2036
Pkt 15 250 0.06 1
Pkt 24 400 0.06 1
Rate:120
==========
==========86
1 0 2 24000
Node 69 55 19.6469
Pkt 23 375 0.0613333 1
Pkt 18 300 0.06 1
Rate:121.333
==========
==========87
1 0 2 24000
Node 52 65 15.1327
Pkt 20 320 0.0625 1
Pkt 23 375 0.0613333 1
Rate:123.833
==========
==========88
1 0 2 24000
Node 31 41 21.0238
Pkt 36 600 0.06 1
Pkt 15 250 0.06 1
Rate:120
==========
==========89
1 0 2 24000
Node 31 49 19.0263
Pkt 45 750 0.06 1
Pkt 15 250 0.06 1
Rate:120
==========
==========90
1 0 2 24000
Node 40 47 10.4403
Pkt 29 480 0.0604167 1
Pkt 24 400 0.06 1
Rate:120.417
==========
==========91
1 0 2 24000
Node 58 29 22.4722
Pkt 30 500 0.06 1
Pkt 36 600 0.06 1
Rate:120
==========
==========92
1 0 2 24000
Node 50 49 1
Pkt 15 240 0.0625 1
Pkt 12 200 0.06 1
Rate:122.5
==========
==========93
1 0 2 24000
Node 69 58 20.6155
Pkt 15 240 0.0625 1
Pkt 18 300 0.06 1
Rate:122.5
==========
==========94
1 0 2 24000
Node 45 36 14.8661
Pkt 29 480 0.0604167 1
Pkt 20 320 0.0625 1
Rate:122.917
==========
==========95
1 0 2 24000
Node 52 52 2.82843
Pkt 24 400 0.06 1
Pkt 30 500 0.06 1
Rate:120
==========
==========96
1 0 2 24000
Node 64 43 15.6525
Pkt 29 480 0.0604167 1
Pkt 12 200 0.06 1
Rate:120.417
==========
==========97
1 0 2 24000
Node 63 62 17.6918
Pkt 30 500 0.06 1
Pkt 45 750 0.06 1
Rate:120
==========
==========98
1 0 2 24000
Node 58 73 24.3516
Pkt 15 240 0.0625 1
Pkt 24 400 0.06 1
Rate:122.5
==========
==========99
