1 0 2 24000
Node 64 50 14
Pkt 135 480 0.28125 1
Pkt 56 200 0.28 1
Rate:561.25
==========
==========0
1 0 2 24000
Node 71 68 27.6586
Pkt 84 300 0.28 1
Pkt 70 250 0.28 1
Rate:560
==========
==========1
1 0 2 24000
Node 52 48 2.82843
Pkt 84 300 0.28 1
Pkt 90 320 0.28125 1
Rate:561.25
==========
==========2
1 0 2 24000
Node 51 32 18.0278
Pkt 135 480 0.28125 1
Pkt 56 200 0.28 1
Rate:561.25
==========
==========3
1 0 2 24000
Node 32 38 21.6333
Pkt 112 400 0.28 1
Pkt 68 240 0.283333 1
Rate:563.333
==========
==========4
1 0 2 24000
Node 33 59 19.2354
Pkt 56 200 0.28 1
Pkt 140 500 0.28 1
Rate:560
==========
==========5
1 0 2 24000
Node 56 65 16.1555
Pkt 112 400 0.28 1
Pkt 90 320 0.28125 1
Rate:561.25
==========
==========6
1 0 2 24000
Node 42 43 10.6301
Pkt 210 750 0.28 1
Pkt 68 240 0.283333 1
Rate:563.333
==========
==========7
1 0 2 24000
Node 65 56 16.1555
Pkt 112 400 0.28 1
Pkt 168 600 0.28 1
Rate:560
==========
==========8
1 0 2 24000
Node 67 70 26.2488
Pkt 70 250 0.28 1
Pkt 105 375 0.28 1
Rate:560
==========
==========9
1 0 2 24000
Node 74 68 30
Pkt 168 600 0.28 1
Pkt 90 320 0.28125 1
Rate:561.25
==========
==========10
1 0 2 24000
Node 29 33 27.0185
Pkt 135 480 0.28125 1
Pkt 140 500 0.28 1
Rate:561.25
==========
==========11
1 0 2 24000
Node 67 25 30.2324
Pkt 68 240 0.283333 1
Pkt 105 375 0.28 1
Rate:563.333
==========
==========12
1 0 2 24000
Node 34 66 22.6274
Pkt 135 480 0.28125 1
Pkt 135 480 0.28125 1
Rate:562.5
==========
==========13
1 0 2 24000
Node 50 71 21
Pkt 112 400 0.28 1
Pkt 135 480 0.28125 1
Rate:561.25
==========
==========14
1 0 2 24000
Node 66 54 16.4924
Pkt 135 480 0.28125 1
Pkt 140 500 0.28 1
Rate:561.25
==========
==========15
1 0 2 24000
Node 52 62 12.1655
Pkt 168 600 0.28 1
Pkt 84 300 0.28 1
Rate:560
==========
==========16
1 0 2 24000
Node 53 54 5
Pkt 168 600 0.28 1
Pkt 210 750 0.28 1
Rate:560
==========
==========17
1 0 2 24000
Node 65 39 18.6011
Pkt 70 250 0.28 1
Pkt 135 480 0.28125 1
Rate:561.25
==========
==========18
1 0 2 24000
Node 58 32 19.6977
Pkt 56 200 0.28 1
Pkt 112 400 0.28 1
Rate:560
==========
==========19
1 0 2 24000
Node 34 44 17.088
Pkt 90 320 0.28125 1
Pkt 112 400 0.28 1
Rate:561.25
==========
==========20
1 0 2 24000
Node 43 36 15.6525
Pkt 140 500 0.28 1
Pkt 84 300 0.28 1
Rate:560
==========
==========21
1 0 2 24000
Node 70 29 29
Pkt 68 240 0.283333 1
Pkt 56 200 0.28 1
Rate:563.333
==========
==========22
1 0 2 24000
Node 49 46 4.12311
Pkt 105 375 0.28 1
Pkt 210 750 0.28 1
Rate:560
==========
==========23
1 0 2 24000
Node 64 65 20.5183
Pkt 70 250 0.28 1
Pkt 68 240 0.283333 1
Rate:563.333
==========
==========24
1 0 2 24000
Node 45 60 11.1803
Pkt 210 750 0.28 1
Pkt 68 240 0.283333 1
Rate:563.333
==========
==========25
1 0 2 24000
Node 32 49 18.0278
Pkt 56 200 0.28 1
Pkt 70 250 0.28 1
Rate:560
==========
==========26
1 0 2 24000
Node 56 26 24.7386
Pkt 84 300 0.28 1
Pkt 105 375 0.28 1
Rate:560
==========
==========27
1 0 2 24000
Node 30 26 31.241
Pkt 56 200 0.28 1
Pkt 70 250 0.28 1
Rate:560
==========
==========28
1 0 2 24000
Node 42 40 12.8062
Pkt 112 400 0.28 1
Pkt 140 500 0.28 1
Rate:560
==========
==========29
1 0 2 24000
Node 49 63 13.0384
Pkt 56 200 0.28 1
Pkt 56 200 0.28 1
Rate:560
==========
==========30
1 0 2 24000
Node 35 29 25.807
Pkt 210 750 0.28 1
Pkt 168 600 0.28 1
Rate:560
==========
==========31
1 0 2 24000
Node 52 44 6.32456
Pkt 68 240 0.283333 1
Pkt 70 250 0.28 1
Rate:563.333
==========
==========32
1 0 2 24000
Node 61 57 13.0384
Pkt 90 320 0.28125 1
Pkt 168 600 0.28 1
Rate:561.25
==========
==========33
1 0 2 24000
Node 65 73 27.4591
Pkt 210 750 0.28 1
Pkt 56 200 0.28 1
Rate:560
==========
==========34
1 0 2 24000
Node 42 72 23.4094
Pkt 70 250 0.28 1
Pkt 84 300 0.28 1
Rate:560
==========
==========35
1 0 2 24000
Node 51 49 1.41421
Pkt 68 240 0.283333 1
Pkt 84 300 0.28 1
Rate:563.333
==========
==========36
1 0 2 24000
Node 34 51 16.0312
Pkt 140 500 0.28 1
Pkt 90 320 0.28125 1
Rate:561.25
==========
==========37
1 0 2 24000
Node 56 44 8.48528
Pkt 90 320 0.28125 1
Pkt 112 400 0.28 1
Rate:561.25
==========
==========38
1 0 2 24000
Node 60 39 14.8661
Pkt 68 240 0.283333 1
Pkt 135 480 0.28125 1
Rate:564.583
==========
==========39
1 0 2 24000
Node 29 63 24.6982
Pkt 70 250 0.28 1
Pkt 56 200 0.28 1
Rate:560
==========
==========40
1 0 2 24000
Node 42 40 12.8062
Pkt 210 750 0.28 1
Pkt 105 375 0.28 1
Rate:560
==========
==========41
1 0 2 24000
Node 57 58 10.6301
Pkt 56 200 0.28 1
Pkt 210 750 0.28 1
Rate:560
==========
==========42
1 0 2 24000
Node 38 74 26.8328
Pkt 105 375 0.28 1
Pkt 168 600 0.28 1
Rate:560
==========
==========43
1 0 2 24000
Node 59 52 9.21954
Pkt 168 600 0.28 1
Pkt 68 240 0.283333 1
Rate:563.333
==========
==========44
1 0 2 24000
Node 56 67 18.0278
Pkt 84 300 0.28 1
Pkt 140 500 0.28 1
Rate:560
==========
==========45
1 0 2 24000
Node 69 35 24.2074
Pkt 56 200 0.28 1
Pkt 84 300 0.28 1
Rate:560
==========
==========46
1 0 2 24000
Node 74 57 25
Pkt 90 320 0.28125 1
Pkt 90 320 0.28125 1
Rate:562.5
==========
==========47
1 0 2 24000
Node 28 67 27.8029
Pkt 68 240 0.283333 1
Pkt 84 300 0.28 1
Rate:563.333
==========
==========48
1 0 2 24000
Node 30 65 25
Pkt 68 240 0.283333 1
Pkt 56 200 0.28 1
Rate:563.333
==========
==========49
1 0 2 24000
Node 41 57 11.4018
Pkt 210 750 0.28 1
Pkt 210 750 0.28 1
Rate:560
==========
==========50
1 0 2 24000
Node 44 45 7.81025
Pkt 135 480 0.28125 1
Pkt 210 750 0.28 1
Rate:561.25
==========
==========51
1 0 2 24000
Node 39 53 11.4018
Pkt 84 300 0.28 1
Pkt 168 600 0.28 1
Rate:560
==========
==========52
1 0 2 24000
Node 51 73 23.0217
Pkt 135 480 0.28125 1
Pkt 70 250 0.28 1
Rate:561.25
==========
==========53
1 0 2 24000
Node 74 38 26.8328
Pkt 135 480 0.28125 1
Pkt 70 250 0.28 1
Rate:561.25
==========
==========54
1 0 2 24000
Node 74 28 32.5576
Pkt 105 375 0.28 1
Pkt 68 240 0.283333 1
Rate:563.333
==========
==========55
1 0 2 24000
Node 65 68 23.4307
Pkt 70 250 0.28 1
Pkt 90 320 0.28125 1
Rate:561.25
==========
==========56
1 0 2 24000
Node 64 40 17.2047
Pkt 112 400 0.28 1
Pkt 135 480 0.28125 1
Rate:561.25
==========
==========57
1 0 2 24000
Node 50 26 24
Pkt 210 750 0.28 1
Pkt 56 200 0.28 1
Rate:560
==========
==========58
1 0 2 24000
Node 36 53 14.3178
Pkt 112 400 0.28 1
Pkt 112 400 0.28 1
Rate:560
==========
==========59
1 0 2 24000
Node 50 55 5
Pkt 90 320 0.28125 1
Pkt 105 375 0.28 1
Rate:561.25
==========
==========60
1 0 2 24000
Node 45 29 21.587
Pkt 56 200 0.28 1
Pkt 105 375 0.28 1
Rate:560
==========
==========61
1 0 2 24000
Node 43 65 16.5529
Pkt 70 250 0.28 1
Pkt 210 750 0.28 1
Rate:560
==========
==========62
1 0 2 24000
Node 35 51 15.0333
Pkt 112 400 0.28 1
Pkt 90 320 0.28125 1
Rate:561.25
==========
==========63
1 0 2 24000
Node 50 61 11
Pkt 68 240 0.283333 1
Pkt 70 250 0.28 1
Rate:563.333
==========
==========64
1 0 2 24000
Node 42 71 22.4722
Pkt 70 250 0.28 1
Pkt 140 500 0.28 1
Rate:560
==========
==========65
1 0 2 24000
Node 41 31 21.0238
Pkt 56 200 0.28 1
Pkt 140 500 0.28 1
Rate:560
==========
==========66
1 0 2 24000
Node 69 44 19.9249
Pkt 105 375 0.28 1
Pkt 140 500 0.28 1
Rate:560
==========
==========67
1 0 2 24000
Node 27 71 31.1448
Pkt 168 600 0.28 1
Pkt 56 200 0.28 1
Rate:560
==========
==========68
1 0 2 24000
Node 64 53 14.3178
Pkt 84 300 0.28 1
Pkt 84 300 0.28 1
Rate:560
==========
==========69
1 0 2 24000
Node 62 54 12.6491
Pkt 105 375 0.28 1
Pkt 70 250 0.28 1
Rate:560
==========
==========70
1 0 2 24000
Node 40 62 15.6205
Pkt 56 200 0.28 1
Pkt 105 375 0.28 1
Rate:560
==========
==========71
1 0 2 24000
Node 69 66 24.8395
Pkt 168 600 0.28 1
Pkt 135 480 0.28125 1
Rate:561.25
==========
==========72
1 0 2 24000
Node 55 71 21.587
Pkt 90 320 0.28125 1
Pkt 90 320 0.28125 1
Rate:562.5
==========
==========73
1 0 2 24000
Node 30 32 26.9072
Pkt 68 240 0.283333 1
Pkt 105 375 0.28 1
Rate:563.333
==========
==========74
1 0 2 24000
Node 30 72 29.7321
Pkt 70 250 0.28 1
Pkt 105 375 0.28 1
Rate:560
==========
==========75
1 0 2 24000
Node 47 35 15.2971
Pkt 70 250 0.28 1
Pkt 135 480 0.28125 1
Rate:561.25
==========
==========76
1 0 2 24000
Node 52 59 9.21954
Pkt 56 200 0.28 1
Pkt 90 320 0.28125 1
Rate:561.25
==========
==========77
1 0 2 24000
Node 51 49 1.41421
Pkt 70 250 0.28 1
Pkt 56 200 0.28 1
Rate:560
==========
==========78
1 0 2 24000
Node 72 63 25.5539
Pkt 210 750 0.28 1
Pkt 90 320 0.28125 1
Rate:561.25
==========
==========79
1 0 2 24000
Node 28 52 22.0907
Pkt 105 375 0.28 1
Pkt 105 375 0.28 1
Rate:560
==========
==========80
1 0 2 24000
Node 72 56 22.8035
Pkt 56 200 0.28 1
Pkt 168 600 0.28 1
Rate:560
==========
==========81
1 0 2 24000
Node 66 67 23.3452
Pkt 112 400 0.28 1
Pkt 140 500 0.28 1
Rate:560
==========
==========82
1 0 2 24000
Node 54 36 14.5602
Pkt 70 250 0.28 1
Pkt 112 400 0.28 1
Rate:560
==========
==========83
1 0 2 24000
Node 67 28 27.8029
Pkt 84 300 0.28 1
Pkt 84 300 0.28 1
Rate:560
==========
==========84
1 0 2 24000
Node 68 59 20.1246
Pkt 56 200 0.28 1
Pkt 84 300 0.28 1
Rate:560
==========
==========85
1 0 2 24000
Node 61 68 21.095
Pkt 168 600 0.28 1
Pkt 56 200 0.28 1
Rate:560
==========
==========86
1 0 2 24000
Node 46 57 8.06226
Pkt 140 500 0.28 1
Pkt 140 500 0.28 1
Rate:560
==========
==========87
1 0 2 24000
Node 49 74 24.0208
Pkt 90 320 0.28125 1
Pkt 210 750 0.28 1
Rate:561.25
==========
==========88
1 0 2 24000
Node 28 26 32.5576
Pkt 70 250 0.28 1
Pkt 105 375 0.28 1
Rate:560
==========
==========89
1 0 2 24000
Node 41 43 11.4018
Pkt 112 400 0.28 1
Pkt 68 240 0.283333 1
Rate:563.333
==========
==========90
1 0 2 24000
Node 64 41 16.6433
Pkt 70 250 0.28 1
Pkt 70 250 0.28 1
Rate:560
==========
==========91
1 0 2 24000
Node 27 29 31.1448
Pkt 168 600 0.28 1
Pkt 84 300 0.28 1
Rate:560
==========
==========92
1 0 2 24000
Node 62 57 13.8924
Pkt 112 400 0.28 1
Pkt 135 480 0.28125 1
Rate:561.25
==========
==========93
1 0 2 24000
Node 40 33 19.7231
Pkt 135 480 0.28125 1
Pkt 90 320 0.28125 1
Rate:562.5
==========
==========94
1 0 2 24000
Node 34 45 16.7631
Pkt 90 320 0.28125 1
Pkt 112 400 0.28 1
Rate:561.25
==========
==========95
1 0 2 24000
Node 64 31 23.6008
Pkt 105 375 0.28 1
Pkt 140 500 0.28 1
Rate:560
==========
==========96
1 0 2 24000
Node 45 39 12.083
Pkt 140 500 0.28 1
Pkt 168 600 0.28 1
Rate:560
==========
==========97
1 0 2 24000
Node 39 71 23.7065
Pkt 56 200 0.28 1
Pkt 68 240 0.283333 1
Rate:563.333
==========
==========98
1 0 2 24000
Node 33 40 19.7231
Pkt 112 400 0.28 1
Pkt 140 500 0.28 1
Rate:560
==========
==========99
