1 0 2 24000
Node 42 71 22.4722
Pkt 71 320 0.221875 1
Pkt 110 500 0.22 1
Rate:441.875
==========
==========0
1 0 2 24000
Node 52 50 2
Pkt 106 480 0.220833 1
Pkt 55 250 0.22 1
Rate:440.833
==========
==========1
1 0 2 24000
Node 45 36 14.8661
Pkt 106 480 0.220833 1
Pkt 53 240 0.220833 1
Rate:441.667
==========
==========2
1 0 2 24000
Node 51 43 7.07107
Pkt 55 250 0.22 1
Pkt 66 300 0.22 1
Rate:440
==========
==========3
1 0 2 24000
Node 57 50 7
Pkt 132 600 0.22 1
Pkt 53 240 0.220833 1
Rate:440.833
==========
==========4
1 0 2 24000
Node 56 61 12.53
Pkt 44 200 0.22 1
Pkt 110 500 0.22 1
Rate:440
==========
==========5
1 0 2 24000
Node 38 67 20.8087
Pkt 132 600 0.22 1
Pkt 66 300 0.22 1
Rate:440
==========
==========6
1 0 2 24000
Node 32 58 19.6977
Pkt 44 200 0.22 1
Pkt 88 400 0.22 1
Rate:440
==========
==========7
1 0 2 24000
Node 50 38 12
Pkt 53 240 0.220833 1
Pkt 165 750 0.22 1
Rate:440.833
==========
==========8
1 0 2 24000
Node 62 56 13.4164
Pkt 71 320 0.221875 1
Pkt 66 300 0.22 1
Rate:441.875
==========
==========9
1 0 2 24000
Node 64 55 14.8661
Pkt 44 200 0.22 1
Pkt 132 600 0.22 1
Rate:440
==========
==========10
1 0 2 24000
Node 33 25 30.2324
Pkt 106 480 0.220833 1
Pkt 53 240 0.220833 1
Rate:441.667
==========
==========11
1 0 2 24000
Node 45 36 14.8661
Pkt 55 250 0.22 1
Pkt 66 300 0.22 1
Rate:440
==========
==========12
1 0 2 24000
Node 68 36 22.8035
Pkt 132 600 0.22 1
Pkt 66 300 0.22 1
Rate:440
==========
==========13
1 0 2 24000
Node 33 51 17.0294
Pkt 71 320 0.221875 1
Pkt 55 250 0.22 1
Rate:441.875
==========
==========14
1 0 2 24000
Node 36 48 14.1421
Pkt 71 320 0.221875 1
Pkt 66 300 0.22 1
Rate:441.875
==========
==========15
1 0 2 24000
Node 39 65 18.6011
Pkt 132 600 0.22 1
Pkt 53 240 0.220833 1
Rate:440.833
==========
==========16
1 0 2 24000
Node 41 27 24.6982
Pkt 66 300 0.22 1
Pkt 55 250 0.22 1
Rate:440
==========
==========17
1 0 2 24000
Node 54 62 12.6491
Pkt 106 480 0.220833 1
Pkt 71 320 0.221875 1
Rate:442.708
==========
==========18
1 0 2 24000
Node 34 31 24.8395
Pkt 106 480 0.220833 1
Pkt 83 375 0.221333 1
Rate:442.167
==========
==========19
1 0 2 24000
Node 25 47 25.1794
Pkt 88 400 0.22 1
Pkt 106 480 0.220833 1
Rate:440.833
==========
==========20
1 0 2 24000
Node 68 67 24.7588
Pkt 165 750 0.22 1
Pkt 44 200 0.22 1
Rate:440
==========
==========21
1 0 2 24000
Node 44 53 6.7082
Pkt 88 400 0.22 1
Pkt 53 240 0.220833 1
Rate:440.833
==========
==========22
1 0 2 24000
Node 62 30 23.3238
Pkt 66 300 0.22 1
Pkt 106 480 0.220833 1
Rate:440.833
==========
==========23
1 0 2 24000
Node 35 53 15.2971
Pkt 55 250 0.22 1
Pkt 71 320 0.221875 1
Rate:441.875
==========
==========24
1 0 2 24000
Node 31 49 19.0263
Pkt 66 300 0.22 1
Pkt 55 250 0.22 1
Rate:440
==========
==========25
1 0 2 24000
Node 38 50 12
Pkt 165 750 0.22 1
Pkt 106 480 0.220833 1
Rate:440.833
==========
==========26
1 0 2 24000
Node 38 43 13.8924
Pkt 132 600 0.22 1
Pkt 110 500 0.22 1
Rate:440
==========
==========27
1 0 2 24000
Node 49 33 17.0294
Pkt 110 500 0.22 1
Pkt 165 750 0.22 1
Rate:440
==========
==========28
1 0 2 24000
Node 40 56 11.6619
Pkt 83 375 0.221333 1
Pkt 55 250 0.22 1
Rate:441.333
==========
==========29
1 0 2 24000
Node 72 32 28.4253
Pkt 71 320 0.221875 1
Pkt 110 500 0.22 1
Rate:441.875
==========
==========30
1 0 2 24000
Node 72 49 22.0227
Pkt 44 200 0.22 1
Pkt 53 240 0.220833 1
Rate:440.833
==========
==========31
1 0 2 24000
Node 66 47 16.2788
Pkt 88 400 0.22 1
Pkt 44 200 0.22 1
Rate:440
==========
==========32
1 0 2 24000
Node 37 36 19.105
Pkt 55 250 0.22 1
Pkt 88 400 0.22 1
Rate:440
==========
==========33
1 0 2 24000
Node 69 59 21.0238
Pkt 44 200 0.22 1
Pkt 66 300 0.22 1
Rate:440
==========
==========34
1 0 2 24000
Node 66 73 28.0179
Pkt 88 400 0.22 1
Pkt 88 400 0.22 1
Rate:440
==========
==========35
1 0 2 24000
Node 35 42 17
Pkt 106 480 0.220833 1
Pkt 88 400 0.22 1
Rate:440.833
==========
==========36
1 0 2 24000
Node 51 33 17.0294
Pkt 55 250 0.22 1
Pkt 88 400 0.22 1
Rate:440
==========
==========37
1 0 2 24000
Node 42 69 20.6155
Pkt 66 300 0.22 1
Pkt 132 600 0.22 1
Rate:440
==========
==========38
1 0 2 24000
Node 28 51 22.0227
Pkt 110 500 0.22 1
Pkt 106 480 0.220833 1
Rate:440.833
==========
==========39
1 0 2 24000
Node 54 47 5
Pkt 165 750 0.22 1
Pkt 66 300 0.22 1
Rate:440
==========
==========40
1 0 2 24000
Node 60 41 13.4536
Pkt 165 750 0.22 1
Pkt 44 200 0.22 1
Rate:440
==========
==========41
1 0 2 24000
Node 47 25 25.1794
Pkt 88 400 0.22 1
Pkt 132 600 0.22 1
Rate:440
==========
==========42
1 0 2 24000
Node 49 44 6.08276
Pkt 88 400 0.22 1
Pkt 55 250 0.22 1
Rate:440
==========
==========43
1 0 2 24000
Node 34 69 24.8395
Pkt 83 375 0.221333 1
Pkt 44 200 0.22 1
Rate:441.333
==========
==========44
1 0 2 24000
Node 56 73 23.7697
Pkt 110 500 0.22 1
Pkt 88 400 0.22 1
Rate:440
==========
==========45
1 0 2 24000
Node 62 38 16.9706
Pkt 88 400 0.22 1
Pkt 44 200 0.22 1
Rate:440
==========
==========46
1 0 2 24000
Node 33 43 18.3848
Pkt 53 240 0.220833 1
Pkt 110 500 0.22 1
Rate:440.833
==========
==========47
1 0 2 24000
Node 48 38 12.1655
Pkt 88 400 0.22 1
Pkt 44 200 0.22 1
Rate:440
==========
==========48
1 0 2 24000
Node 34 60 18.868
Pkt 55 250 0.22 1
Pkt 44 200 0.22 1
Rate:440
==========
==========49
1 0 2 24000
Node 38 65 19.2094
Pkt 106 480 0.220833 1
Pkt 71 320 0.221875 1
Rate:442.708
==========
==========50
1 0 2 24000
Node 33 69 25.4951
Pkt 71 320 0.221875 1
Pkt 106 480 0.220833 1
Rate:442.708
==========
==========51
1 0 2 24000
Node 65 30 25
Pkt 83 375 0.221333 1
Pkt 53 240 0.220833 1
Rate:442.167
==========
==========52
1 0 2 24000
Node 37 36 19.105
Pkt 165 750 0.22 1
Pkt 53 240 0.220833 1
Rate:440.833
==========
==========53
1 0 2 24000
Node 42 43 10.6301
Pkt 55 250 0.22 1
Pkt 132 600 0.22 1
Rate:440
==========
==========54
1 0 2 24000
Node 39 37 17.0294
Pkt 53 240 0.220833 1
Pkt 44 200 0.22 1
Rate:440.833
==========
==========55
1 0 2 24000
Node 37 32 22.2036
Pkt 88 400 0.22 1
Pkt 71 320 0.221875 1
Rate:441.875
==========
==========56
1 0 2 24000
Node 45 51 5.09902
Pkt 66 300 0.22 1
Pkt 44 200 0.22 1
Rate:440
==========
==========57
1 0 2 24000
Node 73 72 31.8277
Pkt 88 400 0.22 1
Pkt 66 300 0.22 1
Rate:440
==========
==========58
1 0 2 24000
Node 38 41 15
Pkt 165 750 0.22 1
Pkt 88 400 0.22 1
Rate:440
==========
==========59
1 0 2 24000
Node 45 28 22.561
Pkt 88 400 0.22 1
Pkt 165 750 0.22 1
Rate:440
==========
==========60
1 0 2 24000
Node 37 53 13.3417
Pkt 66 300 0.22 1
Pkt 110 500 0.22 1
Rate:440
==========
==========61
1 0 2 24000
Node 43 39 13.0384
Pkt 110 500 0.22 1
Pkt 132 600 0.22 1
Rate:440
==========
==========62
1 0 2 24000
Node 74 41 25.632
Pkt 83 375 0.221333 1
Pkt 83 375 0.221333 1
Rate:442.667
==========
==========63
1 0 2 24000
Node 46 47 5
Pkt 83 375 0.221333 1
Pkt 88 400 0.22 1
Rate:441.333
==========
==========64
1 0 2 24000
Node 52 31 19.105
Pkt 71 320 0.221875 1
Pkt 44 200 0.22 1
Rate:441.875
==========
==========65
1 0 2 24000
Node 74 50 24
Pkt 66 300 0.22 1
Pkt 106 480 0.220833 1
Rate:440.833
==========
==========66
1 0 2 24000
Node 56 30 20.8806
Pkt 53 240 0.220833 1
Pkt 44 200 0.22 1
Rate:440.833
==========
==========67
1 0 2 24000
Node 59 65 17.4929
Pkt 44 200 0.22 1
Pkt 66 300 0.22 1
Rate:440
==========
==========68
1 0 2 24000
Node 28 31 29.0689
Pkt 44 200 0.22 1
Pkt 88 400 0.22 1
Rate:440
==========
==========69
1 0 2 24000
Node 33 50 17
Pkt 165 750 0.22 1
Pkt 165 750 0.22 1
Rate:440
==========
==========70
1 0 2 24000
Node 74 61 26.4008
Pkt 53 240 0.220833 1
Pkt 88 400 0.22 1
Rate:440.833
==========
==========71
1 0 2 24000
Node 68 62 21.6333
Pkt 53 240 0.220833 1
Pkt 110 500 0.22 1
Rate:440.833
==========
==========72
1 0 2 24000
Node 44 30 20.8806
Pkt 88 400 0.22 1
Pkt 66 300 0.22 1
Rate:440
==========
==========73
1 0 2 24000
Node 70 35 25
Pkt 132 600 0.22 1
Pkt 88 400 0.22 1
Rate:440
==========
==========74
1 0 2 24000
Node 26 53 24.1868
Pkt 44 200 0.22 1
Pkt 106 480 0.220833 1
Rate:440.833
==========
==========75
1 0 2 24000
Node 28 43 23.0868
Pkt 71 320 0.221875 1
Pkt 83 375 0.221333 1
Rate:443.208
==========
==========76
1 0 2 24000
Node 30 58 21.5407
Pkt 88 400 0.22 1
Pkt 53 240 0.220833 1
Rate:440.833
==========
==========77
1 0 2 24000
Node 32 40 20.5913
Pkt 53 240 0.220833 1
Pkt 165 750 0.22 1
Rate:440.833
==========
==========78
1 0 2 24000
Node 37 36 19.105
Pkt 66 300 0.22 1
Pkt 106 480 0.220833 1
Rate:440.833
==========
==========79
1 0 2 24000
Node 48 34 16.1245
Pkt 88 400 0.22 1
Pkt 44 200 0.22 1
Rate:440
==========
==========80
1 0 2 24000
Node 28 51 22.0227
Pkt 53 240 0.220833 1
Pkt 66 300 0.22 1
Rate:440.833
==========
==========81
1 0 2 24000
Node 27 25 33.9706
Pkt 55 250 0.22 1
Pkt 165 750 0.22 1
Rate:440
==========
==========82
1 0 2 24000
Node 51 74 24.0208
Pkt 110 500 0.22 1
Pkt 88 400 0.22 1
Rate:440
==========
==========83
1 0 2 24000
Node 46 28 22.3607
Pkt 106 480 0.220833 1
Pkt 71 320 0.221875 1
Rate:442.708
==========
==========84
1 0 2 24000
Node 40 27 25.0799
Pkt 110 500 0.22 1
Pkt 53 240 0.220833 1
Rate:440.833
==========
==========85
1 0 2 24000
Node 26 65 28.3019
Pkt 66 300 0.22 1
Pkt 132 600 0.22 1
Rate:440
==========
==========86
1 0 2 24000
Node 70 28 29.7321
Pkt 165 750 0.22 1
Pkt 53 240 0.220833 1
Rate:440.833
==========
==========87
1 0 2 24000
Node 70 40 22.3607
Pkt 88 400 0.22 1
Pkt 53 240 0.220833 1
Rate:440.833
==========
==========88
1 0 2 24000
Node 42 26 25.2982
Pkt 165 750 0.22 1
Pkt 83 375 0.221333 1
Rate:441.333
==========
==========89
1 0 2 24000
Node 44 55 7.81025
Pkt 88 400 0.22 1
Pkt 44 200 0.22 1
Rate:440
==========
==========90
1 0 2 24000
Node 39 35 18.6011
Pkt 55 250 0.22 1
Pkt 55 250 0.22 1
Rate:440
==========
==========91
1 0 2 24000
Node 31 54 19.4165
Pkt 83 375 0.221333 1
Pkt 55 250 0.22 1
Rate:441.333
==========
==========92
1 0 2 24000
Node 67 52 17.1172
Pkt 53 240 0.220833 1
Pkt 110 500 0.22 1
Rate:440.833
==========
==========93
1 0 2 24000
Node 74 48 24.0832
Pkt 83 375 0.221333 1
Pkt 88 400 0.22 1
Rate:441.333
==========
==========94
1 0 2 24000
Node 54 45 6.40312
Pkt 53 240 0.220833 1
Pkt 66 300 0.22 1
Rate:440.833
==========
==========95
1 0 2 24000
Node 49 26 24.0208
Pkt 71 320 0.221875 1
Pkt 66 300 0.22 1
Rate:441.875
==========
==========96
1 0 2 24000
Node 41 69 21.0238
Pkt 88 400 0.22 1
Pkt 110 500 0.22 1
Rate:440
==========
==========97
1 0 2 24000
Node 74 35 28.3019
Pkt 165 750 0.22 1
Pkt 53 240 0.220833 1
Rate:440.833
==========
==========98
1 0 2 24000
Node 35 48 15.1327
Pkt 66 300 0.22 1
Pkt 110 500 0.22 1
Rate:440
==========
==========99
