1 0 2 24000
Node 56 29 21.8403
Pkt 34 240 0.141667 1
Pkt 34 240 0.141667 1
Rate:283.333
==========
==========0
1 0 2 24000
Node 65 46 15.5242
Pkt 70 500 0.14 1
Pkt 70 500 0.14 1
Rate:280
==========
==========1
1 0 2 24000
Node 56 54 7.2111
Pkt 70 500 0.14 1
Pkt 42 300 0.14 1
Rate:280
==========
==========2
1 0 2 24000
Node 63 57 14.7648
Pkt 53 375 0.141333 1
Pkt 35 250 0.14 1
Rate:281.333
==========
==========3
1 0 2 24000
Node 69 43 20.2485
Pkt 35 250 0.14 1
Pkt 35 250 0.14 1
Rate:280
==========
==========4
1 0 2 24000
Node 41 48 9.21954
Pkt 70 500 0.14 1
Pkt 28 200 0.14 1
Rate:280
==========
==========5
1 0 2 24000
Node 66 46 16.4924
Pkt 68 480 0.141667 1
Pkt 105 750 0.14 1
Rate:281.667
==========
==========6
1 0 2 24000
Node 34 29 26.4008
Pkt 56 400 0.14 1
Pkt 56 400 0.14 1
Rate:280
==========
==========7
1 0 2 24000
Node 70 27 30.4795
Pkt 45 320 0.140625 1
Pkt 53 375 0.141333 1
Rate:281.958
==========
==========8
1 0 2 24000
Node 41 31 21.0238
Pkt 42 300 0.14 1
Pkt 34 240 0.141667 1
Rate:281.667
==========
==========9
1 0 2 24000
Node 31 41 21.0238
Pkt 84 600 0.14 1
Pkt 84 600 0.14 1
Rate:280
==========
==========10
1 0 2 24000
Node 43 59 11.4018
Pkt 105 750 0.14 1
Pkt 84 600 0.14 1
Rate:280
==========
==========11
1 0 2 24000
Node 52 67 17.1172
Pkt 45 320 0.140625 1
Pkt 56 400 0.14 1
Rate:280.625
==========
==========12
1 0 2 24000
Node 54 28 22.3607
Pkt 68 480 0.141667 1
Pkt 34 240 0.141667 1
Rate:283.333
==========
==========13
1 0 2 24000
Node 69 40 21.4709
Pkt 34 240 0.141667 1
Pkt 70 500 0.14 1
Rate:281.667
==========
==========14
1 0 2 24000
Node 64 50 14
Pkt 70 500 0.14 1
Pkt 53 375 0.141333 1
Rate:281.333
==========
==========15
1 0 2 24000
Node 54 57 8.06226
Pkt 28 200 0.14 1
Pkt 28 200 0.14 1
Rate:280
==========
==========16
1 0 2 24000
Node 60 73 25.0799
Pkt 28 200 0.14 1
Pkt 84 600 0.14 1
Rate:280
==========
==========17
1 0 2 24000
Node 68 50 18
Pkt 70 500 0.14 1
Pkt 28 200 0.14 1
Rate:280
==========
==========18
1 0 2 24000
Node 57 49 7.07107
Pkt 35 250 0.14 1
Pkt 68 480 0.141667 1
Rate:281.667
==========
==========19
1 0 2 24000
Node 57 60 12.2066
Pkt 70 500 0.14 1
Pkt 45 320 0.140625 1
Rate:280.625
==========
==========20
1 0 2 24000
Node 64 38 18.4391
Pkt 45 320 0.140625 1
Pkt 28 200 0.14 1
Rate:280.625
==========
==========21
1 0 2 24000
Node 51 71 21.0238
Pkt 34 240 0.141667 1
Pkt 68 480 0.141667 1
Rate:283.333
==========
==========22
1 0 2 24000
Node 40 28 24.1661
Pkt 70 500 0.14 1
Pkt 70 500 0.14 1
Rate:280
==========
==========23
1 0 2 24000
Node 37 27 26.4197
Pkt 42 300 0.14 1
Pkt 42 300 0.14 1
Rate:280
==========
==========24
1 0 2 24000
Node 52 53 3.60555
Pkt 34 240 0.141667 1
Pkt 42 300 0.14 1
Rate:281.667
==========
==========25
1 0 2 24000
Node 56 73 23.7697
Pkt 53 375 0.141333 1
Pkt 68 480 0.141667 1
Rate:283
==========
==========26
1 0 2 24000
Node 52 65 15.1327
Pkt 105 750 0.14 1
Pkt 84 600 0.14 1
Rate:280
==========
==========27
1 0 2 24000
Node 25 59 26.5707
Pkt 35 250 0.14 1
Pkt 45 320 0.140625 1
Rate:280.625
==========
==========28
1 0 2 24000
Node 26 51 24.0208
Pkt 42 300 0.14 1
Pkt 70 500 0.14 1
Rate:280
==========
==========29
1 0 2 24000
Node 33 50 17
Pkt 53 375 0.141333 1
Pkt 84 600 0.14 1
Rate:281.333
==========
==========30
1 0 2 24000
Node 34 48 16.1245
Pkt 28 200 0.14 1
Pkt 53 375 0.141333 1
Rate:281.333
==========
==========31
1 0 2 24000
Node 57 43 9.89949
Pkt 45 320 0.140625 1
Pkt 56 400 0.14 1
Rate:280.625
==========
==========32
1 0 2 24000
Node 72 26 32.5576
Pkt 42 300 0.14 1
Pkt 53 375 0.141333 1
Rate:281.333
==========
==========33
1 0 2 24000
Node 50 34 16
Pkt 42 300 0.14 1
Pkt 35 250 0.14 1
Rate:280
==========
==========34
1 0 2 24000
Node 63 53 13.3417
Pkt 45 320 0.140625 1
Pkt 42 300 0.14 1
Rate:280.625
==========
==========35
1 0 2 24000
Node 58 64 16.1245
Pkt 35 250 0.14 1
Pkt 34 240 0.141667 1
Rate:281.667
==========
==========36
1 0 2 24000
Node 59 61 14.2127
Pkt 35 250 0.14 1
Pkt 70 500 0.14 1
Rate:280
==========
==========37
1 0 2 24000
Node 72 28 31.1127
Pkt 105 750 0.14 1
Pkt 35 250 0.14 1
Rate:280
==========
==========38
1 0 2 24000
Node 57 40 12.2066
Pkt 34 240 0.141667 1
Pkt 34 240 0.141667 1
Rate:283.333
==========
==========39
1 0 2 24000
Node 37 56 14.3178
Pkt 84 600 0.14 1
Pkt 35 250 0.14 1
Rate:280
==========
==========40
1 0 2 24000
Node 61 27 25.4951
Pkt 68 480 0.141667 1
Pkt 105 750 0.14 1
Rate:281.667
==========
==========41
1 0 2 24000
Node 60 32 20.5913
Pkt 84 600 0.14 1
Pkt 53 375 0.141333 1
Rate:281.333
==========
==========42
1 0 2 24000
Node 60 73 25.0799
Pkt 105 750 0.14 1
Pkt 70 500 0.14 1
Rate:280
==========
==========43
1 0 2 24000
Node 43 35 16.5529
Pkt 53 375 0.141333 1
Pkt 84 600 0.14 1
Rate:281.333
==========
==========44
1 0 2 24000
Node 54 36 14.5602
Pkt 105 750 0.14 1
Pkt 68 480 0.141667 1
Rate:281.667
==========
==========45
1 0 2 24000
Node 61 68 21.095
Pkt 28 200 0.14 1
Pkt 45 320 0.140625 1
Rate:280.625
==========
==========46
1 0 2 24000
Node 57 54 8.06226
Pkt 28 200 0.14 1
Pkt 84 600 0.14 1
Rate:280
==========
==========47
1 0 2 24000
Node 55 35 15.8114
Pkt 45 320 0.140625 1
Pkt 35 250 0.14 1
Rate:280.625
==========
==========48
1 0 2 24000
Node 67 57 18.3848
Pkt 105 750 0.14 1
Pkt 28 200 0.14 1
Rate:280
==========
==========49
1 0 2 24000
Node 55 35 15.8114
Pkt 56 400 0.14 1
Pkt 45 320 0.140625 1
Rate:280.625
==========
==========50
1 0 2 24000
Node 51 27 23.0217
Pkt 53 375 0.141333 1
Pkt 35 250 0.14 1
Rate:281.333
==========
==========51
1 0 2 24000
Node 60 57 12.2066
Pkt 84 600 0.14 1
Pkt 105 750 0.14 1
Rate:280
==========
==========52
1 0 2 24000
Node 37 39 17.0294
Pkt 70 500 0.14 1
Pkt 28 200 0.14 1
Rate:280
==========
==========53
1 0 2 24000
Node 41 69 21.0238
Pkt 35 250 0.14 1
Pkt 28 200 0.14 1
Rate:280
==========
==========54
1 0 2 24000
Node 38 34 20
Pkt 70 500 0.14 1
Pkt 34 240 0.141667 1
Rate:281.667
==========
==========55
1 0 2 24000
Node 28 46 22.3607
Pkt 68 480 0.141667 1
Pkt 84 600 0.14 1
Rate:281.667
==========
==========56
1 0 2 24000
Node 36 36 19.799
Pkt 84 600 0.14 1
Pkt 35 250 0.14 1
Rate:280
==========
==========57
1 0 2 24000
Node 28 47 22.2036
Pkt 35 250 0.14 1
Pkt 34 240 0.141667 1
Rate:281.667
==========
==========58
1 0 2 24000
Node 55 71 21.587
Pkt 35 250 0.14 1
Pkt 35 250 0.14 1
Rate:280
==========
==========59
1 0 2 24000
Node 74 26 33.9411
Pkt 42 300 0.14 1
Pkt 34 240 0.141667 1
Rate:281.667
==========
==========60
1 0 2 24000
Node 25 64 28.6531
Pkt 28 200 0.14 1
Pkt 34 240 0.141667 1
Rate:281.667
==========
==========61
1 0 2 24000
Node 48 39 11.1803
Pkt 84 600 0.14 1
Pkt 34 240 0.141667 1
Rate:281.667
==========
==========62
1 0 2 24000
Node 27 54 23.3452
Pkt 53 375 0.141333 1
Pkt 34 240 0.141667 1
Rate:283
==========
==========63
1 0 2 24000
Node 36 48 14.1421
Pkt 28 200 0.14 1
Pkt 53 375 0.141333 1
Rate:281.333
==========
==========64
1 0 2 24000
Node 63 44 14.3178
Pkt 35 250 0.14 1
Pkt 45 320 0.140625 1
Rate:280.625
==========
==========65
1 0 2 24000
Node 39 61 15.5563
Pkt 68 480 0.141667 1
Pkt 34 240 0.141667 1
Rate:283.333
==========
==========66
1 0 2 24000
Node 56 33 18.0278
Pkt 53 375 0.141333 1
Pkt 68 480 0.141667 1
Rate:283
==========
==========67
1 0 2 24000
Node 33 65 22.6716
Pkt 45 320 0.140625 1
Pkt 68 480 0.141667 1
Rate:282.292
==========
==========68
1 0 2 24000
Node 56 49 6.08276
Pkt 34 240 0.141667 1
Pkt 28 200 0.14 1
Rate:281.667
==========
==========69
1 0 2 24000
Node 68 61 21.095
Pkt 68 480 0.141667 1
Pkt 105 750 0.14 1
Rate:281.667
==========
==========70
1 0 2 24000
Node 45 55 7.07107
Pkt 84 600 0.14 1
Pkt 35 250 0.14 1
Rate:280
==========
==========71
1 0 2 24000
Node 45 34 16.7631
Pkt 34 240 0.141667 1
Pkt 35 250 0.14 1
Rate:281.667
==========
==========72
1 0 2 24000
Node 61 39 15.5563
Pkt 42 300 0.14 1
Pkt 84 600 0.14 1
Rate:280
==========
==========73
1 0 2 24000
Node 37 70 23.8537
Pkt 45 320 0.140625 1
Pkt 84 600 0.14 1
Rate:280.625
==========
==========74
1 0 2 24000
Node 49 41 9.05539
Pkt 28 200 0.14 1
Pkt 84 600 0.14 1
Rate:280
==========
==========75
1 0 2 24000
Node 70 49 20.025
Pkt 35 250 0.14 1
Pkt 42 300 0.14 1
Rate:280
==========
==========76
1 0 2 24000
Node 32 53 18.2483
Pkt 45 320 0.140625 1
Pkt 45 320 0.140625 1
Rate:281.25
==========
==========77
1 0 2 24000
Node 28 47 22.2036
Pkt 28 200 0.14 1
Pkt 84 600 0.14 1
Rate:280
==========
==========78
1 0 2 24000
Node 70 67 26.2488
Pkt 34 240 0.141667 1
Pkt 68 480 0.141667 1
Rate:283.333
==========
==========79
1 0 2 24000
Node 61 32 21.095
Pkt 28 200 0.14 1
Pkt 28 200 0.14 1
Rate:280
==========
==========80
1 0 2 24000
Node 46 39 11.7047
Pkt 105 750 0.14 1
Pkt 84 600 0.14 1
Rate:280
==========
==========81
1 0 2 24000
Node 61 27 25.4951
Pkt 105 750 0.14 1
Pkt 45 320 0.140625 1
Rate:280.625
==========
==========82
1 0 2 24000
Node 58 35 17
Pkt 105 750 0.14 1
Pkt 105 750 0.14 1
Rate:280
==========
==========83
1 0 2 24000
Node 45 64 14.8661
Pkt 53 375 0.141333 1
Pkt 34 240 0.141667 1
Rate:283
==========
==========84
1 0 2 24000
Node 51 60 10.0499
Pkt 42 300 0.14 1
Pkt 70 500 0.14 1
Rate:280
==========
==========85
1 0 2 24000
Node 32 34 24.0832
Pkt 28 200 0.14 1
Pkt 42 300 0.14 1
Rate:280
==========
==========86
1 0 2 24000
Node 41 49 9.05539
Pkt 68 480 0.141667 1
Pkt 42 300 0.14 1
Rate:281.667
==========
==========87
1 0 2 24000
Node 59 68 20.1246
Pkt 70 500 0.14 1
Pkt 105 750 0.14 1
Rate:280
==========
==========88
1 0 2 24000
Node 25 65 29.1548
Pkt 45 320 0.140625 1
Pkt 45 320 0.140625 1
Rate:281.25
==========
==========89
1 0 2 24000
Node 31 40 21.4709
Pkt 105 750 0.14 1
Pkt 70 500 0.14 1
Rate:280
==========
==========90
1 0 2 24000
Node 60 56 11.6619
Pkt 84 600 0.14 1
Pkt 84 600 0.14 1
Rate:280
==========
==========91
1 0 2 24000
Node 48 45 5.38516
Pkt 45 320 0.140625 1
Pkt 56 400 0.14 1
Rate:280.625
==========
==========92
1 0 2 24000
Node 56 71 21.8403
Pkt 70 500 0.14 1
Pkt 70 500 0.14 1
Rate:280
==========
==========93
1 0 2 24000
Node 52 65 15.1327
Pkt 45 320 0.140625 1
Pkt 45 320 0.140625 1
Rate:281.25
==========
==========94
1 0 2 24000
Node 59 52 9.21954
Pkt 70 500 0.14 1
Pkt 42 300 0.14 1
Rate:280
==========
==========95
1 0 2 24000
Node 29 74 31.8904
Pkt 53 375 0.141333 1
Pkt 70 500 0.14 1
Rate:281.333
==========
==========96
1 0 2 24000
Node 45 43 8.60233
Pkt 35 250 0.14 1
Pkt 56 400 0.14 1
Rate:280
==========
==========97
1 0 2 24000
Node 44 45 7.81025
Pkt 105 750 0.14 1
Pkt 56 400 0.14 1
Rate:280
==========
==========98
1 0 2 24000
Node 71 64 25.2389
Pkt 42 300 0.14 1
Pkt 34 240 0.141667 1
Rate:281.667
==========
==========99
