1 0 2 24000
Node 28 48 22.0907
Pkt 276 600 0.46 1
Pkt 184 400 0.46 1
Rate:920
==========
==========0
1 0 2 24000
Node 34 47 16.2788
Pkt 138 300 0.46 1
Pkt 276 600 0.46 1
Rate:920
==========
==========1
1 0 2 24000
Node 45 50 5
Pkt 148 320 0.4625 1
Pkt 221 480 0.460417 1
Rate:922.917
==========
==========2
1 0 2 24000
Node 57 73 24.0416
Pkt 138 300 0.46 1
Pkt 138 300 0.46 1
Rate:920
==========
==========3
1 0 2 24000
Node 68 51 18.0278
Pkt 345 750 0.46 1
Pkt 148 320 0.4625 1
Rate:922.5
==========
==========4
1 0 2 24000
Node 48 28 22.0907
Pkt 345 750 0.46 1
Pkt 173 375 0.461333 1
Rate:921.333
==========
==========5
1 0 2 24000
Node 67 26 29.4109
Pkt 115 250 0.46 1
Pkt 230 500 0.46 1
Rate:920
==========
==========6
1 0 2 24000
Node 65 68 23.4307
Pkt 111 240 0.4625 1
Pkt 221 480 0.460417 1
Rate:922.917
==========
==========7
1 0 2 24000
Node 68 39 21.095
Pkt 276 600 0.46 1
Pkt 92 200 0.46 1
Rate:920
==========
==========8
1 0 2 24000
Node 57 33 18.3848
Pkt 221 480 0.460417 1
Pkt 345 750 0.46 1
Rate:920.417
==========
==========9
1 0 2 24000
Node 56 69 19.9249
Pkt 148 320 0.4625 1
Pkt 230 500 0.46 1
Rate:922.5
==========
==========10
1 0 2 24000
Node 40 50 10
Pkt 230 500 0.46 1
Pkt 345 750 0.46 1
Rate:920
==========
==========11
1 0 2 24000
Node 32 43 19.3132
Pkt 221 480 0.460417 1
Pkt 184 400 0.46 1
Rate:920.417
==========
==========12
1 0 2 24000
Node 45 52 5.38516
Pkt 115 250 0.46 1
Pkt 92 200 0.46 1
Rate:920
==========
==========13
1 0 2 24000
Node 68 32 25.4558
Pkt 276 600 0.46 1
Pkt 138 300 0.46 1
Rate:920
==========
==========14
1 0 2 24000
Node 73 45 23.5372
Pkt 230 500 0.46 1
Pkt 221 480 0.460417 1
Rate:920.417
==========
==========15
1 0 2 24000
Node 68 57 19.3132
Pkt 111 240 0.4625 1
Pkt 276 600 0.46 1
Rate:922.5
==========
==========16
1 0 2 24000
Node 34 50 16
Pkt 115 250 0.46 1
Pkt 148 320 0.4625 1
Rate:922.5
==========
==========17
1 0 2 24000
Node 46 61 11.7047
Pkt 138 300 0.46 1
Pkt 230 500 0.46 1
Rate:920
==========
==========18
1 0 2 24000
Node 56 43 9.21954
Pkt 92 200 0.46 1
Pkt 173 375 0.461333 1
Rate:921.333
==========
==========19
1 0 2 24000
Node 59 67 19.2354
Pkt 138 300 0.46 1
Pkt 173 375 0.461333 1
Rate:921.333
==========
==========20
1 0 2 24000
Node 34 53 16.2788
Pkt 230 500 0.46 1
Pkt 345 750 0.46 1
Rate:920
==========
==========21
1 0 2 24000
Node 31 32 26.1725
Pkt 92 200 0.46 1
Pkt 148 320 0.4625 1
Rate:922.5
==========
==========22
1 0 2 24000
Node 47 42 8.544
Pkt 345 750 0.46 1
Pkt 221 480 0.460417 1
Rate:920.417
==========
==========23
1 0 2 24000
Node 38 57 13.8924
Pkt 230 500 0.46 1
Pkt 184 400 0.46 1
Rate:920
==========
==========24
1 0 2 24000
Node 46 30 20.3961
Pkt 111 240 0.4625 1
Pkt 173 375 0.461333 1
Rate:923.833
==========
==========25
1 0 2 24000
Node 47 68 18.2483
Pkt 230 500 0.46 1
Pkt 173 375 0.461333 1
Rate:921.333
==========
==========26
1 0 2 24000
Node 65 38 19.2094
Pkt 115 250 0.46 1
Pkt 111 240 0.4625 1
Rate:922.5
==========
==========27
1 0 2 24000
Node 49 27 23.0217
Pkt 148 320 0.4625 1
Pkt 173 375 0.461333 1
Rate:923.833
==========
==========28
1 0 2 24000
Node 48 35 15.1327
Pkt 173 375 0.461333 1
Pkt 111 240 0.4625 1
Rate:923.833
==========
==========29
1 0 2 24000
Node 69 63 23.0217
Pkt 115 250 0.46 1
Pkt 115 250 0.46 1
Rate:920
==========
==========30
1 0 2 24000
Node 42 28 23.4094
Pkt 184 400 0.46 1
Pkt 184 400 0.46 1
Rate:920
==========
==========31
1 0 2 24000
Node 38 72 25.0599
Pkt 276 600 0.46 1
Pkt 173 375 0.461333 1
Rate:921.333
==========
==========32
1 0 2 24000
Node 63 64 19.105
Pkt 345 750 0.46 1
Pkt 221 480 0.460417 1
Rate:920.417
==========
==========33
1 0 2 24000
Node 31 35 24.2074
Pkt 148 320 0.4625 1
Pkt 115 250 0.46 1
Rate:922.5
==========
==========34
1 0 2 24000
Node 56 42 10
Pkt 111 240 0.4625 1
Pkt 115 250 0.46 1
Rate:922.5
==========
==========35
1 0 2 24000
Node 60 40 14.1421
Pkt 184 400 0.46 1
Pkt 345 750 0.46 1
Rate:920
==========
==========36
1 0 2 24000
Node 60 26 26
Pkt 138 300 0.46 1
Pkt 184 400 0.46 1
Rate:920
==========
==========37
1 0 2 24000
Node 64 51 14.0357
Pkt 184 400 0.46 1
Pkt 115 250 0.46 1
Rate:920
==========
==========38
1 0 2 24000
Node 37 44 14.3178
Pkt 184 400 0.46 1
Pkt 345 750 0.46 1
Rate:920
==========
==========39
1 0 2 24000
Node 59 55 10.2956
Pkt 230 500 0.46 1
Pkt 184 400 0.46 1
Rate:920
==========
==========40
1 0 2 24000
Node 34 25 29.6816
Pkt 184 400 0.46 1
Pkt 92 200 0.46 1
Rate:920
==========
==========41
1 0 2 24000
Node 62 53 12.3693
Pkt 173 375 0.461333 1
Pkt 230 500 0.46 1
Rate:921.333
==========
==========42
1 0 2 24000
Node 31 31 26.8701
Pkt 276 600 0.46 1
Pkt 173 375 0.461333 1
Rate:921.333
==========
==========43
1 0 2 24000
Node 54 63 13.6015
Pkt 111 240 0.4625 1
Pkt 92 200 0.46 1
Rate:922.5
==========
==========44
1 0 2 24000
Node 58 68 19.6977
Pkt 184 400 0.46 1
Pkt 221 480 0.460417 1
Rate:920.417
==========
==========45
1 0 2 24000
Node 38 45 13
Pkt 92 200 0.46 1
Pkt 230 500 0.46 1
Rate:920
==========
==========46
1 0 2 24000
Node 25 51 25.02
Pkt 138 300 0.46 1
Pkt 111 240 0.4625 1
Rate:922.5
==========
==========47
1 0 2 24000
Node 55 45 7.07107
Pkt 276 600 0.46 1
Pkt 92 200 0.46 1
Rate:920
==========
==========48
1 0 2 24000
Node 35 70 25
Pkt 184 400 0.46 1
Pkt 276 600 0.46 1
Rate:920
==========
==========49
1 0 2 24000
Node 54 59 9.84886
Pkt 221 480 0.460417 1
Pkt 111 240 0.4625 1
Rate:922.917
==========
==========50
1 0 2 24000
Node 42 53 8.544
Pkt 111 240 0.4625 1
Pkt 184 400 0.46 1
Rate:922.5
==========
==========51
1 0 2 24000
Node 45 29 21.587
Pkt 184 400 0.46 1
Pkt 221 480 0.460417 1
Rate:920.417
==========
==========52
1 0 2 24000
Node 30 29 29
Pkt 173 375 0.461333 1
Pkt 184 400 0.46 1
Rate:921.333
==========
==========53
1 0 2 24000
Node 27 69 29.8329
Pkt 345 750 0.46 1
Pkt 221 480 0.460417 1
Rate:920.417
==========
==========54
1 0 2 24000
Node 28 72 31.1127
Pkt 115 250 0.46 1
Pkt 92 200 0.46 1
Rate:920
==========
==========55
1 0 2 24000
Node 31 28 29.0689
Pkt 115 250 0.46 1
Pkt 221 480 0.460417 1
Rate:920.417
==========
==========56
1 0 2 24000
Node 73 49 23.0217
Pkt 115 250 0.46 1
Pkt 92 200 0.46 1
Rate:920
==========
==========57
1 0 2 24000
Node 27 68 29.2062
Pkt 111 240 0.4625 1
Pkt 111 240 0.4625 1
Rate:925
==========
==========58
1 0 2 24000
Node 55 35 15.8114
Pkt 184 400 0.46 1
Pkt 221 480 0.460417 1
Rate:920.417
==========
==========59
1 0 2 24000
Node 38 38 16.9706
Pkt 92 200 0.46 1
Pkt 184 400 0.46 1
Rate:920
==========
==========60
1 0 2 24000
Node 56 47 6.7082
Pkt 115 250 0.46 1
Pkt 221 480 0.460417 1
Rate:920.417
==========
==========61
1 0 2 24000
Node 71 43 22.1359
Pkt 92 200 0.46 1
Pkt 115 250 0.46 1
Rate:920
==========
==========62
1 0 2 24000
Node 47 67 17.2627
Pkt 230 500 0.46 1
Pkt 221 480 0.460417 1
Rate:920.417
==========
==========63
1 0 2 24000
Node 68 26 30
Pkt 138 300 0.46 1
Pkt 184 400 0.46 1
Rate:920
==========
==========64
1 0 2 24000
Node 73 32 29.2062
Pkt 221 480 0.460417 1
Pkt 115 250 0.46 1
Rate:920.417
==========
==========65
1 0 2 24000
Node 26 74 33.9411
Pkt 115 250 0.46 1
Pkt 92 200 0.46 1
Rate:920
==========
==========66
1 0 2 24000
Node 41 47 9.48683
Pkt 92 200 0.46 1
Pkt 230 500 0.46 1
Rate:920
==========
==========67
1 0 2 24000
Node 39 68 21.095
Pkt 230 500 0.46 1
Pkt 221 480 0.460417 1
Rate:920.417
==========
==========68
1 0 2 24000
Node 37 63 18.3848
Pkt 115 250 0.46 1
Pkt 115 250 0.46 1
Rate:920
==========
==========69
1 0 2 24000
Node 32 45 18.6815
Pkt 115 250 0.46 1
Pkt 345 750 0.46 1
Rate:920
==========
==========70
1 0 2 24000
Node 74 31 30.6105
Pkt 184 400 0.46 1
Pkt 173 375 0.461333 1
Rate:921.333
==========
==========71
1 0 2 24000
Node 50 36 14
Pkt 148 320 0.4625 1
Pkt 345 750 0.46 1
Rate:922.5
==========
==========72
1 0 2 24000
Node 29 45 21.587
Pkt 276 600 0.46 1
Pkt 345 750 0.46 1
Rate:920
==========
==========73
1 0 2 24000
Node 59 39 14.2127
Pkt 173 375 0.461333 1
Pkt 138 300 0.46 1
Rate:921.333
==========
==========74
1 0 2 24000
Node 32 65 23.4307
Pkt 148 320 0.4625 1
Pkt 221 480 0.460417 1
Rate:922.917
==========
==========75
1 0 2 24000
Node 33 45 17.72
Pkt 276 600 0.46 1
Pkt 92 200 0.46 1
Rate:920
==========
==========76
1 0 2 24000
Node 37 46 13.6015
Pkt 115 250 0.46 1
Pkt 111 240 0.4625 1
Rate:922.5
==========
==========77
1 0 2 24000
Node 74 69 30.6105
Pkt 173 375 0.461333 1
Pkt 276 600 0.46 1
Rate:921.333
==========
==========78
1 0 2 24000
Node 60 29 23.2594
Pkt 115 250 0.46 1
Pkt 115 250 0.46 1
Rate:920
==========
==========79
1 0 2 24000
Node 27 67 28.6007
Pkt 115 250 0.46 1
Pkt 276 600 0.46 1
Rate:920
==========
==========80
1 0 2 24000
Node 41 36 16.6433
Pkt 111 240 0.4625 1
Pkt 111 240 0.4625 1
Rate:925
==========
==========81
1 0 2 24000
Node 40 44 11.6619
Pkt 148 320 0.4625 1
Pkt 345 750 0.46 1
Rate:922.5
==========
==========82
1 0 2 24000
Node 68 53 18.2483
Pkt 276 600 0.46 1
Pkt 92 200 0.46 1
Rate:920
==========
==========83
1 0 2 24000
Node 48 56 6.32456
Pkt 148 320 0.4625 1
Pkt 184 400 0.46 1
Rate:922.5
==========
==========84
1 0 2 24000
Node 67 27 28.6007
Pkt 115 250 0.46 1
Pkt 221 480 0.460417 1
Rate:920.417
==========
==========85
1 0 2 24000
Node 28 52 22.0907
Pkt 230 500 0.46 1
Pkt 345 750 0.46 1
Rate:920
==========
==========86
1 0 2 24000
Node 73 30 30.4795
Pkt 184 400 0.46 1
Pkt 92 200 0.46 1
Rate:920
==========
==========87
1 0 2 24000
Node 50 42 8
Pkt 230 500 0.46 1
Pkt 92 200 0.46 1
Rate:920
==========
==========88
1 0 2 24000
Node 53 41 9.48683
Pkt 111 240 0.4625 1
Pkt 276 600 0.46 1
Rate:922.5
==========
==========89
1 0 2 24000
Node 44 35 16.1555
Pkt 148 320 0.4625 1
Pkt 92 200 0.46 1
Rate:922.5
==========
==========90
1 0 2 24000
Node 74 64 27.7849
Pkt 111 240 0.4625 1
Pkt 276 600 0.46 1
Rate:922.5
==========
==========91
1 0 2 24000
Node 50 58 8
Pkt 138 300 0.46 1
Pkt 276 600 0.46 1
Rate:920
==========
==========92
1 0 2 24000
Node 32 41 20.1246
Pkt 115 250 0.46 1
Pkt 276 600 0.46 1
Rate:920
==========
==========93
1 0 2 24000
Node 59 58 12.0416
Pkt 111 240 0.4625 1
Pkt 276 600 0.46 1
Rate:922.5
==========
==========94
1 0 2 24000
Node 33 25 30.2324
Pkt 230 500 0.46 1
Pkt 276 600 0.46 1
Rate:920
==========
==========95
1 0 2 24000
Node 51 47 3.16228
Pkt 138 300 0.46 1
Pkt 221 480 0.460417 1
Rate:920.417
==========
==========96
1 0 2 24000
Node 49 74 24.0208
Pkt 276 600 0.46 1
Pkt 148 320 0.4625 1
Rate:922.5
==========
==========97
1 0 2 24000
Node 48 30 20.0998
Pkt 276 600 0.46 1
Pkt 148 320 0.4625 1
Rate:922.5
==========
==========98
1 0 2 24000
Node 71 66 26.4008
Pkt 115 250 0.46 1
Pkt 111 240 0.4625 1
Rate:922.5
==========
==========99
