1 0 2 24000
Node 45 33 17.72
Pkt 180 750 0.24 1
Pkt 180 750 0.24 1
Rate:480
==========
==========0
1 0 2 24000
Node 28 59 23.7697
Pkt 120 500 0.24 1
Pkt 90 375 0.24 1
Rate:480
==========
==========1
1 0 2 24000
Node 65 27 27.4591
Pkt 90 375 0.24 1
Pkt 116 480 0.241667 1
Rate:481.667
==========
==========2
1 0 2 24000
Node 50 55 5
Pkt 96 400 0.24 1
Pkt 180 750 0.24 1
Rate:480
==========
==========3
1 0 2 24000
Node 69 64 23.6008
Pkt 96 400 0.24 1
Pkt 120 500 0.24 1
Rate:480
==========
==========4
1 0 2 24000
Node 31 40 21.4709
Pkt 116 480 0.241667 1
Pkt 72 300 0.24 1
Rate:481.667
==========
==========5
1 0 2 24000
Node 60 29 23.2594
Pkt 48 200 0.24 1
Pkt 120 500 0.24 1
Rate:480
==========
==========6
1 0 2 24000
Node 48 59 9.21954
Pkt 58 240 0.241667 1
Pkt 58 240 0.241667 1
Rate:483.333
==========
==========7
1 0 2 24000
Node 56 42 10
Pkt 72 300 0.24 1
Pkt 77 320 0.240625 1
Rate:480.625
==========
==========8
1 0 2 24000
Node 43 26 25
Pkt 96 400 0.24 1
Pkt 144 600 0.24 1
Rate:480
==========
==========9
1 0 2 24000
Node 39 55 12.083
Pkt 144 600 0.24 1
Pkt 180 750 0.24 1
Rate:480
==========
==========10
1 0 2 24000
Node 49 27 23.0217
Pkt 90 375 0.24 1
Pkt 144 600 0.24 1
Rate:480
==========
==========11
1 0 2 24000
Node 56 63 14.3178
Pkt 77 320 0.240625 1
Pkt 180 750 0.24 1
Rate:480.625
==========
==========12
1 0 2 24000
Node 35 57 16.5529
Pkt 48 200 0.24 1
Pkt 58 240 0.241667 1
Rate:481.667
==========
==========13
1 0 2 24000
Node 26 57 25
Pkt 60 250 0.24 1
Pkt 60 250 0.24 1
Rate:480
==========
==========14
1 0 2 24000
Node 37 55 13.9284
Pkt 180 750 0.24 1
Pkt 77 320 0.240625 1
Rate:480.625
==========
==========15
1 0 2 24000
Node 55 25 25.4951
Pkt 144 600 0.24 1
Pkt 72 300 0.24 1
Rate:480
==========
==========16
1 0 2 24000
Node 55 43 8.60233
Pkt 96 400 0.24 1
Pkt 48 200 0.24 1
Rate:480
==========
==========17
1 0 2 24000
Node 68 72 28.4253
Pkt 90 375 0.24 1
Pkt 180 750 0.24 1
Rate:480
==========
==========18
1 0 2 24000
Node 66 35 21.9317
Pkt 72 300 0.24 1
Pkt 120 500 0.24 1
Rate:480
==========
==========19
1 0 2 24000
Node 36 26 27.7849
Pkt 180 750 0.24 1
Pkt 72 300 0.24 1
Rate:480
==========
==========20
1 0 2 24000
Node 29 59 22.8473
Pkt 116 480 0.241667 1
Pkt 48 200 0.24 1
Rate:481.667
==========
==========21
1 0 2 24000
Node 52 60 10.198
Pkt 90 375 0.24 1
Pkt 72 300 0.24 1
Rate:480
==========
==========22
1 0 2 24000
Node 44 30 20.8806
Pkt 90 375 0.24 1
Pkt 120 500 0.24 1
Rate:480
==========
==========23
1 0 2 24000
Node 26 31 30.6105
Pkt 116 480 0.241667 1
Pkt 144 600 0.24 1
Rate:481.667
==========
==========24
1 0 2 24000
Node 61 58 13.6015
Pkt 120 500 0.24 1
Pkt 58 240 0.241667 1
Rate:481.667
==========
==========25
1 0 2 24000
Node 56 37 14.3178
Pkt 48 200 0.24 1
Pkt 60 250 0.24 1
Rate:480
==========
==========26
1 0 2 24000
Node 29 56 21.8403
Pkt 77 320 0.240625 1
Pkt 120 500 0.24 1
Rate:480.625
==========
==========27
1 0 2 24000
Node 43 60 12.2066
Pkt 116 480 0.241667 1
Pkt 116 480 0.241667 1
Rate:483.333
==========
==========28
1 0 2 24000
Node 65 41 17.4929
Pkt 120 500 0.24 1
Pkt 116 480 0.241667 1
Rate:481.667
==========
==========29
1 0 2 24000
Node 62 40 15.6205
Pkt 180 750 0.24 1
Pkt 144 600 0.24 1
Rate:480
==========
==========30
1 0 2 24000
Node 71 28 30.4138
Pkt 144 600 0.24 1
Pkt 58 240 0.241667 1
Rate:481.667
==========
==========31
1 0 2 24000
Node 25 56 25.7099
Pkt 72 300 0.24 1
Pkt 120 500 0.24 1
Rate:480
==========
==========32
1 0 2 24000
Node 27 48 23.0868
Pkt 58 240 0.241667 1
Pkt 180 750 0.24 1
Rate:481.667
==========
==========33
1 0 2 24000
Node 40 45 11.1803
Pkt 96 400 0.24 1
Pkt 90 375 0.24 1
Rate:480
==========
==========34
1 0 2 24000
Node 37 30 23.8537
Pkt 90 375 0.24 1
Pkt 60 250 0.24 1
Rate:480
==========
==========35
1 0 2 24000
Node 25 62 27.7308
Pkt 90 375 0.24 1
Pkt 58 240 0.241667 1
Rate:481.667
==========
==========36
1 0 2 24000
Node 43 32 19.3132
Pkt 48 200 0.24 1
Pkt 116 480 0.241667 1
Rate:481.667
==========
==========37
1 0 2 24000
Node 50 32 18
Pkt 96 400 0.24 1
Pkt 96 400 0.24 1
Rate:480
==========
==========38
1 0 2 24000
Node 66 37 20.6155
Pkt 48 200 0.24 1
Pkt 48 200 0.24 1
Rate:480
==========
==========39
1 0 2 24000
Node 37 71 24.6982
Pkt 180 750 0.24 1
Pkt 77 320 0.240625 1
Rate:480.625
==========
==========40
1 0 2 24000
Node 55 67 17.72
Pkt 77 320 0.240625 1
Pkt 116 480 0.241667 1
Rate:482.292
==========
==========41
1 0 2 24000
Node 36 61 17.8045
Pkt 48 200 0.24 1
Pkt 77 320 0.240625 1
Rate:480.625
==========
==========42
1 0 2 24000
Node 49 40 10.0499
Pkt 120 500 0.24 1
Pkt 72 300 0.24 1
Rate:480
==========
==========43
1 0 2 24000
Node 40 48 10.198
Pkt 144 600 0.24 1
Pkt 96 400 0.24 1
Rate:480
==========
==========44
1 0 2 24000
Node 39 60 14.8661
Pkt 120 500 0.24 1
Pkt 144 600 0.24 1
Rate:480
==========
==========45
1 0 2 24000
Node 32 30 26.9072
Pkt 48 200 0.24 1
Pkt 180 750 0.24 1
Rate:480
==========
==========46
1 0 2 24000
Node 48 64 14.1421
Pkt 77 320 0.240625 1
Pkt 96 400 0.24 1
Rate:480.625
==========
==========47
1 0 2 24000
Node 39 51 11.0454
Pkt 116 480 0.241667 1
Pkt 116 480 0.241667 1
Rate:483.333
==========
==========48
1 0 2 24000
Node 47 58 8.544
Pkt 60 250 0.24 1
Pkt 58 240 0.241667 1
Rate:481.667
==========
==========49
1 0 2 24000
Node 31 47 19.2354
Pkt 144 600 0.24 1
Pkt 48 200 0.24 1
Rate:480
==========
==========50
1 0 2 24000
Node 29 72 30.4138
Pkt 58 240 0.241667 1
Pkt 144 600 0.24 1
Rate:481.667
==========
==========51
1 0 2 24000
Node 30 38 23.3238
Pkt 120 500 0.24 1
Pkt 48 200 0.24 1
Rate:480
==========
==========52
1 0 2 24000
Node 74 59 25.632
Pkt 144 600 0.24 1
Pkt 90 375 0.24 1
Rate:480
==========
==========53
1 0 2 24000
Node 27 26 33.2415
Pkt 48 200 0.24 1
Pkt 60 250 0.24 1
Rate:480
==========
==========54
1 0 2 24000
Node 34 66 22.6274
Pkt 96 400 0.24 1
Pkt 77 320 0.240625 1
Rate:480.625
==========
==========55
1 0 2 24000
Node 45 54 6.40312
Pkt 96 400 0.24 1
Pkt 90 375 0.24 1
Rate:480
==========
==========56
1 0 2 24000
Node 62 47 12.3693
Pkt 77 320 0.240625 1
Pkt 60 250 0.24 1
Rate:480.625
==========
==========57
1 0 2 24000
Node 72 41 23.7697
Pkt 116 480 0.241667 1
Pkt 120 500 0.24 1
Rate:481.667
==========
==========58
1 0 2 24000
Node 25 69 31.4006
Pkt 90 375 0.24 1
Pkt 96 400 0.24 1
Rate:480
==========
==========59
1 0 2 24000
Node 59 50 9
Pkt 116 480 0.241667 1
Pkt 120 500 0.24 1
Rate:481.667
==========
==========60
1 0 2 24000
Node 56 27 23.7697
Pkt 58 240 0.241667 1
Pkt 77 320 0.240625 1
Rate:482.292
==========
==========61
1 0 2 24000
Node 42 52 8.24621
Pkt 60 250 0.24 1
Pkt 60 250 0.24 1
Rate:480
==========
==========62
1 0 2 24000
Node 73 29 31.1448
Pkt 144 600 0.24 1
Pkt 90 375 0.24 1
Rate:480
==========
==========63
1 0 2 24000
Node 36 31 23.6008
Pkt 77 320 0.240625 1
Pkt 120 500 0.24 1
Rate:480.625
==========
==========64
1 0 2 24000
Node 41 63 15.8114
Pkt 180 750 0.24 1
Pkt 96 400 0.24 1
Rate:480
==========
==========65
1 0 2 24000
Node 51 30 20.025
Pkt 90 375 0.24 1
Pkt 72 300 0.24 1
Rate:480
==========
==========66
1 0 2 24000
Node 38 49 12.0416
Pkt 90 375 0.24 1
Pkt 60 250 0.24 1
Rate:480
==========
==========67
1 0 2 24000
Node 44 35 16.1555
Pkt 77 320 0.240625 1
Pkt 60 250 0.24 1
Rate:480.625
==========
==========68
1 0 2 24000
Node 46 45 6.40312
Pkt 77 320 0.240625 1
Pkt 116 480 0.241667 1
Rate:482.292
==========
==========69
1 0 2 24000
Node 29 25 32.6497
Pkt 116 480 0.241667 1
Pkt 72 300 0.24 1
Rate:481.667
==========
==========70
1 0 2 24000
Node 51 25 25.02
Pkt 120 500 0.24 1
Pkt 58 240 0.241667 1
Rate:481.667
==========
==========71
1 0 2 24000
Node 49 39 11.0454
Pkt 60 250 0.24 1
Pkt 60 250 0.24 1
Rate:480
==========
==========72
1 0 2 24000
Node 58 65 17
Pkt 120 500 0.24 1
Pkt 180 750 0.24 1
Rate:480
==========
==========73
1 0 2 24000
Node 52 48 2.82843
Pkt 77 320 0.240625 1
Pkt 48 200 0.24 1
Rate:480.625
==========
==========74
1 0 2 24000
Node 38 34 20
Pkt 116 480 0.241667 1
Pkt 116 480 0.241667 1
Rate:483.333
==========
==========75
1 0 2 24000
Node 58 58 11.3137
Pkt 58 240 0.241667 1
Pkt 90 375 0.24 1
Rate:481.667
==========
==========76
1 0 2 24000
Node 67 29 27.0185
Pkt 60 250 0.24 1
Pkt 58 240 0.241667 1
Rate:481.667
==========
==========77
1 0 2 24000
Node 66 39 19.4165
Pkt 72 300 0.24 1
Pkt 48 200 0.24 1
Rate:480
==========
==========78
1 0 2 24000
Node 42 43 10.6301
Pkt 90 375 0.24 1
Pkt 60 250 0.24 1
Rate:480
==========
==========79
1 0 2 24000
Node 55 26 24.5153
Pkt 144 600 0.24 1
Pkt 60 250 0.24 1
Rate:480
==========
==========80
1 0 2 24000
Node 35 74 28.3019
Pkt 90 375 0.24 1
Pkt 144 600 0.24 1
Rate:480
==========
==========81
1 0 2 24000
Node 27 58 24.3516
Pkt 72 300 0.24 1
Pkt 90 375 0.24 1
Rate:480
==========
==========82
1 0 2 24000
Node 56 44 8.48528
Pkt 120 500 0.24 1
Pkt 120 500 0.24 1
Rate:480
==========
==========83
1 0 2 24000
Node 73 49 23.0217
Pkt 120 500 0.24 1
Pkt 60 250 0.24 1
Rate:480
==========
==========84
1 0 2 24000
Node 46 30 20.3961
Pkt 180 750 0.24 1
Pkt 58 240 0.241667 1
Rate:481.667
==========
==========85
1 0 2 24000
Node 40 74 26
Pkt 77 320 0.240625 1
Pkt 60 250 0.24 1
Rate:480.625
==========
==========86
1 0 2 24000
Node 26 72 32.5576
Pkt 60 250 0.24 1
Pkt 60 250 0.24 1
Rate:480
==========
==========87
1 0 2 24000
Node 32 29 27.6586
Pkt 116 480 0.241667 1
Pkt 72 300 0.24 1
Rate:481.667
==========
==========88
1 0 2 24000
Node 66 38 20
Pkt 120 500 0.24 1
Pkt 120 500 0.24 1
Rate:480
==========
==========89
1 0 2 24000
Node 62 25 27.7308
Pkt 96 400 0.24 1
Pkt 72 300 0.24 1
Rate:480
==========
==========90
1 0 2 24000
Node 45 49 5.09902
Pkt 58 240 0.241667 1
Pkt 144 600 0.24 1
Rate:481.667
==========
==========91
1 0 2 24000
Node 34 31 24.8395
Pkt 58 240 0.241667 1
Pkt 180 750 0.24 1
Rate:481.667
==========
==========92
1 0 2 24000
Node 69 38 22.4722
Pkt 58 240 0.241667 1
Pkt 90 375 0.24 1
Rate:481.667
==========
==========93
1 0 2 24000
Node 66 53 16.2788
Pkt 180 750 0.24 1
Pkt 58 240 0.241667 1
Rate:481.667
==========
==========94
1 0 2 24000
Node 67 74 29.4109
Pkt 60 250 0.24 1
Pkt 72 300 0.24 1
Rate:480
==========
==========95
1 0 2 24000
Node 67 51 17.0294
Pkt 48 200 0.24 1
Pkt 58 240 0.241667 1
Rate:481.667
==========
==========96
1 0 2 24000
Node 26 60 26
Pkt 77 320 0.240625 1
Pkt 180 750 0.24 1
Rate:480.625
==========
==========97
1 0 2 24000
Node 32 53 18.2483
Pkt 180 750 0.24 1
Pkt 96 400 0.24 1
Rate:480
==========
==========98
1 0 2 24000
Node 59 56 10.8167
Pkt 96 400 0.24 1
Pkt 180 750 0.24 1
Rate:480
==========
==========99
