1 0 2 24000
Node 38 65 19.2094
Pkt 105 250 0.42 1
Pkt 126 300 0.42 1
Rate:840
==========
==========0
1 0 2 24000
Node 57 64 15.6525
Pkt 315 750 0.42 1
Pkt 210 500 0.42 1
Rate:840
==========
==========1
1 0 2 24000
Node 57 42 10.6301
Pkt 158 375 0.421333 1
Pkt 105 250 0.42 1
Rate:841.333
==========
==========2
1 0 2 24000
Node 71 49 21.0238
Pkt 158 375 0.421333 1
Pkt 252 600 0.42 1
Rate:841.333
==========
==========3
1 0 2 24000
Node 33 48 17.1172
Pkt 315 750 0.42 1
Pkt 168 400 0.42 1
Rate:840
==========
==========4
1 0 2 24000
Node 35 60 18.0278
Pkt 126 300 0.42 1
Pkt 101 240 0.420833 1
Rate:840.833
==========
==========5
1 0 2 24000
Node 48 38 12.1655
Pkt 210 500 0.42 1
Pkt 168 400 0.42 1
Rate:840
==========
==========6
1 0 2 24000
Node 55 57 8.60233
Pkt 84 200 0.42 1
Pkt 126 300 0.42 1
Rate:840
==========
==========7
1 0 2 24000
Node 74 52 24.0832
Pkt 126 300 0.42 1
Pkt 105 250 0.42 1
Rate:840
==========
==========8
1 0 2 24000
Node 34 66 22.6274
Pkt 168 400 0.42 1
Pkt 252 600 0.42 1
Rate:840
==========
==========9
1 0 2 24000
Node 58 27 24.3516
Pkt 210 500 0.42 1
Pkt 202 480 0.420833 1
Rate:840.833
==========
==========10
1 0 2 24000
Node 25 28 33.3017
Pkt 202 480 0.420833 1
Pkt 126 300 0.42 1
Rate:840.833
==========
==========11
1 0 2 24000
Node 31 32 26.1725
Pkt 315 750 0.42 1
Pkt 202 480 0.420833 1
Rate:840.833
==========
==========12
1 0 2 24000
Node 29 50 21
Pkt 84 200 0.42 1
Pkt 105 250 0.42 1
Rate:840
==========
==========13
1 0 2 24000
Node 39 42 13.6015
Pkt 84 200 0.42 1
Pkt 202 480 0.420833 1
Rate:840.833
==========
==========14
1 0 2 24000
Node 28 27 31.8277
Pkt 210 500 0.42 1
Pkt 210 500 0.42 1
Rate:840
==========
==========15
1 0 2 24000
Node 72 74 32.5576
Pkt 202 480 0.420833 1
Pkt 168 400 0.42 1
Rate:840.833
==========
==========16
1 0 2 24000
Node 38 47 12.3693
Pkt 101 240 0.420833 1
Pkt 158 375 0.421333 1
Rate:842.167
==========
==========17
1 0 2 24000
Node 60 68 20.5913
Pkt 84 200 0.42 1
Pkt 84 200 0.42 1
Rate:840
==========
==========18
1 0 2 24000
Node 48 25 25.0799
Pkt 315 750 0.42 1
Pkt 210 500 0.42 1
Rate:840
==========
==========19
1 0 2 24000
Node 59 34 18.3576
Pkt 105 250 0.42 1
Pkt 252 600 0.42 1
Rate:840
==========
==========20
1 0 2 24000
Node 33 41 19.2354
Pkt 101 240 0.420833 1
Pkt 158 375 0.421333 1
Rate:842.167
==========
==========21
1 0 2 24000
Node 57 52 7.28011
Pkt 105 250 0.42 1
Pkt 252 600 0.42 1
Rate:840
==========
==========22
1 0 2 24000
Node 57 46 8.06226
Pkt 84 200 0.42 1
Pkt 210 500 0.42 1
Rate:840
==========
==========23
1 0 2 24000
Node 50 30 20
Pkt 105 250 0.42 1
Pkt 252 600 0.42 1
Rate:840
==========
==========24
1 0 2 24000
Node 70 50 20
Pkt 168 400 0.42 1
Pkt 135 320 0.421875 1
Rate:841.875
==========
==========25
1 0 2 24000
Node 35 47 15.2971
Pkt 105 250 0.42 1
Pkt 158 375 0.421333 1
Rate:841.333
==========
==========26
1 0 2 24000
Node 59 27 24.6982
Pkt 210 500 0.42 1
Pkt 252 600 0.42 1
Rate:840
==========
==========27
1 0 2 24000
Node 31 67 25.4951
Pkt 135 320 0.421875 1
Pkt 158 375 0.421333 1
Rate:843.208
==========
==========28
1 0 2 24000
Node 40 58 12.8062
Pkt 202 480 0.420833 1
Pkt 84 200 0.42 1
Rate:840.833
==========
==========29
1 0 2 24000
Node 54 40 10.7703
Pkt 315 750 0.42 1
Pkt 126 300 0.42 1
Rate:840
==========
==========30
1 0 2 24000
Node 64 50 14
Pkt 202 480 0.420833 1
Pkt 168 400 0.42 1
Rate:840.833
==========
==========31
1 0 2 24000
Node 37 58 15.2643
Pkt 168 400 0.42 1
Pkt 126 300 0.42 1
Rate:840
==========
==========32
1 0 2 24000
Node 69 50 19
Pkt 210 500 0.42 1
Pkt 84 200 0.42 1
Rate:840
==========
==========33
1 0 2 24000
Node 74 33 29.4109
Pkt 252 600 0.42 1
Pkt 126 300 0.42 1
Rate:840
==========
==========34
1 0 2 24000
Node 36 44 15.2315
Pkt 126 300 0.42 1
Pkt 126 300 0.42 1
Rate:840
==========
==========35
1 0 2 24000
Node 63 26 27.2947
Pkt 126 300 0.42 1
Pkt 135 320 0.421875 1
Rate:841.875
==========
==========36
1 0 2 24000
Node 43 61 13.0384
Pkt 105 250 0.42 1
Pkt 158 375 0.421333 1
Rate:841.333
==========
==========37
1 0 2 24000
Node 70 52 20.0998
Pkt 158 375 0.421333 1
Pkt 158 375 0.421333 1
Rate:842.667
==========
==========38
1 0 2 24000
Node 50 71 21
Pkt 84 200 0.42 1
Pkt 101 240 0.420833 1
Rate:840.833
==========
==========39
1 0 2 24000
Node 42 45 9.43398
Pkt 168 400 0.42 1
Pkt 126 300 0.42 1
Rate:840
==========
==========40
1 0 2 24000
Node 66 69 24.8395
Pkt 210 500 0.42 1
Pkt 168 400 0.42 1
Rate:840
==========
==========41
1 0 2 24000
Node 30 47 20.2237
Pkt 252 600 0.42 1
Pkt 202 480 0.420833 1
Rate:840.833
==========
==========42
1 0 2 24000
Node 28 70 29.7321
Pkt 202 480 0.420833 1
Pkt 105 250 0.42 1
Rate:840.833
==========
==========43
1 0 2 24000
Node 60 34 18.868
Pkt 158 375 0.421333 1
Pkt 202 480 0.420833 1
Rate:842.167
==========
==========44
1 0 2 24000
Node 49 65 15.0333
Pkt 202 480 0.420833 1
Pkt 135 320 0.421875 1
Rate:842.708
==========
==========45
1 0 2 24000
Node 40 31 21.4709
Pkt 84 200 0.42 1
Pkt 168 400 0.42 1
Rate:840
==========
==========46
1 0 2 24000
Node 67 51 17.0294
Pkt 210 500 0.42 1
Pkt 315 750 0.42 1
Rate:840
==========
==========47
1 0 2 24000
Node 40 55 11.1803
Pkt 315 750 0.42 1
Pkt 315 750 0.42 1
Rate:840
==========
==========48
1 0 2 24000
Node 45 32 18.6815
Pkt 135 320 0.421875 1
Pkt 202 480 0.420833 1
Rate:842.708
==========
==========49
1 0 2 24000
Node 37 48 13.1529
Pkt 168 400 0.42 1
Pkt 158 375 0.421333 1
Rate:841.333
==========
==========50
1 0 2 24000
Node 63 33 21.4009
Pkt 135 320 0.421875 1
Pkt 210 500 0.42 1
Rate:841.875
==========
==========51
1 0 2 24000
Node 60 62 15.6205
Pkt 315 750 0.42 1
Pkt 101 240 0.420833 1
Rate:840.833
==========
==========52
1 0 2 24000
Node 32 51 18.0278
Pkt 202 480 0.420833 1
Pkt 105 250 0.42 1
Rate:840.833
==========
==========53
1 0 2 24000
Node 72 45 22.561
Pkt 202 480 0.420833 1
Pkt 210 500 0.42 1
Rate:840.833
==========
==========54
1 0 2 24000
Node 48 44 6.32456
Pkt 202 480 0.420833 1
Pkt 168 400 0.42 1
Rate:840.833
==========
==========55
1 0 2 24000
Node 34 66 22.6274
Pkt 210 500 0.42 1
Pkt 126 300 0.42 1
Rate:840
==========
==========56
1 0 2 24000
Node 26 63 27.2947
Pkt 126 300 0.42 1
Pkt 168 400 0.42 1
Rate:840
==========
==========57
1 0 2 24000
Node 55 73 23.5372
Pkt 101 240 0.420833 1
Pkt 126 300 0.42 1
Rate:840.833
==========
==========58
1 0 2 24000
Node 53 52 3.60555
Pkt 252 600 0.42 1
Pkt 135 320 0.421875 1
Rate:841.875
==========
==========59
1 0 2 24000
Node 34 29 26.4008
Pkt 135 320 0.421875 1
Pkt 105 250 0.42 1
Rate:841.875
==========
==========60
1 0 2 24000
Node 43 37 14.7648
Pkt 252 600 0.42 1
Pkt 202 480 0.420833 1
Rate:840.833
==========
==========61
1 0 2 24000
Node 40 48 10.198
Pkt 210 500 0.42 1
Pkt 101 240 0.420833 1
Rate:840.833
==========
==========62
1 0 2 24000
Node 28 59 23.7697
Pkt 101 240 0.420833 1
Pkt 168 400 0.42 1
Rate:840.833
==========
==========63
1 0 2 24000
Node 43 26 25
Pkt 202 480 0.420833 1
Pkt 126 300 0.42 1
Rate:840.833
==========
==========64
1 0 2 24000
Node 32 46 18.4391
Pkt 126 300 0.42 1
Pkt 135 320 0.421875 1
Rate:841.875
==========
==========65
1 0 2 24000
Node 53 42 8.544
Pkt 315 750 0.42 1
Pkt 168 400 0.42 1
Rate:840
==========
==========66
1 0 2 24000
Node 42 58 11.3137
Pkt 168 400 0.42 1
Pkt 84 200 0.42 1
Rate:840
==========
==========67
1 0 2 24000
Node 29 41 22.8473
Pkt 84 200 0.42 1
Pkt 105 250 0.42 1
Rate:840
==========
==========68
1 0 2 24000
Node 68 34 24.0832
Pkt 101 240 0.420833 1
Pkt 252 600 0.42 1
Rate:840.833
==========
==========69
1 0 2 24000
Node 35 39 18.6011
Pkt 126 300 0.42 1
Pkt 135 320 0.421875 1
Rate:841.875
==========
==========70
1 0 2 24000
Node 60 43 12.2066
Pkt 210 500 0.42 1
Pkt 202 480 0.420833 1
Rate:840.833
==========
==========71
1 0 2 24000
Node 70 39 22.8254
Pkt 252 600 0.42 1
Pkt 252 600 0.42 1
Rate:840
==========
==========72
1 0 2 24000
Node 28 53 22.2036
Pkt 315 750 0.42 1
Pkt 168 400 0.42 1
Rate:840
==========
==========73
1 0 2 24000
Node 33 38 20.8087
Pkt 210 500 0.42 1
Pkt 210 500 0.42 1
Rate:840
==========
==========74
1 0 2 24000
Node 55 72 22.561
Pkt 84 200 0.42 1
Pkt 84 200 0.42 1
Rate:840
==========
==========75
1 0 2 24000
Node 55 32 18.6815
Pkt 202 480 0.420833 1
Pkt 101 240 0.420833 1
Rate:841.667
==========
==========76
1 0 2 24000
Node 68 48 18.1108
Pkt 210 500 0.42 1
Pkt 101 240 0.420833 1
Rate:840.833
==========
==========77
1 0 2 24000
Node 57 54 8.06226
Pkt 158 375 0.421333 1
Pkt 315 750 0.42 1
Rate:841.333
==========
==========78
1 0 2 24000
Node 26 66 28.8444
Pkt 158 375 0.421333 1
Pkt 158 375 0.421333 1
Rate:842.667
==========
==========79
1 0 2 24000
Node 61 61 15.5563
Pkt 168 400 0.42 1
Pkt 315 750 0.42 1
Rate:840
==========
==========80
1 0 2 24000
Node 48 71 21.095
Pkt 126 300 0.42 1
Pkt 158 375 0.421333 1
Rate:841.333
==========
==========81
1 0 2 24000
Node 41 60 13.4536
Pkt 168 400 0.42 1
Pkt 158 375 0.421333 1
Rate:841.333
==========
==========82
1 0 2 24000
Node 26 42 25.2982
Pkt 135 320 0.421875 1
Pkt 126 300 0.42 1
Rate:841.875
==========
==========83
1 0 2 24000
Node 57 38 13.8924
Pkt 126 300 0.42 1
Pkt 158 375 0.421333 1
Rate:841.333
==========
==========84
1 0 2 24000
Node 27 47 23.1948
Pkt 105 250 0.42 1
Pkt 101 240 0.420833 1
Rate:840.833
==========
==========85
1 0 2 24000
Node 28 32 28.4253
Pkt 105 250 0.42 1
Pkt 202 480 0.420833 1
Rate:840.833
==========
==========86
1 0 2 24000
Node 47 29 21.2132
Pkt 168 400 0.42 1
Pkt 105 250 0.42 1
Rate:840
==========
==========87
1 0 2 24000
Node 33 56 18.0278
Pkt 202 480 0.420833 1
Pkt 252 600 0.42 1
Rate:840.833
==========
==========88
1 0 2 24000
Node 61 34 19.4165
Pkt 315 750 0.42 1
Pkt 210 500 0.42 1
Rate:840
==========
==========89
1 0 2 24000
Node 28 64 26.0768
Pkt 158 375 0.421333 1
Pkt 202 480 0.420833 1
Rate:842.167
==========
==========90
1 0 2 24000
Node 56 66 17.088
Pkt 84 200 0.42 1
Pkt 84 200 0.42 1
Rate:840
==========
==========91
1 0 2 24000
Node 64 66 21.2603
Pkt 210 500 0.42 1
Pkt 135 320 0.421875 1
Rate:841.875
==========
==========92
1 0 2 24000
Node 28 50 22
Pkt 101 240 0.420833 1
Pkt 158 375 0.421333 1
Rate:842.167
==========
==========93
1 0 2 24000
Node 42 30 21.5407
Pkt 168 400 0.42 1
Pkt 105 250 0.42 1
Rate:840
==========
==========94
1 0 2 24000
Node 60 61 14.8661
Pkt 252 600 0.42 1
Pkt 168 400 0.42 1
Rate:840
==========
==========95
1 0 2 24000
Node 48 26 24.0832
Pkt 202 480 0.420833 1
Pkt 135 320 0.421875 1
Rate:842.708
==========
==========96
1 0 2 24000
Node 61 63 17.0294
Pkt 158 375 0.421333 1
Pkt 126 300 0.42 1
Rate:841.333
==========
==========97
1 0 2 24000
Node 58 69 20.6155
Pkt 210 500 0.42 1
Pkt 252 600 0.42 1
Rate:840
==========
==========98
1 0 2 24000
Node 57 65 16.5529
Pkt 168 400 0.42 1
Pkt 202 480 0.420833 1
Rate:840.833
==========
==========99
