1 0 2 24000
Node 54 67 17.4642
Pkt 300 750 0.4 1
Pkt 100 250 0.4 1
Rate:800
==========
==========0
1 0 2 24000
Node 29 72 30.4138
Pkt 200 500 0.4 1
Pkt 150 375 0.4 1
Rate:800
==========
==========1
1 0 2 24000
Node 59 32 20.1246
Pkt 80 200 0.4 1
Pkt 160 400 0.4 1
Rate:800
==========
==========2
1 0 2 24000
Node 63 73 26.4197
Pkt 200 500 0.4 1
Pkt 300 750 0.4 1
Rate:800
==========
==========3
1 0 2 24000
Node 32 67 24.7588
Pkt 128 320 0.4 1
Pkt 128 320 0.4 1
Rate:800
==========
==========4
1 0 2 24000
Node 65 48 15.1327
Pkt 240 600 0.4 1
Pkt 150 375 0.4 1
Rate:800
==========
==========5
1 0 2 24000
Node 69 32 26.1725
Pkt 240 600 0.4 1
Pkt 240 600 0.4 1
Rate:800
==========
==========6
1 0 2 24000
Node 71 43 22.1359
Pkt 128 320 0.4 1
Pkt 120 300 0.4 1
Rate:800
==========
==========7
1 0 2 24000
Node 70 32 26.9072
Pkt 192 480 0.4 1
Pkt 160 400 0.4 1
Rate:800
==========
==========8
1 0 2 24000
Node 34 65 21.9317
Pkt 192 480 0.4 1
Pkt 80 200 0.4 1
Rate:800
==========
==========9
1 0 2 24000
Node 53 27 23.1948
Pkt 100 250 0.4 1
Pkt 100 250 0.4 1
Rate:800
==========
==========10
1 0 2 24000
Node 58 33 18.7883
Pkt 192 480 0.4 1
Pkt 192 480 0.4 1
Rate:800
==========
==========11
1 0 2 24000
Node 49 53 3.16228
Pkt 96 240 0.4 1
Pkt 300 750 0.4 1
Rate:800
==========
==========12
1 0 2 24000
Node 74 73 33.2415
Pkt 128 320 0.4 1
Pkt 300 750 0.4 1
Rate:800
==========
==========13
1 0 2 24000
Node 48 61 11.1803
Pkt 100 250 0.4 1
Pkt 80 200 0.4 1
Rate:800
==========
==========14
1 0 2 24000
Node 54 58 8.94427
Pkt 200 500 0.4 1
Pkt 150 375 0.4 1
Rate:800
==========
==========15
1 0 2 24000
Node 66 72 27.2029
Pkt 240 600 0.4 1
Pkt 200 500 0.4 1
Rate:800
==========
==========16
1 0 2 24000
Node 27 66 28.0179
Pkt 120 300 0.4 1
Pkt 96 240 0.4 1
Rate:800
==========
==========17
1 0 2 24000
Node 40 33 19.7231
Pkt 96 240 0.4 1
Pkt 160 400 0.4 1
Rate:800
==========
==========18
1 0 2 24000
Node 43 63 14.7648
Pkt 200 500 0.4 1
Pkt 96 240 0.4 1
Rate:800
==========
==========19
1 0 2 24000
Node 32 33 24.7588
Pkt 150 375 0.4 1
Pkt 240 600 0.4 1
Rate:800
==========
==========20
1 0 2 24000
Node 60 34 18.868
Pkt 240 600 0.4 1
Pkt 160 400 0.4 1
Rate:800
==========
==========21
1 0 2 24000
Node 33 41 19.2354
Pkt 240 600 0.4 1
Pkt 128 320 0.4 1
Rate:800
==========
==========22
1 0 2 24000
Node 36 59 16.6433
Pkt 300 750 0.4 1
Pkt 192 480 0.4 1
Rate:800
==========
==========23
1 0 2 24000
Node 52 53 3.60555
Pkt 200 500 0.4 1
Pkt 160 400 0.4 1
Rate:800
==========
==========24
1 0 2 24000
Node 54 64 14.5602
Pkt 128 320 0.4 1
Pkt 150 375 0.4 1
Rate:800
==========
==========25
1 0 2 24000
Node 40 27 25.0799
Pkt 150 375 0.4 1
Pkt 150 375 0.4 1
Rate:800
==========
==========26
1 0 2 24000
Node 33 50 17
Pkt 192 480 0.4 1
Pkt 128 320 0.4 1
Rate:800
==========
==========27
1 0 2 24000
Node 74 36 27.7849
Pkt 96 240 0.4 1
Pkt 80 200 0.4 1
Rate:800
==========
==========28
1 0 2 24000
Node 51 64 14.0357
Pkt 80 200 0.4 1
Pkt 200 500 0.4 1
Rate:800
==========
==========29
1 0 2 24000
Node 37 56 14.3178
Pkt 200 500 0.4 1
Pkt 160 400 0.4 1
Rate:800
==========
==========30
1 0 2 24000
Node 65 41 17.4929
Pkt 120 300 0.4 1
Pkt 100 250 0.4 1
Rate:800
==========
==========31
1 0 2 24000
Node 33 37 21.4009
Pkt 100 250 0.4 1
Pkt 128 320 0.4 1
Rate:800
==========
==========32
1 0 2 24000
Node 32 46 18.4391
Pkt 240 600 0.4 1
Pkt 96 240 0.4 1
Rate:800
==========
==========33
1 0 2 24000
Node 26 41 25.632
Pkt 160 400 0.4 1
Pkt 80 200 0.4 1
Rate:800
==========
==========34
1 0 2 24000
Node 68 27 29.2062
Pkt 200 500 0.4 1
Pkt 128 320 0.4 1
Rate:800
==========
==========35
1 0 2 24000
Node 53 55 5.83095
Pkt 128 320 0.4 1
Pkt 96 240 0.4 1
Rate:800
==========
==========36
1 0 2 24000
Node 58 42 11.3137
Pkt 200 500 0.4 1
Pkt 80 200 0.4 1
Rate:800
==========
==========37
1 0 2 24000
Node 49 72 22.0227
Pkt 128 320 0.4 1
Pkt 80 200 0.4 1
Rate:800
==========
==========38
1 0 2 24000
Node 67 25 30.2324
Pkt 300 750 0.4 1
Pkt 300 750 0.4 1
Rate:800
==========
==========39
1 0 2 24000
Node 62 71 24.1868
Pkt 160 400 0.4 1
Pkt 160 400 0.4 1
Rate:800
==========
==========40
1 0 2 24000
Node 27 26 33.2415
Pkt 160 400 0.4 1
Pkt 120 300 0.4 1
Rate:800
==========
==========41
1 0 2 24000
Node 68 64 22.8035
Pkt 160 400 0.4 1
Pkt 80 200 0.4 1
Rate:800
==========
==========42
1 0 2 24000
Node 54 34 16.4924
Pkt 160 400 0.4 1
Pkt 160 400 0.4 1
Rate:800
==========
==========43
1 0 2 24000
Node 70 59 21.9317
Pkt 300 750 0.4 1
Pkt 300 750 0.4 1
Rate:800
==========
==========44
1 0 2 24000
Node 25 32 30.8058
Pkt 200 500 0.4 1
Pkt 192 480 0.4 1
Rate:800
==========
==========45
1 0 2 24000
Node 57 37 14.7648
Pkt 240 600 0.4 1
Pkt 300 750 0.4 1
Rate:800
==========
==========46
1 0 2 24000
Node 28 33 27.8029
Pkt 192 480 0.4 1
Pkt 192 480 0.4 1
Rate:800
==========
==========47
1 0 2 24000
Node 53 29 21.2132
Pkt 120 300 0.4 1
Pkt 240 600 0.4 1
Rate:800
==========
==========48
1 0 2 24000
Node 69 44 19.9249
Pkt 160 400 0.4 1
Pkt 150 375 0.4 1
Rate:800
==========
==========49
1 0 2 24000
Node 72 67 27.8029
Pkt 96 240 0.4 1
Pkt 192 480 0.4 1
Rate:800
==========
==========50
1 0 2 24000
Node 56 60 11.6619
Pkt 240 600 0.4 1
Pkt 300 750 0.4 1
Rate:800
==========
==========51
1 0 2 24000
Node 37 32 22.2036
Pkt 300 750 0.4 1
Pkt 200 500 0.4 1
Rate:800
==========
==========52
1 0 2 24000
Node 65 65 21.2132
Pkt 300 750 0.4 1
Pkt 96 240 0.4 1
Rate:800
==========
==========53
1 0 2 24000
Node 62 63 17.6918
Pkt 240 600 0.4 1
Pkt 300 750 0.4 1
Rate:800
==========
==========54
1 0 2 24000
Node 46 70 20.3961
Pkt 80 200 0.4 1
Pkt 192 480 0.4 1
Rate:800
==========
==========55
1 0 2 24000
Node 68 66 24.0832
Pkt 160 400 0.4 1
Pkt 120 300 0.4 1
Rate:800
==========
==========56
1 0 2 24000
Node 38 63 17.6918
Pkt 240 600 0.4 1
Pkt 80 200 0.4 1
Rate:800
==========
==========57
1 0 2 24000
Node 42 56 10
Pkt 100 250 0.4 1
Pkt 192 480 0.4 1
Rate:800
==========
==========58
1 0 2 24000
Node 55 50 5
Pkt 192 480 0.4 1
Pkt 150 375 0.4 1
Rate:800
==========
==========59
1 0 2 24000
Node 61 34 19.4165
Pkt 150 375 0.4 1
Pkt 100 250 0.4 1
Rate:800
==========
==========60
1 0 2 24000
Node 61 31 21.9545
Pkt 160 400 0.4 1
Pkt 240 600 0.4 1
Rate:800
==========
==========61
1 0 2 24000
Node 29 66 26.4008
Pkt 160 400 0.4 1
Pkt 80 200 0.4 1
Rate:800
==========
==========62
1 0 2 24000
Node 26 72 32.5576
Pkt 100 250 0.4 1
Pkt 80 200 0.4 1
Rate:800
==========
==========63
1 0 2 24000
Node 28 28 31.1127
Pkt 200 500 0.4 1
Pkt 128 320 0.4 1
Rate:800
==========
==========64
1 0 2 24000
Node 50 73 23
Pkt 240 600 0.4 1
Pkt 200 500 0.4 1
Rate:800
==========
==========65
1 0 2 24000
Node 60 38 15.6205
Pkt 120 300 0.4 1
Pkt 300 750 0.4 1
Rate:800
==========
==========66
1 0 2 24000
Node 36 42 16.1245
Pkt 96 240 0.4 1
Pkt 120 300 0.4 1
Rate:800
==========
==========67
1 0 2 24000
Node 44 61 12.53
Pkt 128 320 0.4 1
Pkt 128 320 0.4 1
Rate:800
==========
==========68
1 0 2 24000
Node 49 65 15.0333
Pkt 150 375 0.4 1
Pkt 100 250 0.4 1
Rate:800
==========
==========69
1 0 2 24000
Node 32 38 21.6333
Pkt 120 300 0.4 1
Pkt 150 375 0.4 1
Rate:800
==========
==========70
1 0 2 24000
Node 71 57 22.1359
Pkt 120 300 0.4 1
Pkt 120 300 0.4 1
Rate:800
==========
==========71
1 0 2 24000
Node 64 49 14.0357
Pkt 80 200 0.4 1
Pkt 300 750 0.4 1
Rate:800
==========
==========72
1 0 2 24000
Node 62 72 25.0599
Pkt 300 750 0.4 1
Pkt 80 200 0.4 1
Rate:800
==========
==========73
1 0 2 24000
Node 45 34 16.7631
Pkt 192 480 0.4 1
Pkt 128 320 0.4 1
Rate:800
==========
==========74
1 0 2 24000
Node 33 59 19.2354
Pkt 160 400 0.4 1
Pkt 192 480 0.4 1
Rate:800
==========
==========75
1 0 2 24000
Node 74 69 30.6105
Pkt 200 500 0.4 1
Pkt 150 375 0.4 1
Rate:800
==========
==========76
1 0 2 24000
Node 43 44 9.21954
Pkt 192 480 0.4 1
Pkt 120 300 0.4 1
Rate:800
==========
==========77
1 0 2 24000
Node 67 67 24.0416
Pkt 240 600 0.4 1
Pkt 128 320 0.4 1
Rate:800
==========
==========78
1 0 2 24000
Node 39 52 11.1803
Pkt 150 375 0.4 1
Pkt 192 480 0.4 1
Rate:800
==========
==========79
1 0 2 24000
Node 44 26 24.7386
Pkt 96 240 0.4 1
Pkt 80 200 0.4 1
Rate:800
==========
==========80
1 0 2 24000
Node 35 35 21.2132
Pkt 120 300 0.4 1
Pkt 192 480 0.4 1
Rate:800
==========
==========81
1 0 2 24000
Node 34 67 23.3452
Pkt 200 500 0.4 1
Pkt 200 500 0.4 1
Rate:800
==========
==========82
1 0 2 24000
Node 56 66 17.088
Pkt 120 300 0.4 1
Pkt 96 240 0.4 1
Rate:800
==========
==========83
1 0 2 24000
Node 66 43 17.4642
Pkt 200 500 0.4 1
Pkt 80 200 0.4 1
Rate:800
==========
==========84
1 0 2 24000
Node 71 72 30.4138
Pkt 240 600 0.4 1
Pkt 240 600 0.4 1
Rate:800
==========
==========85
1 0 2 24000
Node 30 31 27.5862
Pkt 80 200 0.4 1
Pkt 200 500 0.4 1
Rate:800
==========
==========86
1 0 2 24000
Node 34 32 24.0832
Pkt 200 500 0.4 1
Pkt 150 375 0.4 1
Rate:800
==========
==========87
1 0 2 24000
Node 64 56 15.2315
Pkt 240 600 0.4 1
Pkt 128 320 0.4 1
Rate:800
==========
==========88
1 0 2 24000
Node 25 66 29.6816
Pkt 150 375 0.4 1
Pkt 128 320 0.4 1
Rate:800
==========
==========89
1 0 2 24000
Node 53 40 10.4403
Pkt 120 300 0.4 1
Pkt 192 480 0.4 1
Rate:800
==========
==========90
1 0 2 24000
Node 56 33 18.0278
Pkt 240 600 0.4 1
Pkt 80 200 0.4 1
Rate:800
==========
==========91
1 0 2 24000
Node 72 38 25.0599
Pkt 100 250 0.4 1
Pkt 150 375 0.4 1
Rate:800
==========
==========92
1 0 2 24000
Node 68 27 29.2062
Pkt 100 250 0.4 1
Pkt 300 750 0.4 1
Rate:800
==========
==========93
1 0 2 24000
Node 60 52 10.198
Pkt 100 250 0.4 1
Pkt 160 400 0.4 1
Rate:800
==========
==========94
1 0 2 24000
Node 68 26 30
Pkt 100 250 0.4 1
Pkt 160 400 0.4 1
Rate:800
==========
==========95
1 0 2 24000
Node 30 37 23.8537
Pkt 80 200 0.4 1
Pkt 300 750 0.4 1
Rate:800
==========
==========96
1 0 2 24000
Node 46 49 4.12311
Pkt 120 300 0.4 1
Pkt 160 400 0.4 1
Rate:800
==========
==========97
1 0 2 24000
Node 38 37 17.6918
Pkt 96 240 0.4 1
Pkt 200 500 0.4 1
Rate:800
==========
==========98
1 0 2 24000
Node 58 65 17
Pkt 160 400 0.4 1
Pkt 128 320 0.4 1
Rate:800
==========
==========99
