1 0 2 24000
Node 72 39 24.5967
Pkt 135 750 0.18 1
Pkt 44 240 0.183333 1
Rate:363.333
==========
==========0
1 0 2 24000
Node 66 33 23.3452
Pkt 45 250 0.18 1
Pkt 54 300 0.18 1
Rate:360
==========
==========1
1 0 2 24000
Node 44 35 16.1555
Pkt 54 300 0.18 1
Pkt 87 480 0.18125 1
Rate:361.25
==========
==========2
1 0 2 24000
Node 52 39 11.1803
Pkt 87 480 0.18125 1
Pkt 135 750 0.18 1
Rate:361.25
==========
==========3
1 0 2 24000
Node 67 48 17.1172
Pkt 108 600 0.18 1
Pkt 108 600 0.18 1
Rate:360
==========
==========4
1 0 2 24000
Node 26 46 24.3311
Pkt 72 400 0.18 1
Pkt 58 320 0.18125 1
Rate:361.25
==========
==========5
1 0 2 24000
Node 26 61 26.4008
Pkt 45 250 0.18 1
Pkt 44 240 0.183333 1
Rate:363.333
==========
==========6
1 0 2 24000
Node 71 63 24.6982
Pkt 135 750 0.18 1
Pkt 135 750 0.18 1
Rate:360
==========
==========7
1 0 2 24000
Node 29 42 22.4722
Pkt 54 300 0.18 1
Pkt 72 400 0.18 1
Rate:360
==========
==========8
1 0 2 24000
Node 56 33 18.0278
Pkt 68 375 0.181333 1
Pkt 54 300 0.18 1
Rate:361.333
==========
==========9
1 0 2 24000
Node 55 26 24.5153
Pkt 54 300 0.18 1
Pkt 58 320 0.18125 1
Rate:361.25
==========
==========10
1 0 2 24000
Node 68 47 18.2483
Pkt 87 480 0.18125 1
Pkt 44 240 0.183333 1
Rate:364.583
==========
==========11
1 0 2 24000
Node 54 48 4.47214
Pkt 36 200 0.18 1
Pkt 108 600 0.18 1
Rate:360
==========
==========12
1 0 2 24000
Node 62 50 12
Pkt 68 375 0.181333 1
Pkt 44 240 0.183333 1
Rate:364.667
==========
==========13
1 0 2 24000
Node 52 36 14.1421
Pkt 36 200 0.18 1
Pkt 87 480 0.18125 1
Rate:361.25
==========
==========14
1 0 2 24000
Node 74 51 24.0208
Pkt 90 500 0.18 1
Pkt 68 375 0.181333 1
Rate:361.333
==========
==========15
1 0 2 24000
Node 48 38 12.1655
Pkt 108 600 0.18 1
Pkt 44 240 0.183333 1
Rate:363.333
==========
==========16
1 0 2 24000
Node 36 28 26.0768
Pkt 36 200 0.18 1
Pkt 44 240 0.183333 1
Rate:363.333
==========
==========17
1 0 2 24000
Node 71 39 23.7065
Pkt 58 320 0.18125 1
Pkt 58 320 0.18125 1
Rate:362.5
==========
==========18
1 0 2 24000
Node 63 65 19.8494
Pkt 45 250 0.18 1
Pkt 90 500 0.18 1
Rate:360
==========
==========19
1 0 2 24000
Node 53 50 3
Pkt 72 400 0.18 1
Pkt 45 250 0.18 1
Rate:360
==========
==========20
1 0 2 24000
Node 33 45 17.72
Pkt 90 500 0.18 1
Pkt 68 375 0.181333 1
Rate:361.333
==========
==========21
1 0 2 24000
Node 59 74 25.632
Pkt 68 375 0.181333 1
Pkt 58 320 0.18125 1
Rate:362.583
==========
==========22
1 0 2 24000
Node 25 40 26.9258
Pkt 58 320 0.18125 1
Pkt 135 750 0.18 1
Rate:361.25
==========
==========23
1 0 2 24000
Node 57 28 23.0868
Pkt 58 320 0.18125 1
Pkt 108 600 0.18 1
Rate:361.25
==========
==========24
1 0 2 24000
Node 55 59 10.2956
Pkt 87 480 0.18125 1
Pkt 90 500 0.18 1
Rate:361.25
==========
==========25
1 0 2 24000
Node 69 35 24.2074
Pkt 36 200 0.18 1
Pkt 135 750 0.18 1
Rate:360
==========
==========26
1 0 2 24000
Node 62 62 16.9706
Pkt 44 240 0.183333 1
Pkt 90 500 0.18 1
Rate:363.333
==========
==========27
1 0 2 24000
Node 70 48 20.0998
Pkt 87 480 0.18125 1
Pkt 90 500 0.18 1
Rate:361.25
==========
==========28
1 0 2 24000
Node 67 32 24.7588
Pkt 90 500 0.18 1
Pkt 108 600 0.18 1
Rate:360
==========
==========29
1 0 2 24000
Node 37 38 17.6918
Pkt 36 200 0.18 1
Pkt 68 375 0.181333 1
Rate:361.333
==========
==========30
1 0 2 24000
Node 30 45 20.6155
Pkt 36 200 0.18 1
Pkt 45 250 0.18 1
Rate:360
==========
==========31
1 0 2 24000
Node 69 28 29.0689
Pkt 87 480 0.18125 1
Pkt 36 200 0.18 1
Rate:361.25
==========
==========32
1 0 2 24000
Node 38 70 23.3238
Pkt 90 500 0.18 1
Pkt 45 250 0.18 1
Rate:360
==========
==========33
1 0 2 24000
Node 26 60 26
Pkt 68 375 0.181333 1
Pkt 45 250 0.18 1
Rate:361.333
==========
==========34
1 0 2 24000
Node 65 45 15.8114
Pkt 87 480 0.18125 1
Pkt 36 200 0.18 1
Rate:361.25
==========
==========35
1 0 2 24000
Node 28 54 22.3607
Pkt 68 375 0.181333 1
Pkt 54 300 0.18 1
Rate:361.333
==========
==========36
1 0 2 24000
Node 42 31 20.6155
Pkt 135 750 0.18 1
Pkt 90 500 0.18 1
Rate:360
==========
==========37
1 0 2 24000
Node 57 52 7.28011
Pkt 54 300 0.18 1
Pkt 58 320 0.18125 1
Rate:361.25
==========
==========38
1 0 2 24000
Node 31 54 19.4165
Pkt 45 250 0.18 1
Pkt 58 320 0.18125 1
Rate:361.25
==========
==========39
1 0 2 24000
Node 32 32 25.4558
Pkt 108 600 0.18 1
Pkt 45 250 0.18 1
Rate:360
==========
==========40
1 0 2 24000
Node 71 41 22.8473
Pkt 45 250 0.18 1
Pkt 68 375 0.181333 1
Rate:361.333
==========
==========41
1 0 2 24000
Node 31 67 25.4951
Pkt 87 480 0.18125 1
Pkt 45 250 0.18 1
Rate:361.25
==========
==========42
1 0 2 24000
Node 44 29 21.8403
Pkt 68 375 0.181333 1
Pkt 54 300 0.18 1
Rate:361.333
==========
==========43
1 0 2 24000
Node 63 29 24.6982
Pkt 36 200 0.18 1
Pkt 87 480 0.18125 1
Rate:361.25
==========
==========44
1 0 2 24000
Node 59 66 18.3576
Pkt 44 240 0.183333 1
Pkt 87 480 0.18125 1
Rate:364.583
==========
==========45
1 0 2 24000
Node 73 26 33.2415
Pkt 72 400 0.18 1
Pkt 68 375 0.181333 1
Rate:361.333
==========
==========46
1 0 2 24000
Node 65 36 20.5183
Pkt 87 480 0.18125 1
Pkt 45 250 0.18 1
Rate:361.25
==========
==========47
1 0 2 24000
Node 71 35 25.807
Pkt 58 320 0.18125 1
Pkt 44 240 0.183333 1
Rate:364.583
==========
==========48
1 0 2 24000
Node 67 59 19.2354
Pkt 68 375 0.181333 1
Pkt 90 500 0.18 1
Rate:361.333
==========
==========49
1 0 2 24000
Node 25 50 25
Pkt 87 480 0.18125 1
Pkt 135 750 0.18 1
Rate:361.25
==========
==========50
1 0 2 24000
Node 29 56 21.8403
Pkt 44 240 0.183333 1
Pkt 44 240 0.183333 1
Rate:366.667
==========
==========51
1 0 2 24000
Node 56 65 16.1555
Pkt 108 600 0.18 1
Pkt 135 750 0.18 1
Rate:360
==========
==========52
1 0 2 24000
Node 63 35 19.8494
Pkt 87 480 0.18125 1
Pkt 108 600 0.18 1
Rate:361.25
==========
==========53
1 0 2 24000
Node 66 41 18.3576
Pkt 87 480 0.18125 1
Pkt 54 300 0.18 1
Rate:361.25
==========
==========54
1 0 2 24000
Node 70 45 20.6155
Pkt 54 300 0.18 1
Pkt 44 240 0.183333 1
Rate:363.333
==========
==========55
1 0 2 24000
Node 28 53 22.2036
Pkt 45 250 0.18 1
Pkt 45 250 0.18 1
Rate:360
==========
==========56
1 0 2 24000
Node 28 60 24.1661
Pkt 44 240 0.183333 1
Pkt 54 300 0.18 1
Rate:363.333
==========
==========57
1 0 2 24000
Node 57 72 23.0868
Pkt 44 240 0.183333 1
Pkt 36 200 0.18 1
Rate:363.333
==========
==========58
1 0 2 24000
Node 69 58 20.6155
Pkt 68 375 0.181333 1
Pkt 58 320 0.18125 1
Rate:362.583
==========
==========59
1 0 2 24000
Node 30 26 31.241
Pkt 72 400 0.18 1
Pkt 72 400 0.18 1
Rate:360
==========
==========60
1 0 2 24000
Node 46 64 14.5602
Pkt 72 400 0.18 1
Pkt 108 600 0.18 1
Rate:360
==========
==========61
1 0 2 24000
Node 63 73 26.4197
Pkt 90 500 0.18 1
Pkt 54 300 0.18 1
Rate:360
==========
==========62
1 0 2 24000
Node 74 55 24.5153
Pkt 87 480 0.18125 1
Pkt 45 250 0.18 1
Rate:361.25
==========
==========63
1 0 2 24000
Node 65 41 17.4929
Pkt 68 375 0.181333 1
Pkt 68 375 0.181333 1
Rate:362.667
==========
==========64
1 0 2 24000
Node 63 42 15.2643
Pkt 44 240 0.183333 1
Pkt 72 400 0.18 1
Rate:363.333
==========
==========65
1 0 2 24000
Node 43 55 8.60233
Pkt 90 500 0.18 1
Pkt 58 320 0.18125 1
Rate:361.25
==========
==========66
1 0 2 24000
Node 69 67 25.4951
Pkt 45 250 0.18 1
Pkt 87 480 0.18125 1
Rate:361.25
==========
==========67
1 0 2 24000
Node 27 37 26.4197
Pkt 44 240 0.183333 1
Pkt 54 300 0.18 1
Rate:363.333
==========
==========68
1 0 2 24000
Node 29 60 23.2594
Pkt 58 320 0.18125 1
Pkt 90 500 0.18 1
Rate:361.25
==========
==========69
1 0 2 24000
Node 57 45 8.60233
Pkt 45 250 0.18 1
Pkt 36 200 0.18 1
Rate:360
==========
==========70
1 0 2 24000
Node 69 36 23.6008
Pkt 54 300 0.18 1
Pkt 58 320 0.18125 1
Rate:361.25
==========
==========71
1 0 2 24000
Node 67 69 25.4951
Pkt 72 400 0.18 1
Pkt 90 500 0.18 1
Rate:360
==========
==========72
1 0 2 24000
Node 60 66 18.868
Pkt 45 250 0.18 1
Pkt 45 250 0.18 1
Rate:360
==========
==========73
1 0 2 24000
Node 53 51 3.16228
Pkt 108 600 0.18 1
Pkt 68 375 0.181333 1
Rate:361.333
==========
==========74
1 0 2 24000
Node 35 57 16.5529
Pkt 54 300 0.18 1
Pkt 44 240 0.183333 1
Rate:363.333
==========
==========75
1 0 2 24000
Node 66 25 29.6816
Pkt 54 300 0.18 1
Pkt 87 480 0.18125 1
Rate:361.25
==========
==========76
1 0 2 24000
Node 37 47 13.3417
Pkt 72 400 0.18 1
Pkt 108 600 0.18 1
Rate:360
==========
==========77
1 0 2 24000
Node 52 56 6.32456
Pkt 87 480 0.18125 1
Pkt 44 240 0.183333 1
Rate:364.583
==========
==========78
1 0 2 24000
Node 55 33 17.72
Pkt 45 250 0.18 1
Pkt 44 240 0.183333 1
Rate:363.333
==========
==========79
1 0 2 24000
Node 72 65 26.6271
Pkt 135 750 0.18 1
Pkt 58 320 0.18125 1
Rate:361.25
==========
==========80
1 0 2 24000
Node 71 56 21.8403
Pkt 54 300 0.18 1
Pkt 45 250 0.18 1
Rate:360
==========
==========81
1 0 2 24000
Node 53 69 19.2354
Pkt 90 500 0.18 1
Pkt 58 320 0.18125 1
Rate:361.25
==========
==========82
1 0 2 24000
Node 54 61 11.7047
Pkt 44 240 0.183333 1
Pkt 87 480 0.18125 1
Rate:364.583
==========
==========83
1 0 2 24000
Node 71 44 21.8403
Pkt 44 240 0.183333 1
Pkt 72 400 0.18 1
Rate:363.333
==========
==========84
1 0 2 24000
Node 28 47 22.2036
Pkt 54 300 0.18 1
Pkt 135 750 0.18 1
Rate:360
==========
==========85
1 0 2 24000
Node 61 44 12.53
Pkt 45 250 0.18 1
Pkt 135 750 0.18 1
Rate:360
==========
==========86
1 0 2 24000
Node 47 71 21.2132
Pkt 90 500 0.18 1
Pkt 135 750 0.18 1
Rate:360
==========
==========87
1 0 2 24000
Node 42 47 8.544
Pkt 87 480 0.18125 1
Pkt 135 750 0.18 1
Rate:361.25
==========
==========88
1 0 2 24000
Node 58 55 9.43398
Pkt 87 480 0.18125 1
Pkt 44 240 0.183333 1
Rate:364.583
==========
==========89
1 0 2 24000
Node 44 52 6.32456
Pkt 87 480 0.18125 1
Pkt 135 750 0.18 1
Rate:361.25
==========
==========90
1 0 2 24000
Node 28 51 22.0227
Pkt 45 250 0.18 1
Pkt 135 750 0.18 1
Rate:360
==========
==========91
1 0 2 24000
Node 35 28 26.6271
Pkt 68 375 0.181333 1
Pkt 87 480 0.18125 1
Rate:362.583
==========
==========92
1 0 2 24000
Node 74 37 27.2947
Pkt 87 480 0.18125 1
Pkt 54 300 0.18 1
Rate:361.25
==========
==========93
1 0 2 24000
Node 33 36 22.0227
Pkt 108 600 0.18 1
Pkt 108 600 0.18 1
Rate:360
==========
==========94
1 0 2 24000
Node 27 68 29.2062
Pkt 135 750 0.18 1
Pkt 90 500 0.18 1
Rate:360
==========
==========95
1 0 2 24000
Node 73 43 24.0416
Pkt 108 600 0.18 1
Pkt 54 300 0.18 1
Rate:360
==========
==========96
1 0 2 24000
Node 45 48 5.38516
Pkt 36 200 0.18 1
Pkt 45 250 0.18 1
Rate:360
==========
==========97
1 0 2 24000
Node 54 34 16.4924
Pkt 58 320 0.18125 1
Pkt 44 240 0.183333 1
Rate:364.583
==========
==========98
1 0 2 24000
Node 56 67 18.0278
Pkt 36 200 0.18 1
Pkt 68 375 0.181333 1
Rate:361.333
==========
==========99
