1 0 2 24000
Node 30 43 21.1896
Pkt 92 240 0.383333 1
Pkt 95 250 0.38 1
Rate:763.333
==========
==========0
1 0 2 24000
Node 70 65 25
Pkt 143 375 0.381333 1
Pkt 183 480 0.38125 1
Rate:762.583
==========
==========1
1 0 2 24000
Node 70 47 20.2237
Pkt 92 240 0.383333 1
Pkt 122 320 0.38125 1
Rate:764.583
==========
==========2
1 0 2 24000
Node 27 41 24.6982
Pkt 95 250 0.38 1
Pkt 183 480 0.38125 1
Rate:761.25
==========
==========3
1 0 2 24000
Node 64 57 15.6525
Pkt 285 750 0.38 1
Pkt 143 375 0.381333 1
Rate:761.333
==========
==========4
1 0 2 24000
Node 54 32 18.4391
Pkt 285 750 0.38 1
Pkt 228 600 0.38 1
Rate:760
==========
==========5
1 0 2 24000
Node 69 49 19.0263
Pkt 95 250 0.38 1
Pkt 285 750 0.38 1
Rate:760
==========
==========6
1 0 2 24000
Node 43 30 21.1896
Pkt 183 480 0.38125 1
Pkt 228 600 0.38 1
Rate:761.25
==========
==========7
1 0 2 24000
Node 25 56 25.7099
Pkt 152 400 0.38 1
Pkt 190 500 0.38 1
Rate:760
==========
==========8
1 0 2 24000
Node 66 61 19.4165
Pkt 285 750 0.38 1
Pkt 183 480 0.38125 1
Rate:761.25
==========
==========9
1 0 2 24000
Node 42 68 19.6977
Pkt 190 500 0.38 1
Pkt 114 300 0.38 1
Rate:760
==========
==========10
1 0 2 24000
Node 43 31 20.2485
Pkt 143 375 0.381333 1
Pkt 183 480 0.38125 1
Rate:762.583
==========
==========11
1 0 2 24000
Node 38 39 16.2788
Pkt 228 600 0.38 1
Pkt 114 300 0.38 1
Rate:760
==========
==========12
1 0 2 24000
Node 57 42 10.6301
Pkt 76 200 0.38 1
Pkt 92 240 0.383333 1
Rate:763.333
==========
==========13
1 0 2 24000
Node 50 29 21
Pkt 228 600 0.38 1
Pkt 122 320 0.38125 1
Rate:761.25
==========
==========14
1 0 2 24000
Node 66 40 18.868
Pkt 92 240 0.383333 1
Pkt 76 200 0.38 1
Rate:763.333
==========
==========15
1 0 2 24000
Node 29 34 26.4008
Pkt 114 300 0.38 1
Pkt 95 250 0.38 1
Rate:760
==========
==========16
1 0 2 24000
Node 63 31 23.0217
Pkt 122 320 0.38125 1
Pkt 122 320 0.38125 1
Rate:762.5
==========
==========17
1 0 2 24000
Node 28 47 22.2036
Pkt 95 250 0.38 1
Pkt 95 250 0.38 1
Rate:760
==========
==========18
1 0 2 24000
Node 69 42 20.6155
Pkt 183 480 0.38125 1
Pkt 285 750 0.38 1
Rate:761.25
==========
==========19
1 0 2 24000
Node 62 43 13.8924
Pkt 183 480 0.38125 1
Pkt 76 200 0.38 1
Rate:761.25
==========
==========20
1 0 2 24000
Node 69 39 21.9545
Pkt 152 400 0.38 1
Pkt 143 375 0.381333 1
Rate:761.333
==========
==========21
1 0 2 24000
Node 59 39 14.2127
Pkt 76 200 0.38 1
Pkt 183 480 0.38125 1
Rate:761.25
==========
==========22
1 0 2 24000
Node 52 38 12.1655
Pkt 76 200 0.38 1
Pkt 183 480 0.38125 1
Rate:761.25
==========
==========23
1 0 2 24000
Node 68 32 25.4558
Pkt 122 320 0.38125 1
Pkt 228 600 0.38 1
Rate:761.25
==========
==========24
1 0 2 24000
Node 46 63 13.6015
Pkt 190 500 0.38 1
Pkt 143 375 0.381333 1
Rate:761.333
==========
==========25
1 0 2 24000
Node 63 57 14.7648
Pkt 183 480 0.38125 1
Pkt 183 480 0.38125 1
Rate:762.5
==========
==========26
1 0 2 24000
Node 32 29 27.6586
Pkt 143 375 0.381333 1
Pkt 228 600 0.38 1
Rate:761.333
==========
==========27
1 0 2 24000
Node 67 57 18.3848
Pkt 190 500 0.38 1
Pkt 190 500 0.38 1
Rate:760
==========
==========28
1 0 2 24000
Node 54 31 19.4165
Pkt 285 750 0.38 1
Pkt 143 375 0.381333 1
Rate:761.333
==========
==========29
1 0 2 24000
Node 45 25 25.4951
Pkt 183 480 0.38125 1
Pkt 183 480 0.38125 1
Rate:762.5
==========
==========30
1 0 2 24000
Node 35 66 21.9317
Pkt 114 300 0.38 1
Pkt 114 300 0.38 1
Rate:760
==========
==========31
1 0 2 24000
Node 57 34 17.4642
Pkt 122 320 0.38125 1
Pkt 152 400 0.38 1
Rate:761.25
==========
==========32
1 0 2 24000
Node 42 41 12.0416
Pkt 190 500 0.38 1
Pkt 76 200 0.38 1
Rate:760
==========
==========33
1 0 2 24000
Node 32 50 18
Pkt 183 480 0.38125 1
Pkt 183 480 0.38125 1
Rate:762.5
==========
==========34
1 0 2 24000
Node 28 68 28.4253
Pkt 143 375 0.381333 1
Pkt 285 750 0.38 1
Rate:761.333
==========
==========35
1 0 2 24000
Node 41 43 11.4018
Pkt 285 750 0.38 1
Pkt 76 200 0.38 1
Rate:760
==========
==========36
1 0 2 24000
Node 31 28 29.0689
Pkt 114 300 0.38 1
Pkt 95 250 0.38 1
Rate:760
==========
==========37
1 0 2 24000
Node 29 36 25.2389
Pkt 143 375 0.381333 1
Pkt 114 300 0.38 1
Rate:761.333
==========
==========38
1 0 2 24000
Node 54 57 8.06226
Pkt 122 320 0.38125 1
Pkt 143 375 0.381333 1
Rate:762.583
==========
==========39
1 0 2 24000
Node 71 61 23.7065
Pkt 183 480 0.38125 1
Pkt 228 600 0.38 1
Rate:761.25
==========
==========40
1 0 2 24000
Node 68 26 30
Pkt 190 500 0.38 1
Pkt 92 240 0.383333 1
Rate:763.333
==========
==========41
1 0 2 24000
Node 27 42 24.3516
Pkt 92 240 0.383333 1
Pkt 228 600 0.38 1
Rate:763.333
==========
==========42
1 0 2 24000
Node 42 74 25.2982
Pkt 143 375 0.381333 1
Pkt 152 400 0.38 1
Rate:761.333
==========
==========43
1 0 2 24000
Node 55 28 22.561
Pkt 285 750 0.38 1
Pkt 114 300 0.38 1
Rate:760
==========
==========44
1 0 2 24000
Node 61 52 11.1803
Pkt 122 320 0.38125 1
Pkt 114 300 0.38 1
Rate:761.25
==========
==========45
1 0 2 24000
Node 68 45 18.6815
Pkt 114 300 0.38 1
Pkt 122 320 0.38125 1
Rate:761.25
==========
==========46
1 0 2 24000
Node 41 54 9.84886
Pkt 114 300 0.38 1
Pkt 190 500 0.38 1
Rate:760
==========
==========47
1 0 2 24000
Node 73 49 23.0217
Pkt 95 250 0.38 1
Pkt 95 250 0.38 1
Rate:760
==========
==========48
1 0 2 24000
Node 25 72 33.3017
Pkt 190 500 0.38 1
Pkt 114 300 0.38 1
Rate:760
==========
==========49
1 0 2 24000
Node 70 73 30.4795
Pkt 152 400 0.38 1
Pkt 228 600 0.38 1
Rate:760
==========
==========50
1 0 2 24000
Node 54 65 15.5242
Pkt 190 500 0.38 1
Pkt 143 375 0.381333 1
Rate:761.333
==========
==========51
1 0 2 24000
Node 52 48 2.82843
Pkt 152 400 0.38 1
Pkt 285 750 0.38 1
Rate:760
==========
==========52
1 0 2 24000
Node 52 34 16.1245
Pkt 285 750 0.38 1
Pkt 95 250 0.38 1
Rate:760
==========
==========53
1 0 2 24000
Node 61 28 24.5967
Pkt 183 480 0.38125 1
Pkt 143 375 0.381333 1
Rate:762.583
==========
==========54
1 0 2 24000
Node 72 59 23.7697
Pkt 95 250 0.38 1
Pkt 114 300 0.38 1
Rate:760
==========
==========55
1 0 2 24000
Node 27 56 23.7697
Pkt 183 480 0.38125 1
Pkt 76 200 0.38 1
Rate:761.25
==========
==========56
1 0 2 24000
Node 55 45 7.07107
Pkt 285 750 0.38 1
Pkt 152 400 0.38 1
Rate:760
==========
==========57
1 0 2 24000
Node 69 59 21.0238
Pkt 92 240 0.383333 1
Pkt 190 500 0.38 1
Rate:763.333
==========
==========58
1 0 2 24000
Node 60 59 13.4536
Pkt 228 600 0.38 1
Pkt 228 600 0.38 1
Rate:760
==========
==========59
1 0 2 24000
Node 41 72 23.7697
Pkt 228 600 0.38 1
Pkt 285 750 0.38 1
Rate:760
==========
==========60
1 0 2 24000
Node 68 49 18.0278
Pkt 228 600 0.38 1
Pkt 152 400 0.38 1
Rate:760
==========
==========61
1 0 2 24000
Node 29 36 25.2389
Pkt 92 240 0.383333 1
Pkt 228 600 0.38 1
Rate:763.333
==========
==========62
1 0 2 24000
Node 73 74 33.2415
Pkt 183 480 0.38125 1
Pkt 114 300 0.38 1
Rate:761.25
==========
==========63
1 0 2 24000
Node 54 56 7.2111
Pkt 92 240 0.383333 1
Pkt 152 400 0.38 1
Rate:763.333
==========
==========64
1 0 2 24000
Node 60 59 13.4536
Pkt 114 300 0.38 1
Pkt 190 500 0.38 1
Rate:760
==========
==========65
1 0 2 24000
Node 67 27 28.6007
Pkt 183 480 0.38125 1
Pkt 122 320 0.38125 1
Rate:762.5
==========
==========66
1 0 2 24000
Node 73 65 27.4591
Pkt 76 200 0.38 1
Pkt 190 500 0.38 1
Rate:760
==========
==========67
1 0 2 24000
Node 27 63 26.4197
Pkt 183 480 0.38125 1
Pkt 76 200 0.38 1
Rate:761.25
==========
==========68
1 0 2 24000
Node 65 25 29.1548
Pkt 92 240 0.383333 1
Pkt 228 600 0.38 1
Rate:763.333
==========
==========69
1 0 2 24000
Node 48 56 6.32456
Pkt 95 250 0.38 1
Pkt 183 480 0.38125 1
Rate:761.25
==========
==========70
1 0 2 24000
Node 60 46 10.7703
Pkt 114 300 0.38 1
Pkt 143 375 0.381333 1
Rate:761.333
==========
==========71
1 0 2 24000
Node 68 25 30.8058
Pkt 183 480 0.38125 1
Pkt 114 300 0.38 1
Rate:761.25
==========
==========72
1 0 2 24000
Node 44 73 23.7697
Pkt 228 600 0.38 1
Pkt 190 500 0.38 1
Rate:760
==========
==========73
1 0 2 24000
Node 34 57 17.4642
Pkt 183 480 0.38125 1
Pkt 190 500 0.38 1
Rate:761.25
==========
==========74
1 0 2 24000
Node 38 40 15.6205
Pkt 143 375 0.381333 1
Pkt 285 750 0.38 1
Rate:761.333
==========
==========75
1 0 2 24000
Node 53 57 7.61577
Pkt 228 600 0.38 1
Pkt 92 240 0.383333 1
Rate:763.333
==========
==========76
1 0 2 24000
Node 29 74 31.8904
Pkt 285 750 0.38 1
Pkt 95 250 0.38 1
Rate:760
==========
==========77
1 0 2 24000
Node 64 31 23.6008
Pkt 183 480 0.38125 1
Pkt 92 240 0.383333 1
Rate:764.583
==========
==========78
1 0 2 24000
Node 65 32 23.4307
Pkt 183 480 0.38125 1
Pkt 76 200 0.38 1
Rate:761.25
==========
==========79
1 0 2 24000
Node 63 52 13.1529
Pkt 228 600 0.38 1
Pkt 92 240 0.383333 1
Rate:763.333
==========
==========80
1 0 2 24000
Node 35 46 15.5242
Pkt 76 200 0.38 1
Pkt 95 250 0.38 1
Rate:760
==========
==========81
1 0 2 24000
Node 49 31 19.0263
Pkt 152 400 0.38 1
Pkt 143 375 0.381333 1
Rate:761.333
==========
==========82
1 0 2 24000
Node 31 73 29.8329
Pkt 285 750 0.38 1
Pkt 143 375 0.381333 1
Rate:761.333
==========
==========83
1 0 2 24000
Node 33 63 21.4009
Pkt 114 300 0.38 1
Pkt 92 240 0.383333 1
Rate:763.333
==========
==========84
1 0 2 24000
Node 70 30 28.2843
Pkt 152 400 0.38 1
Pkt 122 320 0.38125 1
Rate:761.25
==========
==========85
1 0 2 24000
Node 45 67 17.72
Pkt 122 320 0.38125 1
Pkt 228 600 0.38 1
Rate:761.25
==========
==========86
1 0 2 24000
Node 74 63 27.2947
Pkt 190 500 0.38 1
Pkt 190 500 0.38 1
Rate:760
==========
==========87
1 0 2 24000
Node 26 65 28.3019
Pkt 190 500 0.38 1
Pkt 95 250 0.38 1
Rate:760
==========
==========88
1 0 2 24000
Node 72 63 25.5539
Pkt 122 320 0.38125 1
Pkt 92 240 0.383333 1
Rate:764.583
==========
==========89
1 0 2 24000
Node 56 27 23.7697
Pkt 143 375 0.381333 1
Pkt 92 240 0.383333 1
Rate:764.667
==========
==========90
1 0 2 24000
Node 36 70 24.4131
Pkt 92 240 0.383333 1
Pkt 92 240 0.383333 1
Rate:766.667
==========
==========91
1 0 2 24000
Node 39 60 14.8661
Pkt 92 240 0.383333 1
Pkt 122 320 0.38125 1
Rate:764.583
==========
==========92
1 0 2 24000
Node 73 54 23.3452
Pkt 285 750 0.38 1
Pkt 228 600 0.38 1
Rate:760
==========
==========93
1 0 2 24000
Node 31 26 30.6105
Pkt 228 600 0.38 1
Pkt 228 600 0.38 1
Rate:760
==========
==========94
1 0 2 24000
Node 45 43 8.60233
Pkt 152 400 0.38 1
Pkt 183 480 0.38125 1
Rate:761.25
==========
==========95
1 0 2 24000
Node 56 73 23.7697
Pkt 122 320 0.38125 1
Pkt 114 300 0.38 1
Rate:761.25
==========
==========96
1 0 2 24000
Node 65 64 20.5183
Pkt 114 300 0.38 1
Pkt 95 250 0.38 1
Rate:760
==========
==========97
1 0 2 24000
Node 61 47 11.4018
Pkt 76 200 0.38 1
Pkt 122 320 0.38125 1
Rate:761.25
==========
==========98
1 0 2 24000
Node 25 32 30.8058
Pkt 122 320 0.38125 1
Pkt 183 480 0.38125 1
Rate:762.5
==========
==========99
