1 0 2 24000
Node 49 44 6.08276
Pkt 48 240 0.2 1
Pkt 120 600 0.2 1
Rate:400
==========
==========0
1 0 2 24000
Node 67 57 18.3848
Pkt 80 400 0.2 1
Pkt 40 200 0.2 1
Rate:400
==========
==========1
1 0 2 24000
Node 26 28 32.5576
Pkt 96 480 0.2 1
Pkt 120 600 0.2 1
Rate:400
==========
==========2
1 0 2 24000
Node 67 61 20.2485
Pkt 40 200 0.2 1
Pkt 50 250 0.2 1
Rate:400
==========
==========3
1 0 2 24000
Node 68 37 22.2036
Pkt 48 240 0.2 1
Pkt 96 480 0.2 1
Rate:400
==========
==========4
1 0 2 24000
Node 46 38 12.6491
Pkt 40 200 0.2 1
Pkt 75 375 0.2 1
Rate:400
==========
==========5
1 0 2 24000
Node 29 68 27.6586
Pkt 75 375 0.2 1
Pkt 96 480 0.2 1
Rate:400
==========
==========6
1 0 2 24000
Node 56 68 18.9737
Pkt 64 320 0.2 1
Pkt 96 480 0.2 1
Rate:400
==========
==========7
1 0 2 24000
Node 58 43 10.6301
Pkt 96 480 0.2 1
Pkt 64 320 0.2 1
Rate:400
==========
==========8
1 0 2 24000
Node 48 36 14.1421
Pkt 64 320 0.2 1
Pkt 75 375 0.2 1
Rate:400
==========
==========9
1 0 2 24000
Node 57 73 24.0416
Pkt 50 250 0.2 1
Pkt 50 250 0.2 1
Rate:400
==========
==========10
1 0 2 24000
Node 54 29 21.3776
Pkt 50 250 0.2 1
Pkt 80 400 0.2 1
Rate:400
==========
==========11
1 0 2 24000
Node 52 62 12.1655
Pkt 64 320 0.2 1
Pkt 50 250 0.2 1
Rate:400
==========
==========12
1 0 2 24000
Node 60 27 25.0799
Pkt 50 250 0.2 1
Pkt 40 200 0.2 1
Rate:400
==========
==========13
1 0 2 24000
Node 74 46 24.3311
Pkt 120 600 0.2 1
Pkt 80 400 0.2 1
Rate:400
==========
==========14
1 0 2 24000
Node 26 26 33.9411
Pkt 80 400 0.2 1
Pkt 150 750 0.2 1
Rate:400
==========
==========15
1 0 2 24000
Node 39 66 19.4165
Pkt 80 400 0.2 1
Pkt 50 250 0.2 1
Rate:400
==========
==========16
1 0 2 24000
Node 63 37 18.3848
Pkt 120 600 0.2 1
Pkt 48 240 0.2 1
Rate:400
==========
==========17
1 0 2 24000
Node 41 37 15.8114
Pkt 64 320 0.2 1
Pkt 150 750 0.2 1
Rate:400
==========
==========18
1 0 2 24000
Node 72 46 22.3607
Pkt 60 300 0.2 1
Pkt 150 750 0.2 1
Rate:400
==========
==========19
1 0 2 24000
Node 40 58 12.8062
Pkt 80 400 0.2 1
Pkt 64 320 0.2 1
Rate:400
==========
==========20
1 0 2 24000
Node 25 70 32.0156
Pkt 75 375 0.2 1
Pkt 50 250 0.2 1
Rate:400
==========
==========21
1 0 2 24000
Node 36 49 14.0357
Pkt 75 375 0.2 1
Pkt 60 300 0.2 1
Rate:400
==========
==========22
1 0 2 24000
Node 58 66 17.8885
Pkt 80 400 0.2 1
Pkt 40 200 0.2 1
Rate:400
==========
==========23
1 0 2 24000
Node 61 44 12.53
Pkt 60 300 0.2 1
Pkt 75 375 0.2 1
Rate:400
==========
==========24
1 0 2 24000
Node 28 25 33.3017
Pkt 50 250 0.2 1
Pkt 120 600 0.2 1
Rate:400
==========
==========25
1 0 2 24000
Node 69 26 30.6105
Pkt 75 375 0.2 1
Pkt 64 320 0.2 1
Rate:400
==========
==========26
1 0 2 24000
Node 27 35 27.4591
Pkt 96 480 0.2 1
Pkt 96 480 0.2 1
Rate:400
==========
==========27
1 0 2 24000
Node 55 51 5.09902
Pkt 150 750 0.2 1
Pkt 100 500 0.2 1
Rate:400
==========
==========28
1 0 2 24000
Node 61 63 17.0294
Pkt 60 300 0.2 1
Pkt 60 300 0.2 1
Rate:400
==========
==========29
1 0 2 24000
Node 59 42 12.0416
Pkt 50 250 0.2 1
Pkt 80 400 0.2 1
Rate:400
==========
==========30
1 0 2 24000
Node 59 53 9.48683
Pkt 96 480 0.2 1
Pkt 120 600 0.2 1
Rate:400
==========
==========31
1 0 2 24000
Node 50 43 7
Pkt 50 250 0.2 1
Pkt 100 500 0.2 1
Rate:400
==========
==========32
1 0 2 24000
Node 64 43 15.6525
Pkt 64 320 0.2 1
Pkt 100 500 0.2 1
Rate:400
==========
==========33
1 0 2 24000
Node 67 42 18.7883
Pkt 75 375 0.2 1
Pkt 120 600 0.2 1
Rate:400
==========
==========34
1 0 2 24000
Node 44 65 16.1555
Pkt 40 200 0.2 1
Pkt 75 375 0.2 1
Rate:400
==========
==========35
1 0 2 24000
Node 73 61 25.4951
Pkt 100 500 0.2 1
Pkt 96 480 0.2 1
Rate:400
==========
==========36
1 0 2 24000
Node 37 27 26.4197
Pkt 80 400 0.2 1
Pkt 120 600 0.2 1
Rate:400
==========
==========37
1 0 2 24000
Node 41 63 15.8114
Pkt 40 200 0.2 1
Pkt 100 500 0.2 1
Rate:400
==========
==========38
1 0 2 24000
Node 52 66 16.1245
Pkt 80 400 0.2 1
Pkt 100 500 0.2 1
Rate:400
==========
==========39
1 0 2 24000
Node 36 45 14.8661
Pkt 60 300 0.2 1
Pkt 150 750 0.2 1
Rate:400
==========
==========40
1 0 2 24000
Node 31 61 21.9545
Pkt 150 750 0.2 1
Pkt 80 400 0.2 1
Rate:400
==========
==========41
1 0 2 24000
Node 42 44 10
Pkt 48 240 0.2 1
Pkt 40 200 0.2 1
Rate:400
==========
==========42
1 0 2 24000
Node 56 25 25.7099
Pkt 64 320 0.2 1
Pkt 96 480 0.2 1
Rate:400
==========
==========43
1 0 2 24000
Node 68 50 18
Pkt 100 500 0.2 1
Pkt 64 320 0.2 1
Rate:400
==========
==========44
1 0 2 24000
Node 28 63 25.5539
Pkt 50 250 0.2 1
Pkt 64 320 0.2 1
Rate:400
==========
==========45
1 0 2 24000
Node 31 68 26.1725
Pkt 50 250 0.2 1
Pkt 48 240 0.2 1
Rate:400
==========
==========46
1 0 2 24000
Node 40 53 10.4403
Pkt 120 600 0.2 1
Pkt 100 500 0.2 1
Rate:400
==========
==========47
1 0 2 24000
Node 59 38 15
Pkt 80 400 0.2 1
Pkt 80 400 0.2 1
Rate:400
==========
==========48
1 0 2 24000
Node 27 74 33.2415
Pkt 150 750 0.2 1
Pkt 150 750 0.2 1
Rate:400
==========
==========49
1 0 2 24000
Node 47 72 22.2036
Pkt 150 750 0.2 1
Pkt 80 400 0.2 1
Rate:400
==========
==========50
1 0 2 24000
Node 50 62 12
Pkt 64 320 0.2 1
Pkt 96 480 0.2 1
Rate:400
==========
==========51
1 0 2 24000
Node 45 53 5.83095
Pkt 80 400 0.2 1
Pkt 48 240 0.2 1
Rate:400
==========
==========52
1 0 2 24000
Node 34 65 21.9317
Pkt 48 240 0.2 1
Pkt 75 375 0.2 1
Rate:400
==========
==========53
1 0 2 24000
Node 35 69 24.2074
Pkt 40 200 0.2 1
Pkt 50 250 0.2 1
Rate:400
==========
==========54
1 0 2 24000
Node 72 69 29.0689
Pkt 64 320 0.2 1
Pkt 100 500 0.2 1
Rate:400
==========
==========55
1 0 2 24000
Node 66 67 23.3452
Pkt 60 300 0.2 1
Pkt 40 200 0.2 1
Rate:400
==========
==========56
1 0 2 24000
Node 50 45 5
Pkt 120 600 0.2 1
Pkt 64 320 0.2 1
Rate:400
==========
==========57
1 0 2 24000
Node 70 69 27.5862
Pkt 50 250 0.2 1
Pkt 96 480 0.2 1
Rate:400
==========
==========58
1 0 2 24000
Node 26 59 25.632
Pkt 64 320 0.2 1
Pkt 120 600 0.2 1
Rate:400
==========
==========59
1 0 2 24000
Node 64 28 26.0768
Pkt 64 320 0.2 1
Pkt 100 500 0.2 1
Rate:400
==========
==========60
1 0 2 24000
Node 34 30 25.6125
Pkt 64 320 0.2 1
Pkt 96 480 0.2 1
Rate:400
==========
==========61
1 0 2 24000
Node 46 66 16.4924
Pkt 96 480 0.2 1
Pkt 96 480 0.2 1
Rate:400
==========
==========62
1 0 2 24000
Node 41 70 21.9317
Pkt 64 320 0.2 1
Pkt 120 600 0.2 1
Rate:400
==========
==========63
1 0 2 24000
Node 45 48 5.38516
Pkt 48 240 0.2 1
Pkt 96 480 0.2 1
Rate:400
==========
==========64
1 0 2 24000
Node 72 68 28.4253
Pkt 80 400 0.2 1
Pkt 150 750 0.2 1
Rate:400
==========
==========65
1 0 2 24000
Node 40 29 23.2594
Pkt 48 240 0.2 1
Pkt 120 600 0.2 1
Rate:400
==========
==========66
1 0 2 24000
Node 31 53 19.2354
Pkt 80 400 0.2 1
Pkt 75 375 0.2 1
Rate:400
==========
==========67
1 0 2 24000
Node 47 40 10.4403
Pkt 150 750 0.2 1
Pkt 100 500 0.2 1
Rate:400
==========
==========68
1 0 2 24000
Node 45 64 14.8661
Pkt 40 200 0.2 1
Pkt 60 300 0.2 1
Rate:400
==========
==========69
1 0 2 24000
Node 70 71 29
Pkt 60 300 0.2 1
Pkt 60 300 0.2 1
Rate:400
==========
==========70
1 0 2 24000
Node 64 32 22.8035
Pkt 60 300 0.2 1
Pkt 48 240 0.2 1
Rate:400
==========
==========71
1 0 2 24000
Node 61 32 21.095
Pkt 64 320 0.2 1
Pkt 60 300 0.2 1
Rate:400
==========
==========72
1 0 2 24000
Node 59 30 21.9317
Pkt 150 750 0.2 1
Pkt 100 500 0.2 1
Rate:400
==========
==========73
1 0 2 24000
Node 38 41 15
Pkt 150 750 0.2 1
Pkt 40 200 0.2 1
Rate:400
==========
==========74
1 0 2 24000
Node 26 51 24.0208
Pkt 64 320 0.2 1
Pkt 75 375 0.2 1
Rate:400
==========
==========75
1 0 2 24000
Node 50 44 6
Pkt 48 240 0.2 1
Pkt 150 750 0.2 1
Rate:400
==========
==========76
1 0 2 24000
Node 32 32 25.4558
Pkt 40 200 0.2 1
Pkt 120 600 0.2 1
Rate:400
==========
==========77
1 0 2 24000
Node 46 45 6.40312
Pkt 40 200 0.2 1
Pkt 80 400 0.2 1
Rate:400
==========
==========78
1 0 2 24000
Node 52 62 12.1655
Pkt 120 600 0.2 1
Pkt 64 320 0.2 1
Rate:400
==========
==========79
1 0 2 24000
Node 41 39 14.2127
Pkt 40 200 0.2 1
Pkt 48 240 0.2 1
Rate:400
==========
==========80
1 0 2 24000
Node 68 40 20.5913
Pkt 150 750 0.2 1
Pkt 64 320 0.2 1
Rate:400
==========
==========81
1 0 2 24000
Node 48 40 10.198
Pkt 120 600 0.2 1
Pkt 40 200 0.2 1
Rate:400
==========
==========82
1 0 2 24000
Node 65 27 27.4591
Pkt 120 600 0.2 1
Pkt 60 300 0.2 1
Rate:400
==========
==========83
1 0 2 24000
Node 55 44 7.81025
Pkt 64 320 0.2 1
Pkt 60 300 0.2 1
Rate:400
==========
==========84
1 0 2 24000
Node 68 72 28.4253
Pkt 60 300 0.2 1
Pkt 150 750 0.2 1
Rate:400
==========
==========85
1 0 2 24000
Node 40 56 11.6619
Pkt 96 480 0.2 1
Pkt 100 500 0.2 1
Rate:400
==========
==========86
1 0 2 24000
Node 40 52 10.198
Pkt 80 400 0.2 1
Pkt 80 400 0.2 1
Rate:400
==========
==========87
1 0 2 24000
Node 73 64 26.9258
Pkt 40 200 0.2 1
Pkt 96 480 0.2 1
Rate:400
==========
==========88
1 0 2 24000
Node 48 63 13.1529
Pkt 120 600 0.2 1
Pkt 150 750 0.2 1
Rate:400
==========
==========89
1 0 2 24000
Node 67 41 19.2354
Pkt 80 400 0.2 1
Pkt 60 300 0.2 1
Rate:400
==========
==========90
1 0 2 24000
Node 49 48 2.23607
Pkt 50 250 0.2 1
Pkt 48 240 0.2 1
Rate:400
==========
==========91
1 0 2 24000
Node 28 27 31.8277
Pkt 120 600 0.2 1
Pkt 60 300 0.2 1
Rate:400
==========
==========92
1 0 2 24000
Node 53 33 17.2627
Pkt 96 480 0.2 1
Pkt 48 240 0.2 1
Rate:400
==========
==========93
1 0 2 24000
Node 48 25 25.0799
Pkt 50 250 0.2 1
Pkt 64 320 0.2 1
Rate:400
==========
==========94
1 0 2 24000
Node 47 61 11.4018
Pkt 150 750 0.2 1
Pkt 64 320 0.2 1
Rate:400
==========
==========95
1 0 2 24000
Node 42 69 20.6155
Pkt 48 240 0.2 1
Pkt 96 480 0.2 1
Rate:400
==========
==========96
1 0 2 24000
Node 60 40 14.1421
Pkt 100 500 0.2 1
Pkt 100 500 0.2 1
Rate:400
==========
==========97
1 0 2 24000
Node 62 34 20
Pkt 120 600 0.2 1
Pkt 100 500 0.2 1
Rate:400
==========
==========98
1 0 2 24000
Node 41 73 24.6982
Pkt 60 300 0.2 1
Pkt 40 200 0.2 1
Rate:400
==========
==========99
