1 0 2 24000
Node 27 32 29.2062
Pkt 72 200 0.36 1
Pkt 116 320 0.3625 1
Rate:722.5
==========
==========0
1 0 2 24000
Node 45 27 23.5372
Pkt 108 300 0.36 1
Pkt 90 250 0.36 1
Rate:720
==========
==========1
1 0 2 24000
Node 47 56 6.7082
Pkt 108 300 0.36 1
Pkt 173 480 0.360417 1
Rate:720.417
==========
==========2
1 0 2 24000
Node 67 67 24.0416
Pkt 144 400 0.36 1
Pkt 108 300 0.36 1
Rate:720
==========
==========3
1 0 2 24000
Node 56 68 18.9737
Pkt 108 300 0.36 1
Pkt 87 240 0.3625 1
Rate:722.5
==========
==========4
1 0 2 24000
Node 56 29 21.8403
Pkt 90 250 0.36 1
Pkt 72 200 0.36 1
Rate:720
==========
==========5
1 0 2 24000
Node 37 43 14.7648
Pkt 87 240 0.3625 1
Pkt 216 600 0.36 1
Rate:722.5
==========
==========6
1 0 2 24000
Node 42 72 23.4094
Pkt 90 250 0.36 1
Pkt 135 375 0.36 1
Rate:720
==========
==========7
1 0 2 24000
Node 53 61 11.4018
Pkt 87 240 0.3625 1
Pkt 144 400 0.36 1
Rate:722.5
==========
==========8
1 0 2 24000
Node 41 61 14.2127
Pkt 72 200 0.36 1
Pkt 135 375 0.36 1
Rate:720
==========
==========9
1 0 2 24000
Node 46 55 6.40312
Pkt 108 300 0.36 1
Pkt 270 750 0.36 1
Rate:720
==========
==========10
1 0 2 24000
Node 32 32 25.4558
Pkt 270 750 0.36 1
Pkt 173 480 0.360417 1
Rate:720.417
==========
==========11
1 0 2 24000
Node 33 55 17.72
Pkt 116 320 0.3625 1
Pkt 116 320 0.3625 1
Rate:725
==========
==========12
1 0 2 24000
Node 43 27 24.0416
Pkt 173 480 0.360417 1
Pkt 270 750 0.36 1
Rate:720.417
==========
==========13
1 0 2 24000
Node 56 66 17.088
Pkt 270 750 0.36 1
Pkt 180 500 0.36 1
Rate:720
==========
==========14
1 0 2 24000
Node 32 62 21.6333
Pkt 144 400 0.36 1
Pkt 180 500 0.36 1
Rate:720
==========
==========15
1 0 2 24000
Node 50 37 13
Pkt 144 400 0.36 1
Pkt 108 300 0.36 1
Rate:720
==========
==========16
1 0 2 24000
Node 64 57 15.6525
Pkt 90 250 0.36 1
Pkt 135 375 0.36 1
Rate:720
==========
==========17
1 0 2 24000
Node 65 28 26.6271
Pkt 135 375 0.36 1
Pkt 72 200 0.36 1
Rate:720
==========
==========18
1 0 2 24000
Node 46 32 18.4391
Pkt 144 400 0.36 1
Pkt 72 200 0.36 1
Rate:720
==========
==========19
1 0 2 24000
Node 38 37 17.6918
Pkt 116 320 0.3625 1
Pkt 87 240 0.3625 1
Rate:725
==========
==========20
1 0 2 24000
Node 32 38 21.6333
Pkt 270 750 0.36 1
Pkt 216 600 0.36 1
Rate:720
==========
==========21
1 0 2 24000
Node 66 39 19.4165
Pkt 216 600 0.36 1
Pkt 216 600 0.36 1
Rate:720
==========
==========22
1 0 2 24000
Node 27 28 31.8277
Pkt 144 400 0.36 1
Pkt 173 480 0.360417 1
Rate:720.417
==========
==========23
1 0 2 24000
Node 54 29 21.3776
Pkt 90 250 0.36 1
Pkt 270 750 0.36 1
Rate:720
==========
==========24
1 0 2 24000
Node 33 57 18.3848
Pkt 116 320 0.3625 1
Pkt 72 200 0.36 1
Rate:722.5
==========
==========25
1 0 2 24000
Node 51 48 2.23607
Pkt 180 500 0.36 1
Pkt 116 320 0.3625 1
Rate:722.5
==========
==========26
1 0 2 24000
Node 42 72 23.4094
Pkt 144 400 0.36 1
Pkt 173 480 0.360417 1
Rate:720.417
==========
==========27
1 0 2 24000
Node 26 52 24.0832
Pkt 180 500 0.36 1
Pkt 116 320 0.3625 1
Rate:722.5
==========
==========28
1 0 2 24000
Node 59 51 9.05539
Pkt 72 200 0.36 1
Pkt 90 250 0.36 1
Rate:720
==========
==========29
1 0 2 24000
Node 43 50 7
Pkt 173 480 0.360417 1
Pkt 108 300 0.36 1
Rate:720.417
==========
==========30
1 0 2 24000
Node 32 69 26.1725
Pkt 144 400 0.36 1
Pkt 72 200 0.36 1
Rate:720
==========
==========31
1 0 2 24000
Node 29 73 31.1448
Pkt 173 480 0.360417 1
Pkt 72 200 0.36 1
Rate:720.417
==========
==========32
1 0 2 24000
Node 35 54 15.5242
Pkt 116 320 0.3625 1
Pkt 270 750 0.36 1
Rate:722.5
==========
==========33
1 0 2 24000
Node 54 74 24.3311
Pkt 135 375 0.36 1
Pkt 90 250 0.36 1
Rate:720
==========
==========34
1 0 2 24000
Node 74 65 28.3019
Pkt 90 250 0.36 1
Pkt 135 375 0.36 1
Rate:720
==========
==========35
1 0 2 24000
Node 70 50 20
Pkt 270 750 0.36 1
Pkt 270 750 0.36 1
Rate:720
==========
==========36
1 0 2 24000
Node 35 36 20.5183
Pkt 144 400 0.36 1
Pkt 216 600 0.36 1
Rate:720
==========
==========37
1 0 2 24000
Node 35 59 17.4929
Pkt 135 375 0.36 1
Pkt 116 320 0.3625 1
Rate:722.5
==========
==========38
1 0 2 24000
Node 68 58 19.6977
Pkt 180 500 0.36 1
Pkt 270 750 0.36 1
Rate:720
==========
==========39
1 0 2 24000
Node 43 33 18.3848
Pkt 108 300 0.36 1
Pkt 180 500 0.36 1
Rate:720
==========
==========40
1 0 2 24000
Node 67 51 17.0294
Pkt 108 300 0.36 1
Pkt 108 300 0.36 1
Rate:720
==========
==========41
1 0 2 24000
Node 68 33 24.7588
Pkt 270 750 0.36 1
Pkt 116 320 0.3625 1
Rate:722.5
==========
==========42
1 0 2 24000
Node 32 25 30.8058
Pkt 87 240 0.3625 1
Pkt 135 375 0.36 1
Rate:722.5
==========
==========43
1 0 2 24000
Node 26 32 30
Pkt 108 300 0.36 1
Pkt 90 250 0.36 1
Rate:720
==========
==========44
1 0 2 24000
Node 29 58 22.4722
Pkt 108 300 0.36 1
Pkt 216 600 0.36 1
Rate:720
==========
==========45
1 0 2 24000
Node 57 28 23.0868
Pkt 116 320 0.3625 1
Pkt 144 400 0.36 1
Rate:722.5
==========
==========46
1 0 2 24000
Node 45 28 22.561
Pkt 90 250 0.36 1
Pkt 180 500 0.36 1
Rate:720
==========
==========47
1 0 2 24000
Node 57 73 24.0416
Pkt 116 320 0.3625 1
Pkt 90 250 0.36 1
Rate:722.5
==========
==========48
1 0 2 24000
Node 51 73 23.0217
Pkt 180 500 0.36 1
Pkt 116 320 0.3625 1
Rate:722.5
==========
==========49
1 0 2 24000
Node 65 38 19.2094
Pkt 180 500 0.36 1
Pkt 173 480 0.360417 1
Rate:720.417
==========
==========50
1 0 2 24000
Node 57 41 11.4018
Pkt 270 750 0.36 1
Pkt 144 400 0.36 1
Rate:720
==========
==========51
1 0 2 24000
Node 65 46 15.5242
Pkt 108 300 0.36 1
Pkt 116 320 0.3625 1
Rate:722.5
==========
==========52
1 0 2 24000
Node 32 68 25.4558
Pkt 116 320 0.3625 1
Pkt 173 480 0.360417 1
Rate:722.917
==========
==========53
1 0 2 24000
Node 35 71 25.807
Pkt 108 300 0.36 1
Pkt 90 250 0.36 1
Rate:720
==========
==========54
1 0 2 24000
Node 64 71 25.2389
Pkt 173 480 0.360417 1
Pkt 72 200 0.36 1
Rate:720.417
==========
==========55
1 0 2 24000
Node 62 48 12.1655
Pkt 135 375 0.36 1
Pkt 90 250 0.36 1
Rate:720
==========
==========56
1 0 2 24000
Node 32 39 21.095
Pkt 135 375 0.36 1
Pkt 270 750 0.36 1
Rate:720
==========
==========57
1 0 2 24000
Node 67 43 18.3848
Pkt 173 480 0.360417 1
Pkt 72 200 0.36 1
Rate:720.417
==========
==========58
1 0 2 24000
Node 40 33 19.7231
Pkt 216 600 0.36 1
Pkt 135 375 0.36 1
Rate:720
==========
==========59
1 0 2 24000
Node 29 44 21.8403
Pkt 72 200 0.36 1
Pkt 173 480 0.360417 1
Rate:720.417
==========
==========60
1 0 2 24000
Node 50 52 2
Pkt 108 300 0.36 1
Pkt 216 600 0.36 1
Rate:720
==========
==========61
1 0 2 24000
Node 47 56 6.7082
Pkt 270 750 0.36 1
Pkt 144 400 0.36 1
Rate:720
==========
==========62
1 0 2 24000
Node 45 67 17.72
Pkt 216 600 0.36 1
Pkt 72 200 0.36 1
Rate:720
==========
==========63
1 0 2 24000
Node 64 72 26.0768
Pkt 135 375 0.36 1
Pkt 144 400 0.36 1
Rate:720
==========
==========64
1 0 2 24000
Node 32 42 19.6977
Pkt 144 400 0.36 1
Pkt 116 320 0.3625 1
Rate:722.5
==========
==========65
1 0 2 24000
Node 42 52 8.24621
Pkt 270 750 0.36 1
Pkt 173 480 0.360417 1
Rate:720.417
==========
==========66
1 0 2 24000
Node 40 65 18.0278
Pkt 173 480 0.360417 1
Pkt 72 200 0.36 1
Rate:720.417
==========
==========67
1 0 2 24000
Node 49 28 22.0227
Pkt 216 600 0.36 1
Pkt 108 300 0.36 1
Rate:720
==========
==========68
1 0 2 24000
Node 73 61 25.4951
Pkt 116 320 0.3625 1
Pkt 116 320 0.3625 1
Rate:725
==========
==========69
1 0 2 24000
Node 49 26 24.0208
Pkt 90 250 0.36 1
Pkt 116 320 0.3625 1
Rate:722.5
==========
==========70
1 0 2 24000
Node 38 39 16.2788
Pkt 180 500 0.36 1
Pkt 72 200 0.36 1
Rate:720
==========
==========71
1 0 2 24000
Node 37 39 17.0294
Pkt 270 750 0.36 1
Pkt 216 600 0.36 1
Rate:720
==========
==========72
1 0 2 24000
Node 34 25 29.6816
Pkt 87 240 0.3625 1
Pkt 72 200 0.36 1
Rate:722.5
==========
==========73
1 0 2 24000
Node 43 34 17.4642
Pkt 144 400 0.36 1
Pkt 116 320 0.3625 1
Rate:722.5
==========
==========74
1 0 2 24000
Node 38 67 20.8087
Pkt 135 375 0.36 1
Pkt 180 500 0.36 1
Rate:720
==========
==========75
1 0 2 24000
Node 68 47 18.2483
Pkt 72 200 0.36 1
Pkt 144 400 0.36 1
Rate:720
==========
==========76
1 0 2 24000
Node 43 41 11.4018
Pkt 108 300 0.36 1
Pkt 90 250 0.36 1
Rate:720
==========
==========77
1 0 2 24000
Node 50 26 24
Pkt 144 400 0.36 1
Pkt 135 375 0.36 1
Rate:720
==========
==========78
1 0 2 24000
Node 64 50 14
Pkt 216 600 0.36 1
Pkt 173 480 0.360417 1
Rate:720.417
==========
==========79
1 0 2 24000
Node 36 26 27.7849
Pkt 180 500 0.36 1
Pkt 116 320 0.3625 1
Rate:722.5
==========
==========80
1 0 2 24000
Node 46 29 21.3776
Pkt 72 200 0.36 1
Pkt 87 240 0.3625 1
Rate:722.5
==========
==========81
1 0 2 24000
Node 41 29 22.8473
Pkt 180 500 0.36 1
Pkt 108 300 0.36 1
Rate:720
==========
==========82
1 0 2 24000
Node 60 26 26
Pkt 116 320 0.3625 1
Pkt 135 375 0.36 1
Rate:722.5
==========
==========83
1 0 2 24000
Node 57 44 9.21954
Pkt 90 250 0.36 1
Pkt 173 480 0.360417 1
Rate:720.417
==========
==========84
1 0 2 24000
Node 26 66 28.8444
Pkt 108 300 0.36 1
Pkt 144 400 0.36 1
Rate:720
==========
==========85
1 0 2 24000
Node 66 69 24.8395
Pkt 87 240 0.3625 1
Pkt 87 240 0.3625 1
Rate:725
==========
==========86
1 0 2 24000
Node 68 49 18.0278
Pkt 216 600 0.36 1
Pkt 108 300 0.36 1
Rate:720
==========
==========87
1 0 2 24000
Node 35 34 21.9317
Pkt 173 480 0.360417 1
Pkt 180 500 0.36 1
Rate:720.417
==========
==========88
1 0 2 24000
Node 47 50 3
Pkt 108 300 0.36 1
Pkt 72 200 0.36 1
Rate:720
==========
==========89
1 0 2 24000
Node 50 65 15
Pkt 173 480 0.360417 1
Pkt 90 250 0.36 1
Rate:720.417
==========
==========90
1 0 2 24000
Node 49 65 15.0333
Pkt 72 200 0.36 1
Pkt 270 750 0.36 1
Rate:720
==========
==========91
1 0 2 24000
Node 73 58 24.3516
Pkt 116 320 0.3625 1
Pkt 135 375 0.36 1
Rate:722.5
==========
==========92
1 0 2 24000
Node 25 28 33.3017
Pkt 135 375 0.36 1
Pkt 173 480 0.360417 1
Rate:720.417
==========
==========93
1 0 2 24000
Node 66 34 22.6274
Pkt 135 375 0.36 1
Pkt 270 750 0.36 1
Rate:720
==========
==========94
1 0 2 24000
Node 69 43 20.2485
Pkt 270 750 0.36 1
Pkt 216 600 0.36 1
Rate:720
==========
==========95
1 0 2 24000
Node 71 49 21.0238
Pkt 135 375 0.36 1
Pkt 72 200 0.36 1
Rate:720
==========
==========96
1 0 2 24000
Node 55 44 7.81025
Pkt 72 200 0.36 1
Pkt 216 600 0.36 1
Rate:720
==========
==========97
1 0 2 24000
Node 74 34 28.8444
Pkt 108 300 0.36 1
Pkt 135 375 0.36 1
Rate:720
==========
==========98
1 0 2 24000
Node 32 40 20.5913
Pkt 144 400 0.36 1
Pkt 270 750 0.36 1
Rate:720
==========
==========99
