1 0 2 24000
Node 40 44 11.6619
Pkt 10 240 0.0416667 1
Pkt 30 750 0.04 1
Rate:81.6667
==========
==========0
1 0 2 24000
Node 32 66 24.0832
Pkt 24 600 0.04 1
Pkt 13 320 0.040625 1
Rate:80.625
==========
==========1
1 0 2 24000
Node 63 50 13
Pkt 12 300 0.04 1
Pkt 8 200 0.04 1
Rate:80
==========
==========2
1 0 2 24000
Node 61 29 23.7065
Pkt 15 375 0.04 1
Pkt 20 480 0.0416667 1
Rate:81.6667
==========
==========3
1 0 2 24000
Node 51 61 11.0454
Pkt 10 250 0.04 1
Pkt 13 320 0.040625 1
Rate:80.625
==========
==========4
1 0 2 24000
Node 69 47 19.2354
Pkt 20 500 0.04 1
Pkt 30 750 0.04 1
Rate:80
==========
==========5
1 0 2 24000
Node 45 55 7.07107
Pkt 13 320 0.040625 1
Pkt 12 300 0.04 1
Rate:80.625
==========
==========6
1 0 2 24000
Node 50 55 5
Pkt 10 240 0.0416667 1
Pkt 20 480 0.0416667 1
Rate:83.3333
==========
==========7
1 0 2 24000
Node 30 61 22.8254
Pkt 13 320 0.040625 1
Pkt 10 250 0.04 1
Rate:80.625
==========
==========8
1 0 2 24000
Node 60 37 16.4012
Pkt 20 500 0.04 1
Pkt 10 240 0.0416667 1
Rate:81.6667
==========
==========9
1 0 2 24000
Node 41 43 11.4018
Pkt 15 375 0.04 1
Pkt 15 375 0.04 1
Rate:80
==========
==========10
1 0 2 24000
Node 35 32 23.4307
Pkt 12 300 0.04 1
Pkt 12 300 0.04 1
Rate:80
==========
==========11
1 0 2 24000
Node 57 50 7
Pkt 12 300 0.04 1
Pkt 13 320 0.040625 1
Rate:80.625
==========
==========12
1 0 2 24000
Node 60 50 10
Pkt 24 600 0.04 1
Pkt 10 240 0.0416667 1
Rate:81.6667
==========
==========13
1 0 2 24000
Node 27 63 26.4197
Pkt 10 240 0.0416667 1
Pkt 8 200 0.04 1
Rate:81.6667
==========
==========14
1 0 2 24000
Node 48 45 5.38516
Pkt 8 200 0.04 1
Pkt 20 480 0.0416667 1
Rate:81.6667
==========
==========15
1 0 2 24000
Node 67 46 17.4642
Pkt 20 500 0.04 1
Pkt 20 480 0.0416667 1
Rate:81.6667
==========
==========16
1 0 2 24000
Node 46 62 12.6491
Pkt 15 375 0.04 1
Pkt 24 600 0.04 1
Rate:80
==========
==========17
1 0 2 24000
Node 25 70 32.0156
Pkt 20 500 0.04 1
Pkt 12 300 0.04 1
Rate:80
==========
==========18
1 0 2 24000
Node 48 60 10.198
Pkt 20 500 0.04 1
Pkt 16 400 0.04 1
Rate:80
==========
==========19
1 0 2 24000
Node 59 62 15
Pkt 8 200 0.04 1
Pkt 20 480 0.0416667 1
Rate:81.6667
==========
==========20
1 0 2 24000
Node 30 55 20.6155
Pkt 16 400 0.04 1
Pkt 20 500 0.04 1
Rate:80
==========
==========21
1 0 2 24000
Node 65 52 15.1327
Pkt 12 300 0.04 1
Pkt 20 500 0.04 1
Rate:80
==========
==========22
1 0 2 24000
Node 34 43 17.4642
Pkt 24 600 0.04 1
Pkt 8 200 0.04 1
Rate:80
==========
==========23
1 0 2 24000
Node 73 31 29.8329
Pkt 8 200 0.04 1
Pkt 15 375 0.04 1
Rate:80
==========
==========24
1 0 2 24000
Node 46 47 5
Pkt 20 480 0.0416667 1
Pkt 15 375 0.04 1
Rate:81.6667
==========
==========25
1 0 2 24000
Node 55 73 23.5372
Pkt 24 600 0.04 1
Pkt 20 500 0.04 1
Rate:80
==========
==========26
1 0 2 24000
Node 50 26 24
Pkt 30 750 0.04 1
Pkt 30 750 0.04 1
Rate:80
==========
==========27
1 0 2 24000
Node 35 31 24.2074
Pkt 10 250 0.04 1
Pkt 10 240 0.0416667 1
Rate:81.6667
==========
==========28
1 0 2 24000
Node 67 52 17.1172
Pkt 20 480 0.0416667 1
Pkt 16 400 0.04 1
Rate:81.6667
==========
==========29
1 0 2 24000
Node 50 25 25
Pkt 10 250 0.04 1
Pkt 24 600 0.04 1
Rate:80
==========
==========30
1 0 2 24000
Node 29 55 21.587
Pkt 13 320 0.040625 1
Pkt 30 750 0.04 1
Rate:80.625
==========
==========31
1 0 2 24000
Node 30 74 31.241
Pkt 12 300 0.04 1
Pkt 15 375 0.04 1
Rate:80
==========
==========32
1 0 2 24000
Node 54 52 4.47214
Pkt 24 600 0.04 1
Pkt 20 480 0.0416667 1
Rate:81.6667
==========
==========33
1 0 2 24000
Node 70 38 23.3238
Pkt 24 600 0.04 1
Pkt 24 600 0.04 1
Rate:80
==========
==========34
1 0 2 24000
Node 69 67 25.4951
Pkt 10 250 0.04 1
Pkt 13 320 0.040625 1
Rate:80.625
==========
==========35
1 0 2 24000
Node 25 55 25.4951
Pkt 30 750 0.04 1
Pkt 13 320 0.040625 1
Rate:80.625
==========
==========36
1 0 2 24000
Node 56 42 10
Pkt 16 400 0.04 1
Pkt 13 320 0.040625 1
Rate:80.625
==========
==========37
1 0 2 24000
Node 35 56 16.1555
Pkt 30 750 0.04 1
Pkt 20 500 0.04 1
Rate:80
==========
==========38
1 0 2 24000
Node 28 67 27.8029
Pkt 16 400 0.04 1
Pkt 8 200 0.04 1
Rate:80
==========
==========39
1 0 2 24000
Node 67 71 27.0185
Pkt 15 375 0.04 1
Pkt 20 480 0.0416667 1
Rate:81.6667
==========
==========40
1 0 2 24000
Node 40 59 13.4536
Pkt 13 320 0.040625 1
Pkt 8 200 0.04 1
Rate:80.625
==========
==========41
1 0 2 24000
Node 71 57 22.1359
Pkt 15 375 0.04 1
Pkt 10 250 0.04 1
Rate:80
==========
==========42
1 0 2 24000
Node 64 63 19.105
Pkt 15 375 0.04 1
Pkt 10 250 0.04 1
Rate:80
==========
==========43
1 0 2 24000
Node 71 66 26.4008
Pkt 16 400 0.04 1
Pkt 15 375 0.04 1
Rate:80
==========
==========44
1 0 2 24000
Node 34 73 28.0179
Pkt 10 240 0.0416667 1
Pkt 10 250 0.04 1
Rate:81.6667
==========
==========45
1 0 2 24000
Node 36 27 26.9258
Pkt 30 750 0.04 1
Pkt 10 240 0.0416667 1
Rate:81.6667
==========
==========46
1 0 2 24000
Node 64 25 28.6531
Pkt 13 320 0.040625 1
Pkt 8 200 0.04 1
Rate:80.625
==========
==========47
1 0 2 24000
Node 37 73 26.4197
Pkt 12 300 0.04 1
Pkt 13 320 0.040625 1
Rate:80.625
==========
==========48
1 0 2 24000
Node 56 61 12.53
Pkt 20 500 0.04 1
Pkt 8 200 0.04 1
Rate:80
==========
==========49
1 0 2 24000
Node 71 73 31.1448
Pkt 24 600 0.04 1
Pkt 10 250 0.04 1
Rate:80
==========
==========50
1 0 2 24000
Node 32 68 25.4558
Pkt 15 375 0.04 1
Pkt 12 300 0.04 1
Rate:80
==========
==========51
1 0 2 24000
Node 36 41 16.6433
Pkt 30 750 0.04 1
Pkt 24 600 0.04 1
Rate:80
==========
==========52
1 0 2 24000
Node 37 53 13.3417
Pkt 24 600 0.04 1
Pkt 10 250 0.04 1
Rate:80
==========
==========53
1 0 2 24000
Node 69 28 29.0689
Pkt 12 300 0.04 1
Pkt 15 375 0.04 1
Rate:80
==========
==========54
1 0 2 24000
Node 28 45 22.561
Pkt 20 500 0.04 1
Pkt 20 500 0.04 1
Rate:80
==========
==========55
1 0 2 24000
Node 73 53 23.1948
Pkt 20 480 0.0416667 1
Pkt 24 600 0.04 1
Rate:81.6667
==========
==========56
1 0 2 24000
Node 47 45 5.83095
Pkt 8 200 0.04 1
Pkt 12 300 0.04 1
Rate:80
==========
==========57
1 0 2 24000
Node 51 70 20.025
Pkt 8 200 0.04 1
Pkt 16 400 0.04 1
Rate:80
==========
==========58
1 0 2 24000
Node 59 34 18.3576
Pkt 20 500 0.04 1
Pkt 15 375 0.04 1
Rate:80
==========
==========59
1 0 2 24000
Node 45 53 5.83095
Pkt 15 375 0.04 1
Pkt 16 400 0.04 1
Rate:80
==========
==========60
1 0 2 24000
Node 29 52 21.095
Pkt 10 240 0.0416667 1
Pkt 20 480 0.0416667 1
Rate:83.3333
==========
==========61
1 0 2 24000
Node 65 66 21.9317
Pkt 8 200 0.04 1
Pkt 15 375 0.04 1
Rate:80
==========
==========62
1 0 2 24000
Node 31 58 20.6155
Pkt 8 200 0.04 1
Pkt 10 240 0.0416667 1
Rate:81.6667
==========
==========63
1 0 2 24000
Node 72 55 22.561
Pkt 20 500 0.04 1
Pkt 10 250 0.04 1
Rate:80
==========
==========64
1 0 2 24000
Node 54 29 21.3776
Pkt 16 400 0.04 1
Pkt 16 400 0.04 1
Rate:80
==========
==========65
1 0 2 24000
Node 70 37 23.8537
Pkt 30 750 0.04 1
Pkt 20 500 0.04 1
Rate:80
==========
==========66
1 0 2 24000
Node 47 56 6.7082
Pkt 10 240 0.0416667 1
Pkt 30 750 0.04 1
Rate:81.6667
==========
==========67
1 0 2 24000
Node 64 55 14.8661
Pkt 8 200 0.04 1
Pkt 24 600 0.04 1
Rate:80
==========
==========68
1 0 2 24000
Node 51 38 12.0416
Pkt 8 200 0.04 1
Pkt 20 480 0.0416667 1
Rate:81.6667
==========
==========69
1 0 2 24000
Node 65 41 17.4929
Pkt 10 240 0.0416667 1
Pkt 15 375 0.04 1
Rate:81.6667
==========
==========70
1 0 2 24000
Node 29 43 22.1359
Pkt 12 300 0.04 1
Pkt 13 320 0.040625 1
Rate:80.625
==========
==========71
1 0 2 24000
Node 37 68 22.2036
Pkt 10 250 0.04 1
Pkt 12 300 0.04 1
Rate:80
==========
==========72
1 0 2 24000
Node 71 42 22.4722
Pkt 10 240 0.0416667 1
Pkt 20 500 0.04 1
Rate:81.6667
==========
==========73
1 0 2 24000
Node 60 40 14.1421
Pkt 8 200 0.04 1
Pkt 16 400 0.04 1
Rate:80
==========
==========74
1 0 2 24000
Node 44 73 23.7697
Pkt 8 200 0.04 1
Pkt 30 750 0.04 1
Rate:80
==========
==========75
1 0 2 24000
Node 37 59 15.8114
Pkt 13 320 0.040625 1
Pkt 20 500 0.04 1
Rate:80.625
==========
==========76
1 0 2 24000
Node 65 52 15.1327
Pkt 10 250 0.04 1
Pkt 16 400 0.04 1
Rate:80
==========
==========77
1 0 2 24000
Node 30 62 23.3238
Pkt 10 240 0.0416667 1
Pkt 10 250 0.04 1
Rate:81.6667
==========
==========78
1 0 2 24000
Node 32 44 18.9737
Pkt 20 480 0.0416667 1
Pkt 10 250 0.04 1
Rate:81.6667
==========
==========79
1 0 2 24000
Node 45 28 22.561
Pkt 20 480 0.0416667 1
Pkt 10 240 0.0416667 1
Rate:83.3333
==========
==========80
1 0 2 24000
Node 70 71 29
Pkt 30 750 0.04 1
Pkt 24 600 0.04 1
Rate:80
==========
==========81
1 0 2 24000
Node 41 30 21.9317
Pkt 16 400 0.04 1
Pkt 10 240 0.0416667 1
Rate:81.6667
==========
==========82
1 0 2 24000
Node 30 72 29.7321
Pkt 15 375 0.04 1
Pkt 8 200 0.04 1
Rate:80
==========
==========83
1 0 2 24000
Node 50 35 15
Pkt 8 200 0.04 1
Pkt 16 400 0.04 1
Rate:80
==========
==========84
1 0 2 24000
Node 50 60 10
Pkt 8 200 0.04 1
Pkt 20 500 0.04 1
Rate:80
==========
==========85
1 0 2 24000
Node 67 57 18.3848
Pkt 13 320 0.040625 1
Pkt 12 300 0.04 1
Rate:80.625
==========
==========86
1 0 2 24000
Node 52 38 12.1655
Pkt 16 400 0.04 1
Pkt 12 300 0.04 1
Rate:80
==========
==========87
1 0 2 24000
Node 60 35 18.0278
Pkt 10 240 0.0416667 1
Pkt 20 480 0.0416667 1
Rate:83.3333
==========
==========88
1 0 2 24000
Node 55 39 12.083
Pkt 15 375 0.04 1
Pkt 20 480 0.0416667 1
Rate:81.6667
==========
==========89
1 0 2 24000
Node 32 36 22.8035
Pkt 10 240 0.0416667 1
Pkt 20 500 0.04 1
Rate:81.6667
==========
==========90
1 0 2 24000
Node 55 41 10.2956
Pkt 12 300 0.04 1
Pkt 13 320 0.040625 1
Rate:80.625
==========
==========91
1 0 2 24000
Node 34 39 19.4165
Pkt 10 250 0.04 1
Pkt 12 300 0.04 1
Rate:80
==========
==========92
1 0 2 24000
Node 39 71 23.7065
Pkt 15 375 0.04 1
Pkt 16 400 0.04 1
Rate:80
==========
==========93
1 0 2 24000
Node 73 59 24.6982
Pkt 20 480 0.0416667 1
Pkt 30 750 0.04 1
Rate:81.6667
==========
==========94
1 0 2 24000
Node 25 53 25.1794
Pkt 20 500 0.04 1
Pkt 12 300 0.04 1
Rate:80
==========
==========95
1 0 2 24000
Node 73 52 23.0868
Pkt 12 300 0.04 1
Pkt 10 250 0.04 1
Rate:80
==========
==========96
1 0 2 24000
Node 70 67 26.2488
Pkt 20 500 0.04 1
Pkt 20 480 0.0416667 1
Rate:81.6667
==========
==========97
1 0 2 24000
Node 65 68 23.4307
Pkt 20 480 0.0416667 1
Pkt 13 320 0.040625 1
Rate:82.2917
==========
==========98
1 0 2 24000
Node 37 69 23.0217
Pkt 10 240 0.0416667 1
Pkt 10 250 0.04 1
Rate:81.6667
==========
==========99
