1 0 2 24000
Node 67 40 19.7231
Pkt 40 500 0.08 1
Pkt 39 480 0.08125 1
Rate:161.25
==========
==========0
1 0 2 24000
Node 31 43 20.2485
Pkt 30 375 0.08 1
Pkt 20 240 0.0833333 1
Rate:163.333
==========
==========1
1 0 2 24000
Node 35 26 28.3019
Pkt 20 240 0.0833333 1
Pkt 30 375 0.08 1
Rate:163.333
==========
==========2
1 0 2 24000
Node 35 64 20.5183
Pkt 16 200 0.08 1
Pkt 32 400 0.08 1
Rate:160
==========
==========3
1 0 2 24000
Node 38 43 13.8924
Pkt 30 375 0.08 1
Pkt 20 240 0.0833333 1
Rate:163.333
==========
==========4
1 0 2 24000
Node 60 45 11.1803
Pkt 32 400 0.08 1
Pkt 48 600 0.08 1
Rate:160
==========
==========5
1 0 2 24000
Node 25 70 32.0156
Pkt 20 240 0.0833333 1
Pkt 20 250 0.08 1
Rate:163.333
==========
==========6
1 0 2 24000
Node 57 32 19.3132
Pkt 20 250 0.08 1
Pkt 39 480 0.08125 1
Rate:161.25
==========
==========7
1 0 2 24000
Node 49 50 1
Pkt 20 240 0.0833333 1
Pkt 60 750 0.08 1
Rate:163.333
==========
==========8
1 0 2 24000
Node 53 59 9.48683
Pkt 16 200 0.08 1
Pkt 32 400 0.08 1
Rate:160
==========
==========9
1 0 2 24000
Node 49 48 2.23607
Pkt 39 480 0.08125 1
Pkt 24 300 0.08 1
Rate:161.25
==========
==========10
1 0 2 24000
Node 36 60 17.2047
Pkt 24 300 0.08 1
Pkt 26 320 0.08125 1
Rate:161.25
==========
==========11
1 0 2 24000
Node 34 45 16.7631
Pkt 20 250 0.08 1
Pkt 40 500 0.08 1
Rate:160
==========
==========12
1 0 2 24000
Node 58 59 12.0416
Pkt 48 600 0.08 1
Pkt 20 240 0.0833333 1
Rate:163.333
==========
==========13
1 0 2 24000
Node 31 72 29.0689
Pkt 16 200 0.08 1
Pkt 60 750 0.08 1
Rate:160
==========
==========14
1 0 2 24000
Node 41 44 10.8167
Pkt 24 300 0.08 1
Pkt 26 320 0.08125 1
Rate:161.25
==========
==========15
1 0 2 24000
Node 67 61 20.2485
Pkt 24 300 0.08 1
Pkt 40 500 0.08 1
Rate:160
==========
==========16
1 0 2 24000
Node 48 34 16.1245
Pkt 60 750 0.08 1
Pkt 16 200 0.08 1
Rate:160
==========
==========17
1 0 2 24000
Node 57 61 13.0384
Pkt 26 320 0.08125 1
Pkt 60 750 0.08 1
Rate:161.25
==========
==========18
1 0 2 24000
Node 54 34 16.4924
Pkt 20 250 0.08 1
Pkt 20 250 0.08 1
Rate:160
==========
==========19
1 0 2 24000
Node 35 34 21.9317
Pkt 26 320 0.08125 1
Pkt 20 250 0.08 1
Rate:161.25
==========
==========20
1 0 2 24000
Node 52 65 15.1327
Pkt 32 400 0.08 1
Pkt 26 320 0.08125 1
Rate:161.25
==========
==========21
1 0 2 24000
Node 72 39 24.5967
Pkt 26 320 0.08125 1
Pkt 48 600 0.08 1
Rate:161.25
==========
==========22
1 0 2 24000
Node 56 61 12.53
Pkt 20 250 0.08 1
Pkt 20 240 0.0833333 1
Rate:163.333
==========
==========23
1 0 2 24000
Node 56 53 6.7082
Pkt 26 320 0.08125 1
Pkt 32 400 0.08 1
Rate:161.25
==========
==========24
1 0 2 24000
Node 40 60 14.1421
Pkt 30 375 0.08 1
Pkt 40 500 0.08 1
Rate:160
==========
==========25
1 0 2 24000
Node 71 65 25.807
Pkt 24 300 0.08 1
Pkt 26 320 0.08125 1
Rate:161.25
==========
==========26
1 0 2 24000
Node 44 27 23.7697
Pkt 40 500 0.08 1
Pkt 39 480 0.08125 1
Rate:161.25
==========
==========27
1 0 2 24000
Node 46 49 4.12311
Pkt 40 500 0.08 1
Pkt 30 375 0.08 1
Rate:160
==========
==========28
1 0 2 24000
Node 31 40 21.4709
Pkt 26 320 0.08125 1
Pkt 40 500 0.08 1
Rate:161.25
==========
==========29
1 0 2 24000
Node 38 45 13
Pkt 40 500 0.08 1
Pkt 32 400 0.08 1
Rate:160
==========
==========30
1 0 2 24000
Node 61 42 13.6015
Pkt 40 500 0.08 1
Pkt 30 375 0.08 1
Rate:160
==========
==========31
1 0 2 24000
Node 71 56 21.8403
Pkt 48 600 0.08 1
Pkt 39 480 0.08125 1
Rate:161.25
==========
==========32
1 0 2 24000
Node 42 71 22.4722
Pkt 40 500 0.08 1
Pkt 32 400 0.08 1
Rate:160
==========
==========33
1 0 2 24000
Node 41 71 22.8473
Pkt 16 200 0.08 1
Pkt 60 750 0.08 1
Rate:160
==========
==========34
1 0 2 24000
Node 44 42 10
Pkt 32 400 0.08 1
Pkt 24 300 0.08 1
Rate:160
==========
==========35
1 0 2 24000
Node 30 29 29
Pkt 40 500 0.08 1
Pkt 20 240 0.0833333 1
Rate:163.333
==========
==========36
1 0 2 24000
Node 64 31 23.6008
Pkt 20 250 0.08 1
Pkt 60 750 0.08 1
Rate:160
==========
==========37
1 0 2 24000
Node 38 26 26.8328
Pkt 40 500 0.08 1
Pkt 60 750 0.08 1
Rate:160
==========
==========38
1 0 2 24000
Node 30 37 23.8537
Pkt 40 500 0.08 1
Pkt 30 375 0.08 1
Rate:160
==========
==========39
1 0 2 24000
Node 30 56 20.8806
Pkt 60 750 0.08 1
Pkt 24 300 0.08 1
Rate:160
==========
==========40
1 0 2 24000
Node 36 26 27.7849
Pkt 30 375 0.08 1
Pkt 30 375 0.08 1
Rate:160
==========
==========41
1 0 2 24000
Node 40 38 15.6205
Pkt 32 400 0.08 1
Pkt 20 240 0.0833333 1
Rate:163.333
==========
==========42
1 0 2 24000
Node 59 42 12.0416
Pkt 20 240 0.0833333 1
Pkt 16 200 0.08 1
Rate:163.333
==========
==========43
1 0 2 24000
Node 29 67 27.0185
Pkt 32 400 0.08 1
Pkt 16 200 0.08 1
Rate:160
==========
==========44
1 0 2 24000
Node 25 73 33.9706
Pkt 48 600 0.08 1
Pkt 26 320 0.08125 1
Rate:161.25
==========
==========45
1 0 2 24000
Node 58 58 11.3137
Pkt 60 750 0.08 1
Pkt 40 500 0.08 1
Rate:160
==========
==========46
1 0 2 24000
Node 41 74 25.632
Pkt 26 320 0.08125 1
Pkt 26 320 0.08125 1
Rate:162.5
==========
==========47
1 0 2 24000
Node 39 32 21.095
Pkt 24 300 0.08 1
Pkt 48 600 0.08 1
Rate:160
==========
==========48
1 0 2 24000
Node 68 56 18.9737
Pkt 40 500 0.08 1
Pkt 48 600 0.08 1
Rate:160
==========
==========49
1 0 2 24000
Node 36 50 14
Pkt 30 375 0.08 1
Pkt 60 750 0.08 1
Rate:160
==========
==========50
1 0 2 24000
Node 64 29 25.2389
Pkt 30 375 0.08 1
Pkt 60 750 0.08 1
Rate:160
==========
==========51
1 0 2 24000
Node 46 36 14.5602
Pkt 16 200 0.08 1
Pkt 39 480 0.08125 1
Rate:161.25
==========
==========52
1 0 2 24000
Node 70 53 20.2237
Pkt 40 500 0.08 1
Pkt 26 320 0.08125 1
Rate:161.25
==========
==========53
1 0 2 24000
Node 41 53 9.48683
Pkt 30 375 0.08 1
Pkt 40 500 0.08 1
Rate:160
==========
==========54
1 0 2 24000
Node 67 44 18.0278
Pkt 39 480 0.08125 1
Pkt 30 375 0.08 1
Rate:161.25
==========
==========55
1 0 2 24000
Node 67 57 18.3848
Pkt 26 320 0.08125 1
Pkt 39 480 0.08125 1
Rate:162.5
==========
==========56
1 0 2 24000
Node 40 26 26
Pkt 39 480 0.08125 1
Pkt 48 600 0.08 1
Rate:161.25
==========
==========57
1 0 2 24000
Node 47 68 18.2483
Pkt 40 500 0.08 1
Pkt 30 375 0.08 1
Rate:160
==========
==========58
1 0 2 24000
Node 60 49 10.0499
Pkt 60 750 0.08 1
Pkt 16 200 0.08 1
Rate:160
==========
==========59
1 0 2 24000
Node 58 40 12.8062
Pkt 16 200 0.08 1
Pkt 32 400 0.08 1
Rate:160
==========
==========60
1 0 2 24000
Node 44 67 18.0278
Pkt 26 320 0.08125 1
Pkt 48 600 0.08 1
Rate:161.25
==========
==========61
1 0 2 24000
Node 69 69 26.8701
Pkt 48 600 0.08 1
Pkt 26 320 0.08125 1
Rate:161.25
==========
==========62
1 0 2 24000
Node 66 71 26.4008
Pkt 48 600 0.08 1
Pkt 39 480 0.08125 1
Rate:161.25
==========
==========63
1 0 2 24000
Node 42 50 8
Pkt 24 300 0.08 1
Pkt 26 320 0.08125 1
Rate:161.25
==========
==========64
1 0 2 24000
Node 32 41 20.1246
Pkt 26 320 0.08125 1
Pkt 20 240 0.0833333 1
Rate:164.583
==========
==========65
1 0 2 24000
Node 53 55 5.83095
Pkt 30 375 0.08 1
Pkt 20 250 0.08 1
Rate:160
==========
==========66
1 0 2 24000
Node 44 55 7.81025
Pkt 26 320 0.08125 1
Pkt 24 300 0.08 1
Rate:161.25
==========
==========67
1 0 2 24000
Node 44 45 7.81025
Pkt 40 500 0.08 1
Pkt 20 240 0.0833333 1
Rate:163.333
==========
==========68
1 0 2 24000
Node 51 57 7.07107
Pkt 48 600 0.08 1
Pkt 30 375 0.08 1
Rate:160
==========
==========69
1 0 2 24000
Node 73 62 25.9422
Pkt 30 375 0.08 1
Pkt 26 320 0.08125 1
Rate:161.25
==========
==========70
1 0 2 24000
Node 35 49 15.0333
Pkt 40 500 0.08 1
Pkt 40 500 0.08 1
Rate:160
==========
==========71
1 0 2 24000
Node 61 61 15.5563
Pkt 40 500 0.08 1
Pkt 20 250 0.08 1
Rate:160
==========
==========72
1 0 2 24000
Node 30 72 29.7321
Pkt 24 300 0.08 1
Pkt 16 200 0.08 1
Rate:160
==========
==========73
1 0 2 24000
Node 55 48 5.38516
Pkt 30 375 0.08 1
Pkt 16 200 0.08 1
Rate:160
==========
==========74
1 0 2 24000
Node 74 59 25.632
Pkt 48 600 0.08 1
Pkt 40 500 0.08 1
Rate:160
==========
==========75
1 0 2 24000
Node 64 67 22.0227
Pkt 32 400 0.08 1
Pkt 20 250 0.08 1
Rate:160
==========
==========76
1 0 2 24000
Node 60 29 23.2594
Pkt 16 200 0.08 1
Pkt 16 200 0.08 1
Rate:160
==========
==========77
1 0 2 24000
Node 39 66 19.4165
Pkt 16 200 0.08 1
Pkt 40 500 0.08 1
Rate:160
==========
==========78
1 0 2 24000
Node 51 26 24.0208
Pkt 39 480 0.08125 1
Pkt 40 500 0.08 1
Rate:161.25
==========
==========79
1 0 2 24000
Node 59 38 15
Pkt 60 750 0.08 1
Pkt 60 750 0.08 1
Rate:160
==========
==========80
1 0 2 24000
Node 61 39 15.5563
Pkt 24 300 0.08 1
Pkt 20 250 0.08 1
Rate:160
==========
==========81
1 0 2 24000
Node 35 26 28.3019
Pkt 26 320 0.08125 1
Pkt 24 300 0.08 1
Rate:161.25
==========
==========82
1 0 2 24000
Node 49 61 11.0454
Pkt 40 500 0.08 1
Pkt 32 400 0.08 1
Rate:160
==========
==========83
1 0 2 24000
Node 26 31 30.6105
Pkt 39 480 0.08125 1
Pkt 40 500 0.08 1
Rate:161.25
==========
==========84
1 0 2 24000
Node 63 32 22.2036
Pkt 48 600 0.08 1
Pkt 48 600 0.08 1
Rate:160
==========
==========85
1 0 2 24000
Node 36 44 15.2315
Pkt 48 600 0.08 1
Pkt 60 750 0.08 1
Rate:160
==========
==========86
1 0 2 24000
Node 27 66 28.0179
Pkt 26 320 0.08125 1
Pkt 26 320 0.08125 1
Rate:162.5
==========
==========87
1 0 2 24000
Node 30 61 22.8254
Pkt 40 500 0.08 1
Pkt 26 320 0.08125 1
Rate:161.25
==========
==========88
1 0 2 24000
Node 72 66 27.2029
Pkt 30 375 0.08 1
Pkt 32 400 0.08 1
Rate:160
==========
==========89
1 0 2 24000
Node 38 57 13.8924
Pkt 24 300 0.08 1
Pkt 39 480 0.08125 1
Rate:161.25
==========
==========90
1 0 2 24000
Node 30 39 22.8254
Pkt 26 320 0.08125 1
Pkt 26 320 0.08125 1
Rate:162.5
==========
==========91
1 0 2 24000
Node 29 51 21.0238
Pkt 24 300 0.08 1
Pkt 40 500 0.08 1
Rate:160
==========
==========92
1 0 2 24000
Node 46 25 25.318
Pkt 26 320 0.08125 1
Pkt 20 240 0.0833333 1
Rate:164.583
==========
==========93
1 0 2 24000
Node 52 26 24.0832
Pkt 26 320 0.08125 1
Pkt 26 320 0.08125 1
Rate:162.5
==========
==========94
1 0 2 24000
Node 63 72 25.5539
Pkt 30 375 0.08 1
Pkt 60 750 0.08 1
Rate:160
==========
==========95
1 0 2 24000
Node 34 52 16.1245
Pkt 16 200 0.08 1
Pkt 16 200 0.08 1
Rate:160
==========
==========96
1 0 2 24000
Node 49 41 9.05539
Pkt 32 400 0.08 1
Pkt 20 240 0.0833333 1
Rate:163.333
==========
==========97
1 0 2 24000
Node 33 53 17.2627
Pkt 20 250 0.08 1
Pkt 40 500 0.08 1
Rate:160
==========
==========98
1 0 2 24000
Node 28 28 31.1127
Pkt 20 250 0.08 1
Pkt 20 250 0.08 1
Rate:160
==========
==========99
