1 0 2 24000
Node 61 63 17.0294
Pkt 110 250 0.44 1
Pkt 220 500 0.44 1
Rate:880
==========
==========0
1 0 2 24000
Node 72 45 22.561
Pkt 330 750 0.44 1
Pkt 220 500 0.44 1
Rate:880
==========
==========1
1 0 2 24000
Node 40 43 12.2066
Pkt 264 600 0.44 1
Pkt 212 480 0.441667 1
Rate:881.667
==========
==========2
1 0 2 24000
Node 71 33 27.0185
Pkt 106 240 0.441667 1
Pkt 330 750 0.44 1
Rate:881.667
==========
==========3
1 0 2 24000
Node 61 64 17.8045
Pkt 330 750 0.44 1
Pkt 165 375 0.44 1
Rate:880
==========
==========4
1 0 2 24000
Node 55 66 16.7631
Pkt 106 240 0.441667 1
Pkt 264 600 0.44 1
Rate:881.667
==========
==========5
1 0 2 24000
Node 27 38 25.9422
Pkt 110 250 0.44 1
Pkt 264 600 0.44 1
Rate:880
==========
==========6
1 0 2 24000
Node 54 49 4.12311
Pkt 106 240 0.441667 1
Pkt 141 320 0.440625 1
Rate:882.292
==========
==========7
1 0 2 24000
Node 68 55 18.6815
Pkt 141 320 0.440625 1
Pkt 106 240 0.441667 1
Rate:882.292
==========
==========8
1 0 2 24000
Node 39 30 22.8254
Pkt 330 750 0.44 1
Pkt 176 400 0.44 1
Rate:880
==========
==========9
1 0 2 24000
Node 42 35 17
Pkt 330 750 0.44 1
Pkt 220 500 0.44 1
Rate:880
==========
==========10
1 0 2 24000
Node 40 44 11.6619
Pkt 132 300 0.44 1
Pkt 88 200 0.44 1
Rate:880
==========
==========11
1 0 2 24000
Node 64 70 24.4131
Pkt 88 200 0.44 1
Pkt 220 500 0.44 1
Rate:880
==========
==========12
1 0 2 24000
Node 74 62 26.8328
Pkt 110 250 0.44 1
Pkt 110 250 0.44 1
Rate:880
==========
==========13
1 0 2 24000
Node 61 26 26.4008
Pkt 330 750 0.44 1
Pkt 176 400 0.44 1
Rate:880
==========
==========14
1 0 2 24000
Node 26 71 31.8904
Pkt 106 240 0.441667 1
Pkt 88 200 0.44 1
Rate:881.667
==========
==========15
1 0 2 24000
Node 53 65 15.2971
Pkt 110 250 0.44 1
Pkt 141 320 0.440625 1
Rate:880.625
==========
==========16
1 0 2 24000
Node 48 60 10.198
Pkt 110 250 0.44 1
Pkt 330 750 0.44 1
Rate:880
==========
==========17
1 0 2 24000
Node 32 53 18.2483
Pkt 132 300 0.44 1
Pkt 220 500 0.44 1
Rate:880
==========
==========18
1 0 2 24000
Node 43 33 18.3848
Pkt 212 480 0.441667 1
Pkt 264 600 0.44 1
Rate:881.667
==========
==========19
1 0 2 24000
Node 56 28 22.8035
Pkt 110 250 0.44 1
Pkt 106 240 0.441667 1
Rate:881.667
==========
==========20
1 0 2 24000
Node 29 57 22.1359
Pkt 106 240 0.441667 1
Pkt 110 250 0.44 1
Rate:881.667
==========
==========21
1 0 2 24000
Node 30 33 26.2488
Pkt 106 240 0.441667 1
Pkt 220 500 0.44 1
Rate:881.667
==========
==========22
1 0 2 24000
Node 55 54 6.40312
Pkt 220 500 0.44 1
Pkt 220 500 0.44 1
Rate:880
==========
==========23
1 0 2 24000
Node 42 31 20.6155
Pkt 264 600 0.44 1
Pkt 132 300 0.44 1
Rate:880
==========
==========24
1 0 2 24000
Node 56 48 6.32456
Pkt 141 320 0.440625 1
Pkt 330 750 0.44 1
Rate:880.625
==========
==========25
1 0 2 24000
Node 63 32 22.2036
Pkt 132 300 0.44 1
Pkt 212 480 0.441667 1
Rate:881.667
==========
==========26
1 0 2 24000
Node 26 36 27.7849
Pkt 110 250 0.44 1
Pkt 141 320 0.440625 1
Rate:880.625
==========
==========27
1 0 2 24000
Node 72 36 26.0768
Pkt 264 600 0.44 1
Pkt 330 750 0.44 1
Rate:880
==========
==========28
1 0 2 24000
Node 65 58 17
Pkt 165 375 0.44 1
Pkt 88 200 0.44 1
Rate:880
==========
==========29
1 0 2 24000
Node 64 26 27.7849
Pkt 220 500 0.44 1
Pkt 330 750 0.44 1
Rate:880
==========
==========30
1 0 2 24000
Node 57 65 16.5529
Pkt 212 480 0.441667 1
Pkt 110 250 0.44 1
Rate:881.667
==========
==========31
1 0 2 24000
Node 40 69 21.4709
Pkt 220 500 0.44 1
Pkt 176 400 0.44 1
Rate:880
==========
==========32
1 0 2 24000
Node 72 31 29.0689
Pkt 165 375 0.44 1
Pkt 165 375 0.44 1
Rate:880
==========
==========33
1 0 2 24000
Node 42 72 23.4094
Pkt 132 300 0.44 1
Pkt 165 375 0.44 1
Rate:880
==========
==========34
1 0 2 24000
Node 45 56 7.81025
Pkt 165 375 0.44 1
Pkt 88 200 0.44 1
Rate:880
==========
==========35
1 0 2 24000
Node 48 51 2.23607
Pkt 330 750 0.44 1
Pkt 176 400 0.44 1
Rate:880
==========
==========36
1 0 2 24000
Node 39 55 12.083
Pkt 212 480 0.441667 1
Pkt 264 600 0.44 1
Rate:881.667
==========
==========37
1 0 2 24000
Node 72 66 27.2029
Pkt 141 320 0.440625 1
Pkt 132 300 0.44 1
Rate:880.625
==========
==========38
1 0 2 24000
Node 36 47 14.3178
Pkt 88 200 0.44 1
Pkt 212 480 0.441667 1
Rate:881.667
==========
==========39
1 0 2 24000
Node 57 42 10.6301
Pkt 165 375 0.44 1
Pkt 88 200 0.44 1
Rate:880
==========
==========40
1 0 2 24000
Node 32 49 18.0278
Pkt 264 600 0.44 1
Pkt 132 300 0.44 1
Rate:880
==========
==========41
1 0 2 24000
Node 72 25 33.3017
Pkt 165 375 0.44 1
Pkt 165 375 0.44 1
Rate:880
==========
==========42
1 0 2 24000
Node 40 37 16.4012
Pkt 330 750 0.44 1
Pkt 176 400 0.44 1
Rate:880
==========
==========43
1 0 2 24000
Node 55 59 10.2956
Pkt 165 375 0.44 1
Pkt 110 250 0.44 1
Rate:880
==========
==========44
1 0 2 24000
Node 40 56 11.6619
Pkt 106 240 0.441667 1
Pkt 264 600 0.44 1
Rate:881.667
==========
==========45
1 0 2 24000
Node 37 40 16.4012
Pkt 212 480 0.441667 1
Pkt 141 320 0.440625 1
Rate:882.292
==========
==========46
1 0 2 24000
Node 36 56 15.2315
Pkt 165 375 0.44 1
Pkt 88 200 0.44 1
Rate:880
==========
==========47
1 0 2 24000
Node 36 27 26.9258
Pkt 110 250 0.44 1
Pkt 220 500 0.44 1
Rate:880
==========
==========48
1 0 2 24000
Node 72 74 32.5576
Pkt 212 480 0.441667 1
Pkt 132 300 0.44 1
Rate:881.667
==========
==========49
1 0 2 24000
Node 61 54 11.7047
Pkt 212 480 0.441667 1
Pkt 106 240 0.441667 1
Rate:883.333
==========
==========50
1 0 2 24000
Node 40 67 19.7231
Pkt 110 250 0.44 1
Pkt 264 600 0.44 1
Rate:880
==========
==========51
1 0 2 24000
Node 50 62 12
Pkt 88 200 0.44 1
Pkt 330 750 0.44 1
Rate:880
==========
==========52
1 0 2 24000
Node 65 71 25.807
Pkt 165 375 0.44 1
Pkt 176 400 0.44 1
Rate:880
==========
==========53
1 0 2 24000
Node 63 53 13.3417
Pkt 330 750 0.44 1
Pkt 132 300 0.44 1
Rate:880
==========
==========54
1 0 2 24000
Node 54 60 10.7703
Pkt 176 400 0.44 1
Pkt 141 320 0.440625 1
Rate:880.625
==========
==========55
1 0 2 24000
Node 58 68 19.6977
Pkt 330 750 0.44 1
Pkt 165 375 0.44 1
Rate:880
==========
==========56
1 0 2 24000
Node 45 64 14.8661
Pkt 220 500 0.44 1
Pkt 220 500 0.44 1
Rate:880
==========
==========57
1 0 2 24000
Node 65 61 18.6011
Pkt 165 375 0.44 1
Pkt 132 300 0.44 1
Rate:880
==========
==========58
1 0 2 24000
Node 36 27 26.9258
Pkt 110 250 0.44 1
Pkt 165 375 0.44 1
Rate:880
==========
==========59
1 0 2 24000
Node 46 38 12.6491
Pkt 106 240 0.441667 1
Pkt 132 300 0.44 1
Rate:881.667
==========
==========60
1 0 2 24000
Node 45 62 13
Pkt 88 200 0.44 1
Pkt 110 250 0.44 1
Rate:880
==========
==========61
1 0 2 24000
Node 40 53 10.4403
Pkt 330 750 0.44 1
Pkt 106 240 0.441667 1
Rate:881.667
==========
==========62
1 0 2 24000
Node 59 60 13.4536
Pkt 88 200 0.44 1
Pkt 110 250 0.44 1
Rate:880
==========
==========63
1 0 2 24000
Node 36 47 14.3178
Pkt 132 300 0.44 1
Pkt 141 320 0.440625 1
Rate:880.625
==========
==========64
1 0 2 24000
Node 69 36 23.6008
Pkt 212 480 0.441667 1
Pkt 106 240 0.441667 1
Rate:883.333
==========
==========65
1 0 2 24000
Node 48 39 11.1803
Pkt 264 600 0.44 1
Pkt 176 400 0.44 1
Rate:880
==========
==========66
1 0 2 24000
Node 54 51 4.12311
Pkt 110 250 0.44 1
Pkt 141 320 0.440625 1
Rate:880.625
==========
==========67
1 0 2 24000
Node 33 48 17.1172
Pkt 220 500 0.44 1
Pkt 264 600 0.44 1
Rate:880
==========
==========68
1 0 2 24000
Node 63 32 22.2036
Pkt 132 300 0.44 1
Pkt 106 240 0.441667 1
Rate:881.667
==========
==========69
1 0 2 24000
Node 46 39 11.7047
Pkt 110 250 0.44 1
Pkt 141 320 0.440625 1
Rate:880.625
==========
==========70
1 0 2 24000
Node 32 36 22.8035
Pkt 212 480 0.441667 1
Pkt 165 375 0.44 1
Rate:881.667
==========
==========71
1 0 2 24000
Node 71 54 21.3776
Pkt 220 500 0.44 1
Pkt 106 240 0.441667 1
Rate:881.667
==========
==========72
1 0 2 24000
Node 61 56 12.53
Pkt 141 320 0.440625 1
Pkt 212 480 0.441667 1
Rate:882.292
==========
==========73
1 0 2 24000
Node 62 68 21.6333
Pkt 176 400 0.44 1
Pkt 165 375 0.44 1
Rate:880
==========
==========74
1 0 2 24000
Node 44 36 15.2315
Pkt 264 600 0.44 1
Pkt 264 600 0.44 1
Rate:880
==========
==========75
1 0 2 24000
Node 46 60 10.7703
Pkt 110 250 0.44 1
Pkt 176 400 0.44 1
Rate:880
==========
==========76
1 0 2 24000
Node 31 25 31.4006
Pkt 220 500 0.44 1
Pkt 212 480 0.441667 1
Rate:881.667
==========
==========77
1 0 2 24000
Node 40 51 10.0499
Pkt 88 200 0.44 1
Pkt 165 375 0.44 1
Rate:880
==========
==========78
1 0 2 24000
Node 72 33 27.8029
Pkt 106 240 0.441667 1
Pkt 165 375 0.44 1
Rate:881.667
==========
==========79
1 0 2 24000
Node 43 62 13.8924
Pkt 88 200 0.44 1
Pkt 176 400 0.44 1
Rate:880
==========
==========80
1 0 2 24000
Node 64 69 23.6008
Pkt 330 750 0.44 1
Pkt 264 600 0.44 1
Rate:880
==========
==========81
1 0 2 24000
Node 45 61 12.083
Pkt 106 240 0.441667 1
Pkt 330 750 0.44 1
Rate:881.667
==========
==========82
1 0 2 24000
Node 56 40 11.6619
Pkt 141 320 0.440625 1
Pkt 132 300 0.44 1
Rate:880.625
==========
==========83
1 0 2 24000
Node 61 49 11.0454
Pkt 110 250 0.44 1
Pkt 220 500 0.44 1
Rate:880
==========
==========84
1 0 2 24000
Node 56 36 15.2315
Pkt 176 400 0.44 1
Pkt 132 300 0.44 1
Rate:880
==========
==========85
1 0 2 24000
Node 56 40 11.6619
Pkt 165 375 0.44 1
Pkt 88 200 0.44 1
Rate:880
==========
==========86
1 0 2 24000
Node 72 52 22.0907
Pkt 330 750 0.44 1
Pkt 110 250 0.44 1
Rate:880
==========
==========87
1 0 2 24000
Node 40 26 26
Pkt 176 400 0.44 1
Pkt 141 320 0.440625 1
Rate:880.625
==========
==========88
1 0 2 24000
Node 73 57 24.0416
Pkt 88 200 0.44 1
Pkt 110 250 0.44 1
Rate:880
==========
==========89
1 0 2 24000
Node 49 58 8.06226
Pkt 106 240 0.441667 1
Pkt 141 320 0.440625 1
Rate:882.292
==========
==========90
1 0 2 24000
Node 38 54 12.6491
Pkt 220 500 0.44 1
Pkt 141 320 0.440625 1
Rate:880.625
==========
==========91
1 0 2 24000
Node 72 35 26.6271
Pkt 264 600 0.44 1
Pkt 264 600 0.44 1
Rate:880
==========
==========92
1 0 2 24000
Node 25 60 26.9258
Pkt 165 375 0.44 1
Pkt 141 320 0.440625 1
Rate:880.625
==========
==========93
1 0 2 24000
Node 63 71 24.6982
Pkt 88 200 0.44 1
Pkt 176 400 0.44 1
Rate:880
==========
==========94
1 0 2 24000
Node 37 66 20.6155
Pkt 212 480 0.441667 1
Pkt 212 480 0.441667 1
Rate:883.333
==========
==========95
1 0 2 24000
Node 63 35 19.8494
Pkt 176 400 0.44 1
Pkt 264 600 0.44 1
Rate:880
==========
==========96
1 0 2 24000
Node 68 32 25.4558
Pkt 220 500 0.44 1
Pkt 106 240 0.441667 1
Rate:881.667
==========
==========97
1 0 2 24000
Node 72 35 26.6271
Pkt 165 375 0.44 1
Pkt 88 200 0.44 1
Rate:880
==========
==========98
1 0 2 24000
Node 25 63 28.178
Pkt 176 400 0.44 1
Pkt 165 375 0.44 1
Rate:880
==========
==========99
