1 0 2 24000
Node 33 27 28.6007
Pkt 60 375 0.16 1
Pkt 96 600 0.16 1
Rate:320
==========
==========0
1 0 2 24000
Node 36 52 14.1421
Pkt 40 250 0.16 1
Pkt 48 300 0.16 1
Rate:320
==========
==========1
1 0 2 24000
Node 29 69 28.3196
Pkt 96 600 0.16 1
Pkt 48 300 0.16 1
Rate:320
==========
==========2
1 0 2 24000
Node 43 55 8.60233
Pkt 52 320 0.1625 1
Pkt 120 750 0.16 1
Rate:322.5
==========
==========3
1 0 2 24000
Node 51 58 8.06226
Pkt 80 500 0.16 1
Pkt 39 240 0.1625 1
Rate:322.5
==========
==========4
1 0 2 24000
Node 48 69 19.105
Pkt 40 250 0.16 1
Pkt 120 750 0.16 1
Rate:320
==========
==========5
1 0 2 24000
Node 37 51 13.0384
Pkt 32 200 0.16 1
Pkt 48 300 0.16 1
Rate:320
==========
==========6
1 0 2 24000
Node 60 50 10
Pkt 96 600 0.16 1
Pkt 52 320 0.1625 1
Rate:322.5
==========
==========7
1 0 2 24000
Node 28 40 24.1661
Pkt 77 480 0.160417 1
Pkt 32 200 0.16 1
Rate:320.417
==========
==========8
1 0 2 24000
Node 71 50 21
Pkt 64 400 0.16 1
Pkt 48 300 0.16 1
Rate:320
==========
==========9
1 0 2 24000
Node 32 59 20.1246
Pkt 60 375 0.16 1
Pkt 32 200 0.16 1
Rate:320
==========
==========10
1 0 2 24000
Node 36 59 16.6433
Pkt 48 300 0.16 1
Pkt 120 750 0.16 1
Rate:320
==========
==========11
1 0 2 24000
Node 42 26 25.2982
Pkt 64 400 0.16 1
Pkt 52 320 0.1625 1
Rate:322.5
==========
==========12
1 0 2 24000
Node 71 26 31.8904
Pkt 60 375 0.16 1
Pkt 77 480 0.160417 1
Rate:320.417
==========
==========13
1 0 2 24000
Node 27 65 27.4591
Pkt 48 300 0.16 1
Pkt 80 500 0.16 1
Rate:320
==========
==========14
1 0 2 24000
Node 40 27 25.0799
Pkt 39 240 0.1625 1
Pkt 60 375 0.16 1
Rate:322.5
==========
==========15
1 0 2 24000
Node 44 38 13.4164
Pkt 48 300 0.16 1
Pkt 48 300 0.16 1
Rate:320
==========
==========16
1 0 2 24000
Node 67 37 21.4009
Pkt 32 200 0.16 1
Pkt 52 320 0.1625 1
Rate:322.5
==========
==========17
1 0 2 24000
Node 46 33 17.4642
Pkt 52 320 0.1625 1
Pkt 96 600 0.16 1
Rate:322.5
==========
==========18
1 0 2 24000
Node 55 32 18.6815
Pkt 64 400 0.16 1
Pkt 40 250 0.16 1
Rate:320
==========
==========19
1 0 2 24000
Node 35 29 25.807
Pkt 52 320 0.1625 1
Pkt 40 250 0.16 1
Rate:322.5
==========
==========20
1 0 2 24000
Node 36 55 14.8661
Pkt 32 200 0.16 1
Pkt 60 375 0.16 1
Rate:320
==========
==========21
1 0 2 24000
Node 56 44 8.48528
Pkt 96 600 0.16 1
Pkt 80 500 0.16 1
Rate:320
==========
==========22
1 0 2 24000
Node 53 27 23.1948
Pkt 60 375 0.16 1
Pkt 77 480 0.160417 1
Rate:320.417
==========
==========23
1 0 2 24000
Node 59 70 21.9317
Pkt 52 320 0.1625 1
Pkt 40 250 0.16 1
Rate:322.5
==========
==========24
1 0 2 24000
Node 47 55 5.83095
Pkt 40 250 0.16 1
Pkt 32 200 0.16 1
Rate:320
==========
==========25
1 0 2 24000
Node 36 42 16.1245
Pkt 77 480 0.160417 1
Pkt 52 320 0.1625 1
Rate:322.917
==========
==========26
1 0 2 24000
Node 28 37 25.5539
Pkt 60 375 0.16 1
Pkt 39 240 0.1625 1
Rate:322.5
==========
==========27
1 0 2 24000
Node 73 49 23.0217
Pkt 120 750 0.16 1
Pkt 40 250 0.16 1
Rate:320
==========
==========28
1 0 2 24000
Node 27 49 23.0217
Pkt 32 200 0.16 1
Pkt 77 480 0.160417 1
Rate:320.417
==========
==========29
1 0 2 24000
Node 64 61 17.8045
Pkt 32 200 0.16 1
Pkt 77 480 0.160417 1
Rate:320.417
==========
==========30
1 0 2 24000
Node 53 47 4.24264
Pkt 39 240 0.1625 1
Pkt 52 320 0.1625 1
Rate:325
==========
==========31
1 0 2 24000
Node 29 29 29.6985
Pkt 52 320 0.1625 1
Pkt 96 600 0.16 1
Rate:322.5
==========
==========32
1 0 2 24000
Node 60 55 11.1803
Pkt 48 300 0.16 1
Pkt 40 250 0.16 1
Rate:320
==========
==========33
1 0 2 24000
Node 35 53 15.2971
Pkt 52 320 0.1625 1
Pkt 40 250 0.16 1
Rate:322.5
==========
==========34
1 0 2 24000
Node 66 44 17.088
Pkt 80 500 0.16 1
Pkt 96 600 0.16 1
Rate:320
==========
==========35
1 0 2 24000
Node 39 27 25.4951
Pkt 48 300 0.16 1
Pkt 52 320 0.1625 1
Rate:322.5
==========
==========36
1 0 2 24000
Node 45 38 13
Pkt 52 320 0.1625 1
Pkt 60 375 0.16 1
Rate:322.5
==========
==========37
1 0 2 24000
Node 46 63 13.6015
Pkt 40 250 0.16 1
Pkt 48 300 0.16 1
Rate:320
==========
==========38
1 0 2 24000
Node 70 72 29.7321
Pkt 48 300 0.16 1
Pkt 96 600 0.16 1
Rate:320
==========
==========39
1 0 2 24000
Node 68 35 23.4307
Pkt 120 750 0.16 1
Pkt 52 320 0.1625 1
Rate:322.5
==========
==========40
1 0 2 24000
Node 37 63 18.3848
Pkt 60 375 0.16 1
Pkt 48 300 0.16 1
Rate:320
==========
==========41
1 0 2 24000
Node 48 39 11.1803
Pkt 80 500 0.16 1
Pkt 52 320 0.1625 1
Rate:322.5
==========
==========42
1 0 2 24000
Node 37 35 19.8494
Pkt 39 240 0.1625 1
Pkt 96 600 0.16 1
Rate:322.5
==========
==========43
1 0 2 24000
Node 55 71 21.587
Pkt 32 200 0.16 1
Pkt 120 750 0.16 1
Rate:320
==========
==========44
1 0 2 24000
Node 66 57 17.4642
Pkt 60 375 0.16 1
Pkt 40 250 0.16 1
Rate:320
==========
==========45
1 0 2 24000
Node 31 37 23.0217
Pkt 40 250 0.16 1
Pkt 120 750 0.16 1
Rate:320
==========
==========46
1 0 2 24000
Node 73 43 24.0416
Pkt 80 500 0.16 1
Pkt 80 500 0.16 1
Rate:320
==========
==========47
1 0 2 24000
Node 40 46 10.7703
Pkt 120 750 0.16 1
Pkt 64 400 0.16 1
Rate:320
==========
==========48
1 0 2 24000
Node 68 68 25.4558
Pkt 48 300 0.16 1
Pkt 77 480 0.160417 1
Rate:320.417
==========
==========49
1 0 2 24000
Node 70 66 25.6125
Pkt 48 300 0.16 1
Pkt 77 480 0.160417 1
Rate:320.417
==========
==========50
1 0 2 24000
Node 47 64 14.3178
Pkt 64 400 0.16 1
Pkt 52 320 0.1625 1
Rate:322.5
==========
==========51
1 0 2 24000
Node 36 29 25.2389
Pkt 77 480 0.160417 1
Pkt 60 375 0.16 1
Rate:320.417
==========
==========52
1 0 2 24000
Node 30 32 26.9072
Pkt 40 250 0.16 1
Pkt 52 320 0.1625 1
Rate:322.5
==========
==========53
1 0 2 24000
Node 34 32 24.0832
Pkt 32 200 0.16 1
Pkt 48 300 0.16 1
Rate:320
==========
==========54
1 0 2 24000
Node 73 56 23.7697
Pkt 52 320 0.1625 1
Pkt 40 250 0.16 1
Rate:322.5
==========
==========55
1 0 2 24000
Node 40 74 26
Pkt 39 240 0.1625 1
Pkt 48 300 0.16 1
Rate:322.5
==========
==========56
1 0 2 24000
Node 33 44 18.0278
Pkt 64 400 0.16 1
Pkt 39 240 0.1625 1
Rate:322.5
==========
==========57
1 0 2 24000
Node 29 28 30.4138
Pkt 40 250 0.16 1
Pkt 120 750 0.16 1
Rate:320
==========
==========58
1 0 2 24000
Node 69 74 30.6105
Pkt 80 500 0.16 1
Pkt 52 320 0.1625 1
Rate:322.5
==========
==========59
1 0 2 24000
Node 68 30 26.9072
Pkt 64 400 0.16 1
Pkt 64 400 0.16 1
Rate:320
==========
==========60
1 0 2 24000
Node 63 53 13.3417
Pkt 80 500 0.16 1
Pkt 96 600 0.16 1
Rate:320
==========
==========61
1 0 2 24000
Node 35 47 15.2971
Pkt 96 600 0.16 1
Pkt 32 200 0.16 1
Rate:320
==========
==========62
1 0 2 24000
Node 26 30 31.241
Pkt 52 320 0.1625 1
Pkt 60 375 0.16 1
Rate:322.5
==========
==========63
1 0 2 24000
Node 49 43 7.07107
Pkt 39 240 0.1625 1
Pkt 96 600 0.16 1
Rate:322.5
==========
==========64
1 0 2 24000
Node 74 29 31.8904
Pkt 48 300 0.16 1
Pkt 40 250 0.16 1
Rate:320
==========
==========65
1 0 2 24000
Node 53 70 20.2237
Pkt 77 480 0.160417 1
Pkt 40 250 0.16 1
Rate:320.417
==========
==========66
1 0 2 24000
Node 29 52 21.095
Pkt 40 250 0.16 1
Pkt 120 750 0.16 1
Rate:320
==========
==========67
1 0 2 24000
Node 62 54 12.6491
Pkt 96 600 0.16 1
Pkt 52 320 0.1625 1
Rate:322.5
==========
==========68
1 0 2 24000
Node 70 34 25.6125
Pkt 80 500 0.16 1
Pkt 80 500 0.16 1
Rate:320
==========
==========69
1 0 2 24000
Node 41 44 10.8167
Pkt 40 250 0.16 1
Pkt 52 320 0.1625 1
Rate:322.5
==========
==========70
1 0 2 24000
Node 40 58 12.8062
Pkt 80 500 0.16 1
Pkt 52 320 0.1625 1
Rate:322.5
==========
==========71
1 0 2 24000
Node 62 64 18.4391
Pkt 52 320 0.1625 1
Pkt 40 250 0.16 1
Rate:322.5
==========
==========72
1 0 2 24000
Node 44 46 7.2111
Pkt 120 750 0.16 1
Pkt 96 600 0.16 1
Rate:320
==========
==========73
1 0 2 24000
Node 31 39 21.9545
Pkt 48 300 0.16 1
Pkt 64 400 0.16 1
Rate:320
==========
==========74
1 0 2 24000
Node 50 29 21
Pkt 60 375 0.16 1
Pkt 120 750 0.16 1
Rate:320
==========
==========75
1 0 2 24000
Node 39 25 27.313
Pkt 120 750 0.16 1
Pkt 60 375 0.16 1
Rate:320
==========
==========76
1 0 2 24000
Node 45 60 11.1803
Pkt 39 240 0.1625 1
Pkt 64 400 0.16 1
Rate:322.5
==========
==========77
1 0 2 24000
Node 45 31 19.6469
Pkt 80 500 0.16 1
Pkt 77 480 0.160417 1
Rate:320.417
==========
==========78
1 0 2 24000
Node 36 59 16.6433
Pkt 48 300 0.16 1
Pkt 52 320 0.1625 1
Rate:322.5
==========
==========79
1 0 2 24000
Node 44 29 21.8403
Pkt 120 750 0.16 1
Pkt 32 200 0.16 1
Rate:320
==========
==========80
1 0 2 24000
Node 29 42 22.4722
Pkt 40 250 0.16 1
Pkt 64 400 0.16 1
Rate:320
==========
==========81
1 0 2 24000
Node 70 68 26.9072
Pkt 60 375 0.16 1
Pkt 48 300 0.16 1
Rate:320
==========
==========82
1 0 2 24000
Node 54 48 4.47214
Pkt 77 480 0.160417 1
Pkt 60 375 0.16 1
Rate:320.417
==========
==========83
1 0 2 24000
Node 25 26 34.6554
Pkt 40 250 0.16 1
Pkt 39 240 0.1625 1
Rate:322.5
==========
==========84
1 0 2 24000
Node 43 65 16.5529
Pkt 52 320 0.1625 1
Pkt 52 320 0.1625 1
Rate:325
==========
==========85
1 0 2 24000
Node 64 27 26.9258
Pkt 52 320 0.1625 1
Pkt 77 480 0.160417 1
Rate:322.917
==========
==========86
1 0 2 24000
Node 48 40 10.198
Pkt 96 600 0.16 1
Pkt 48 300 0.16 1
Rate:320
==========
==========87
1 0 2 24000
Node 51 33 17.0294
Pkt 32 200 0.16 1
Pkt 48 300 0.16 1
Rate:320
==========
==========88
1 0 2 24000
Node 54 49 4.12311
Pkt 39 240 0.1625 1
Pkt 80 500 0.16 1
Rate:322.5
==========
==========89
1 0 2 24000
Node 26 44 24.7386
Pkt 64 400 0.16 1
Pkt 64 400 0.16 1
Rate:320
==========
==========90
1 0 2 24000
Node 56 52 6.32456
Pkt 39 240 0.1625 1
Pkt 64 400 0.16 1
Rate:322.5
==========
==========91
1 0 2 24000
Node 62 31 22.4722
Pkt 32 200 0.16 1
Pkt 64 400 0.16 1
Rate:320
==========
==========92
1 0 2 24000
Node 64 60 17.2047
Pkt 120 750 0.16 1
Pkt 80 500 0.16 1
Rate:320
==========
==========93
1 0 2 24000
Node 74 68 30
Pkt 32 200 0.16 1
Pkt 40 250 0.16 1
Rate:320
==========
==========94
1 0 2 24000
Node 67 54 17.4642
Pkt 64 400 0.16 1
Pkt 40 250 0.16 1
Rate:320
==========
==========95
1 0 2 24000
Node 55 59 10.2956
Pkt 60 375 0.16 1
Pkt 80 500 0.16 1
Rate:320
==========
==========96
1 0 2 24000
Node 59 39 14.2127
Pkt 80 500 0.16 1
Pkt 80 500 0.16 1
Rate:320
==========
==========97
1 0 2 24000
Node 46 50 4
Pkt 60 375 0.16 1
Pkt 64 400 0.16 1
Rate:320
==========
==========98
1 0 2 24000
Node 47 65 15.2971
Pkt 39 240 0.1625 1
Pkt 32 200 0.16 1
Rate:322.5
==========
==========99
