8 0 2 24000
Node 36 37 19.105
Pkt 46 100 0.46 1
Pkt 111 240 0.4625 1
Node 41 62 15
Pkt 148 320 0.4625 1
Pkt 173 375 0.461333 1
Node 36 68 22.8035
Pkt 368 800 0.46 1
Pkt 345 750 0.46 1
Node 72 30 29.7321
Pkt 46 100 0.46 1
Pkt 58 125 0.464 1
Node 52 58 8.24621
Pkt 221 480 0.460417 1
Pkt 184 400 0.46 1
Node 64 71 25.2389
Pkt 345 750 0.46 1
Pkt 368 800 0.46 1
Node 62 41 15
Pkt 115 250 0.46 1
Pkt 56 120 0.466667 1
Node 40 61 14.8661
Pkt 173 375 0.461333 1
Pkt 138 300 0.46 1
Rate:922.344
==========
==========0
8 0 2 24000
Node 44 49 6.08276
Pkt 58 125 0.464 1
Pkt 74 160 0.4625 1
Node 49 64 14.0357
Pkt 138 300 0.46 1
Pkt 148 320 0.4625 1
Node 43 30 21.1896
Pkt 345 750 0.46 1
Pkt 345 750 0.46 1
Node 57 47 7.61577
Pkt 115 250 0.46 1
Pkt 69 150 0.46 1
Node 31 35 24.2074
Pkt 138 300 0.46 1
Pkt 138 300 0.46 1
Node 54 39 11.7047
Pkt 345 750 0.46 1
Pkt 368 800 0.46 1
Node 27 64 26.9258
Pkt 115 250 0.46 1
Pkt 92 200 0.46 1
Node 39 51 11.0454
Pkt 173 375 0.461333 1
Pkt 173 375 0.461333 1
Rate:921.458
==========
==========1
8 0 2 24000
Node 33 44 18.0278
Pkt 58 125 0.464 1
Pkt 69 150 0.46 1
Node 56 35 16.1555
Pkt 184 400 0.46 1
Pkt 148 320 0.4625 1
Node 49 71 21.0238
Pkt 345 750 0.46 1
Pkt 345 750 0.46 1
Node 54 48 4.47214
Pkt 115 250 0.46 1
Pkt 69 150 0.46 1
Node 50 45 5
Pkt 221 480 0.460417 1
Pkt 138 300 0.46 1
Node 42 36 16.1245
Pkt 368 800 0.46 1
Pkt 368 800 0.46 1
Node 48 44 6.32456
Pkt 74 160 0.4625 1
Pkt 46 100 0.46 1
Node 64 54 14.5602
Pkt 173 375 0.461333 1
Pkt 221 480 0.460417 1
Rate:921.396
==========
==========2
8 0 2 24000
Node 64 61 17.8045
Pkt 58 125 0.464 1
Pkt 56 120 0.466667 1
Node 66 64 21.2603
Pkt 138 300 0.46 1
Pkt 148 320 0.4625 1
Node 69 29 28.3196
Pkt 345 750 0.46 1
Pkt 345 750 0.46 1
Node 28 29 30.4138
Pkt 69 150 0.46 1
Pkt 89 192 0.463542 1
Node 71 31 28.3196
Pkt 173 375 0.461333 1
Pkt 173 375 0.461333 1
Node 47 31 19.2354
Pkt 368 800 0.46 1
Pkt 345 750 0.46 1
Node 48 42 8.24621
Pkt 58 125 0.464 1
Pkt 69 150 0.46 1
Node 64 52 14.1421
Pkt 221 480 0.460417 1
Pkt 173 375 0.461333 1
Rate:923.141
==========
==========3
8 0 2 24000
Node 27 44 23.7697
Pkt 69 150 0.46 1
Pkt 115 250 0.46 1
Node 36 45 14.8661
Pkt 148 320 0.4625 1
Pkt 138 300 0.46 1
Node 56 44 8.48528
Pkt 368 800 0.46 1
Pkt 345 750 0.46 1
Node 71 54 21.3776
Pkt 46 100 0.46 1
Pkt 111 240 0.4625 1
Node 70 54 20.3961
Pkt 148 320 0.4625 1
Pkt 184 400 0.46 1
Node 64 74 27.7849
Pkt 368 800 0.46 1
Pkt 345 750 0.46 1
Node 33 63 21.4009
Pkt 46 100 0.46 1
Pkt 89 192 0.463542 1
Node 39 54 11.7047
Pkt 148 320 0.4625 1
Pkt 148 320 0.4625 1
Rate:922.005
==========
==========4
8 0 2 24000
Node 29 35 25.807
Pkt 89 192 0.463542 1
Pkt 89 192 0.463542 1
Node 56 54 7.2111
Pkt 221 480 0.460417 1
Pkt 138 300 0.46 1
Node 74 36 27.7849
Pkt 345 750 0.46 1
Pkt 345 750 0.46 1
Node 59 36 16.6433
Pkt 74 160 0.4625 1
Pkt 92 200 0.46 1
Node 47 52 3.60555
Pkt 148 320 0.4625 1
Pkt 148 320 0.4625 1
Node 40 42 12.8062
Pkt 345 750 0.46 1
Pkt 345 750 0.46 1
Node 73 43 24.0416
Pkt 69 150 0.46 1
Pkt 74 160 0.4625 1
Node 61 72 24.5967
Pkt 184 400 0.46 1
Pkt 148 320 0.4625 1
Rate:922.5
==========
==========5
8 0 2 24000
Node 28 60 24.1661
Pkt 92 200 0.46 1
Pkt 111 240 0.4625 1
Node 47 58 8.544
Pkt 138 300 0.46 1
Pkt 184 400 0.46 1
Node 39 53 11.4018
Pkt 368 800 0.46 1
Pkt 368 800 0.46 1
Node 57 33 18.3848
Pkt 69 150 0.46 1
Pkt 115 250 0.46 1
Node 67 52 17.1172
Pkt 184 400 0.46 1
Pkt 184 400 0.46 1
Node 27 57 24.0416
Pkt 368 800 0.46 1
Pkt 368 800 0.46 1
Node 45 53 5.83095
Pkt 69 150 0.46 1
Pkt 74 160 0.4625 1
Node 57 49 7.07107
Pkt 148 320 0.4625 1
Pkt 221 480 0.460417 1
Rate:920.99
==========
==========6
8 0 2 24000
Node 69 49 19.0263
Pkt 58 125 0.464 1
Pkt 115 250 0.46 1
Node 33 61 20.2485
Pkt 148 320 0.4625 1
Pkt 138 300 0.46 1
Node 27 32 29.2062
Pkt 368 800 0.46 1
Pkt 368 800 0.46 1
Node 33 29 27.0185
Pkt 115 250 0.46 1
Pkt 111 240 0.4625 1
Node 25 69 31.4006
Pkt 184 400 0.46 1
Pkt 148 320 0.4625 1
Node 29 55 21.587
Pkt 345 750 0.46 1
Pkt 345 750 0.46 1
Node 35 50 15
Pkt 115 250 0.46 1
Pkt 56 120 0.466667 1
Node 35 37 19.8494
Pkt 173 375 0.461333 1
Pkt 173 375 0.461333 1
Rate:922.604
==========
==========7
8 0 2 24000
Node 70 58 21.5407
Pkt 111 240 0.4625 1
Pkt 69 150 0.46 1
Node 49 44 6.08276
Pkt 184 400 0.46 1
Pkt 184 400 0.46 1
Node 32 28 28.4253
Pkt 368 800 0.46 1
Pkt 345 750 0.46 1
Node 39 28 24.5967
Pkt 74 160 0.4625 1
Pkt 74 160 0.4625 1
Node 55 55 7.07107
Pkt 138 300 0.46 1
Pkt 148 320 0.4625 1
Node 46 70 20.3961
Pkt 345 750 0.46 1
Pkt 345 750 0.46 1
Node 36 62 18.4391
Pkt 92 200 0.46 1
Pkt 115 250 0.46 1
Node 54 64 14.5602
Pkt 138 300 0.46 1
Pkt 138 300 0.46 1
Rate:921.25
==========
==========8
8 0 2 24000
Node 57 71 22.1359
Pkt 69 150 0.46 1
Pkt 58 125 0.464 1
Node 59 33 19.2354
Pkt 221 480 0.460417 1
Pkt 221 480 0.460417 1
Node 37 31 23.0217
Pkt 368 800 0.46 1
Pkt 368 800 0.46 1
Node 45 54 6.40312
Pkt 74 160 0.4625 1
Pkt 74 160 0.4625 1
Node 60 61 14.8661
Pkt 184 400 0.46 1
Pkt 148 320 0.4625 1
Node 73 48 23.0868
Pkt 345 750 0.46 1
Pkt 368 800 0.46 1
Node 56 31 19.9249
Pkt 111 240 0.4625 1
Pkt 69 150 0.46 1
Node 42 49 8.06226
Pkt 148 320 0.4625 1
Pkt 221 480 0.460417 1
Rate:922.219
==========
==========9
8 0 2 24000
Node 40 46 10.7703
Pkt 58 125 0.464 1
Pkt 56 120 0.466667 1
Node 70 54 20.3961
Pkt 138 300 0.46 1
Pkt 184 400 0.46 1
Node 35 53 15.2971
Pkt 368 800 0.46 1
Pkt 368 800 0.46 1
Node 42 30 21.5407
Pkt 111 240 0.4625 1
Pkt 74 160 0.4625 1
Node 73 45 23.5372
Pkt 221 480 0.460417 1
Pkt 138 300 0.46 1
Node 58 42 11.3137
Pkt 368 800 0.46 1
Pkt 368 800 0.46 1
Node 69 49 19.0263
Pkt 115 250 0.46 1
Pkt 58 125 0.464 1
Node 68 67 24.7588
Pkt 138 300 0.46 1
Pkt 148 320 0.4625 1
Rate:922.823
==========
==========10
8 0 2 24000
Node 31 65 24.2074
Pkt 111 240 0.4625 1
Pkt 115 250 0.46 1
Node 70 57 21.1896
Pkt 221 480 0.460417 1
Pkt 138 300 0.46 1
Node 48 42 8.24621
Pkt 368 800 0.46 1
Pkt 368 800 0.46 1
Node 70 60 22.3607
Pkt 69 150 0.46 1
Pkt 46 100 0.46 1
Node 67 53 17.2627
Pkt 173 375 0.461333 1
Pkt 221 480 0.460417 1
Node 54 62 12.6491
Pkt 368 800 0.46 1
Pkt 345 750 0.46 1
Node 51 27 23.0217
Pkt 74 160 0.4625 1
Pkt 111 240 0.4625 1
Node 73 64 26.9258
Pkt 148 320 0.4625 1
Pkt 138 300 0.46 1
Rate:921.521
==========
==========11
8 0 2 24000
Node 45 30 20.6155
Pkt 89 192 0.463542 1
Pkt 69 150 0.46 1
Node 64 55 14.8661
Pkt 173 375 0.461333 1
Pkt 184 400 0.46 1
Node 51 51 1.41421
Pkt 368 800 0.46 1
Pkt 345 750 0.46 1
Node 36 30 24.4131
Pkt 58 125 0.464 1
Pkt 89 192 0.463542 1
Node 61 73 25.4951
Pkt 138 300 0.46 1
Pkt 184 400 0.46 1
Node 67 41 19.2354
Pkt 345 750 0.46 1
Pkt 345 750 0.46 1
Node 47 40 10.4403
Pkt 89 192 0.463542 1
Pkt 46 100 0.46 1
Node 59 65 17.4929
Pkt 221 480 0.460417 1
Pkt 184 400 0.46 1
Rate:922.047
==========
==========12
8 0 2 24000
Node 37 61 17.0294
Pkt 92 200 0.46 1
Pkt 92 200 0.46 1
Node 42 51 8.06226
Pkt 184 400 0.46 1
Pkt 173 375 0.461333 1
Node 41 38 15
Pkt 368 800 0.46 1
Pkt 345 750 0.46 1
Node 38 74 26.8328
Pkt 74 160 0.4625 1
Pkt 115 250 0.46 1
Node 72 41 23.7697
Pkt 173 375 0.461333 1
Pkt 221 480 0.460417 1
Node 61 51 11.0454
Pkt 345 750 0.46 1
Pkt 368 800 0.46 1
Node 32 53 18.2483
Pkt 58 125 0.464 1
Pkt 74 160 0.4625 1
Node 67 40 19.7231
Pkt 148 320 0.4625 1
Pkt 184 400 0.46 1
Rate:921.823
==========
==========13
8 0 2 24000
Node 27 42 24.3516
Pkt 56 120 0.466667 1
Pkt 74 160 0.4625 1
Node 32 30 26.9072
Pkt 184 400 0.46 1
Pkt 184 400 0.46 1
Node 40 29 23.2594
Pkt 345 750 0.46 1
Pkt 368 800 0.46 1
Node 26 36 27.7849
Pkt 111 240 0.4625 1
Pkt 111 240 0.4625 1
Node 66 46 16.4924
Pkt 138 300 0.46 1
Pkt 184 400 0.46 1
Node 70 44 20.8806
Pkt 368 800 0.46 1
Pkt 345 750 0.46 1
Node 50 48 2
Pkt 74 160 0.4625 1
Pkt 58 125 0.464 1
Node 74 67 29.4109
Pkt 148 320 0.4625 1
Pkt 184 400 0.46 1
Rate:922.896
==========
==========14
8 0 2 24000
Node 58 33 18.7883
Pkt 58 125 0.464 1
Pkt 46 100 0.46 1
Node 48 54 4.47214
Pkt 184 400 0.46 1
Pkt 221 480 0.460417 1
Node 43 72 23.0868
Pkt 345 750 0.46 1
Pkt 368 800 0.46 1
Node 56 26 24.7386
Pkt 89 192 0.463542 1
Pkt 89 192 0.463542 1
Node 65 72 26.6271
Pkt 184 400 0.46 1
Pkt 138 300 0.46 1
Node 50 63 13
Pkt 368 800 0.46 1
Pkt 345 750 0.46 1
Node 73 47 23.1948
Pkt 92 200 0.46 1
Pkt 92 200 0.46 1
Node 36 42 16.1245
Pkt 138 300 0.46 1
Pkt 221 480 0.460417 1
Rate:921.49
==========
==========15
8 0 2 24000
Node 65 72 26.6271
Pkt 92 200 0.46 1
Pkt 56 120 0.466667 1
Node 31 70 27.5862
Pkt 148 320 0.4625 1
Pkt 148 320 0.4625 1
Node 67 64 22.0227
Pkt 345 750 0.46 1
Pkt 368 800 0.46 1
Node 60 71 23.2594
Pkt 115 250 0.46 1
Pkt 74 160 0.4625 1
Node 52 58 8.24621
Pkt 184 400 0.46 1
Pkt 221 480 0.460417 1
Node 38 63 17.6918
Pkt 345 750 0.46 1
Pkt 368 800 0.46 1
Node 64 53 14.3178
Pkt 56 120 0.466667 1
Pkt 58 125 0.464 1
Node 68 52 18.1108
Pkt 148 320 0.4625 1
Pkt 148 320 0.4625 1
Rate:923.781
==========
==========16
8 0 2 24000
Node 68 58 19.6977
Pkt 115 250 0.46 1
Pkt 92 200 0.46 1
Node 67 66 23.3452
Pkt 221 480 0.460417 1
Pkt 148 320 0.4625 1
Node 32 68 25.4558
Pkt 345 750 0.46 1
Pkt 345 750 0.46 1
Node 26 41 25.632
Pkt 56 120 0.466667 1
Pkt 56 120 0.466667 1
Node 34 28 27.2029
Pkt 173 375 0.461333 1
Pkt 173 375 0.461333 1
Node 38 28 25.0599
Pkt 368 800 0.46 1
Pkt 345 750 0.46 1
Node 67 60 19.7231
Pkt 92 200 0.46 1
Pkt 56 120 0.466667 1
Node 38 36 18.4391
Pkt 173 375 0.461333 1
Pkt 138 300 0.46 1
Rate:923.365
==========
==========17
8 0 2 24000
Node 63 47 13.3417
Pkt 56 120 0.466667 1
Pkt 74 160 0.4625 1
Node 39 30 22.8254
Pkt 173 375 0.461333 1
Pkt 221 480 0.460417 1
Node 65 39 18.6011
Pkt 368 800 0.46 1
Pkt 345 750 0.46 1
Node 54 67 17.4642
Pkt 69 150 0.46 1
Pkt 74 160 0.4625 1
Node 71 66 26.4008
Pkt 148 320 0.4625 1
Pkt 173 375 0.461333 1
Node 38 27 25.9422
Pkt 345 750 0.46 1
Pkt 368 800 0.46 1
Node 60 41 13.4536
Pkt 89 192 0.463542 1
Pkt 115 250 0.46 1
Node 57 58 10.6301
Pkt 138 300 0.46 1
Pkt 221 480 0.460417 1
Rate:922.651
==========
==========18
8 0 2 24000
Node 55 41 10.2956
Pkt 92 200 0.46 1
Pkt 69 150 0.46 1
Node 51 62 12.0416
Pkt 173 375 0.461333 1
Pkt 221 480 0.460417 1
Node 72 55 22.561
Pkt 368 800 0.46 1
Pkt 345 750 0.46 1
Node 27 51 23.0217
Pkt 46 100 0.46 1
Pkt 111 240 0.4625 1
Node 50 51 1
Pkt 221 480 0.460417 1
Pkt 221 480 0.460417 1
Node 67 48 17.1172
Pkt 368 800 0.46 1
Pkt 345 750 0.46 1
Node 50 66 16
Pkt 69 150 0.46 1
Pkt 115 250 0.46 1
Node 74 52 24.0832
Pkt 184 400 0.46 1
Pkt 173 375 0.461333 1
Rate:920.802
==========
==========19
8 0 2 24000
Node 37 67 21.4009
Pkt 89 192 0.463542 1
Pkt 111 240 0.4625 1
Node 25 62 27.7308
Pkt 221 480 0.460417 1
Pkt 148 320 0.4625 1
Node 45 43 8.60233
Pkt 345 750 0.46 1
Pkt 368 800 0.46 1
Node 26 47 24.1868
Pkt 46 100 0.46 1
Pkt 46 100 0.46 1
Node 55 74 24.5153
Pkt 148 320 0.4625 1
Pkt 148 320 0.4625 1
Node 42 39 13.6015
Pkt 345 750 0.46 1
Pkt 345 750 0.46 1
Node 32 56 18.9737
Pkt 89 192 0.463542 1
Pkt 46 100 0.46 1
Node 63 41 15.8114
Pkt 184 400 0.46 1
Pkt 173 375 0.461333 1
Rate:922.354
==========
==========20
8 0 2 24000
Node 27 27 32.5269
Pkt 89 192 0.463542 1
Pkt 69 150 0.46 1
Node 55 40 11.1803
Pkt 138 300 0.46 1
Pkt 221 480 0.460417 1
Node 52 66 16.1245
Pkt 345 750 0.46 1
Pkt 368 800 0.46 1
Node 57 69 20.2485
Pkt 58 125 0.464 1
Pkt 89 192 0.463542 1
Node 70 39 22.8254
Pkt 184 400 0.46 1
Pkt 184 400 0.46 1
Node 74 72 32.5576
Pkt 345 750 0.46 1
Pkt 368 800 0.46 1
Node 43 56 9.21954
Pkt 89 192 0.463542 1
Pkt 74 160 0.4625 1
Node 30 32 26.9072
Pkt 138 300 0.46 1
Pkt 173 375 0.461333 1
Rate:922.359
==========
==========21
8 0 2 24000
Node 27 57 24.0416
Pkt 115 250 0.46 1
Pkt 92 200 0.46 1
Node 58 72 23.4094
Pkt 138 300 0.46 1
Pkt 221 480 0.460417 1
Node 68 26 30
Pkt 368 800 0.46 1
Pkt 345 750 0.46 1
Node 34 25 29.6816
Pkt 111 240 0.4625 1
Pkt 111 240 0.4625 1
Node 68 36 22.8035
Pkt 148 320 0.4625 1
Pkt 221 480 0.460417 1
Node 55 51 5.09902
Pkt 368 800 0.46 1
Pkt 345 750 0.46 1
Node 32 58 19.6977
Pkt 89 192 0.463542 1
Pkt 69 150 0.46 1
Node 31 44 19.9249
Pkt 221 480 0.460417 1
Pkt 221 480 0.460417 1
Rate:921.589
==========
==========22
8 0 2 24000
Node 62 46 12.6491
Pkt 46 100 0.46 1
Pkt 56 120 0.466667 1
Node 31 68 26.1725
Pkt 173 375 0.461333 1
Pkt 148 320 0.4625 1
Node 51 67 17.0294
Pkt 368 800 0.46 1
Pkt 345 750 0.46 1
Node 55 28 22.561
Pkt 69 150 0.46 1
Pkt 56 120 0.466667 1
Node 30 40 22.3607
Pkt 148 320 0.4625 1
Pkt 138 300 0.46 1
Node 68 67 24.7588
Pkt 345 750 0.46 1
Pkt 345 750 0.46 1
Node 62 35 19.2094
Pkt 46 100 0.46 1
Pkt 74 160 0.4625 1
Node 54 66 16.4924
Pkt 148 320 0.4625 1
Pkt 221 480 0.460417 1
Rate:923.135
==========
==========23
8 0 2 24000
Node 60 62 15.6205
Pkt 56 120 0.466667 1
Pkt 92 200 0.46 1
Node 43 33 18.3848
Pkt 148 320 0.4625 1
Pkt 138 300 0.46 1
Node 63 67 21.4009
Pkt 345 750 0.46 1
Pkt 345 750 0.46 1
Node 54 30 20.3961
Pkt 74 160 0.4625 1
Pkt 89 192 0.463542 1
Node 69 73 29.8329
Pkt 221 480 0.460417 1
Pkt 173 375 0.461333 1
Node 42 34 17.8885
Pkt 368 800 0.46 1
Pkt 345 750 0.46 1
Node 51 27 23.0217
Pkt 56 120 0.466667 1
Pkt 92 200 0.46 1
Node 32 74 30
Pkt 138 300 0.46 1
Pkt 138 300 0.46 1
Rate:922.953
==========
==========24
8 0 2 24000
Node 30 74 31.241
Pkt 74 160 0.4625 1
Pkt 46 100 0.46 1
Node 71 26 31.8904
Pkt 148 320 0.4625 1
Pkt 173 375 0.461333 1
Node 27 58 24.3516
Pkt 345 750 0.46 1
Pkt 345 750 0.46 1
Node 29 50 21
Pkt 69 150 0.46 1
Pkt 56 120 0.466667 1
Node 68 60 20.5913
Pkt 148 320 0.4625 1
Pkt 148 320 0.4625 1
Node 55 54 6.40312
Pkt 345 750 0.46 1
Pkt 345 750 0.46 1
Node 70 34 25.6125
Pkt 69 150 0.46 1
Pkt 89 192 0.463542 1
Node 25 39 27.313
Pkt 173 375 0.461333 1
Pkt 221 480 0.460417 1
Rate:922.911
==========
==========25
8 0 2 24000
Node 49 26 24.0208
Pkt 74 160 0.4625 1
Pkt 92 200 0.46 1
Node 30 41 21.9317
Pkt 173 375 0.461333 1
Pkt 148 320 0.4625 1
Node 44 56 8.48528
Pkt 368 800 0.46 1
Pkt 368 800 0.46 1
Node 73 51 23.0217
Pkt 46 100 0.46 1
Pkt 46 100 0.46 1
Node 51 48 2.23607
Pkt 184 400 0.46 1
Pkt 221 480 0.460417 1
Node 45 73 23.5372
Pkt 368 800 0.46 1
Pkt 345 750 0.46 1
Node 26 30 31.241
Pkt 46 100 0.46 1
Pkt 92 200 0.46 1
Node 55 56 7.81025
Pkt 184 400 0.46 1
Pkt 138 300 0.46 1
Rate:920.844
==========
==========26
8 0 2 24000
Node 26 43 25
Pkt 58 125 0.464 1
Pkt 58 125 0.464 1
Node 43 64 15.6525
Pkt 138 300 0.46 1
Pkt 184 400 0.46 1
Node 46 39 11.7047
Pkt 368 800 0.46 1
Pkt 345 750 0.46 1
Node 63 54 13.6015
Pkt 56 120 0.466667 1
Pkt 74 160 0.4625 1
Node 43 51 7.07107
Pkt 138 300 0.46 1
Pkt 184 400 0.46 1
Node 32 34 24.0832
Pkt 345 750 0.46 1
Pkt 368 800 0.46 1
Node 48 33 17.1172
Pkt 111 240 0.4625 1
Pkt 92 200 0.46 1
Node 62 27 25.9422
Pkt 173 375 0.461333 1
Pkt 173 375 0.461333 1
Rate:922.792
==========
==========27
8 0 2 24000
Node 53 39 11.4018
Pkt 111 240 0.4625 1
Pkt 111 240 0.4625 1
Node 64 52 14.1421
Pkt 138 300 0.46 1
Pkt 184 400 0.46 1
Node 49 44 6.08276
Pkt 368 800 0.46 1
Pkt 368 800 0.46 1
Node 36 26 27.7849
Pkt 56 120 0.466667 1
Pkt 58 125 0.464 1
Node 57 67 18.3848
Pkt 173 375 0.461333 1
Pkt 138 300 0.46 1
Node 45 47 5.83095
Pkt 345 750 0.46 1
Pkt 368 800 0.46 1
Node 66 41 18.3576
Pkt 111 240 0.4625 1
Pkt 74 160 0.4625 1
Node 45 72 22.561
Pkt 148 320 0.4625 1
Pkt 138 300 0.46 1
Rate:923.063
==========
==========28
8 0 2 24000
Node 53 30 20.2237
Pkt 111 240 0.4625 1
Pkt 56 120 0.466667 1
Node 57 30 21.1896
Pkt 173 375 0.461333 1
Pkt 184 400 0.46 1
Node 30 59 21.9317
Pkt 345 750 0.46 1
Pkt 368 800 0.46 1
Node 39 29 23.7065
Pkt 56 120 0.466667 1
Pkt 115 250 0.46 1
Node 39 43 13.0384
Pkt 184 400 0.46 1
Pkt 221 480 0.460417 1
Node 31 44 19.9249
Pkt 345 750 0.46 1
Pkt 345 750 0.46 1
Node 28 65 26.6271
Pkt 74 160 0.4625 1
Pkt 115 250 0.46 1
Node 64 44 15.2315
Pkt 173 375 0.461333 1
Pkt 184 400 0.46 1
Rate:922.677
==========
==========29
8 0 2 24000
Node 62 59 15
Pkt 56 120 0.466667 1
Pkt 56 120 0.466667 1
Node 51 29 21.0238
Pkt 138 300 0.46 1
Pkt 173 375 0.461333 1
Node 70 60 22.3607
Pkt 368 800 0.46 1
Pkt 345 750 0.46 1
Node 37 38 17.6918
Pkt 89 192 0.463542 1
Pkt 115 250 0.46 1
Node 50 41 9
Pkt 184 400 0.46 1
Pkt 138 300 0.46 1
Node 60 65 18.0278
Pkt 345 750 0.46 1
Pkt 345 750 0.46 1
Node 58 47 8.544
Pkt 69 150 0.46 1
Pkt 74 160 0.4625 1
Node 74 74 33.9411
Pkt 221 480 0.460417 1
Pkt 173 375 0.461333 1
Rate:922.807
==========
==========30
8 0 2 24000
Node 62 41 15
Pkt 89 192 0.463542 1
Pkt 111 240 0.4625 1
Node 44 71 21.8403
Pkt 184 400 0.46 1
Pkt 221 480 0.460417 1
Node 61 62 16.2788
Pkt 368 800 0.46 1
Pkt 345 750 0.46 1
Node 39 55 12.083
Pkt 111 240 0.4625 1
Pkt 89 192 0.463542 1
Node 66 66 22.6274
Pkt 221 480 0.460417 1
Pkt 138 300 0.46 1
Node 60 43 12.2066
Pkt 368 800 0.46 1
Pkt 345 750 0.46 1
Node 63 59 15.8114
Pkt 46 100 0.46 1
Pkt 58 125 0.464 1
Node 48 32 18.1108
Pkt 138 300 0.46 1
Pkt 184 400 0.46 1
Rate:922.115
==========
==========31
8 0 2 24000
Node 26 62 26.8328
Pkt 115 250 0.46 1
Pkt 46 100 0.46 1
Node 69 63 23.0217
Pkt 221 480 0.460417 1
Pkt 138 300 0.46 1
Node 54 67 17.4642
Pkt 345 750 0.46 1
Pkt 368 800 0.46 1
Node 27 65 27.4591
Pkt 89 192 0.463542 1
Pkt 111 240 0.4625 1
Node 28 70 29.7321
Pkt 184 400 0.46 1
Pkt 184 400 0.46 1
Node 55 37 13.9284
Pkt 368 800 0.46 1
Pkt 368 800 0.46 1
Node 25 61 27.313
Pkt 56 120 0.466667 1
Pkt 111 240 0.4625 1
Node 54 44 7.2111
Pkt 138 300 0.46 1
Pkt 173 375 0.461333 1
Rate:922.12
==========
==========32
8 0 2 24000
Node 44 74 24.7386
Pkt 56 120 0.466667 1
Pkt 56 120 0.466667 1
Node 44 33 18.0278
Pkt 184 400 0.46 1
Pkt 184 400 0.46 1
Node 67 29 27.0185
Pkt 345 750 0.46 1
Pkt 368 800 0.46 1
Node 28 66 27.2029
Pkt 58 125 0.464 1
Pkt 56 120 0.466667 1
Node 63 50 13
Pkt 138 300 0.46 1
Pkt 148 320 0.4625 1
Node 51 65 15.0333
Pkt 345 750 0.46 1
Pkt 368 800 0.46 1
Node 37 67 21.4009
Pkt 58 125 0.464 1
Pkt 58 125 0.464 1
Node 45 62 13
Pkt 221 480 0.460417 1
Pkt 173 375 0.461333 1
Rate:924.531
==========
==========33
8 0 2 24000
Node 44 51 6.08276
Pkt 89 192 0.463542 1
Pkt 56 120 0.466667 1
Node 60 69 21.4709
Pkt 138 300 0.46 1
Pkt 184 400 0.46 1
Node 37 70 23.8537
Pkt 345 750 0.46 1
Pkt 345 750 0.46 1
Node 27 28 31.8277
Pkt 69 150 0.46 1
Pkt 58 125 0.464 1
Node 50 57 7
Pkt 221 480 0.460417 1
Pkt 221 480 0.460417 1
Node 58 52 8.24621
Pkt 368 800 0.46 1
Pkt 345 750 0.46 1
Node 30 54 20.3961
Pkt 74 160 0.4625 1
Pkt 69 150 0.46 1
Node 46 48 4.47214
Pkt 221 480 0.460417 1
Pkt 221 480 0.460417 1
Rate:922.297
==========
==========34
8 0 2 24000
Node 59 72 23.7697
Pkt 69 150 0.46 1
Pkt 46 100 0.46 1
Node 69 39 21.9545
Pkt 173 375 0.461333 1
Pkt 184 400 0.46 1
Node 25 73 33.9706
Pkt 345 750 0.46 1
Pkt 368 800 0.46 1
Node 43 61 13.0384
Pkt 58 125 0.464 1
Pkt 89 192 0.463542 1
Node 63 35 19.8494
Pkt 184 400 0.46 1
Pkt 138 300 0.46 1
Node 43 44 9.21954
Pkt 345 750 0.46 1
Pkt 368 800 0.46 1
Node 57 65 16.5529
Pkt 58 125 0.464 1
Pkt 115 250 0.46 1
Node 37 54 13.6015
Pkt 138 300 0.46 1
Pkt 173 375 0.461333 1
Rate:921.776
==========
==========35
8 0 2 24000
Node 73 40 25.0799
Pkt 89 192 0.463542 1
Pkt 74 160 0.4625 1
Node 31 69 26.8701
Pkt 148 320 0.4625 1
Pkt 184 400 0.46 1
Node 29 49 21.0238
Pkt 345 750 0.46 1
Pkt 368 800 0.46 1
Node 66 47 16.2788
Pkt 56 120 0.466667 1
Pkt 69 150 0.46 1
Node 30 54 20.3961
Pkt 173 375 0.461333 1
Pkt 184 400 0.46 1
Node 52 64 14.1421
Pkt 368 800 0.46 1
Pkt 368 800 0.46 1
Node 42 25 26.2488
Pkt 46 100 0.46 1
Pkt 89 192 0.463542 1
Node 38 49 12.0416
Pkt 138 300 0.46 1
Pkt 148 320 0.4625 1
Rate:922.823
==========
==========36
8 0 2 24000
Node 64 58 16.1245
Pkt 111 240 0.4625 1
Pkt 92 200 0.46 1
Node 72 30 29.7321
Pkt 138 300 0.46 1
Pkt 221 480 0.460417 1
Node 53 47 4.24264
Pkt 345 750 0.46 1
Pkt 345 750 0.46 1
Node 35 25 29.1548
Pkt 89 192 0.463542 1
Pkt 46 100 0.46 1
Node 40 68 20.5913
Pkt 184 400 0.46 1
Pkt 148 320 0.4625 1
Node 61 41 14.2127
Pkt 345 750 0.46 1
Pkt 345 750 0.46 1
Node 53 62 12.3693
Pkt 74 160 0.4625 1
Pkt 46 100 0.46 1
Node 28 42 23.4094
Pkt 138 300 0.46 1
Pkt 184 400 0.46 1
Rate:921.432
==========
==========37
8 0 2 24000
Node 66 61 19.4165
Pkt 46 100 0.46 1
Pkt 111 240 0.4625 1
Node 68 55 18.6815
Pkt 173 375 0.461333 1
Pkt 184 400 0.46 1
Node 69 55 19.6469
Pkt 368 800 0.46 1
Pkt 368 800 0.46 1
Node 34 50 16
Pkt 111 240 0.4625 1
Pkt 56 120 0.466667 1
Node 60 35 18.0278
Pkt 184 400 0.46 1
Pkt 138 300 0.46 1
Node 62 71 24.1868
Pkt 345 750 0.46 1
Pkt 345 750 0.46 1
Node 29 28 30.4138
Pkt 58 125 0.464 1
Pkt 89 192 0.463542 1
Node 72 46 22.3607
Pkt 173 375 0.461333 1
Pkt 173 375 0.461333 1
Rate:922.901
==========
==========38
8 0 2 24000
Node 67 31 25.4951
Pkt 69 150 0.46 1
Pkt 58 125 0.464 1
Node 62 35 19.2094
Pkt 173 375 0.461333 1
Pkt 221 480 0.460417 1
Node 35 52 15.1327
Pkt 368 800 0.46 1
Pkt 345 750 0.46 1
Node 64 61 17.8045
Pkt 56 120 0.466667 1
Pkt 58 125 0.464 1
Node 67 59 19.2354
Pkt 184 400 0.46 1
Pkt 221 480 0.460417 1
Node 57 32 19.3132
Pkt 368 800 0.46 1
Pkt 345 750 0.46 1
Node 57 38 13.8924
Pkt 56 120 0.466667 1
Pkt 74 160 0.4625 1
Node 47 63 13.3417
Pkt 148 320 0.4625 1
Pkt 173 375 0.461333 1
Rate:923.729
==========
==========39
8 0 2 24000
Node 34 50 16
Pkt 58 125 0.464 1
Pkt 58 125 0.464 1
Node 59 53 9.48683
Pkt 221 480 0.460417 1
Pkt 138 300 0.46 1
Node 60 55 11.1803
Pkt 345 750 0.46 1
Pkt 345 750 0.46 1
Node 45 71 21.587
Pkt 46 100 0.46 1
Pkt 111 240 0.4625 1
Node 30 37 23.8537
Pkt 138 300 0.46 1
Pkt 148 320 0.4625 1
Node 26 56 24.7386
Pkt 345 750 0.46 1
Pkt 368 800 0.46 1
Node 55 51 5.09902
Pkt 74 160 0.4625 1
Pkt 58 125 0.464 1
Node 41 74 25.632
Pkt 148 320 0.4625 1
Pkt 148 320 0.4625 1
Rate:923.115
==========
==========40
8 0 2 24000
Node 34 69 24.8395
Pkt 89 192 0.463542 1
Pkt 69 150 0.46 1
Node 51 68 18.0278
Pkt 221 480 0.460417 1
Pkt 184 400 0.46 1
Node 52 62 12.1655
Pkt 368 800 0.46 1
Pkt 368 800 0.46 1
Node 32 63 22.2036
Pkt 56 120 0.466667 1
Pkt 69 150 0.46 1
Node 29 53 21.2132
Pkt 221 480 0.460417 1
Pkt 173 375 0.461333 1
Node 25 62 27.7308
Pkt 345 750 0.46 1
Pkt 368 800 0.46 1
Node 47 48 3.60555
Pkt 58 125 0.464 1
Pkt 56 120 0.466667 1
Node 61 46 11.7047
Pkt 138 300 0.46 1
Pkt 148 320 0.4625 1
Rate:923.193
==========
==========41
8 0 2 24000
Node 46 33 17.4642
Pkt 89 192 0.463542 1
Pkt 69 150 0.46 1
Node 43 53 7.61577
Pkt 184 400 0.46 1
Pkt 138 300 0.46 1
Node 73 41 24.6982
Pkt 368 800 0.46 1
Pkt 368 800 0.46 1
Node 45 70 20.6155
Pkt 111 240 0.4625 1
Pkt 115 250 0.46 1
Node 56 44 8.48528
Pkt 148 320 0.4625 1
Pkt 173 375 0.461333 1
Node 28 71 30.4138
Pkt 345 750 0.46 1
Pkt 368 800 0.46 1
Node 61 46 11.7047
Pkt 56 120 0.466667 1
Pkt 74 160 0.4625 1
Node 71 66 26.4008
Pkt 173 375 0.461333 1
Pkt 221 480 0.460417 1
Rate:922.599
==========
==========42
8 0 2 24000
Node 38 67 20.8087
Pkt 89 192 0.463542 1
Pkt 46 100 0.46 1
Node 69 33 25.4951
Pkt 221 480 0.460417 1
Pkt 138 300 0.46 1
Node 58 41 12.0416
Pkt 368 800 0.46 1
Pkt 345 750 0.46 1
Node 63 32 22.2036
Pkt 111 240 0.4625 1
Pkt 89 192 0.463542 1
Node 66 28 27.2029
Pkt 221 480 0.460417 1
Pkt 173 375 0.461333 1
Node 42 36 16.1245
Pkt 368 800 0.46 1
Pkt 368 800 0.46 1
Node 29 33 27.0185
Pkt 111 240 0.4625 1
Pkt 74 160 0.4625 1
Node 45 42 9.43398
Pkt 173 375 0.461333 1
Pkt 221 480 0.460417 1
Rate:922.313
==========
==========43
8 0 2 24000
Node 30 53 20.2237
Pkt 58 125 0.464 1
Pkt 46 100 0.46 1
Node 73 42 24.3516
Pkt 138 300 0.46 1
Pkt 148 320 0.4625 1
Node 60 34 18.868
Pkt 345 750 0.46 1
Pkt 368 800 0.46 1
Node 41 61 14.2127
Pkt 56 120 0.466667 1
Pkt 58 125 0.464 1
Node 40 63 16.4012
Pkt 184 400 0.46 1
Pkt 221 480 0.460417 1
Node 67 51 17.0294
Pkt 345 750 0.46 1
Pkt 345 750 0.46 1
Node 73 26 33.2415
Pkt 46 100 0.46 1
Pkt 111 240 0.4625 1
Node 73 65 27.4591
Pkt 148 320 0.4625 1
Pkt 221 480 0.460417 1
Rate:922.875
==========
==========44
8 0 2 24000
Node 58 43 10.6301
Pkt 92 200 0.46 1
Pkt 92 200 0.46 1
Node 65 59 17.4929
Pkt 173 375 0.461333 1
Pkt 148 320 0.4625 1
Node 26 72 32.5576
Pkt 368 800 0.46 1
Pkt 345 750 0.46 1
Node 66 53 16.2788
Pkt 115 250 0.46 1
Pkt 115 250 0.46 1
Node 34 27 28.0179
Pkt 184 400 0.46 1
Pkt 138 300 0.46 1
Node 35 50 15
Pkt 345 750 0.46 1
Pkt 368 800 0.46 1
Node 51 47 3.16228
Pkt 115 250 0.46 1
Pkt 111 240 0.4625 1
Node 64 66 21.2603
Pkt 184 400 0.46 1
Pkt 184 400 0.46 1
Rate:920.792
==========
==========45
8 0 2 24000
Node 42 34 17.8885
Pkt 46 100 0.46 1
Pkt 111 240 0.4625 1
Node 46 68 18.4391
Pkt 138 300 0.46 1
Pkt 221 480 0.460417 1
Node 55 56 7.81025
Pkt 368 800 0.46 1
Pkt 345 750 0.46 1
Node 26 46 24.3311
Pkt 58 125 0.464 1
Pkt 89 192 0.463542 1
Node 28 35 26.6271
Pkt 221 480 0.460417 1
Pkt 173 375 0.461333 1
Node 73 43 24.0416
Pkt 345 750 0.46 1
Pkt 345 750 0.46 1
Node 51 55 5.09902
Pkt 56 120 0.466667 1
Pkt 58 125 0.464 1
Node 38 45 13
Pkt 138 300 0.46 1
Pkt 148 320 0.4625 1
Rate:923.172
==========
==========46
8 0 2 24000
Node 46 46 5.65685
Pkt 111 240 0.4625 1
Pkt 89 192 0.463542 1
Node 32 43 19.3132
Pkt 138 300 0.46 1
Pkt 138 300 0.46 1
Node 26 45 24.5153
Pkt 368 800 0.46 1
Pkt 345 750 0.46 1
Node 48 49 2.23607
Pkt 46 100 0.46 1
Pkt 69 150 0.46 1
Node 33 59 19.2354
Pkt 173 375 0.461333 1
Pkt 221 480 0.460417 1
Node 43 37 14.7648
Pkt 345 750 0.46 1
Pkt 368 800 0.46 1
Node 29 25 32.6497
Pkt 115 250 0.46 1
Pkt 46 100 0.46 1
Node 56 67 18.0278
Pkt 184 400 0.46 1
Pkt 173 375 0.461333 1
Rate:921.141
==========
==========47
8 0 2 24000
Node 44 37 14.3178
Pkt 92 200 0.46 1
Pkt 58 125 0.464 1
Node 51 68 18.0278
Pkt 184 400 0.46 1
Pkt 184 400 0.46 1
Node 67 41 19.2354
Pkt 368 800 0.46 1
Pkt 345 750 0.46 1
Node 36 45 14.8661
Pkt 56 120 0.466667 1
Pkt 69 150 0.46 1
Node 41 32 20.1246
Pkt 184 400 0.46 1
Pkt 173 375 0.461333 1
Node 66 74 28.8444
Pkt 345 750 0.46 1
Pkt 345 750 0.46 1
Node 37 71 24.6982
Pkt 58 125 0.464 1
Pkt 115 250 0.46 1
Node 37 29 24.6982
Pkt 173 375 0.461333 1
Pkt 148 320 0.4625 1
Rate:922.479
==========
==========48
8 0 2 24000
Node 68 28 28.4253
Pkt 115 250 0.46 1
Pkt 58 125 0.464 1
Node 43 54 8.06226
Pkt 148 320 0.4625 1
Pkt 221 480 0.460417 1
Node 35 37 19.8494
Pkt 368 800 0.46 1
Pkt 368 800 0.46 1
Node 57 48 7.28011
Pkt 69 150 0.46 1
Pkt 111 240 0.4625 1
Node 25 33 30.2324
Pkt 138 300 0.46 1
Pkt 148 320 0.4625 1
Node 53 28 22.2036
Pkt 345 750 0.46 1
Pkt 345 750 0.46 1
Node 25 42 26.2488
Pkt 69 150 0.46 1
Pkt 74 160 0.4625 1
Node 64 32 22.8035
Pkt 221 480 0.460417 1
Pkt 184 400 0.46 1
Rate:921.854
==========
==========49
8 0 2 24000
Node 67 53 17.2627
Pkt 69 150 0.46 1
Pkt 111 240 0.4625 1
Node 33 57 18.3848
Pkt 221 480 0.460417 1
Pkt 148 320 0.4625 1
Node 49 27 23.0217
Pkt 368 800 0.46 1
Pkt 368 800 0.46 1
Node 72 41 23.7697
Pkt 92 200 0.46 1
Pkt 115 250 0.46 1
Node 54 49 4.12311
Pkt 148 320 0.4625 1
Pkt 173 375 0.461333 1
Node 68 64 22.8035
Pkt 368 800 0.46 1
Pkt 368 800 0.46 1
Node 51 56 6.08276
Pkt 58 125 0.464 1
Pkt 46 100 0.46 1
Node 42 29 22.4722
Pkt 148 320 0.4625 1
Pkt 184 400 0.46 1
Rate:921.969
==========
==========50
8 0 2 24000
Node 34 26 28.8444
Pkt 69 150 0.46 1
Pkt 89 192 0.463542 1
Node 73 46 23.3452
Pkt 184 400 0.46 1
Pkt 148 320 0.4625 1
Node 65 68 23.4307
Pkt 345 750 0.46 1
Pkt 368 800 0.46 1
Node 35 59 17.4929
Pkt 92 200 0.46 1
Pkt 89 192 0.463542 1
Node 37 49 13.0384
Pkt 221 480 0.460417 1
Pkt 173 375 0.461333 1
Node 31 33 25.4951
Pkt 345 750 0.46 1
Pkt 345 750 0.46 1
Node 53 48 3.60555
Pkt 69 150 0.46 1
Pkt 111 240 0.4625 1
Node 67 67 24.0416
Pkt 221 480 0.460417 1
Pkt 173 375 0.461333 1
Rate:921.948
==========
==========51
8 0 2 24000
Node 73 30 30.4795
Pkt 115 250 0.46 1
Pkt 111 240 0.4625 1
Node 62 59 15
Pkt 184 400 0.46 1
Pkt 138 300 0.46 1
Node 31 48 19.105
Pkt 345 750 0.46 1
Pkt 368 800 0.46 1
Node 29 74 31.8904
Pkt 56 120 0.466667 1
Pkt 69 150 0.46 1
Node 36 62 18.4391
Pkt 148 320 0.4625 1
Pkt 138 300 0.46 1
Node 28 57 23.0868
Pkt 368 800 0.46 1
Pkt 345 750 0.46 1
Node 57 51 7.07107
Pkt 56 120 0.466667 1
Pkt 74 160 0.4625 1
Node 28 58 23.4094
Pkt 184 400 0.46 1
Pkt 184 400 0.46 1
Rate:922.604
==========
==========52
8 0 2 24000
Node 55 32 18.6815
Pkt 69 150 0.46 1
Pkt 69 150 0.46 1
Node 63 43 14.7648
Pkt 184 400 0.46 1
Pkt 148 320 0.4625 1
Node 64 73 26.9258
Pkt 368 800 0.46 1
Pkt 368 800 0.46 1
Node 48 30 20.0998
Pkt 74 160 0.4625 1
Pkt 46 100 0.46 1
Node 27 41 24.6982
Pkt 148 320 0.4625 1
Pkt 184 400 0.46 1
Node 32 28 28.4253
Pkt 368 800 0.46 1
Pkt 345 750 0.46 1
Node 48 73 23.0868
Pkt 115 250 0.46 1
Pkt 111 240 0.4625 1
Node 29 52 21.095
Pkt 173 375 0.461333 1
Pkt 184 400 0.46 1
Rate:921.417
==========
==========53
8 0 2 24000
Node 34 69 24.8395
Pkt 115 250 0.46 1
Pkt 115 250 0.46 1
Node 35 59 17.4929
Pkt 138 300 0.46 1
Pkt 138 300 0.46 1
Node 74 52 24.0832
Pkt 345 750 0.46 1
Pkt 368 800 0.46 1
Node 28 64 26.0768
Pkt 92 200 0.46 1
Pkt 56 120 0.466667 1
Node 31 55 19.6469
Pkt 138 300 0.46 1
Pkt 184 400 0.46 1
Node 62 34 20
Pkt 368 800 0.46 1
Pkt 368 800 0.46 1
Node 72 67 27.8029
Pkt 115 250 0.46 1
Pkt 92 200 0.46 1
Node 38 68 21.6333
Pkt 148 320 0.4625 1
Pkt 148 320 0.4625 1
Rate:921.458
==========
==========54
8 0 2 24000
Node 66 48 16.1245
Pkt 69 150 0.46 1
Pkt 69 150 0.46 1
Node 72 64 26.0768
Pkt 184 400 0.46 1
Pkt 184 400 0.46 1
Node 63 51 13.0384
Pkt 345 750 0.46 1
Pkt 345 750 0.46 1
Node 51 69 19.0263
Pkt 46 100 0.46 1
Pkt 92 200 0.46 1
Node 60 60 14.1421
Pkt 184 400 0.46 1
Pkt 173 375 0.461333 1
Node 74 31 30.6105
Pkt 368 800 0.46 1
Pkt 368 800 0.46 1
Node 59 72 23.7697
Pkt 46 100 0.46 1
Pkt 115 250 0.46 1
Node 36 49 14.0357
Pkt 148 320 0.4625 1
Pkt 221 480 0.460417 1
Rate:920.531
==========
==========55
8 0 2 24000
Node 66 25 29.6816
Pkt 111 240 0.4625 1
Pkt 92 200 0.46 1
Node 27 40 25.0799
Pkt 184 400 0.46 1
Pkt 173 375 0.461333 1
Node 65 42 17
Pkt 345 750 0.46 1
Pkt 368 800 0.46 1
Node 64 32 22.8035
Pkt 56 120 0.466667 1
Pkt 69 150 0.46 1
Node 67 37 21.4009
Pkt 138 300 0.46 1
Pkt 148 320 0.4625 1
Node 73 68 29.2062
Pkt 368 800 0.46 1
Pkt 345 750 0.46 1
Node 36 31 23.6008
Pkt 69 150 0.46 1
Pkt 56 120 0.466667 1
Node 64 70 24.4131
Pkt 148 320 0.4625 1
Pkt 184 400 0.46 1
Rate:922.771
==========
==========56
8 0 2 24000
Node 50 47 3
Pkt 111 240 0.4625 1
Pkt 89 192 0.463542 1
Node 47 74 24.1868
Pkt 148 320 0.4625 1
Pkt 148 320 0.4625 1
Node 67 65 22.6716
Pkt 345 750 0.46 1
Pkt 368 800 0.46 1
Node 67 32 24.7588
Pkt 92 200 0.46 1
Pkt 69 150 0.46 1
Node 26 48 24.0832
Pkt 148 320 0.4625 1
Pkt 173 375 0.461333 1
Node 50 62 12
Pkt 345 750 0.46 1
Pkt 368 800 0.46 1
Node 38 64 18.4391
Pkt 69 150 0.46 1
Pkt 89 192 0.463542 1
Node 65 39 18.6011
Pkt 184 400 0.46 1
Pkt 138 300 0.46 1
Rate:922.302
==========
==========57
8 0 2 24000
Node 57 67 18.3848
Pkt 111 240 0.4625 1
Pkt 89 192 0.463542 1
Node 73 46 23.3452
Pkt 148 320 0.4625 1
Pkt 138 300 0.46 1
Node 30 51 20.025
Pkt 368 800 0.46 1
Pkt 345 750 0.46 1
Node 32 43 19.3132
Pkt 92 200 0.46 1
Pkt 111 240 0.4625 1
Node 46 34 16.4924
Pkt 221 480 0.460417 1
Pkt 138 300 0.46 1
Node 32 58 19.6977
Pkt 345 750 0.46 1
Pkt 345 750 0.46 1
Node 53 34 16.2788
Pkt 46 100 0.46 1
Pkt 111 240 0.4625 1
Node 58 35 17
Pkt 221 480 0.460417 1
Pkt 173 375 0.461333 1
Rate:921.964
==========
==========58
8 0 2 24000
Node 45 58 9.43398
Pkt 74 160 0.4625 1
Pkt 89 192 0.463542 1
Node 41 55 10.2956
Pkt 221 480 0.460417 1
Pkt 173 375 0.461333 1
Node 39 45 12.083
Pkt 368 800 0.46 1
Pkt 345 750 0.46 1
Node 43 45 8.60233
Pkt 46 100 0.46 1
Pkt 74 160 0.4625 1
Node 43 66 17.4642
Pkt 148 320 0.4625 1
Pkt 138 300 0.46 1
Node 47 47 4.24264
Pkt 345 750 0.46 1
Pkt 368 800 0.46 1
Node 44 69 19.9249
Pkt 58 125 0.464 1
Pkt 115 250 0.46 1
Node 67 38 20.8087
Pkt 173 375 0.461333 1
Pkt 221 480 0.460417 1
Rate:922.318
==========
==========59
8 0 2 24000
Node 38 63 17.6918
Pkt 69 150 0.46 1
Pkt 74 160 0.4625 1
Node 53 50 3
Pkt 221 480 0.460417 1
Pkt 173 375 0.461333 1
Node 61 51 11.0454
Pkt 345 750 0.46 1
Pkt 345 750 0.46 1
Node 42 27 24.3516
Pkt 111 240 0.4625 1
Pkt 46 100 0.46 1
Node 62 31 22.4722
Pkt 138 300 0.46 1
Pkt 184 400 0.46 1
Node 58 30 21.5407
Pkt 345 750 0.46 1
Pkt 368 800 0.46 1
Node 33 32 24.7588
Pkt 46 100 0.46 1
Pkt 46 100 0.46 1
Node 60 68 20.5913
Pkt 221 480 0.460417 1
Pkt 173 375 0.461333 1
Rate:921.062
==========
==========60
8 0 2 24000
Node 71 29 29.6985
Pkt 58 125 0.464 1
Pkt 56 120 0.466667 1
Node 31 54 19.4165
Pkt 221 480 0.460417 1
Pkt 184 400 0.46 1
Node 60 37 16.4012
Pkt 345 750 0.46 1
Pkt 368 800 0.46 1
Node 43 59 11.4018
Pkt 115 250 0.46 1
Pkt 74 160 0.4625 1
Node 47 25 25.1794
Pkt 173 375 0.461333 1
Pkt 138 300 0.46 1
Node 37 43 14.7648
Pkt 368 800 0.46 1
Pkt 368 800 0.46 1
Node 27 39 25.4951
Pkt 46 100 0.46 1
Pkt 58 125 0.464 1
Node 30 66 25.6125
Pkt 148 320 0.4625 1
Pkt 221 480 0.460417 1
Rate:922.729
==========
==========61
8 0 2 24000
Node 63 37 18.3848
Pkt 92 200 0.46 1
Pkt 89 192 0.463542 1
Node 51 57 7.07107
Pkt 221 480 0.460417 1
Pkt 221 480 0.460417 1
Node 60 49 10.0499
Pkt 345 750 0.46 1
Pkt 345 750 0.46 1
Node 25 35 29.1548
Pkt 69 150 0.46 1
Pkt 92 200 0.46 1
Node 66 26 28.8444
Pkt 138 300 0.46 1
Pkt 221 480 0.460417 1
Node 59 61 14.2127
Pkt 345 750 0.46 1
Pkt 368 800 0.46 1
Node 37 62 17.6918
Pkt 92 200 0.46 1
Pkt 69 150 0.46 1
Node 38 25 27.7308
Pkt 138 300 0.46 1
Pkt 184 400 0.46 1
Rate:920.599
==========
==========62
8 0 2 24000
Node 36 46 14.5602
Pkt 56 120 0.466667 1
Pkt 56 120 0.466667 1
Node 38 47 12.3693
Pkt 148 320 0.4625 1
Pkt 173 375 0.461333 1
Node 54 55 6.40312
Pkt 345 750 0.46 1
Pkt 345 750 0.46 1
Node 69 44 19.9249
Pkt 74 160 0.4625 1
Pkt 111 240 0.4625 1
Node 71 53 21.2132
Pkt 148 320 0.4625 1
Pkt 184 400 0.46 1
Node 60 70 22.3607
Pkt 368 800 0.46 1
Pkt 345 750 0.46 1
Node 55 57 8.60233
Pkt 69 150 0.46 1
Pkt 58 125 0.464 1
Node 31 53 19.2354
Pkt 138 300 0.46 1
Pkt 148 320 0.4625 1
Rate:923.896
==========
==========63
8 0 2 24000
Node 36 34 21.2603
Pkt 74 160 0.4625 1
Pkt 111 240 0.4625 1
Node 73 25 33.9706
Pkt 173 375 0.461333 1
Pkt 221 480 0.460417 1
Node 34 71 26.4008
Pkt 345 750 0.46 1
Pkt 368 800 0.46 1
Node 33 60 19.7231
Pkt 111 240 0.4625 1
Pkt 92 200 0.46 1
Node 32 30 26.9072
Pkt 184 400 0.46 1
Pkt 221 480 0.460417 1
Node 58 59 12.0416
Pkt 368 800 0.46 1
Pkt 368 800 0.46 1
Node 40 74 26
Pkt 46 100 0.46 1
Pkt 69 150 0.46 1
Node 51 59 9.05539
Pkt 148 320 0.4625 1
Pkt 148 320 0.4625 1
Rate:921.833
==========
==========64
8 0 2 24000
Node 44 36 15.2315
Pkt 115 250 0.46 1
Pkt 111 240 0.4625 1
Node 26 64 27.7849
Pkt 184 400 0.46 1
Pkt 221 480 0.460417 1
Node 60 64 17.2047
Pkt 345 750 0.46 1
Pkt 368 800 0.46 1
Node 71 32 27.6586
Pkt 74 160 0.4625 1
Pkt 115 250 0.46 1
Node 43 42 10.6301
Pkt 138 300 0.46 1
Pkt 173 375 0.461333 1
Node 36 57 15.6525
Pkt 368 800 0.46 1
Pkt 345 750 0.46 1
Node 25 52 25.0799
Pkt 46 100 0.46 1
Pkt 69 150 0.46 1
Node 66 71 26.4008
Pkt 184 400 0.46 1
Pkt 138 300 0.46 1
Rate:920.844
==========
==========65
8 0 2 24000
Node 72 64 26.0768
Pkt 69 150 0.46 1
Pkt 58 125 0.464 1
Node 28 70 29.7321
Pkt 148 320 0.4625 1
Pkt 221 480 0.460417 1
Node 28 58 23.4094
Pkt 345 750 0.46 1
Pkt 368 800 0.46 1
Node 26 25 34.6554
Pkt 92 200 0.46 1
Pkt 58 125 0.464 1
Node 57 31 20.2485
Pkt 148 320 0.4625 1
Pkt 148 320 0.4625 1
Node 34 28 27.2029
Pkt 368 800 0.46 1
Pkt 368 800 0.46 1
Node 59 57 11.4018
Pkt 58 125 0.464 1
Pkt 89 192 0.463542 1
Node 30 46 20.3961
Pkt 148 320 0.4625 1
Pkt 138 300 0.46 1
Rate:923.245
==========
==========66
8 0 2 24000
Node 58 34 17.8885
Pkt 111 240 0.4625 1
Pkt 111 240 0.4625 1
Node 62 61 16.2788
Pkt 138 300 0.46 1
Pkt 148 320 0.4625 1
Node 38 64 18.4391
Pkt 368 800 0.46 1
Pkt 368 800 0.46 1
Node 68 68 25.4558
Pkt 74 160 0.4625 1
Pkt 56 120 0.466667 1
Node 45 65 15.8114
Pkt 184 400 0.46 1
Pkt 138 300 0.46 1
Node 53 27 23.1948
Pkt 368 800 0.46 1
Pkt 368 800 0.46 1
Node 62 27 25.9422
Pkt 111 240 0.4625 1
Pkt 89 192 0.463542 1
Node 28 58 23.4094
Pkt 221 480 0.460417 1
Pkt 138 300 0.46 1
Rate:922.891
==========
==========67
8 0 2 24000
Node 30 39 22.8254
Pkt 111 240 0.4625 1
Pkt 69 150 0.46 1
Node 27 61 25.4951
Pkt 148 320 0.4625 1
Pkt 221 480 0.460417 1
Node 65 35 21.2132
Pkt 345 750 0.46 1
Pkt 368 800 0.46 1
Node 52 56 6.32456
Pkt 74 160 0.4625 1
Pkt 115 250 0.46 1
Node 49 41 9.05539
Pkt 138 300 0.46 1
Pkt 138 300 0.46 1
Node 42 63 15.2643
Pkt 368 800 0.46 1
Pkt 345 750 0.46 1
Node 48 29 21.095
Pkt 46 100 0.46 1
Pkt 58 125 0.464 1
Node 57 70 21.1896
Pkt 138 300 0.46 1
Pkt 173 375 0.461333 1
Rate:921.656
==========
==========68
8 0 2 24000
Node 38 72 25.0599
Pkt 58 125 0.464 1
Pkt 92 200 0.46 1
Node 26 30 31.241
Pkt 184 400 0.46 1
Pkt 173 375 0.461333 1
Node 67 69 25.4951
Pkt 368 800 0.46 1
Pkt 368 800 0.46 1
Node 56 49 6.08276
Pkt 58 125 0.464 1
Pkt 111 240 0.4625 1
Node 42 74 25.2982
Pkt 138 300 0.46 1
Pkt 221 480 0.460417 1
Node 69 44 19.9249
Pkt 368 800 0.46 1
Pkt 345 750 0.46 1
Node 38 37 17.6918
Pkt 115 250 0.46 1
Pkt 92 200 0.46 1
Node 31 41 21.0238
Pkt 173 375 0.461333 1
Pkt 221 480 0.460417 1
Rate:921.75
==========
==========69
8 0 2 24000
Node 56 65 16.1555
Pkt 46 100 0.46 1
Pkt 58 125 0.464 1
Node 32 41 20.1246
Pkt 148 320 0.4625 1
Pkt 184 400 0.46 1
Node 42 50 8
Pkt 345 750 0.46 1
Pkt 368 800 0.46 1
Node 44 36 15.2315
Pkt 92 200 0.46 1
Pkt 58 125 0.464 1
Node 70 51 20.025
Pkt 148 320 0.4625 1
Pkt 173 375 0.461333 1
Node 61 71 23.7065
Pkt 345 750 0.46 1
Pkt 345 750 0.46 1
Node 72 30 29.7321
Pkt 111 240 0.4625 1
Pkt 46 100 0.46 1
Node 37 64 19.105
Pkt 138 300 0.46 1
Pkt 184 400 0.46 1
Rate:922.104
==========
==========70
8 0 2 24000
Node 65 31 24.2074
Pkt 74 160 0.4625 1
Pkt 92 200 0.46 1
Node 47 47 4.24264
Pkt 138 300 0.46 1
Pkt 148 320 0.4625 1
Node 30 73 30.4795
Pkt 345 750 0.46 1
Pkt 345 750 0.46 1
Node 25 70 32.0156
Pkt 115 250 0.46 1
Pkt 115 250 0.46 1
Node 65 40 18.0278
Pkt 173 375 0.461333 1
Pkt 138 300 0.46 1
Node 63 40 16.4012
Pkt 345 750 0.46 1
Pkt 368 800 0.46 1
Node 27 49 23.0217
Pkt 111 240 0.4625 1
Pkt 58 125 0.464 1
Node 39 25 27.313
Pkt 148 320 0.4625 1
Pkt 148 320 0.4625 1
Rate:922.229
==========
==========71
8 0 2 24000
Node 47 71 21.2132
Pkt 58 125 0.464 1
Pkt 74 160 0.4625 1
Node 32 65 23.4307
Pkt 173 375 0.461333 1
Pkt 148 320 0.4625 1
Node 47 41 9.48683
Pkt 368 800 0.46 1
Pkt 345 750 0.46 1
Node 68 62 21.6333
Pkt 92 200 0.46 1
Pkt 46 100 0.46 1
Node 46 43 8.06226
Pkt 221 480 0.460417 1
Pkt 221 480 0.460417 1
Node 39 73 25.4951
Pkt 368 800 0.46 1
Pkt 345 750 0.46 1
Node 30 62 23.3238
Pkt 111 240 0.4625 1
Pkt 56 120 0.466667 1
Node 48 56 6.32456
Pkt 148 320 0.4625 1
Pkt 184 400 0.46 1
Rate:922.854
==========
==========72
8 0 2 24000
Node 26 60 26
Pkt 56 120 0.466667 1
Pkt 58 125 0.464 1
Node 74 37 27.2947
Pkt 138 300 0.46 1
Pkt 184 400 0.46 1
Node 62 26 26.8328
Pkt 368 800 0.46 1
Pkt 345 750 0.46 1
Node 37 37 18.3848
Pkt 89 192 0.463542 1
Pkt 115 250 0.46 1
Node 42 73 24.3516
Pkt 173 375 0.461333 1
Pkt 138 300 0.46 1
Node 72 58 23.4094
Pkt 368 800 0.46 1
Pkt 368 800 0.46 1
Node 67 28 27.8029
Pkt 89 192 0.463542 1
Pkt 92 200 0.46 1
Node 44 42 10
Pkt 148 320 0.4625 1
Pkt 221 480 0.460417 1
Rate:922.75
==========
==========73
8 0 2 24000
Node 50 48 2
Pkt 46 100 0.46 1
Pkt 115 250 0.46 1
Node 45 35 15.8114
Pkt 221 480 0.460417 1
Pkt 184 400 0.46 1
Node 39 39 15.5563
Pkt 345 750 0.46 1
Pkt 368 800 0.46 1
Node 35 66 21.9317
Pkt 111 240 0.4625 1
Pkt 46 100 0.46 1
Node 28 72 31.1127
Pkt 138 300 0.46 1
Pkt 138 300 0.46 1
Node 58 31 20.6155
Pkt 345 750 0.46 1
Pkt 345 750 0.46 1
Node 25 54 25.318
Pkt 69 150 0.46 1
Pkt 92 200 0.46 1
Node 66 74 28.8444
Pkt 173 375 0.461333 1
Pkt 138 300 0.46 1
Rate:920.531
==========
==========74
8 0 2 24000
Node 73 42 24.3516
Pkt 69 150 0.46 1
Pkt 92 200 0.46 1
Node 25 70 32.0156
Pkt 184 400 0.46 1
Pkt 173 375 0.461333 1
Node 57 40 12.2066
Pkt 345 750 0.46 1
Pkt 345 750 0.46 1
Node 72 39 24.5967
Pkt 111 240 0.4625 1
Pkt 56 120 0.466667 1
Node 32 54 18.4391
Pkt 138 300 0.46 1
Pkt 221 480 0.460417 1
Node 39 29 23.7065
Pkt 368 800 0.46 1
Pkt 345 750 0.46 1
Node 62 57 13.8924
Pkt 111 240 0.4625 1
Pkt 56 120 0.466667 1
Node 72 35 26.6271
Pkt 184 400 0.46 1
Pkt 221 480 0.460417 1
Rate:922.563
==========
==========75
8 0 2 24000
Node 34 25 29.6816
Pkt 92 200 0.46 1
Pkt 89 192 0.463542 1
Node 72 48 22.0907
Pkt 138 300 0.46 1
Pkt 138 300 0.46 1
Node 63 55 13.9284
Pkt 368 800 0.46 1
Pkt 368 800 0.46 1
Node 71 55 21.587
Pkt 115 250 0.46 1
Pkt 74 160 0.4625 1
Node 46 72 22.3607
Pkt 173 375 0.461333 1
Pkt 148 320 0.4625 1
Node 69 44 19.9249
Pkt 368 800 0.46 1
Pkt 345 750 0.46 1
Node 64 58 16.1245
Pkt 111 240 0.4625 1
Pkt 89 192 0.463542 1
Node 32 68 25.4558
Pkt 148 320 0.4625 1
Pkt 221 480 0.460417 1
Rate:922.354
==========
==========76
8 0 2 24000
Node 60 47 10.4403
Pkt 74 160 0.4625 1
Pkt 69 150 0.46 1
Node 74 51 24.0208
Pkt 184 400 0.46 1
Pkt 138 300 0.46 1
Node 48 48 2.82843
Pkt 368 800 0.46 1
Pkt 368 800 0.46 1
Node 54 71 21.3776
Pkt 69 150 0.46 1
Pkt 111 240 0.4625 1
Node 70 29 29
Pkt 138 300 0.46 1
Pkt 173 375 0.461333 1
Node 34 70 25.6125
Pkt 368 800 0.46 1
Pkt 345 750 0.46 1
Node 61 48 11.1803
Pkt 115 250 0.46 1
Pkt 56 120 0.466667 1
Node 69 71 28.3196
Pkt 221 480 0.460417 1
Pkt 184 400 0.46 1
Rate:921.677
==========
==========77
8 0 2 24000
Node 40 53 10.4403
Pkt 56 120 0.466667 1
Pkt 56 120 0.466667 1
Node 54 74 24.3311
Pkt 184 400 0.46 1
Pkt 184 400 0.46 1
Node 64 73 26.9258
Pkt 368 800 0.46 1
Pkt 345 750 0.46 1
Node 28 66 27.2029
Pkt 89 192 0.463542 1
Pkt 111 240 0.4625 1
Node 34 29 26.4008
Pkt 184 400 0.46 1
Pkt 184 400 0.46 1
Node 52 61 11.1803
Pkt 368 800 0.46 1
Pkt 345 750 0.46 1
Node 39 67 20.2485
Pkt 46 100 0.46 1
Pkt 74 160 0.4625 1
Node 72 51 22.0227
Pkt 221 480 0.460417 1
Pkt 138 300 0.46 1
Rate:922.786
==========
==========78
8 0 2 24000
Node 41 72 23.7697
Pkt 46 100 0.46 1
Pkt 111 240 0.4625 1
Node 25 72 33.3017
Pkt 173 375 0.461333 1
Pkt 173 375 0.461333 1
Node 27 70 30.4795
Pkt 368 800 0.46 1
Pkt 368 800 0.46 1
Node 55 70 20.6155
Pkt 74 160 0.4625 1
Pkt 56 120 0.466667 1
Node 73 25 33.9706
Pkt 173 375 0.461333 1
Pkt 148 320 0.4625 1
Node 41 69 21.0238
Pkt 368 800 0.46 1
Pkt 368 800 0.46 1
Node 26 40 26
Pkt 46 100 0.46 1
Pkt 56 120 0.466667 1
Node 40 74 26
Pkt 184 400 0.46 1
Pkt 221 480 0.460417 1
Rate:923.156
==========
==========79
8 0 2 24000
Node 33 29 27.0185
Pkt 56 120 0.466667 1
Pkt 58 125 0.464 1
Node 48 26 24.0832
Pkt 173 375 0.461333 1
Pkt 221 480 0.460417 1
Node 71 54 21.3776
Pkt 368 800 0.46 1
Pkt 368 800 0.46 1
Node 52 66 16.1245
Pkt 56 120 0.466667 1
Pkt 58 125 0.464 1
Node 59 31 21.0238
Pkt 221 480 0.460417 1
Pkt 221 480 0.460417 1
Node 29 30 29
Pkt 345 750 0.46 1
Pkt 368 800 0.46 1
Node 63 61 17.0294
Pkt 58 125 0.464 1
Pkt 92 200 0.46 1
Node 65 36 20.5183
Pkt 173 375 0.461333 1
Pkt 173 375 0.461333 1
Rate:923.823
==========
==========80
8 0 2 24000
Node 26 31 30.6105
Pkt 92 200 0.46 1
Pkt 58 125 0.464 1
Node 63 54 13.6015
Pkt 138 300 0.46 1
Pkt 148 320 0.4625 1
Node 64 32 22.8035
Pkt 345 750 0.46 1
Pkt 368 800 0.46 1
Node 69 71 28.3196
Pkt 58 125 0.464 1
Pkt 111 240 0.4625 1
Node 39 60 14.8661
Pkt 148 320 0.4625 1
Pkt 221 480 0.460417 1
Node 66 69 24.8395
Pkt 345 750 0.46 1
Pkt 345 750 0.46 1
Node 39 66 19.4165
Pkt 92 200 0.46 1
Pkt 56 120 0.466667 1
Node 56 65 16.1555
Pkt 184 400 0.46 1
Pkt 221 480 0.460417 1
Rate:922.875
==========
==========81
8 0 2 24000
Node 55 39 12.083
Pkt 111 240 0.4625 1
Pkt 111 240 0.4625 1
Node 32 62 21.6333
Pkt 221 480 0.460417 1
Pkt 184 400 0.46 1
Node 46 59 9.84886
Pkt 368 800 0.46 1
Pkt 345 750 0.46 1
Node 34 25 29.6816
Pkt 92 200 0.46 1
Pkt 56 120 0.466667 1
Node 57 30 21.1896
Pkt 221 480 0.460417 1
Pkt 184 400 0.46 1
Node 58 44 10
Pkt 368 800 0.46 1
Pkt 368 800 0.46 1
Node 67 46 17.4642
Pkt 89 192 0.463542 1
Pkt 74 160 0.4625 1
Node 50 65 15
Pkt 221 480 0.460417 1
Pkt 221 480 0.460417 1
Rate:922.422
==========
==========82
8 0 2 24000
Node 27 46 23.3452
Pkt 56 120 0.466667 1
Pkt 69 150 0.46 1
Node 60 74 26
Pkt 221 480 0.460417 1
Pkt 221 480 0.460417 1
Node 40 57 12.2066
Pkt 368 800 0.46 1
Pkt 368 800 0.46 1
Node 71 67 27.0185
Pkt 58 125 0.464 1
Pkt 115 250 0.46 1
Node 58 73 24.3516
Pkt 138 300 0.46 1
Pkt 173 375 0.461333 1
Node 56 26 24.7386
Pkt 345 750 0.46 1
Pkt 345 750 0.46 1
Node 31 61 21.9545
Pkt 46 100 0.46 1
Pkt 69 150 0.46 1
Node 25 72 33.3017
Pkt 184 400 0.46 1
Pkt 221 480 0.460417 1
Rate:921.656
==========
==========83
8 0 2 24000
Node 50 30 20
Pkt 58 125 0.464 1
Pkt 56 120 0.466667 1
Node 65 46 15.5242
Pkt 184 400 0.46 1
Pkt 221 480 0.460417 1
Node 57 51 7.07107
Pkt 368 800 0.46 1
Pkt 368 800 0.46 1
Node 25 73 33.9706
Pkt 74 160 0.4625 1
Pkt 92 200 0.46 1
Node 74 67 29.4109
Pkt 148 320 0.4625 1
Pkt 184 400 0.46 1
Node 61 49 11.0454
Pkt 345 750 0.46 1
Pkt 345 750 0.46 1
Node 34 47 16.2788
Pkt 115 250 0.46 1
Pkt 115 250 0.46 1
Node 52 49 2.23607
Pkt 173 375 0.461333 1
Pkt 221 480 0.460417 1
Rate:922.229
==========
==========84
8 0 2 24000
Node 53 64 14.3178
Pkt 74 160 0.4625 1
Pkt 92 200 0.46 1
Node 59 66 18.3576
Pkt 184 400 0.46 1
Pkt 148 320 0.4625 1
Node 67 71 27.0185
Pkt 345 750 0.46 1
Pkt 368 800 0.46 1
Node 30 72 29.7321
Pkt 46 100 0.46 1
Pkt 69 150 0.46 1
Node 39 68 21.095
Pkt 173 375 0.461333 1
Pkt 184 400 0.46 1
Node 48 60 10.198
Pkt 345 750 0.46 1
Pkt 345 750 0.46 1
Node 42 56 10
Pkt 46 100 0.46 1
Pkt 46 100 0.46 1
Node 52 74 24.0832
Pkt 138 300 0.46 1
Pkt 184 400 0.46 1
Rate:920.792
==========
==========85
8 0 2 24000
Node 37 46 13.6015
Pkt 69 150 0.46 1
Pkt 111 240 0.4625 1
Node 35 74 28.3019
Pkt 184 400 0.46 1
Pkt 221 480 0.460417 1
Node 39 66 19.4165
Pkt 345 750 0.46 1
Pkt 368 800 0.46 1
Node 53 74 24.1868
Pkt 58 125 0.464 1
Pkt 89 192 0.463542 1
Node 32 59 20.1246
Pkt 138 300 0.46 1
Pkt 184 400 0.46 1
Node 69 71 28.3196
Pkt 345 750 0.46 1
Pkt 345 750 0.46 1
Node 70 62 23.3238
Pkt 46 100 0.46 1
Pkt 69 150 0.46 1
Node 63 45 13.9284
Pkt 148 320 0.4625 1
Pkt 148 320 0.4625 1
Rate:921.932
==========
==========86
8 0 2 24000
Node 34 37 20.6155
Pkt 74 160 0.4625 1
Pkt 56 120 0.466667 1
Node 73 55 23.5372
Pkt 148 320 0.4625 1
Pkt 221 480 0.460417 1
Node 33 66 23.3452
Pkt 368 800 0.46 1
Pkt 345 750 0.46 1
Node 72 64 26.0768
Pkt 56 120 0.466667 1
Pkt 92 200 0.46 1
Node 71 64 25.2389
Pkt 173 375 0.461333 1
Pkt 173 375 0.461333 1
Node 56 48 6.32456
Pkt 368 800 0.46 1
Pkt 368 800 0.46 1
Node 42 55 9.43398
Pkt 115 250 0.46 1
Pkt 89 192 0.463542 1
Node 46 64 14.5602
Pkt 184 400 0.46 1
Pkt 138 300 0.46 1
Rate:923.12
==========
==========87
8 0 2 24000
Node 29 58 22.4722
Pkt 74 160 0.4625 1
Pkt 115 250 0.46 1
Node 50 42 8
Pkt 184 400 0.46 1
Pkt 138 300 0.46 1
Node 29 51 21.0238
Pkt 368 800 0.46 1
Pkt 368 800 0.46 1
Node 54 36 14.5602
Pkt 69 150 0.46 1
Pkt 74 160 0.4625 1
Node 27 66 28.0179
Pkt 148 320 0.4625 1
Pkt 138 300 0.46 1
Node 29 29 29.6985
Pkt 368 800 0.46 1
Pkt 345 750 0.46 1
Node 38 32 21.6333
Pkt 92 200 0.46 1
Pkt 115 250 0.46 1
Node 62 70 23.3238
Pkt 173 375 0.461333 1
Pkt 148 320 0.4625 1
Rate:921.417
==========
==========88
8 0 2 24000
Node 48 72 22.0907
Pkt 92 200 0.46 1
Pkt 46 100 0.46 1
Node 71 61 23.7065
Pkt 221 480 0.460417 1
Pkt 221 480 0.460417 1
Node 47 51 3.16228
Pkt 368 800 0.46 1
Pkt 368 800 0.46 1
Node 69 26 30.6105
Pkt 56 120 0.466667 1
Pkt 69 150 0.46 1
Node 64 59 16.6433
Pkt 184 400 0.46 1
Pkt 148 320 0.4625 1
Node 65 33 22.6716
Pkt 345 750 0.46 1
Pkt 345 750 0.46 1
Node 55 31 19.6469
Pkt 46 100 0.46 1
Pkt 69 150 0.46 1
Node 30 50 20
Pkt 173 375 0.461333 1
Pkt 138 300 0.46 1
Rate:921.417
==========
==========89
8 0 2 24000
Node 45 27 23.5372
Pkt 74 160 0.4625 1
Pkt 115 250 0.46 1
Node 59 29 22.8473
Pkt 148 320 0.4625 1
Pkt 184 400 0.46 1
Node 66 35 21.9317
Pkt 368 800 0.46 1
Pkt 345 750 0.46 1
Node 29 37 24.6982
Pkt 69 150 0.46 1
Pkt 111 240 0.4625 1
Node 71 49 21.0238
Pkt 184 400 0.46 1
Pkt 148 320 0.4625 1
Node 70 33 26.2488
Pkt 345 750 0.46 1
Pkt 368 800 0.46 1
Node 72 44 22.8035
Pkt 58 125 0.464 1
Pkt 69 150 0.46 1
Node 37 71 24.6982
Pkt 148 320 0.4625 1
Pkt 148 320 0.4625 1
Rate:922.375
==========
==========90
8 0 2 24000
Node 38 68 21.6333
Pkt 92 200 0.46 1
Pkt 111 240 0.4625 1
Node 30 49 20.025
Pkt 148 320 0.4625 1
Pkt 173 375 0.461333 1
Node 72 44 22.8035
Pkt 345 750 0.46 1
Pkt 368 800 0.46 1
Node 53 32 18.2483
Pkt 46 100 0.46 1
Pkt 58 125 0.464 1
Node 60 58 12.8062
Pkt 221 480 0.460417 1
Pkt 184 400 0.46 1
Node 71 71 29.6985
Pkt 345 750 0.46 1
Pkt 368 800 0.46 1
Node 34 64 21.2603
Pkt 89 192 0.463542 1
Pkt 92 200 0.46 1
Node 60 25 26.9258
Pkt 221 480 0.460417 1
Pkt 148 320 0.4625 1
Rate:922.151
==========
==========91
8 0 2 24000
Node 47 49 3.16228
Pkt 111 240 0.4625 1
Pkt 111 240 0.4625 1
Node 73 43 24.0416
Pkt 173 375 0.461333 1
Pkt 148 320 0.4625 1
Node 57 58 10.6301
Pkt 368 800 0.46 1
Pkt 368 800 0.46 1
Node 37 65 19.8494
Pkt 69 150 0.46 1
Pkt 69 150 0.46 1
Node 49 65 15.0333
Pkt 184 400 0.46 1
Pkt 148 320 0.4625 1
Node 48 44 6.32456
Pkt 345 750 0.46 1
Pkt 368 800 0.46 1
Node 43 52 7.28011
Pkt 58 125 0.464 1
Pkt 111 240 0.4625 1
Node 72 60 24.1661
Pkt 221 480 0.460417 1
Pkt 148 320 0.4625 1
Rate:922.594
==========
==========92
8 0 2 24000
Node 30 25 32.0156
Pkt 46 100 0.46 1
Pkt 56 120 0.466667 1
Node 59 47 9.48683
Pkt 221 480 0.460417 1
Pkt 138 300 0.46 1
Node 58 28 23.4094
Pkt 368 800 0.46 1
Pkt 345 750 0.46 1
Node 41 62 15
Pkt 92 200 0.46 1
Pkt 69 150 0.46 1
Node 37 50 13
Pkt 148 320 0.4625 1
Pkt 138 300 0.46 1
Node 47 62 12.3693
Pkt 345 750 0.46 1
Pkt 368 800 0.46 1
Node 34 28 27.2029
Pkt 58 125 0.464 1
Pkt 115 250 0.46 1
Node 68 29 27.6586
Pkt 184 400 0.46 1
Pkt 148 320 0.4625 1
Rate:922.01
==========
==========93
8 0 2 24000
Node 28 36 26.0768
Pkt 56 120 0.466667 1
Pkt 69 150 0.46 1
Node 31 34 24.8395
Pkt 148 320 0.4625 1
Pkt 148 320 0.4625 1
Node 50 40 10
Pkt 345 750 0.46 1
Pkt 345 750 0.46 1
Node 37 37 18.3848
Pkt 92 200 0.46 1
Pkt 111 240 0.4625 1
Node 53 44 6.7082
Pkt 138 300 0.46 1
Pkt 138 300 0.46 1
Node 28 58 23.4094
Pkt 368 800 0.46 1
Pkt 368 800 0.46 1
Node 51 41 9.05539
Pkt 115 250 0.46 1
Pkt 74 160 0.4625 1
Node 47 46 5
Pkt 221 480 0.460417 1
Pkt 148 320 0.4625 1
Rate:922.448
==========
==========94
8 0 2 24000
Node 30 70 28.2843
Pkt 58 125 0.464 1
Pkt 56 120 0.466667 1
Node 38 68 21.6333
Pkt 148 320 0.4625 1
Pkt 221 480 0.460417 1
Node 61 27 25.4951
Pkt 345 750 0.46 1
Pkt 345 750 0.46 1
Node 36 37 19.105
Pkt 115 250 0.46 1
Pkt 74 160 0.4625 1
Node 42 66 17.8885
Pkt 148 320 0.4625 1
Pkt 148 320 0.4625 1
Node 64 44 15.2315
Pkt 368 800 0.46 1
Pkt 345 750 0.46 1
Node 45 32 18.6815
Pkt 111 240 0.4625 1
Pkt 92 200 0.46 1
Node 41 59 12.7279
Pkt 221 480 0.460417 1
Pkt 173 375 0.461333 1
Rate:923.167
==========
==========95
8 0 2 24000
Node 55 34 16.7631
Pkt 111 240 0.4625 1
Pkt 58 125 0.464 1
Node 47 50 3
Pkt 173 375 0.461333 1
Pkt 184 400 0.46 1
Node 46 68 18.4391
Pkt 368 800 0.46 1
Pkt 368 800 0.46 1
Node 37 74 27.2947
Pkt 74 160 0.4625 1
Pkt 111 240 0.4625 1
Node 52 26 24.0832
Pkt 148 320 0.4625 1
Pkt 138 300 0.46 1
Node 59 42 12.0416
Pkt 345 750 0.46 1
Pkt 368 800 0.46 1
Node 39 68 21.095
Pkt 56 120 0.466667 1
Pkt 74 160 0.4625 1
Node 49 33 17.0294
Pkt 184 400 0.46 1
Pkt 138 300 0.46 1
Rate:923.063
==========
==========96
8 0 2 24000
Node 67 64 22.0227
Pkt 46 100 0.46 1
Pkt 46 100 0.46 1
Node 74 45 24.5153
Pkt 184 400 0.46 1
Pkt 184 400 0.46 1
Node 27 38 25.9422
Pkt 345 750 0.46 1
Pkt 368 800 0.46 1
Node 72 70 29.7321
Pkt 56 120 0.466667 1
Pkt 115 250 0.46 1
Node 64 46 14.5602
Pkt 184 400 0.46 1
Pkt 138 300 0.46 1
Node 54 58 8.94427
Pkt 345 750 0.46 1
Pkt 368 800 0.46 1
Node 61 61 15.5563
Pkt 69 150 0.46 1
Pkt 74 160 0.4625 1
Node 25 56 25.7099
Pkt 184 400 0.46 1
Pkt 148 320 0.4625 1
Rate:921.458
==========
==========97
8 0 2 24000
Node 72 29 30.4138
Pkt 111 240 0.4625 1
Pkt 111 240 0.4625 1
Node 51 68 18.0278
Pkt 148 320 0.4625 1
Pkt 138 300 0.46 1
Node 57 34 17.4642
Pkt 368 800 0.46 1
Pkt 345 750 0.46 1
Node 68 34 24.0832
Pkt 46 100 0.46 1
Pkt 69 150 0.46 1
Node 31 64 23.6008
Pkt 173 375 0.461333 1
Pkt 148 320 0.4625 1
Node 42 48 8.24621
Pkt 345 750 0.46 1
Pkt 345 750 0.46 1
Node 34 65 21.9317
Pkt 89 192 0.463542 1
Pkt 69 150 0.46 1
Node 68 58 19.6977
Pkt 138 300 0.46 1
Pkt 148 320 0.4625 1
Rate:922.172
==========
==========98
8 0 2 24000
Node 72 71 30.4138
Pkt 56 120 0.466667 1
Pkt 111 240 0.4625 1
Node 63 59 15.8114
Pkt 173 375 0.461333 1
Pkt 221 480 0.460417 1
Node 49 25 25.02
Pkt 345 750 0.46 1
Pkt 345 750 0.46 1
Node 28 73 31.8277
Pkt 69 150 0.46 1
Pkt 58 125 0.464 1
Node 68 26 30
Pkt 221 480 0.460417 1
Pkt 138 300 0.46 1
Node 53 51 3.16228
Pkt 345 750 0.46 1
Pkt 368 800 0.46 1
Node 71 32 27.6586
Pkt 111 240 0.4625 1
Pkt 46 100 0.46 1
Node 30 43 21.1896
Pkt 173 375 0.461333 1
Pkt 221 480 0.460417 1
Rate:922.448
==========
==========99
