8 0 2 24000
Node 34 31 24.8395
Pkt 77 160 0.48125 1
Pkt 60 125 0.48 1
Node 25 35 29.1548
Pkt 231 480 0.48125 1
Pkt 192 400 0.48 1
Node 47 65 15.2971
Pkt 384 800 0.48 1
Pkt 384 800 0.48 1
Node 44 63 14.3178
Pkt 60 125 0.48 1
Pkt 60 125 0.48 1
Node 38 31 22.4722
Pkt 180 375 0.48 1
Pkt 180 375 0.48 1
Node 34 57 17.4642
Pkt 384 800 0.48 1
Pkt 360 750 0.48 1
Node 43 74 25
Pkt 60 125 0.48 1
Pkt 93 192 0.484375 1
Node 33 69 25.4951
Pkt 231 480 0.48125 1
Pkt 180 375 0.48 1
Rate:961.016
==========
==========0
8 0 2 24000
Node 32 67 24.7588
Pkt 116 240 0.483333 1
Pkt 58 120 0.483333 1
Node 36 49 14.0357
Pkt 144 300 0.48 1
Pkt 144 300 0.48 1
Node 34 62 20
Pkt 360 750 0.48 1
Pkt 360 750 0.48 1
Node 51 46 4.12311
Pkt 77 160 0.48125 1
Pkt 96 200 0.48 1
Node 43 70 21.1896
Pkt 180 375 0.48 1
Pkt 144 300 0.48 1
Node 27 60 25.0799
Pkt 360 750 0.48 1
Pkt 360 750 0.48 1
Node 58 60 12.8062
Pkt 120 250 0.48 1
Pkt 72 150 0.48 1
Node 62 46 12.6491
Pkt 144 300 0.48 1
Pkt 180 375 0.48 1
Rate:960.99
==========
==========1
8 0 2 24000
Node 62 39 16.2788
Pkt 77 160 0.48125 1
Pkt 116 240 0.483333 1
Node 50 35 15
Pkt 144 300 0.48 1
Pkt 192 400 0.48 1
Node 55 48 5.38516
Pkt 360 750 0.48 1
Pkt 384 800 0.48 1
Node 32 37 22.2036
Pkt 72 150 0.48 1
Pkt 96 200 0.48 1
Node 56 63 14.3178
Pkt 154 320 0.48125 1
Pkt 180 375 0.48 1
Node 35 54 15.5242
Pkt 360 750 0.48 1
Pkt 360 750 0.48 1
Node 59 37 15.8114
Pkt 120 250 0.48 1
Pkt 116 240 0.483333 1
Node 61 30 22.8254
Pkt 231 480 0.48125 1
Pkt 154 320 0.48125 1
Rate:961.458
==========
==========2
8 0 2 24000
Node 41 43 11.4018
Pkt 116 240 0.483333 1
Pkt 116 240 0.483333 1
Node 37 62 17.6918
Pkt 154 320 0.48125 1
Pkt 231 480 0.48125 1
Node 53 37 13.3417
Pkt 360 750 0.48 1
Pkt 384 800 0.48 1
Node 29 44 21.8403
Pkt 58 120 0.483333 1
Pkt 48 100 0.48 1
Node 33 60 19.7231
Pkt 154 320 0.48125 1
Pkt 231 480 0.48125 1
Node 33 56 18.0278
Pkt 384 800 0.48 1
Pkt 384 800 0.48 1
Node 52 35 15.1327
Pkt 72 150 0.48 1
Pkt 72 150 0.48 1
Node 31 52 19.105
Pkt 154 320 0.48125 1
Pkt 192 400 0.48 1
Rate:962.031
==========
==========3
8 0 2 24000
Node 31 62 22.4722
Pkt 93 192 0.484375 1
Pkt 77 160 0.48125 1
Node 52 50 2
Pkt 144 300 0.48 1
Pkt 192 400 0.48 1
Node 45 73 23.5372
Pkt 384 800 0.48 1
Pkt 384 800 0.48 1
Node 49 47 3.16228
Pkt 93 192 0.484375 1
Pkt 96 200 0.48 1
Node 70 37 23.8537
Pkt 231 480 0.48125 1
Pkt 192 400 0.48 1
Node 48 59 9.21954
Pkt 360 750 0.48 1
Pkt 384 800 0.48 1
Node 26 65 28.3019
Pkt 96 200 0.48 1
Pkt 58 120 0.483333 1
Node 53 30 20.2237
Pkt 180 375 0.48 1
Pkt 192 400 0.48 1
Rate:961.823
==========
==========4
8 0 2 24000
Node 72 45 22.561
Pkt 116 240 0.483333 1
Pkt 77 160 0.48125 1
Node 35 47 15.2971
Pkt 231 480 0.48125 1
Pkt 180 375 0.48 1
Node 35 55 15.8114
Pkt 384 800 0.48 1
Pkt 384 800 0.48 1
Node 42 42 11.3137
Pkt 60 125 0.48 1
Pkt 77 160 0.48125 1
Node 62 42 14.4222
Pkt 180 375 0.48 1
Pkt 192 400 0.48 1
Node 56 40 11.6619
Pkt 384 800 0.48 1
Pkt 360 750 0.48 1
Node 31 39 21.9545
Pkt 96 200 0.48 1
Pkt 93 192 0.484375 1
Node 27 70 30.4795
Pkt 144 300 0.48 1
Pkt 144 300 0.48 1
Rate:961.432
==========
==========5
8 0 2 24000
Node 53 53 4.24264
Pkt 58 120 0.483333 1
Pkt 48 100 0.48 1
Node 47 67 17.2627
Pkt 180 375 0.48 1
Pkt 154 320 0.48125 1
Node 40 42 12.8062
Pkt 384 800 0.48 1
Pkt 384 800 0.48 1
Node 62 58 14.4222
Pkt 96 200 0.48 1
Pkt 116 240 0.483333 1
Node 54 70 20.3961
Pkt 180 375 0.48 1
Pkt 144 300 0.48 1
Node 26 57 25
Pkt 360 750 0.48 1
Pkt 360 750 0.48 1
Node 74 40 26
Pkt 116 240 0.483333 1
Pkt 72 150 0.48 1
Node 42 59 12.0416
Pkt 144 300 0.48 1
Pkt 192 400 0.48 1
Rate:961.406
==========
==========6
8 0 2 24000
Node 26 55 24.5153
Pkt 120 250 0.48 1
Pkt 77 160 0.48125 1
Node 61 68 21.095
Pkt 180 375 0.48 1
Pkt 154 320 0.48125 1
Node 45 62 13
Pkt 360 750 0.48 1
Pkt 360 750 0.48 1
Node 32 71 27.6586
Pkt 96 200 0.48 1
Pkt 116 240 0.483333 1
Node 71 26 31.8904
Pkt 180 375 0.48 1
Pkt 180 375 0.48 1
Node 60 67 19.7231
Pkt 360 750 0.48 1
Pkt 360 750 0.48 1
Node 58 25 26.2488
Pkt 72 150 0.48 1
Pkt 60 125 0.48 1
Node 41 46 9.84886
Pkt 154 320 0.48125 1
Pkt 192 400 0.48 1
Rate:960.885
==========
==========7
8 0 2 24000
Node 39 26 26.4008
Pkt 72 150 0.48 1
Pkt 48 100 0.48 1
Node 46 60 10.7703
Pkt 192 400 0.48 1
Pkt 231 480 0.48125 1
Node 38 38 16.9706
Pkt 384 800 0.48 1
Pkt 360 750 0.48 1
Node 47 68 18.2483
Pkt 48 100 0.48 1
Pkt 116 240 0.483333 1
Node 58 71 22.4722
Pkt 231 480 0.48125 1
Pkt 154 320 0.48125 1
Node 35 71 25.807
Pkt 360 750 0.48 1
Pkt 360 750 0.48 1
Node 35 48 15.1327
Pkt 96 200 0.48 1
Pkt 116 240 0.483333 1
Node 32 66 24.0832
Pkt 180 375 0.48 1
Pkt 180 375 0.48 1
Rate:961.302
==========
==========8
8 0 2 24000
Node 74 26 33.9411
Pkt 58 120 0.483333 1
Pkt 120 250 0.48 1
Node 31 53 19.2354
Pkt 192 400 0.48 1
Pkt 231 480 0.48125 1
Node 44 42 10
Pkt 384 800 0.48 1
Pkt 384 800 0.48 1
Node 36 59 16.6433
Pkt 60 125 0.48 1
Pkt 60 125 0.48 1
Node 57 25 25.9615
Pkt 192 400 0.48 1
Pkt 144 300 0.48 1
Node 35 63 19.8494
Pkt 360 750 0.48 1
Pkt 360 750 0.48 1
Node 62 43 13.8924
Pkt 58 120 0.483333 1
Pkt 96 200 0.48 1
Node 70 42 21.5407
Pkt 154 320 0.48125 1
Pkt 192 400 0.48 1
Rate:961.146
==========
==========9
8 0 2 24000
Node 44 37 14.3178
Pkt 60 125 0.48 1
Pkt 116 240 0.483333 1
Node 30 32 26.9072
Pkt 231 480 0.48125 1
Pkt 154 320 0.48125 1
Node 64 33 22.0227
Pkt 384 800 0.48 1
Pkt 360 750 0.48 1
Node 60 26 26
Pkt 120 250 0.48 1
Pkt 120 250 0.48 1
Node 54 27 23.3452
Pkt 154 320 0.48125 1
Pkt 231 480 0.48125 1
Node 38 58 14.4222
Pkt 360 750 0.48 1
Pkt 384 800 0.48 1
Node 42 71 22.4722
Pkt 77 160 0.48125 1
Pkt 77 160 0.48125 1
Node 52 40 10.198
Pkt 154 320 0.48125 1
Pkt 180 375 0.48 1
Rate:961.51
==========
==========10
8 0 2 24000
Node 49 58 8.06226
Pkt 120 250 0.48 1
Pkt 96 200 0.48 1
Node 49 74 24.0208
Pkt 192 400 0.48 1
Pkt 231 480 0.48125 1
Node 70 38 23.3238
Pkt 360 750 0.48 1
Pkt 384 800 0.48 1
Node 64 71 25.2389
Pkt 96 200 0.48 1
Pkt 93 192 0.484375 1
Node 40 73 25.0799
Pkt 144 300 0.48 1
Pkt 192 400 0.48 1
Node 39 37 17.0294
Pkt 384 800 0.48 1
Pkt 384 800 0.48 1
Node 53 71 21.2132
Pkt 116 240 0.483333 1
Pkt 48 100 0.48 1
Node 44 45 7.81025
Pkt 192 400 0.48 1
Pkt 144 300 0.48 1
Rate:961.12
==========
==========11
8 0 2 24000
Node 51 30 20.025
Pkt 58 120 0.483333 1
Pkt 116 240 0.483333 1
Node 59 32 20.1246
Pkt 154 320 0.48125 1
Pkt 154 320 0.48125 1
Node 64 52 14.1421
Pkt 384 800 0.48 1
Pkt 360 750 0.48 1
Node 27 59 24.6982
Pkt 60 125 0.48 1
Pkt 48 100 0.48 1
Node 68 26 30
Pkt 154 320 0.48125 1
Pkt 231 480 0.48125 1
Node 73 43 24.0416
Pkt 384 800 0.48 1
Pkt 360 750 0.48 1
Node 32 26 30
Pkt 93 192 0.484375 1
Pkt 93 192 0.484375 1
Node 71 29 29.6985
Pkt 144 300 0.48 1
Pkt 192 400 0.48 1
Rate:962.552
==========
==========12
8 0 2 24000
Node 58 71 22.4722
Pkt 48 100 0.48 1
Pkt 96 200 0.48 1
Node 63 65 19.8494
Pkt 180 375 0.48 1
Pkt 180 375 0.48 1
Node 26 74 33.9411
Pkt 360 750 0.48 1
Pkt 360 750 0.48 1
Node 39 46 11.7047
Pkt 120 250 0.48 1
Pkt 96 200 0.48 1
Node 35 37 19.8494
Pkt 231 480 0.48125 1
Pkt 192 400 0.48 1
Node 70 70 28.2843
Pkt 384 800 0.48 1
Pkt 360 750 0.48 1
Node 71 37 24.6982
Pkt 72 150 0.48 1
Pkt 116 240 0.483333 1
Node 74 49 24.0208
Pkt 154 320 0.48125 1
Pkt 144 300 0.48 1
Rate:960.729
==========
==========13
8 0 2 24000
Node 58 63 15.2643
Pkt 96 200 0.48 1
Pkt 72 150 0.48 1
Node 38 37 17.6918
Pkt 231 480 0.48125 1
Pkt 231 480 0.48125 1
Node 36 54 14.5602
Pkt 360 750 0.48 1
Pkt 384 800 0.48 1
Node 40 56 11.6619
Pkt 77 160 0.48125 1
Pkt 58 120 0.483333 1
Node 28 43 23.0868
Pkt 231 480 0.48125 1
Pkt 154 320 0.48125 1
Node 53 42 8.544
Pkt 384 800 0.48 1
Pkt 360 750 0.48 1
Node 63 67 21.4009
Pkt 60 125 0.48 1
Pkt 93 192 0.484375 1
Node 67 57 18.3848
Pkt 154 320 0.48125 1
Pkt 180 375 0.48 1
Rate:961.901
==========
==========14
8 0 2 24000
Node 67 37 21.4009
Pkt 116 240 0.483333 1
Pkt 116 240 0.483333 1
Node 42 55 9.43398
Pkt 192 400 0.48 1
Pkt 154 320 0.48125 1
Node 49 28 22.0227
Pkt 384 800 0.48 1
Pkt 384 800 0.48 1
Node 48 61 11.1803
Pkt 93 192 0.484375 1
Pkt 72 150 0.48 1
Node 72 57 23.0868
Pkt 180 375 0.48 1
Pkt 154 320 0.48125 1
Node 26 69 30.6105
Pkt 384 800 0.48 1
Pkt 384 800 0.48 1
Node 54 45 6.40312
Pkt 77 160 0.48125 1
Pkt 72 150 0.48 1
Node 71 27 31.1448
Pkt 154 320 0.48125 1
Pkt 144 300 0.48 1
Rate:962.005
==========
==========15
8 0 2 24000
Node 53 65 15.2971
Pkt 48 100 0.48 1
Pkt 72 150 0.48 1
Node 42 37 15.2643
Pkt 180 375 0.48 1
Pkt 154 320 0.48125 1
Node 26 65 28.3019
Pkt 384 800 0.48 1
Pkt 360 750 0.48 1
Node 63 69 23.0217
Pkt 48 100 0.48 1
Pkt 77 160 0.48125 1
Node 36 27 26.9258
Pkt 180 375 0.48 1
Pkt 231 480 0.48125 1
Node 48 41 9.21954
Pkt 360 750 0.48 1
Pkt 360 750 0.48 1
Node 73 50 23
Pkt 93 192 0.484375 1
Pkt 72 150 0.48 1
Node 38 60 15.6205
Pkt 180 375 0.48 1
Pkt 144 300 0.48 1
Rate:961.016
==========
==========16
8 0 2 24000
Node 26 73 33.2415
Pkt 48 100 0.48 1
Pkt 120 250 0.48 1
Node 47 39 11.4018
Pkt 180 375 0.48 1
Pkt 192 400 0.48 1
Node 36 39 17.8045
Pkt 360 750 0.48 1
Pkt 360 750 0.48 1
Node 34 65 21.9317
Pkt 72 150 0.48 1
Pkt 77 160 0.48125 1
Node 42 38 14.4222
Pkt 231 480 0.48125 1
Pkt 231 480 0.48125 1
Node 50 36 14
Pkt 384 800 0.48 1
Pkt 384 800 0.48 1
Node 39 45 12.083
Pkt 58 120 0.483333 1
Pkt 116 240 0.483333 1
Node 34 70 25.6125
Pkt 154 320 0.48125 1
Pkt 154 320 0.48125 1
Rate:961.615
==========
==========17
8 0 2 24000
Node 44 66 17.088
Pkt 60 125 0.48 1
Pkt 60 125 0.48 1
Node 71 70 29
Pkt 144 300 0.48 1
Pkt 231 480 0.48125 1
Node 47 45 5.83095
Pkt 384 800 0.48 1
Pkt 360 750 0.48 1
Node 68 45 18.6815
Pkt 58 120 0.483333 1
Pkt 96 200 0.48 1
Node 46 61 11.7047
Pkt 144 300 0.48 1
Pkt 180 375 0.48 1
Node 33 68 24.7588
Pkt 384 800 0.48 1
Pkt 360 750 0.48 1
Node 74 35 28.3019
Pkt 72 150 0.48 1
Pkt 116 240 0.483333 1
Node 39 57 13.0384
Pkt 154 320 0.48125 1
Pkt 144 300 0.48 1
Rate:961.146
==========
==========18
8 0 2 24000
Node 67 67 24.0416
Pkt 60 125 0.48 1
Pkt 58 120 0.483333 1
Node 62 41 15
Pkt 192 400 0.48 1
Pkt 180 375 0.48 1
Node 59 54 9.84886
Pkt 360 750 0.48 1
Pkt 384 800 0.48 1
Node 52 41 9.21954
Pkt 120 250 0.48 1
Pkt 60 125 0.48 1
Node 36 65 20.5183
Pkt 231 480 0.48125 1
Pkt 144 300 0.48 1
Node 30 38 23.3238
Pkt 360 750 0.48 1
Pkt 360 750 0.48 1
Node 41 44 10.8167
Pkt 93 192 0.484375 1
Pkt 58 120 0.483333 1
Node 64 52 14.1421
Pkt 231 480 0.48125 1
Pkt 144 300 0.48 1
Rate:961.693
==========
==========19
8 0 2 24000
Node 32 43 19.3132
Pkt 120 250 0.48 1
Pkt 77 160 0.48125 1
Node 54 56 7.2111
Pkt 192 400 0.48 1
Pkt 144 300 0.48 1
Node 55 44 7.81025
Pkt 360 750 0.48 1
Pkt 384 800 0.48 1
Node 50 45 5
Pkt 48 100 0.48 1
Pkt 116 240 0.483333 1
Node 53 33 17.2627
Pkt 231 480 0.48125 1
Pkt 144 300 0.48 1
Node 74 57 25
Pkt 384 800 0.48 1
Pkt 360 750 0.48 1
Node 42 59 12.0416
Pkt 116 240 0.483333 1
Pkt 60 125 0.48 1
Node 67 58 18.7883
Pkt 192 400 0.48 1
Pkt 144 300 0.48 1
Rate:961.146
==========
==========20
8 0 2 24000
Node 62 52 12.1655
Pkt 48 100 0.48 1
Pkt 58 120 0.483333 1
Node 52 52 2.82843
Pkt 154 320 0.48125 1
Pkt 180 375 0.48 1
Node 54 53 5
Pkt 384 800 0.48 1
Pkt 384 800 0.48 1
Node 66 37 20.6155
Pkt 120 250 0.48 1
Pkt 96 200 0.48 1
Node 50 67 17
Pkt 231 480 0.48125 1
Pkt 154 320 0.48125 1
Node 59 56 10.8167
Pkt 384 800 0.48 1
Pkt 384 800 0.48 1
Node 57 46 8.06226
Pkt 72 150 0.48 1
Pkt 77 160 0.48125 1
Node 63 70 23.8537
Pkt 192 400 0.48 1
Pkt 231 480 0.48125 1
Rate:961.198
==========
==========21
8 0 2 24000
Node 26 47 24.1868
Pkt 48 100 0.48 1
Pkt 77 160 0.48125 1
Node 46 72 22.3607
Pkt 231 480 0.48125 1
Pkt 231 480 0.48125 1
Node 39 41 14.2127
Pkt 384 800 0.48 1
Pkt 384 800 0.48 1
Node 29 74 31.8904
Pkt 58 120 0.483333 1
Pkt 60 125 0.48 1
Node 31 55 19.6469
Pkt 154 320 0.48125 1
Pkt 180 375 0.48 1
Node 46 73 23.3452
Pkt 360 750 0.48 1
Pkt 384 800 0.48 1
Node 56 32 18.9737
Pkt 120 250 0.48 1
Pkt 48 100 0.48 1
Node 26 28 32.5576
Pkt 180 375 0.48 1
Pkt 180 375 0.48 1
Rate:961.042
==========
==========22
8 0 2 24000
Node 44 32 18.9737
Pkt 116 240 0.483333 1
Pkt 72 150 0.48 1
Node 55 70 20.6155
Pkt 192 400 0.48 1
Pkt 180 375 0.48 1
Node 65 74 28.3019
Pkt 384 800 0.48 1
Pkt 384 800 0.48 1
Node 72 46 22.3607
Pkt 77 160 0.48125 1
Pkt 58 120 0.483333 1
Node 36 71 25.2389
Pkt 144 300 0.48 1
Pkt 180 375 0.48 1
Node 68 62 21.6333
Pkt 384 800 0.48 1
Pkt 384 800 0.48 1
Node 43 62 13.8924
Pkt 48 100 0.48 1
Pkt 72 150 0.48 1
Node 67 40 19.7231
Pkt 154 320 0.48125 1
Pkt 192 400 0.48 1
Rate:961.146
==========
==========23
8 0 2 24000
Node 65 69 24.2074
Pkt 58 120 0.483333 1
Pkt 77 160 0.48125 1
Node 48 63 13.1529
Pkt 180 375 0.48 1
Pkt 231 480 0.48125 1
Node 51 40 10.0499
Pkt 384 800 0.48 1
Pkt 384 800 0.48 1
Node 31 45 19.6469
Pkt 77 160 0.48125 1
Pkt 60 125 0.48 1
Node 29 64 25.2389
Pkt 192 400 0.48 1
Pkt 154 320 0.48125 1
Node 39 70 22.8254
Pkt 360 750 0.48 1
Pkt 360 750 0.48 1
Node 54 34 16.4924
Pkt 120 250 0.48 1
Pkt 96 200 0.48 1
Node 59 44 10.8167
Pkt 192 400 0.48 1
Pkt 154 320 0.48125 1
Rate:961.198
==========
==========24
8 0 2 24000
Node 72 51 22.0227
Pkt 77 160 0.48125 1
Pkt 120 250 0.48 1
Node 43 60 12.2066
Pkt 144 300 0.48 1
Pkt 154 320 0.48125 1
Node 28 41 23.7697
Pkt 384 800 0.48 1
Pkt 384 800 0.48 1
Node 69 32 26.1725
Pkt 77 160 0.48125 1
Pkt 120 250 0.48 1
Node 49 27 23.0217
Pkt 192 400 0.48 1
Pkt 144 300 0.48 1
Node 43 74 25
Pkt 360 750 0.48 1
Pkt 384 800 0.48 1
Node 38 68 21.6333
Pkt 120 250 0.48 1
Pkt 60 125 0.48 1
Node 43 63 14.7648
Pkt 154 320 0.48125 1
Pkt 180 375 0.48 1
Rate:960.625
==========
==========25
8 0 2 24000
Node 41 72 23.7697
Pkt 116 240 0.483333 1
Pkt 77 160 0.48125 1
Node 34 49 16.0312
Pkt 180 375 0.48 1
Pkt 154 320 0.48125 1
Node 30 35 25
Pkt 360 750 0.48 1
Pkt 384 800 0.48 1
Node 60 40 14.1421
Pkt 96 200 0.48 1
Pkt 93 192 0.484375 1
Node 43 43 9.89949
Pkt 154 320 0.48125 1
Pkt 231 480 0.48125 1
Node 72 65 26.6271
Pkt 384 800 0.48 1
Pkt 384 800 0.48 1
Node 53 29 21.2132
Pkt 93 192 0.484375 1
Pkt 48 100 0.48 1
Node 41 33 19.2354
Pkt 192 400 0.48 1
Pkt 231 480 0.48125 1
Rate:962.292
==========
==========26
8 0 2 24000
Node 45 65 15.8114
Pkt 77 160 0.48125 1
Pkt 58 120 0.483333 1
Node 70 29 29
Pkt 192 400 0.48 1
Pkt 180 375 0.48 1
Node 64 68 22.8035
Pkt 384 800 0.48 1
Pkt 384 800 0.48 1
Node 68 47 18.2483
Pkt 93 192 0.484375 1
Pkt 96 200 0.48 1
Node 40 28 24.1661
Pkt 231 480 0.48125 1
Pkt 144 300 0.48 1
Node 40 74 26
Pkt 360 750 0.48 1
Pkt 384 800 0.48 1
Node 69 61 21.9545
Pkt 116 240 0.483333 1
Pkt 116 240 0.483333 1
Node 47 53 4.24264
Pkt 180 375 0.48 1
Pkt 192 400 0.48 1
Rate:962.109
==========
==========27
8 0 2 24000
Node 27 43 24.0416
Pkt 120 250 0.48 1
Pkt 120 250 0.48 1
Node 34 71 26.4008
Pkt 192 400 0.48 1
Pkt 154 320 0.48125 1
Node 52 59 9.21954
Pkt 360 750 0.48 1
Pkt 360 750 0.48 1
Node 60 46 10.7703
Pkt 48 100 0.48 1
Pkt 72 150 0.48 1
Node 39 55 12.083
Pkt 231 480 0.48125 1
Pkt 154 320 0.48125 1
Node 28 67 27.8029
Pkt 360 750 0.48 1
Pkt 360 750 0.48 1
Node 53 42 8.544
Pkt 48 100 0.48 1
Pkt 72 150 0.48 1
Node 57 51 7.07107
Pkt 144 300 0.48 1
Pkt 144 300 0.48 1
Rate:960.469
==========
==========28
8 0 2 24000
Node 70 29 29
Pkt 60 125 0.48 1
Pkt 93 192 0.484375 1
Node 44 65 16.1555
Pkt 154 320 0.48125 1
Pkt 192 400 0.48 1
Node 63 51 13.0384
Pkt 384 800 0.48 1
Pkt 360 750 0.48 1
Node 36 51 14.0357
Pkt 48 100 0.48 1
Pkt 93 192 0.484375 1
Node 35 38 19.2094
Pkt 154 320 0.48125 1
Pkt 231 480 0.48125 1
Node 74 39 26.4008
Pkt 360 750 0.48 1
Pkt 384 800 0.48 1
Node 35 71 25.807
Pkt 58 120 0.483333 1
Pkt 58 120 0.483333 1
Node 38 36 18.4391
Pkt 231 480 0.48125 1
Pkt 144 300 0.48 1
Rate:962.552
==========
==========29
8 0 2 24000
Node 73 30 30.4795
Pkt 93 192 0.484375 1
Pkt 120 250 0.48 1
Node 35 28 26.6271
Pkt 231 480 0.48125 1
Pkt 192 400 0.48 1
Node 67 46 17.4642
Pkt 360 750 0.48 1
Pkt 384 800 0.48 1
Node 33 62 20.8087
Pkt 77 160 0.48125 1
Pkt 60 125 0.48 1
Node 58 51 8.06226
Pkt 154 320 0.48125 1
Pkt 154 320 0.48125 1
Node 36 70 24.4131
Pkt 360 750 0.48 1
Pkt 360 750 0.48 1
Node 37 38 17.6918
Pkt 77 160 0.48125 1
Pkt 58 120 0.483333 1
Node 69 27 29.8329
Pkt 180 375 0.48 1
Pkt 192 400 0.48 1
Rate:961.745
==========
==========30
8 0 2 24000
Node 58 37 15.2643
Pkt 48 100 0.48 1
Pkt 72 150 0.48 1
Node 38 27 25.9422
Pkt 192 400 0.48 1
Pkt 180 375 0.48 1
Node 27 49 23.0217
Pkt 384 800 0.48 1
Pkt 360 750 0.48 1
Node 36 74 27.7849
Pkt 116 240 0.483333 1
Pkt 58 120 0.483333 1
Node 27 51 23.0217
Pkt 180 375 0.48 1
Pkt 154 320 0.48125 1
Node 33 36 22.0227
Pkt 384 800 0.48 1
Pkt 360 750 0.48 1
Node 43 27 24.0416
Pkt 48 100 0.48 1
Pkt 48 100 0.48 1
Node 55 52 5.38516
Pkt 144 300 0.48 1
Pkt 192 400 0.48 1
Rate:960.99
==========
==========31
8 0 2 24000
Node 36 57 15.6525
Pkt 96 200 0.48 1
Pkt 96 200 0.48 1
Node 36 64 19.799
Pkt 144 300 0.48 1
Pkt 192 400 0.48 1
Node 32 67 24.7588
Pkt 384 800 0.48 1
Pkt 360 750 0.48 1
Node 35 29 25.807
Pkt 96 200 0.48 1
Pkt 93 192 0.484375 1
Node 33 70 26.2488
Pkt 192 400 0.48 1
Pkt 192 400 0.48 1
Node 26 27 33.2415
Pkt 384 800 0.48 1
Pkt 360 750 0.48 1
Node 67 47 17.2627
Pkt 48 100 0.48 1
Pkt 120 250 0.48 1
Node 74 70 31.241
Pkt 180 375 0.48 1
Pkt 144 300 0.48 1
Rate:960.547
==========
==========32
8 0 2 24000
Node 67 58 18.7883
Pkt 96 200 0.48 1
Pkt 60 125 0.48 1
Node 42 30 21.5407
Pkt 144 300 0.48 1
Pkt 144 300 0.48 1
Node 49 61 11.0454
Pkt 384 800 0.48 1
Pkt 360 750 0.48 1
Node 50 56 6
Pkt 120 250 0.48 1
Pkt 60 125 0.48 1
Node 42 34 17.8885
Pkt 180 375 0.48 1
Pkt 144 300 0.48 1
Node 53 58 8.544
Pkt 360 750 0.48 1
Pkt 384 800 0.48 1
Node 43 66 17.4642
Pkt 72 150 0.48 1
Pkt 93 192 0.484375 1
Node 25 44 25.7099
Pkt 144 300 0.48 1
Pkt 192 400 0.48 1
Rate:960.547
==========
==========33
8 0 2 24000
Node 64 33 22.0227
Pkt 93 192 0.484375 1
Pkt 120 250 0.48 1
Node 46 42 8.94427
Pkt 154 320 0.48125 1
Pkt 192 400 0.48 1
Node 69 42 20.6155
Pkt 360 750 0.48 1
Pkt 360 750 0.48 1
Node 52 39 11.1803
Pkt 48 100 0.48 1
Pkt 116 240 0.483333 1
Node 62 28 25.0599
Pkt 180 375 0.48 1
Pkt 192 400 0.48 1
Node 73 39 25.4951
Pkt 360 750 0.48 1
Pkt 360 750 0.48 1
Node 73 41 24.6982
Pkt 116 240 0.483333 1
Pkt 120 250 0.48 1
Node 39 56 12.53
Pkt 154 320 0.48125 1
Pkt 192 400 0.48 1
Rate:961.693
==========
==========34
8 0 2 24000
Node 51 31 19.0263
Pkt 120 250 0.48 1
Pkt 116 240 0.483333 1
Node 28 27 31.8277
Pkt 144 300 0.48 1
Pkt 154 320 0.48125 1
Node 39 42 13.6015
Pkt 384 800 0.48 1
Pkt 384 800 0.48 1
Node 34 56 17.088
Pkt 116 240 0.483333 1
Pkt 72 150 0.48 1
Node 38 58 14.4222
Pkt 192 400 0.48 1
Pkt 144 300 0.48 1
Node 46 67 17.4642
Pkt 360 750 0.48 1
Pkt 360 750 0.48 1
Node 52 61 11.1803
Pkt 77 160 0.48125 1
Pkt 72 150 0.48 1
Node 63 58 15.2643
Pkt 192 400 0.48 1
Pkt 144 300 0.48 1
Rate:961.146
==========
==========35
8 0 2 24000
Node 33 37 21.4009
Pkt 116 240 0.483333 1
Pkt 120 250 0.48 1
Node 40 60 14.1421
Pkt 231 480 0.48125 1
Pkt 231 480 0.48125 1
Node 35 36 20.5183
Pkt 360 750 0.48 1
Pkt 384 800 0.48 1
Node 39 38 16.2788
Pkt 72 150 0.48 1
Pkt 96 200 0.48 1
Node 50 45 5
Pkt 192 400 0.48 1
Pkt 154 320 0.48125 1
Node 47 63 13.3417
Pkt 360 750 0.48 1
Pkt 360 750 0.48 1
Node 73 63 26.4197
Pkt 60 125 0.48 1
Pkt 60 125 0.48 1
Node 52 32 18.1108
Pkt 192 400 0.48 1
Pkt 231 480 0.48125 1
Rate:961.042
==========
==========36
8 0 2 24000
Node 66 41 18.3576
Pkt 120 250 0.48 1
Pkt 60 125 0.48 1
Node 55 43 8.60233
Pkt 231 480 0.48125 1
Pkt 144 300 0.48 1
Node 64 33 22.0227
Pkt 384 800 0.48 1
Pkt 384 800 0.48 1
Node 64 58 16.1245
Pkt 48 100 0.48 1
Pkt 72 150 0.48 1
Node 53 42 8.544
Pkt 192 400 0.48 1
Pkt 192 400 0.48 1
Node 64 27 26.9258
Pkt 360 750 0.48 1
Pkt 360 750 0.48 1
Node 58 54 8.94427
Pkt 58 120 0.483333 1
Pkt 72 150 0.48 1
Node 62 44 13.4164
Pkt 231 480 0.48125 1
Pkt 192 400 0.48 1
Rate:960.729
==========
==========37
8 0 2 24000
Node 61 50 11
Pkt 60 125 0.48 1
Pkt 116 240 0.483333 1
Node 38 55 13
Pkt 192 400 0.48 1
Pkt 180 375 0.48 1
Node 67 40 19.7231
Pkt 384 800 0.48 1
Pkt 384 800 0.48 1
Node 69 70 27.5862
Pkt 116 240 0.483333 1
Pkt 96 200 0.48 1
Node 65 71 25.807
Pkt 144 300 0.48 1
Pkt 154 320 0.48125 1
Node 55 37 13.9284
Pkt 384 800 0.48 1
Pkt 384 800 0.48 1
Node 63 65 19.8494
Pkt 60 125 0.48 1
Pkt 72 150 0.48 1
Node 37 73 26.4197
Pkt 154 320 0.48125 1
Pkt 154 320 0.48125 1
Rate:961.302
==========
==========38
8 0 2 24000
Node 63 46 13.6015
Pkt 77 160 0.48125 1
Pkt 93 192 0.484375 1
Node 47 58 8.544
Pkt 180 375 0.48 1
Pkt 192 400 0.48 1
Node 36 46 14.5602
Pkt 360 750 0.48 1
Pkt 360 750 0.48 1
Node 44 71 21.8403
Pkt 93 192 0.484375 1
Pkt 120 250 0.48 1
Node 65 32 23.4307
Pkt 180 375 0.48 1
Pkt 231 480 0.48125 1
Node 60 69 21.4709
Pkt 384 800 0.48 1
Pkt 360 750 0.48 1
Node 48 37 13.1529
Pkt 116 240 0.483333 1
Pkt 72 150 0.48 1
Node 50 26 24
Pkt 192 400 0.48 1
Pkt 154 320 0.48125 1
Rate:961.979
==========
==========39
8 0 2 24000
Node 71 48 21.095
Pkt 72 150 0.48 1
Pkt 48 100 0.48 1
Node 45 31 19.6469
Pkt 144 300 0.48 1
Pkt 144 300 0.48 1
Node 46 42 8.94427
Pkt 360 750 0.48 1
Pkt 360 750 0.48 1
Node 48 73 23.0868
Pkt 96 200 0.48 1
Pkt 77 160 0.48125 1
Node 51 65 15.0333
Pkt 180 375 0.48 1
Pkt 144 300 0.48 1
Node 28 52 22.0907
Pkt 384 800 0.48 1
Pkt 360 750 0.48 1
Node 69 56 19.9249
Pkt 120 250 0.48 1
Pkt 120 250 0.48 1
Node 64 52 14.1421
Pkt 231 480 0.48125 1
Pkt 144 300 0.48 1
Rate:960.313
==========
==========40
8 0 2 24000
Node 73 60 25.0799
Pkt 60 125 0.48 1
Pkt 96 200 0.48 1
Node 27 29 31.1448
Pkt 154 320 0.48125 1
Pkt 144 300 0.48 1
Node 59 69 21.0238
Pkt 360 750 0.48 1
Pkt 360 750 0.48 1
Node 48 58 8.24621
Pkt 96 200 0.48 1
Pkt 77 160 0.48125 1
Node 28 42 23.4094
Pkt 154 320 0.48125 1
Pkt 192 400 0.48 1
Node 73 50 23
Pkt 360 750 0.48 1
Pkt 384 800 0.48 1
Node 42 44 10
Pkt 72 150 0.48 1
Pkt 77 160 0.48125 1
Node 61 25 27.313
Pkt 192 400 0.48 1
Pkt 144 300 0.48 1
Rate:960.625
==========
==========41
8 0 2 24000
Node 25 58 26.2488
Pkt 120 250 0.48 1
Pkt 120 250 0.48 1
Node 59 63 15.8114
Pkt 144 300 0.48 1
Pkt 144 300 0.48 1
Node 61 73 25.4951
Pkt 360 750 0.48 1
Pkt 360 750 0.48 1
Node 66 54 16.4924
Pkt 77 160 0.48125 1
Pkt 96 200 0.48 1
Node 55 41 10.2956
Pkt 231 480 0.48125 1
Pkt 192 400 0.48 1
Node 38 73 25.9422
Pkt 384 800 0.48 1
Pkt 360 750 0.48 1
Node 51 32 18.0278
Pkt 96 200 0.48 1
Pkt 120 250 0.48 1
Node 72 33 27.8029
Pkt 144 300 0.48 1
Pkt 192 400 0.48 1
Rate:960.313
==========
==========42
8 0 2 24000
Node 39 28 24.5967
Pkt 60 125 0.48 1
Pkt 48 100 0.48 1
Node 45 41 10.2956
Pkt 154 320 0.48125 1
Pkt 144 300 0.48 1
Node 69 33 25.4951
Pkt 360 750 0.48 1
Pkt 360 750 0.48 1
Node 49 50 1
Pkt 96 200 0.48 1
Pkt 116 240 0.483333 1
Node 56 42 10
Pkt 154 320 0.48125 1
Pkt 154 320 0.48125 1
Node 41 37 15.8114
Pkt 360 750 0.48 1
Pkt 360 750 0.48 1
Node 47 50 3
Pkt 120 250 0.48 1
Pkt 60 125 0.48 1
Node 58 34 17.8885
Pkt 144 300 0.48 1
Pkt 192 400 0.48 1
Rate:960.885
==========
==========43
8 0 2 24000
Node 26 58 25.2982
Pkt 116 240 0.483333 1
Pkt 60 125 0.48 1
Node 72 67 27.8029
Pkt 231 480 0.48125 1
Pkt 231 480 0.48125 1
Node 35 46 15.5242
Pkt 384 800 0.48 1
Pkt 360 750 0.48 1
Node 66 38 20
Pkt 96 200 0.48 1
Pkt 60 125 0.48 1
Node 69 34 24.8395
Pkt 154 320 0.48125 1
Pkt 144 300 0.48 1
Node 45 31 19.6469
Pkt 384 800 0.48 1
Pkt 384 800 0.48 1
Node 65 72 26.6271
Pkt 120 250 0.48 1
Pkt 93 192 0.484375 1
Node 53 56 6.7082
Pkt 192 400 0.48 1
Pkt 144 300 0.48 1
Rate:961.432
==========
==========44
8 0 2 24000
Node 27 65 27.4591
Pkt 58 120 0.483333 1
Pkt 120 250 0.48 1
Node 40 35 18.0278
Pkt 192 400 0.48 1
Pkt 192 400 0.48 1
Node 31 74 30.6105
Pkt 360 750 0.48 1
Pkt 384 800 0.48 1
Node 33 49 17.0294
Pkt 58 120 0.483333 1
Pkt 116 240 0.483333 1
Node 70 26 31.241
Pkt 154 320 0.48125 1
Pkt 231 480 0.48125 1
Node 65 59 17.4929
Pkt 360 750 0.48 1
Pkt 384 800 0.48 1
Node 32 48 18.1108
Pkt 48 100 0.48 1
Pkt 48 100 0.48 1
Node 52 35 15.1327
Pkt 154 320 0.48125 1
Pkt 192 400 0.48 1
Rate:961.719
==========
==========45
8 0 2 24000
Node 60 46 10.7703
Pkt 96 200 0.48 1
Pkt 48 100 0.48 1
Node 35 61 18.6011
Pkt 231 480 0.48125 1
Pkt 192 400 0.48 1
Node 71 67 27.0185
Pkt 384 800 0.48 1
Pkt 360 750 0.48 1
Node 39 35 18.6011
Pkt 93 192 0.484375 1
Pkt 60 125 0.48 1
Node 54 68 18.4391
Pkt 154 320 0.48125 1
Pkt 231 480 0.48125 1
Node 27 50 23
Pkt 384 800 0.48 1
Pkt 384 800 0.48 1
Node 30 41 21.9317
Pkt 93 192 0.484375 1
Pkt 120 250 0.48 1
Node 52 47 3.60555
Pkt 231 480 0.48125 1
Pkt 180 375 0.48 1
Rate:961.719
==========
==========46
8 0 2 24000
Node 69 25 31.4006
Pkt 96 200 0.48 1
Pkt 48 100 0.48 1
Node 57 68 19.3132
Pkt 180 375 0.48 1
Pkt 192 400 0.48 1
Node 25 37 28.178
Pkt 384 800 0.48 1
Pkt 360 750 0.48 1
Node 43 32 19.3132
Pkt 96 200 0.48 1
Pkt 93 192 0.484375 1
Node 57 38 13.8924
Pkt 192 400 0.48 1
Pkt 180 375 0.48 1
Node 68 73 29.2062
Pkt 360 750 0.48 1
Pkt 384 800 0.48 1
Node 27 74 33.2415
Pkt 58 120 0.483333 1
Pkt 72 150 0.48 1
Node 39 67 20.2485
Pkt 154 320 0.48125 1
Pkt 180 375 0.48 1
Rate:961.12
==========
==========47
8 0 2 24000
Node 74 52 24.0832
Pkt 77 160 0.48125 1
Pkt 116 240 0.483333 1
Node 64 37 19.105
Pkt 154 320 0.48125 1
Pkt 192 400 0.48 1
Node 50 41 9
Pkt 360 750 0.48 1
Pkt 360 750 0.48 1
Node 65 62 19.2094
Pkt 116 240 0.483333 1
Pkt 116 240 0.483333 1
Node 46 44 7.2111
Pkt 154 320 0.48125 1
Pkt 180 375 0.48 1
Node 46 60 10.7703
Pkt 360 750 0.48 1
Pkt 384 800 0.48 1
Node 49 48 2.23607
Pkt 72 150 0.48 1
Pkt 58 120 0.483333 1
Node 43 50 7
Pkt 154 320 0.48125 1
Pkt 192 400 0.48 1
Rate:962.292
==========
==========48
8 0 2 24000
Node 38 58 14.4222
Pkt 58 120 0.483333 1
Pkt 96 200 0.48 1
Node 64 33 22.0227
Pkt 192 400 0.48 1
Pkt 231 480 0.48125 1
Node 59 51 9.05539
Pkt 384 800 0.48 1
Pkt 384 800 0.48 1
Node 39 53 11.4018
Pkt 120 250 0.48 1
Pkt 93 192 0.484375 1
Node 41 72 23.7697
Pkt 231 480 0.48125 1
Pkt 154 320 0.48125 1
Node 47 55 5.83095
Pkt 384 800 0.48 1
Pkt 360 750 0.48 1
Node 66 61 19.4165
Pkt 72 150 0.48 1
Pkt 96 200 0.48 1
Node 57 29 22.1359
Pkt 192 400 0.48 1
Pkt 180 375 0.48 1
Rate:961.432
==========
==========49
8 0 2 24000
Node 52 55 5.38516
Pkt 93 192 0.484375 1
Pkt 96 200 0.48 1
Node 27 35 27.4591
Pkt 154 320 0.48125 1
Pkt 180 375 0.48 1
Node 62 31 22.4722
Pkt 384 800 0.48 1
Pkt 360 750 0.48 1
Node 47 27 23.1948
Pkt 48 100 0.48 1
Pkt 116 240 0.483333 1
Node 28 58 23.4094
Pkt 180 375 0.48 1
Pkt 144 300 0.48 1
Node 65 58 17
Pkt 384 800 0.48 1
Pkt 360 750 0.48 1
Node 74 48 24.0832
Pkt 72 150 0.48 1
Pkt 77 160 0.48125 1
Node 47 62 12.3693
Pkt 231 480 0.48125 1
Pkt 231 480 0.48125 1
Rate:961.589
==========
==========50
8 0 2 24000
Node 68 59 20.1246
Pkt 48 100 0.48 1
Pkt 96 200 0.48 1
Node 65 58 17
Pkt 192 400 0.48 1
Pkt 231 480 0.48125 1
Node 52 28 22.0907
Pkt 360 750 0.48 1
Pkt 384 800 0.48 1
Node 64 28 26.0768
Pkt 48 100 0.48 1
Pkt 58 120 0.483333 1
Node 41 73 24.6982
Pkt 144 300 0.48 1
Pkt 154 320 0.48125 1
Node 47 62 12.3693
Pkt 384 800 0.48 1
Pkt 360 750 0.48 1
Node 71 27 31.1448
Pkt 77 160 0.48125 1
Pkt 77 160 0.48125 1
Node 72 26 32.5576
Pkt 180 375 0.48 1
Pkt 192 400 0.48 1
Rate:961.042
==========
==========51
8 0 2 24000
Node 69 64 23.6008
Pkt 58 120 0.483333 1
Pkt 120 250 0.48 1
Node 39 29 23.7065
Pkt 231 480 0.48125 1
Pkt 231 480 0.48125 1
Node 73 61 25.4951
Pkt 384 800 0.48 1
Pkt 384 800 0.48 1
Node 70 38 23.3238
Pkt 116 240 0.483333 1
Pkt 48 100 0.48 1
Node 57 57 9.89949
Pkt 180 375 0.48 1
Pkt 231 480 0.48125 1
Node 30 72 29.7321
Pkt 360 750 0.48 1
Pkt 360 750 0.48 1
Node 68 68 25.4558
Pkt 116 240 0.483333 1
Pkt 77 160 0.48125 1
Node 58 67 18.7883
Pkt 180 375 0.48 1
Pkt 180 375 0.48 1
Rate:961.875
==========
==========52
8 0 2 24000
Node 55 53 5.83095
Pkt 93 192 0.484375 1
Pkt 60 125 0.48 1
Node 28 41 23.7697
Pkt 192 400 0.48 1
Pkt 144 300 0.48 1
Node 26 49 24.0208
Pkt 384 800 0.48 1
Pkt 384 800 0.48 1
Node 62 49 12.0416
Pkt 58 120 0.483333 1
Pkt 60 125 0.48 1
Node 49 65 15.0333
Pkt 231 480 0.48125 1
Pkt 154 320 0.48125 1
Node 70 66 25.6125
Pkt 384 800 0.48 1
Pkt 384 800 0.48 1
Node 47 26 24.1868
Pkt 96 200 0.48 1
Pkt 77 160 0.48125 1
Node 68 25 30.8058
Pkt 231 480 0.48125 1
Pkt 144 300 0.48 1
Rate:961.589
==========
==========53
8 0 2 24000
Node 70 38 23.3238
Pkt 72 150 0.48 1
Pkt 48 100 0.48 1
Node 61 69 21.9545
Pkt 180 375 0.48 1
Pkt 180 375 0.48 1
Node 57 61 13.0384
Pkt 384 800 0.48 1
Pkt 384 800 0.48 1
Node 40 61 14.8661
Pkt 58 120 0.483333 1
Pkt 58 120 0.483333 1
Node 26 54 24.3311
Pkt 180 375 0.48 1
Pkt 231 480 0.48125 1
Node 56 27 23.7697
Pkt 360 750 0.48 1
Pkt 360 750 0.48 1
Node 47 72 22.2036
Pkt 93 192 0.484375 1
Pkt 77 160 0.48125 1
Node 25 59 26.5707
Pkt 144 300 0.48 1
Pkt 154 320 0.48125 1
Rate:961.849
==========
==========54
8 0 2 24000
Node 34 41 18.3576
Pkt 96 200 0.48 1
Pkt 116 240 0.483333 1
Node 55 34 16.7631
Pkt 144 300 0.48 1
Pkt 231 480 0.48125 1
Node 51 56 6.08276
Pkt 360 750 0.48 1
Pkt 384 800 0.48 1
Node 67 33 24.0416
Pkt 60 125 0.48 1
Pkt 58 120 0.483333 1
Node 72 73 31.8277
Pkt 180 375 0.48 1
Pkt 144 300 0.48 1
Node 67 68 24.7588
Pkt 360 750 0.48 1
Pkt 360 750 0.48 1
Node 51 36 14.0357
Pkt 58 120 0.483333 1
Pkt 60 125 0.48 1
Node 31 62 22.4722
Pkt 231 480 0.48125 1
Pkt 231 480 0.48125 1
Rate:961.719
==========
==========55
8 0 2 24000
Node 53 63 13.3417
Pkt 93 192 0.484375 1
Pkt 77 160 0.48125 1
Node 67 27 28.6007
Pkt 192 400 0.48 1
Pkt 154 320 0.48125 1
Node 72 36 26.0768
Pkt 384 800 0.48 1
Pkt 384 800 0.48 1
Node 69 62 22.4722
Pkt 96 200 0.48 1
Pkt 48 100 0.48 1
Node 45 65 15.8114
Pkt 180 375 0.48 1
Pkt 144 300 0.48 1
Node 61 45 12.083
Pkt 360 750 0.48 1
Pkt 360 750 0.48 1
Node 33 64 22.0227
Pkt 60 125 0.48 1
Pkt 58 120 0.483333 1
Node 61 38 16.2788
Pkt 180 375 0.48 1
Pkt 154 320 0.48125 1
Rate:961.432
==========
==========56
8 0 2 24000
Node 43 27 24.0416
Pkt 77 160 0.48125 1
Pkt 60 125 0.48 1
Node 34 32 24.0832
Pkt 180 375 0.48 1
Pkt 154 320 0.48125 1
Node 31 53 19.2354
Pkt 384 800 0.48 1
Pkt 384 800 0.48 1
Node 67 67 24.0416
Pkt 116 240 0.483333 1
Pkt 60 125 0.48 1
Node 47 43 7.61577
Pkt 180 375 0.48 1
Pkt 180 375 0.48 1
Node 56 36 15.2315
Pkt 360 750 0.48 1
Pkt 360 750 0.48 1
Node 71 71 29.6985
Pkt 93 192 0.484375 1
Pkt 58 120 0.483333 1
Node 50 65 15
Pkt 192 400 0.48 1
Pkt 180 375 0.48 1
Rate:961.693
==========
==========57
8 0 2 24000
Node 49 58 8.06226
Pkt 48 100 0.48 1
Pkt 120 250 0.48 1
Node 58 50 8
Pkt 154 320 0.48125 1
Pkt 144 300 0.48 1
Node 41 53 9.48683
Pkt 384 800 0.48 1
Pkt 384 800 0.48 1
Node 61 38 16.2788
Pkt 77 160 0.48125 1
Pkt 93 192 0.484375 1
Node 67 32 24.7588
Pkt 192 400 0.48 1
Pkt 180 375 0.48 1
Node 25 68 30.8058
Pkt 384 800 0.48 1
Pkt 384 800 0.48 1
Node 70 59 21.9317
Pkt 72 150 0.48 1
Pkt 72 150 0.48 1
Node 36 50 14
Pkt 154 320 0.48125 1
Pkt 144 300 0.48 1
Rate:961.016
==========
==========58
8 0 2 24000
Node 51 63 13.0384
Pkt 77 160 0.48125 1
Pkt 96 200 0.48 1
Node 66 29 26.4008
Pkt 144 300 0.48 1
Pkt 180 375 0.48 1
Node 38 26 26.8328
Pkt 360 750 0.48 1
Pkt 360 750 0.48 1
Node 74 58 25.2982
Pkt 72 150 0.48 1
Pkt 96 200 0.48 1
Node 38 66 20
Pkt 231 480 0.48125 1
Pkt 231 480 0.48125 1
Node 63 44 14.3178
Pkt 360 750 0.48 1
Pkt 360 750 0.48 1
Node 46 72 22.3607
Pkt 60 125 0.48 1
Pkt 93 192 0.484375 1
Node 42 32 19.6977
Pkt 231 480 0.48125 1
Pkt 154 320 0.48125 1
Rate:961.328
==========
==========59
8 0 2 24000
Node 46 43 8.06226
Pkt 120 250 0.48 1
Pkt 77 160 0.48125 1
Node 56 70 20.8806
Pkt 154 320 0.48125 1
Pkt 154 320 0.48125 1
Node 37 44 14.3178
Pkt 384 800 0.48 1
Pkt 384 800 0.48 1
Node 27 49 23.0217
Pkt 60 125 0.48 1
Pkt 60 125 0.48 1
Node 57 57 9.89949
Pkt 231 480 0.48125 1
Pkt 180 375 0.48 1
Node 62 63 17.6918
Pkt 384 800 0.48 1
Pkt 360 750 0.48 1
Node 41 58 12.0416
Pkt 116 240 0.483333 1
Pkt 58 120 0.483333 1
Node 53 72 22.2036
Pkt 144 300 0.48 1
Pkt 192 400 0.48 1
Rate:961.458
==========
==========60
8 0 2 24000
Node 51 35 15.0333
Pkt 60 125 0.48 1
Pkt 72 150 0.48 1
Node 33 69 25.4951
Pkt 231 480 0.48125 1
Pkt 231 480 0.48125 1
Node 32 29 27.6586
Pkt 360 750 0.48 1
Pkt 384 800 0.48 1
Node 67 62 20.8087
Pkt 96 200 0.48 1
Pkt 93 192 0.484375 1
Node 31 71 28.3196
Pkt 144 300 0.48 1
Pkt 231 480 0.48125 1
Node 57 71 22.1359
Pkt 384 800 0.48 1
Pkt 384 800 0.48 1
Node 51 36 14.0357
Pkt 77 160 0.48125 1
Pkt 96 200 0.48 1
Node 33 59 19.2354
Pkt 231 480 0.48125 1
Pkt 144 300 0.48 1
Rate:961.328
==========
==========61
8 0 2 24000
Node 69 71 28.3196
Pkt 96 200 0.48 1
Pkt 48 100 0.48 1
Node 69 46 19.4165
Pkt 144 300 0.48 1
Pkt 144 300 0.48 1
Node 66 55 16.7631
Pkt 360 750 0.48 1
Pkt 360 750 0.48 1
Node 53 36 14.3178
Pkt 96 200 0.48 1
Pkt 72 150 0.48 1
Node 27 70 30.4795
Pkt 180 375 0.48 1
Pkt 180 375 0.48 1
Node 49 64 14.0357
Pkt 360 750 0.48 1
Pkt 384 800 0.48 1
Node 52 74 24.0832
Pkt 48 100 0.48 1
Pkt 60 125 0.48 1
Node 48 45 5.38516
Pkt 192 400 0.48 1
Pkt 144 300 0.48 1
Rate:960
==========
==========62
8 0 2 24000
Node 65 39 18.6011
Pkt 77 160 0.48125 1
Pkt 60 125 0.48 1
Node 71 33 27.0185
Pkt 192 400 0.48 1
Pkt 144 300 0.48 1
Node 62 71 24.1868
Pkt 384 800 0.48 1
Pkt 360 750 0.48 1
Node 35 55 15.8114
Pkt 58 120 0.483333 1
Pkt 58 120 0.483333 1
Node 27 52 23.0868
Pkt 144 300 0.48 1
Pkt 180 375 0.48 1
Node 31 57 20.2485
Pkt 384 800 0.48 1
Pkt 360 750 0.48 1
Node 35 55 15.8114
Pkt 116 240 0.483333 1
Pkt 116 240 0.483333 1
Node 30 69 27.5862
Pkt 154 320 0.48125 1
Pkt 192 400 0.48 1
Rate:961.979
==========
==========63
8 0 2 24000
Node 49 51 1.41421
Pkt 60 125 0.48 1
Pkt 96 200 0.48 1
Node 35 67 22.6716
Pkt 180 375 0.48 1
Pkt 144 300 0.48 1
Node 43 69 20.2485
Pkt 384 800 0.48 1
Pkt 360 750 0.48 1
Node 50 33 17
Pkt 120 250 0.48 1
Pkt 72 150 0.48 1
Node 59 39 14.2127
Pkt 154 320 0.48125 1
Pkt 144 300 0.48 1
Node 28 67 27.8029
Pkt 360 750 0.48 1
Pkt 360 750 0.48 1
Node 59 58 12.0416
Pkt 72 150 0.48 1
Pkt 48 100 0.48 1
Node 51 63 13.0384
Pkt 154 320 0.48125 1
Pkt 192 400 0.48 1
Rate:960.313
==========
==========64
8 0 2 24000
Node 47 31 19.2354
Pkt 48 100 0.48 1
Pkt 72 150 0.48 1
Node 39 37 17.0294
Pkt 154 320 0.48125 1
Pkt 144 300 0.48 1
Node 56 51 6.08276
Pkt 360 750 0.48 1
Pkt 360 750 0.48 1
Node 72 59 23.7697
Pkt 93 192 0.484375 1
Pkt 96 200 0.48 1
Node 45 34 16.7631
Pkt 231 480 0.48125 1
Pkt 192 400 0.48 1
Node 44 39 12.53
Pkt 384 800 0.48 1
Pkt 384 800 0.48 1
Node 72 56 22.8035
Pkt 72 150 0.48 1
Pkt 77 160 0.48125 1
Node 36 52 14.1421
Pkt 192 400 0.48 1
Pkt 180 375 0.48 1
Rate:961.016
==========
==========65
8 0 2 24000
Node 51 57 7.07107
Pkt 58 120 0.483333 1
Pkt 93 192 0.484375 1
Node 25 55 25.4951
Pkt 231 480 0.48125 1
Pkt 180 375 0.48 1
Node 57 68 19.3132
Pkt 384 800 0.48 1
Pkt 360 750 0.48 1
Node 25 56 25.7099
Pkt 96 200 0.48 1
Pkt 48 100 0.48 1
Node 63 41 15.8114
Pkt 231 480 0.48125 1
Pkt 180 375 0.48 1
Node 29 74 31.8904
Pkt 360 750 0.48 1
Pkt 384 800 0.48 1
Node 44 72 22.8035
Pkt 93 192 0.484375 1
Pkt 96 200 0.48 1
Node 33 36 22.0227
Pkt 192 400 0.48 1
Pkt 192 400 0.48 1
Rate:961.823
==========
==========66
8 0 2 24000
Node 43 63 14.7648
Pkt 96 200 0.48 1
Pkt 96 200 0.48 1
Node 46 56 7.2111
Pkt 144 300 0.48 1
Pkt 144 300 0.48 1
Node 51 49 1.41421
Pkt 384 800 0.48 1
Pkt 360 750 0.48 1
Node 39 40 14.8661
Pkt 93 192 0.484375 1
Pkt 93 192 0.484375 1
Node 40 49 10.0499
Pkt 144 300 0.48 1
Pkt 192 400 0.48 1
Node 63 35 19.8494
Pkt 360 750 0.48 1
Pkt 384 800 0.48 1
Node 25 58 26.2488
Pkt 58 120 0.483333 1
Pkt 60 125 0.48 1
Node 37 74 27.2947
Pkt 192 400 0.48 1
Pkt 180 375 0.48 1
Rate:961.51
==========
==========67
8 0 2 24000
Node 74 51 24.0208
Pkt 72 150 0.48 1
Pkt 116 240 0.483333 1
Node 42 64 16.1245
Pkt 154 320 0.48125 1
Pkt 144 300 0.48 1
Node 53 27 23.1948
Pkt 384 800 0.48 1
Pkt 360 750 0.48 1
Node 26 49 24.0208
Pkt 116 240 0.483333 1
Pkt 93 192 0.484375 1
Node 45 32 18.6815
Pkt 192 400 0.48 1
Pkt 144 300 0.48 1
Node 30 69 27.5862
Pkt 360 750 0.48 1
Pkt 360 750 0.48 1
Node 62 71 24.1868
Pkt 60 125 0.48 1
Pkt 60 125 0.48 1
Node 44 52 6.32456
Pkt 154 320 0.48125 1
Pkt 231 480 0.48125 1
Rate:961.849
==========
==========68
8 0 2 24000
Node 58 51 8.06226
Pkt 58 120 0.483333 1
Pkt 116 240 0.483333 1
Node 68 38 21.6333
Pkt 192 400 0.48 1
Pkt 192 400 0.48 1
Node 45 46 6.40312
Pkt 384 800 0.48 1
Pkt 360 750 0.48 1
Node 43 30 21.1896
Pkt 60 125 0.48 1
Pkt 77 160 0.48125 1
Node 45 70 20.6155
Pkt 231 480 0.48125 1
Pkt 231 480 0.48125 1
Node 72 43 23.0868
Pkt 360 750 0.48 1
Pkt 384 800 0.48 1
Node 43 33 18.3848
Pkt 60 125 0.48 1
Pkt 58 120 0.483333 1
Node 43 65 16.5529
Pkt 180 375 0.48 1
Pkt 192 400 0.48 1
Rate:961.719
==========
==========69
8 0 2 24000
Node 60 31 21.4709
Pkt 48 100 0.48 1
Pkt 58 120 0.483333 1
Node 48 38 12.1655
Pkt 154 320 0.48125 1
Pkt 144 300 0.48 1
Node 32 74 30
Pkt 384 800 0.48 1
Pkt 384 800 0.48 1
Node 60 28 24.1661
Pkt 72 150 0.48 1
Pkt 93 192 0.484375 1
Node 70 68 26.9072
Pkt 144 300 0.48 1
Pkt 144 300 0.48 1
Node 74 40 26
Pkt 360 750 0.48 1
Pkt 360 750 0.48 1
Node 58 66 17.8885
Pkt 116 240 0.483333 1
Pkt 96 200 0.48 1
Node 57 68 19.3132
Pkt 144 300 0.48 1
Pkt 192 400 0.48 1
Rate:961.536
==========
==========70
8 0 2 24000
Node 28 47 22.2036
Pkt 77 160 0.48125 1
Pkt 58 120 0.483333 1
Node 60 52 10.198
Pkt 231 480 0.48125 1
Pkt 180 375 0.48 1
Node 39 28 24.5967
Pkt 384 800 0.48 1
Pkt 360 750 0.48 1
Node 27 71 31.1448
Pkt 48 100 0.48 1
Pkt 116 240 0.483333 1
Node 41 70 21.9317
Pkt 231 480 0.48125 1
Pkt 231 480 0.48125 1
Node 32 33 24.7588
Pkt 360 750 0.48 1
Pkt 384 800 0.48 1
Node 52 44 6.32456
Pkt 58 120 0.483333 1
Pkt 120 250 0.48 1
Node 55 53 5.83095
Pkt 180 375 0.48 1
Pkt 144 300 0.48 1
Rate:961.875
==========
==========71
8 0 2 24000
Node 43 55 8.60233
Pkt 116 240 0.483333 1
Pkt 93 192 0.484375 1
Node 73 64 26.9258
Pkt 144 300 0.48 1
Pkt 192 400 0.48 1
Node 64 25 28.6531
Pkt 384 800 0.48 1
Pkt 360 750 0.48 1
Node 29 67 27.0185
Pkt 72 150 0.48 1
Pkt 48 100 0.48 1
Node 26 72 32.5576
Pkt 180 375 0.48 1
Pkt 144 300 0.48 1
Node 34 67 23.3452
Pkt 384 800 0.48 1
Pkt 384 800 0.48 1
Node 63 70 23.8537
Pkt 58 120 0.483333 1
Pkt 58 120 0.483333 1
Node 47 72 22.2036
Pkt 180 375 0.48 1
Pkt 180 375 0.48 1
Rate:961.797
==========
==========72
8 0 2 24000
Node 62 34 20
Pkt 96 200 0.48 1
Pkt 120 250 0.48 1
Node 25 57 25.9615
Pkt 192 400 0.48 1
Pkt 192 400 0.48 1
Node 73 43 24.0416
Pkt 384 800 0.48 1
Pkt 360 750 0.48 1
Node 71 52 21.095
Pkt 72 150 0.48 1
Pkt 48 100 0.48 1
Node 39 39 15.5563
Pkt 192 400 0.48 1
Pkt 154 320 0.48125 1
Node 49 69 19.0263
Pkt 384 800 0.48 1
Pkt 384 800 0.48 1
Node 43 48 7.28011
Pkt 96 200 0.48 1
Pkt 72 150 0.48 1
Node 60 46 10.7703
Pkt 180 375 0.48 1
Pkt 231 480 0.48125 1
Rate:960.313
==========
==========73
8 0 2 24000
Node 62 67 20.8087
Pkt 77 160 0.48125 1
Pkt 116 240 0.483333 1
Node 42 25 26.2488
Pkt 144 300 0.48 1
Pkt 180 375 0.48 1
Node 35 67 22.6716
Pkt 384 800 0.48 1
Pkt 360 750 0.48 1
Node 67 42 18.7883
Pkt 93 192 0.484375 1
Pkt 72 150 0.48 1
Node 31 58 20.6155
Pkt 180 375 0.48 1
Pkt 144 300 0.48 1
Node 26 32 30
Pkt 360 750 0.48 1
Pkt 384 800 0.48 1
Node 46 41 9.84886
Pkt 72 150 0.48 1
Pkt 96 200 0.48 1
Node 55 51 5.09902
Pkt 180 375 0.48 1
Pkt 231 480 0.48125 1
Rate:961.276
==========
==========74
8 0 2 24000
Node 59 52 9.21954
Pkt 58 120 0.483333 1
Pkt 120 250 0.48 1
Node 62 42 14.4222
Pkt 192 400 0.48 1
Pkt 231 480 0.48125 1
Node 73 45 23.5372
Pkt 384 800 0.48 1
Pkt 384 800 0.48 1
Node 37 47 13.3417
Pkt 93 192 0.484375 1
Pkt 72 150 0.48 1
Node 45 40 11.1803
Pkt 180 375 0.48 1
Pkt 154 320 0.48125 1
Node 45 66 16.7631
Pkt 384 800 0.48 1
Pkt 360 750 0.48 1
Node 30 28 29.7321
Pkt 72 150 0.48 1
Pkt 93 192 0.484375 1
Node 51 63 13.0384
Pkt 192 400 0.48 1
Pkt 144 300 0.48 1
Rate:961.823
==========
==========75
8 0 2 24000
Node 69 50 19
Pkt 120 250 0.48 1
Pkt 60 125 0.48 1
Node 37 36 19.105
Pkt 192 400 0.48 1
Pkt 154 320 0.48125 1
Node 61 74 26.4008
Pkt 384 800 0.48 1
Pkt 384 800 0.48 1
Node 57 53 7.61577
Pkt 60 125 0.48 1
Pkt 120 250 0.48 1
Node 67 66 23.3452
Pkt 231 480 0.48125 1
Pkt 180 375 0.48 1
Node 67 30 26.2488
Pkt 360 750 0.48 1
Pkt 384 800 0.48 1
Node 51 50 1
Pkt 77 160 0.48125 1
Pkt 120 250 0.48 1
Node 30 55 20.6155
Pkt 231 480 0.48125 1
Pkt 231 480 0.48125 1
Rate:960.781
==========
==========76
8 0 2 24000
Node 41 34 18.3576
Pkt 120 250 0.48 1
Pkt 93 192 0.484375 1
Node 60 56 11.6619
Pkt 231 480 0.48125 1
Pkt 144 300 0.48 1
Node 74 69 30.6105
Pkt 384 800 0.48 1
Pkt 384 800 0.48 1
Node 73 56 23.7697
Pkt 116 240 0.483333 1
Pkt 48 100 0.48 1
Node 69 68 26.1725
Pkt 154 320 0.48125 1
Pkt 180 375 0.48 1
Node 36 52 14.1421
Pkt 384 800 0.48 1
Pkt 384 800 0.48 1
Node 32 68 25.4558
Pkt 60 125 0.48 1
Pkt 93 192 0.484375 1
Node 73 63 26.4197
Pkt 144 300 0.48 1
Pkt 231 480 0.48125 1
Rate:961.979
==========
==========77
8 0 2 24000
Node 52 45 5.38516
Pkt 120 250 0.48 1
Pkt 60 125 0.48 1
Node 29 74 31.8904
Pkt 192 400 0.48 1
Pkt 180 375 0.48 1
Node 66 48 16.1245
Pkt 360 750 0.48 1
Pkt 360 750 0.48 1
Node 51 43 7.07107
Pkt 60 125 0.48 1
Pkt 60 125 0.48 1
Node 61 38 16.2788
Pkt 144 300 0.48 1
Pkt 180 375 0.48 1
Node 72 58 23.4094
Pkt 360 750 0.48 1
Pkt 384 800 0.48 1
Node 52 43 7.28011
Pkt 48 100 0.48 1
Pkt 48 100 0.48 1
Node 27 41 24.6982
Pkt 192 400 0.48 1
Pkt 144 300 0.48 1
Rate:960
==========
==========78
8 0 2 24000
Node 54 63 13.6015
Pkt 93 192 0.484375 1
Pkt 72 150 0.48 1
Node 58 39 13.6015
Pkt 180 375 0.48 1
Pkt 231 480 0.48125 1
Node 58 65 17
Pkt 360 750 0.48 1
Pkt 384 800 0.48 1
Node 71 73 31.1448
Pkt 93 192 0.484375 1
Pkt 116 240 0.483333 1
Node 73 69 29.8329
Pkt 192 400 0.48 1
Pkt 180 375 0.48 1
Node 70 60 22.3607
Pkt 360 750 0.48 1
Pkt 384 800 0.48 1
Node 40 38 15.6205
Pkt 60 125 0.48 1
Pkt 77 160 0.48125 1
Node 68 64 22.8035
Pkt 192 400 0.48 1
Pkt 144 300 0.48 1
Rate:961.823
==========
==========79
8 0 2 24000
Node 29 57 22.1359
Pkt 72 150 0.48 1
Pkt 116 240 0.483333 1
Node 73 72 31.8277
Pkt 231 480 0.48125 1
Pkt 154 320 0.48125 1
Node 60 51 10.0499
Pkt 384 800 0.48 1
Pkt 360 750 0.48 1
Node 38 69 22.4722
Pkt 96 200 0.48 1
Pkt 77 160 0.48125 1
Node 69 61 21.9545
Pkt 144 300 0.48 1
Pkt 154 320 0.48125 1
Node 72 55 22.561
Pkt 384 800 0.48 1
Pkt 384 800 0.48 1
Node 71 55 21.587
Pkt 48 100 0.48 1
Pkt 72 150 0.48 1
Node 74 60 26
Pkt 231 480 0.48125 1
Pkt 192 400 0.48 1
Rate:961.198
==========
==========80
8 0 2 24000
Node 67 32 24.7588
Pkt 48 100 0.48 1
Pkt 77 160 0.48125 1
Node 25 30 32.0156
Pkt 144 300 0.48 1
Pkt 144 300 0.48 1
Node 67 55 17.72
Pkt 384 800 0.48 1
Pkt 360 750 0.48 1
Node 62 54 12.6491
Pkt 120 250 0.48 1
Pkt 77 160 0.48125 1
Node 27 49 23.0217
Pkt 144 300 0.48 1
Pkt 154 320 0.48125 1
Node 48 35 15.1327
Pkt 360 750 0.48 1
Pkt 360 750 0.48 1
Node 29 31 28.3196
Pkt 58 120 0.483333 1
Pkt 120 250 0.48 1
Node 36 42 16.1245
Pkt 192 400 0.48 1
Pkt 154 320 0.48125 1
Rate:961.042
==========
==========81
8 0 2 24000
Node 48 33 17.1172
Pkt 93 192 0.484375 1
Pkt 60 125 0.48 1
Node 74 57 25
Pkt 154 320 0.48125 1
Pkt 192 400 0.48 1
Node 37 57 14.7648
Pkt 360 750 0.48 1
Pkt 360 750 0.48 1
Node 65 60 18.0278
Pkt 96 200 0.48 1
Pkt 120 250 0.48 1
Node 35 29 25.807
Pkt 231 480 0.48125 1
Pkt 231 480 0.48125 1
Node 41 32 20.1246
Pkt 360 750 0.48 1
Pkt 360 750 0.48 1
Node 51 60 10.0499
Pkt 120 250 0.48 1
Pkt 116 240 0.483333 1
Node 61 28 24.5967
Pkt 231 480 0.48125 1
Pkt 144 300 0.48 1
Rate:961.589
==========
==========82
8 0 2 24000
Node 66 33 23.3452
Pkt 77 160 0.48125 1
Pkt 93 192 0.484375 1
Node 69 55 19.6469
Pkt 180 375 0.48 1
Pkt 154 320 0.48125 1
Node 68 35 23.4307
Pkt 360 750 0.48 1
Pkt 384 800 0.48 1
Node 30 29 29
Pkt 48 100 0.48 1
Pkt 116 240 0.483333 1
Node 41 34 18.3576
Pkt 192 400 0.48 1
Pkt 231 480 0.48125 1
Node 47 47 4.24264
Pkt 384 800 0.48 1
Pkt 384 800 0.48 1
Node 74 69 30.6105
Pkt 77 160 0.48125 1
Pkt 120 250 0.48 1
Node 26 71 31.8904
Pkt 144 300 0.48 1
Pkt 192 400 0.48 1
Rate:961.589
==========
==========83
8 0 2 24000
Node 45 47 5.83095
Pkt 77 160 0.48125 1
Pkt 93 192 0.484375 1
Node 37 45 13.9284
Pkt 231 480 0.48125 1
Pkt 231 480 0.48125 1
Node 36 37 19.105
Pkt 360 750 0.48 1
Pkt 360 750 0.48 1
Node 45 66 16.7631
Pkt 96 200 0.48 1
Pkt 72 150 0.48 1
Node 37 50 13
Pkt 144 300 0.48 1
Pkt 192 400 0.48 1
Node 26 63 27.2947
Pkt 360 750 0.48 1
Pkt 360 750 0.48 1
Node 47 69 19.2354
Pkt 77 160 0.48125 1
Pkt 58 120 0.483333 1
Node 48 45 5.38516
Pkt 231 480 0.48125 1
Pkt 192 400 0.48 1
Rate:961.745
==========
==========84
8 0 2 24000
Node 54 35 15.5242
Pkt 116 240 0.483333 1
Pkt 72 150 0.48 1
Node 40 66 18.868
Pkt 192 400 0.48 1
Pkt 144 300 0.48 1
Node 69 60 21.4709
Pkt 360 750 0.48 1
Pkt 360 750 0.48 1
Node 32 34 24.0832
Pkt 72 150 0.48 1
Pkt 77 160 0.48125 1
Node 64 51 14.0357
Pkt 231 480 0.48125 1
Pkt 154 320 0.48125 1
Node 53 68 18.2483
Pkt 360 750 0.48 1
Pkt 360 750 0.48 1
Node 30 53 20.2237
Pkt 58 120 0.483333 1
Pkt 116 240 0.483333 1
Node 67 37 21.4009
Pkt 154 320 0.48125 1
Pkt 154 320 0.48125 1
Rate:962.031
==========
==========85
8 0 2 24000
Node 66 70 25.6125
Pkt 77 160 0.48125 1
Pkt 72 150 0.48 1
Node 62 31 22.4722
Pkt 192 400 0.48 1
Pkt 231 480 0.48125 1
Node 31 71 28.3196
Pkt 384 800 0.48 1
Pkt 384 800 0.48 1
Node 73 67 28.6007
Pkt 96 200 0.48 1
Pkt 120 250 0.48 1
Node 52 47 3.60555
Pkt 192 400 0.48 1
Pkt 180 375 0.48 1
Node 32 63 22.2036
Pkt 384 800 0.48 1
Pkt 360 750 0.48 1
Node 55 66 16.7631
Pkt 96 200 0.48 1
Pkt 60 125 0.48 1
Node 54 63 13.6015
Pkt 154 320 0.48125 1
Pkt 180 375 0.48 1
Rate:960.469
==========
==========86
8 0 2 24000
Node 71 73 31.1448
Pkt 116 240 0.483333 1
Pkt 48 100 0.48 1
Node 60 64 17.2047
Pkt 154 320 0.48125 1
Pkt 192 400 0.48 1
Node 55 52 5.38516
Pkt 360 750 0.48 1
Pkt 384 800 0.48 1
Node 66 32 24.0832
Pkt 116 240 0.483333 1
Pkt 93 192 0.484375 1
Node 48 43 7.28011
Pkt 231 480 0.48125 1
Pkt 180 375 0.48 1
Node 57 58 10.6301
Pkt 384 800 0.48 1
Pkt 360 750 0.48 1
Node 65 32 23.4307
Pkt 58 120 0.483333 1
Pkt 48 100 0.48 1
Node 68 62 21.6333
Pkt 154 320 0.48125 1
Pkt 180 375 0.48 1
Rate:962.266
==========
==========87
8 0 2 24000
Node 34 71 26.4008
Pkt 60 125 0.48 1
Pkt 72 150 0.48 1
Node 37 56 14.3178
Pkt 154 320 0.48125 1
Pkt 231 480 0.48125 1
Node 60 27 25.0799
Pkt 360 750 0.48 1
Pkt 384 800 0.48 1
Node 50 29 21
Pkt 48 100 0.48 1
Pkt 60 125 0.48 1
Node 45 55 7.07107
Pkt 180 375 0.48 1
Pkt 180 375 0.48 1
Node 62 65 19.2094
Pkt 360 750 0.48 1
Pkt 384 800 0.48 1
Node 47 70 20.2237
Pkt 116 240 0.483333 1
Pkt 116 240 0.483333 1
Node 40 55 11.1803
Pkt 154 320 0.48125 1
Pkt 180 375 0.48 1
Rate:961.302
==========
==========88
8 0 2 24000
Node 34 63 20.6155
Pkt 60 125 0.48 1
Pkt 93 192 0.484375 1
Node 49 37 13.0384
Pkt 180 375 0.48 1
Pkt 154 320 0.48125 1
Node 33 66 23.3452
Pkt 384 800 0.48 1
Pkt 360 750 0.48 1
Node 72 63 25.5539
Pkt 60 125 0.48 1
Pkt 120 250 0.48 1
Node 38 71 24.1868
Pkt 154 320 0.48125 1
Pkt 192 400 0.48 1
Node 70 32 26.9072
Pkt 384 800 0.48 1
Pkt 384 800 0.48 1
Node 57 74 25
Pkt 72 150 0.48 1
Pkt 116 240 0.483333 1
Node 31 62 22.4722
Pkt 144 300 0.48 1
Pkt 192 400 0.48 1
Rate:961.276
==========
==========89
8 0 2 24000
Node 66 63 20.6155
Pkt 72 150 0.48 1
Pkt 93 192 0.484375 1
Node 47 29 21.2132
Pkt 192 400 0.48 1
Pkt 231 480 0.48125 1
Node 63 26 27.2947
Pkt 384 800 0.48 1
Pkt 384 800 0.48 1
Node 62 35 19.2094
Pkt 72 150 0.48 1
Pkt 120 250 0.48 1
Node 60 41 13.4536
Pkt 180 375 0.48 1
Pkt 231 480 0.48125 1
Node 61 71 23.7065
Pkt 384 800 0.48 1
Pkt 360 750 0.48 1
Node 32 70 26.9072
Pkt 58 120 0.483333 1
Pkt 96 200 0.48 1
Node 71 33 27.0185
Pkt 231 480 0.48125 1
Pkt 231 480 0.48125 1
Rate:961.589
==========
==========90
8 0 2 24000
Node 66 61 19.4165
Pkt 58 120 0.483333 1
Pkt 58 120 0.483333 1
Node 45 35 15.8114
Pkt 144 300 0.48 1
Pkt 231 480 0.48125 1
Node 28 72 31.1127
Pkt 360 750 0.48 1
Pkt 384 800 0.48 1
Node 31 69 26.8701
Pkt 116 240 0.483333 1
Pkt 96 200 0.48 1
Node 48 36 14.1421
Pkt 180 375 0.48 1
Pkt 154 320 0.48125 1
Node 71 64 25.2389
Pkt 360 750 0.48 1
Pkt 360 750 0.48 1
Node 48 73 23.0868
Pkt 48 100 0.48 1
Pkt 58 120 0.483333 1
Node 47 31 19.2354
Pkt 180 375 0.48 1
Pkt 144 300 0.48 1
Rate:961.979
==========
==========91
8 0 2 24000
Node 68 42 19.6977
Pkt 72 150 0.48 1
Pkt 93 192 0.484375 1
Node 58 69 20.6155
Pkt 144 300 0.48 1
Pkt 144 300 0.48 1
Node 63 27 26.4197
Pkt 360 750 0.48 1
Pkt 360 750 0.48 1
Node 53 68 18.2483
Pkt 58 120 0.483333 1
Pkt 96 200 0.48 1
Node 51 26 24.0208
Pkt 231 480 0.48125 1
Pkt 192 400 0.48 1
Node 44 50 6
Pkt 384 800 0.48 1
Pkt 360 750 0.48 1
Node 65 35 21.2132
Pkt 72 150 0.48 1
Pkt 58 120 0.483333 1
Node 27 67 28.6007
Pkt 231 480 0.48125 1
Pkt 180 375 0.48 1
Rate:961.693
==========
==========92
8 0 2 24000
Node 57 59 11.4018
Pkt 96 200 0.48 1
Pkt 93 192 0.484375 1
Node 53 26 24.1868
Pkt 180 375 0.48 1
Pkt 144 300 0.48 1
Node 38 34 20
Pkt 384 800 0.48 1
Pkt 384 800 0.48 1
Node 35 35 21.2132
Pkt 116 240 0.483333 1
Pkt 93 192 0.484375 1
Node 38 34 20
Pkt 154 320 0.48125 1
Pkt 192 400 0.48 1
Node 43 44 9.21954
Pkt 384 800 0.48 1
Pkt 360 750 0.48 1
Node 49 68 18.0278
Pkt 58 120 0.483333 1
Pkt 96 200 0.48 1
Node 35 67 22.6716
Pkt 192 400 0.48 1
Pkt 180 375 0.48 1
Rate:962.083
==========
==========93
8 0 2 24000
Node 66 72 27.2029
Pkt 120 250 0.48 1
Pkt 77 160 0.48125 1
Node 65 65 21.2132
Pkt 144 300 0.48 1
Pkt 231 480 0.48125 1
Node 69 33 25.4951
Pkt 360 750 0.48 1
Pkt 360 750 0.48 1
Node 68 31 26.1725
Pkt 60 125 0.48 1
Pkt 120 250 0.48 1
Node 53 35 15.2971
Pkt 180 375 0.48 1
Pkt 154 320 0.48125 1
Node 28 71 30.4138
Pkt 384 800 0.48 1
Pkt 384 800 0.48 1
Node 52 69 19.105
Pkt 96 200 0.48 1
Pkt 60 125 0.48 1
Node 68 70 26.9072
Pkt 180 375 0.48 1
Pkt 154 320 0.48125 1
Rate:960.625
==========
==========94
8 0 2 24000
Node 42 57 10.6301
Pkt 120 250 0.48 1
Pkt 116 240 0.483333 1
Node 33 61 20.2485
Pkt 144 300 0.48 1
Pkt 192 400 0.48 1
Node 40 57 12.2066
Pkt 384 800 0.48 1
Pkt 384 800 0.48 1
Node 71 67 27.0185
Pkt 48 100 0.48 1
Pkt 48 100 0.48 1
Node 52 27 23.0868
Pkt 231 480 0.48125 1
Pkt 192 400 0.48 1
Node 31 35 24.2074
Pkt 384 800 0.48 1
Pkt 384 800 0.48 1
Node 59 42 12.0416
Pkt 116 240 0.483333 1
Pkt 58 120 0.483333 1
Node 45 69 19.6469
Pkt 231 480 0.48125 1
Pkt 180 375 0.48 1
Rate:961.563
==========
==========95
8 0 2 24000
Node 46 31 19.4165
Pkt 120 250 0.48 1
Pkt 60 125 0.48 1
Node 28 51 22.0227
Pkt 192 400 0.48 1
Pkt 180 375 0.48 1
Node 46 50 4
Pkt 360 750 0.48 1
Pkt 360 750 0.48 1
Node 66 43 17.4642
Pkt 77 160 0.48125 1
Pkt 77 160 0.48125 1
Node 51 59 9.05539
Pkt 192 400 0.48 1
Pkt 192 400 0.48 1
Node 49 57 7.07107
Pkt 384 800 0.48 1
Pkt 384 800 0.48 1
Node 55 72 22.561
Pkt 72 150 0.48 1
Pkt 116 240 0.483333 1
Node 54 52 4.47214
Pkt 231 480 0.48125 1
Pkt 180 375 0.48 1
Rate:960.885
==========
==========96
8 0 2 24000
Node 50 32 18
Pkt 116 240 0.483333 1
Pkt 60 125 0.48 1
Node 30 74 31.241
Pkt 231 480 0.48125 1
Pkt 154 320 0.48125 1
Node 63 73 26.4197
Pkt 384 800 0.48 1
Pkt 384 800 0.48 1
Node 63 60 16.4012
Pkt 93 192 0.484375 1
Pkt 96 200 0.48 1
Node 31 74 30.6105
Pkt 231 480 0.48125 1
Pkt 192 400 0.48 1
Node 42 60 12.8062
Pkt 384 800 0.48 1
Pkt 384 800 0.48 1
Node 30 28 29.7321
Pkt 72 150 0.48 1
Pkt 93 192 0.484375 1
Node 74 31 30.6105
Pkt 154 320 0.48125 1
Pkt 192 400 0.48 1
Rate:962.135
==========
==========97
8 0 2 24000
Node 47 35 15.2971
Pkt 120 250 0.48 1
Pkt 58 120 0.483333 1
Node 32 59 20.1246
Pkt 192 400 0.48 1
Pkt 231 480 0.48125 1
Node 28 34 27.2029
Pkt 384 800 0.48 1
Pkt 384 800 0.48 1
Node 71 55 21.587
Pkt 93 192 0.484375 1
Pkt 96 200 0.48 1
Node 54 57 8.06226
Pkt 154 320 0.48125 1
Pkt 154 320 0.48125 1
Node 68 33 24.7588
Pkt 360 750 0.48 1
Pkt 360 750 0.48 1
Node 60 71 23.2594
Pkt 72 150 0.48 1
Pkt 120 250 0.48 1
Node 58 53 8.544
Pkt 180 375 0.48 1
Pkt 144 300 0.48 1
Rate:961.432
==========
==========98
8 0 2 24000
Node 47 54 5
Pkt 120 250 0.48 1
Pkt 48 100 0.48 1
Node 71 28 30.4138
Pkt 154 320 0.48125 1
Pkt 154 320 0.48125 1
Node 38 29 24.1868
Pkt 384 800 0.48 1
Pkt 360 750 0.48 1
Node 28 36 26.0768
Pkt 96 200 0.48 1
Pkt 58 120 0.483333 1
Node 64 42 16.1245
Pkt 192 400 0.48 1
Pkt 154 320 0.48125 1
Node 68 44 18.9737
Pkt 360 750 0.48 1
Pkt 360 750 0.48 1
Node 68 61 21.095
Pkt 72 150 0.48 1
Pkt 77 160 0.48125 1
Node 71 43 22.1359
Pkt 144 300 0.48 1
Pkt 231 480 0.48125 1
Rate:961.198
==========
==========99
