8 0 2 24000
Node 38 31 22.4722
Pkt 42 100 0.42 1
Pkt 101 240 0.420833 1
Node 67 51 17.0294
Pkt 135 320 0.421875 1
Pkt 135 320 0.421875 1
Node 28 42 23.4094
Pkt 336 800 0.42 1
Pkt 315 750 0.42 1
Node 50 34 16
Pkt 42 100 0.42 1
Pkt 51 120 0.425 1
Node 54 48 4.47214
Pkt 168 400 0.42 1
Pkt 126 300 0.42 1
Node 69 34 24.8395
Pkt 336 800 0.42 1
Pkt 336 800 0.42 1
Node 66 45 16.7631
Pkt 81 192 0.421875 1
Pkt 53 125 0.424 1
Node 51 39 11.0454
Pkt 158 375 0.421333 1
Pkt 158 375 0.421333 1
Rate:842.266
==========
==========0
8 0 2 24000
Node 72 31 29.0689
Pkt 101 240 0.420833 1
Pkt 51 120 0.425 1
Node 26 30 31.241
Pkt 135 320 0.421875 1
Pkt 135 320 0.421875 1
Node 33 40 19.7231
Pkt 315 750 0.42 1
Pkt 336 800 0.42 1
Node 41 47 9.48683
Pkt 101 240 0.420833 1
Pkt 68 160 0.425 1
Node 59 67 19.2354
Pkt 168 400 0.42 1
Pkt 202 480 0.420833 1
Node 28 61 24.5967
Pkt 315 750 0.42 1
Pkt 336 800 0.42 1
Node 57 55 8.60233
Pkt 84 200 0.42 1
Pkt 42 100 0.42 1
Node 31 29 28.3196
Pkt 126 300 0.42 1
Pkt 126 300 0.42 1
Rate:842.031
==========
==========1
8 0 2 24000
Node 26 64 27.7849
Pkt 105 250 0.42 1
Pkt 105 250 0.42 1
Node 71 37 24.6982
Pkt 135 320 0.421875 1
Pkt 158 375 0.421333 1
Node 70 47 20.2237
Pkt 336 800 0.42 1
Pkt 336 800 0.42 1
Node 43 57 9.89949
Pkt 81 192 0.421875 1
Pkt 51 120 0.425 1
Node 50 57 7
Pkt 158 375 0.421333 1
Pkt 126 300 0.42 1
Node 54 55 6.40312
Pkt 336 800 0.42 1
Pkt 315 750 0.42 1
Node 53 33 17.2627
Pkt 84 200 0.42 1
Pkt 101 240 0.420833 1
Node 34 43 17.4642
Pkt 135 320 0.421875 1
Pkt 126 300 0.42 1
Rate:841.766
==========
==========2
8 0 2 24000
Node 46 29 21.3776
Pkt 68 160 0.425 1
Pkt 51 120 0.425 1
Node 70 34 25.6125
Pkt 158 375 0.421333 1
Pkt 135 320 0.421875 1
Node 39 39 15.5563
Pkt 315 750 0.42 1
Pkt 315 750 0.42 1
Node 64 56 15.2315
Pkt 105 250 0.42 1
Pkt 81 192 0.421875 1
Node 44 59 10.8167
Pkt 126 300 0.42 1
Pkt 202 480 0.420833 1
Node 71 53 21.2132
Pkt 315 750 0.42 1
Pkt 315 750 0.42 1
Node 42 63 15.2643
Pkt 42 100 0.42 1
Pkt 51 120 0.425 1
Node 32 27 29.2062
Pkt 158 375 0.421333 1
Pkt 168 400 0.42 1
Rate:842.781
==========
==========3
8 0 2 24000
Node 27 30 30.4795
Pkt 105 250 0.42 1
Pkt 51 120 0.425 1
Node 29 68 27.6586
Pkt 168 400 0.42 1
Pkt 168 400 0.42 1
Node 38 46 12.6491
Pkt 315 750 0.42 1
Pkt 336 800 0.42 1
Node 35 44 16.1555
Pkt 63 150 0.42 1
Pkt 51 120 0.425 1
Node 48 58 8.24621
Pkt 158 375 0.421333 1
Pkt 202 480 0.420833 1
Node 35 42 17
Pkt 315 750 0.42 1
Pkt 336 800 0.42 1
Node 65 33 22.6716
Pkt 53 125 0.424 1
Pkt 81 192 0.421875 1
Node 27 50 23
Pkt 158 375 0.421333 1
Pkt 135 320 0.421875 1
Rate:842.656
==========
==========4
8 0 2 24000
Node 56 43 9.21954
Pkt 84 200 0.42 1
Pkt 53 125 0.424 1
Node 33 42 18.7883
Pkt 126 300 0.42 1
Pkt 202 480 0.420833 1
Node 30 62 23.3238
Pkt 336 800 0.42 1
Pkt 315 750 0.42 1
Node 46 43 8.06226
Pkt 42 100 0.42 1
Pkt 51 120 0.425 1
Node 49 32 18.0278
Pkt 168 400 0.42 1
Pkt 135 320 0.421875 1
Node 69 38 22.4722
Pkt 336 800 0.42 1
Pkt 315 750 0.42 1
Node 58 32 19.6977
Pkt 63 150 0.42 1
Pkt 63 150 0.42 1
Node 49 58 8.06226
Pkt 135 320 0.421875 1
Pkt 168 400 0.42 1
Rate:841.698
==========
==========5
8 0 2 24000
Node 72 70 29.7321
Pkt 53 125 0.424 1
Pkt 81 192 0.421875 1
Node 53 45 5.83095
Pkt 158 375 0.421333 1
Pkt 135 320 0.421875 1
Node 38 71 24.1868
Pkt 336 800 0.42 1
Pkt 315 750 0.42 1
Node 40 61 14.8661
Pkt 81 192 0.421875 1
Pkt 105 250 0.42 1
Node 38 51 12.0416
Pkt 126 300 0.42 1
Pkt 168 400 0.42 1
Node 55 52 5.38516
Pkt 336 800 0.42 1
Pkt 315 750 0.42 1
Node 65 51 15.0333
Pkt 63 150 0.42 1
Pkt 101 240 0.420833 1
Node 42 29 22.4722
Pkt 135 320 0.421875 1
Pkt 126 300 0.42 1
Rate:841.708
==========
==========6
8 0 2 24000
Node 74 44 24.7386
Pkt 53 125 0.424 1
Pkt 105 250 0.42 1
Node 36 51 14.0357
Pkt 168 400 0.42 1
Pkt 168 400 0.42 1
Node 65 38 19.2094
Pkt 315 750 0.42 1
Pkt 336 800 0.42 1
Node 34 59 18.3576
Pkt 101 240 0.420833 1
Pkt 53 125 0.424 1
Node 69 73 29.8329
Pkt 126 300 0.42 1
Pkt 135 320 0.421875 1
Node 63 28 25.5539
Pkt 336 800 0.42 1
Pkt 315 750 0.42 1
Node 26 25 34.6554
Pkt 81 192 0.421875 1
Pkt 63 150 0.42 1
Node 41 43 11.4018
Pkt 158 375 0.421333 1
Pkt 126 300 0.42 1
Rate:841.74
==========
==========7
8 0 2 24000
Node 65 71 25.807
Pkt 53 125 0.424 1
Pkt 101 240 0.420833 1
Node 55 25 25.4951
Pkt 126 300 0.42 1
Pkt 158 375 0.421333 1
Node 54 33 17.4642
Pkt 315 750 0.42 1
Pkt 336 800 0.42 1
Node 31 29 28.3196
Pkt 42 100 0.42 1
Pkt 42 100 0.42 1
Node 40 50 10
Pkt 158 375 0.421333 1
Pkt 135 320 0.421875 1
Node 33 28 27.8029
Pkt 336 800 0.42 1
Pkt 336 800 0.42 1
Node 34 51 16.0312
Pkt 105 250 0.42 1
Pkt 101 240 0.420833 1
Node 33 55 17.72
Pkt 202 480 0.420833 1
Pkt 135 320 0.421875 1
Rate:841.615
==========
==========8
8 0 2 24000
Node 53 58 8.544
Pkt 68 160 0.425 1
Pkt 68 160 0.425 1
Node 42 69 20.6155
Pkt 168 400 0.42 1
Pkt 168 400 0.42 1
Node 65 34 21.9317
Pkt 315 750 0.42 1
Pkt 315 750 0.42 1
Node 73 29 31.1448
Pkt 51 120 0.425 1
Pkt 81 192 0.421875 1
Node 68 36 22.8035
Pkt 168 400 0.42 1
Pkt 168 400 0.42 1
Node 71 49 21.0238
Pkt 336 800 0.42 1
Pkt 315 750 0.42 1
Node 72 29 30.4138
Pkt 42 100 0.42 1
Pkt 53 125 0.424 1
Node 27 41 24.6982
Pkt 168 400 0.42 1
Pkt 126 300 0.42 1
Rate:842.609
==========
==========9
8 0 2 24000
Node 74 30 31.241
Pkt 105 250 0.42 1
Pkt 84 200 0.42 1
Node 60 36 17.2047
Pkt 135 320 0.421875 1
Pkt 135 320 0.421875 1
Node 34 62 20
Pkt 315 750 0.42 1
Pkt 336 800 0.42 1
Node 36 49 14.0357
Pkt 51 120 0.425 1
Pkt 68 160 0.425 1
Node 39 57 13.0384
Pkt 168 400 0.42 1
Pkt 168 400 0.42 1
Node 68 39 21.095
Pkt 336 800 0.42 1
Pkt 315 750 0.42 1
Node 39 65 18.6011
Pkt 51 120 0.425 1
Pkt 68 160 0.425 1
Node 46 61 11.7047
Pkt 168 400 0.42 1
Pkt 202 480 0.420833 1
Rate:843.073
==========
==========10
8 0 2 24000
Node 64 34 21.2603
Pkt 68 160 0.425 1
Pkt 53 125 0.424 1
Node 25 45 25.4951
Pkt 126 300 0.42 1
Pkt 126 300 0.42 1
Node 56 31 19.9249
Pkt 315 750 0.42 1
Pkt 336 800 0.42 1
Node 61 41 14.2127
Pkt 68 160 0.425 1
Pkt 68 160 0.425 1
Node 29 68 27.6586
Pkt 126 300 0.42 1
Pkt 126 300 0.42 1
Node 72 40 24.1661
Pkt 315 750 0.42 1
Pkt 315 750 0.42 1
Node 36 59 16.6433
Pkt 51 120 0.425 1
Pkt 51 120 0.425 1
Node 43 50 7
Pkt 168 400 0.42 1
Pkt 135 320 0.421875 1
Rate:843.859
==========
==========11
8 0 2 24000
Node 69 69 26.8701
Pkt 42 100 0.42 1
Pkt 68 160 0.425 1
Node 49 72 22.0227
Pkt 126 300 0.42 1
Pkt 168 400 0.42 1
Node 31 25 31.4006
Pkt 315 750 0.42 1
Pkt 315 750 0.42 1
Node 28 28 31.1127
Pkt 63 150 0.42 1
Pkt 105 250 0.42 1
Node 63 69 23.0217
Pkt 126 300 0.42 1
Pkt 158 375 0.421333 1
Node 67 44 18.0278
Pkt 336 800 0.42 1
Pkt 315 750 0.42 1
Node 53 43 7.61577
Pkt 101 240 0.420833 1
Pkt 63 150 0.42 1
Node 25 43 25.9615
Pkt 135 320 0.421875 1
Pkt 202 480 0.420833 1
Rate:841.234
==========
==========12
8 0 2 24000
Node 63 74 27.2947
Pkt 53 125 0.424 1
Pkt 84 200 0.42 1
Node 29 72 30.4138
Pkt 168 400 0.42 1
Pkt 202 480 0.420833 1
Node 64 51 14.0357
Pkt 336 800 0.42 1
Pkt 336 800 0.42 1
Node 44 25 25.7099
Pkt 42 100 0.42 1
Pkt 51 120 0.425 1
Node 73 46 23.3452
Pkt 168 400 0.42 1
Pkt 202 480 0.420833 1
Node 54 59 9.84886
Pkt 315 750 0.42 1
Pkt 315 750 0.42 1
Node 40 41 13.4536
Pkt 81 192 0.421875 1
Pkt 81 192 0.421875 1
Node 55 58 9.43398
Pkt 202 480 0.420833 1
Pkt 135 320 0.421875 1
Rate:842.141
==========
==========13
8 0 2 24000
Node 25 74 34.6554
Pkt 51 120 0.425 1
Pkt 105 250 0.42 1
Node 38 26 26.8328
Pkt 135 320 0.421875 1
Pkt 168 400 0.42 1
Node 72 52 22.0907
Pkt 336 800 0.42 1
Pkt 315 750 0.42 1
Node 67 64 22.0227
Pkt 105 250 0.42 1
Pkt 68 160 0.425 1
Node 41 49 9.05539
Pkt 135 320 0.421875 1
Pkt 202 480 0.420833 1
Node 35 64 20.5183
Pkt 315 750 0.42 1
Pkt 336 800 0.42 1
Node 48 36 14.1421
Pkt 81 192 0.421875 1
Pkt 101 240 0.420833 1
Node 54 25 25.318
Pkt 202 480 0.420833 1
Pkt 158 375 0.421333 1
Rate:842.432
==========
==========14
8 0 2 24000
Node 63 47 13.3417
Pkt 42 100 0.42 1
Pkt 81 192 0.421875 1
Node 26 53 24.1868
Pkt 135 320 0.421875 1
Pkt 168 400 0.42 1
Node 29 56 21.8403
Pkt 336 800 0.42 1
Pkt 336 800 0.42 1
Node 61 69 21.9545
Pkt 63 150 0.42 1
Pkt 68 160 0.425 1
Node 28 56 22.8035
Pkt 202 480 0.420833 1
Pkt 135 320 0.421875 1
Node 73 74 33.2415
Pkt 336 800 0.42 1
Pkt 336 800 0.42 1
Node 73 37 26.4197
Pkt 63 150 0.42 1
Pkt 53 125 0.424 1
Node 25 53 25.1794
Pkt 168 400 0.42 1
Pkt 168 400 0.42 1
Rate:841.932
==========
==========15
8 0 2 24000
Node 49 54 4.12311
Pkt 53 125 0.424 1
Pkt 51 120 0.425 1
Node 35 33 22.6716
Pkt 202 480 0.420833 1
Pkt 126 300 0.42 1
Node 44 43 9.21954
Pkt 336 800 0.42 1
Pkt 315 750 0.42 1
Node 45 62 13
Pkt 68 160 0.425 1
Pkt 53 125 0.424 1
Node 36 54 14.5602
Pkt 135 320 0.421875 1
Pkt 135 320 0.421875 1
Node 63 57 14.7648
Pkt 315 750 0.42 1
Pkt 336 800 0.42 1
Node 34 46 16.4924
Pkt 105 250 0.42 1
Pkt 68 160 0.425 1
Node 74 70 31.241
Pkt 202 480 0.420833 1
Pkt 158 375 0.421333 1
Rate:843.719
==========
==========16
8 0 2 24000
Node 51 58 8.06226
Pkt 51 120 0.425 1
Pkt 42 100 0.42 1
Node 30 52 20.0998
Pkt 135 320 0.421875 1
Pkt 168 400 0.42 1
Node 39 59 14.2127
Pkt 315 750 0.42 1
Pkt 336 800 0.42 1
Node 67 30 26.2488
Pkt 81 192 0.421875 1
Pkt 84 200 0.42 1
Node 36 68 22.8035
Pkt 168 400 0.42 1
Pkt 126 300 0.42 1
Node 38 31 22.4722
Pkt 315 750 0.42 1
Pkt 315 750 0.42 1
Node 50 30 20
Pkt 51 120 0.425 1
Pkt 81 192 0.421875 1
Node 39 33 20.2485
Pkt 135 320 0.421875 1
Pkt 168 400 0.42 1
Rate:842.188
==========
==========17
8 0 2 24000
Node 57 30 21.1896
Pkt 53 125 0.424 1
Pkt 51 120 0.425 1
Node 64 61 17.8045
Pkt 202 480 0.420833 1
Pkt 135 320 0.421875 1
Node 57 73 24.0416
Pkt 336 800 0.42 1
Pkt 315 750 0.42 1
Node 63 32 22.2036
Pkt 81 192 0.421875 1
Pkt 68 160 0.425 1
Node 47 31 19.2354
Pkt 135 320 0.421875 1
Pkt 168 400 0.42 1
Node 28 62 25.0599
Pkt 315 750 0.42 1
Pkt 315 750 0.42 1
Node 27 33 28.6007
Pkt 68 160 0.425 1
Pkt 53 125 0.424 1
Node 67 67 24.0416
Pkt 126 300 0.42 1
Pkt 135 320 0.421875 1
Rate:843.917
==========
==========18
8 0 2 24000
Node 56 55 7.81025
Pkt 42 100 0.42 1
Pkt 42 100 0.42 1
Node 47 37 13.3417
Pkt 126 300 0.42 1
Pkt 126 300 0.42 1
Node 38 39 16.2788
Pkt 315 750 0.42 1
Pkt 336 800 0.42 1
Node 44 59 10.8167
Pkt 101 240 0.420833 1
Pkt 51 120 0.425 1
Node 27 51 23.0217
Pkt 168 400 0.42 1
Pkt 135 320 0.421875 1
Node 69 67 25.4951
Pkt 315 750 0.42 1
Pkt 336 800 0.42 1
Node 64 66 21.2603
Pkt 63 150 0.42 1
Pkt 42 100 0.42 1
Node 64 51 14.0357
Pkt 135 320 0.421875 1
Pkt 126 300 0.42 1
Rate:841.198
==========
==========19
8 0 2 24000
Node 26 45 24.5153
Pkt 53 125 0.424 1
Pkt 101 240 0.420833 1
Node 33 45 17.72
Pkt 158 375 0.421333 1
Pkt 168 400 0.42 1
Node 45 68 18.6815
Pkt 336 800 0.42 1
Pkt 315 750 0.42 1
Node 35 40 18.0278
Pkt 81 192 0.421875 1
Pkt 101 240 0.420833 1
Node 62 66 20
Pkt 158 375 0.421333 1
Pkt 202 480 0.420833 1
Node 60 31 21.4709
Pkt 315 750 0.42 1
Pkt 315 750 0.42 1
Node 66 71 26.4008
Pkt 81 192 0.421875 1
Pkt 53 125 0.424 1
Node 54 50 4
Pkt 202 480 0.420833 1
Pkt 135 320 0.421875 1
Rate:842.453
==========
==========20
8 0 2 24000
Node 29 28 30.4138
Pkt 63 150 0.42 1
Pkt 84 200 0.42 1
Node 65 47 15.2971
Pkt 126 300 0.42 1
Pkt 168 400 0.42 1
Node 46 36 14.5602
Pkt 315 750 0.42 1
Pkt 336 800 0.42 1
Node 44 56 8.48528
Pkt 105 250 0.42 1
Pkt 81 192 0.421875 1
Node 48 49 2.23607
Pkt 158 375 0.421333 1
Pkt 158 375 0.421333 1
Node 40 28 24.1661
Pkt 315 750 0.42 1
Pkt 315 750 0.42 1
Node 41 51 9.05539
Pkt 63 150 0.42 1
Pkt 105 250 0.42 1
Node 63 31 23.0217
Pkt 168 400 0.42 1
Pkt 135 320 0.421875 1
Rate:840.802
==========
==========21
8 0 2 24000
Node 27 68 29.2062
Pkt 105 250 0.42 1
Pkt 68 160 0.425 1
Node 53 33 17.2627
Pkt 202 480 0.420833 1
Pkt 126 300 0.42 1
Node 40 38 15.6205
Pkt 336 800 0.42 1
Pkt 336 800 0.42 1
Node 29 59 22.8473
Pkt 84 200 0.42 1
Pkt 101 240 0.420833 1
Node 68 38 21.6333
Pkt 158 375 0.421333 1
Pkt 158 375 0.421333 1
Node 63 39 17.0294
Pkt 315 750 0.42 1
Pkt 315 750 0.42 1
Node 39 31 21.9545
Pkt 42 100 0.42 1
Pkt 84 200 0.42 1
Node 40 40 14.1421
Pkt 135 320 0.421875 1
Pkt 202 480 0.420833 1
Rate:841.505
==========
==========22
8 0 2 24000
Node 53 37 13.3417
Pkt 51 120 0.425 1
Pkt 84 200 0.42 1
Node 41 52 9.21954
Pkt 135 320 0.421875 1
Pkt 135 320 0.421875 1
Node 46 72 22.3607
Pkt 336 800 0.42 1
Pkt 315 750 0.42 1
Node 53 29 21.2132
Pkt 53 125 0.424 1
Pkt 53 125 0.424 1
Node 67 32 24.7588
Pkt 135 320 0.421875 1
Pkt 126 300 0.42 1
Node 63 74 27.2947
Pkt 336 800 0.42 1
Pkt 336 800 0.42 1
Node 33 68 24.7588
Pkt 101 240 0.420833 1
Pkt 53 125 0.424 1
Node 31 38 22.4722
Pkt 135 320 0.421875 1
Pkt 135 320 0.421875 1
Rate:843.401
==========
==========23
8 0 2 24000
Node 53 31 19.2354
Pkt 101 240 0.420833 1
Pkt 84 200 0.42 1
Node 58 54 8.94427
Pkt 158 375 0.421333 1
Pkt 126 300 0.42 1
Node 74 36 27.7849
Pkt 336 800 0.42 1
Pkt 315 750 0.42 1
Node 44 36 15.2315
Pkt 81 192 0.421875 1
Pkt 105 250 0.42 1
Node 54 31 19.4165
Pkt 168 400 0.42 1
Pkt 126 300 0.42 1
Node 62 55 13
Pkt 315 750 0.42 1
Pkt 315 750 0.42 1
Node 31 53 19.2354
Pkt 84 200 0.42 1
Pkt 68 160 0.425 1
Node 56 45 7.81025
Pkt 135 320 0.421875 1
Pkt 168 400 0.42 1
Rate:841.365
==========
==========24
8 0 2 24000
Node 71 55 21.587
Pkt 84 200 0.42 1
Pkt 81 192 0.421875 1
Node 62 38 16.9706
Pkt 126 300 0.42 1
Pkt 135 320 0.421875 1
Node 46 38 12.6491
Pkt 315 750 0.42 1
Pkt 336 800 0.42 1
Node 45 56 7.81025
Pkt 51 120 0.425 1
Pkt 84 200 0.42 1
Node 68 70 26.9072
Pkt 135 320 0.421875 1
Pkt 126 300 0.42 1
Node 51 49 1.41421
Pkt 315 750 0.42 1
Pkt 336 800 0.42 1
Node 29 41 22.8473
Pkt 53 125 0.424 1
Pkt 53 125 0.424 1
Node 59 62 15
Pkt 135 320 0.421875 1
Pkt 168 400 0.42 1
Rate:842.563
==========
==========25
8 0 2 24000
Node 69 58 20.6155
Pkt 42 100 0.42 1
Pkt 53 125 0.424 1
Node 35 50 15
Pkt 158 375 0.421333 1
Pkt 135 320 0.421875 1
Node 48 56 6.32456
Pkt 336 800 0.42 1
Pkt 315 750 0.42 1
Node 59 59 12.7279
Pkt 42 100 0.42 1
Pkt 42 100 0.42 1
Node 39 38 16.2788
Pkt 202 480 0.420833 1
Pkt 126 300 0.42 1
Node 52 58 8.24621
Pkt 315 750 0.42 1
Pkt 336 800 0.42 1
Node 61 74 26.4008
Pkt 105 250 0.42 1
Pkt 105 250 0.42 1
Node 65 63 19.8494
Pkt 135 320 0.421875 1
Pkt 126 300 0.42 1
Rate:841.24
==========
==========26
8 0 2 24000
Node 41 65 17.4929
Pkt 68 160 0.425 1
Pkt 101 240 0.420833 1
Node 54 62 12.6491
Pkt 168 400 0.42 1
Pkt 202 480 0.420833 1
Node 52 62 12.1655
Pkt 336 800 0.42 1
Pkt 336 800 0.42 1
Node 36 39 17.8045
Pkt 68 160 0.425 1
Pkt 105 250 0.42 1
Node 52 36 14.1421
Pkt 126 300 0.42 1
Pkt 126 300 0.42 1
Node 52 42 8.24621
Pkt 315 750 0.42 1
Pkt 315 750 0.42 1
Node 52 26 24.0832
Pkt 68 160 0.425 1
Pkt 84 200 0.42 1
Node 30 60 22.3607
Pkt 126 300 0.42 1
Pkt 126 300 0.42 1
Rate:842.083
==========
==========27
8 0 2 24000
Node 46 60 10.7703
Pkt 105 250 0.42 1
Pkt 68 160 0.425 1
Node 70 34 25.6125
Pkt 158 375 0.421333 1
Pkt 202 480 0.420833 1
Node 31 72 29.0689
Pkt 336 800 0.42 1
Pkt 315 750 0.42 1
Node 60 51 10.0499
Pkt 51 120 0.425 1
Pkt 63 150 0.42 1
Node 67 47 17.2627
Pkt 168 400 0.42 1
Pkt 158 375 0.421333 1
Node 68 46 18.4391
Pkt 336 800 0.42 1
Pkt 336 800 0.42 1
Node 41 50 9
Pkt 101 240 0.420833 1
Pkt 68 160 0.425 1
Node 53 51 3.16228
Pkt 202 480 0.420833 1
Pkt 126 300 0.42 1
Rate:842.521
==========
==========28
8 0 2 24000
Node 60 31 21.4709
Pkt 42 100 0.42 1
Pkt 63 150 0.42 1
Node 39 40 14.8661
Pkt 135 320 0.421875 1
Pkt 168 400 0.42 1
Node 53 42 8.544
Pkt 336 800 0.42 1
Pkt 336 800 0.42 1
Node 40 56 11.6619
Pkt 84 200 0.42 1
Pkt 81 192 0.421875 1
Node 55 32 18.6815
Pkt 126 300 0.42 1
Pkt 126 300 0.42 1
Node 27 33 28.6007
Pkt 336 800 0.42 1
Pkt 336 800 0.42 1
Node 73 66 28.0179
Pkt 105 250 0.42 1
Pkt 105 250 0.42 1
Node 29 51 21.0238
Pkt 168 400 0.42 1
Pkt 158 375 0.421333 1
Rate:840.635
==========
==========29
8 0 2 24000
Node 32 34 24.0832
Pkt 81 192 0.421875 1
Pkt 63 150 0.42 1
Node 57 67 18.3848
Pkt 168 400 0.42 1
Pkt 126 300 0.42 1
Node 34 65 21.9317
Pkt 315 750 0.42 1
Pkt 336 800 0.42 1
Node 73 53 23.1948
Pkt 81 192 0.421875 1
Pkt 51 120 0.425 1
Node 68 36 22.8035
Pkt 158 375 0.421333 1
Pkt 158 375 0.421333 1
Node 30 57 21.1896
Pkt 336 800 0.42 1
Pkt 315 750 0.42 1
Node 62 32 21.6333
Pkt 68 160 0.425 1
Pkt 51 120 0.425 1
Node 61 43 13.0384
Pkt 202 480 0.420833 1
Pkt 168 400 0.42 1
Rate:842.781
==========
==========30
8 0 2 24000
Node 65 70 25
Pkt 101 240 0.420833 1
Pkt 51 120 0.425 1
Node 74 72 32.5576
Pkt 158 375 0.421333 1
Pkt 202 480 0.420833 1
Node 72 42 23.4094
Pkt 336 800 0.42 1
Pkt 336 800 0.42 1
Node 71 45 21.587
Pkt 68 160 0.425 1
Pkt 81 192 0.421875 1
Node 68 53 18.2483
Pkt 126 300 0.42 1
Pkt 135 320 0.421875 1
Node 46 67 17.4642
Pkt 336 800 0.42 1
Pkt 315 750 0.42 1
Node 73 72 31.8277
Pkt 51 120 0.425 1
Pkt 42 100 0.42 1
Node 33 37 21.4009
Pkt 168 400 0.42 1
Pkt 158 375 0.421333 1
Rate:842.885
==========
==========31
8 0 2 24000
Node 36 61 17.8045
Pkt 81 192 0.421875 1
Pkt 63 150 0.42 1
Node 46 58 8.94427
Pkt 135 320 0.421875 1
Pkt 135 320 0.421875 1
Node 37 70 23.8537
Pkt 315 750 0.42 1
Pkt 315 750 0.42 1
Node 50 30 20
Pkt 42 100 0.42 1
Pkt 84 200 0.42 1
Node 73 58 24.3516
Pkt 168 400 0.42 1
Pkt 202 480 0.420833 1
Node 38 52 12.1655
Pkt 336 800 0.42 1
Pkt 336 800 0.42 1
Node 62 35 19.2094
Pkt 53 125 0.424 1
Pkt 84 200 0.42 1
Node 66 74 28.8444
Pkt 202 480 0.420833 1
Pkt 135 320 0.421875 1
Rate:841.646
==========
==========32
8 0 2 24000
Node 73 54 23.3452
Pkt 51 120 0.425 1
Pkt 84 200 0.42 1
Node 47 60 10.4403
Pkt 126 300 0.42 1
Pkt 168 400 0.42 1
Node 67 36 22.0227
Pkt 336 800 0.42 1
Pkt 336 800 0.42 1
Node 31 64 23.6008
Pkt 42 100 0.42 1
Pkt 42 100 0.42 1
Node 51 68 18.0278
Pkt 168 400 0.42 1
Pkt 158 375 0.421333 1
Node 46 45 6.40312
Pkt 315 750 0.42 1
Pkt 336 800 0.42 1
Node 46 57 8.06226
Pkt 81 192 0.421875 1
Pkt 53 125 0.424 1
Node 53 63 13.3417
Pkt 158 375 0.421333 1
Pkt 202 480 0.420833 1
Rate:841.797
==========
==========33
8 0 2 24000
Node 62 57 13.8924
Pkt 101 240 0.420833 1
Pkt 53 125 0.424 1
Node 29 29 29.6985
Pkt 126 300 0.42 1
Pkt 126 300 0.42 1
Node 32 49 18.0278
Pkt 315 750 0.42 1
Pkt 315 750 0.42 1
Node 65 73 27.4591
Pkt 42 100 0.42 1
Pkt 101 240 0.420833 1
Node 70 47 20.2237
Pkt 135 320 0.421875 1
Pkt 202 480 0.420833 1
Node 25 71 32.6497
Pkt 336 800 0.42 1
Pkt 315 750 0.42 1
Node 50 60 10
Pkt 53 125 0.424 1
Pkt 68 160 0.425 1
Node 27 55 23.5372
Pkt 135 320 0.421875 1
Pkt 158 375 0.421333 1
Rate:842.573
==========
==========34
8 0 2 24000
Node 37 47 13.3417
Pkt 53 125 0.424 1
Pkt 68 160 0.425 1
Node 29 56 21.8403
Pkt 158 375 0.421333 1
Pkt 135 320 0.421875 1
Node 36 61 17.8045
Pkt 315 750 0.42 1
Pkt 336 800 0.42 1
Node 74 36 27.7849
Pkt 81 192 0.421875 1
Pkt 42 100 0.42 1
Node 49 48 2.23607
Pkt 158 375 0.421333 1
Pkt 158 375 0.421333 1
Node 73 45 23.5372
Pkt 315 750 0.42 1
Pkt 336 800 0.42 1
Node 37 57 14.7648
Pkt 51 120 0.425 1
Pkt 81 192 0.421875 1
Node 58 48 8.24621
Pkt 202 480 0.420833 1
Pkt 126 300 0.42 1
Rate:843.057
==========
==========35
8 0 2 24000
Node 72 43 23.0868
Pkt 84 200 0.42 1
Pkt 53 125 0.424 1
Node 42 26 25.2982
Pkt 202 480 0.420833 1
Pkt 158 375 0.421333 1
Node 68 54 18.4391
Pkt 315 750 0.42 1
Pkt 336 800 0.42 1
Node 54 40 10.7703
Pkt 63 150 0.42 1
Pkt 105 250 0.42 1
Node 26 32 30
Pkt 158 375 0.421333 1
Pkt 126 300 0.42 1
Node 70 39 22.8254
Pkt 315 750 0.42 1
Pkt 336 800 0.42 1
Node 52 25 25.0799
Pkt 81 192 0.421875 1
Pkt 42 100 0.42 1
Node 42 26 25.2982
Pkt 168 400 0.42 1
Pkt 135 320 0.421875 1
Rate:841.406
==========
==========36
8 0 2 24000
Node 38 46 12.6491
Pkt 53 125 0.424 1
Pkt 81 192 0.421875 1
Node 62 49 12.0416
Pkt 126 300 0.42 1
Pkt 135 320 0.421875 1
Node 33 45 17.72
Pkt 336 800 0.42 1
Pkt 336 800 0.42 1
Node 59 37 15.8114
Pkt 105 250 0.42 1
Pkt 81 192 0.421875 1
Node 56 33 18.0278
Pkt 135 320 0.421875 1
Pkt 168 400 0.42 1
Node 53 52 3.60555
Pkt 336 800 0.42 1
Pkt 336 800 0.42 1
Node 25 51 25.02
Pkt 63 150 0.42 1
Pkt 101 240 0.420833 1
Node 70 67 26.2488
Pkt 158 375 0.421333 1
Pkt 126 300 0.42 1
Rate:841.708
==========
==========37
8 0 2 24000
Node 51 55 5.09902
Pkt 105 250 0.42 1
Pkt 81 192 0.421875 1
Node 59 74 25.632
Pkt 126 300 0.42 1
Pkt 158 375 0.421333 1
Node 52 41 9.21954
Pkt 315 750 0.42 1
Pkt 336 800 0.42 1
Node 35 71 25.807
Pkt 105 250 0.42 1
Pkt 68 160 0.425 1
Node 71 32 27.6586
Pkt 202 480 0.420833 1
Pkt 168 400 0.42 1
Node 26 64 27.7849
Pkt 336 800 0.42 1
Pkt 336 800 0.42 1
Node 68 66 24.0832
Pkt 81 192 0.421875 1
Pkt 84 200 0.42 1
Node 32 25 30.8058
Pkt 135 320 0.421875 1
Pkt 202 480 0.420833 1
Rate:841.703
==========
==========38
8 0 2 24000
Node 26 28 32.5576
Pkt 84 200 0.42 1
Pkt 51 120 0.425 1
Node 56 73 23.7697
Pkt 135 320 0.421875 1
Pkt 202 480 0.420833 1
Node 37 32 22.2036
Pkt 315 750 0.42 1
Pkt 315 750 0.42 1
Node 32 56 18.9737
Pkt 42 100 0.42 1
Pkt 105 250 0.42 1
Node 68 73 29.2062
Pkt 158 375 0.421333 1
Pkt 158 375 0.421333 1
Node 62 59 15
Pkt 336 800 0.42 1
Pkt 336 800 0.42 1
Node 34 66 22.6274
Pkt 63 150 0.42 1
Pkt 51 120 0.425 1
Node 37 51 13.0384
Pkt 202 480 0.420833 1
Pkt 202 480 0.420833 1
Rate:842.13
==========
==========39
8 0 2 24000
Node 67 29 27.0185
Pkt 68 160 0.425 1
Pkt 42 100 0.42 1
Node 39 74 26.4008
Pkt 158 375 0.421333 1
Pkt 168 400 0.42 1
Node 45 68 18.6815
Pkt 315 750 0.42 1
Pkt 315 750 0.42 1
Node 73 37 26.4197
Pkt 101 240 0.420833 1
Pkt 101 240 0.420833 1
Node 27 54 23.3452
Pkt 158 375 0.421333 1
Pkt 158 375 0.421333 1
Node 41 70 21.9317
Pkt 336 800 0.42 1
Pkt 315 750 0.42 1
Node 66 57 17.4642
Pkt 42 100 0.42 1
Pkt 68 160 0.425 1
Node 37 70 23.8537
Pkt 126 300 0.42 1
Pkt 168 400 0.42 1
Rate:841.958
==========
==========40
8 0 2 24000
Node 61 27 25.4951
Pkt 101 240 0.420833 1
Pkt 68 160 0.425 1
Node 50 58 8
Pkt 126 300 0.42 1
Pkt 158 375 0.421333 1
Node 58 63 15.2643
Pkt 315 750 0.42 1
Pkt 336 800 0.42 1
Node 60 60 14.1421
Pkt 101 240 0.420833 1
Pkt 105 250 0.42 1
Node 69 58 20.6155
Pkt 168 400 0.42 1
Pkt 202 480 0.420833 1
Node 34 48 16.1245
Pkt 336 800 0.42 1
Pkt 315 750 0.42 1
Node 51 47 3.16228
Pkt 68 160 0.425 1
Pkt 101 240 0.420833 1
Node 39 63 17.0294
Pkt 168 400 0.42 1
Pkt 158 375 0.421333 1
Rate:842
==========
==========41
8 0 2 24000
Node 67 55 17.72
Pkt 42 100 0.42 1
Pkt 105 250 0.42 1
Node 26 34 28.8444
Pkt 202 480 0.420833 1
Pkt 202 480 0.420833 1
Node 31 71 28.3196
Pkt 336 800 0.42 1
Pkt 336 800 0.42 1
Node 26 60 26
Pkt 84 200 0.42 1
Pkt 101 240 0.420833 1
Node 70 55 20.6155
Pkt 158 375 0.421333 1
Pkt 168 400 0.42 1
Node 25 39 27.313
Pkt 336 800 0.42 1
Pkt 336 800 0.42 1
Node 32 70 26.9072
Pkt 63 150 0.42 1
Pkt 68 160 0.425 1
Node 45 59 10.2956
Pkt 168 400 0.42 1
Pkt 168 400 0.42 1
Rate:841.104
==========
==========42
8 0 2 24000
Node 49 61 11.0454
Pkt 63 150 0.42 1
Pkt 81 192 0.421875 1
Node 31 33 25.4951
Pkt 135 320 0.421875 1
Pkt 135 320 0.421875 1
Node 37 74 27.2947
Pkt 315 750 0.42 1
Pkt 315 750 0.42 1
Node 58 39 13.6015
Pkt 51 120 0.425 1
Pkt 51 120 0.425 1
Node 49 30 20.025
Pkt 168 400 0.42 1
Pkt 158 375 0.421333 1
Node 71 68 27.6586
Pkt 336 800 0.42 1
Pkt 336 800 0.42 1
Node 49 72 22.0227
Pkt 84 200 0.42 1
Pkt 51 120 0.425 1
Node 29 51 21.0238
Pkt 202 480 0.420833 1
Pkt 202 480 0.420833 1
Rate:842.953
==========
==========43
8 0 2 24000
Node 48 69 19.105
Pkt 105 250 0.42 1
Pkt 84 200 0.42 1
Node 34 34 22.6274
Pkt 135 320 0.421875 1
Pkt 202 480 0.420833 1
Node 41 73 24.6982
Pkt 315 750 0.42 1
Pkt 315 750 0.42 1
Node 40 35 18.0278
Pkt 51 120 0.425 1
Pkt 81 192 0.421875 1
Node 42 47 8.544
Pkt 126 300 0.42 1
Pkt 168 400 0.42 1
Node 59 38 15
Pkt 315 750 0.42 1
Pkt 336 800 0.42 1
Node 37 53 13.3417
Pkt 81 192 0.421875 1
Pkt 101 240 0.420833 1
Node 74 71 31.8904
Pkt 135 320 0.421875 1
Pkt 202 480 0.420833 1
Rate:841.875
==========
==========44
8 0 2 24000
Node 49 43 7.07107
Pkt 81 192 0.421875 1
Pkt 84 200 0.42 1
Node 54 34 16.4924
Pkt 135 320 0.421875 1
Pkt 135 320 0.421875 1
Node 59 36 16.6433
Pkt 315 750 0.42 1
Pkt 315 750 0.42 1
Node 73 60 25.0799
Pkt 101 240 0.420833 1
Pkt 42 100 0.42 1
Node 39 41 14.2127
Pkt 126 300 0.42 1
Pkt 158 375 0.421333 1
Node 25 33 30.2324
Pkt 336 800 0.42 1
Pkt 315 750 0.42 1
Node 74 70 31.241
Pkt 42 100 0.42 1
Pkt 42 100 0.42 1
Node 58 29 22.4722
Pkt 126 300 0.42 1
Pkt 158 375 0.421333 1
Rate:841.141
==========
==========45
8 0 2 24000
Node 64 70 24.4131
Pkt 53 125 0.424 1
Pkt 81 192 0.421875 1
Node 32 42 19.6977
Pkt 158 375 0.421333 1
Pkt 135 320 0.421875 1
Node 32 30 26.9072
Pkt 336 800 0.42 1
Pkt 336 800 0.42 1
Node 56 47 6.7082
Pkt 42 100 0.42 1
Pkt 84 200 0.42 1
Node 50 44 6
Pkt 202 480 0.420833 1
Pkt 135 320 0.421875 1
Node 31 68 26.1725
Pkt 315 750 0.42 1
Pkt 336 800 0.42 1
Node 66 60 18.868
Pkt 51 120 0.425 1
Pkt 101 240 0.420833 1
Node 49 30 20.025
Pkt 202 480 0.420833 1
Pkt 135 320 0.421875 1
Rate:842.542
==========
==========46
8 0 2 24000
Node 30 71 29
Pkt 105 250 0.42 1
Pkt 53 125 0.424 1
Node 35 32 23.4307
Pkt 202 480 0.420833 1
Pkt 135 320 0.421875 1
Node 60 72 24.1661
Pkt 315 750 0.42 1
Pkt 315 750 0.42 1
Node 34 50 16
Pkt 84 200 0.42 1
Pkt 68 160 0.425 1
Node 31 53 19.2354
Pkt 202 480 0.420833 1
Pkt 202 480 0.420833 1
Node 46 70 20.3961
Pkt 315 750 0.42 1
Pkt 315 750 0.42 1
Node 68 37 22.2036
Pkt 105 250 0.42 1
Pkt 51 120 0.425 1
Node 52 55 5.38516
Pkt 126 300 0.42 1
Pkt 168 400 0.42 1
Rate:842.297
==========
==========47
8 0 2 24000
Node 29 56 21.8403
Pkt 84 200 0.42 1
Pkt 105 250 0.42 1
Node 35 25 29.1548
Pkt 202 480 0.420833 1
Pkt 202 480 0.420833 1
Node 51 50 1
Pkt 315 750 0.42 1
Pkt 315 750 0.42 1
Node 43 52 7.28011
Pkt 101 240 0.420833 1
Pkt 51 120 0.425 1
Node 39 42 13.6015
Pkt 158 375 0.421333 1
Pkt 158 375 0.421333 1
Node 58 71 22.4722
Pkt 315 750 0.42 1
Pkt 315 750 0.42 1
Node 55 73 23.5372
Pkt 42 100 0.42 1
Pkt 63 150 0.42 1
Node 69 72 29.0689
Pkt 126 300 0.42 1
Pkt 202 480 0.420833 1
Rate:841.375
==========
==========48
8 0 2 24000
Node 44 70 20.8806
Pkt 105 250 0.42 1
Pkt 51 120 0.425 1
Node 57 32 19.3132
Pkt 135 320 0.421875 1
Pkt 202 480 0.420833 1
Node 60 66 18.868
Pkt 315 750 0.42 1
Pkt 315 750 0.42 1
Node 49 63 13.0384
Pkt 42 100 0.42 1
Pkt 101 240 0.420833 1
Node 61 38 16.2788
Pkt 168 400 0.42 1
Pkt 135 320 0.421875 1
Node 61 69 21.9545
Pkt 336 800 0.42 1
Pkt 336 800 0.42 1
Node 66 50 16
Pkt 42 100 0.42 1
Pkt 53 125 0.424 1
Node 74 73 33.2415
Pkt 126 300 0.42 1
Pkt 202 480 0.420833 1
Rate:841.906
==========
==========49
8 0 2 24000
Node 74 38 26.8328
Pkt 101 240 0.420833 1
Pkt 42 100 0.42 1
Node 59 30 21.9317
Pkt 168 400 0.42 1
Pkt 135 320 0.421875 1
Node 40 30 22.3607
Pkt 336 800 0.42 1
Pkt 336 800 0.42 1
Node 41 47 9.48683
Pkt 63 150 0.42 1
Pkt 84 200 0.42 1
Node 63 64 19.105
Pkt 202 480 0.420833 1
Pkt 158 375 0.421333 1
Node 53 68 18.2483
Pkt 315 750 0.42 1
Pkt 315 750 0.42 1
Node 45 32 18.6815
Pkt 42 100 0.42 1
Pkt 68 160 0.425 1
Node 48 37 13.1529
Pkt 158 375 0.421333 1
Pkt 126 300 0.42 1
Rate:841.401
==========
==========50
8 0 2 24000
Node 28 35 26.6271
Pkt 63 150 0.42 1
Pkt 81 192 0.421875 1
Node 37 67 21.4009
Pkt 202 480 0.420833 1
Pkt 202 480 0.420833 1
Node 65 68 23.4307
Pkt 336 800 0.42 1
Pkt 336 800 0.42 1
Node 55 41 10.2956
Pkt 68 160 0.425 1
Pkt 42 100 0.42 1
Node 25 43 25.9615
Pkt 158 375 0.421333 1
Pkt 202 480 0.420833 1
Node 30 33 26.2488
Pkt 336 800 0.42 1
Pkt 315 750 0.42 1
Node 56 31 19.9249
Pkt 63 150 0.42 1
Pkt 101 240 0.420833 1
Node 33 70 26.2488
Pkt 126 300 0.42 1
Pkt 168 400 0.42 1
Rate:841.443
==========
==========51
8 0 2 24000
Node 61 73 25.4951
Pkt 81 192 0.421875 1
Pkt 105 250 0.42 1
Node 60 74 26
Pkt 126 300 0.42 1
Pkt 202 480 0.420833 1
Node 66 74 28.8444
Pkt 336 800 0.42 1
Pkt 336 800 0.42 1
Node 32 54 18.4391
Pkt 84 200 0.42 1
Pkt 53 125 0.424 1
Node 58 55 9.43398
Pkt 126 300 0.42 1
Pkt 168 400 0.42 1
Node 73 67 28.6007
Pkt 336 800 0.42 1
Pkt 315 750 0.42 1
Node 26 32 30
Pkt 68 160 0.425 1
Pkt 105 250 0.42 1
Node 71 60 23.2594
Pkt 126 300 0.42 1
Pkt 126 300 0.42 1
Rate:841.464
==========
==========52
8 0 2 24000
Node 38 68 21.6333
Pkt 42 100 0.42 1
Pkt 84 200 0.42 1
Node 70 63 23.8537
Pkt 135 320 0.421875 1
Pkt 135 320 0.421875 1
Node 72 42 23.4094
Pkt 315 750 0.42 1
Pkt 315 750 0.42 1
Node 51 52 2.23607
Pkt 53 125 0.424 1
Pkt 51 120 0.425 1
Node 34 59 18.3576
Pkt 158 375 0.421333 1
Pkt 158 375 0.421333 1
Node 52 45 5.38516
Pkt 315 750 0.42 1
Pkt 315 750 0.42 1
Node 62 57 13.8924
Pkt 101 240 0.420833 1
Pkt 63 150 0.42 1
Node 50 30 20
Pkt 158 375 0.421333 1
Pkt 168 400 0.42 1
Rate:842.198
==========
==========53
8 0 2 24000
Node 67 72 27.8029
Pkt 42 100 0.42 1
Pkt 84 200 0.42 1
Node 28 64 26.0768
Pkt 135 320 0.421875 1
Pkt 158 375 0.421333 1
Node 38 72 25.0599
Pkt 336 800 0.42 1
Pkt 336 800 0.42 1
Node 68 58 19.6977
Pkt 105 250 0.42 1
Pkt 105 250 0.42 1
Node 37 33 21.4009
Pkt 202 480 0.420833 1
Pkt 158 375 0.421333 1
Node 44 66 17.088
Pkt 315 750 0.42 1
Pkt 336 800 0.42 1
Node 62 42 14.4222
Pkt 63 150 0.42 1
Pkt 42 100 0.42 1
Node 63 54 13.6015
Pkt 158 375 0.421333 1
Pkt 126 300 0.42 1
Rate:840.839
==========
==========54
8 0 2 24000
Node 62 26 26.8328
Pkt 53 125 0.424 1
Pkt 42 100 0.42 1
Node 48 65 15.1327
Pkt 168 400 0.42 1
Pkt 135 320 0.421875 1
Node 57 28 23.0868
Pkt 336 800 0.42 1
Pkt 336 800 0.42 1
Node 34 42 17.8885
Pkt 105 250 0.42 1
Pkt 101 240 0.420833 1
Node 70 40 22.3607
Pkt 158 375 0.421333 1
Pkt 158 375 0.421333 1
Node 67 65 22.6716
Pkt 315 750 0.42 1
Pkt 315 750 0.42 1
Node 63 62 17.6918
Pkt 101 240 0.420833 1
Pkt 68 160 0.425 1
Node 64 61 17.8045
Pkt 135 320 0.421875 1
Pkt 126 300 0.42 1
Rate:842.135
==========
==========55
8 0 2 24000
Node 56 46 7.2111
Pkt 63 150 0.42 1
Pkt 84 200 0.42 1
Node 31 27 29.8329
Pkt 168 400 0.42 1
Pkt 126 300 0.42 1
Node 39 35 18.6011
Pkt 336 800 0.42 1
Pkt 336 800 0.42 1
Node 57 27 24.0416
Pkt 68 160 0.425 1
Pkt 68 160 0.425 1
Node 57 30 21.1896
Pkt 202 480 0.420833 1
Pkt 202 480 0.420833 1
Node 51 57 7.07107
Pkt 336 800 0.42 1
Pkt 315 750 0.42 1
Node 30 70 28.2843
Pkt 81 192 0.421875 1
Pkt 84 200 0.42 1
Node 26 34 28.8444
Pkt 135 320 0.421875 1
Pkt 126 300 0.42 1
Rate:841.927
==========
==========56
8 0 2 24000
Node 36 50 14
Pkt 63 150 0.42 1
Pkt 84 200 0.42 1
Node 64 58 16.1245
Pkt 168 400 0.42 1
Pkt 135 320 0.421875 1
Node 53 72 22.2036
Pkt 336 800 0.42 1
Pkt 315 750 0.42 1
Node 68 63 22.2036
Pkt 42 100 0.42 1
Pkt 105 250 0.42 1
Node 26 69 30.6105
Pkt 135 320 0.421875 1
Pkt 168 400 0.42 1
Node 69 68 26.1725
Pkt 336 800 0.42 1
Pkt 315 750 0.42 1
Node 54 30 20.3961
Pkt 81 192 0.421875 1
Pkt 84 200 0.42 1
Node 71 55 21.587
Pkt 158 375 0.421333 1
Pkt 126 300 0.42 1
Rate:840.87
==========
==========57
8 0 2 24000
Node 51 54 4.12311
Pkt 101 240 0.420833 1
Pkt 63 150 0.42 1
Node 48 58 8.24621
Pkt 168 400 0.42 1
Pkt 168 400 0.42 1
Node 51 46 4.12311
Pkt 336 800 0.42 1
Pkt 336 800 0.42 1
Node 37 50 13
Pkt 101 240 0.420833 1
Pkt 51 120 0.425 1
Node 59 56 10.8167
Pkt 135 320 0.421875 1
Pkt 158 375 0.421333 1
Node 25 58 26.2488
Pkt 315 750 0.42 1
Pkt 315 750 0.42 1
Node 62 61 16.2788
Pkt 81 192 0.421875 1
Pkt 84 200 0.42 1
Node 55 70 20.6155
Pkt 202 480 0.420833 1
Pkt 168 400 0.42 1
Rate:841.573
==========
==========58
8 0 2 24000
Node 58 60 12.8062
Pkt 68 160 0.425 1
Pkt 105 250 0.42 1
Node 45 37 13.9284
Pkt 168 400 0.42 1
Pkt 168 400 0.42 1
Node 59 68 20.1246
Pkt 315 750 0.42 1
Pkt 315 750 0.42 1
Node 57 30 21.1896
Pkt 101 240 0.420833 1
Pkt 105 250 0.42 1
Node 31 25 31.4006
Pkt 168 400 0.42 1
Pkt 202 480 0.420833 1
Node 30 63 23.8537
Pkt 336 800 0.42 1
Pkt 336 800 0.42 1
Node 62 46 12.6491
Pkt 51 120 0.425 1
Pkt 84 200 0.42 1
Node 28 37 25.5539
Pkt 158 375 0.421333 1
Pkt 202 480 0.420833 1
Rate:841.729
==========
==========59
8 0 2 24000
Node 49 33 17.0294
Pkt 63 150 0.42 1
Pkt 81 192 0.421875 1
Node 69 67 25.4951
Pkt 126 300 0.42 1
Pkt 202 480 0.420833 1
Node 43 72 23.0868
Pkt 336 800 0.42 1
Pkt 336 800 0.42 1
Node 55 45 7.07107
Pkt 105 250 0.42 1
Pkt 84 200 0.42 1
Node 59 45 10.2956
Pkt 126 300 0.42 1
Pkt 135 320 0.421875 1
Node 26 57 25
Pkt 315 750 0.42 1
Pkt 336 800 0.42 1
Node 42 29 22.4722
Pkt 53 125 0.424 1
Pkt 84 200 0.42 1
Node 54 37 13.6015
Pkt 202 480 0.420833 1
Pkt 135 320 0.421875 1
Rate:841.411
==========
==========60
8 0 2 24000
Node 63 35 19.8494
Pkt 68 160 0.425 1
Pkt 51 120 0.425 1
Node 62 69 22.4722
Pkt 168 400 0.42 1
Pkt 158 375 0.421333 1
Node 35 58 17
Pkt 336 800 0.42 1
Pkt 315 750 0.42 1
Node 54 71 21.3776
Pkt 53 125 0.424 1
Pkt 63 150 0.42 1
Node 46 73 23.3452
Pkt 158 375 0.421333 1
Pkt 168 400 0.42 1
Node 63 39 17.0294
Pkt 336 800 0.42 1
Pkt 315 750 0.42 1
Node 68 64 22.8035
Pkt 63 150 0.42 1
Pkt 42 100 0.42 1
Node 37 60 16.4012
Pkt 202 480 0.420833 1
Pkt 158 375 0.421333 1
Rate:842.354
==========
==========61
8 0 2 24000
Node 67 50 17
Pkt 42 100 0.42 1
Pkt 84 200 0.42 1
Node 51 71 21.0238
Pkt 202 480 0.420833 1
Pkt 135 320 0.421875 1
Node 41 39 14.2127
Pkt 315 750 0.42 1
Pkt 315 750 0.42 1
Node 70 62 23.3238
Pkt 101 240 0.420833 1
Pkt 105 250 0.42 1
Node 54 47 5
Pkt 168 400 0.42 1
Pkt 126 300 0.42 1
Node 31 54 19.4165
Pkt 336 800 0.42 1
Pkt 336 800 0.42 1
Node 64 53 14.3178
Pkt 42 100 0.42 1
Pkt 53 125 0.424 1
Node 41 70 21.9317
Pkt 135 320 0.421875 1
Pkt 135 320 0.421875 1
Rate:841.411
==========
==========62
8 0 2 24000
Node 41 70 21.9317
Pkt 105 250 0.42 1
Pkt 63 150 0.42 1
Node 26 74 33.9411
Pkt 126 300 0.42 1
Pkt 168 400 0.42 1
Node 53 43 7.61577
Pkt 315 750 0.42 1
Pkt 336 800 0.42 1
Node 54 29 21.3776
Pkt 63 150 0.42 1
Pkt 84 200 0.42 1
Node 51 50 1
Pkt 135 320 0.421875 1
Pkt 158 375 0.421333 1
Node 51 33 17.0294
Pkt 336 800 0.42 1
Pkt 315 750 0.42 1
Node 72 59 23.7697
Pkt 63 150 0.42 1
Pkt 51 120 0.425 1
Node 33 58 18.7883
Pkt 168 400 0.42 1
Pkt 168 400 0.42 1
Rate:841.026
==========
==========63
8 0 2 24000
Node 30 39 22.8254
Pkt 51 120 0.425 1
Pkt 42 100 0.42 1
Node 40 66 18.868
Pkt 158 375 0.421333 1
Pkt 168 400 0.42 1
Node 42 26 25.2982
Pkt 336 800 0.42 1
Pkt 336 800 0.42 1
Node 28 32 28.4253
Pkt 51 120 0.425 1
Pkt 63 150 0.42 1
Node 26 69 30.6105
Pkt 158 375 0.421333 1
Pkt 202 480 0.420833 1
Node 41 34 18.3576
Pkt 336 800 0.42 1
Pkt 315 750 0.42 1
Node 63 47 13.3417
Pkt 51 120 0.425 1
Pkt 84 200 0.42 1
Node 57 37 14.7648
Pkt 126 300 0.42 1
Pkt 135 320 0.421875 1
Rate:842.547
==========
==========64
8 0 2 24000
Node 34 29 26.4008
Pkt 84 200 0.42 1
Pkt 101 240 0.420833 1
Node 55 46 6.40312
Pkt 202 480 0.420833 1
Pkt 202 480 0.420833 1
Node 42 47 8.544
Pkt 336 800 0.42 1
Pkt 336 800 0.42 1
Node 28 71 30.4138
Pkt 81 192 0.421875 1
Pkt 105 250 0.42 1
Node 35 61 18.6011
Pkt 158 375 0.421333 1
Pkt 126 300 0.42 1
Node 43 41 11.4018
Pkt 315 750 0.42 1
Pkt 315 750 0.42 1
Node 42 64 16.1245
Pkt 68 160 0.425 1
Pkt 42 100 0.42 1
Node 68 69 26.1725
Pkt 135 320 0.421875 1
Pkt 158 375 0.421333 1
Rate:841.74
==========
==========65
8 0 2 24000
Node 70 59 21.9317
Pkt 81 192 0.421875 1
Pkt 105 250 0.42 1
Node 26 25 34.6554
Pkt 135 320 0.421875 1
Pkt 168 400 0.42 1
Node 38 39 16.2788
Pkt 336 800 0.42 1
Pkt 315 750 0.42 1
Node 60 72 24.1661
Pkt 101 240 0.420833 1
Pkt 81 192 0.421875 1
Node 67 29 27.0185
Pkt 202 480 0.420833 1
Pkt 202 480 0.420833 1
Node 31 27 29.8329
Pkt 336 800 0.42 1
Pkt 336 800 0.42 1
Node 56 63 14.3178
Pkt 105 250 0.42 1
Pkt 84 200 0.42 1
Node 51 70 20.025
Pkt 126 300 0.42 1
Pkt 158 375 0.421333 1
Rate:841.182
==========
==========66
8 0 2 24000
Node 34 57 17.4642
Pkt 105 250 0.42 1
Pkt 68 160 0.425 1
Node 55 53 5.83095
Pkt 202 480 0.420833 1
Pkt 126 300 0.42 1
Node 63 70 23.8537
Pkt 315 750 0.42 1
Pkt 315 750 0.42 1
Node 44 40 11.6619
Pkt 53 125 0.424 1
Pkt 68 160 0.425 1
Node 74 40 26
Pkt 168 400 0.42 1
Pkt 202 480 0.420833 1
Node 57 36 15.6525
Pkt 315 750 0.42 1
Pkt 336 800 0.42 1
Node 52 68 18.1108
Pkt 101 240 0.420833 1
Pkt 42 100 0.42 1
Node 51 69 19.0263
Pkt 135 320 0.421875 1
Pkt 126 300 0.42 1
Rate:842.297
==========
==========67
8 0 2 24000
Node 59 54 9.84886
Pkt 68 160 0.425 1
Pkt 51 120 0.425 1
Node 58 47 8.544
Pkt 202 480 0.420833 1
Pkt 158 375 0.421333 1
Node 62 47 12.3693
Pkt 336 800 0.42 1
Pkt 336 800 0.42 1
Node 53 50 3
Pkt 84 200 0.42 1
Pkt 101 240 0.420833 1
Node 44 63 14.3178
Pkt 135 320 0.421875 1
Pkt 202 480 0.420833 1
Node 74 72 32.5576
Pkt 315 750 0.42 1
Pkt 315 750 0.42 1
Node 51 69 19.0263
Pkt 105 250 0.42 1
Pkt 81 192 0.421875 1
Node 31 29 28.3196
Pkt 135 320 0.421875 1
Pkt 135 320 0.421875 1
Rate:842.667
==========
==========68
8 0 2 24000
Node 43 40 12.2066
Pkt 63 150 0.42 1
Pkt 84 200 0.42 1
Node 38 60 15.6205
Pkt 202 480 0.420833 1
Pkt 126 300 0.42 1
Node 33 28 27.8029
Pkt 336 800 0.42 1
Pkt 315 750 0.42 1
Node 30 58 21.5407
Pkt 101 240 0.420833 1
Pkt 101 240 0.420833 1
Node 35 41 17.4929
Pkt 126 300 0.42 1
Pkt 168 400 0.42 1
Node 61 42 13.6015
Pkt 336 800 0.42 1
Pkt 315 750 0.42 1
Node 60 63 16.4012
Pkt 101 240 0.420833 1
Pkt 51 120 0.425 1
Node 33 52 17.1172
Pkt 126 300 0.42 1
Pkt 135 320 0.421875 1
Rate:841.276
==========
==========69
8 0 2 24000
Node 67 67 24.0416
Pkt 53 125 0.424 1
Pkt 63 150 0.42 1
Node 29 47 21.2132
Pkt 135 320 0.421875 1
Pkt 126 300 0.42 1
Node 30 39 22.8254
Pkt 336 800 0.42 1
Pkt 336 800 0.42 1
Node 27 54 23.3452
Pkt 68 160 0.425 1
Pkt 68 160 0.425 1
Node 63 27 26.4197
Pkt 126 300 0.42 1
Pkt 168 400 0.42 1
Node 30 33 26.2488
Pkt 315 750 0.42 1
Pkt 336 800 0.42 1
Node 51 51 1.41421
Pkt 68 160 0.425 1
Pkt 51 120 0.425 1
Node 71 55 21.587
Pkt 168 400 0.42 1
Pkt 135 320 0.421875 1
Rate:843.469
==========
==========70
8 0 2 24000
Node 68 49 18.0278
Pkt 105 250 0.42 1
Pkt 51 120 0.425 1
Node 56 49 6.08276
Pkt 158 375 0.421333 1
Pkt 158 375 0.421333 1
Node 45 74 24.5153
Pkt 336 800 0.42 1
Pkt 336 800 0.42 1
Node 28 45 22.561
Pkt 101 240 0.420833 1
Pkt 51 120 0.425 1
Node 51 35 15.0333
Pkt 158 375 0.421333 1
Pkt 158 375 0.421333 1
Node 51 34 16.0312
Pkt 315 750 0.42 1
Pkt 336 800 0.42 1
Node 63 63 18.3848
Pkt 84 200 0.42 1
Pkt 101 240 0.420833 1
Node 28 53 22.2036
Pkt 158 375 0.421333 1
Pkt 158 375 0.421333 1
Rate:842.458
==========
==========71
8 0 2 24000
Node 66 71 26.4008
Pkt 42 100 0.42 1
Pkt 84 200 0.42 1
Node 35 27 27.4591
Pkt 135 320 0.421875 1
Pkt 126 300 0.42 1
Node 65 61 18.6011
Pkt 336 800 0.42 1
Pkt 336 800 0.42 1
Node 59 65 17.4929
Pkt 63 150 0.42 1
Pkt 105 250 0.42 1
Node 65 49 15.0333
Pkt 202 480 0.420833 1
Pkt 158 375 0.421333 1
Node 72 46 22.3607
Pkt 315 750 0.42 1
Pkt 315 750 0.42 1
Node 43 54 8.06226
Pkt 84 200 0.42 1
Pkt 42 100 0.42 1
Node 34 52 16.1245
Pkt 126 300 0.42 1
Pkt 126 300 0.42 1
Rate:840.505
==========
==========72
8 0 2 24000
Node 31 33 25.4951
Pkt 101 240 0.420833 1
Pkt 81 192 0.421875 1
Node 61 71 23.7065
Pkt 126 300 0.42 1
Pkt 135 320 0.421875 1
Node 44 74 24.7386
Pkt 336 800 0.42 1
Pkt 315 750 0.42 1
Node 31 64 23.6008
Pkt 63 150 0.42 1
Pkt 51 120 0.425 1
Node 30 67 26.2488
Pkt 168 400 0.42 1
Pkt 168 400 0.42 1
Node 46 29 21.3776
Pkt 336 800 0.42 1
Pkt 336 800 0.42 1
Node 47 57 7.61577
Pkt 63 150 0.42 1
Pkt 101 240 0.420833 1
Node 54 59 9.84886
Pkt 126 300 0.42 1
Pkt 126 300 0.42 1
Rate:841.302
==========
==========73
8 0 2 24000
Node 45 41 10.2956
Pkt 68 160 0.425 1
Pkt 84 200 0.42 1
Node 50 61 11
Pkt 158 375 0.421333 1
Pkt 168 400 0.42 1
Node 63 45 13.9284
Pkt 336 800 0.42 1
Pkt 336 800 0.42 1
Node 46 31 19.4165
Pkt 53 125 0.424 1
Pkt 101 240 0.420833 1
Node 58 67 18.7883
Pkt 168 400 0.42 1
Pkt 158 375 0.421333 1
Node 56 43 9.21954
Pkt 315 750 0.42 1
Pkt 315 750 0.42 1
Node 34 27 28.0179
Pkt 105 250 0.42 1
Pkt 68 160 0.425 1
Node 45 44 7.81025
Pkt 135 320 0.421875 1
Pkt 126 300 0.42 1
Rate:842.422
==========
==========74
8 0 2 24000
Node 55 56 7.81025
Pkt 53 125 0.424 1
Pkt 105 250 0.42 1
Node 30 42 21.5407
Pkt 168 400 0.42 1
Pkt 126 300 0.42 1
Node 58 50 8
Pkt 336 800 0.42 1
Pkt 315 750 0.42 1
Node 60 29 23.2594
Pkt 51 120 0.425 1
Pkt 63 150 0.42 1
Node 59 32 20.1246
Pkt 135 320 0.421875 1
Pkt 158 375 0.421333 1
Node 40 25 26.9258
Pkt 315 750 0.42 1
Pkt 336 800 0.42 1
Node 65 51 15.0333
Pkt 53 125 0.424 1
Pkt 42 100 0.42 1
Node 52 58 8.24621
Pkt 202 480 0.420833 1
Pkt 168 400 0.42 1
Rate:842.13
==========
==========75
8 0 2 24000
Node 68 50 18
Pkt 84 200 0.42 1
Pkt 63 150 0.42 1
Node 25 27 33.9706
Pkt 168 400 0.42 1
Pkt 126 300 0.42 1
Node 57 50 7
Pkt 336 800 0.42 1
Pkt 336 800 0.42 1
Node 47 43 7.61577
Pkt 81 192 0.421875 1
Pkt 63 150 0.42 1
Node 71 73 31.1448
Pkt 158 375 0.421333 1
Pkt 158 375 0.421333 1
Node 25 59 26.5707
Pkt 315 750 0.42 1
Pkt 336 800 0.42 1
Node 45 70 20.6155
Pkt 101 240 0.420833 1
Pkt 51 120 0.425 1
Node 26 43 25
Pkt 158 375 0.421333 1
Pkt 202 480 0.420833 1
Rate:841.568
==========
==========76
8 0 2 24000
Node 55 69 19.6469
Pkt 51 120 0.425 1
Pkt 81 192 0.421875 1
Node 63 31 23.0217
Pkt 126 300 0.42 1
Pkt 126 300 0.42 1
Node 55 67 17.72
Pkt 315 750 0.42 1
Pkt 336 800 0.42 1
Node 36 60 17.2047
Pkt 101 240 0.420833 1
Pkt 51 120 0.425 1
Node 58 65 17
Pkt 168 400 0.42 1
Pkt 158 375 0.421333 1
Node 27 57 24.0416
Pkt 315 750 0.42 1
Pkt 315 750 0.42 1
Node 45 66 16.7631
Pkt 42 100 0.42 1
Pkt 51 120 0.425 1
Node 59 27 24.6982
Pkt 202 480 0.420833 1
Pkt 202 480 0.420833 1
Rate:842.589
==========
==========77
8 0 2 24000
Node 30 44 20.8806
Pkt 101 240 0.420833 1
Pkt 81 192 0.421875 1
Node 61 64 17.8045
Pkt 135 320 0.421875 1
Pkt 126 300 0.42 1
Node 30 66 25.6125
Pkt 315 750 0.42 1
Pkt 336 800 0.42 1
Node 53 49 3.16228
Pkt 84 200 0.42 1
Pkt 42 100 0.42 1
Node 56 50 6
Pkt 168 400 0.42 1
Pkt 168 400 0.42 1
Node 62 44 13.4164
Pkt 315 750 0.42 1
Pkt 315 750 0.42 1
Node 58 50 8
Pkt 42 100 0.42 1
Pkt 63 150 0.42 1
Node 47 41 9.48683
Pkt 202 480 0.420833 1
Pkt 168 400 0.42 1
Rate:840.677
==========
==========78
8 0 2 24000
Node 60 30 22.3607
Pkt 105 250 0.42 1
Pkt 101 240 0.420833 1
Node 66 68 24.0832
Pkt 168 400 0.42 1
Pkt 135 320 0.421875 1
Node 64 60 17.2047
Pkt 336 800 0.42 1
Pkt 336 800 0.42 1
Node 54 40 10.7703
Pkt 42 100 0.42 1
Pkt 51 120 0.425 1
Node 45 52 5.38516
Pkt 126 300 0.42 1
Pkt 168 400 0.42 1
Node 69 30 27.5862
Pkt 315 750 0.42 1
Pkt 336 800 0.42 1
Node 49 34 16.0312
Pkt 51 120 0.425 1
Pkt 68 160 0.425 1
Node 27 30 30.4795
Pkt 202 480 0.420833 1
Pkt 168 400 0.42 1
Rate:842.318
==========
==========79
8 0 2 24000
Node 40 36 17.2047
Pkt 42 100 0.42 1
Pkt 84 200 0.42 1
Node 70 68 26.9072
Pkt 202 480 0.420833 1
Pkt 158 375 0.421333 1
Node 72 33 27.8029
Pkt 315 750 0.42 1
Pkt 315 750 0.42 1
Node 69 37 23.0217
Pkt 42 100 0.42 1
Pkt 42 100 0.42 1
Node 55 65 15.8114
Pkt 126 300 0.42 1
Pkt 158 375 0.421333 1
Node 25 58 26.2488
Pkt 315 750 0.42 1
Pkt 315 750 0.42 1
Node 38 41 15
Pkt 63 150 0.42 1
Pkt 63 150 0.42 1
Node 55 32 18.6815
Pkt 126 300 0.42 1
Pkt 135 320 0.421875 1
Rate:840.672
==========
==========80
8 0 2 24000
Node 48 35 15.1327
Pkt 84 200 0.42 1
Pkt 53 125 0.424 1
Node 29 67 27.0185
Pkt 135 320 0.421875 1
Pkt 126 300 0.42 1
Node 72 28 31.1127
Pkt 336 800 0.42 1
Pkt 336 800 0.42 1
Node 33 35 22.6716
Pkt 42 100 0.42 1
Pkt 53 125 0.424 1
Node 66 60 18.868
Pkt 135 320 0.421875 1
Pkt 158 375 0.421333 1
Node 46 28 22.3607
Pkt 336 800 0.42 1
Pkt 336 800 0.42 1
Node 25 62 27.7308
Pkt 68 160 0.425 1
Pkt 63 150 0.42 1
Node 67 74 29.4109
Pkt 158 375 0.421333 1
Pkt 126 300 0.42 1
Rate:842.427
==========
==========81
8 0 2 24000
Node 30 59 21.9317
Pkt 81 192 0.421875 1
Pkt 84 200 0.42 1
Node 42 51 8.06226
Pkt 126 300 0.42 1
Pkt 168 400 0.42 1
Node 26 66 28.8444
Pkt 315 750 0.42 1
Pkt 315 750 0.42 1
Node 47 54 5
Pkt 84 200 0.42 1
Pkt 101 240 0.420833 1
Node 69 74 30.6105
Pkt 202 480 0.420833 1
Pkt 135 320 0.421875 1
Node 38 52 12.1655
Pkt 315 750 0.42 1
Pkt 315 750 0.42 1
Node 36 71 25.2389
Pkt 53 125 0.424 1
Pkt 81 192 0.421875 1
Node 25 70 32.0156
Pkt 202 480 0.420833 1
Pkt 168 400 0.42 1
Rate:841.516
==========
==========82
8 0 2 24000
Node 74 68 30
Pkt 101 240 0.420833 1
Pkt 68 160 0.425 1
Node 41 25 26.5707
Pkt 202 480 0.420833 1
Pkt 158 375 0.421333 1
Node 70 45 20.6155
Pkt 315 750 0.42 1
Pkt 315 750 0.42 1
Node 53 51 3.16228
Pkt 42 100 0.42 1
Pkt 51 120 0.425 1
Node 46 69 19.4165
Pkt 135 320 0.421875 1
Pkt 202 480 0.420833 1
Node 50 36 14
Pkt 336 800 0.42 1
Pkt 336 800 0.42 1
Node 73 51 23.0217
Pkt 101 240 0.420833 1
Pkt 63 150 0.42 1
Node 49 29 21.0238
Pkt 158 375 0.421333 1
Pkt 168 400 0.42 1
Rate:842.234
==========
==========83
8 0 2 24000
Node 40 48 10.198
Pkt 84 200 0.42 1
Pkt 81 192 0.421875 1
Node 33 34 23.3452
Pkt 202 480 0.420833 1
Pkt 158 375 0.421333 1
Node 52 47 3.60555
Pkt 336 800 0.42 1
Pkt 315 750 0.42 1
Node 42 73 24.3516
Pkt 68 160 0.425 1
Pkt 53 125 0.424 1
Node 38 71 24.1868
Pkt 168 400 0.42 1
Pkt 158 375 0.421333 1
Node 59 67 19.2354
Pkt 315 750 0.42 1
Pkt 315 750 0.42 1
Node 66 59 18.3576
Pkt 101 240 0.420833 1
Pkt 51 120 0.425 1
Node 31 46 19.4165
Pkt 168 400 0.42 1
Pkt 135 320 0.421875 1
Rate:842.76
==========
==========84
8 0 2 24000
Node 59 56 10.8167
Pkt 63 150 0.42 1
Pkt 84 200 0.42 1
Node 31 57 20.2485
Pkt 158 375 0.421333 1
Pkt 135 320 0.421875 1
Node 39 30 22.8254
Pkt 336 800 0.42 1
Pkt 336 800 0.42 1
Node 33 45 17.72
Pkt 51 120 0.425 1
Pkt 42 100 0.42 1
Node 28 39 24.5967
Pkt 135 320 0.421875 1
Pkt 135 320 0.421875 1
Node 48 39 11.1803
Pkt 315 750 0.42 1
Pkt 315 750 0.42 1
Node 25 34 29.6816
Pkt 68 160 0.425 1
Pkt 101 240 0.420833 1
Node 50 70 20
Pkt 168 400 0.42 1
Pkt 126 300 0.42 1
Rate:842.224
==========
==========85
8 0 2 24000
Node 42 51 8.06226
Pkt 42 100 0.42 1
Pkt 53 125 0.424 1
Node 27 37 26.4197
Pkt 126 300 0.42 1
Pkt 126 300 0.42 1
Node 53 62 12.3693
Pkt 336 800 0.42 1
Pkt 336 800 0.42 1
Node 63 32 22.2036
Pkt 68 160 0.425 1
Pkt 81 192 0.421875 1
Node 72 66 27.2029
Pkt 135 320 0.421875 1
Pkt 135 320 0.421875 1
Node 32 50 18
Pkt 336 800 0.42 1
Pkt 336 800 0.42 1
Node 26 30 31.241
Pkt 81 192 0.421875 1
Pkt 68 160 0.425 1
Node 30 38 23.3238
Pkt 168 400 0.42 1
Pkt 126 300 0.42 1
Rate:842.687
==========
==========86
8 0 2 24000
Node 67 72 27.8029
Pkt 81 192 0.421875 1
Pkt 42 100 0.42 1
Node 48 74 24.0832
Pkt 168 400 0.42 1
Pkt 202 480 0.420833 1
Node 42 44 10
Pkt 336 800 0.42 1
Pkt 336 800 0.42 1
Node 28 34 27.2029
Pkt 105 250 0.42 1
Pkt 42 100 0.42 1
Node 53 35 15.2971
Pkt 126 300 0.42 1
Pkt 158 375 0.421333 1
Node 70 30 28.2843
Pkt 315 750 0.42 1
Pkt 336 800 0.42 1
Node 42 69 20.6155
Pkt 63 150 0.42 1
Pkt 81 192 0.421875 1
Node 46 39 11.7047
Pkt 168 400 0.42 1
Pkt 135 320 0.421875 1
Rate:840.974
==========
==========87
8 0 2 24000
Node 45 55 7.07107
Pkt 42 100 0.42 1
Pkt 84 200 0.42 1
Node 64 68 22.8035
Pkt 135 320 0.421875 1
Pkt 202 480 0.420833 1
Node 45 37 13.9284
Pkt 336 800 0.42 1
Pkt 315 750 0.42 1
Node 56 30 20.8806
Pkt 101 240 0.420833 1
Pkt 81 192 0.421875 1
Node 52 27 23.0868
Pkt 202 480 0.420833 1
Pkt 168 400 0.42 1
Node 48 47 3.60555
Pkt 336 800 0.42 1
Pkt 336 800 0.42 1
Node 55 38 13
Pkt 63 150 0.42 1
Pkt 68 160 0.425 1
Node 54 66 16.4924
Pkt 158 375 0.421333 1
Pkt 202 480 0.420833 1
Rate:841.677
==========
==========88
8 0 2 24000
Node 65 26 28.3019
Pkt 84 200 0.42 1
Pkt 84 200 0.42 1
Node 65 64 20.5183
Pkt 135 320 0.421875 1
Pkt 202 480 0.420833 1
Node 61 36 17.8045
Pkt 336 800 0.42 1
Pkt 336 800 0.42 1
Node 47 64 14.3178
Pkt 42 100 0.42 1
Pkt 51 120 0.425 1
Node 48 55 5.38516
Pkt 202 480 0.420833 1
Pkt 158 375 0.421333 1
Node 28 63 25.5539
Pkt 315 750 0.42 1
Pkt 315 750 0.42 1
Node 35 48 15.1327
Pkt 51 120 0.425 1
Pkt 53 125 0.424 1
Node 73 30 30.4795
Pkt 158 375 0.421333 1
Pkt 168 400 0.42 1
Rate:842.526
==========
==========89
8 0 2 24000
Node 68 57 19.3132
Pkt 42 100 0.42 1
Pkt 63 150 0.42 1
Node 31 34 24.8395
Pkt 126 300 0.42 1
Pkt 202 480 0.420833 1
Node 27 61 25.4951
Pkt 336 800 0.42 1
Pkt 336 800 0.42 1
Node 56 46 7.2111
Pkt 101 240 0.420833 1
Pkt 42 100 0.42 1
Node 43 65 16.5529
Pkt 126 300 0.42 1
Pkt 202 480 0.420833 1
Node 45 56 7.81025
Pkt 315 750 0.42 1
Pkt 336 800 0.42 1
Node 64 39 17.8045
Pkt 105 250 0.42 1
Pkt 84 200 0.42 1
Node 49 53 3.16228
Pkt 126 300 0.42 1
Pkt 135 320 0.421875 1
Rate:840.547
==========
==========90
8 0 2 24000
Node 28 33 27.8029
Pkt 68 160 0.425 1
Pkt 53 125 0.424 1
Node 56 58 10
Pkt 202 480 0.420833 1
Pkt 135 320 0.421875 1
Node 55 53 5.83095
Pkt 336 800 0.42 1
Pkt 336 800 0.42 1
Node 32 41 20.1246
Pkt 53 125 0.424 1
Pkt 63 150 0.42 1
Node 72 47 22.2036
Pkt 135 320 0.421875 1
Pkt 135 320 0.421875 1
Node 56 40 11.6619
Pkt 315 750 0.42 1
Pkt 336 800 0.42 1
Node 28 66 27.2029
Pkt 81 192 0.421875 1
Pkt 81 192 0.421875 1
Node 57 48 7.28011
Pkt 126 300 0.42 1
Pkt 126 300 0.42 1
Rate:842.901
==========
==========91
8 0 2 24000
Node 54 67 17.4642
Pkt 105 250 0.42 1
Pkt 42 100 0.42 1
Node 66 32 24.0832
Pkt 168 400 0.42 1
Pkt 135 320 0.421875 1
Node 51 32 18.0278
Pkt 336 800 0.42 1
Pkt 315 750 0.42 1
Node 54 36 14.5602
Pkt 42 100 0.42 1
Pkt 63 150 0.42 1
Node 41 53 9.48683
Pkt 202 480 0.420833 1
Pkt 168 400 0.42 1
Node 52 62 12.1655
Pkt 336 800 0.42 1
Pkt 336 800 0.42 1
Node 63 60 16.4012
Pkt 81 192 0.421875 1
Pkt 63 150 0.42 1
Node 49 59 9.05539
Pkt 202 480 0.420833 1
Pkt 126 300 0.42 1
Rate:840.677
==========
==========92
8 0 2 24000
Node 45 35 15.8114
Pkt 63 150 0.42 1
Pkt 51 120 0.425 1
Node 40 44 11.6619
Pkt 168 400 0.42 1
Pkt 126 300 0.42 1
Node 61 29 23.7065
Pkt 336 800 0.42 1
Pkt 336 800 0.42 1
Node 44 26 24.7386
Pkt 68 160 0.425 1
Pkt 63 150 0.42 1
Node 29 62 24.1868
Pkt 168 400 0.42 1
Pkt 126 300 0.42 1
Node 48 58 8.24621
Pkt 315 750 0.42 1
Pkt 336 800 0.42 1
Node 27 65 27.4591
Pkt 53 125 0.424 1
Pkt 84 200 0.42 1
Node 46 40 10.7703
Pkt 126 300 0.42 1
Pkt 168 400 0.42 1
Rate:841.75
==========
==========93
8 0 2 24000
Node 40 55 11.1803
Pkt 101 240 0.420833 1
Pkt 84 200 0.42 1
Node 64 60 17.2047
Pkt 126 300 0.42 1
Pkt 135 320 0.421875 1
Node 35 36 20.5183
Pkt 315 750 0.42 1
Pkt 315 750 0.42 1
Node 74 71 31.8904
Pkt 105 250 0.42 1
Pkt 42 100 0.42 1
Node 51 48 2.23607
Pkt 168 400 0.42 1
Pkt 158 375 0.421333 1
Node 51 64 14.0357
Pkt 336 800 0.42 1
Pkt 315 750 0.42 1
Node 57 43 9.89949
Pkt 101 240 0.420833 1
Pkt 63 150 0.42 1
Node 32 25 30.8058
Pkt 202 480 0.420833 1
Pkt 126 300 0.42 1
Rate:840.714
==========
==========94
8 0 2 24000
Node 67 31 25.4951
Pkt 63 150 0.42 1
Pkt 105 250 0.42 1
Node 35 49 15.0333
Pkt 158 375 0.421333 1
Pkt 158 375 0.421333 1
Node 31 63 23.0217
Pkt 315 750 0.42 1
Pkt 315 750 0.42 1
Node 70 34 25.6125
Pkt 105 250 0.42 1
Pkt 101 240 0.420833 1
Node 60 27 25.0799
Pkt 158 375 0.421333 1
Pkt 126 300 0.42 1
Node 30 28 29.7321
Pkt 336 800 0.42 1
Pkt 315 750 0.42 1
Node 59 53 9.48683
Pkt 68 160 0.425 1
Pkt 51 120 0.425 1
Node 63 29 24.6982
Pkt 126 300 0.42 1
Pkt 158 375 0.421333 1
Rate:842.021
==========
==========95
8 0 2 24000
Node 34 70 25.6125
Pkt 42 100 0.42 1
Pkt 51 120 0.425 1
Node 57 34 17.4642
Pkt 135 320 0.421875 1
Pkt 158 375 0.421333 1
Node 44 69 19.9249
Pkt 315 750 0.42 1
Pkt 336 800 0.42 1
Node 29 45 21.587
Pkt 101 240 0.420833 1
Pkt 51 120 0.425 1
Node 36 61 17.8045
Pkt 158 375 0.421333 1
Pkt 126 300 0.42 1
Node 61 65 18.6011
Pkt 315 750 0.42 1
Pkt 315 750 0.42 1
Node 40 42 12.8062
Pkt 84 200 0.42 1
Pkt 53 125 0.424 1
Node 68 40 20.5913
Pkt 126 300 0.42 1
Pkt 158 375 0.421333 1
Rate:842.589
==========
==========96
8 0 2 24000
Node 34 44 17.088
Pkt 63 150 0.42 1
Pkt 51 120 0.425 1
Node 69 32 26.1725
Pkt 126 300 0.42 1
Pkt 168 400 0.42 1
Node 58 74 25.2982
Pkt 336 800 0.42 1
Pkt 315 750 0.42 1
Node 39 26 26.4008
Pkt 68 160 0.425 1
Pkt 105 250 0.42 1
Node 56 33 18.0278
Pkt 168 400 0.42 1
Pkt 126 300 0.42 1
Node 61 64 17.8045
Pkt 315 750 0.42 1
Pkt 315 750 0.42 1
Node 57 28 23.0868
Pkt 53 125 0.424 1
Pkt 63 150 0.42 1
Node 46 74 24.3311
Pkt 202 480 0.420833 1
Pkt 158 375 0.421333 1
Rate:842.021
==========
==========97
8 0 2 24000
Node 73 45 23.5372
Pkt 105 250 0.42 1
Pkt 42 100 0.42 1
Node 53 57 7.61577
Pkt 135 320 0.421875 1
Pkt 202 480 0.420833 1
Node 45 62 13
Pkt 336 800 0.42 1
Pkt 315 750 0.42 1
Node 46 74 24.3311
Pkt 42 100 0.42 1
Pkt 68 160 0.425 1
Node 57 40 12.2066
Pkt 126 300 0.42 1
Pkt 126 300 0.42 1
Node 48 51 2.23607
Pkt 336 800 0.42 1
Pkt 315 750 0.42 1
Node 34 39 19.4165
Pkt 68 160 0.425 1
Pkt 84 200 0.42 1
Node 74 29 31.8904
Pkt 168 400 0.42 1
Pkt 158 375 0.421333 1
Rate:841.755
==========
==========98
8 0 2 24000
Node 50 65 15
Pkt 42 100 0.42 1
Pkt 68 160 0.425 1
Node 34 51 16.0312
Pkt 126 300 0.42 1
Pkt 158 375 0.421333 1
Node 54 29 21.3776
Pkt 336 800 0.42 1
Pkt 336 800 0.42 1
Node 48 64 14.1421
Pkt 105 250 0.42 1
Pkt 105 250 0.42 1
Node 41 33 19.2354
Pkt 202 480 0.420833 1
Pkt 158 375 0.421333 1
Node 32 50 18
Pkt 315 750 0.42 1
Pkt 315 750 0.42 1
Node 30 34 25.6125
Pkt 101 240 0.420833 1
Pkt 84 200 0.42 1
Node 73 48 23.0868
Pkt 135 320 0.421875 1
Pkt 158 375 0.421333 1
Rate:841.568
==========
==========99
