8 0 2 24000
Node 52 54 4.47214
Pkt 20 125 0.16 1
Pkt 40 250 0.16 1
Node 56 27 23.7697
Pkt 64 400 0.16 1
Pkt 64 400 0.16 1
Node 42 32 19.6977
Pkt 128 800 0.16 1
Pkt 128 800 0.16 1
Node 57 38 13.8924
Pkt 40 250 0.16 1
Pkt 20 120 0.166667 1
Node 29 26 31.8904
Pkt 52 320 0.1625 1
Pkt 52 320 0.1625 1
Node 30 62 23.3238
Pkt 120 750 0.16 1
Pkt 128 800 0.16 1
Node 35 30 25
Pkt 20 120 0.166667 1
Pkt 20 120 0.166667 1
Node 46 39 11.7047
Pkt 77 480 0.160417 1
Pkt 60 375 0.16 1
Rate:323.177
==========
==========0
8 0 2 24000
Node 73 59 24.6982
Pkt 31 192 0.161458 1
Pkt 24 150 0.16 1
Node 50 51 1
Pkt 52 320 0.1625 1
Pkt 60 375 0.16 1
Node 57 49 7.07107
Pkt 128 800 0.16 1
Pkt 128 800 0.16 1
Node 70 41 21.9317
Pkt 16 100 0.16 1
Pkt 31 192 0.161458 1
Node 65 35 21.2132
Pkt 52 320 0.1625 1
Pkt 52 320 0.1625 1
Node 30 46 20.3961
Pkt 120 750 0.16 1
Pkt 120 750 0.16 1
Node 60 43 12.2066
Pkt 20 120 0.166667 1
Pkt 32 200 0.16 1
Node 43 66 17.4642
Pkt 52 320 0.1625 1
Pkt 60 375 0.16 1
Rate:322.448
==========
==========1
8 0 2 24000
Node 42 72 23.4094
Pkt 39 240 0.1625 1
Pkt 16 100 0.16 1
Node 35 39 18.6011
Pkt 52 320 0.1625 1
Pkt 77 480 0.160417 1
Node 53 61 11.4018
Pkt 120 750 0.16 1
Pkt 120 750 0.16 1
Node 48 73 23.0868
Pkt 39 240 0.1625 1
Pkt 16 100 0.16 1
Node 40 54 10.7703
Pkt 52 320 0.1625 1
Pkt 60 375 0.16 1
Node 57 35 16.5529
Pkt 120 750 0.16 1
Pkt 120 750 0.16 1
Node 42 72 23.4094
Pkt 20 125 0.16 1
Pkt 24 150 0.16 1
Node 30 27 30.4795
Pkt 60 375 0.16 1
Pkt 52 320 0.1625 1
Rate:321.615
==========
==========2
8 0 2 24000
Node 61 68 21.095
Pkt 26 160 0.1625 1
Pkt 20 125 0.16 1
Node 72 42 23.4094
Pkt 64 400 0.16 1
Pkt 60 375 0.16 1
Node 38 39 16.2788
Pkt 128 800 0.16 1
Pkt 128 800 0.16 1
Node 68 42 19.6977
Pkt 24 150 0.16 1
Pkt 31 192 0.161458 1
Node 44 41 10.8167
Pkt 60 375 0.16 1
Pkt 48 300 0.16 1
Node 26 49 24.0208
Pkt 120 750 0.16 1
Pkt 128 800 0.16 1
Node 68 74 30
Pkt 39 240 0.1625 1
Pkt 20 120 0.166667 1
Node 55 60 11.1803
Pkt 48 300 0.16 1
Pkt 60 375 0.16 1
Rate:321.641
==========
==========3
8 0 2 24000
Node 59 74 25.632
Pkt 20 120 0.166667 1
Pkt 24 150 0.16 1
Node 46 36 14.5602
Pkt 52 320 0.1625 1
Pkt 52 320 0.1625 1
Node 66 62 20
Pkt 128 800 0.16 1
Pkt 120 750 0.16 1
Node 44 54 7.2111
Pkt 31 192 0.161458 1
Pkt 32 200 0.16 1
Node 28 42 23.4094
Pkt 64 400 0.16 1
Pkt 77 480 0.160417 1
Node 43 54 8.06226
Pkt 120 750 0.16 1
Pkt 120 750 0.16 1
Node 64 42 16.1245
Pkt 24 150 0.16 1
Pkt 16 100 0.16 1
Node 70 60 22.3607
Pkt 52 320 0.1625 1
Pkt 48 300 0.16 1
Rate:322.005
==========
==========4
8 0 2 24000
Node 62 27 25.9422
Pkt 40 250 0.16 1
Pkt 20 125 0.16 1
Node 43 64 15.6525
Pkt 60 375 0.16 1
Pkt 64 400 0.16 1
Node 34 64 21.2603
Pkt 128 800 0.16 1
Pkt 120 750 0.16 1
Node 66 46 16.4924
Pkt 32 200 0.16 1
Pkt 26 160 0.1625 1
Node 72 52 22.0907
Pkt 48 300 0.16 1
Pkt 77 480 0.160417 1
Node 29 59 22.8473
Pkt 120 750 0.16 1
Pkt 128 800 0.16 1
Node 69 45 19.6469
Pkt 16 100 0.16 1
Pkt 16 100 0.16 1
Node 39 39 15.5563
Pkt 52 320 0.1625 1
Pkt 52 320 0.1625 1
Rate:320.99
==========
==========5
8 0 2 24000
Node 62 41 15
Pkt 40 250 0.16 1
Pkt 24 150 0.16 1
Node 36 64 19.799
Pkt 48 300 0.16 1
Pkt 64 400 0.16 1
Node 49 61 11.0454
Pkt 128 800 0.16 1
Pkt 128 800 0.16 1
Node 29 35 25.807
Pkt 31 192 0.161458 1
Pkt 24 150 0.16 1
Node 61 73 25.4951
Pkt 64 400 0.16 1
Pkt 52 320 0.1625 1
Node 69 53 19.2354
Pkt 128 800 0.16 1
Pkt 128 800 0.16 1
Node 36 37 19.105
Pkt 20 125 0.16 1
Pkt 39 240 0.1625 1
Node 65 32 23.4307
Pkt 77 480 0.160417 1
Pkt 52 320 0.1625 1
Rate:321.172
==========
==========6
8 0 2 24000
Node 53 57 7.61577
Pkt 40 250 0.16 1
Pkt 24 150 0.16 1
Node 72 53 22.2036
Pkt 48 300 0.16 1
Pkt 52 320 0.1625 1
Node 46 47 5
Pkt 128 800 0.16 1
Pkt 120 750 0.16 1
Node 61 74 26.4008
Pkt 20 125 0.16 1
Pkt 20 120 0.166667 1
Node 38 32 21.6333
Pkt 60 375 0.16 1
Pkt 52 320 0.1625 1
Node 61 28 24.5967
Pkt 128 800 0.16 1
Pkt 120 750 0.16 1
Node 32 44 18.9737
Pkt 24 150 0.16 1
Pkt 16 100 0.16 1
Node 41 30 21.9317
Pkt 52 320 0.1625 1
Pkt 77 480 0.160417 1
Rate:321.823
==========
==========7
8 0 2 24000
Node 51 69 19.0263
Pkt 31 192 0.161458 1
Pkt 16 100 0.16 1
Node 63 53 13.3417
Pkt 64 400 0.16 1
Pkt 64 400 0.16 1
Node 58 37 15.2643
Pkt 120 750 0.16 1
Pkt 120 750 0.16 1
Node 49 32 18.0278
Pkt 40 250 0.16 1
Pkt 26 160 0.1625 1
Node 34 35 21.9317
Pkt 48 300 0.16 1
Pkt 48 300 0.16 1
Node 74 71 31.8904
Pkt 128 800 0.16 1
Pkt 120 750 0.16 1
Node 56 59 10.8167
Pkt 32 200 0.16 1
Pkt 31 192 0.161458 1
Node 59 69 21.0238
Pkt 60 375 0.16 1
Pkt 52 320 0.1625 1
Rate:320.99
==========
==========8
8 0 2 24000
Node 47 69 19.2354
Pkt 20 120 0.166667 1
Pkt 40 250 0.16 1
Node 47 67 17.2627
Pkt 52 320 0.1625 1
Pkt 77 480 0.160417 1
Node 26 60 26
Pkt 128 800 0.16 1
Pkt 120 750 0.16 1
Node 25 30 32.0156
Pkt 32 200 0.16 1
Pkt 20 120 0.166667 1
Node 65 66 21.9317
Pkt 64 400 0.16 1
Pkt 77 480 0.160417 1
Node 58 67 18.7883
Pkt 120 750 0.16 1
Pkt 120 750 0.16 1
Node 68 27 29.2062
Pkt 26 160 0.1625 1
Pkt 20 120 0.166667 1
Node 52 73 23.0868
Pkt 52 320 0.1625 1
Pkt 52 320 0.1625 1
Rate:323.854
==========
==========9
8 0 2 24000
Node 51 42 8.06226
Pkt 32 200 0.16 1
Pkt 32 200 0.16 1
Node 66 71 26.4008
Pkt 64 400 0.16 1
Pkt 60 375 0.16 1
Node 50 59 9
Pkt 128 800 0.16 1
Pkt 120 750 0.16 1
Node 48 55 5.38516
Pkt 20 120 0.166667 1
Pkt 40 250 0.16 1
Node 44 29 21.8403
Pkt 48 300 0.16 1
Pkt 48 300 0.16 1
Node 27 46 23.3452
Pkt 120 750 0.16 1
Pkt 120 750 0.16 1
Node 63 66 20.6155
Pkt 20 125 0.16 1
Pkt 39 240 0.1625 1
Node 28 62 25.0599
Pkt 77 480 0.160417 1
Pkt 64 400 0.16 1
Rate:321.198
==========
==========10
8 0 2 24000
Node 52 52 2.82843
Pkt 26 160 0.1625 1
Pkt 26 160 0.1625 1
Node 29 55 21.587
Pkt 48 300 0.16 1
Pkt 77 480 0.160417 1
Node 63 73 26.4197
Pkt 120 750 0.16 1
Pkt 120 750 0.16 1
Node 34 63 20.6155
Pkt 16 100 0.16 1
Pkt 20 120 0.166667 1
Node 28 27 31.8277
Pkt 52 320 0.1625 1
Pkt 77 480 0.160417 1
Node 29 30 29
Pkt 120 750 0.16 1
Pkt 128 800 0.16 1
Node 25 64 28.6531
Pkt 32 200 0.16 1
Pkt 39 240 0.1625 1
Node 40 53 10.4403
Pkt 64 400 0.16 1
Pkt 64 400 0.16 1
Rate:322.188
==========
==========11
8 0 2 24000
Node 50 33 17
Pkt 26 160 0.1625 1
Pkt 32 200 0.16 1
Node 26 50 24
Pkt 60 375 0.16 1
Pkt 77 480 0.160417 1
Node 51 59 9.05539
Pkt 120 750 0.16 1
Pkt 128 800 0.16 1
Node 36 60 17.2047
Pkt 16 100 0.16 1
Pkt 16 100 0.16 1
Node 46 34 16.4924
Pkt 52 320 0.1625 1
Pkt 77 480 0.160417 1
Node 29 54 21.3776
Pkt 128 800 0.16 1
Pkt 120 750 0.16 1
Node 38 57 13.8924
Pkt 24 150 0.16 1
Pkt 26 160 0.1625 1
Node 32 64 22.8035
Pkt 77 480 0.160417 1
Pkt 60 375 0.16 1
Rate:321.094
==========
==========12
8 0 2 24000
Node 43 47 7.61577
Pkt 20 125 0.16 1
Pkt 31 192 0.161458 1
Node 38 28 25.0599
Pkt 48 300 0.16 1
Pkt 77 480 0.160417 1
Node 42 42 11.3137
Pkt 128 800 0.16 1
Pkt 128 800 0.16 1
Node 72 69 29.0689
Pkt 39 240 0.1625 1
Pkt 40 250 0.16 1
Node 31 72 29.0689
Pkt 64 400 0.16 1
Pkt 77 480 0.160417 1
Node 47 65 15.2971
Pkt 120 750 0.16 1
Pkt 128 800 0.16 1
Node 51 52 2.23607
Pkt 31 192 0.161458 1
Pkt 26 160 0.1625 1
Node 52 58 8.24621
Pkt 64 400 0.16 1
Pkt 48 300 0.16 1
Rate:321.094
==========
==========13
8 0 2 24000
Node 72 59 23.7697
Pkt 26 160 0.1625 1
Pkt 24 150 0.16 1
Node 73 44 23.7697
Pkt 48 300 0.16 1
Pkt 60 375 0.16 1
Node 35 72 26.6271
Pkt 128 800 0.16 1
Pkt 128 800 0.16 1
Node 71 39 23.7065
Pkt 31 192 0.161458 1
Pkt 24 150 0.16 1
Node 70 31 27.5862
Pkt 60 375 0.16 1
Pkt 48 300 0.16 1
Node 51 55 5.09902
Pkt 128 800 0.16 1
Pkt 128 800 0.16 1
Node 40 31 21.4709
Pkt 40 250 0.16 1
Pkt 39 240 0.1625 1
Node 44 41 10.8167
Pkt 64 400 0.16 1
Pkt 60 375 0.16 1
Rate:320.807
==========
==========14
8 0 2 24000
Node 53 27 23.1948
Pkt 39 240 0.1625 1
Pkt 16 100 0.16 1
Node 58 64 16.1245
Pkt 60 375 0.16 1
Pkt 64 400 0.16 1
Node 68 33 24.7588
Pkt 120 750 0.16 1
Pkt 120 750 0.16 1
Node 38 65 19.2094
Pkt 31 192 0.161458 1
Pkt 40 250 0.16 1
Node 53 30 20.2237
Pkt 60 375 0.16 1
Pkt 77 480 0.160417 1
Node 61 51 11.0454
Pkt 128 800 0.16 1
Pkt 128 800 0.16 1
Node 36 60 17.2047
Pkt 40 250 0.16 1
Pkt 16 100 0.16 1
Node 72 50 22
Pkt 64 400 0.16 1
Pkt 48 300 0.16 1
Rate:320.547
==========
==========15
8 0 2 24000
Node 59 39 14.2127
Pkt 31 192 0.161458 1
Pkt 20 120 0.166667 1
Node 36 35 20.5183
Pkt 48 300 0.16 1
Pkt 64 400 0.16 1
Node 28 64 26.0768
Pkt 128 800 0.16 1
Pkt 128 800 0.16 1
Node 33 53 17.2627
Pkt 26 160 0.1625 1
Pkt 26 160 0.1625 1
Node 45 47 5.83095
Pkt 60 375 0.16 1
Pkt 77 480 0.160417 1
Node 63 41 15.8114
Pkt 128 800 0.16 1
Pkt 120 750 0.16 1
Node 57 49 7.07107
Pkt 20 120 0.166667 1
Pkt 20 120 0.166667 1
Node 30 49 20.025
Pkt 60 375 0.16 1
Pkt 52 320 0.1625 1
Rate:323.672
==========
==========16
8 0 2 24000
Node 53 51 3.16228
Pkt 39 240 0.1625 1
Pkt 20 120 0.166667 1
Node 34 49 16.0312
Pkt 48 300 0.16 1
Pkt 52 320 0.1625 1
Node 45 43 8.60233
Pkt 128 800 0.16 1
Pkt 120 750 0.16 1
Node 48 47 3.60555
Pkt 20 120 0.166667 1
Pkt 31 192 0.161458 1
Node 63 30 23.8537
Pkt 52 320 0.1625 1
Pkt 77 480 0.160417 1
Node 29 49 21.0238
Pkt 120 750 0.16 1
Pkt 120 750 0.16 1
Node 42 57 10.6301
Pkt 20 125 0.16 1
Pkt 39 240 0.1625 1
Node 64 58 16.1245
Pkt 48 300 0.16 1
Pkt 48 300 0.16 1
Rate:323.151
==========
==========17
8 0 2 24000
Node 34 62 20
Pkt 31 192 0.161458 1
Pkt 32 200 0.16 1
Node 48 28 22.0907
Pkt 64 400 0.16 1
Pkt 64 400 0.16 1
Node 28 68 28.4253
Pkt 120 750 0.16 1
Pkt 120 750 0.16 1
Node 71 35 25.807
Pkt 40 250 0.16 1
Pkt 20 120 0.166667 1
Node 33 74 29.4109
Pkt 64 400 0.16 1
Pkt 48 300 0.16 1
Node 30 69 27.5862
Pkt 128 800 0.16 1
Pkt 128 800 0.16 1
Node 50 55 5
Pkt 20 120 0.166667 1
Pkt 39 240 0.1625 1
Node 40 45 11.1803
Pkt 52 320 0.1625 1
Pkt 60 375 0.16 1
Rate:322.474
==========
==========18
8 0 2 24000
Node 72 63 25.5539
Pkt 40 250 0.16 1
Pkt 32 200 0.16 1
Node 27 48 23.0868
Pkt 48 300 0.16 1
Pkt 64 400 0.16 1
Node 56 45 7.81025
Pkt 120 750 0.16 1
Pkt 128 800 0.16 1
Node 38 46 12.6491
Pkt 16 100 0.16 1
Pkt 31 192 0.161458 1
Node 26 73 33.2415
Pkt 77 480 0.160417 1
Pkt 64 400 0.16 1
Node 26 31 30.6105
Pkt 128 800 0.16 1
Pkt 128 800 0.16 1
Node 64 41 16.6433
Pkt 31 192 0.161458 1
Pkt 31 192 0.161458 1
Node 27 39 25.4951
Pkt 48 300 0.16 1
Pkt 77 480 0.160417 1
Rate:320.651
==========
==========19
8 0 2 24000
Node 50 57 7
Pkt 32 200 0.16 1
Pkt 16 100 0.16 1
Node 48 66 16.1245
Pkt 60 375 0.16 1
Pkt 48 300 0.16 1
Node 64 71 25.2389
Pkt 120 750 0.16 1
Pkt 128 800 0.16 1
Node 32 53 18.2483
Pkt 24 150 0.16 1
Pkt 39 240 0.1625 1
Node 31 36 23.6008
Pkt 60 375 0.16 1
Pkt 64 400 0.16 1
Node 59 25 26.5707
Pkt 128 800 0.16 1
Pkt 120 750 0.16 1
Node 57 41 11.4018
Pkt 31 192 0.161458 1
Pkt 20 125 0.16 1
Node 39 30 22.8254
Pkt 52 320 0.1625 1
Pkt 64 400 0.16 1
Rate:320.807
==========
==========20
8 0 2 24000
Node 48 66 16.1245
Pkt 26 160 0.1625 1
Pkt 31 192 0.161458 1
Node 52 35 15.1327
Pkt 52 320 0.1625 1
Pkt 52 320 0.1625 1
Node 26 33 29.4109
Pkt 128 800 0.16 1
Pkt 128 800 0.16 1
Node 62 47 12.3693
Pkt 40 250 0.16 1
Pkt 20 125 0.16 1
Node 40 70 22.3607
Pkt 48 300 0.16 1
Pkt 52 320 0.1625 1
Node 71 40 23.2594
Pkt 120 750 0.16 1
Pkt 120 750 0.16 1
Node 51 71 21.0238
Pkt 20 120 0.166667 1
Pkt 31 192 0.161458 1
Node 69 38 22.4722
Pkt 77 480 0.160417 1
Pkt 48 300 0.16 1
Rate:322.5
==========
==========21
8 0 2 24000
Node 47 37 13.3417
Pkt 24 150 0.16 1
Pkt 20 120 0.166667 1
Node 30 29 29
Pkt 60 375 0.16 1
Pkt 64 400 0.16 1
Node 48 49 2.23607
Pkt 120 750 0.16 1
Pkt 120 750 0.16 1
Node 60 73 25.0799
Pkt 31 192 0.161458 1
Pkt 40 250 0.16 1
Node 53 31 19.2354
Pkt 60 375 0.16 1
Pkt 60 375 0.16 1
Node 59 58 12.0416
Pkt 120 750 0.16 1
Pkt 120 750 0.16 1
Node 60 47 10.4403
Pkt 32 200 0.16 1
Pkt 16 100 0.16 1
Node 38 27 25.9422
Pkt 60 375 0.16 1
Pkt 77 480 0.160417 1
Rate:321.068
==========
==========22
8 0 2 24000
Node 71 34 26.4008
Pkt 32 200 0.16 1
Pkt 39 240 0.1625 1
Node 72 27 31.8277
Pkt 64 400 0.16 1
Pkt 64 400 0.16 1
Node 57 56 9.21954
Pkt 120 750 0.16 1
Pkt 128 800 0.16 1
Node 38 51 12.0416
Pkt 31 192 0.161458 1
Pkt 31 192 0.161458 1
Node 69 70 27.5862
Pkt 48 300 0.16 1
Pkt 64 400 0.16 1
Node 30 74 31.241
Pkt 128 800 0.16 1
Pkt 120 750 0.16 1
Node 65 26 28.3019
Pkt 31 192 0.161458 1
Pkt 40 250 0.16 1
Node 51 34 16.0312
Pkt 64 400 0.16 1
Pkt 52 320 0.1625 1
Rate:321.172
==========
==========23
8 0 2 24000
Node 51 28 22.0227
Pkt 16 100 0.16 1
Pkt 39 240 0.1625 1
Node 49 45 5.09902
Pkt 64 400 0.16 1
Pkt 52 320 0.1625 1
Node 36 48 14.1421
Pkt 120 750 0.16 1
Pkt 128 800 0.16 1
Node 57 34 17.4642
Pkt 20 120 0.166667 1
Pkt 32 200 0.16 1
Node 65 27 27.4591
Pkt 52 320 0.1625 1
Pkt 52 320 0.1625 1
Node 28 46 22.3607
Pkt 128 800 0.16 1
Pkt 128 800 0.16 1
Node 44 57 9.21954
Pkt 20 120 0.166667 1
Pkt 26 160 0.1625 1
Node 65 26 28.3019
Pkt 60 375 0.16 1
Pkt 48 300 0.16 1
Rate:323.229
==========
==========24
8 0 2 24000
Node 40 37 16.4012
Pkt 31 192 0.161458 1
Pkt 20 120 0.166667 1
Node 53 72 22.2036
Pkt 52 320 0.1625 1
Pkt 77 480 0.160417 1
Node 61 41 14.2127
Pkt 120 750 0.16 1
Pkt 128 800 0.16 1
Node 30 37 23.8537
Pkt 32 200 0.16 1
Pkt 39 240 0.1625 1
Node 34 49 16.0312
Pkt 64 400 0.16 1
Pkt 77 480 0.160417 1
Node 55 44 7.81025
Pkt 128 800 0.16 1
Pkt 128 800 0.16 1
Node 43 51 7.07107
Pkt 24 150 0.16 1
Pkt 31 192 0.161458 1
Node 50 41 9
Pkt 60 375 0.16 1
Pkt 48 300 0.16 1
Rate:321.927
==========
==========25
8 0 2 24000
Node 74 37 27.2947
Pkt 16 100 0.16 1
Pkt 16 100 0.16 1
Node 30 40 22.3607
Pkt 77 480 0.160417 1
Pkt 64 400 0.16 1
Node 38 37 17.6918
Pkt 120 750 0.16 1
Pkt 120 750 0.16 1
Node 33 67 24.0416
Pkt 32 200 0.16 1
Pkt 40 250 0.16 1
Node 47 71 21.2132
Pkt 64 400 0.16 1
Pkt 77 480 0.160417 1
Node 40 47 10.4403
Pkt 120 750 0.16 1
Pkt 120 750 0.16 1
Node 37 71 24.6982
Pkt 32 200 0.16 1
Pkt 20 125 0.16 1
Node 57 73 24.0416
Pkt 77 480 0.160417 1
Pkt 60 375 0.16 1
Rate:320.156
==========
==========26
8 0 2 24000
Node 61 37 17.0294
Pkt 20 120 0.166667 1
Pkt 40 250 0.16 1
Node 48 44 6.32456
Pkt 77 480 0.160417 1
Pkt 52 320 0.1625 1
Node 27 47 23.1948
Pkt 128 800 0.16 1
Pkt 120 750 0.16 1
Node 48 69 19.105
Pkt 24 150 0.16 1
Pkt 20 120 0.166667 1
Node 68 72 28.4253
Pkt 48 300 0.16 1
Pkt 64 400 0.16 1
Node 68 26 30
Pkt 128 800 0.16 1
Pkt 128 800 0.16 1
Node 31 49 19.0263
Pkt 40 250 0.16 1
Pkt 20 125 0.16 1
Node 27 69 29.8329
Pkt 52 320 0.1625 1
Pkt 52 320 0.1625 1
Rate:322.656
==========
==========27
8 0 2 24000
Node 39 53 11.4018
Pkt 16 100 0.16 1
Pkt 40 250 0.16 1
Node 62 34 20
Pkt 77 480 0.160417 1
Pkt 52 320 0.1625 1
Node 56 35 16.1555
Pkt 128 800 0.16 1
Pkt 128 800 0.16 1
Node 30 52 20.0998
Pkt 40 250 0.16 1
Pkt 20 120 0.166667 1
Node 72 56 22.8035
Pkt 60 375 0.16 1
Pkt 64 400 0.16 1
Node 71 66 26.4008
Pkt 120 750 0.16 1
Pkt 120 750 0.16 1
Node 32 55 18.6815
Pkt 39 240 0.1625 1
Pkt 20 120 0.166667 1
Node 25 32 30.8058
Pkt 48 300 0.16 1
Pkt 60 375 0.16 1
Rate:322.344
==========
==========28
8 0 2 24000
Node 68 47 18.2483
Pkt 40 250 0.16 1
Pkt 20 120 0.166667 1
Node 26 55 24.5153
Pkt 77 480 0.160417 1
Pkt 60 375 0.16 1
Node 72 59 23.7697
Pkt 128 800 0.16 1
Pkt 120 750 0.16 1
Node 59 58 12.0416
Pkt 26 160 0.1625 1
Pkt 20 120 0.166667 1
Node 46 40 10.7703
Pkt 64 400 0.16 1
Pkt 52 320 0.1625 1
Node 30 62 23.3238
Pkt 128 800 0.16 1
Pkt 128 800 0.16 1
Node 33 50 17
Pkt 32 200 0.16 1
Pkt 31 192 0.161458 1
Node 53 62 12.3693
Pkt 77 480 0.160417 1
Pkt 77 480 0.160417 1
Rate:322.63
==========
==========29
8 0 2 24000
Node 42 74 25.2982
Pkt 32 200 0.16 1
Pkt 16 100 0.16 1
Node 59 26 25.632
Pkt 64 400 0.16 1
Pkt 64 400 0.16 1
Node 63 49 13.0384
Pkt 120 750 0.16 1
Pkt 120 750 0.16 1
Node 33 27 28.6007
Pkt 39 240 0.1625 1
Pkt 20 120 0.166667 1
Node 40 62 15.6205
Pkt 52 320 0.1625 1
Pkt 77 480 0.160417 1
Node 69 39 21.9545
Pkt 120 750 0.16 1
Pkt 128 800 0.16 1
Node 30 73 30.4795
Pkt 20 120 0.166667 1
Pkt 32 200 0.16 1
Node 34 51 16.0312
Pkt 60 375 0.16 1
Pkt 48 300 0.16 1
Rate:322.344
==========
==========30
8 0 2 24000
Node 57 50 7
Pkt 20 125 0.16 1
Pkt 26 160 0.1625 1
Node 38 48 12.1655
Pkt 60 375 0.16 1
Pkt 48 300 0.16 1
Node 49 61 11.0454
Pkt 128 800 0.16 1
Pkt 120 750 0.16 1
Node 37 28 25.5539
Pkt 32 200 0.16 1
Pkt 31 192 0.161458 1
Node 36 74 27.7849
Pkt 60 375 0.16 1
Pkt 64 400 0.16 1
Node 54 73 23.3452
Pkt 128 800 0.16 1
Pkt 120 750 0.16 1
Node 40 56 11.6619
Pkt 24 150 0.16 1
Pkt 40 250 0.16 1
Node 53 69 19.2354
Pkt 48 300 0.16 1
Pkt 60 375 0.16 1
Rate:320.495
==========
==========31
8 0 2 24000
Node 25 43 25.9615
Pkt 20 125 0.16 1
Pkt 20 125 0.16 1
Node 73 61 25.4951
Pkt 64 400 0.16 1
Pkt 64 400 0.16 1
Node 52 53 3.60555
Pkt 128 800 0.16 1
Pkt 128 800 0.16 1
Node 70 37 23.8537
Pkt 40 250 0.16 1
Pkt 26 160 0.1625 1
Node 64 71 25.2389
Pkt 48 300 0.16 1
Pkt 60 375 0.16 1
Node 41 29 22.8473
Pkt 120 750 0.16 1
Pkt 128 800 0.16 1
Node 65 72 26.6271
Pkt 32 200 0.16 1
Pkt 16 100 0.16 1
Node 28 74 32.5576
Pkt 77 480 0.160417 1
Pkt 77 480 0.160417 1
Rate:320.417
==========
==========32
8 0 2 24000
Node 39 40 14.8661
Pkt 24 150 0.16 1
Pkt 26 160 0.1625 1
Node 27 69 29.8329
Pkt 77 480 0.160417 1
Pkt 77 480 0.160417 1
Node 51 53 3.16228
Pkt 120 750 0.16 1
Pkt 128 800 0.16 1
Node 45 71 21.587
Pkt 16 100 0.16 1
Pkt 20 125 0.16 1
Node 56 43 9.21954
Pkt 52 320 0.1625 1
Pkt 48 300 0.16 1
Node 61 66 19.4165
Pkt 128 800 0.16 1
Pkt 120 750 0.16 1
Node 60 54 10.7703
Pkt 26 160 0.1625 1
Pkt 16 100 0.16 1
Node 55 60 11.1803
Pkt 77 480 0.160417 1
Pkt 48 300 0.16 1
Rate:321.094
==========
==========33
8 0 2 24000
Node 66 48 16.1245
Pkt 31 192 0.161458 1
Pkt 39 240 0.1625 1
Node 74 44 24.7386
Pkt 60 375 0.16 1
Pkt 64 400 0.16 1
Node 31 55 19.6469
Pkt 120 750 0.16 1
Pkt 120 750 0.16 1
Node 58 31 20.6155
Pkt 39 240 0.1625 1
Pkt 40 250 0.16 1
Node 50 74 24
Pkt 48 300 0.16 1
Pkt 48 300 0.16 1
Node 28 50 22
Pkt 128 800 0.16 1
Pkt 120 750 0.16 1
Node 63 72 25.5539
Pkt 31 192 0.161458 1
Pkt 31 192 0.161458 1
Node 39 62 16.2788
Pkt 60 375 0.16 1
Pkt 48 300 0.16 1
Rate:321.172
==========
==========34
8 0 2 24000
Node 67 54 17.4642
Pkt 39 240 0.1625 1
Pkt 39 240 0.1625 1
Node 35 27 27.4591
Pkt 60 375 0.16 1
Pkt 64 400 0.16 1
Node 58 46 8.94427
Pkt 120 750 0.16 1
Pkt 120 750 0.16 1
Node 31 29 28.3196
Pkt 24 150 0.16 1
Pkt 20 125 0.16 1
Node 28 62 25.0599
Pkt 48 300 0.16 1
Pkt 77 480 0.160417 1
Node 71 43 22.1359
Pkt 120 750 0.16 1
Pkt 128 800 0.16 1
Node 48 35 15.1327
Pkt 39 240 0.1625 1
Pkt 26 160 0.1625 1
Node 55 67 17.72
Pkt 64 400 0.16 1
Pkt 52 320 0.1625 1
Rate:321.615
==========
==========35
8 0 2 24000
Node 47 63 13.3417
Pkt 24 150 0.16 1
Pkt 16 100 0.16 1
Node 36 64 19.799
Pkt 64 400 0.16 1
Pkt 77 480 0.160417 1
Node 67 44 18.0278
Pkt 128 800 0.16 1
Pkt 120 750 0.16 1
Node 56 54 7.2111
Pkt 40 250 0.16 1
Pkt 32 200 0.16 1
Node 49 34 16.0312
Pkt 48 300 0.16 1
Pkt 48 300 0.16 1
Node 73 70 30.4795
Pkt 120 750 0.16 1
Pkt 128 800 0.16 1
Node 56 59 10.8167
Pkt 39 240 0.1625 1
Pkt 16 100 0.16 1
Node 35 45 15.8114
Pkt 48 300 0.16 1
Pkt 52 320 0.1625 1
Rate:320.677
==========
==========36
8 0 2 24000
Node 64 35 20.5183
Pkt 20 125 0.16 1
Pkt 40 250 0.16 1
Node 56 35 16.1555
Pkt 48 300 0.16 1
Pkt 48 300 0.16 1
Node 59 43 11.4018
Pkt 128 800 0.16 1
Pkt 120 750 0.16 1
Node 39 34 19.4165
Pkt 40 250 0.16 1
Pkt 39 240 0.1625 1
Node 30 61 22.8254
Pkt 64 400 0.16 1
Pkt 52 320 0.1625 1
Node 70 44 20.8806
Pkt 128 800 0.16 1
Pkt 120 750 0.16 1
Node 25 29 32.6497
Pkt 20 125 0.16 1
Pkt 31 192 0.161458 1
Node 62 26 26.8328
Pkt 64 400 0.16 1
Pkt 64 400 0.16 1
Rate:320.807
==========
==========37
8 0 2 24000
Node 62 54 12.6491
Pkt 20 120 0.166667 1
Pkt 26 160 0.1625 1
Node 70 35 25
Pkt 60 375 0.16 1
Pkt 52 320 0.1625 1
Node 37 60 16.4012
Pkt 128 800 0.16 1
Pkt 120 750 0.16 1
Node 60 35 18.0278
Pkt 31 192 0.161458 1
Pkt 39 240 0.1625 1
Node 39 71 23.7065
Pkt 60 375 0.16 1
Pkt 60 375 0.16 1
Node 40 26 26
Pkt 128 800 0.16 1
Pkt 120 750 0.16 1
Node 46 39 11.7047
Pkt 40 250 0.16 1
Pkt 20 125 0.16 1
Node 53 41 9.48683
Pkt 60 375 0.16 1
Pkt 60 375 0.16 1
Rate:321.953
==========
==========38
8 0 2 24000
Node 67 74 29.4109
Pkt 32 200 0.16 1
Pkt 20 125 0.16 1
Node 73 36 26.9258
Pkt 52 320 0.1625 1
Pkt 77 480 0.160417 1
Node 29 38 24.1868
Pkt 120 750 0.16 1
Pkt 128 800 0.16 1
Node 34 37 20.6155
Pkt 39 240 0.1625 1
Pkt 40 250 0.16 1
Node 31 35 24.2074
Pkt 48 300 0.16 1
Pkt 77 480 0.160417 1
Node 35 49 15.0333
Pkt 128 800 0.16 1
Pkt 120 750 0.16 1
Node 71 36 25.2389
Pkt 31 192 0.161458 1
Pkt 39 240 0.1625 1
Node 27 60 25.0799
Pkt 48 300 0.16 1
Pkt 48 300 0.16 1
Rate:321.224
==========
==========39
8 0 2 24000
Node 65 52 15.1327
Pkt 39 240 0.1625 1
Pkt 20 125 0.16 1
Node 56 31 19.9249
Pkt 60 375 0.16 1
Pkt 52 320 0.1625 1
Node 70 43 21.1896
Pkt 120 750 0.16 1
Pkt 120 750 0.16 1
Node 61 56 12.53
Pkt 31 192 0.161458 1
Pkt 16 100 0.16 1
Node 53 31 19.2354
Pkt 48 300 0.16 1
Pkt 52 320 0.1625 1
Node 53 48 3.60555
Pkt 120 750 0.16 1
Pkt 120 750 0.16 1
Node 47 42 8.544
Pkt 32 200 0.16 1
Pkt 24 150 0.16 1
Node 66 63 20.6155
Pkt 48 300 0.16 1
Pkt 64 400 0.16 1
Rate:321.12
==========
==========40
8 0 2 24000
Node 65 30 25
Pkt 31 192 0.161458 1
Pkt 40 250 0.16 1
Node 49 62 12.0416
Pkt 48 300 0.16 1
Pkt 64 400 0.16 1
Node 34 48 16.1245
Pkt 120 750 0.16 1
Pkt 128 800 0.16 1
Node 74 43 25
Pkt 26 160 0.1625 1
Pkt 32 200 0.16 1
Node 51 60 10.0499
Pkt 64 400 0.16 1
Pkt 77 480 0.160417 1
Node 37 53 13.3417
Pkt 120 750 0.16 1
Pkt 120 750 0.16 1
Node 49 29 21.0238
Pkt 20 125 0.16 1
Pkt 32 200 0.16 1
Node 55 64 14.8661
Pkt 77 480 0.160417 1
Pkt 52 320 0.1625 1
Rate:320.911
==========
==========41
8 0 2 24000
Node 60 31 21.4709
Pkt 20 120 0.166667 1
Pkt 24 150 0.16 1
Node 57 64 15.6525
Pkt 52 320 0.1625 1
Pkt 52 320 0.1625 1
Node 52 47 3.60555
Pkt 128 800 0.16 1
Pkt 128 800 0.16 1
Node 46 51 4.12311
Pkt 20 120 0.166667 1
Pkt 31 192 0.161458 1
Node 70 57 21.1896
Pkt 48 300 0.16 1
Pkt 48 300 0.16 1
Node 53 74 24.1868
Pkt 120 750 0.16 1
Pkt 120 750 0.16 1
Node 57 60 12.2066
Pkt 24 150 0.16 1
Pkt 39 240 0.1625 1
Node 53 30 20.2237
Pkt 64 400 0.16 1
Pkt 52 320 0.1625 1
Rate:323.099
==========
==========42
8 0 2 24000
Node 48 26 24.0832
Pkt 20 120 0.166667 1
Pkt 16 100 0.16 1
Node 43 40 12.2066
Pkt 48 300 0.16 1
Pkt 60 375 0.16 1
Node 47 48 3.60555
Pkt 128 800 0.16 1
Pkt 128 800 0.16 1
Node 34 59 18.3576
Pkt 16 100 0.16 1
Pkt 32 200 0.16 1
Node 71 34 26.4008
Pkt 64 400 0.16 1
Pkt 48 300 0.16 1
Node 71 27 31.1448
Pkt 120 750 0.16 1
Pkt 120 750 0.16 1
Node 39 46 11.7047
Pkt 31 192 0.161458 1
Pkt 20 120 0.166667 1
Node 65 60 18.0278
Pkt 52 320 0.1625 1
Pkt 64 400 0.16 1
Rate:322.161
==========
==========43
8 0 2 24000
Node 65 70 25
Pkt 24 150 0.16 1
Pkt 20 120 0.166667 1
Node 73 74 33.2415
Pkt 48 300 0.16 1
Pkt 64 400 0.16 1
Node 27 65 27.4591
Pkt 120 750 0.16 1
Pkt 128 800 0.16 1
Node 39 71 23.7065
Pkt 40 250 0.16 1
Pkt 20 120 0.166667 1
Node 31 56 19.9249
Pkt 52 320 0.1625 1
Pkt 60 375 0.16 1
Node 35 29 25.807
Pkt 120 750 0.16 1
Pkt 128 800 0.16 1
Node 65 25 29.1548
Pkt 39 240 0.1625 1
Pkt 40 250 0.16 1
Node 69 58 20.6155
Pkt 64 400 0.16 1
Pkt 52 320 0.1625 1
Rate:322.604
==========
==========44
8 0 2 24000
Node 63 54 13.6015
Pkt 20 120 0.166667 1
Pkt 20 125 0.16 1
Node 28 56 22.8035
Pkt 48 300 0.16 1
Pkt 60 375 0.16 1
Node 25 33 30.2324
Pkt 128 800 0.16 1
Pkt 120 750 0.16 1
Node 69 31 26.8701
Pkt 26 160 0.1625 1
Pkt 24 150 0.16 1
Node 39 57 13.0384
Pkt 64 400 0.16 1
Pkt 52 320 0.1625 1
Node 58 71 22.4722
Pkt 120 750 0.16 1
Pkt 128 800 0.16 1
Node 65 74 28.3019
Pkt 24 150 0.16 1
Pkt 26 160 0.1625 1
Node 46 46 5.65685
Pkt 48 300 0.16 1
Pkt 60 375 0.16 1
Rate:321.771
==========
==========45
8 0 2 24000
Node 58 51 8.06226
Pkt 20 125 0.16 1
Pkt 26 160 0.1625 1
Node 41 46 9.84886
Pkt 60 375 0.16 1
Pkt 48 300 0.16 1
Node 72 39 24.5967
Pkt 120 750 0.16 1
Pkt 120 750 0.16 1
Node 61 66 19.4165
Pkt 16 100 0.16 1
Pkt 26 160 0.1625 1
Node 47 25 25.1794
Pkt 60 375 0.16 1
Pkt 48 300 0.16 1
Node 61 56 12.53
Pkt 128 800 0.16 1
Pkt 128 800 0.16 1
Node 28 34 27.2029
Pkt 39 240 0.1625 1
Pkt 31 192 0.161458 1
Node 71 74 31.8904
Pkt 48 300 0.16 1
Pkt 77 480 0.160417 1
Rate:321.172
==========
==========46
8 0 2 24000
Node 47 28 22.2036
Pkt 24 150 0.16 1
Pkt 39 240 0.1625 1
Node 68 57 19.3132
Pkt 64 400 0.16 1
Pkt 52 320 0.1625 1
Node 30 73 30.4795
Pkt 128 800 0.16 1
Pkt 120 750 0.16 1
Node 44 58 10
Pkt 16 100 0.16 1
Pkt 20 125 0.16 1
Node 49 69 19.0263
Pkt 77 480 0.160417 1
Pkt 48 300 0.16 1
Node 73 40 25.0799
Pkt 120 750 0.16 1
Pkt 128 800 0.16 1
Node 62 54 12.6491
Pkt 39 240 0.1625 1
Pkt 40 250 0.16 1
Node 60 43 12.2066
Pkt 60 375 0.16 1
Pkt 77 480 0.160417 1
Rate:321.042
==========
==========47
8 0 2 24000
Node 64 36 19.799
Pkt 39 240 0.1625 1
Pkt 32 200 0.16 1
Node 47 25 25.1794
Pkt 60 375 0.16 1
Pkt 64 400 0.16 1
Node 68 59 20.1246
Pkt 128 800 0.16 1
Pkt 120 750 0.16 1
Node 28 43 23.0868
Pkt 20 120 0.166667 1
Pkt 20 120 0.166667 1
Node 49 71 21.0238
Pkt 64 400 0.16 1
Pkt 52 320 0.1625 1
Node 57 64 15.6525
Pkt 120 750 0.16 1
Pkt 120 750 0.16 1
Node 28 39 24.5967
Pkt 24 150 0.16 1
Pkt 26 160 0.1625 1
Node 44 30 20.8806
Pkt 64 400 0.16 1
Pkt 60 375 0.16 1
Rate:322.604
==========
==========48
8 0 2 24000
Node 43 44 9.21954
Pkt 24 150 0.16 1
Pkt 32 200 0.16 1
Node 55 73 23.5372
Pkt 52 320 0.1625 1
Pkt 60 375 0.16 1
Node 47 65 15.2971
Pkt 120 750 0.16 1
Pkt 128 800 0.16 1
Node 26 40 26
Pkt 20 125 0.16 1
Pkt 24 150 0.16 1
Node 67 35 22.6716
Pkt 60 375 0.16 1
Pkt 77 480 0.160417 1
Node 70 27 30.4795
Pkt 120 750 0.16 1
Pkt 120 750 0.16 1
Node 43 57 9.89949
Pkt 26 160 0.1625 1
Pkt 39 240 0.1625 1
Node 31 36 23.6008
Pkt 52 320 0.1625 1
Pkt 48 300 0.16 1
Rate:321.302
==========
==========49
8 0 2 24000
Node 60 45 11.1803
Pkt 32 200 0.16 1
Pkt 40 250 0.16 1
Node 59 29 22.8473
Pkt 64 400 0.16 1
Pkt 64 400 0.16 1
Node 56 73 23.7697
Pkt 120 750 0.16 1
Pkt 128 800 0.16 1
Node 25 65 29.1548
Pkt 24 150 0.16 1
Pkt 32 200 0.16 1
Node 58 28 23.4094
Pkt 52 320 0.1625 1
Pkt 60 375 0.16 1
Node 69 73 29.8329
Pkt 120 750 0.16 1
Pkt 120 750 0.16 1
Node 29 45 21.587
Pkt 26 160 0.1625 1
Pkt 26 160 0.1625 1
Node 66 41 18.3576
Pkt 60 375 0.16 1
Pkt 64 400 0.16 1
Rate:320.938
==========
==========50
8 0 2 24000
Node 31 63 23.0217
Pkt 20 125 0.16 1
Pkt 40 250 0.16 1
Node 67 62 20.8087
Pkt 60 375 0.16 1
Pkt 64 400 0.16 1
Node 56 59 10.8167
Pkt 128 800 0.16 1
Pkt 120 750 0.16 1
Node 66 67 23.3452
Pkt 24 150 0.16 1
Pkt 24 150 0.16 1
Node 63 68 22.2036
Pkt 77 480 0.160417 1
Pkt 64 400 0.16 1
Node 36 50 14
Pkt 120 750 0.16 1
Pkt 128 800 0.16 1
Node 40 72 24.1661
Pkt 24 150 0.16 1
Pkt 16 100 0.16 1
Node 26 74 33.9411
Pkt 52 320 0.1625 1
Pkt 52 320 0.1625 1
Rate:320.677
==========
==========51
8 0 2 24000
Node 49 37 13.0384
Pkt 20 120 0.166667 1
Pkt 20 120 0.166667 1
Node 35 68 23.4307
Pkt 48 300 0.16 1
Pkt 64 400 0.16 1
Node 48 34 16.1245
Pkt 120 750 0.16 1
Pkt 120 750 0.16 1
Node 50 61 11
Pkt 40 250 0.16 1
Pkt 32 200 0.16 1
Node 70 27 30.4795
Pkt 77 480 0.160417 1
Pkt 60 375 0.16 1
Node 53 36 14.3178
Pkt 120 750 0.16 1
Pkt 128 800 0.16 1
Node 39 36 17.8045
Pkt 32 200 0.16 1
Pkt 20 120 0.166667 1
Node 39 62 16.2788
Pkt 77 480 0.160417 1
Pkt 48 300 0.16 1
Rate:322.604
==========
==========52
8 0 2 24000
Node 46 39 11.7047
Pkt 16 100 0.16 1
Pkt 32 200 0.16 1
Node 59 66 18.3576
Pkt 48 300 0.16 1
Pkt 60 375 0.16 1
Node 69 40 21.4709
Pkt 120 750 0.16 1
Pkt 120 750 0.16 1
Node 30 74 31.241
Pkt 20 120 0.166667 1
Pkt 16 100 0.16 1
Node 59 29 22.8473
Pkt 64 400 0.16 1
Pkt 48 300 0.16 1
Node 65 65 21.2132
Pkt 120 750 0.16 1
Pkt 128 800 0.16 1
Node 47 53 4.24264
Pkt 26 160 0.1625 1
Pkt 20 120 0.166667 1
Node 48 61 11.1803
Pkt 48 300 0.16 1
Pkt 64 400 0.16 1
Rate:321.979
==========
==========53
8 0 2 24000
Node 44 55 7.81025
Pkt 24 150 0.16 1
Pkt 31 192 0.161458 1
Node 64 63 19.105
Pkt 60 375 0.16 1
Pkt 60 375 0.16 1
Node 69 34 24.8395
Pkt 128 800 0.16 1
Pkt 128 800 0.16 1
Node 42 54 8.94427
Pkt 40 250 0.16 1
Pkt 24 150 0.16 1
Node 36 47 14.3178
Pkt 48 300 0.16 1
Pkt 52 320 0.1625 1
Node 30 56 20.8806
Pkt 128 800 0.16 1
Pkt 128 800 0.16 1
Node 29 74 31.8904
Pkt 24 150 0.16 1
Pkt 24 150 0.16 1
Node 71 45 21.587
Pkt 48 300 0.16 1
Pkt 64 400 0.16 1
Rate:320.495
==========
==========54
8 0 2 24000
Node 68 61 21.095
Pkt 26 160 0.1625 1
Pkt 31 192 0.161458 1
Node 62 68 21.6333
Pkt 77 480 0.160417 1
Pkt 52 320 0.1625 1
Node 73 39 25.4951
Pkt 120 750 0.16 1
Pkt 128 800 0.16 1
Node 34 44 17.088
Pkt 26 160 0.1625 1
Pkt 39 240 0.1625 1
Node 34 61 19.4165
Pkt 52 320 0.1625 1
Pkt 48 300 0.16 1
Node 32 31 26.1725
Pkt 120 750 0.16 1
Pkt 120 750 0.16 1
Node 72 58 23.4094
Pkt 16 100 0.16 1
Pkt 20 120 0.166667 1
Node 27 48 23.0868
Pkt 60 375 0.16 1
Pkt 48 300 0.16 1
Rate:322.63
==========
==========55
8 0 2 24000
Node 30 38 23.3238
Pkt 20 120 0.166667 1
Pkt 20 125 0.16 1
Node 30 35 25
Pkt 52 320 0.1625 1
Pkt 52 320 0.1625 1
Node 32 25 30.8058
Pkt 120 750 0.16 1
Pkt 120 750 0.16 1
Node 51 59 9.05539
Pkt 16 100 0.16 1
Pkt 20 125 0.16 1
Node 39 35 18.6011
Pkt 60 375 0.16 1
Pkt 60 375 0.16 1
Node 56 27 23.7697
Pkt 128 800 0.16 1
Pkt 120 750 0.16 1
Node 57 61 13.0384
Pkt 40 250 0.16 1
Pkt 39 240 0.1625 1
Node 27 47 23.1948
Pkt 64 400 0.16 1
Pkt 52 320 0.1625 1
Rate:322.083
==========
==========56
8 0 2 24000
Node 64 64 19.799
Pkt 20 125 0.16 1
Pkt 32 200 0.16 1
Node 62 57 13.8924
Pkt 60 375 0.16 1
Pkt 48 300 0.16 1
Node 33 55 17.72
Pkt 128 800 0.16 1
Pkt 120 750 0.16 1
Node 40 70 22.3607
Pkt 24 150 0.16 1
Pkt 20 120 0.166667 1
Node 25 57 25.9615
Pkt 48 300 0.16 1
Pkt 48 300 0.16 1
Node 42 27 24.3516
Pkt 128 800 0.16 1
Pkt 120 750 0.16 1
Node 25 41 26.5707
Pkt 20 120 0.166667 1
Pkt 20 120 0.166667 1
Node 57 62 13.8924
Pkt 64 400 0.16 1
Pkt 48 300 0.16 1
Rate:322.5
==========
==========57
8 0 2 24000
Node 26 59 25.632
Pkt 39 240 0.1625 1
Pkt 26 160 0.1625 1
Node 27 52 23.0868
Pkt 64 400 0.16 1
Pkt 60 375 0.16 1
Node 55 26 24.5153
Pkt 120 750 0.16 1
Pkt 120 750 0.16 1
Node 61 53 11.4018
Pkt 39 240 0.1625 1
Pkt 16 100 0.16 1
Node 73 49 23.0217
Pkt 64 400 0.16 1
Pkt 48 300 0.16 1
Node 69 69 26.8701
Pkt 120 750 0.16 1
Pkt 120 750 0.16 1
Node 29 54 21.3776
Pkt 40 250 0.16 1
Pkt 32 200 0.16 1
Node 60 40 14.1421
Pkt 77 480 0.160417 1
Pkt 77 480 0.160417 1
Rate:321.042
==========
==========58
8 0 2 24000
Node 29 43 22.1359
Pkt 20 125 0.16 1
Pkt 24 150 0.16 1
Node 60 49 10.0499
Pkt 60 375 0.16 1
Pkt 48 300 0.16 1
Node 55 47 5.83095
Pkt 128 800 0.16 1
Pkt 128 800 0.16 1
Node 60 48 10.198
Pkt 39 240 0.1625 1
Pkt 31 192 0.161458 1
Node 45 50 5
Pkt 77 480 0.160417 1
Pkt 64 400 0.16 1
Node 73 58 24.3516
Pkt 120 750 0.16 1
Pkt 128 800 0.16 1
Node 47 53 4.24264
Pkt 40 250 0.16 1
Pkt 32 200 0.16 1
Node 67 65 22.6716
Pkt 48 300 0.16 1
Pkt 77 480 0.160417 1
Rate:320.599
==========
==========59
8 0 2 24000
Node 50 40 10
Pkt 24 150 0.16 1
Pkt 26 160 0.1625 1
Node 47 31 19.2354
Pkt 48 300 0.16 1
Pkt 48 300 0.16 1
Node 64 35 20.5183
Pkt 128 800 0.16 1
Pkt 120 750 0.16 1
Node 49 32 18.0278
Pkt 40 250 0.16 1
Pkt 16 100 0.16 1
Node 59 69 21.0238
Pkt 64 400 0.16 1
Pkt 64 400 0.16 1
Node 43 60 12.2066
Pkt 120 750 0.16 1
Pkt 128 800 0.16 1
Node 61 25 27.313
Pkt 26 160 0.1625 1
Pkt 26 160 0.1625 1
Node 28 71 30.4138
Pkt 77 480 0.160417 1
Pkt 52 320 0.1625 1
Rate:321.302
==========
==========60
8 0 2 24000
Node 67 54 17.4642
Pkt 32 200 0.16 1
Pkt 26 160 0.1625 1
Node 72 74 32.5576
Pkt 64 400 0.16 1
Pkt 64 400 0.16 1
Node 53 52 3.60555
Pkt 120 750 0.16 1
Pkt 128 800 0.16 1
Node 73 72 31.8277
Pkt 32 200 0.16 1
Pkt 32 200 0.16 1
Node 29 34 26.4008
Pkt 48 300 0.16 1
Pkt 64 400 0.16 1
Node 56 39 12.53
Pkt 120 750 0.16 1
Pkt 120 750 0.16 1
Node 31 37 23.0217
Pkt 40 250 0.16 1
Pkt 24 150 0.16 1
Node 53 35 15.2971
Pkt 48 300 0.16 1
Pkt 77 480 0.160417 1
Rate:320.365
==========
==========61
8 0 2 24000
Node 71 45 21.587
Pkt 39 240 0.1625 1
Pkt 16 100 0.16 1
Node 71 29 29.6985
Pkt 52 320 0.1625 1
Pkt 64 400 0.16 1
Node 66 26 28.8444
Pkt 120 750 0.16 1
Pkt 120 750 0.16 1
Node 45 46 6.40312
Pkt 20 125 0.16 1
Pkt 32 200 0.16 1
Node 45 71 21.587
Pkt 77 480 0.160417 1
Pkt 60 375 0.16 1
Node 66 34 22.6274
Pkt 120 750 0.16 1
Pkt 120 750 0.16 1
Node 72 53 22.2036
Pkt 16 100 0.16 1
Pkt 32 200 0.16 1
Node 46 42 8.94427
Pkt 60 375 0.16 1
Pkt 52 320 0.1625 1
Rate:320.99
==========
==========62
8 0 2 24000
Node 70 47 20.2237
Pkt 20 125 0.16 1
Pkt 39 240 0.1625 1
Node 74 57 25
Pkt 77 480 0.160417 1
Pkt 77 480 0.160417 1
Node 49 59 9.05539
Pkt 128 800 0.16 1
Pkt 128 800 0.16 1
Node 34 63 20.6155
Pkt 31 192 0.161458 1
Pkt 26 160 0.1625 1
Node 64 35 20.5183
Pkt 48 300 0.16 1
Pkt 64 400 0.16 1
Node 32 27 29.2062
Pkt 120 750 0.16 1
Pkt 120 750 0.16 1
Node 37 55 13.9284
Pkt 26 160 0.1625 1
Pkt 16 100 0.16 1
Node 25 49 25.02
Pkt 60 375 0.16 1
Pkt 48 300 0.16 1
Rate:321.224
==========
==========63
8 0 2 24000
Node 58 74 25.2982
Pkt 32 200 0.16 1
Pkt 26 160 0.1625 1
Node 45 69 19.6469
Pkt 48 300 0.16 1
Pkt 77 480 0.160417 1
Node 29 44 21.8403
Pkt 120 750 0.16 1
Pkt 120 750 0.16 1
Node 41 46 9.84886
Pkt 32 200 0.16 1
Pkt 24 150 0.16 1
Node 70 42 21.5407
Pkt 64 400 0.16 1
Pkt 64 400 0.16 1
Node 60 51 10.0499
Pkt 128 800 0.16 1
Pkt 128 800 0.16 1
Node 47 47 4.24264
Pkt 32 200 0.16 1
Pkt 40 250 0.16 1
Node 71 70 29
Pkt 48 300 0.16 1
Pkt 64 400 0.16 1
Rate:320.365
==========
==========64
8 0 2 24000
Node 56 72 22.8035
Pkt 40 250 0.16 1
Pkt 26 160 0.1625 1
Node 67 59 19.2354
Pkt 77 480 0.160417 1
Pkt 64 400 0.16 1
Node 38 35 19.2094
Pkt 120 750 0.16 1
Pkt 120 750 0.16 1
Node 32 50 18
Pkt 16 100 0.16 1
Pkt 40 250 0.16 1
Node 53 25 25.1794
Pkt 48 300 0.16 1
Pkt 52 320 0.1625 1
Node 73 38 25.9422
Pkt 128 800 0.16 1
Pkt 120 750 0.16 1
Node 42 65 17
Pkt 31 192 0.161458 1
Pkt 39 240 0.1625 1
Node 27 37 26.4197
Pkt 64 400 0.16 1
Pkt 64 400 0.16 1
Rate:321.172
==========
==========65
8 0 2 24000
Node 59 33 19.2354
Pkt 26 160 0.1625 1
Pkt 39 240 0.1625 1
Node 47 48 3.60555
Pkt 52 320 0.1625 1
Pkt 77 480 0.160417 1
Node 42 59 12.0416
Pkt 120 750 0.16 1
Pkt 120 750 0.16 1
Node 60 42 12.8062
Pkt 20 125 0.16 1
Pkt 32 200 0.16 1
Node 53 71 21.2132
Pkt 64 400 0.16 1
Pkt 48 300 0.16 1
Node 48 26 24.0832
Pkt 128 800 0.16 1
Pkt 128 800 0.16 1
Node 62 30 23.3238
Pkt 24 150 0.16 1
Pkt 26 160 0.1625 1
Node 34 28 27.2029
Pkt 77 480 0.160417 1
Pkt 52 320 0.1625 1
Rate:321.667
==========
==========66
8 0 2 24000
Node 33 34 23.3452
Pkt 40 250 0.16 1
Pkt 26 160 0.1625 1
Node 50 44 6
Pkt 64 400 0.16 1
Pkt 48 300 0.16 1
Node 28 68 28.4253
Pkt 120 750 0.16 1
Pkt 128 800 0.16 1
Node 33 36 22.0227
Pkt 24 150 0.16 1
Pkt 32 200 0.16 1
Node 39 54 11.7047
Pkt 77 480 0.160417 1
Pkt 48 300 0.16 1
Node 46 55 6.40312
Pkt 120 750 0.16 1
Pkt 128 800 0.16 1
Node 55 35 15.8114
Pkt 20 125 0.16 1
Pkt 26 160 0.1625 1
Node 27 57 24.0416
Pkt 64 400 0.16 1
Pkt 64 400 0.16 1
Rate:320.677
==========
==========67
8 0 2 24000
Node 40 47 10.4403
Pkt 31 192 0.161458 1
Pkt 40 250 0.16 1
Node 44 43 9.21954
Pkt 52 320 0.1625 1
Pkt 60 375 0.16 1
Node 43 72 23.0868
Pkt 128 800 0.16 1
Pkt 120 750 0.16 1
Node 31 35 24.2074
Pkt 16 100 0.16 1
Pkt 20 120 0.166667 1
Node 46 65 15.5242
Pkt 48 300 0.16 1
Pkt 60 375 0.16 1
Node 72 39 24.5967
Pkt 128 800 0.16 1
Pkt 120 750 0.16 1
Node 44 63 14.3178
Pkt 32 200 0.16 1
Pkt 40 250 0.16 1
Node 49 42 8.06226
Pkt 52 320 0.1625 1
Pkt 48 300 0.16 1
Rate:321.641
==========
==========68
8 0 2 24000
Node 26 60 26
Pkt 39 240 0.1625 1
Pkt 20 120 0.166667 1
Node 62 26 26.8328
Pkt 77 480 0.160417 1
Pkt 77 480 0.160417 1
Node 66 61 19.4165
Pkt 128 800 0.16 1
Pkt 120 750 0.16 1
Node 72 25 33.3017
Pkt 31 192 0.161458 1
Pkt 40 250 0.16 1
Node 46 41 9.84886
Pkt 60 375 0.16 1
Pkt 52 320 0.1625 1
Node 40 40 14.1421
Pkt 120 750 0.16 1
Pkt 120 750 0.16 1
Node 32 28 28.4253
Pkt 32 200 0.16 1
Pkt 16 100 0.16 1
Node 32 41 20.1246
Pkt 77 480 0.160417 1
Pkt 52 320 0.1625 1
Rate:322.109
==========
==========69
8 0 2 24000
Node 38 62 16.9706
Pkt 26 160 0.1625 1
Pkt 39 240 0.1625 1
Node 25 43 25.9615
Pkt 48 300 0.16 1
Pkt 77 480 0.160417 1
Node 30 33 26.2488
Pkt 128 800 0.16 1
Pkt 120 750 0.16 1
Node 62 30 23.3238
Pkt 40 250 0.16 1
Pkt 39 240 0.1625 1
Node 47 71 21.2132
Pkt 48 300 0.16 1
Pkt 64 400 0.16 1
Node 36 72 26.0768
Pkt 120 750 0.16 1
Pkt 120 750 0.16 1
Node 42 34 17.8885
Pkt 39 240 0.1625 1
Pkt 20 120 0.166667 1
Node 63 35 19.8494
Pkt 64 400 0.16 1
Pkt 77 480 0.160417 1
Rate:322.188
==========
==========70
8 0 2 24000
Node 65 52 15.1327
Pkt 20 120 0.166667 1
Pkt 32 200 0.16 1
Node 53 53 4.24264
Pkt 64 400 0.16 1
Pkt 64 400 0.16 1
Node 39 41 14.2127
Pkt 120 750 0.16 1
Pkt 128 800 0.16 1
Node 50 36 14
Pkt 20 120 0.166667 1
Pkt 40 250 0.16 1
Node 42 62 14.4222
Pkt 60 375 0.16 1
Pkt 77 480 0.160417 1
Node 44 59 10.8167
Pkt 128 800 0.16 1
Pkt 128 800 0.16 1
Node 42 67 18.7883
Pkt 31 192 0.161458 1
Pkt 20 125 0.16 1
Node 31 30 27.5862
Pkt 77 480 0.160417 1
Pkt 60 375 0.16 1
Rate:321.953
==========
==========71
8 0 2 24000
Node 37 46 13.6015
Pkt 24 150 0.16 1
Pkt 20 125 0.16 1
Node 49 50 1
Pkt 60 375 0.16 1
Pkt 48 300 0.16 1
Node 30 73 30.4795
Pkt 120 750 0.16 1
Pkt 120 750 0.16 1
Node 49 62 12.0416
Pkt 40 250 0.16 1
Pkt 20 120 0.166667 1
Node 55 59 10.2956
Pkt 64 400 0.16 1
Pkt 48 300 0.16 1
Node 44 64 15.2315
Pkt 128 800 0.16 1
Pkt 120 750 0.16 1
Node 67 60 19.7231
Pkt 20 125 0.16 1
Pkt 16 100 0.16 1
Node 46 50 4
Pkt 64 400 0.16 1
Pkt 77 480 0.160417 1
Rate:320.885
==========
==========72
8 0 2 24000
Node 34 53 16.2788
Pkt 26 160 0.1625 1
Pkt 20 125 0.16 1
Node 43 74 25
Pkt 60 375 0.16 1
Pkt 64 400 0.16 1
Node 49 31 19.0263
Pkt 120 750 0.16 1
Pkt 120 750 0.16 1
Node 63 65 19.8494
Pkt 24 150 0.16 1
Pkt 20 125 0.16 1
Node 62 47 12.3693
Pkt 60 375 0.16 1
Pkt 48 300 0.16 1
Node 48 29 21.095
Pkt 128 800 0.16 1
Pkt 120 750 0.16 1
Node 26 40 26
Pkt 24 150 0.16 1
Pkt 31 192 0.161458 1
Node 30 61 22.8254
Pkt 64 400 0.16 1
Pkt 64 400 0.16 1
Rate:320.495
==========
==========73
8 0 2 24000
Node 30 27 30.4795
Pkt 24 150 0.16 1
Pkt 16 100 0.16 1
Node 66 57 17.4642
Pkt 48 300 0.16 1
Pkt 52 320 0.1625 1
Node 28 44 22.8035
Pkt 120 750 0.16 1
Pkt 128 800 0.16 1
Node 57 58 10.6301
Pkt 26 160 0.1625 1
Pkt 31 192 0.161458 1
Node 39 45 12.083
Pkt 64 400 0.16 1
Pkt 48 300 0.16 1
Node 72 35 26.6271
Pkt 128 800 0.16 1
Pkt 120 750 0.16 1
Node 33 27 28.6007
Pkt 40 250 0.16 1
Pkt 16 100 0.16 1
Node 25 54 25.318
Pkt 48 300 0.16 1
Pkt 48 300 0.16 1
Rate:320.807
==========
==========74
8 0 2 24000
Node 61 41 14.2127
Pkt 26 160 0.1625 1
Pkt 31 192 0.161458 1
Node 73 45 23.5372
Pkt 48 300 0.16 1
Pkt 52 320 0.1625 1
Node 26 64 27.7849
Pkt 128 800 0.16 1
Pkt 128 800 0.16 1
Node 39 47 11.4018
Pkt 20 125 0.16 1
Pkt 16 100 0.16 1
Node 59 28 23.7697
Pkt 64 400 0.16 1
Pkt 77 480 0.160417 1
Node 29 70 29
Pkt 128 800 0.16 1
Pkt 128 800 0.16 1
Node 59 36 16.6433
Pkt 39 240 0.1625 1
Pkt 32 200 0.16 1
Node 70 66 25.6125
Pkt 60 375 0.16 1
Pkt 52 320 0.1625 1
Rate:321.484
==========
==========75
8 0 2 24000
Node 47 49 3.16228
Pkt 26 160 0.1625 1
Pkt 40 250 0.16 1
Node 70 52 20.0998
Pkt 77 480 0.160417 1
Pkt 60 375 0.16 1
Node 50 43 7
Pkt 128 800 0.16 1
Pkt 128 800 0.16 1
Node 40 64 17.2047
Pkt 20 125 0.16 1
Pkt 26 160 0.1625 1
Node 70 65 25
Pkt 77 480 0.160417 1
Pkt 52 320 0.1625 1
Node 74 51 24.0208
Pkt 120 750 0.16 1
Pkt 128 800 0.16 1
Node 61 42 13.6015
Pkt 31 192 0.161458 1
Pkt 31 192 0.161458 1
Node 25 58 26.2488
Pkt 64 400 0.16 1
Pkt 77 480 0.160417 1
Rate:321.458
==========
==========76
8 0 2 24000
Node 74 40 26
Pkt 26 160 0.1625 1
Pkt 20 120 0.166667 1
Node 54 54 5.65685
Pkt 64 400 0.16 1
Pkt 48 300 0.16 1
Node 58 70 21.5407
Pkt 120 750 0.16 1
Pkt 128 800 0.16 1
Node 42 66 17.8885
Pkt 16 100 0.16 1
Pkt 31 192 0.161458 1
Node 60 47 10.4403
Pkt 48 300 0.16 1
Pkt 48 300 0.16 1
Node 55 39 12.083
Pkt 120 750 0.16 1
Pkt 120 750 0.16 1
Node 41 42 12.0416
Pkt 32 200 0.16 1
Pkt 16 100 0.16 1
Node 72 48 22.0907
Pkt 64 400 0.16 1
Pkt 64 400 0.16 1
Rate:321.328
==========
==========77
8 0 2 24000
Node 64 38 18.4391
Pkt 24 150 0.16 1
Pkt 16 100 0.16 1
Node 30 34 25.6125
Pkt 77 480 0.160417 1
Pkt 52 320 0.1625 1
Node 64 57 15.6525
Pkt 128 800 0.16 1
Pkt 128 800 0.16 1
Node 68 42 19.6977
Pkt 16 100 0.16 1
Pkt 32 200 0.16 1
Node 59 63 15.8114
Pkt 60 375 0.16 1
Pkt 60 375 0.16 1
Node 69 40 21.4709
Pkt 120 750 0.16 1
Pkt 128 800 0.16 1
Node 69 46 19.4165
Pkt 20 125 0.16 1
Pkt 26 160 0.1625 1
Node 57 71 22.1359
Pkt 77 480 0.160417 1
Pkt 52 320 0.1625 1
Rate:321.042
==========
==========78
8 0 2 24000
Node 47 34 16.2788
Pkt 20 125 0.16 1
Pkt 20 120 0.166667 1
Node 66 49 16.0312
Pkt 48 300 0.16 1
Pkt 60 375 0.16 1
Node 65 42 17
Pkt 120 750 0.16 1
Pkt 128 800 0.16 1
Node 70 53 20.2237
Pkt 26 160 0.1625 1
Pkt 26 160 0.1625 1
Node 40 42 12.8062
Pkt 52 320 0.1625 1
Pkt 60 375 0.16 1
Node 52 28 22.0907
Pkt 128 800 0.16 1
Pkt 120 750 0.16 1
Node 38 71 24.1868
Pkt 20 125 0.16 1
Pkt 16 100 0.16 1
Node 52 26 24.0832
Pkt 64 400 0.16 1
Pkt 77 480 0.160417 1
Rate:321.823
==========
==========79
8 0 2 24000
Node 61 50 11
Pkt 26 160 0.1625 1
Pkt 40 250 0.16 1
Node 58 35 17
Pkt 52 320 0.1625 1
Pkt 64 400 0.16 1
Node 70 33 26.2488
Pkt 128 800 0.16 1
Pkt 120 750 0.16 1
Node 69 63 23.0217
Pkt 31 192 0.161458 1
Pkt 26 160 0.1625 1
Node 42 65 17
Pkt 64 400 0.16 1
Pkt 48 300 0.16 1
Node 57 29 22.1359
Pkt 120 750 0.16 1
Pkt 120 750 0.16 1
Node 42 71 22.4722
Pkt 20 120 0.166667 1
Pkt 39 240 0.1625 1
Node 69 64 23.6008
Pkt 60 375 0.16 1
Pkt 48 300 0.16 1
Rate:322.266
==========
==========80
8 0 2 24000
Node 70 65 25
Pkt 40 250 0.16 1
Pkt 39 240 0.1625 1
Node 59 39 14.2127
Pkt 64 400 0.16 1
Pkt 64 400 0.16 1
Node 50 25 25
Pkt 128 800 0.16 1
Pkt 128 800 0.16 1
Node 37 38 17.6918
Pkt 40 250 0.16 1
Pkt 31 192 0.161458 1
Node 26 50 24
Pkt 48 300 0.16 1
Pkt 48 300 0.16 1
Node 30 30 28.2843
Pkt 128 800 0.16 1
Pkt 120 750 0.16 1
Node 71 31 28.3196
Pkt 40 250 0.16 1
Pkt 24 150 0.16 1
Node 71 28 30.4138
Pkt 48 300 0.16 1
Pkt 52 320 0.1625 1
Rate:320.807
==========
==========81
8 0 2 24000
Node 41 55 10.2956
Pkt 24 150 0.16 1
Pkt 39 240 0.1625 1
Node 62 30 23.3238
Pkt 52 320 0.1625 1
Pkt 60 375 0.16 1
Node 65 35 21.2132
Pkt 128 800 0.16 1
Pkt 128 800 0.16 1
Node 33 47 17.2627
Pkt 16 100 0.16 1
Pkt 20 120 0.166667 1
Node 56 60 11.6619
Pkt 77 480 0.160417 1
Pkt 60 375 0.16 1
Node 66 69 24.8395
Pkt 120 750 0.16 1
Pkt 128 800 0.16 1
Node 70 51 20.025
Pkt 26 160 0.1625 1
Pkt 16 100 0.16 1
Node 66 74 28.8444
Pkt 60 375 0.16 1
Pkt 64 400 0.16 1
Rate:321.823
==========
==========82
8 0 2 24000
Node 31 55 19.6469
Pkt 16 100 0.16 1
Pkt 16 100 0.16 1
Node 36 63 19.105
Pkt 52 320 0.1625 1
Pkt 52 320 0.1625 1
Node 54 32 18.4391
Pkt 128 800 0.16 1
Pkt 128 800 0.16 1
Node 65 29 25.807
Pkt 32 200 0.16 1
Pkt 31 192 0.161458 1
Node 43 51 7.07107
Pkt 60 375 0.16 1
Pkt 52 320 0.1625 1
Node 55 56 7.81025
Pkt 120 750 0.16 1
Pkt 128 800 0.16 1
Node 55 66 16.7631
Pkt 39 240 0.1625 1
Pkt 39 240 0.1625 1
Node 66 36 21.2603
Pkt 60 375 0.16 1
Pkt 60 375 0.16 1
Rate:321.745
==========
==========83
8 0 2 24000
Node 28 53 22.2036
Pkt 20 120 0.166667 1
Pkt 39 240 0.1625 1
Node 42 60 12.8062
Pkt 77 480 0.160417 1
Pkt 64 400 0.16 1
Node 59 57 11.4018
Pkt 120 750 0.16 1
Pkt 120 750 0.16 1
Node 42 53 8.544
Pkt 32 200 0.16 1
Pkt 26 160 0.1625 1
Node 45 48 5.38516
Pkt 77 480 0.160417 1
Pkt 64 400 0.16 1
Node 65 67 22.6716
Pkt 128 800 0.16 1
Pkt 120 750 0.16 1
Node 48 48 2.82843
Pkt 32 200 0.16 1
Pkt 26 160 0.1625 1
Node 47 32 18.2483
Pkt 48 300 0.16 1
Pkt 64 400 0.16 1
Rate:321.875
==========
==========84
8 0 2 24000
Node 68 65 23.4307
Pkt 20 125 0.16 1
Pkt 39 240 0.1625 1
Node 32 51 18.0278
Pkt 60 375 0.16 1
Pkt 60 375 0.16 1
Node 32 37 22.2036
Pkt 128 800 0.16 1
Pkt 128 800 0.16 1
Node 50 63 13
Pkt 31 192 0.161458 1
Pkt 20 125 0.16 1
Node 35 55 15.8114
Pkt 52 320 0.1625 1
Pkt 77 480 0.160417 1
Node 31 26 30.6105
Pkt 120 750 0.16 1
Pkt 128 800 0.16 1
Node 56 65 16.1555
Pkt 32 200 0.16 1
Pkt 20 125 0.16 1
Node 49 54 4.12311
Pkt 60 375 0.16 1
Pkt 77 480 0.160417 1
Rate:320.911
==========
==========85
8 0 2 24000
Node 64 73 26.9258
Pkt 31 192 0.161458 1
Pkt 31 192 0.161458 1
Node 74 53 24.1868
Pkt 48 300 0.16 1
Pkt 64 400 0.16 1
Node 39 31 21.9545
Pkt 128 800 0.16 1
Pkt 128 800 0.16 1
Node 72 28 31.1127
Pkt 20 125 0.16 1
Pkt 40 250 0.16 1
Node 51 54 4.12311
Pkt 60 375 0.16 1
Pkt 52 320 0.1625 1
Node 66 44 17.088
Pkt 128 800 0.16 1
Pkt 128 800 0.16 1
Node 69 46 19.4165
Pkt 31 192 0.161458 1
Pkt 32 200 0.16 1
Node 29 25 32.6497
Pkt 52 320 0.1625 1
Pkt 64 400 0.16 1
Rate:321.172
==========
==========86
8 0 2 24000
Node 39 44 12.53
Pkt 32 200 0.16 1
Pkt 40 250 0.16 1
Node 37 55 13.9284
Pkt 77 480 0.160417 1
Pkt 77 480 0.160417 1
Node 65 70 25
Pkt 120 750 0.16 1
Pkt 128 800 0.16 1
Node 54 68 18.4391
Pkt 20 125 0.16 1
Pkt 20 120 0.166667 1
Node 50 51 1
Pkt 77 480 0.160417 1
Pkt 48 300 0.16 1
Node 27 54 23.3452
Pkt 120 750 0.16 1
Pkt 120 750 0.16 1
Node 63 31 23.0217
Pkt 24 150 0.16 1
Pkt 20 125 0.16 1
Node 44 56 8.48528
Pkt 52 320 0.1625 1
Pkt 64 400 0.16 1
Rate:321.302
==========
==========87
8 0 2 24000
Node 64 68 22.8035
Pkt 39 240 0.1625 1
Pkt 20 120 0.166667 1
Node 32 47 18.2483
Pkt 52 320 0.1625 1
Pkt 60 375 0.16 1
Node 31 65 24.2074
Pkt 128 800 0.16 1
Pkt 120 750 0.16 1
Node 43 42 10.6301
Pkt 26 160 0.1625 1
Pkt 26 160 0.1625 1
Node 32 33 24.7588
Pkt 60 375 0.16 1
Pkt 52 320 0.1625 1
Node 43 54 8.06226
Pkt 120 750 0.16 1
Pkt 120 750 0.16 1
Node 56 42 10
Pkt 40 250 0.16 1
Pkt 24 150 0.16 1
Node 43 47 7.61577
Pkt 64 400 0.16 1
Pkt 52 320 0.1625 1
Rate:322.708
==========
==========88
8 0 2 24000
Node 43 56 9.21954
Pkt 31 192 0.161458 1
Pkt 31 192 0.161458 1
Node 52 54 4.47214
Pkt 52 320 0.1625 1
Pkt 48 300 0.16 1
Node 65 55 15.8114
Pkt 128 800 0.16 1
Pkt 128 800 0.16 1
Node 49 40 10.0499
Pkt 20 120 0.166667 1
Pkt 16 100 0.16 1
Node 54 63 13.6015
Pkt 77 480 0.160417 1
Pkt 64 400 0.16 1
Node 36 25 28.6531
Pkt 128 800 0.16 1
Pkt 120 750 0.16 1
Node 28 42 23.4094
Pkt 16 100 0.16 1
Pkt 40 250 0.16 1
Node 34 64 21.2603
Pkt 77 480 0.160417 1
Pkt 64 400 0.16 1
Rate:321.615
==========
==========89
8 0 2 24000
Node 71 41 22.8473
Pkt 16 100 0.16 1
Pkt 26 160 0.1625 1
Node 31 30 27.5862
Pkt 48 300 0.16 1
Pkt 52 320 0.1625 1
Node 50 57 7
Pkt 120 750 0.16 1
Pkt 120 750 0.16 1
Node 32 46 18.4391
Pkt 20 125 0.16 1
Pkt 20 125 0.16 1
Node 55 38 13
Pkt 64 400 0.16 1
Pkt 77 480 0.160417 1
Node 25 25 35.3553
Pkt 128 800 0.16 1
Pkt 128 800 0.16 1
Node 70 59 21.9317
Pkt 31 192 0.161458 1
Pkt 32 200 0.16 1
Node 72 52 22.0907
Pkt 48 300 0.16 1
Pkt 64 400 0.16 1
Rate:320.859
==========
==========90
8 0 2 24000
Node 30 57 21.1896
Pkt 31 192 0.161458 1
Pkt 40 250 0.16 1
Node 52 57 7.28011
Pkt 77 480 0.160417 1
Pkt 77 480 0.160417 1
Node 54 70 20.3961
Pkt 120 750 0.16 1
Pkt 128 800 0.16 1
Node 73 27 32.5269
Pkt 20 120 0.166667 1
Pkt 20 125 0.16 1
Node 73 38 25.9422
Pkt 48 300 0.16 1
Pkt 77 480 0.160417 1
Node 32 35 23.4307
Pkt 120 750 0.16 1
Pkt 120 750 0.16 1
Node 56 52 6.32456
Pkt 24 150 0.16 1
Pkt 24 150 0.16 1
Node 48 54 4.47214
Pkt 48 300 0.16 1
Pkt 77 480 0.160417 1
Rate:321.224
==========
==========91
8 0 2 24000
Node 65 38 19.2094
Pkt 32 200 0.16 1
Pkt 20 125 0.16 1
Node 50 72 22
Pkt 60 375 0.16 1
Pkt 77 480 0.160417 1
Node 70 49 20.025
Pkt 120 750 0.16 1
Pkt 120 750 0.16 1
Node 56 61 12.53
Pkt 16 100 0.16 1
Pkt 32 200 0.16 1
Node 44 73 23.7697
Pkt 48 300 0.16 1
Pkt 60 375 0.16 1
Node 71 45 21.587
Pkt 128 800 0.16 1
Pkt 128 800 0.16 1
Node 32 59 20.1246
Pkt 31 192 0.161458 1
Pkt 26 160 0.1625 1
Node 50 53 3
Pkt 77 480 0.160417 1
Pkt 64 400 0.16 1
Rate:320.599
==========
==========92
8 0 2 24000
Node 70 52 20.0998
Pkt 16 100 0.16 1
Pkt 26 160 0.1625 1
Node 54 63 13.6015
Pkt 48 300 0.16 1
Pkt 64 400 0.16 1
Node 70 61 22.8254
Pkt 128 800 0.16 1
Pkt 120 750 0.16 1
Node 26 51 24.0208
Pkt 40 250 0.16 1
Pkt 24 150 0.16 1
Node 68 70 26.9072
Pkt 48 300 0.16 1
Pkt 64 400 0.16 1
Node 45 41 10.2956
Pkt 120 750 0.16 1
Pkt 120 750 0.16 1
Node 45 32 18.6815
Pkt 20 120 0.166667 1
Pkt 39 240 0.1625 1
Node 67 71 27.0185
Pkt 64 400 0.16 1
Pkt 48 300 0.16 1
Rate:321.458
==========
==========93
8 0 2 24000
Node 53 55 5.83095
Pkt 26 160 0.1625 1
Pkt 39 240 0.1625 1
Node 36 67 22.0227
Pkt 60 375 0.16 1
Pkt 60 375 0.16 1
Node 30 34 25.6125
Pkt 120 750 0.16 1
Pkt 120 750 0.16 1
Node 38 42 14.4222
Pkt 32 200 0.16 1
Pkt 26 160 0.1625 1
Node 40 51 10.0499
Pkt 52 320 0.1625 1
Pkt 64 400 0.16 1
Node 72 31 29.0689
Pkt 120 750 0.16 1
Pkt 120 750 0.16 1
Node 40 40 14.1421
Pkt 31 192 0.161458 1
Pkt 26 160 0.1625 1
Node 41 62 15
Pkt 52 320 0.1625 1
Pkt 60 375 0.16 1
Rate:322.057
==========
==========94
8 0 2 24000
Node 37 31 23.0217
Pkt 40 250 0.16 1
Pkt 31 192 0.161458 1
Node 56 74 24.7386
Pkt 64 400 0.16 1
Pkt 64 400 0.16 1
Node 64 42 16.1245
Pkt 128 800 0.16 1
Pkt 128 800 0.16 1
Node 26 49 24.0208
Pkt 31 192 0.161458 1
Pkt 16 100 0.16 1
Node 33 46 17.4642
Pkt 52 320 0.1625 1
Pkt 52 320 0.1625 1
Node 35 35 21.2132
Pkt 128 800 0.16 1
Pkt 128 800 0.16 1
Node 62 71 24.1868
Pkt 32 200 0.16 1
Pkt 20 120 0.166667 1
Node 53 31 19.2354
Pkt 64 400 0.16 1
Pkt 52 320 0.1625 1
Rate:322.135
==========
==========95
8 0 2 24000
Node 29 33 27.0185
Pkt 32 200 0.16 1
Pkt 31 192 0.161458 1
Node 36 26 27.7849
Pkt 52 320 0.1625 1
Pkt 52 320 0.1625 1
Node 60 48 10.198
Pkt 120 750 0.16 1
Pkt 128 800 0.16 1
Node 55 44 7.81025
Pkt 26 160 0.1625 1
Pkt 20 125 0.16 1
Node 43 32 19.3132
Pkt 52 320 0.1625 1
Pkt 60 375 0.16 1
Node 64 48 14.1421
Pkt 120 750 0.16 1
Pkt 128 800 0.16 1
Node 61 43 13.0384
Pkt 31 192 0.161458 1
Pkt 40 250 0.16 1
Node 62 34 20
Pkt 48 300 0.16 1
Pkt 64 400 0.16 1
Rate:321.615
==========
==========96
8 0 2 24000
Node 60 54 10.7703
Pkt 20 120 0.166667 1
Pkt 20 125 0.16 1
Node 48 66 16.1245
Pkt 60 375 0.16 1
Pkt 52 320 0.1625 1
Node 52 66 16.1245
Pkt 120 750 0.16 1
Pkt 128 800 0.16 1
Node 30 27 30.4795
Pkt 16 100 0.16 1
Pkt 31 192 0.161458 1
Node 59 46 9.84886
Pkt 52 320 0.1625 1
Pkt 60 375 0.16 1
Node 74 44 24.7386
Pkt 120 750 0.16 1
Pkt 120 750 0.16 1
Node 34 49 16.0312
Pkt 31 192 0.161458 1
Pkt 31 192 0.161458 1
Node 63 60 16.4012
Pkt 60 375 0.16 1
Pkt 77 480 0.160417 1
Rate:322.057
==========
==========97
8 0 2 24000
Node 51 28 22.0227
Pkt 40 250 0.16 1
Pkt 39 240 0.1625 1
Node 52 45 5.38516
Pkt 60 375 0.16 1
Pkt 60 375 0.16 1
Node 50 42 8
Pkt 128 800 0.16 1
Pkt 120 750 0.16 1
Node 66 61 19.4165
Pkt 40 250 0.16 1
Pkt 24 150 0.16 1
Node 36 32 22.8035
Pkt 64 400 0.16 1
Pkt 64 400 0.16 1
Node 27 26 33.2415
Pkt 120 750 0.16 1
Pkt 128 800 0.16 1
Node 34 36 21.2603
Pkt 31 192 0.161458 1
Pkt 20 120 0.166667 1
Node 57 31 20.2485
Pkt 77 480 0.160417 1
Pkt 52 320 0.1625 1
Rate:321.693
==========
==========98
8 0 2 24000
Node 71 41 22.8473
Pkt 20 125 0.16 1
Pkt 20 120 0.166667 1
Node 69 57 20.2485
Pkt 52 320 0.1625 1
Pkt 48 300 0.16 1
Node 64 48 14.1421
Pkt 120 750 0.16 1
Pkt 128 800 0.16 1
Node 26 43 25
Pkt 24 150 0.16 1
Pkt 26 160 0.1625 1
Node 69 28 29.0689
Pkt 64 400 0.16 1
Pkt 60 375 0.16 1
Node 61 46 11.7047
Pkt 120 750 0.16 1
Pkt 128 800 0.16 1
Node 65 29 25.807
Pkt 40 250 0.16 1
Pkt 39 240 0.1625 1
Node 51 30 20.025
Pkt 77 480 0.160417 1
Pkt 52 320 0.1625 1
Rate:322.135
==========
==========99
