8 0 2 24000
Node 39 27 25.4951
Pkt 58 192 0.302083 1
Pkt 58 192 0.302083 1
Node 40 65 18.0278
Pkt 144 480 0.3 1
Pkt 113 375 0.301333 1
Node 25 52 25.0799
Pkt 225 750 0.3 1
Pkt 240 800 0.3 1
Node 31 51 19.0263
Pkt 48 160 0.3 1
Pkt 36 120 0.3 1
Node 27 37 26.4197
Pkt 120 400 0.3 1
Pkt 90 300 0.3 1
Node 67 43 18.3848
Pkt 225 750 0.3 1
Pkt 240 800 0.3 1
Node 65 36 20.5183
Pkt 38 125 0.304 1
Pkt 60 200 0.3 1
Node 67 42 18.7883
Pkt 120 400 0.3 1
Pkt 90 300 0.3 1
Rate:601.187
==========
==========0
8 0 2 24000
Node 43 48 7.28011
Pkt 72 240 0.3 1
Pkt 72 240 0.3 1
Node 26 48 24.0832
Pkt 96 320 0.3 1
Pkt 120 400 0.3 1
Node 51 36 14.0357
Pkt 225 750 0.3 1
Pkt 225 750 0.3 1
Node 73 57 24.0416
Pkt 48 160 0.3 1
Pkt 38 125 0.304 1
Node 51 51 1.41421
Pkt 113 375 0.301333 1
Pkt 90 300 0.3 1
Node 62 53 12.3693
Pkt 225 750 0.3 1
Pkt 225 750 0.3 1
Node 69 72 29.0689
Pkt 58 192 0.302083 1
Pkt 72 240 0.3 1
Node 38 25 27.7308
Pkt 96 320 0.3 1
Pkt 90 300 0.3 1
Rate:600.927
==========
==========1
8 0 2 24000
Node 51 36 14.0357
Pkt 48 160 0.3 1
Pkt 75 250 0.3 1
Node 57 40 12.2066
Pkt 120 400 0.3 1
Pkt 120 400 0.3 1
Node 74 52 24.0832
Pkt 225 750 0.3 1
Pkt 225 750 0.3 1
Node 32 63 22.2036
Pkt 36 120 0.3 1
Pkt 48 160 0.3 1
Node 26 51 24.0208
Pkt 90 300 0.3 1
Pkt 144 480 0.3 1
Node 46 44 7.2111
Pkt 240 800 0.3 1
Pkt 225 750 0.3 1
Node 25 67 30.2324
Pkt 58 192 0.302083 1
Pkt 72 240 0.3 1
Node 48 43 7.28011
Pkt 90 300 0.3 1
Pkt 90 300 0.3 1
Rate:600.26
==========
==========2
8 0 2 24000
Node 55 69 19.6469
Pkt 36 120 0.3 1
Pkt 38 125 0.304 1
Node 40 25 26.9258
Pkt 90 300 0.3 1
Pkt 96 320 0.3 1
Node 48 64 14.1421
Pkt 240 800 0.3 1
Pkt 225 750 0.3 1
Node 64 41 16.6433
Pkt 58 192 0.302083 1
Pkt 38 125 0.304 1
Node 65 59 17.4929
Pkt 90 300 0.3 1
Pkt 120 400 0.3 1
Node 44 63 14.3178
Pkt 225 750 0.3 1
Pkt 225 750 0.3 1
Node 31 51 19.0263
Pkt 45 150 0.3 1
Pkt 36 120 0.3 1
Node 72 36 26.0768
Pkt 90 300 0.3 1
Pkt 90 300 0.3 1
Rate:601.26
==========
==========3
8 0 2 24000
Node 42 33 18.7883
Pkt 58 192 0.302083 1
Pkt 60 200 0.3 1
Node 57 52 7.28011
Pkt 113 375 0.301333 1
Pkt 96 320 0.3 1
Node 27 71 31.1448
Pkt 240 800 0.3 1
Pkt 225 750 0.3 1
Node 58 73 24.3516
Pkt 58 192 0.302083 1
Pkt 30 100 0.3 1
Node 70 53 20.2237
Pkt 120 400 0.3 1
Pkt 120 400 0.3 1
Node 38 32 21.6333
Pkt 225 750 0.3 1
Pkt 240 800 0.3 1
Node 68 59 20.1246
Pkt 75 250 0.3 1
Pkt 75 250 0.3 1
Node 57 44 9.21954
Pkt 96 320 0.3 1
Pkt 96 320 0.3 1
Rate:600.687
==========
==========4
8 0 2 24000
Node 40 74 26
Pkt 45 150 0.3 1
Pkt 72 240 0.3 1
Node 53 61 11.4018
Pkt 96 320 0.3 1
Pkt 90 300 0.3 1
Node 28 54 22.3607
Pkt 240 800 0.3 1
Pkt 240 800 0.3 1
Node 35 29 25.807
Pkt 48 160 0.3 1
Pkt 75 250 0.3 1
Node 49 25 25.02
Pkt 113 375 0.301333 1
Pkt 90 300 0.3 1
Node 74 59 25.632
Pkt 225 750 0.3 1
Pkt 240 800 0.3 1
Node 27 43 24.0416
Pkt 45 150 0.3 1
Pkt 60 200 0.3 1
Node 32 36 22.8035
Pkt 96 320 0.3 1
Pkt 144 480 0.3 1
Rate:600.167
==========
==========5
8 0 2 24000
Node 26 54 24.3311
Pkt 38 125 0.304 1
Pkt 60 200 0.3 1
Node 49 40 10.0499
Pkt 113 375 0.301333 1
Pkt 113 375 0.301333 1
Node 64 30 24.4131
Pkt 225 750 0.3 1
Pkt 240 800 0.3 1
Node 45 51 5.09902
Pkt 30 100 0.3 1
Pkt 48 160 0.3 1
Node 44 52 6.32456
Pkt 113 375 0.301333 1
Pkt 90 300 0.3 1
Node 29 62 24.1868
Pkt 240 800 0.3 1
Pkt 225 750 0.3 1
Node 49 56 6.08276
Pkt 58 192 0.302083 1
Pkt 72 240 0.3 1
Node 55 51 5.09902
Pkt 144 480 0.3 1
Pkt 120 400 0.3 1
Rate:601.26
==========
==========6
8 0 2 24000
Node 25 32 30.8058
Pkt 60 200 0.3 1
Pkt 72 240 0.3 1
Node 25 74 34.6554
Pkt 120 400 0.3 1
Pkt 144 480 0.3 1
Node 47 59 9.48683
Pkt 225 750 0.3 1
Pkt 225 750 0.3 1
Node 59 73 24.6982
Pkt 30 100 0.3 1
Pkt 36 120 0.3 1
Node 73 69 29.8329
Pkt 120 400 0.3 1
Pkt 120 400 0.3 1
Node 51 30 20.025
Pkt 225 750 0.3 1
Pkt 225 750 0.3 1
Node 55 35 15.8114
Pkt 45 150 0.3 1
Pkt 75 250 0.3 1
Node 48 50 2
Pkt 120 400 0.3 1
Pkt 96 320 0.3 1
Rate:600
==========
==========7
8 0 2 24000
Node 63 62 17.6918
Pkt 38 125 0.304 1
Pkt 36 120 0.3 1
Node 71 54 21.3776
Pkt 120 400 0.3 1
Pkt 90 300 0.3 1
Node 70 38 23.3238
Pkt 240 800 0.3 1
Pkt 240 800 0.3 1
Node 68 61 21.095
Pkt 45 150 0.3 1
Pkt 36 120 0.3 1
Node 42 46 8.94427
Pkt 113 375 0.301333 1
Pkt 120 400 0.3 1
Node 53 38 12.3693
Pkt 225 750 0.3 1
Pkt 240 800 0.3 1
Node 45 65 15.8114
Pkt 36 120 0.3 1
Pkt 60 200 0.3 1
Node 28 43 23.0868
Pkt 120 400 0.3 1
Pkt 144 480 0.3 1
Rate:600.667
==========
==========8
8 0 2 24000
Node 58 48 8.24621
Pkt 58 192 0.302083 1
Pkt 38 125 0.304 1
Node 56 65 16.1555
Pkt 144 480 0.3 1
Pkt 113 375 0.301333 1
Node 34 73 28.0179
Pkt 240 800 0.3 1
Pkt 225 750 0.3 1
Node 73 61 25.4951
Pkt 75 250 0.3 1
Pkt 58 192 0.302083 1
Node 28 64 26.0768
Pkt 113 375 0.301333 1
Pkt 90 300 0.3 1
Node 56 69 19.9249
Pkt 240 800 0.3 1
Pkt 240 800 0.3 1
Node 54 28 22.3607
Pkt 36 120 0.3 1
Pkt 58 192 0.302083 1
Node 46 61 11.7047
Pkt 96 320 0.3 1
Pkt 90 300 0.3 1
Rate:601.615
==========
==========9
8 0 2 24000
Node 27 64 26.9258
Pkt 60 200 0.3 1
Pkt 58 192 0.302083 1
Node 72 33 27.8029
Pkt 96 320 0.3 1
Pkt 96 320 0.3 1
Node 67 74 29.4109
Pkt 225 750 0.3 1
Pkt 240 800 0.3 1
Node 40 42 12.8062
Pkt 30 100 0.3 1
Pkt 38 125 0.304 1
Node 36 51 14.0357
Pkt 113 375 0.301333 1
Pkt 113 375 0.301333 1
Node 44 34 17.088
Pkt 225 750 0.3 1
Pkt 225 750 0.3 1
Node 70 73 30.4795
Pkt 60 200 0.3 1
Pkt 45 150 0.3 1
Node 36 53 14.3178
Pkt 120 400 0.3 1
Pkt 113 375 0.301333 1
Rate:601.26
==========
==========10
8 0 2 24000
Node 67 69 25.4951
Pkt 72 240 0.3 1
Pkt 38 125 0.304 1
Node 33 37 21.4009
Pkt 120 400 0.3 1
Pkt 90 300 0.3 1
Node 37 67 21.4009
Pkt 240 800 0.3 1
Pkt 225 750 0.3 1
Node 66 42 17.8885
Pkt 48 160 0.3 1
Pkt 75 250 0.3 1
Node 49 46 4.12311
Pkt 113 375 0.301333 1
Pkt 113 375 0.301333 1
Node 42 71 22.4722
Pkt 225 750 0.3 1
Pkt 240 800 0.3 1
Node 57 26 25
Pkt 30 100 0.3 1
Pkt 30 100 0.3 1
Node 67 51 17.0294
Pkt 144 480 0.3 1
Pkt 96 320 0.3 1
Rate:600.833
==========
==========11
8 0 2 24000
Node 25 34 29.6816
Pkt 36 120 0.3 1
Pkt 72 240 0.3 1
Node 56 29 21.8403
Pkt 90 300 0.3 1
Pkt 120 400 0.3 1
Node 73 73 32.5269
Pkt 225 750 0.3 1
Pkt 225 750 0.3 1
Node 43 55 8.60233
Pkt 58 192 0.302083 1
Pkt 38 125 0.304 1
Node 55 66 16.7631
Pkt 90 300 0.3 1
Pkt 113 375 0.301333 1
Node 30 44 20.8806
Pkt 225 750 0.3 1
Pkt 225 750 0.3 1
Node 31 70 27.5862
Pkt 58 192 0.302083 1
Pkt 45 150 0.3 1
Node 33 60 19.7231
Pkt 96 320 0.3 1
Pkt 144 480 0.3 1
Rate:601.187
==========
==========12
8 0 2 24000
Node 27 35 27.4591
Pkt 58 192 0.302083 1
Pkt 60 200 0.3 1
Node 61 52 11.1803
Pkt 113 375 0.301333 1
Pkt 120 400 0.3 1
Node 58 35 17
Pkt 240 800 0.3 1
Pkt 225 750 0.3 1
Node 28 44 22.8035
Pkt 72 240 0.3 1
Pkt 36 120 0.3 1
Node 53 30 20.2237
Pkt 144 480 0.3 1
Pkt 96 320 0.3 1
Node 66 38 20
Pkt 225 750 0.3 1
Pkt 240 800 0.3 1
Node 39 55 12.083
Pkt 45 150 0.3 1
Pkt 45 150 0.3 1
Node 58 52 8.24621
Pkt 120 400 0.3 1
Pkt 120 400 0.3 1
Rate:600.427
==========
==========13
8 0 2 24000
Node 31 64 23.6008
Pkt 48 160 0.3 1
Pkt 38 125 0.304 1
Node 71 67 27.0185
Pkt 90 300 0.3 1
Pkt 96 320 0.3 1
Node 65 50 15
Pkt 240 800 0.3 1
Pkt 225 750 0.3 1
Node 53 71 21.2132
Pkt 45 150 0.3 1
Pkt 60 200 0.3 1
Node 46 74 24.3311
Pkt 144 480 0.3 1
Pkt 96 320 0.3 1
Node 69 36 23.6008
Pkt 240 800 0.3 1
Pkt 240 800 0.3 1
Node 32 33 24.7588
Pkt 72 240 0.3 1
Pkt 58 192 0.302083 1
Node 72 59 23.7697
Pkt 96 320 0.3 1
Pkt 96 320 0.3 1
Rate:600.76
==========
==========14
8 0 2 24000
Node 41 32 20.1246
Pkt 30 100 0.3 1
Pkt 36 120 0.3 1
Node 47 64 14.3178
Pkt 144 480 0.3 1
Pkt 96 320 0.3 1
Node 71 45 21.587
Pkt 225 750 0.3 1
Pkt 240 800 0.3 1
Node 49 25 25.02
Pkt 58 192 0.302083 1
Pkt 45 150 0.3 1
Node 53 39 11.4018
Pkt 113 375 0.301333 1
Pkt 113 375 0.301333 1
Node 36 33 22.0227
Pkt 225 750 0.3 1
Pkt 225 750 0.3 1
Node 65 53 15.2971
Pkt 38 125 0.304 1
Pkt 75 250 0.3 1
Node 67 48 17.1172
Pkt 113 375 0.301333 1
Pkt 90 300 0.3 1
Rate:601.26
==========
==========15
8 0 2 24000
Node 59 42 12.0416
Pkt 72 240 0.3 1
Pkt 72 240 0.3 1
Node 66 29 26.4008
Pkt 90 300 0.3 1
Pkt 120 400 0.3 1
Node 32 41 20.1246
Pkt 240 800 0.3 1
Pkt 225 750 0.3 1
Node 28 71 30.4138
Pkt 36 120 0.3 1
Pkt 48 160 0.3 1
Node 47 63 13.3417
Pkt 113 375 0.301333 1
Pkt 144 480 0.3 1
Node 43 42 10.6301
Pkt 240 800 0.3 1
Pkt 240 800 0.3 1
Node 28 38 25.0599
Pkt 30 100 0.3 1
Pkt 75 250 0.3 1
Node 44 45 7.81025
Pkt 113 375 0.301333 1
Pkt 120 400 0.3 1
Rate:600.333
==========
==========16
8 0 2 24000
Node 64 41 16.6433
Pkt 58 192 0.302083 1
Pkt 45 150 0.3 1
Node 35 31 24.2074
Pkt 113 375 0.301333 1
Pkt 96 320 0.3 1
Node 37 62 17.6918
Pkt 225 750 0.3 1
Pkt 225 750 0.3 1
Node 71 74 31.8904
Pkt 36 120 0.3 1
Pkt 48 160 0.3 1
Node 50 25 25
Pkt 120 400 0.3 1
Pkt 96 320 0.3 1
Node 28 67 27.8029
Pkt 225 750 0.3 1
Pkt 225 750 0.3 1
Node 36 52 14.1421
Pkt 48 160 0.3 1
Pkt 72 240 0.3 1
Node 27 69 29.8329
Pkt 90 300 0.3 1
Pkt 120 400 0.3 1
Rate:600.427
==========
==========17
8 0 2 24000
Node 62 40 15.6205
Pkt 36 120 0.3 1
Pkt 30 100 0.3 1
Node 48 61 11.1803
Pkt 120 400 0.3 1
Pkt 144 480 0.3 1
Node 30 39 22.8254
Pkt 225 750 0.3 1
Pkt 240 800 0.3 1
Node 56 70 20.8806
Pkt 58 192 0.302083 1
Pkt 36 120 0.3 1
Node 28 62 25.0599
Pkt 120 400 0.3 1
Pkt 120 400 0.3 1
Node 38 41 15
Pkt 225 750 0.3 1
Pkt 225 750 0.3 1
Node 36 59 16.6433
Pkt 58 192 0.302083 1
Pkt 72 240 0.3 1
Node 48 73 23.0868
Pkt 120 400 0.3 1
Pkt 96 320 0.3 1
Rate:600.521
==========
==========18
8 0 2 24000
Node 68 34 24.0832
Pkt 58 192 0.302083 1
Pkt 75 250 0.3 1
Node 64 58 16.1245
Pkt 113 375 0.301333 1
Pkt 120 400 0.3 1
Node 31 54 19.4165
Pkt 240 800 0.3 1
Pkt 225 750 0.3 1
Node 68 63 22.2036
Pkt 30 100 0.3 1
Pkt 38 125 0.304 1
Node 32 39 21.095
Pkt 144 480 0.3 1
Pkt 120 400 0.3 1
Node 67 30 26.2488
Pkt 240 800 0.3 1
Pkt 240 800 0.3 1
Node 27 38 25.9422
Pkt 30 100 0.3 1
Pkt 38 125 0.304 1
Node 66 55 16.7631
Pkt 96 320 0.3 1
Pkt 113 375 0.301333 1
Rate:601.594
==========
==========19
8 0 2 24000
Node 56 73 23.7697
Pkt 75 250 0.3 1
Pkt 72 240 0.3 1
Node 69 51 19.0263
Pkt 113 375 0.301333 1
Pkt 113 375 0.301333 1
Node 32 68 25.4558
Pkt 225 750 0.3 1
Pkt 240 800 0.3 1
Node 66 58 17.8885
Pkt 30 100 0.3 1
Pkt 30 100 0.3 1
Node 33 27 28.6007
Pkt 120 400 0.3 1
Pkt 144 480 0.3 1
Node 45 27 23.5372
Pkt 240 800 0.3 1
Pkt 225 750 0.3 1
Node 57 73 24.0416
Pkt 72 240 0.3 1
Pkt 48 160 0.3 1
Node 67 64 22.0227
Pkt 96 320 0.3 1
Pkt 96 320 0.3 1
Rate:600.333
==========
==========20
8 0 2 24000
Node 61 42 13.6015
Pkt 48 160 0.3 1
Pkt 60 200 0.3 1
Node 25 25 35.3553
Pkt 120 400 0.3 1
Pkt 90 300 0.3 1
Node 50 57 7
Pkt 225 750 0.3 1
Pkt 225 750 0.3 1
Node 67 66 23.3452
Pkt 45 150 0.3 1
Pkt 38 125 0.304 1
Node 57 28 23.0868
Pkt 96 320 0.3 1
Pkt 96 320 0.3 1
Node 26 48 24.0832
Pkt 225 750 0.3 1
Pkt 225 750 0.3 1
Node 27 36 26.9258
Pkt 38 125 0.304 1
Pkt 48 160 0.3 1
Node 43 51 7.07107
Pkt 90 300 0.3 1
Pkt 113 375 0.301333 1
Rate:601.167
==========
==========21
8 0 2 24000
Node 67 26 29.4109
Pkt 36 120 0.3 1
Pkt 60 200 0.3 1
Node 67 57 18.3848
Pkt 144 480 0.3 1
Pkt 96 320 0.3 1
Node 60 61 14.8661
Pkt 240 800 0.3 1
Pkt 240 800 0.3 1
Node 64 69 23.6008
Pkt 38 125 0.304 1
Pkt 60 200 0.3 1
Node 51 39 11.0454
Pkt 90 300 0.3 1
Pkt 113 375 0.301333 1
Node 59 56 10.8167
Pkt 240 800 0.3 1
Pkt 240 800 0.3 1
Node 66 73 28.0179
Pkt 45 150 0.3 1
Pkt 30 100 0.3 1
Node 70 52 20.0998
Pkt 113 375 0.301333 1
Pkt 113 375 0.301333 1
Rate:601
==========
==========22
8 0 2 24000
Node 62 55 13
Pkt 30 100 0.3 1
Pkt 38 125 0.304 1
Node 67 31 25.4951
Pkt 90 300 0.3 1
Pkt 90 300 0.3 1
Node 42 70 21.5407
Pkt 225 750 0.3 1
Pkt 240 800 0.3 1
Node 41 39 14.2127
Pkt 72 240 0.3 1
Pkt 48 160 0.3 1
Node 58 65 17
Pkt 120 400 0.3 1
Pkt 120 400 0.3 1
Node 36 52 14.1421
Pkt 240 800 0.3 1
Pkt 240 800 0.3 1
Node 66 64 21.2603
Pkt 60 200 0.3 1
Pkt 30 100 0.3 1
Node 36 62 18.4391
Pkt 96 320 0.3 1
Pkt 90 300 0.3 1
Rate:600.5
==========
==========23
8 0 2 24000
Node 67 52 17.1172
Pkt 58 192 0.302083 1
Pkt 45 150 0.3 1
Node 41 51 9.05539
Pkt 96 320 0.3 1
Pkt 144 480 0.3 1
Node 28 67 27.8029
Pkt 240 800 0.3 1
Pkt 225 750 0.3 1
Node 74 57 25
Pkt 72 240 0.3 1
Pkt 72 240 0.3 1
Node 54 71 21.3776
Pkt 96 320 0.3 1
Pkt 96 320 0.3 1
Node 47 31 19.2354
Pkt 240 800 0.3 1
Pkt 240 800 0.3 1
Node 67 40 19.7231
Pkt 38 125 0.304 1
Pkt 75 250 0.3 1
Node 52 45 5.38516
Pkt 120 400 0.3 1
Pkt 120 400 0.3 1
Rate:600.76
==========
==========24
8 0 2 24000
Node 68 46 18.4391
Pkt 58 192 0.302083 1
Pkt 38 125 0.304 1
Node 74 31 30.6105
Pkt 96 320 0.3 1
Pkt 113 375 0.301333 1
Node 61 42 13.6015
Pkt 240 800 0.3 1
Pkt 225 750 0.3 1
Node 59 59 12.7279
Pkt 36 120 0.3 1
Pkt 60 200 0.3 1
Node 55 57 8.60233
Pkt 120 400 0.3 1
Pkt 144 480 0.3 1
Node 36 27 26.9258
Pkt 225 750 0.3 1
Pkt 225 750 0.3 1
Node 42 65 17
Pkt 48 160 0.3 1
Pkt 58 192 0.302083 1
Node 69 54 19.4165
Pkt 120 400 0.3 1
Pkt 113 375 0.301333 1
Rate:601.354
==========
==========25
8 0 2 24000
Node 60 31 21.4709
Pkt 75 250 0.3 1
Pkt 72 240 0.3 1
Node 53 27 23.1948
Pkt 96 320 0.3 1
Pkt 90 300 0.3 1
Node 72 32 28.4253
Pkt 225 750 0.3 1
Pkt 240 800 0.3 1
Node 57 55 8.60233
Pkt 36 120 0.3 1
Pkt 58 192 0.302083 1
Node 45 50 5
Pkt 90 300 0.3 1
Pkt 113 375 0.301333 1
Node 68 41 20.1246
Pkt 240 800 0.3 1
Pkt 225 750 0.3 1
Node 54 44 7.2111
Pkt 38 125 0.304 1
Pkt 75 250 0.3 1
Node 65 31 24.2074
Pkt 144 480 0.3 1
Pkt 144 480 0.3 1
Rate:600.927
==========
==========26
8 0 2 24000
Node 41 48 9.21954
Pkt 48 160 0.3 1
Pkt 45 150 0.3 1
Node 49 54 4.12311
Pkt 113 375 0.301333 1
Pkt 120 400 0.3 1
Node 49 44 6.08276
Pkt 240 800 0.3 1
Pkt 225 750 0.3 1
Node 50 62 12
Pkt 60 200 0.3 1
Pkt 38 125 0.304 1
Node 52 67 17.1172
Pkt 113 375 0.301333 1
Pkt 144 480 0.3 1
Node 49 60 10.0499
Pkt 240 800 0.3 1
Pkt 225 750 0.3 1
Node 65 73 27.4591
Pkt 45 150 0.3 1
Pkt 36 120 0.3 1
Node 73 36 26.9258
Pkt 96 320 0.3 1
Pkt 96 320 0.3 1
Rate:600.833
==========
==========27
8 0 2 24000
Node 68 74 30
Pkt 36 120 0.3 1
Pkt 45 150 0.3 1
Node 29 38 24.1868
Pkt 113 375 0.301333 1
Pkt 120 400 0.3 1
Node 67 45 17.72
Pkt 225 750 0.3 1
Pkt 240 800 0.3 1
Node 58 28 23.4094
Pkt 38 125 0.304 1
Pkt 36 120 0.3 1
Node 34 55 16.7631
Pkt 113 375 0.301333 1
Pkt 96 320 0.3 1
Node 67 61 20.2485
Pkt 225 750 0.3 1
Pkt 225 750 0.3 1
Node 32 52 18.1108
Pkt 75 250 0.3 1
Pkt 38 125 0.304 1
Node 71 45 21.587
Pkt 120 400 0.3 1
Pkt 96 320 0.3 1
Rate:601.333
==========
==========28
8 0 2 24000
Node 39 55 12.083
Pkt 38 125 0.304 1
Pkt 72 240 0.3 1
Node 52 33 17.1172
Pkt 96 320 0.3 1
Pkt 90 300 0.3 1
Node 29 57 22.1359
Pkt 240 800 0.3 1
Pkt 240 800 0.3 1
Node 71 63 24.6982
Pkt 58 192 0.302083 1
Pkt 58 192 0.302083 1
Node 35 74 28.3019
Pkt 144 480 0.3 1
Pkt 113 375 0.301333 1
Node 64 71 25.2389
Pkt 240 800 0.3 1
Pkt 225 750 0.3 1
Node 56 64 15.2315
Pkt 45 150 0.3 1
Pkt 58 192 0.302083 1
Node 27 73 32.5269
Pkt 120 400 0.3 1
Pkt 120 400 0.3 1
Rate:601.448
==========
==========29
8 0 2 24000
Node 41 53 9.48683
Pkt 60 200 0.3 1
Pkt 48 160 0.3 1
Node 29 64 25.2389
Pkt 90 300 0.3 1
Pkt 120 400 0.3 1
Node 42 67 18.7883
Pkt 240 800 0.3 1
Pkt 225 750 0.3 1
Node 45 48 5.38516
Pkt 58 192 0.302083 1
Pkt 36 120 0.3 1
Node 59 32 20.1246
Pkt 96 320 0.3 1
Pkt 96 320 0.3 1
Node 57 67 18.3848
Pkt 240 800 0.3 1
Pkt 240 800 0.3 1
Node 54 29 21.3776
Pkt 58 192 0.302083 1
Pkt 30 100 0.3 1
Node 70 73 30.4795
Pkt 120 400 0.3 1
Pkt 90 300 0.3 1
Rate:600.521
==========
==========30
8 0 2 24000
Node 65 65 21.2132
Pkt 30 100 0.3 1
Pkt 30 100 0.3 1
Node 26 70 31.241
Pkt 113 375 0.301333 1
Pkt 120 400 0.3 1
Node 42 42 11.3137
Pkt 225 750 0.3 1
Pkt 240 800 0.3 1
Node 60 60 14.1421
Pkt 72 240 0.3 1
Pkt 30 100 0.3 1
Node 28 47 22.2036
Pkt 96 320 0.3 1
Pkt 144 480 0.3 1
Node 48 49 2.23607
Pkt 240 800 0.3 1
Pkt 225 750 0.3 1
Node 73 60 25.0799
Pkt 30 100 0.3 1
Pkt 75 250 0.3 1
Node 54 36 14.5602
Pkt 90 300 0.3 1
Pkt 96 320 0.3 1
Rate:600.167
==========
==========31
8 0 2 24000
Node 56 43 9.21954
Pkt 72 240 0.3 1
Pkt 48 160 0.3 1
Node 41 67 19.2354
Pkt 120 400 0.3 1
Pkt 96 320 0.3 1
Node 30 29 29
Pkt 225 750 0.3 1
Pkt 240 800 0.3 1
Node 61 68 21.095
Pkt 72 240 0.3 1
Pkt 75 250 0.3 1
Node 61 36 17.8045
Pkt 113 375 0.301333 1
Pkt 96 320 0.3 1
Node 65 65 21.2132
Pkt 225 750 0.3 1
Pkt 225 750 0.3 1
Node 69 38 22.4722
Pkt 38 125 0.304 1
Pkt 38 125 0.304 1
Node 28 64 26.0768
Pkt 96 320 0.3 1
Pkt 90 300 0.3 1
Rate:601.167
==========
==========32
8 0 2 24000
Node 48 71 21.095
Pkt 48 160 0.3 1
Pkt 30 100 0.3 1
Node 45 51 5.09902
Pkt 144 480 0.3 1
Pkt 120 400 0.3 1
Node 47 35 15.2971
Pkt 225 750 0.3 1
Pkt 225 750 0.3 1
Node 31 41 21.0238
Pkt 38 125 0.304 1
Pkt 38 125 0.304 1
Node 59 35 17.4929
Pkt 113 375 0.301333 1
Pkt 120 400 0.3 1
Node 25 48 25.0799
Pkt 225 750 0.3 1
Pkt 225 750 0.3 1
Node 30 71 29
Pkt 45 150 0.3 1
Pkt 36 120 0.3 1
Node 52 71 21.095
Pkt 144 480 0.3 1
Pkt 144 480 0.3 1
Rate:601.167
==========
==========33
8 0 2 24000
Node 36 64 19.799
Pkt 36 120 0.3 1
Pkt 48 160 0.3 1
Node 39 53 11.4018
Pkt 144 480 0.3 1
Pkt 113 375 0.301333 1
Node 69 67 25.4951
Pkt 240 800 0.3 1
Pkt 225 750 0.3 1
Node 25 39 27.313
Pkt 38 125 0.304 1
Pkt 36 120 0.3 1
Node 68 54 18.4391
Pkt 90 300 0.3 1
Pkt 113 375 0.301333 1
Node 57 50 7
Pkt 225 750 0.3 1
Pkt 225 750 0.3 1
Node 48 64 14.1421
Pkt 30 100 0.3 1
Pkt 36 120 0.3 1
Node 37 33 21.4009
Pkt 90 300 0.3 1
Pkt 120 400 0.3 1
Rate:600.833
==========
==========34
8 0 2 24000
Node 29 34 26.4008
Pkt 58 192 0.302083 1
Pkt 60 200 0.3 1
Node 67 30 26.2488
Pkt 113 375 0.301333 1
Pkt 113 375 0.301333 1
Node 40 51 10.0499
Pkt 240 800 0.3 1
Pkt 240 800 0.3 1
Node 67 59 19.2354
Pkt 30 100 0.3 1
Pkt 72 240 0.3 1
Node 31 68 26.1725
Pkt 113 375 0.301333 1
Pkt 120 400 0.3 1
Node 60 68 20.5913
Pkt 225 750 0.3 1
Pkt 225 750 0.3 1
Node 52 49 2.23607
Pkt 30 100 0.3 1
Pkt 45 150 0.3 1
Node 32 35 23.4307
Pkt 90 300 0.3 1
Pkt 90 300 0.3 1
Rate:600.76
==========
==========35
8 0 2 24000
Node 50 25 25
Pkt 75 250 0.3 1
Pkt 38 125 0.304 1
Node 39 64 17.8045
Pkt 120 400 0.3 1
Pkt 96 320 0.3 1
Node 36 34 21.2603
Pkt 225 750 0.3 1
Pkt 240 800 0.3 1
Node 52 66 16.1245
Pkt 58 192 0.302083 1
Pkt 36 120 0.3 1
Node 54 47 5
Pkt 96 320 0.3 1
Pkt 113 375 0.301333 1
Node 59 46 9.84886
Pkt 240 800 0.3 1
Pkt 225 750 0.3 1
Node 59 68 20.1246
Pkt 60 200 0.3 1
Pkt 75 250 0.3 1
Node 46 38 12.6491
Pkt 120 400 0.3 1
Pkt 120 400 0.3 1
Rate:600.927
==========
==========36
8 0 2 24000
Node 34 29 26.4008
Pkt 48 160 0.3 1
Pkt 36 120 0.3 1
Node 27 26 33.2415
Pkt 113 375 0.301333 1
Pkt 113 375 0.301333 1
Node 56 63 14.3178
Pkt 225 750 0.3 1
Pkt 225 750 0.3 1
Node 56 55 7.81025
Pkt 45 150 0.3 1
Pkt 36 120 0.3 1
Node 29 64 25.2389
Pkt 90 300 0.3 1
Pkt 144 480 0.3 1
Node 37 73 26.4197
Pkt 225 750 0.3 1
Pkt 225 750 0.3 1
Node 62 34 20
Pkt 38 125 0.304 1
Pkt 72 240 0.3 1
Node 37 55 13.9284
Pkt 90 300 0.3 1
Pkt 144 480 0.3 1
Rate:600.833
==========
==========37
8 0 2 24000
Node 61 45 12.083
Pkt 58 192 0.302083 1
Pkt 38 125 0.304 1
Node 41 25 26.5707
Pkt 120 400 0.3 1
Pkt 96 320 0.3 1
Node 33 55 17.72
Pkt 240 800 0.3 1
Pkt 225 750 0.3 1
Node 33 66 23.3452
Pkt 75 250 0.3 1
Pkt 60 200 0.3 1
Node 62 41 15
Pkt 120 400 0.3 1
Pkt 120 400 0.3 1
Node 64 26 27.7849
Pkt 225 750 0.3 1
Pkt 225 750 0.3 1
Node 59 50 9
Pkt 45 150 0.3 1
Pkt 45 150 0.3 1
Node 32 36 22.8035
Pkt 113 375 0.301333 1
Pkt 144 480 0.3 1
Rate:600.927
==========
==========38
8 0 2 24000
Node 71 58 22.4722
Pkt 58 192 0.302083 1
Pkt 48 160 0.3 1
Node 51 44 6.08276
Pkt 120 400 0.3 1
Pkt 144 480 0.3 1
Node 43 71 22.1359
Pkt 240 800 0.3 1
Pkt 240 800 0.3 1
Node 31 26 30.6105
Pkt 75 250 0.3 1
Pkt 48 160 0.3 1
Node 32 34 24.0832
Pkt 113 375 0.301333 1
Pkt 113 375 0.301333 1
Node 58 50 8
Pkt 240 800 0.3 1
Pkt 225 750 0.3 1
Node 68 49 18.0278
Pkt 45 150 0.3 1
Pkt 58 192 0.302083 1
Node 51 25 25.02
Pkt 113 375 0.301333 1
Pkt 120 400 0.3 1
Rate:601.021
==========
==========39
8 0 2 24000
Node 34 50 16
Pkt 58 192 0.302083 1
Pkt 30 100 0.3 1
Node 41 51 9.05539
Pkt 90 300 0.3 1
Pkt 120 400 0.3 1
Node 53 38 12.3693
Pkt 225 750 0.3 1
Pkt 225 750 0.3 1
Node 55 71 21.587
Pkt 48 160 0.3 1
Pkt 45 150 0.3 1
Node 35 30 25
Pkt 90 300 0.3 1
Pkt 96 320 0.3 1
Node 45 72 22.561
Pkt 225 750 0.3 1
Pkt 240 800 0.3 1
Node 39 71 23.7065
Pkt 48 160 0.3 1
Pkt 48 160 0.3 1
Node 38 46 12.6491
Pkt 144 480 0.3 1
Pkt 120 400 0.3 1
Rate:600.26
==========
==========40
8 0 2 24000
Node 57 68 19.3132
Pkt 58 192 0.302083 1
Pkt 38 125 0.304 1
Node 58 44 10
Pkt 90 300 0.3 1
Pkt 90 300 0.3 1
Node 43 46 8.06226
Pkt 240 800 0.3 1
Pkt 225 750 0.3 1
Node 56 38 13.4164
Pkt 60 200 0.3 1
Pkt 75 250 0.3 1
Node 67 30 26.2488
Pkt 144 480 0.3 1
Pkt 90 300 0.3 1
Node 45 53 5.83095
Pkt 240 800 0.3 1
Pkt 225 750 0.3 1
Node 43 42 10.6301
Pkt 60 200 0.3 1
Pkt 36 120 0.3 1
Node 50 26 24
Pkt 113 375 0.301333 1
Pkt 144 480 0.3 1
Rate:600.927
==========
==========41
8 0 2 24000
Node 41 51 9.05539
Pkt 58 192 0.302083 1
Pkt 58 192 0.302083 1
Node 44 53 6.7082
Pkt 113 375 0.301333 1
Pkt 144 480 0.3 1
Node 60 65 18.0278
Pkt 240 800 0.3 1
Pkt 225 750 0.3 1
Node 60 56 11.6619
Pkt 60 200 0.3 1
Pkt 36 120 0.3 1
Node 27 72 31.8277
Pkt 144 480 0.3 1
Pkt 120 400 0.3 1
Node 43 37 14.7648
Pkt 240 800 0.3 1
Pkt 240 800 0.3 1
Node 58 66 17.8885
Pkt 48 160 0.3 1
Pkt 38 125 0.304 1
Node 51 55 5.09902
Pkt 90 300 0.3 1
Pkt 90 300 0.3 1
Rate:601.187
==========
==========42
8 0 2 24000
Node 61 40 14.8661
Pkt 60 200 0.3 1
Pkt 48 160 0.3 1
Node 56 29 21.8403
Pkt 113 375 0.301333 1
Pkt 96 320 0.3 1
Node 50 60 10
Pkt 225 750 0.3 1
Pkt 240 800 0.3 1
Node 62 44 13.4164
Pkt 45 150 0.3 1
Pkt 58 192 0.302083 1
Node 42 67 18.7883
Pkt 113 375 0.301333 1
Pkt 144 480 0.3 1
Node 59 39 14.2127
Pkt 225 750 0.3 1
Pkt 240 800 0.3 1
Node 28 46 22.3607
Pkt 60 200 0.3 1
Pkt 38 125 0.304 1
Node 31 68 26.1725
Pkt 90 300 0.3 1
Pkt 120 400 0.3 1
Rate:601.094
==========
==========43
8 0 2 24000
Node 54 37 13.6015
Pkt 36 120 0.3 1
Pkt 30 100 0.3 1
Node 48 66 16.1245
Pkt 90 300 0.3 1
Pkt 120 400 0.3 1
Node 73 33 28.6007
Pkt 225 750 0.3 1
Pkt 240 800 0.3 1
Node 48 51 2.23607
Pkt 75 250 0.3 1
Pkt 45 150 0.3 1
Node 28 59 23.7697
Pkt 96 320 0.3 1
Pkt 90 300 0.3 1
Node 33 62 20.8087
Pkt 240 800 0.3 1
Pkt 240 800 0.3 1
Node 34 58 17.8885
Pkt 75 250 0.3 1
Pkt 36 120 0.3 1
Node 37 64 19.105
Pkt 90 300 0.3 1
Pkt 120 400 0.3 1
Rate:600
==========
==========44
8 0 2 24000
Node 56 49 6.08276
Pkt 75 250 0.3 1
Pkt 36 120 0.3 1
Node 54 66 16.4924
Pkt 120 400 0.3 1
Pkt 113 375 0.301333 1
Node 38 58 14.4222
Pkt 240 800 0.3 1
Pkt 225 750 0.3 1
Node 35 66 21.9317
Pkt 30 100 0.3 1
Pkt 72 240 0.3 1
Node 36 58 16.1245
Pkt 96 320 0.3 1
Pkt 113 375 0.301333 1
Node 30 26 31.241
Pkt 240 800 0.3 1
Pkt 225 750 0.3 1
Node 40 35 18.0278
Pkt 38 125 0.304 1
Pkt 45 150 0.3 1
Node 43 25 25.9615
Pkt 113 375 0.301333 1
Pkt 90 300 0.3 1
Rate:601
==========
==========45
8 0 2 24000
Node 43 74 25
Pkt 38 125 0.304 1
Pkt 58 192 0.302083 1
Node 27 60 25.0799
Pkt 96 320 0.3 1
Pkt 90 300 0.3 1
Node 65 55 15.8114
Pkt 225 750 0.3 1
Pkt 225 750 0.3 1
Node 64 74 27.7849
Pkt 48 160 0.3 1
Pkt 48 160 0.3 1
Node 66 65 21.9317
Pkt 144 480 0.3 1
Pkt 96 320 0.3 1
Node 74 39 26.4008
Pkt 225 750 0.3 1
Pkt 225 750 0.3 1
Node 50 68 18
Pkt 36 120 0.3 1
Pkt 72 240 0.3 1
Node 52 40 10.198
Pkt 120 400 0.3 1
Pkt 96 320 0.3 1
Rate:600.76
==========
==========46
8 0 2 24000
Node 62 48 12.1655
Pkt 45 150 0.3 1
Pkt 72 240 0.3 1
Node 37 46 13.6015
Pkt 120 400 0.3 1
Pkt 120 400 0.3 1
Node 43 62 13.8924
Pkt 225 750 0.3 1
Pkt 225 750 0.3 1
Node 36 50 14
Pkt 36 120 0.3 1
Pkt 72 240 0.3 1
Node 64 35 20.5183
Pkt 96 320 0.3 1
Pkt 96 320 0.3 1
Node 56 60 11.6619
Pkt 240 800 0.3 1
Pkt 240 800 0.3 1
Node 60 32 20.5913
Pkt 45 150 0.3 1
Pkt 48 160 0.3 1
Node 38 72 25.0599
Pkt 120 400 0.3 1
Pkt 144 480 0.3 1
Rate:600
==========
==========47
8 0 2 24000
Node 57 59 11.4018
Pkt 36 120 0.3 1
Pkt 30 100 0.3 1
Node 25 40 26.9258
Pkt 113 375 0.301333 1
Pkt 120 400 0.3 1
Node 58 33 18.7883
Pkt 225 750 0.3 1
Pkt 240 800 0.3 1
Node 33 71 27.0185
Pkt 48 160 0.3 1
Pkt 45 150 0.3 1
Node 46 31 19.4165
Pkt 90 300 0.3 1
Pkt 144 480 0.3 1
Node 52 25 25.0799
Pkt 240 800 0.3 1
Pkt 225 750 0.3 1
Node 58 66 17.8885
Pkt 75 250 0.3 1
Pkt 60 200 0.3 1
Node 29 30 29
Pkt 96 320 0.3 1
Pkt 113 375 0.301333 1
Rate:600.333
==========
==========48
8 0 2 24000
Node 69 25 31.4006
Pkt 75 250 0.3 1
Pkt 38 125 0.304 1
Node 67 74 29.4109
Pkt 96 320 0.3 1
Pkt 113 375 0.301333 1
Node 41 71 22.8473
Pkt 225 750 0.3 1
Pkt 225 750 0.3 1
Node 63 47 13.3417
Pkt 72 240 0.3 1
Pkt 45 150 0.3 1
Node 66 40 18.868
Pkt 144 480 0.3 1
Pkt 144 480 0.3 1
Node 26 66 28.8444
Pkt 225 750 0.3 1
Pkt 240 800 0.3 1
Node 71 41 22.8473
Pkt 72 240 0.3 1
Pkt 48 160 0.3 1
Node 41 36 16.6433
Pkt 120 400 0.3 1
Pkt 144 480 0.3 1
Rate:600.667
==========
==========49
8 0 2 24000
Node 31 28 29.0689
Pkt 48 160 0.3 1
Pkt 75 250 0.3 1
Node 67 62 20.8087
Pkt 120 400 0.3 1
Pkt 90 300 0.3 1
Node 55 39 12.083
Pkt 240 800 0.3 1
Pkt 240 800 0.3 1
Node 42 25 26.2488
Pkt 75 250 0.3 1
Pkt 75 250 0.3 1
Node 27 50 23
Pkt 113 375 0.301333 1
Pkt 113 375 0.301333 1
Node 56 40 11.6619
Pkt 225 750 0.3 1
Pkt 225 750 0.3 1
Node 51 56 6.08276
Pkt 30 100 0.3 1
Pkt 30 100 0.3 1
Node 50 73 23
Pkt 113 375 0.301333 1
Pkt 144 480 0.3 1
Rate:600.5
==========
==========50
8 0 2 24000
Node 26 59 25.632
Pkt 38 125 0.304 1
Pkt 58 192 0.302083 1
Node 63 61 17.0294
Pkt 90 300 0.3 1
Pkt 120 400 0.3 1
Node 44 53 6.7082
Pkt 225 750 0.3 1
Pkt 225 750 0.3 1
Node 31 49 19.0263
Pkt 38 125 0.304 1
Pkt 38 125 0.304 1
Node 59 50 9
Pkt 120 400 0.3 1
Pkt 113 375 0.301333 1
Node 57 42 10.6301
Pkt 240 800 0.3 1
Pkt 225 750 0.3 1
Node 38 35 19.2094
Pkt 36 120 0.3 1
Pkt 30 100 0.3 1
Node 63 52 13.1529
Pkt 90 300 0.3 1
Pkt 144 480 0.3 1
Rate:601.927
==========
==========51
8 0 2 24000
Node 28 62 25.0599
Pkt 36 120 0.3 1
Pkt 30 100 0.3 1
Node 43 49 7.07107
Pkt 113 375 0.301333 1
Pkt 96 320 0.3 1
Node 73 74 33.2415
Pkt 240 800 0.3 1
Pkt 225 750 0.3 1
Node 62 64 18.4391
Pkt 36 120 0.3 1
Pkt 75 250 0.3 1
Node 43 73 24.0416
Pkt 144 480 0.3 1
Pkt 96 320 0.3 1
Node 70 51 20.025
Pkt 225 750 0.3 1
Pkt 225 750 0.3 1
Node 58 53 8.544
Pkt 36 120 0.3 1
Pkt 45 150 0.3 1
Node 61 61 15.5563
Pkt 113 375 0.301333 1
Pkt 120 400 0.3 1
Rate:600.333
==========
==========52
8 0 2 24000
Node 39 67 20.2485
Pkt 36 120 0.3 1
Pkt 72 240 0.3 1
Node 32 32 25.4558
Pkt 144 480 0.3 1
Pkt 120 400 0.3 1
Node 38 53 12.3693
Pkt 240 800 0.3 1
Pkt 225 750 0.3 1
Node 74 51 24.0208
Pkt 30 100 0.3 1
Pkt 72 240 0.3 1
Node 29 71 29.6985
Pkt 144 480 0.3 1
Pkt 113 375 0.301333 1
Node 52 50 2
Pkt 225 750 0.3 1
Pkt 225 750 0.3 1
Node 41 52 9.21954
Pkt 60 200 0.3 1
Pkt 72 240 0.3 1
Node 55 31 19.6469
Pkt 120 400 0.3 1
Pkt 120 400 0.3 1
Rate:600.167
==========
==========53
8 0 2 24000
Node 53 73 23.1948
Pkt 36 120 0.3 1
Pkt 30 100 0.3 1
Node 52 30 20.0998
Pkt 113 375 0.301333 1
Pkt 90 300 0.3 1
Node 31 51 19.0263
Pkt 240 800 0.3 1
Pkt 240 800 0.3 1
Node 62 53 12.3693
Pkt 72 240 0.3 1
Pkt 48 160 0.3 1
Node 39 28 24.5967
Pkt 120 400 0.3 1
Pkt 96 320 0.3 1
Node 63 69 23.0217
Pkt 240 800 0.3 1
Pkt 225 750 0.3 1
Node 28 58 23.4094
Pkt 30 100 0.3 1
Pkt 75 250 0.3 1
Node 39 31 21.9545
Pkt 90 300 0.3 1
Pkt 90 300 0.3 1
Rate:600.167
==========
==========54
8 0 2 24000
Node 49 49 1.41421
Pkt 45 150 0.3 1
Pkt 75 250 0.3 1
Node 44 35 16.1555
Pkt 90 300 0.3 1
Pkt 96 320 0.3 1
Node 57 44 9.21954
Pkt 240 800 0.3 1
Pkt 225 750 0.3 1
Node 32 58 19.6977
Pkt 75 250 0.3 1
Pkt 58 192 0.302083 1
Node 63 74 27.2947
Pkt 113 375 0.301333 1
Pkt 120 400 0.3 1
Node 37 60 16.4012
Pkt 240 800 0.3 1
Pkt 225 750 0.3 1
Node 53 37 13.3417
Pkt 75 250 0.3 1
Pkt 38 125 0.304 1
Node 63 74 27.2947
Pkt 113 375 0.301333 1
Pkt 144 480 0.3 1
Rate:601.094
==========
==========55
8 0 2 24000
Node 33 51 17.0294
Pkt 30 100 0.3 1
Pkt 45 150 0.3 1
Node 54 49 4.12311
Pkt 144 480 0.3 1
Pkt 144 480 0.3 1
Node 56 64 15.2315
Pkt 225 750 0.3 1
Pkt 240 800 0.3 1
Node 34 61 19.4165
Pkt 58 192 0.302083 1
Pkt 58 192 0.302083 1
Node 26 30 31.241
Pkt 113 375 0.301333 1
Pkt 90 300 0.3 1
Node 72 33 27.8029
Pkt 225 750 0.3 1
Pkt 225 750 0.3 1
Node 47 40 10.4403
Pkt 60 200 0.3 1
Pkt 38 125 0.304 1
Node 63 41 15.8114
Pkt 144 480 0.3 1
Pkt 90 300 0.3 1
Rate:601.187
==========
==========56
8 0 2 24000
Node 50 47 3
Pkt 60 200 0.3 1
Pkt 48 160 0.3 1
Node 67 50 17
Pkt 113 375 0.301333 1
Pkt 120 400 0.3 1
Node 72 36 26.0768
Pkt 225 750 0.3 1
Pkt 240 800 0.3 1
Node 65 29 25.807
Pkt 58 192 0.302083 1
Pkt 38 125 0.304 1
Node 57 68 19.3132
Pkt 113 375 0.301333 1
Pkt 96 320 0.3 1
Node 52 46 4.47214
Pkt 225 750 0.3 1
Pkt 240 800 0.3 1
Node 46 58 8.94427
Pkt 75 250 0.3 1
Pkt 36 120 0.3 1
Node 43 27 24.0416
Pkt 144 480 0.3 1
Pkt 96 320 0.3 1
Rate:601.094
==========
==========57
8 0 2 24000
Node 72 67 27.8029
Pkt 48 160 0.3 1
Pkt 38 125 0.304 1
Node 70 33 26.2488
Pkt 90 300 0.3 1
Pkt 96 320 0.3 1
Node 39 25 27.313
Pkt 240 800 0.3 1
Pkt 240 800 0.3 1
Node 31 25 31.4006
Pkt 36 120 0.3 1
Pkt 72 240 0.3 1
Node 43 43 9.89949
Pkt 96 320 0.3 1
Pkt 120 400 0.3 1
Node 74 40 26
Pkt 240 800 0.3 1
Pkt 225 750 0.3 1
Node 58 41 12.0416
Pkt 48 160 0.3 1
Pkt 75 250 0.3 1
Node 25 66 29.6816
Pkt 120 400 0.3 1
Pkt 90 300 0.3 1
Rate:600.5
==========
==========58
8 0 2 24000
Node 33 55 17.72
Pkt 72 240 0.3 1
Pkt 72 240 0.3 1
Node 48 65 15.1327
Pkt 96 320 0.3 1
Pkt 144 480 0.3 1
Node 64 67 22.0227
Pkt 225 750 0.3 1
Pkt 225 750 0.3 1
Node 25 61 27.313
Pkt 58 192 0.302083 1
Pkt 45 150 0.3 1
Node 26 54 24.3311
Pkt 90 300 0.3 1
Pkt 120 400 0.3 1
Node 51 43 7.07107
Pkt 240 800 0.3 1
Pkt 225 750 0.3 1
Node 28 37 25.5539
Pkt 30 100 0.3 1
Pkt 48 160 0.3 1
Node 44 30 20.8806
Pkt 90 300 0.3 1
Pkt 144 480 0.3 1
Rate:600.26
==========
==========59
8 0 2 24000
Node 53 38 12.3693
Pkt 38 125 0.304 1
Pkt 75 250 0.3 1
Node 40 47 10.4403
Pkt 96 320 0.3 1
Pkt 120 400 0.3 1
Node 36 64 19.799
Pkt 225 750 0.3 1
Pkt 240 800 0.3 1
Node 70 48 20.0998
Pkt 72 240 0.3 1
Pkt 60 200 0.3 1
Node 57 73 24.0416
Pkt 96 320 0.3 1
Pkt 113 375 0.301333 1
Node 53 47 4.24264
Pkt 225 750 0.3 1
Pkt 240 800 0.3 1
Node 27 70 30.4795
Pkt 75 250 0.3 1
Pkt 45 150 0.3 1
Node 59 42 12.0416
Pkt 90 300 0.3 1
Pkt 96 320 0.3 1
Rate:600.667
==========
==========60
8 0 2 24000
Node 74 67 29.4109
Pkt 36 120 0.3 1
Pkt 45 150 0.3 1
Node 43 66 17.4642
Pkt 113 375 0.301333 1
Pkt 144 480 0.3 1
Node 40 25 26.9258
Pkt 240 800 0.3 1
Pkt 240 800 0.3 1
Node 40 50 10
Pkt 58 192 0.302083 1
Pkt 36 120 0.3 1
Node 27 48 23.0868
Pkt 113 375 0.301333 1
Pkt 90 300 0.3 1
Node 66 70 25.6125
Pkt 225 750 0.3 1
Pkt 225 750 0.3 1
Node 34 34 22.6274
Pkt 38 125 0.304 1
Pkt 60 200 0.3 1
Node 74 39 26.4008
Pkt 90 300 0.3 1
Pkt 113 375 0.301333 1
Rate:601.26
==========
==========61
8 0 2 24000
Node 74 41 25.632
Pkt 38 125 0.304 1
Pkt 72 240 0.3 1
Node 59 65 17.4929
Pkt 96 320 0.3 1
Pkt 120 400 0.3 1
Node 71 32 27.6586
Pkt 225 750 0.3 1
Pkt 225 750 0.3 1
Node 56 52 6.32456
Pkt 72 240 0.3 1
Pkt 45 150 0.3 1
Node 38 60 15.6205
Pkt 90 300 0.3 1
Pkt 120 400 0.3 1
Node 64 34 21.2603
Pkt 240 800 0.3 1
Pkt 240 800 0.3 1
Node 41 58 12.0416
Pkt 30 100 0.3 1
Pkt 75 250 0.3 1
Node 66 53 16.2788
Pkt 90 300 0.3 1
Pkt 90 300 0.3 1
Rate:600.5
==========
==========62
8 0 2 24000
Node 61 70 22.8254
Pkt 45 150 0.3 1
Pkt 72 240 0.3 1
Node 68 74 30
Pkt 120 400 0.3 1
Pkt 144 480 0.3 1
Node 27 54 23.3452
Pkt 240 800 0.3 1
Pkt 240 800 0.3 1
Node 41 70 21.9317
Pkt 72 240 0.3 1
Pkt 36 120 0.3 1
Node 42 37 15.2643
Pkt 96 320 0.3 1
Pkt 96 320 0.3 1
Node 43 33 18.3848
Pkt 240 800 0.3 1
Pkt 225 750 0.3 1
Node 72 47 22.2036
Pkt 38 125 0.304 1
Pkt 45 150 0.3 1
Node 36 70 24.4131
Pkt 90 300 0.3 1
Pkt 113 375 0.301333 1
Rate:600.667
==========
==========63
8 0 2 24000
Node 61 46 11.7047
Pkt 58 192 0.302083 1
Pkt 38 125 0.304 1
Node 64 48 14.1421
Pkt 120 400 0.3 1
Pkt 144 480 0.3 1
Node 37 32 22.2036
Pkt 240 800 0.3 1
Pkt 240 800 0.3 1
Node 49 68 18.0278
Pkt 36 120 0.3 1
Pkt 58 192 0.302083 1
Node 48 57 7.28011
Pkt 96 320 0.3 1
Pkt 144 480 0.3 1
Node 25 66 29.6816
Pkt 225 750 0.3 1
Pkt 225 750 0.3 1
Node 45 44 7.81025
Pkt 72 240 0.3 1
Pkt 58 192 0.302083 1
Node 46 26 24.3311
Pkt 144 480 0.3 1
Pkt 113 375 0.301333 1
Rate:601.448
==========
==========64
8 0 2 24000
Node 30 34 25.6125
Pkt 48 160 0.3 1
Pkt 60 200 0.3 1
Node 67 35 22.6716
Pkt 144 480 0.3 1
Pkt 90 300 0.3 1
Node 55 37 13.9284
Pkt 225 750 0.3 1
Pkt 225 750 0.3 1
Node 71 56 21.8403
Pkt 45 150 0.3 1
Pkt 60 200 0.3 1
Node 66 30 25.6125
Pkt 90 300 0.3 1
Pkt 120 400 0.3 1
Node 35 66 21.9317
Pkt 225 750 0.3 1
Pkt 225 750 0.3 1
Node 43 26 25
Pkt 48 160 0.3 1
Pkt 30 100 0.3 1
Node 36 40 17.2047
Pkt 96 320 0.3 1
Pkt 90 300 0.3 1
Rate:600
==========
==========65
8 0 2 24000
Node 66 74 28.8444
Pkt 48 160 0.3 1
Pkt 58 192 0.302083 1
Node 33 61 20.2485
Pkt 113 375 0.301333 1
Pkt 113 375 0.301333 1
Node 27 48 23.0868
Pkt 225 750 0.3 1
Pkt 240 800 0.3 1
Node 28 74 32.5576
Pkt 58 192 0.302083 1
Pkt 45 150 0.3 1
Node 68 54 18.4391
Pkt 120 400 0.3 1
Pkt 90 300 0.3 1
Node 69 63 23.0217
Pkt 225 750 0.3 1
Pkt 225 750 0.3 1
Node 55 70 20.6155
Pkt 38 125 0.304 1
Pkt 38 125 0.304 1
Node 70 54 20.3961
Pkt 90 300 0.3 1
Pkt 113 375 0.301333 1
Rate:602.021
==========
==========66
8 0 2 24000
Node 57 25 25.9615
Pkt 75 250 0.3 1
Pkt 58 192 0.302083 1
Node 57 66 17.4642
Pkt 96 320 0.3 1
Pkt 96 320 0.3 1
Node 36 32 22.8035
Pkt 225 750 0.3 1
Pkt 240 800 0.3 1
Node 51 60 10.0499
Pkt 38 125 0.304 1
Pkt 36 120 0.3 1
Node 61 71 23.7065
Pkt 113 375 0.301333 1
Pkt 144 480 0.3 1
Node 39 64 17.8045
Pkt 240 800 0.3 1
Pkt 225 750 0.3 1
Node 47 74 24.1868
Pkt 45 150 0.3 1
Pkt 60 200 0.3 1
Node 62 61 16.2788
Pkt 120 400 0.3 1
Pkt 120 400 0.3 1
Rate:600.927
==========
==========67
8 0 2 24000
Node 33 28 27.8029
Pkt 58 192 0.302083 1
Pkt 58 192 0.302083 1
Node 61 53 11.4018
Pkt 120 400 0.3 1
Pkt 120 400 0.3 1
Node 31 65 24.2074
Pkt 240 800 0.3 1
Pkt 240 800 0.3 1
Node 45 65 15.8114
Pkt 58 192 0.302083 1
Pkt 58 192 0.302083 1
Node 66 53 16.2788
Pkt 90 300 0.3 1
Pkt 96 320 0.3 1
Node 70 35 25
Pkt 240 800 0.3 1
Pkt 225 750 0.3 1
Node 40 47 10.4403
Pkt 48 160 0.3 1
Pkt 30 100 0.3 1
Node 29 39 23.7065
Pkt 144 480 0.3 1
Pkt 120 400 0.3 1
Rate:601.042
==========
==========68
8 0 2 24000
Node 53 45 5.83095
Pkt 60 200 0.3 1
Pkt 75 250 0.3 1
Node 74 43 25
Pkt 90 300 0.3 1
Pkt 113 375 0.301333 1
Node 72 57 23.0868
Pkt 225 750 0.3 1
Pkt 225 750 0.3 1
Node 62 56 13.4164
Pkt 48 160 0.3 1
Pkt 58 192 0.302083 1
Node 66 50 16
Pkt 113 375 0.301333 1
Pkt 144 480 0.3 1
Node 29 38 24.1868
Pkt 225 750 0.3 1
Pkt 240 800 0.3 1
Node 43 31 20.2485
Pkt 58 192 0.302083 1
Pkt 58 192 0.302083 1
Node 45 65 15.8114
Pkt 96 320 0.3 1
Pkt 113 375 0.301333 1
Rate:601.281
==========
==========69
8 0 2 24000
Node 56 31 19.9249
Pkt 38 125 0.304 1
Pkt 48 160 0.3 1
Node 51 41 9.05539
Pkt 96 320 0.3 1
Pkt 113 375 0.301333 1
Node 66 30 25.6125
Pkt 225 750 0.3 1
Pkt 240 800 0.3 1
Node 47 60 10.4403
Pkt 36 120 0.3 1
Pkt 38 125 0.304 1
Node 59 31 21.0238
Pkt 113 375 0.301333 1
Pkt 96 320 0.3 1
Node 44 33 18.0278
Pkt 240 800 0.3 1
Pkt 225 750 0.3 1
Node 41 66 18.3576
Pkt 72 240 0.3 1
Pkt 72 240 0.3 1
Node 41 28 23.7697
Pkt 144 480 0.3 1
Pkt 120 400 0.3 1
Rate:601.333
==========
==========70
8 0 2 24000
Node 58 68 19.6977
Pkt 48 160 0.3 1
Pkt 60 200 0.3 1
Node 31 64 23.6008
Pkt 120 400 0.3 1
Pkt 90 300 0.3 1
Node 34 61 19.4165
Pkt 240 800 0.3 1
Pkt 240 800 0.3 1
Node 34 51 16.0312
Pkt 58 192 0.302083 1
Pkt 36 120 0.3 1
Node 43 44 9.21954
Pkt 120 400 0.3 1
Pkt 113 375 0.301333 1
Node 33 70 26.2488
Pkt 240 800 0.3 1
Pkt 225 750 0.3 1
Node 43 39 13.0384
Pkt 38 125 0.304 1
Pkt 48 160 0.3 1
Node 26 67 29.4109
Pkt 120 400 0.3 1
Pkt 120 400 0.3 1
Rate:600.927
==========
==========71
8 0 2 24000
Node 65 33 22.6716
Pkt 60 200 0.3 1
Pkt 75 250 0.3 1
Node 63 29 24.6982
Pkt 90 300 0.3 1
Pkt 90 300 0.3 1
Node 35 37 19.8494
Pkt 225 750 0.3 1
Pkt 240 800 0.3 1
Node 34 53 16.2788
Pkt 58 192 0.302083 1
Pkt 38 125 0.304 1
Node 72 46 22.3607
Pkt 96 320 0.3 1
Pkt 120 400 0.3 1
Node 34 73 28.0179
Pkt 240 800 0.3 1
Pkt 240 800 0.3 1
Node 48 32 18.1108
Pkt 72 240 0.3 1
Pkt 75 250 0.3 1
Node 46 74 24.3311
Pkt 120 400 0.3 1
Pkt 144 480 0.3 1
Rate:600.76
==========
==========72
8 0 2 24000
Node 66 57 17.4642
Pkt 58 192 0.302083 1
Pkt 48 160 0.3 1
Node 69 72 29.0689
Pkt 120 400 0.3 1
Pkt 113 375 0.301333 1
Node 64 58 16.1245
Pkt 240 800 0.3 1
Pkt 225 750 0.3 1
Node 53 36 14.3178
Pkt 75 250 0.3 1
Pkt 38 125 0.304 1
Node 44 74 24.7386
Pkt 113 375 0.301333 1
Pkt 113 375 0.301333 1
Node 58 51 8.06226
Pkt 240 800 0.3 1
Pkt 240 800 0.3 1
Node 55 55 7.07107
Pkt 45 150 0.3 1
Pkt 72 240 0.3 1
Node 27 52 23.0868
Pkt 144 480 0.3 1
Pkt 96 320 0.3 1
Rate:601.26
==========
==========73
8 0 2 24000
Node 60 39 14.8661
Pkt 60 200 0.3 1
Pkt 75 250 0.3 1
Node 73 29 31.1448
Pkt 144 480 0.3 1
Pkt 113 375 0.301333 1
Node 42 55 9.43398
Pkt 240 800 0.3 1
Pkt 225 750 0.3 1
Node 63 42 15.2643
Pkt 75 250 0.3 1
Pkt 60 200 0.3 1
Node 49 67 17.0294
Pkt 144 480 0.3 1
Pkt 144 480 0.3 1
Node 31 65 24.2074
Pkt 240 800 0.3 1
Pkt 225 750 0.3 1
Node 45 63 13.9284
Pkt 36 120 0.3 1
Pkt 60 200 0.3 1
Node 73 51 23.0217
Pkt 90 300 0.3 1
Pkt 144 480 0.3 1
Rate:600.167
==========
==========74
8 0 2 24000
Node 43 62 13.8924
Pkt 38 125 0.304 1
Pkt 58 192 0.302083 1
Node 52 48 2.82843
Pkt 120 400 0.3 1
Pkt 144 480 0.3 1
Node 39 34 19.4165
Pkt 225 750 0.3 1
Pkt 240 800 0.3 1
Node 33 47 17.2627
Pkt 38 125 0.304 1
Pkt 36 120 0.3 1
Node 33 44 18.0278
Pkt 90 300 0.3 1
Pkt 96 320 0.3 1
Node 66 45 16.7631
Pkt 225 750 0.3 1
Pkt 240 800 0.3 1
Node 53 64 14.3178
Pkt 30 100 0.3 1
Pkt 60 200 0.3 1
Node 72 36 26.0768
Pkt 90 300 0.3 1
Pkt 90 300 0.3 1
Rate:601.26
==========
==========75
8 0 2 24000
Node 71 73 31.1448
Pkt 75 250 0.3 1
Pkt 48 160 0.3 1
Node 35 63 19.8494
Pkt 144 480 0.3 1
Pkt 90 300 0.3 1
Node 48 52 2.82843
Pkt 225 750 0.3 1
Pkt 240 800 0.3 1
Node 65 51 15.0333
Pkt 72 240 0.3 1
Pkt 72 240 0.3 1
Node 44 36 15.2315
Pkt 96 320 0.3 1
Pkt 90 300 0.3 1
Node 69 72 29.0689
Pkt 240 800 0.3 1
Pkt 240 800 0.3 1
Node 56 57 9.21954
Pkt 38 125 0.304 1
Pkt 38 125 0.304 1
Node 42 47 8.544
Pkt 96 320 0.3 1
Pkt 90 300 0.3 1
Rate:601
==========
==========76
8 0 2 24000
Node 50 57 7
Pkt 45 150 0.3 1
Pkt 36 120 0.3 1
Node 39 43 13.0384
Pkt 120 400 0.3 1
Pkt 120 400 0.3 1
Node 49 69 19.0263
Pkt 240 800 0.3 1
Pkt 240 800 0.3 1
Node 52 71 21.095
Pkt 58 192 0.302083 1
Pkt 38 125 0.304 1
Node 65 65 21.2132
Pkt 96 320 0.3 1
Pkt 144 480 0.3 1
Node 53 72 22.2036
Pkt 240 800 0.3 1
Pkt 225 750 0.3 1
Node 72 34 27.2029
Pkt 36 120 0.3 1
Pkt 36 120 0.3 1
Node 56 34 17.088
Pkt 90 300 0.3 1
Pkt 144 480 0.3 1
Rate:600.76
==========
==========77
8 0 2 24000
Node 27 44 23.7697
Pkt 60 200 0.3 1
Pkt 60 200 0.3 1
Node 52 46 4.47214
Pkt 120 400 0.3 1
Pkt 120 400 0.3 1
Node 42 28 23.4094
Pkt 225 750 0.3 1
Pkt 225 750 0.3 1
Node 55 37 13.9284
Pkt 75 250 0.3 1
Pkt 38 125 0.304 1
Node 46 62 12.6491
Pkt 144 480 0.3 1
Pkt 96 320 0.3 1
Node 65 32 23.4307
Pkt 240 800 0.3 1
Pkt 240 800 0.3 1
Node 40 45 11.1803
Pkt 45 150 0.3 1
Pkt 75 250 0.3 1
Node 74 62 26.8328
Pkt 144 480 0.3 1
Pkt 90 300 0.3 1
Rate:600.5
==========
==========78
8 0 2 24000
Node 25 73 33.9706
Pkt 38 125 0.304 1
Pkt 72 240 0.3 1
Node 40 67 19.7231
Pkt 113 375 0.301333 1
Pkt 96 320 0.3 1
Node 34 58 17.8885
Pkt 240 800 0.3 1
Pkt 240 800 0.3 1
Node 42 46 8.94427
Pkt 72 240 0.3 1
Pkt 75 250 0.3 1
Node 53 30 20.2237
Pkt 113 375 0.301333 1
Pkt 144 480 0.3 1
Node 66 28 27.2029
Pkt 240 800 0.3 1
Pkt 225 750 0.3 1
Node 37 44 14.3178
Pkt 45 150 0.3 1
Pkt 45 150 0.3 1
Node 61 66 19.4165
Pkt 113 375 0.301333 1
Pkt 120 400 0.3 1
Rate:601
==========
==========79
8 0 2 24000
Node 48 30 20.0998
Pkt 48 160 0.3 1
Pkt 48 160 0.3 1
Node 33 74 29.4109
Pkt 120 400 0.3 1
Pkt 113 375 0.301333 1
Node 48 68 18.1108
Pkt 240 800 0.3 1
Pkt 225 750 0.3 1
Node 45 31 19.6469
Pkt 60 200 0.3 1
Pkt 38 125 0.304 1
Node 60 30 22.3607
Pkt 96 320 0.3 1
Pkt 90 300 0.3 1
Node 49 46 4.12311
Pkt 240 800 0.3 1
Pkt 240 800 0.3 1
Node 34 61 19.4165
Pkt 58 192 0.302083 1
Pkt 60 200 0.3 1
Node 39 25 27.313
Pkt 144 480 0.3 1
Pkt 90 300 0.3 1
Rate:600.927
==========
==========80
8 0 2 24000
Node 28 52 22.0907
Pkt 72 240 0.3 1
Pkt 60 200 0.3 1
Node 58 33 18.7883
Pkt 144 480 0.3 1
Pkt 96 320 0.3 1
Node 65 54 15.5242
Pkt 240 800 0.3 1
Pkt 225 750 0.3 1
Node 47 48 3.60555
Pkt 38 125 0.304 1
Pkt 38 125 0.304 1
Node 63 71 24.6982
Pkt 90 300 0.3 1
Pkt 120 400 0.3 1
Node 31 33 25.4951
Pkt 225 750 0.3 1
Pkt 240 800 0.3 1
Node 59 61 14.2127
Pkt 75 250 0.3 1
Pkt 36 120 0.3 1
Node 32 67 24.7588
Pkt 90 300 0.3 1
Pkt 96 320 0.3 1
Rate:601
==========
==========81
8 0 2 24000
Node 62 51 12.0416
Pkt 75 250 0.3 1
Pkt 60 200 0.3 1
Node 32 55 18.6815
Pkt 113 375 0.301333 1
Pkt 144 480 0.3 1
Node 46 25 25.318
Pkt 240 800 0.3 1
Pkt 240 800 0.3 1
Node 53 52 3.60555
Pkt 72 240 0.3 1
Pkt 45 150 0.3 1
Node 74 27 33.2415
Pkt 90 300 0.3 1
Pkt 113 375 0.301333 1
Node 35 35 21.2132
Pkt 240 800 0.3 1
Pkt 240 800 0.3 1
Node 66 40 18.868
Pkt 75 250 0.3 1
Pkt 30 100 0.3 1
Node 51 32 18.0278
Pkt 90 300 0.3 1
Pkt 96 320 0.3 1
Rate:600.333
==========
==========82
8 0 2 24000
Node 61 26 26.4008
Pkt 48 160 0.3 1
Pkt 36 120 0.3 1
Node 67 30 26.2488
Pkt 113 375 0.301333 1
Pkt 120 400 0.3 1
Node 29 34 26.4008
Pkt 225 750 0.3 1
Pkt 240 800 0.3 1
Node 50 65 15
Pkt 36 120 0.3 1
Pkt 45 150 0.3 1
Node 71 63 24.6982
Pkt 96 320 0.3 1
Pkt 120 400 0.3 1
Node 38 32 21.6333
Pkt 225 750 0.3 1
Pkt 225 750 0.3 1
Node 53 57 7.61577
Pkt 45 150 0.3 1
Pkt 75 250 0.3 1
Node 70 53 20.2237
Pkt 96 320 0.3 1
Pkt 144 480 0.3 1
Rate:600.167
==========
==========83
8 0 2 24000
Node 50 43 7
Pkt 58 192 0.302083 1
Pkt 38 125 0.304 1
Node 38 68 21.6333
Pkt 120 400 0.3 1
Pkt 96 320 0.3 1
Node 31 43 20.2485
Pkt 225 750 0.3 1
Pkt 225 750 0.3 1
Node 44 52 6.32456
Pkt 75 250 0.3 1
Pkt 75 250 0.3 1
Node 62 53 12.3693
Pkt 90 300 0.3 1
Pkt 144 480 0.3 1
Node 50 48 2
Pkt 225 750 0.3 1
Pkt 225 750 0.3 1
Node 41 33 19.2354
Pkt 48 160 0.3 1
Pkt 38 125 0.304 1
Node 30 25 32.0156
Pkt 113 375 0.301333 1
Pkt 96 320 0.3 1
Rate:601.427
==========
==========84
8 0 2 24000
Node 31 49 19.0263
Pkt 58 192 0.302083 1
Pkt 30 100 0.3 1
Node 59 32 20.1246
Pkt 144 480 0.3 1
Pkt 90 300 0.3 1
Node 46 31 19.4165
Pkt 225 750 0.3 1
Pkt 225 750 0.3 1
Node 48 69 19.105
Pkt 48 160 0.3 1
Pkt 72 240 0.3 1
Node 61 52 11.1803
Pkt 144 480 0.3 1
Pkt 96 320 0.3 1
Node 46 34 16.4924
Pkt 225 750 0.3 1
Pkt 240 800 0.3 1
Node 52 68 18.1108
Pkt 38 125 0.304 1
Pkt 72 240 0.3 1
Node 63 63 18.3848
Pkt 144 480 0.3 1
Pkt 90 300 0.3 1
Rate:600.76
==========
==========85
8 0 2 24000
Node 30 42 21.5407
Pkt 45 150 0.3 1
Pkt 58 192 0.302083 1
Node 57 25 25.9615
Pkt 120 400 0.3 1
Pkt 96 320 0.3 1
Node 56 43 9.21954
Pkt 240 800 0.3 1
Pkt 225 750 0.3 1
Node 30 26 31.241
Pkt 72 240 0.3 1
Pkt 58 192 0.302083 1
Node 67 41 19.2354
Pkt 96 320 0.3 1
Pkt 96 320 0.3 1
Node 57 73 24.0416
Pkt 240 800 0.3 1
Pkt 225 750 0.3 1
Node 26 48 24.0832
Pkt 58 192 0.302083 1
Pkt 58 192 0.302083 1
Node 52 27 23.0868
Pkt 90 300 0.3 1
Pkt 90 300 0.3 1
Rate:601.042
==========
==========86
8 0 2 24000
Node 62 25 27.7308
Pkt 75 250 0.3 1
Pkt 72 240 0.3 1
Node 50 46 4
Pkt 120 400 0.3 1
Pkt 90 300 0.3 1
Node 66 70 25.6125
Pkt 240 800 0.3 1
Pkt 240 800 0.3 1
Node 57 39 13.0384
Pkt 38 125 0.304 1
Pkt 58 192 0.302083 1
Node 71 56 21.8403
Pkt 144 480 0.3 1
Pkt 144 480 0.3 1
Node 73 61 25.4951
Pkt 240 800 0.3 1
Pkt 240 800 0.3 1
Node 56 51 6.08276
Pkt 45 150 0.3 1
Pkt 58 192 0.302083 1
Node 58 36 16.1245
Pkt 96 320 0.3 1
Pkt 120 400 0.3 1
Rate:601.021
==========
==========87
8 0 2 24000
Node 57 73 24.0416
Pkt 75 250 0.3 1
Pkt 38 125 0.304 1
Node 41 54 9.84886
Pkt 144 480 0.3 1
Pkt 90 300 0.3 1
Node 45 57 8.60233
Pkt 225 750 0.3 1
Pkt 225 750 0.3 1
Node 61 60 14.8661
Pkt 60 200 0.3 1
Pkt 36 120 0.3 1
Node 64 41 16.6433
Pkt 90 300 0.3 1
Pkt 90 300 0.3 1
Node 60 60 14.1421
Pkt 225 750 0.3 1
Pkt 225 750 0.3 1
Node 61 48 11.1803
Pkt 58 192 0.302083 1
Pkt 75 250 0.3 1
Node 51 52 2.23607
Pkt 144 480 0.3 1
Pkt 113 375 0.301333 1
Rate:600.927
==========
==========88
8 0 2 24000
Node 35 45 15.8114
Pkt 30 100 0.3 1
Pkt 72 240 0.3 1
Node 39 35 18.6011
Pkt 144 480 0.3 1
Pkt 113 375 0.301333 1
Node 45 40 11.1803
Pkt 225 750 0.3 1
Pkt 225 750 0.3 1
Node 68 71 27.6586
Pkt 45 150 0.3 1
Pkt 75 250 0.3 1
Node 53 26 24.1868
Pkt 113 375 0.301333 1
Pkt 96 320 0.3 1
Node 65 30 25
Pkt 225 750 0.3 1
Pkt 240 800 0.3 1
Node 37 72 25.5539
Pkt 38 125 0.304 1
Pkt 48 160 0.3 1
Node 48 28 22.0907
Pkt 113 375 0.301333 1
Pkt 144 480 0.3 1
Rate:601
==========
==========89
8 0 2 24000
Node 74 49 24.0208
Pkt 30 100 0.3 1
Pkt 30 100 0.3 1
Node 73 31 29.8329
Pkt 113 375 0.301333 1
Pkt 90 300 0.3 1
Node 54 48 4.47214
Pkt 225 750 0.3 1
Pkt 240 800 0.3 1
Node 30 70 28.2843
Pkt 36 120 0.3 1
Pkt 30 100 0.3 1
Node 48 69 19.105
Pkt 96 320 0.3 1
Pkt 144 480 0.3 1
Node 64 50 14
Pkt 225 750 0.3 1
Pkt 225 750 0.3 1
Node 29 29 29.6985
Pkt 38 125 0.304 1
Pkt 60 200 0.3 1
Node 34 74 28.8444
Pkt 96 320 0.3 1
Pkt 113 375 0.301333 1
Rate:600.833
==========
==========90
8 0 2 24000
Node 39 55 12.083
Pkt 36 120 0.3 1
Pkt 60 200 0.3 1
Node 28 26 32.5576
Pkt 144 480 0.3 1
Pkt 113 375 0.301333 1
Node 48 72 22.0907
Pkt 225 750 0.3 1
Pkt 240 800 0.3 1
Node 63 61 17.0294
Pkt 60 200 0.3 1
Pkt 60 200 0.3 1
Node 42 43 10.6301
Pkt 96 320 0.3 1
Pkt 144 480 0.3 1
Node 55 53 5.83095
Pkt 225 750 0.3 1
Pkt 225 750 0.3 1
Node 64 34 21.2603
Pkt 58 192 0.302083 1
Pkt 58 192 0.302083 1
Node 67 71 27.0185
Pkt 144 480 0.3 1
Pkt 144 480 0.3 1
Rate:600.687
==========
==========91
8 0 2 24000
Node 46 65 15.5242
Pkt 58 192 0.302083 1
Pkt 36 120 0.3 1
Node 39 30 22.8254
Pkt 90 300 0.3 1
Pkt 120 400 0.3 1
Node 57 48 7.28011
Pkt 240 800 0.3 1
Pkt 240 800 0.3 1
Node 37 28 25.5539
Pkt 38 125 0.304 1
Pkt 45 150 0.3 1
Node 51 50 1
Pkt 113 375 0.301333 1
Pkt 113 375 0.301333 1
Node 44 33 18.0278
Pkt 225 750 0.3 1
Pkt 225 750 0.3 1
Node 39 33 20.2485
Pkt 75 250 0.3 1
Pkt 58 192 0.302083 1
Node 27 66 28.0179
Pkt 113 375 0.301333 1
Pkt 90 300 0.3 1
Rate:601.521
==========
==========92
8 0 2 24000
Node 56 62 13.4164
Pkt 60 200 0.3 1
Pkt 30 100 0.3 1
Node 48 37 13.1529
Pkt 90 300 0.3 1
Pkt 144 480 0.3 1
Node 60 66 18.868
Pkt 225 750 0.3 1
Pkt 225 750 0.3 1
Node 66 33 23.3452
Pkt 48 160 0.3 1
Pkt 38 125 0.304 1
Node 42 62 14.4222
Pkt 96 320 0.3 1
Pkt 120 400 0.3 1
Node 67 50 17
Pkt 240 800 0.3 1
Pkt 225 750 0.3 1
Node 57 70 21.1896
Pkt 58 192 0.302083 1
Pkt 58 192 0.302083 1
Node 59 66 18.3576
Pkt 90 300 0.3 1
Pkt 113 375 0.301333 1
Rate:601.187
==========
==========93
8 0 2 24000
Node 44 49 6.08276
Pkt 58 192 0.302083 1
Pkt 36 120 0.3 1
Node 66 66 22.6274
Pkt 113 375 0.301333 1
Pkt 144 480 0.3 1
Node 34 38 20
Pkt 240 800 0.3 1
Pkt 240 800 0.3 1
Node 66 43 17.4642
Pkt 72 240 0.3 1
Pkt 72 240 0.3 1
Node 62 49 12.0416
Pkt 144 480 0.3 1
Pkt 113 375 0.301333 1
Node 25 28 33.3017
Pkt 225 750 0.3 1
Pkt 225 750 0.3 1
Node 42 28 23.4094
Pkt 72 240 0.3 1
Pkt 48 160 0.3 1
Node 71 35 25.807
Pkt 120 400 0.3 1
Pkt 144 480 0.3 1
Rate:600.594
==========
==========94
8 0 2 24000
Node 65 58 17
Pkt 30 100 0.3 1
Pkt 38 125 0.304 1
Node 50 45 5
Pkt 113 375 0.301333 1
Pkt 96 320 0.3 1
Node 64 41 16.6433
Pkt 225 750 0.3 1
Pkt 240 800 0.3 1
Node 25 48 25.0799
Pkt 38 125 0.304 1
Pkt 58 192 0.302083 1
Node 48 61 11.1803
Pkt 144 480 0.3 1
Pkt 96 320 0.3 1
Node 50 31 19
Pkt 225 750 0.3 1
Pkt 225 750 0.3 1
Node 32 65 23.4307
Pkt 75 250 0.3 1
Pkt 48 160 0.3 1
Node 34 35 21.9317
Pkt 144 480 0.3 1
Pkt 113 375 0.301333 1
Rate:601.594
==========
==========95
8 0 2 24000
Node 72 62 25.0599
Pkt 36 120 0.3 1
Pkt 72 240 0.3 1
Node 46 49 4.12311
Pkt 90 300 0.3 1
Pkt 120 400 0.3 1
Node 38 70 23.3238
Pkt 240 800 0.3 1
Pkt 240 800 0.3 1
Node 72 32 28.4253
Pkt 75 250 0.3 1
Pkt 75 250 0.3 1
Node 62 39 16.2788
Pkt 144 480 0.3 1
Pkt 90 300 0.3 1
Node 35 71 25.807
Pkt 240 800 0.3 1
Pkt 225 750 0.3 1
Node 43 57 9.89949
Pkt 30 100 0.3 1
Pkt 38 125 0.304 1
Node 58 27 24.3516
Pkt 96 320 0.3 1
Pkt 120 400 0.3 1
Rate:600.5
==========
==========96
8 0 2 24000
Node 65 65 21.2132
Pkt 58 192 0.302083 1
Pkt 45 150 0.3 1
Node 54 59 9.84886
Pkt 90 300 0.3 1
Pkt 90 300 0.3 1
Node 47 42 8.544
Pkt 240 800 0.3 1
Pkt 225 750 0.3 1
Node 41 72 23.7697
Pkt 60 200 0.3 1
Pkt 60 200 0.3 1
Node 59 59 12.7279
Pkt 144 480 0.3 1
Pkt 113 375 0.301333 1
Node 26 25 34.6554
Pkt 225 750 0.3 1
Pkt 240 800 0.3 1
Node 48 51 2.23607
Pkt 60 200 0.3 1
Pkt 38 125 0.304 1
Node 53 60 10.4403
Pkt 90 300 0.3 1
Pkt 96 320 0.3 1
Rate:600.927
==========
==========97
8 0 2 24000
Node 53 43 7.61577
Pkt 45 150 0.3 1
Pkt 45 150 0.3 1
Node 70 56 20.8806
Pkt 90 300 0.3 1
Pkt 96 320 0.3 1
Node 65 50 15
Pkt 225 750 0.3 1
Pkt 240 800 0.3 1
Node 30 34 25.6125
Pkt 58 192 0.302083 1
Pkt 45 150 0.3 1
Node 41 28 23.7697
Pkt 144 480 0.3 1
Pkt 120 400 0.3 1
Node 57 48 7.28011
Pkt 225 750 0.3 1
Pkt 240 800 0.3 1
Node 52 61 11.1803
Pkt 45 150 0.3 1
Pkt 45 150 0.3 1
Node 28 67 27.8029
Pkt 113 375 0.301333 1
Pkt 96 320 0.3 1
Rate:600.427
==========
==========98
8 0 2 24000
Node 29 52 21.095
Pkt 72 240 0.3 1
Pkt 38 125 0.304 1
Node 29 37 24.6982
Pkt 120 400 0.3 1
Pkt 113 375 0.301333 1
Node 41 43 11.4018
Pkt 225 750 0.3 1
Pkt 240 800 0.3 1
Node 65 39 18.6011
Pkt 45 150 0.3 1
Pkt 72 240 0.3 1
Node 28 60 24.1661
Pkt 120 400 0.3 1
Pkt 144 480 0.3 1
Node 46 42 8.94427
Pkt 240 800 0.3 1
Pkt 225 750 0.3 1
Node 46 37 13.6015
Pkt 48 160 0.3 1
Pkt 45 150 0.3 1
Node 28 67 27.8029
Pkt 96 320 0.3 1
Pkt 144 480 0.3 1
Rate:600.667
==========
==========99
