8 0 2 24000
Node 37 63 18.3848
Pkt 100 250 0.4 1
Pkt 40 100 0.4 1
Node 60 38 15.6205
Pkt 192 480 0.4 1
Pkt 128 320 0.4 1
Node 30 72 29.7321
Pkt 300 750 0.4 1
Pkt 320 800 0.4 1
Node 45 30 20.6155
Pkt 80 200 0.4 1
Pkt 60 150 0.4 1
Node 72 47 22.2036
Pkt 150 375 0.4 1
Pkt 150 375 0.4 1
Node 26 73 33.2415
Pkt 320 800 0.4 1
Pkt 320 800 0.4 1
Node 53 25 25.1794
Pkt 40 100 0.4 1
Pkt 64 160 0.4 1
Node 44 27 23.7697
Pkt 160 400 0.4 1
Pkt 120 300 0.4 1
Rate:800
==========
==========0
8 0 2 24000
Node 69 32 26.1725
Pkt 40 100 0.4 1
Pkt 40 100 0.4 1
Node 53 36 14.3178
Pkt 150 375 0.4 1
Pkt 160 400 0.4 1
Node 49 35 15.0333
Pkt 300 750 0.4 1
Pkt 320 800 0.4 1
Node 52 74 24.0832
Pkt 40 100 0.4 1
Pkt 48 120 0.4 1
Node 51 62 12.0416
Pkt 120 300 0.4 1
Pkt 150 375 0.4 1
Node 61 28 24.5967
Pkt 320 800 0.4 1
Pkt 320 800 0.4 1
Node 31 50 19
Pkt 96 240 0.4 1
Pkt 50 125 0.4 1
Node 70 28 29.7321
Pkt 128 320 0.4 1
Pkt 150 375 0.4 1
Rate:800
==========
==========1
8 0 2 24000
Node 74 58 25.2982
Pkt 64 160 0.4 1
Pkt 60 150 0.4 1
Node 50 42 8
Pkt 192 480 0.4 1
Pkt 192 480 0.4 1
Node 45 53 5.83095
Pkt 300 750 0.4 1
Pkt 320 800 0.4 1
Node 63 29 24.6982
Pkt 64 160 0.4 1
Pkt 50 125 0.4 1
Node 48 38 12.1655
Pkt 120 300 0.4 1
Pkt 120 300 0.4 1
Node 66 62 20
Pkt 320 800 0.4 1
Pkt 300 750 0.4 1
Node 72 38 25.0599
Pkt 50 125 0.4 1
Pkt 96 240 0.4 1
Node 68 29 27.6586
Pkt 160 400 0.4 1
Pkt 192 480 0.4 1
Rate:800
==========
==========2
8 0 2 24000
Node 41 57 11.4018
Pkt 50 125 0.4 1
Pkt 80 200 0.4 1
Node 36 52 14.1421
Pkt 120 300 0.4 1
Pkt 128 320 0.4 1
Node 69 26 30.6105
Pkt 300 750 0.4 1
Pkt 320 800 0.4 1
Node 38 31 22.4722
Pkt 100 250 0.4 1
Pkt 80 200 0.4 1
Node 61 39 15.5563
Pkt 150 375 0.4 1
Pkt 128 320 0.4 1
Node 63 29 24.6982
Pkt 300 750 0.4 1
Pkt 300 750 0.4 1
Node 61 58 13.6015
Pkt 100 250 0.4 1
Pkt 77 192 0.401042 1
Node 63 44 14.3178
Pkt 120 300 0.4 1
Pkt 150 375 0.4 1
Rate:800.13
==========
==========3
8 0 2 24000
Node 27 40 25.0799
Pkt 80 200 0.4 1
Pkt 64 160 0.4 1
Node 48 66 16.1245
Pkt 150 375 0.4 1
Pkt 150 375 0.4 1
Node 52 33 17.1172
Pkt 320 800 0.4 1
Pkt 300 750 0.4 1
Node 52 37 13.1529
Pkt 60 150 0.4 1
Pkt 80 200 0.4 1
Node 25 63 28.178
Pkt 120 300 0.4 1
Pkt 160 400 0.4 1
Node 74 55 24.5153
Pkt 300 750 0.4 1
Pkt 320 800 0.4 1
Node 25 69 31.4006
Pkt 100 250 0.4 1
Pkt 96 240 0.4 1
Node 67 38 20.8087
Pkt 160 400 0.4 1
Pkt 120 300 0.4 1
Rate:800
==========
==========4
8 0 2 24000
Node 38 64 18.4391
Pkt 48 120 0.4 1
Pkt 100 250 0.4 1
Node 55 58 9.43398
Pkt 150 375 0.4 1
Pkt 120 300 0.4 1
Node 45 74 24.5153
Pkt 300 750 0.4 1
Pkt 300 750 0.4 1
Node 61 58 13.6015
Pkt 48 120 0.4 1
Pkt 50 125 0.4 1
Node 38 51 12.0416
Pkt 160 400 0.4 1
Pkt 192 480 0.4 1
Node 49 43 7.07107
Pkt 320 800 0.4 1
Pkt 300 750 0.4 1
Node 48 73 23.0868
Pkt 60 150 0.4 1
Pkt 64 160 0.4 1
Node 26 63 27.2947
Pkt 192 480 0.4 1
Pkt 192 480 0.4 1
Rate:800
==========
==========5
8 0 2 24000
Node 74 74 33.9411
Pkt 50 125 0.4 1
Pkt 40 100 0.4 1
Node 29 69 28.3196
Pkt 192 480 0.4 1
Pkt 128 320 0.4 1
Node 47 67 17.2627
Pkt 300 750 0.4 1
Pkt 300 750 0.4 1
Node 38 26 26.8328
Pkt 64 160 0.4 1
Pkt 50 125 0.4 1
Node 65 49 15.0333
Pkt 192 480 0.4 1
Pkt 160 400 0.4 1
Node 70 42 21.5407
Pkt 300 750 0.4 1
Pkt 300 750 0.4 1
Node 54 60 10.7703
Pkt 77 192 0.401042 1
Pkt 80 200 0.4 1
Node 40 35 18.0278
Pkt 192 480 0.4 1
Pkt 192 480 0.4 1
Rate:800.13
==========
==========6
8 0 2 24000
Node 38 61 16.2788
Pkt 50 125 0.4 1
Pkt 80 200 0.4 1
Node 33 33 24.0416
Pkt 160 400 0.4 1
Pkt 150 375 0.4 1
Node 66 32 24.0832
Pkt 300 750 0.4 1
Pkt 300 750 0.4 1
Node 65 63 19.8494
Pkt 64 160 0.4 1
Pkt 80 200 0.4 1
Node 43 33 18.3848
Pkt 120 300 0.4 1
Pkt 120 300 0.4 1
Node 61 26 26.4008
Pkt 320 800 0.4 1
Pkt 300 750 0.4 1
Node 39 52 11.1803
Pkt 100 250 0.4 1
Pkt 96 240 0.4 1
Node 39 31 21.9545
Pkt 150 375 0.4 1
Pkt 128 320 0.4 1
Rate:800
==========
==========7
8 0 2 24000
Node 41 65 17.4929
Pkt 48 120 0.4 1
Pkt 48 120 0.4 1
Node 61 67 20.2485
Pkt 128 320 0.4 1
Pkt 192 480 0.4 1
Node 51 61 11.0454
Pkt 300 750 0.4 1
Pkt 300 750 0.4 1
Node 60 53 10.4403
Pkt 77 192 0.401042 1
Pkt 100 250 0.4 1
Node 27 41 24.6982
Pkt 120 300 0.4 1
Pkt 120 300 0.4 1
Node 54 47 5
Pkt 320 800 0.4 1
Pkt 300 750 0.4 1
Node 38 57 13.8924
Pkt 80 200 0.4 1
Pkt 80 200 0.4 1
Node 46 56 7.2111
Pkt 128 320 0.4 1
Pkt 150 375 0.4 1
Rate:800.13
==========
==========8
8 0 2 24000
Node 45 58 9.43398
Pkt 100 250 0.4 1
Pkt 64 160 0.4 1
Node 44 74 24.7386
Pkt 192 480 0.4 1
Pkt 150 375 0.4 1
Node 46 59 9.84886
Pkt 320 800 0.4 1
Pkt 320 800 0.4 1
Node 47 32 18.2483
Pkt 64 160 0.4 1
Pkt 50 125 0.4 1
Node 72 71 30.4138
Pkt 128 320 0.4 1
Pkt 120 300 0.4 1
Node 69 54 19.4165
Pkt 320 800 0.4 1
Pkt 300 750 0.4 1
Node 30 44 20.8806
Pkt 80 200 0.4 1
Pkt 50 125 0.4 1
Node 57 41 11.4018
Pkt 128 320 0.4 1
Pkt 128 320 0.4 1
Rate:800
==========
==========9
8 0 2 24000
Node 46 57 8.06226
Pkt 40 100 0.4 1
Pkt 64 160 0.4 1
Node 58 58 11.3137
Pkt 150 375 0.4 1
Pkt 128 320 0.4 1
Node 53 51 3.16228
Pkt 320 800 0.4 1
Pkt 300 750 0.4 1
Node 48 73 23.0868
Pkt 64 160 0.4 1
Pkt 100 250 0.4 1
Node 66 39 19.4165
Pkt 120 300 0.4 1
Pkt 150 375 0.4 1
Node 46 57 8.06226
Pkt 320 800 0.4 1
Pkt 300 750 0.4 1
Node 56 33 18.0278
Pkt 77 192 0.401042 1
Pkt 64 160 0.4 1
Node 67 62 20.8087
Pkt 128 320 0.4 1
Pkt 192 480 0.4 1
Rate:800.13
==========
==========10
8 0 2 24000
Node 44 28 22.8035
Pkt 40 100 0.4 1
Pkt 80 200 0.4 1
Node 53 55 5.83095
Pkt 120 300 0.4 1
Pkt 128 320 0.4 1
Node 51 33 17.0294
Pkt 320 800 0.4 1
Pkt 320 800 0.4 1
Node 71 74 31.8904
Pkt 48 120 0.4 1
Pkt 40 100 0.4 1
Node 68 39 21.095
Pkt 192 480 0.4 1
Pkt 120 300 0.4 1
Node 72 42 23.4094
Pkt 300 750 0.4 1
Pkt 300 750 0.4 1
Node 50 68 18
Pkt 60 150 0.4 1
Pkt 60 150 0.4 1
Node 31 73 29.8329
Pkt 192 480 0.4 1
Pkt 150 375 0.4 1
Rate:800
==========
==========11
8 0 2 24000
Node 73 33 28.6007
Pkt 50 125 0.4 1
Pkt 64 160 0.4 1
Node 74 71 31.8904
Pkt 160 400 0.4 1
Pkt 192 480 0.4 1
Node 28 52 22.0907
Pkt 300 750 0.4 1
Pkt 320 800 0.4 1
Node 38 43 13.8924
Pkt 96 240 0.4 1
Pkt 77 192 0.401042 1
Node 57 54 8.06226
Pkt 160 400 0.4 1
Pkt 160 400 0.4 1
Node 48 72 22.0907
Pkt 320 800 0.4 1
Pkt 300 750 0.4 1
Node 56 73 23.7697
Pkt 48 120 0.4 1
Pkt 80 200 0.4 1
Node 50 60 10
Pkt 192 480 0.4 1
Pkt 192 480 0.4 1
Rate:800.13
==========
==========12
8 0 2 24000
Node 56 62 13.4164
Pkt 50 125 0.4 1
Pkt 96 240 0.4 1
Node 51 29 21.0238
Pkt 192 480 0.4 1
Pkt 150 375 0.4 1
Node 35 65 21.2132
Pkt 300 750 0.4 1
Pkt 300 750 0.4 1
Node 63 31 23.0217
Pkt 50 125 0.4 1
Pkt 77 192 0.401042 1
Node 64 30 24.4131
Pkt 160 400 0.4 1
Pkt 192 480 0.4 1
Node 52 32 18.1108
Pkt 320 800 0.4 1
Pkt 300 750 0.4 1
Node 41 61 14.2127
Pkt 100 250 0.4 1
Pkt 48 120 0.4 1
Node 42 35 17
Pkt 150 375 0.4 1
Pkt 128 320 0.4 1
Rate:800.13
==========
==========13
8 0 2 24000
Node 61 39 15.5563
Pkt 48 120 0.4 1
Pkt 48 120 0.4 1
Node 68 30 26.9072
Pkt 128 320 0.4 1
Pkt 150 375 0.4 1
Node 29 60 23.2594
Pkt 320 800 0.4 1
Pkt 320 800 0.4 1
Node 57 74 25
Pkt 40 100 0.4 1
Pkt 96 240 0.4 1
Node 53 60 10.4403
Pkt 150 375 0.4 1
Pkt 160 400 0.4 1
Node 66 44 17.088
Pkt 320 800 0.4 1
Pkt 300 750 0.4 1
Node 32 52 18.1108
Pkt 96 240 0.4 1
Pkt 40 100 0.4 1
Node 74 34 28.8444
Pkt 128 320 0.4 1
Pkt 192 480 0.4 1
Rate:800
==========
==========14
8 0 2 24000
Node 30 69 27.5862
Pkt 77 192 0.401042 1
Pkt 100 250 0.4 1
Node 29 58 22.4722
Pkt 192 480 0.4 1
Pkt 160 400 0.4 1
Node 28 31 29.0689
Pkt 300 750 0.4 1
Pkt 300 750 0.4 1
Node 36 70 24.4131
Pkt 60 150 0.4 1
Pkt 60 150 0.4 1
Node 70 63 23.8537
Pkt 128 320 0.4 1
Pkt 150 375 0.4 1
Node 43 50 7
Pkt 300 750 0.4 1
Pkt 320 800 0.4 1
Node 45 49 5.09902
Pkt 60 150 0.4 1
Pkt 80 200 0.4 1
Node 70 53 20.2237
Pkt 192 480 0.4 1
Pkt 120 300 0.4 1
Rate:800.13
==========
==========15
8 0 2 24000
Node 47 52 3.60555
Pkt 80 200 0.4 1
Pkt 48 120 0.4 1
Node 28 70 29.7321
Pkt 128 320 0.4 1
Pkt 150 375 0.4 1
Node 51 72 22.0227
Pkt 320 800 0.4 1
Pkt 320 800 0.4 1
Node 32 69 26.1725
Pkt 50 125 0.4 1
Pkt 100 250 0.4 1
Node 69 60 21.4709
Pkt 160 400 0.4 1
Pkt 150 375 0.4 1
Node 54 39 11.7047
Pkt 300 750 0.4 1
Pkt 320 800 0.4 1
Node 46 25 25.318
Pkt 96 240 0.4 1
Pkt 60 150 0.4 1
Node 49 73 23.0217
Pkt 150 375 0.4 1
Pkt 120 300 0.4 1
Rate:800
==========
==========16
8 0 2 24000
Node 49 28 22.0227
Pkt 50 125 0.4 1
Pkt 40 100 0.4 1
Node 41 28 23.7697
Pkt 120 300 0.4 1
Pkt 192 480 0.4 1
Node 44 46 7.2111
Pkt 320 800 0.4 1
Pkt 320 800 0.4 1
Node 66 38 20
Pkt 100 250 0.4 1
Pkt 40 100 0.4 1
Node 51 44 6.08276
Pkt 192 480 0.4 1
Pkt 128 320 0.4 1
Node 34 72 27.2029
Pkt 300 750 0.4 1
Pkt 300 750 0.4 1
Node 40 60 14.1421
Pkt 100 250 0.4 1
Pkt 77 192 0.401042 1
Node 54 62 12.6491
Pkt 120 300 0.4 1
Pkt 128 320 0.4 1
Rate:800.13
==========
==========17
8 0 2 24000
Node 51 59 9.05539
Pkt 60 150 0.4 1
Pkt 77 192 0.401042 1
Node 27 58 24.3516
Pkt 192 480 0.4 1
Pkt 192 480 0.4 1
Node 34 50 16
Pkt 300 750 0.4 1
Pkt 320 800 0.4 1
Node 56 49 6.08276
Pkt 96 240 0.4 1
Pkt 48 120 0.4 1
Node 41 25 26.5707
Pkt 150 375 0.4 1
Pkt 128 320 0.4 1
Node 74 55 24.5153
Pkt 320 800 0.4 1
Pkt 320 800 0.4 1
Node 55 52 5.38516
Pkt 50 125 0.4 1
Pkt 48 120 0.4 1
Node 62 58 14.4222
Pkt 120 300 0.4 1
Pkt 192 480 0.4 1
Rate:800.13
==========
==========18
8 0 2 24000
Node 44 41 10.8167
Pkt 60 150 0.4 1
Pkt 60 150 0.4 1
Node 47 68 18.2483
Pkt 192 480 0.4 1
Pkt 120 300 0.4 1
Node 48 64 14.1421
Pkt 300 750 0.4 1
Pkt 320 800 0.4 1
Node 67 33 24.0416
Pkt 60 150 0.4 1
Pkt 60 150 0.4 1
Node 62 63 17.6918
Pkt 128 320 0.4 1
Pkt 128 320 0.4 1
Node 35 53 15.2971
Pkt 300 750 0.4 1
Pkt 320 800 0.4 1
Node 32 68 25.4558
Pkt 100 250 0.4 1
Pkt 77 192 0.401042 1
Node 68 48 18.1108
Pkt 120 300 0.4 1
Pkt 192 480 0.4 1
Rate:800.13
==========
==========19
8 0 2 24000
Node 65 71 25.807
Pkt 96 240 0.4 1
Pkt 40 100 0.4 1
Node 47 63 13.3417
Pkt 128 320 0.4 1
Pkt 128 320 0.4 1
Node 57 29 22.1359
Pkt 320 800 0.4 1
Pkt 320 800 0.4 1
Node 55 50 5
Pkt 96 240 0.4 1
Pkt 60 150 0.4 1
Node 26 25 34.6554
Pkt 160 400 0.4 1
Pkt 120 300 0.4 1
Node 57 54 8.06226
Pkt 300 750 0.4 1
Pkt 320 800 0.4 1
Node 36 63 19.105
Pkt 100 250 0.4 1
Pkt 96 240 0.4 1
Node 44 37 14.3178
Pkt 192 480 0.4 1
Pkt 120 300 0.4 1
Rate:800
==========
==========20
8 0 2 24000
Node 51 49 1.41421
Pkt 100 250 0.4 1
Pkt 96 240 0.4 1
Node 56 73 23.7697
Pkt 192 480 0.4 1
Pkt 120 300 0.4 1
Node 38 26 26.8328
Pkt 320 800 0.4 1
Pkt 320 800 0.4 1
Node 73 42 24.3516
Pkt 64 160 0.4 1
Pkt 77 192 0.401042 1
Node 57 61 13.0384
Pkt 120 300 0.4 1
Pkt 120 300 0.4 1
Node 42 48 8.24621
Pkt 300 750 0.4 1
Pkt 320 800 0.4 1
Node 63 46 13.6015
Pkt 60 150 0.4 1
Pkt 60 150 0.4 1
Node 62 68 21.6333
Pkt 128 320 0.4 1
Pkt 160 400 0.4 1
Rate:800.13
==========
==========21
8 0 2 24000
Node 39 44 12.53
Pkt 100 250 0.4 1
Pkt 50 125 0.4 1
Node 41 54 9.84886
Pkt 120 300 0.4 1
Pkt 192 480 0.4 1
Node 70 67 26.2488
Pkt 320 800 0.4 1
Pkt 320 800 0.4 1
Node 50 31 19
Pkt 64 160 0.4 1
Pkt 80 200 0.4 1
Node 32 53 18.2483
Pkt 160 400 0.4 1
Pkt 120 300 0.4 1
Node 43 44 9.21954
Pkt 320 800 0.4 1
Pkt 300 750 0.4 1
Node 29 58 22.4722
Pkt 50 125 0.4 1
Pkt 100 250 0.4 1
Node 37 40 16.4012
Pkt 128 320 0.4 1
Pkt 192 480 0.4 1
Rate:800
==========
==========22
8 0 2 24000
Node 48 68 18.1108
Pkt 60 150 0.4 1
Pkt 100 250 0.4 1
Node 47 38 12.3693
Pkt 150 375 0.4 1
Pkt 192 480 0.4 1
Node 65 74 28.3019
Pkt 320 800 0.4 1
Pkt 320 800 0.4 1
Node 26 31 30.6105
Pkt 96 240 0.4 1
Pkt 100 250 0.4 1
Node 73 55 23.5372
Pkt 128 320 0.4 1
Pkt 128 320 0.4 1
Node 31 53 19.2354
Pkt 300 750 0.4 1
Pkt 300 750 0.4 1
Node 73 51 23.0217
Pkt 100 250 0.4 1
Pkt 100 250 0.4 1
Node 53 59 9.48683
Pkt 120 300 0.4 1
Pkt 160 400 0.4 1
Rate:800
==========
==========23
8 0 2 24000
Node 70 55 20.6155
Pkt 96 240 0.4 1
Pkt 40 100 0.4 1
Node 33 37 21.4009
Pkt 120 300 0.4 1
Pkt 120 300 0.4 1
Node 39 66 19.4165
Pkt 320 800 0.4 1
Pkt 300 750 0.4 1
Node 45 63 13.9284
Pkt 48 120 0.4 1
Pkt 64 160 0.4 1
Node 63 62 17.6918
Pkt 150 375 0.4 1
Pkt 160 400 0.4 1
Node 59 56 10.8167
Pkt 320 800 0.4 1
Pkt 300 750 0.4 1
Node 55 57 8.60233
Pkt 48 120 0.4 1
Pkt 64 160 0.4 1
Node 47 72 22.2036
Pkt 192 480 0.4 1
Pkt 192 480 0.4 1
Rate:800
==========
==========24
8 0 2 24000
Node 54 70 20.3961
Pkt 96 240 0.4 1
Pkt 80 200 0.4 1
Node 38 31 22.4722
Pkt 120 300 0.4 1
Pkt 128 320 0.4 1
Node 44 52 6.32456
Pkt 300 750 0.4 1
Pkt 300 750 0.4 1
Node 49 29 21.0238
Pkt 64 160 0.4 1
Pkt 60 150 0.4 1
Node 25 34 29.6816
Pkt 120 300 0.4 1
Pkt 120 300 0.4 1
Node 66 50 16
Pkt 320 800 0.4 1
Pkt 300 750 0.4 1
Node 37 47 13.3417
Pkt 64 160 0.4 1
Pkt 50 125 0.4 1
Node 44 58 10
Pkt 128 320 0.4 1
Pkt 160 400 0.4 1
Rate:800
==========
==========25
8 0 2 24000
Node 68 73 29.2062
Pkt 40 100 0.4 1
Pkt 60 150 0.4 1
Node 72 55 22.561
Pkt 192 480 0.4 1
Pkt 192 480 0.4 1
Node 39 74 26.4008
Pkt 300 750 0.4 1
Pkt 300 750 0.4 1
Node 69 58 20.6155
Pkt 40 100 0.4 1
Pkt 80 200 0.4 1
Node 61 37 17.0294
Pkt 160 400 0.4 1
Pkt 120 300 0.4 1
Node 61 63 17.0294
Pkt 320 800 0.4 1
Pkt 320 800 0.4 1
Node 46 46 5.65685
Pkt 40 100 0.4 1
Pkt 48 120 0.4 1
Node 36 29 25.2389
Pkt 120 300 0.4 1
Pkt 120 300 0.4 1
Rate:800
==========
==========26
8 0 2 24000
Node 41 57 11.4018
Pkt 60 150 0.4 1
Pkt 60 150 0.4 1
Node 68 43 19.3132
Pkt 160 400 0.4 1
Pkt 128 320 0.4 1
Node 62 52 12.1655
Pkt 300 750 0.4 1
Pkt 300 750 0.4 1
Node 67 28 27.8029
Pkt 96 240 0.4 1
Pkt 48 120 0.4 1
Node 43 64 15.6525
Pkt 160 400 0.4 1
Pkt 192 480 0.4 1
Node 48 44 6.32456
Pkt 320 800 0.4 1
Pkt 320 800 0.4 1
Node 26 58 25.2982
Pkt 96 240 0.4 1
Pkt 96 240 0.4 1
Node 25 26 34.6554
Pkt 160 400 0.4 1
Pkt 128 320 0.4 1
Rate:800
==========
==========27
8 0 2 24000
Node 30 25 32.0156
Pkt 64 160 0.4 1
Pkt 100 250 0.4 1
Node 70 58 21.5407
Pkt 120 300 0.4 1
Pkt 192 480 0.4 1
Node 38 68 21.6333
Pkt 320 800 0.4 1
Pkt 320 800 0.4 1
Node 46 46 5.65685
Pkt 96 240 0.4 1
Pkt 80 200 0.4 1
Node 33 34 23.3452
Pkt 120 300 0.4 1
Pkt 150 375 0.4 1
Node 40 48 10.198
Pkt 320 800 0.4 1
Pkt 320 800 0.4 1
Node 57 56 9.21954
Pkt 77 192 0.401042 1
Pkt 77 192 0.401042 1
Node 40 70 22.3607
Pkt 120 300 0.4 1
Pkt 128 320 0.4 1
Rate:800.26
==========
==========28
8 0 2 24000
Node 60 50 10
Pkt 50 125 0.4 1
Pkt 77 192 0.401042 1
Node 32 64 22.8035
Pkt 120 300 0.4 1
Pkt 120 300 0.4 1
Node 53 27 23.1948
Pkt 320 800 0.4 1
Pkt 300 750 0.4 1
Node 59 37 15.8114
Pkt 64 160 0.4 1
Pkt 50 125 0.4 1
Node 62 52 12.1655
Pkt 150 375 0.4 1
Pkt 150 375 0.4 1
Node 67 32 24.7588
Pkt 320 800 0.4 1
Pkt 320 800 0.4 1
Node 47 28 22.2036
Pkt 40 100 0.4 1
Pkt 80 200 0.4 1
Node 40 62 15.6205
Pkt 150 375 0.4 1
Pkt 160 400 0.4 1
Rate:800.13
==========
==========29
8 0 2 24000
Node 45 72 22.561
Pkt 64 160 0.4 1
Pkt 48 120 0.4 1
Node 65 64 20.5183
Pkt 150 375 0.4 1
Pkt 150 375 0.4 1
Node 61 67 20.2485
Pkt 300 750 0.4 1
Pkt 320 800 0.4 1
Node 54 33 17.4642
Pkt 96 240 0.4 1
Pkt 60 150 0.4 1
Node 49 64 14.0357
Pkt 160 400 0.4 1
Pkt 192 480 0.4 1
Node 54 60 10.7703
Pkt 320 800 0.4 1
Pkt 300 750 0.4 1
Node 38 55 13
Pkt 48 120 0.4 1
Pkt 40 100 0.4 1
Node 38 66 20
Pkt 128 320 0.4 1
Pkt 120 300 0.4 1
Rate:800
==========
==========30
8 0 2 24000
Node 32 31 26.1725
Pkt 77 192 0.401042 1
Pkt 48 120 0.4 1
Node 56 43 9.21954
Pkt 192 480 0.4 1
Pkt 128 320 0.4 1
Node 54 59 9.84886
Pkt 300 750 0.4 1
Pkt 320 800 0.4 1
Node 67 33 24.0416
Pkt 48 120 0.4 1
Pkt 50 125 0.4 1
Node 46 73 23.3452
Pkt 120 300 0.4 1
Pkt 192 480 0.4 1
Node 25 27 33.9706
Pkt 300 750 0.4 1
Pkt 320 800 0.4 1
Node 39 67 20.2485
Pkt 64 160 0.4 1
Pkt 48 120 0.4 1
Node 57 53 7.61577
Pkt 120 300 0.4 1
Pkt 160 400 0.4 1
Rate:800.13
==========
==========31
8 0 2 24000
Node 66 60 18.868
Pkt 77 192 0.401042 1
Pkt 60 150 0.4 1
Node 57 39 13.0384
Pkt 120 300 0.4 1
Pkt 128 320 0.4 1
Node 50 45 5
Pkt 300 750 0.4 1
Pkt 300 750 0.4 1
Node 66 37 20.6155
Pkt 64 160 0.4 1
Pkt 40 100 0.4 1
Node 51 35 15.0333
Pkt 150 375 0.4 1
Pkt 160 400 0.4 1
Node 26 65 28.3019
Pkt 300 750 0.4 1
Pkt 320 800 0.4 1
Node 32 64 22.8035
Pkt 60 150 0.4 1
Pkt 96 240 0.4 1
Node 62 47 12.3693
Pkt 192 480 0.4 1
Pkt 192 480 0.4 1
Rate:800.13
==========
==========32
8 0 2 24000
Node 50 42 8
Pkt 60 150 0.4 1
Pkt 60 150 0.4 1
Node 74 53 24.1868
Pkt 160 400 0.4 1
Pkt 160 400 0.4 1
Node 45 40 11.1803
Pkt 320 800 0.4 1
Pkt 320 800 0.4 1
Node 42 41 12.0416
Pkt 60 150 0.4 1
Pkt 64 160 0.4 1
Node 27 69 29.8329
Pkt 150 375 0.4 1
Pkt 160 400 0.4 1
Node 50 32 18
Pkt 320 800 0.4 1
Pkt 320 800 0.4 1
Node 25 68 30.8058
Pkt 64 160 0.4 1
Pkt 48 120 0.4 1
Node 28 57 23.0868
Pkt 120 300 0.4 1
Pkt 192 480 0.4 1
Rate:800
==========
==========33
8 0 2 24000
Node 34 34 22.6274
Pkt 100 250 0.4 1
Pkt 77 192 0.401042 1
Node 43 69 20.2485
Pkt 120 300 0.4 1
Pkt 150 375 0.4 1
Node 30 54 20.3961
Pkt 320 800 0.4 1
Pkt 300 750 0.4 1
Node 74 52 24.0832
Pkt 50 125 0.4 1
Pkt 64 160 0.4 1
Node 67 44 18.0278
Pkt 120 300 0.4 1
Pkt 120 300 0.4 1
Node 69 45 19.6469
Pkt 300 750 0.4 1
Pkt 320 800 0.4 1
Node 36 36 19.799
Pkt 64 160 0.4 1
Pkt 64 160 0.4 1
Node 60 43 12.2066
Pkt 128 320 0.4 1
Pkt 120 300 0.4 1
Rate:800.13
==========
==========34
8 0 2 24000
Node 66 53 16.2788
Pkt 48 120 0.4 1
Pkt 60 150 0.4 1
Node 47 34 16.2788
Pkt 160 400 0.4 1
Pkt 128 320 0.4 1
Node 40 42 12.8062
Pkt 300 750 0.4 1
Pkt 300 750 0.4 1
Node 38 35 19.2094
Pkt 64 160 0.4 1
Pkt 77 192 0.401042 1
Node 59 42 12.0416
Pkt 120 300 0.4 1
Pkt 192 480 0.4 1
Node 33 52 17.1172
Pkt 300 750 0.4 1
Pkt 300 750 0.4 1
Node 25 40 26.9258
Pkt 60 150 0.4 1
Pkt 96 240 0.4 1
Node 36 60 17.2047
Pkt 120 300 0.4 1
Pkt 128 320 0.4 1
Rate:800.13
==========
==========35
8 0 2 24000
Node 40 71 23.2594
Pkt 48 120 0.4 1
Pkt 80 200 0.4 1
Node 59 46 9.84886
Pkt 120 300 0.4 1
Pkt 160 400 0.4 1
Node 70 48 20.0998
Pkt 300 750 0.4 1
Pkt 320 800 0.4 1
Node 37 53 13.3417
Pkt 77 192 0.401042 1
Pkt 80 200 0.4 1
Node 67 63 21.4009
Pkt 160 400 0.4 1
Pkt 128 320 0.4 1
Node 51 55 5.09902
Pkt 300 750 0.4 1
Pkt 300 750 0.4 1
Node 43 64 15.6525
Pkt 100 250 0.4 1
Pkt 100 250 0.4 1
Node 61 40 14.8661
Pkt 192 480 0.4 1
Pkt 160 400 0.4 1
Rate:800.13
==========
==========36
8 0 2 24000
Node 42 42 11.3137
Pkt 40 100 0.4 1
Pkt 77 192 0.401042 1
Node 55 70 20.6155
Pkt 160 400 0.4 1
Pkt 150 375 0.4 1
Node 30 62 23.3238
Pkt 300 750 0.4 1
Pkt 300 750 0.4 1
Node 27 26 33.2415
Pkt 40 100 0.4 1
Pkt 40 100 0.4 1
Node 41 39 14.2127
Pkt 150 375 0.4 1
Pkt 150 375 0.4 1
Node 52 57 7.28011
Pkt 320 800 0.4 1
Pkt 320 800 0.4 1
Node 47 56 6.7082
Pkt 64 160 0.4 1
Pkt 77 192 0.401042 1
Node 34 39 19.4165
Pkt 160 400 0.4 1
Pkt 192 480 0.4 1
Rate:800.26
==========
==========37
8 0 2 24000
Node 45 42 9.43398
Pkt 48 120 0.4 1
Pkt 77 192 0.401042 1
Node 25 39 27.313
Pkt 160 400 0.4 1
Pkt 160 400 0.4 1
Node 34 44 17.088
Pkt 320 800 0.4 1
Pkt 300 750 0.4 1
Node 54 38 12.6491
Pkt 48 120 0.4 1
Pkt 50 125 0.4 1
Node 63 30 23.8537
Pkt 150 375 0.4 1
Pkt 192 480 0.4 1
Node 48 65 15.1327
Pkt 320 800 0.4 1
Pkt 320 800 0.4 1
Node 43 46 8.06226
Pkt 48 120 0.4 1
Pkt 96 240 0.4 1
Node 31 40 21.4709
Pkt 160 400 0.4 1
Pkt 160 400 0.4 1
Rate:800.13
==========
==========38
8 0 2 24000
Node 70 30 28.2843
Pkt 50 125 0.4 1
Pkt 48 120 0.4 1
Node 55 29 21.587
Pkt 120 300 0.4 1
Pkt 150 375 0.4 1
Node 64 36 19.799
Pkt 320 800 0.4 1
Pkt 320 800 0.4 1
Node 42 64 16.1245
Pkt 48 120 0.4 1
Pkt 77 192 0.401042 1
Node 55 39 12.083
Pkt 128 320 0.4 1
Pkt 192 480 0.4 1
Node 34 40 18.868
Pkt 320 800 0.4 1
Pkt 320 800 0.4 1
Node 56 54 7.2111
Pkt 64 160 0.4 1
Pkt 60 150 0.4 1
Node 60 26 26
Pkt 160 400 0.4 1
Pkt 120 300 0.4 1
Rate:800.13
==========
==========39
8 0 2 24000
Node 28 69 29.0689
Pkt 96 240 0.4 1
Pkt 100 250 0.4 1
Node 52 70 20.0998
Pkt 120 300 0.4 1
Pkt 120 300 0.4 1
Node 33 40 19.7231
Pkt 300 750 0.4 1
Pkt 300 750 0.4 1
Node 57 46 8.06226
Pkt 80 200 0.4 1
Pkt 64 160 0.4 1
Node 71 52 21.095
Pkt 160 400 0.4 1
Pkt 120 300 0.4 1
Node 68 35 23.4307
Pkt 320 800 0.4 1
Pkt 300 750 0.4 1
Node 30 37 23.8537
Pkt 50 125 0.4 1
Pkt 48 120 0.4 1
Node 72 59 23.7697
Pkt 150 375 0.4 1
Pkt 120 300 0.4 1
Rate:800
==========
==========40
8 0 2 24000
Node 32 57 19.3132
Pkt 96 240 0.4 1
Pkt 40 100 0.4 1
Node 42 73 24.3516
Pkt 120 300 0.4 1
Pkt 120 300 0.4 1
Node 46 67 17.4642
Pkt 320 800 0.4 1
Pkt 320 800 0.4 1
Node 35 58 17
Pkt 40 100 0.4 1
Pkt 60 150 0.4 1
Node 62 45 13
Pkt 128 320 0.4 1
Pkt 128 320 0.4 1
Node 52 45 5.38516
Pkt 320 800 0.4 1
Pkt 320 800 0.4 1
Node 28 32 28.4253
Pkt 60 150 0.4 1
Pkt 64 160 0.4 1
Node 67 31 25.4951
Pkt 192 480 0.4 1
Pkt 150 375 0.4 1
Rate:800
==========
==========41
8 0 2 24000
Node 57 53 7.61577
Pkt 77 192 0.401042 1
Pkt 80 200 0.4 1
Node 45 52 5.38516
Pkt 120 300 0.4 1
Pkt 192 480 0.4 1
Node 39 64 17.8045
Pkt 300 750 0.4 1
Pkt 320 800 0.4 1
Node 57 73 24.0416
Pkt 80 200 0.4 1
Pkt 80 200 0.4 1
Node 28 66 27.2029
Pkt 192 480 0.4 1
Pkt 120 300 0.4 1
Node 67 43 18.3848
Pkt 300 750 0.4 1
Pkt 300 750 0.4 1
Node 44 45 7.81025
Pkt 77 192 0.401042 1
Pkt 50 125 0.4 1
Node 64 34 21.2603
Pkt 120 300 0.4 1
Pkt 128 320 0.4 1
Rate:800.26
==========
==========42
8 0 2 24000
Node 54 57 8.06226
Pkt 48 120 0.4 1
Pkt 60 150 0.4 1
Node 68 60 20.5913
Pkt 128 320 0.4 1
Pkt 120 300 0.4 1
Node 55 31 19.6469
Pkt 300 750 0.4 1
Pkt 320 800 0.4 1
Node 48 62 12.1655
Pkt 96 240 0.4 1
Pkt 64 160 0.4 1
Node 28 28 31.1127
Pkt 150 375 0.4 1
Pkt 120 300 0.4 1
Node 56 49 6.08276
Pkt 320 800 0.4 1
Pkt 320 800 0.4 1
Node 39 47 11.4018
Pkt 77 192 0.401042 1
Pkt 60 150 0.4 1
Node 41 36 16.6433
Pkt 150 375 0.4 1
Pkt 128 320 0.4 1
Rate:800.13
==========
==========43
8 0 2 24000
Node 47 52 3.60555
Pkt 48 120 0.4 1
Pkt 100 250 0.4 1
Node 35 65 21.2132
Pkt 120 300 0.4 1
Pkt 160 400 0.4 1
Node 41 36 16.6433
Pkt 320 800 0.4 1
Pkt 320 800 0.4 1
Node 42 63 15.2643
Pkt 64 160 0.4 1
Pkt 100 250 0.4 1
Node 65 72 26.6271
Pkt 120 300 0.4 1
Pkt 192 480 0.4 1
Node 39 43 13.0384
Pkt 320 800 0.4 1
Pkt 320 800 0.4 1
Node 32 65 23.4307
Pkt 64 160 0.4 1
Pkt 100 250 0.4 1
Node 68 64 22.8035
Pkt 128 320 0.4 1
Pkt 128 320 0.4 1
Rate:800
==========
==========44
8 0 2 24000
Node 25 31 31.4006
Pkt 100 250 0.4 1
Pkt 48 120 0.4 1
Node 70 63 23.8537
Pkt 150 375 0.4 1
Pkt 160 400 0.4 1
Node 45 60 11.1803
Pkt 320 800 0.4 1
Pkt 300 750 0.4 1
Node 57 71 22.1359
Pkt 77 192 0.401042 1
Pkt 77 192 0.401042 1
Node 31 46 19.4165
Pkt 150 375 0.4 1
Pkt 120 300 0.4 1
Node 40 64 17.2047
Pkt 300 750 0.4 1
Pkt 300 750 0.4 1
Node 36 37 19.105
Pkt 60 150 0.4 1
Pkt 40 100 0.4 1
Node 55 31 19.6469
Pkt 128 320 0.4 1
Pkt 128 320 0.4 1
Rate:800.26
==========
==========45
8 0 2 24000
Node 32 34 24.0832
Pkt 77 192 0.401042 1
Pkt 40 100 0.4 1
Node 54 42 8.94427
Pkt 192 480 0.4 1
Pkt 120 300 0.4 1
Node 29 29 29.6985
Pkt 300 750 0.4 1
Pkt 320 800 0.4 1
Node 29 64 25.2389
Pkt 77 192 0.401042 1
Pkt 48 120 0.4 1
Node 71 58 22.4722
Pkt 160 400 0.4 1
Pkt 150 375 0.4 1
Node 40 54 10.7703
Pkt 300 750 0.4 1
Pkt 320 800 0.4 1
Node 71 56 21.8403
Pkt 77 192 0.401042 1
Pkt 100 250 0.4 1
Node 73 39 25.4951
Pkt 150 375 0.4 1
Pkt 128 320 0.4 1
Rate:800.391
==========
==========46
8 0 2 24000
Node 43 54 8.06226
Pkt 48 120 0.4 1
Pkt 64 160 0.4 1
Node 35 71 25.807
Pkt 192 480 0.4 1
Pkt 128 320 0.4 1
Node 32 41 20.1246
Pkt 300 750 0.4 1
Pkt 300 750 0.4 1
Node 72 64 26.0768
Pkt 96 240 0.4 1
Pkt 60 150 0.4 1
Node 61 58 13.6015
Pkt 120 300 0.4 1
Pkt 192 480 0.4 1
Node 37 43 14.7648
Pkt 320 800 0.4 1
Pkt 320 800 0.4 1
Node 57 42 10.6301
Pkt 60 150 0.4 1
Pkt 80 200 0.4 1
Node 28 48 22.0907
Pkt 150 375 0.4 1
Pkt 150 375 0.4 1
Rate:800
==========
==========47
8 0 2 24000
Node 74 42 25.2982
Pkt 50 125 0.4 1
Pkt 64 160 0.4 1
Node 52 31 19.105
Pkt 150 375 0.4 1
Pkt 150 375 0.4 1
Node 74 69 30.6105
Pkt 300 750 0.4 1
Pkt 300 750 0.4 1
Node 33 64 22.0227
Pkt 40 100 0.4 1
Pkt 96 240 0.4 1
Node 58 46 8.94427
Pkt 128 320 0.4 1
Pkt 120 300 0.4 1
Node 38 32 21.6333
Pkt 300 750 0.4 1
Pkt 300 750 0.4 1
Node 70 63 23.8537
Pkt 48 120 0.4 1
Pkt 48 120 0.4 1
Node 25 70 32.0156
Pkt 150 375 0.4 1
Pkt 192 480 0.4 1
Rate:800
==========
==========48
8 0 2 24000
Node 55 53 5.83095
Pkt 48 120 0.4 1
Pkt 96 240 0.4 1
Node 59 52 9.21954
Pkt 120 300 0.4 1
Pkt 120 300 0.4 1
Node 54 58 8.94427
Pkt 300 750 0.4 1
Pkt 300 750 0.4 1
Node 65 29 25.807
Pkt 77 192 0.401042 1
Pkt 96 240 0.4 1
Node 61 55 12.083
Pkt 150 375 0.4 1
Pkt 120 300 0.4 1
Node 53 43 7.61577
Pkt 300 750 0.4 1
Pkt 300 750 0.4 1
Node 72 41 23.7697
Pkt 96 240 0.4 1
Pkt 50 125 0.4 1
Node 74 72 32.5576
Pkt 120 300 0.4 1
Pkt 192 480 0.4 1
Rate:800.13
==========
==========49
8 0 2 24000
Node 64 45 14.8661
Pkt 60 150 0.4 1
Pkt 80 200 0.4 1
Node 50 34 16
Pkt 192 480 0.4 1
Pkt 160 400 0.4 1
Node 68 56 18.9737
Pkt 300 750 0.4 1
Pkt 320 800 0.4 1
Node 28 65 26.6271
Pkt 100 250 0.4 1
Pkt 48 120 0.4 1
Node 48 63 13.1529
Pkt 192 480 0.4 1
Pkt 160 400 0.4 1
Node 63 53 13.3417
Pkt 320 800 0.4 1
Pkt 300 750 0.4 1
Node 35 36 20.5183
Pkt 60 150 0.4 1
Pkt 96 240 0.4 1
Node 35 48 15.1327
Pkt 128 320 0.4 1
Pkt 150 375 0.4 1
Rate:800
==========
==========50
8 0 2 24000
Node 63 73 26.4197
Pkt 80 200 0.4 1
Pkt 80 200 0.4 1
Node 64 47 14.3178
Pkt 160 400 0.4 1
Pkt 128 320 0.4 1
Node 43 69 20.2485
Pkt 320 800 0.4 1
Pkt 320 800 0.4 1
Node 44 65 16.1555
Pkt 50 125 0.4 1
Pkt 96 240 0.4 1
Node 57 74 25
Pkt 128 320 0.4 1
Pkt 192 480 0.4 1
Node 47 45 5.83095
Pkt 320 800 0.4 1
Pkt 300 750 0.4 1
Node 59 74 25.632
Pkt 64 160 0.4 1
Pkt 60 150 0.4 1
Node 35 43 16.5529
Pkt 192 480 0.4 1
Pkt 128 320 0.4 1
Rate:800
==========
==========51
8 0 2 24000
Node 46 30 20.3961
Pkt 50 125 0.4 1
Pkt 50 125 0.4 1
Node 36 72 26.0768
Pkt 160 400 0.4 1
Pkt 128 320 0.4 1
Node 53 37 13.3417
Pkt 300 750 0.4 1
Pkt 300 750 0.4 1
Node 49 37 13.0384
Pkt 96 240 0.4 1
Pkt 100 250 0.4 1
Node 43 40 12.2066
Pkt 120 300 0.4 1
Pkt 192 480 0.4 1
Node 56 71 21.8403
Pkt 320 800 0.4 1
Pkt 300 750 0.4 1
Node 27 53 23.1948
Pkt 64 160 0.4 1
Pkt 100 250 0.4 1
Node 31 46 19.4165
Pkt 120 300 0.4 1
Pkt 150 375 0.4 1
Rate:800
==========
==========52
8 0 2 24000
Node 49 51 1.41421
Pkt 48 120 0.4 1
Pkt 77 192 0.401042 1
Node 66 35 21.9317
Pkt 128 320 0.4 1
Pkt 160 400 0.4 1
Node 40 55 11.1803
Pkt 300 750 0.4 1
Pkt 300 750 0.4 1
Node 27 60 25.0799
Pkt 50 125 0.4 1
Pkt 77 192 0.401042 1
Node 29 66 26.4008
Pkt 120 300 0.4 1
Pkt 120 300 0.4 1
Node 40 47 10.4403
Pkt 300 750 0.4 1
Pkt 320 800 0.4 1
Node 39 31 21.9545
Pkt 80 200 0.4 1
Pkt 60 150 0.4 1
Node 52 51 2.23607
Pkt 128 320 0.4 1
Pkt 192 480 0.4 1
Rate:800.26
==========
==========53
8 0 2 24000
Node 31 26 30.6105
Pkt 64 160 0.4 1
Pkt 60 150 0.4 1
Node 49 69 19.0263
Pkt 128 320 0.4 1
Pkt 120 300 0.4 1
Node 61 64 17.8045
Pkt 300 750 0.4 1
Pkt 320 800 0.4 1
Node 61 40 14.8661
Pkt 80 200 0.4 1
Pkt 96 240 0.4 1
Node 41 66 18.3576
Pkt 120 300 0.4 1
Pkt 150 375 0.4 1
Node 34 45 16.7631
Pkt 300 750 0.4 1
Pkt 300 750 0.4 1
Node 44 50 6
Pkt 64 160 0.4 1
Pkt 40 100 0.4 1
Node 44 63 14.3178
Pkt 160 400 0.4 1
Pkt 128 320 0.4 1
Rate:800
==========
==========54
8 0 2 24000
Node 57 52 7.28011
Pkt 50 125 0.4 1
Pkt 40 100 0.4 1
Node 36 35 20.5183
Pkt 160 400 0.4 1
Pkt 150 375 0.4 1
Node 42 64 16.1245
Pkt 320 800 0.4 1
Pkt 300 750 0.4 1
Node 70 36 24.4131
Pkt 60 150 0.4 1
Pkt 50 125 0.4 1
Node 61 43 13.0384
Pkt 150 375 0.4 1
Pkt 192 480 0.4 1
Node 50 41 9
Pkt 320 800 0.4 1
Pkt 300 750 0.4 1
Node 59 48 9.21954
Pkt 77 192 0.401042 1
Pkt 60 150 0.4 1
Node 54 44 7.2111
Pkt 120 300 0.4 1
Pkt 150 375 0.4 1
Rate:800.13
==========
==========55
8 0 2 24000
Node 28 60 24.1661
Pkt 77 192 0.401042 1
Pkt 80 200 0.4 1
Node 34 46 16.4924
Pkt 192 480 0.4 1
Pkt 120 300 0.4 1
Node 31 61 21.9545
Pkt 300 750 0.4 1
Pkt 320 800 0.4 1
Node 50 52 2
Pkt 100 250 0.4 1
Pkt 60 150 0.4 1
Node 72 60 24.1661
Pkt 128 320 0.4 1
Pkt 150 375 0.4 1
Node 67 43 18.3848
Pkt 320 800 0.4 1
Pkt 300 750 0.4 1
Node 49 72 22.0227
Pkt 80 200 0.4 1
Pkt 48 120 0.4 1
Node 58 36 16.1245
Pkt 192 480 0.4 1
Pkt 192 480 0.4 1
Rate:800.13
==========
==========56
8 0 2 24000
Node 61 66 19.4165
Pkt 96 240 0.4 1
Pkt 50 125 0.4 1
Node 51 64 14.0357
Pkt 128 320 0.4 1
Pkt 120 300 0.4 1
Node 25 55 25.4951
Pkt 300 750 0.4 1
Pkt 300 750 0.4 1
Node 36 61 17.8045
Pkt 64 160 0.4 1
Pkt 40 100 0.4 1
Node 44 69 19.9249
Pkt 160 400 0.4 1
Pkt 128 320 0.4 1
Node 41 40 13.4536
Pkt 300 750 0.4 1
Pkt 320 800 0.4 1
Node 42 70 21.5407
Pkt 40 100 0.4 1
Pkt 77 192 0.401042 1
Node 72 43 23.0868
Pkt 150 375 0.4 1
Pkt 128 320 0.4 1
Rate:800.13
==========
==========57
8 0 2 24000
Node 30 62 23.3238
Pkt 50 125 0.4 1
Pkt 77 192 0.401042 1
Node 38 38 16.9706
Pkt 160 400 0.4 1
Pkt 160 400 0.4 1
Node 50 56 6
Pkt 300 750 0.4 1
Pkt 320 800 0.4 1
Node 44 38 13.4164
Pkt 40 100 0.4 1
Pkt 64 160 0.4 1
Node 58 34 17.8885
Pkt 120 300 0.4 1
Pkt 128 320 0.4 1
Node 54 31 19.4165
Pkt 320 800 0.4 1
Pkt 320 800 0.4 1
Node 36 72 26.0768
Pkt 80 200 0.4 1
Pkt 77 192 0.401042 1
Node 68 66 24.0832
Pkt 160 400 0.4 1
Pkt 160 400 0.4 1
Rate:800.26
==========
==========58
8 0 2 24000
Node 70 52 20.0998
Pkt 50 125 0.4 1
Pkt 80 200 0.4 1
Node 54 53 5
Pkt 150 375 0.4 1
Pkt 120 300 0.4 1
Node 56 34 17.088
Pkt 320 800 0.4 1
Pkt 320 800 0.4 1
Node 30 73 30.4795
Pkt 50 125 0.4 1
Pkt 48 120 0.4 1
Node 54 46 5.65685
Pkt 160 400 0.4 1
Pkt 192 480 0.4 1
Node 40 71 23.2594
Pkt 320 800 0.4 1
Pkt 300 750 0.4 1
Node 37 45 13.9284
Pkt 50 125 0.4 1
Pkt 80 200 0.4 1
Node 64 48 14.1421
Pkt 192 480 0.4 1
Pkt 192 480 0.4 1
Rate:800
==========
==========59
8 0 2 24000
Node 70 74 31.241
Pkt 96 240 0.4 1
Pkt 48 120 0.4 1
Node 32 41 20.1246
Pkt 192 480 0.4 1
Pkt 160 400 0.4 1
Node 52 37 13.1529
Pkt 300 750 0.4 1
Pkt 320 800 0.4 1
Node 64 48 14.1421
Pkt 50 125 0.4 1
Pkt 64 160 0.4 1
Node 59 59 12.7279
Pkt 120 300 0.4 1
Pkt 192 480 0.4 1
Node 71 57 22.1359
Pkt 300 750 0.4 1
Pkt 300 750 0.4 1
Node 44 56 8.48528
Pkt 48 120 0.4 1
Pkt 50 125 0.4 1
Node 37 51 13.0384
Pkt 128 320 0.4 1
Pkt 120 300 0.4 1
Rate:800
==========
==========60
8 0 2 24000
Node 73 40 25.0799
Pkt 96 240 0.4 1
Pkt 80 200 0.4 1
Node 59 39 14.2127
Pkt 128 320 0.4 1
Pkt 160 400 0.4 1
Node 44 29 21.8403
Pkt 300 750 0.4 1
Pkt 320 800 0.4 1
Node 41 68 20.1246
Pkt 100 250 0.4 1
Pkt 96 240 0.4 1
Node 49 31 19.0263
Pkt 150 375 0.4 1
Pkt 150 375 0.4 1
Node 50 72 22
Pkt 300 750 0.4 1
Pkt 320 800 0.4 1
Node 55 31 19.6469
Pkt 48 120 0.4 1
Pkt 40 100 0.4 1
Node 36 44 15.2315
Pkt 120 300 0.4 1
Pkt 160 400 0.4 1
Rate:800
==========
==========61
8 0 2 24000
Node 39 54 11.7047
Pkt 50 125 0.4 1
Pkt 40 100 0.4 1
Node 55 27 23.5372
Pkt 150 375 0.4 1
Pkt 128 320 0.4 1
Node 53 70 20.2237
Pkt 300 750 0.4 1
Pkt 320 800 0.4 1
Node 64 48 14.1421
Pkt 64 160 0.4 1
Pkt 64 160 0.4 1
Node 44 60 11.6619
Pkt 120 300 0.4 1
Pkt 192 480 0.4 1
Node 41 71 22.8473
Pkt 320 800 0.4 1
Pkt 300 750 0.4 1
Node 33 45 17.72
Pkt 80 200 0.4 1
Pkt 60 150 0.4 1
Node 43 54 8.06226
Pkt 150 375 0.4 1
Pkt 120 300 0.4 1
Rate:800
==========
==========62
8 0 2 24000
Node 26 70 31.241
Pkt 60 150 0.4 1
Pkt 64 160 0.4 1
Node 34 74 28.8444
Pkt 160 400 0.4 1
Pkt 192 480 0.4 1
Node 67 40 19.7231
Pkt 300 750 0.4 1
Pkt 300 750 0.4 1
Node 30 68 26.9072
Pkt 80 200 0.4 1
Pkt 77 192 0.401042 1
Node 56 41 10.8167
Pkt 120 300 0.4 1
Pkt 150 375 0.4 1
Node 62 32 21.6333
Pkt 300 750 0.4 1
Pkt 320 800 0.4 1
Node 30 71 29
Pkt 96 240 0.4 1
Pkt 48 120 0.4 1
Node 31 62 22.4722
Pkt 150 375 0.4 1
Pkt 160 400 0.4 1
Rate:800.13
==========
==========63
8 0 2 24000
Node 44 29 21.8403
Pkt 50 125 0.4 1
Pkt 80 200 0.4 1
Node 39 32 21.095
Pkt 150 375 0.4 1
Pkt 192 480 0.4 1
Node 42 47 8.544
Pkt 320 800 0.4 1
Pkt 320 800 0.4 1
Node 49 40 10.0499
Pkt 77 192 0.401042 1
Pkt 40 100 0.4 1
Node 28 65 26.6271
Pkt 192 480 0.4 1
Pkt 160 400 0.4 1
Node 57 54 8.06226
Pkt 300 750 0.4 1
Pkt 320 800 0.4 1
Node 66 31 24.8395
Pkt 64 160 0.4 1
Pkt 100 250 0.4 1
Node 31 60 21.4709
Pkt 160 400 0.4 1
Pkt 120 300 0.4 1
Rate:800.13
==========
==========64
8 0 2 24000
Node 42 59 12.0416
Pkt 48 120 0.4 1
Pkt 96 240 0.4 1
Node 57 59 11.4018
Pkt 128 320 0.4 1
Pkt 192 480 0.4 1
Node 55 63 13.9284
Pkt 320 800 0.4 1
Pkt 320 800 0.4 1
Node 38 45 13
Pkt 40 100 0.4 1
Pkt 64 160 0.4 1
Node 54 60 10.7703
Pkt 128 320 0.4 1
Pkt 160 400 0.4 1
Node 56 45 7.81025
Pkt 320 800 0.4 1
Pkt 320 800 0.4 1
Node 61 50 11
Pkt 60 150 0.4 1
Pkt 50 125 0.4 1
Node 35 73 27.4591
Pkt 160 400 0.4 1
Pkt 150 375 0.4 1
Rate:800
==========
==========65
8 0 2 24000
Node 58 27 24.3516
Pkt 96 240 0.4 1
Pkt 40 100 0.4 1
Node 32 49 18.0278
Pkt 120 300 0.4 1
Pkt 150 375 0.4 1
Node 34 73 28.0179
Pkt 300 750 0.4 1
Pkt 320 800 0.4 1
Node 54 44 7.2111
Pkt 100 250 0.4 1
Pkt 60 150 0.4 1
Node 28 58 23.4094
Pkt 160 400 0.4 1
Pkt 128 320 0.4 1
Node 56 71 21.8403
Pkt 300 750 0.4 1
Pkt 320 800 0.4 1
Node 44 31 19.9249
Pkt 40 100 0.4 1
Pkt 40 100 0.4 1
Node 45 43 8.60233
Pkt 160 400 0.4 1
Pkt 160 400 0.4 1
Rate:800
==========
==========66
8 0 2 24000
Node 47 25 25.1794
Pkt 60 150 0.4 1
Pkt 77 192 0.401042 1
Node 67 59 19.2354
Pkt 128 320 0.4 1
Pkt 192 480 0.4 1
Node 37 73 26.4197
Pkt 320 800 0.4 1
Pkt 320 800 0.4 1
Node 71 26 31.8904
Pkt 80 200 0.4 1
Pkt 100 250 0.4 1
Node 29 65 25.807
Pkt 128 320 0.4 1
Pkt 128 320 0.4 1
Node 71 49 21.0238
Pkt 300 750 0.4 1
Pkt 300 750 0.4 1
Node 65 66 21.9317
Pkt 96 240 0.4 1
Pkt 80 200 0.4 1
Node 67 62 20.8087
Pkt 192 480 0.4 1
Pkt 192 480 0.4 1
Rate:800.13
==========
==========67
8 0 2 24000
Node 74 54 24.3311
Pkt 77 192 0.401042 1
Pkt 77 192 0.401042 1
Node 55 59 10.2956
Pkt 120 300 0.4 1
Pkt 192 480 0.4 1
Node 54 69 19.4165
Pkt 320 800 0.4 1
Pkt 300 750 0.4 1
Node 49 46 4.12311
Pkt 100 250 0.4 1
Pkt 50 125 0.4 1
Node 52 43 7.28011
Pkt 128 320 0.4 1
Pkt 150 375 0.4 1
Node 66 48 16.1245
Pkt 320 800 0.4 1
Pkt 320 800 0.4 1
Node 66 37 20.6155
Pkt 48 120 0.4 1
Pkt 60 150 0.4 1
Node 73 73 32.5269
Pkt 192 480 0.4 1
Pkt 160 400 0.4 1
Rate:800.26
==========
==========68
8 0 2 24000
Node 26 63 27.2947
Pkt 77 192 0.401042 1
Pkt 40 100 0.4 1
Node 51 57 7.07107
Pkt 120 300 0.4 1
Pkt 128 320 0.4 1
Node 51 57 7.07107
Pkt 320 800 0.4 1
Pkt 300 750 0.4 1
Node 50 45 5
Pkt 40 100 0.4 1
Pkt 77 192 0.401042 1
Node 56 73 23.7697
Pkt 120 300 0.4 1
Pkt 160 400 0.4 1
Node 31 30 27.5862
Pkt 300 750 0.4 1
Pkt 300 750 0.4 1
Node 58 49 8.06226
Pkt 100 250 0.4 1
Pkt 60 150 0.4 1
Node 34 49 16.0312
Pkt 120 300 0.4 1
Pkt 160 400 0.4 1
Rate:800.26
==========
==========69
8 0 2 24000
Node 31 37 23.0217
Pkt 77 192 0.401042 1
Pkt 40 100 0.4 1
Node 48 27 23.0868
Pkt 160 400 0.4 1
Pkt 128 320 0.4 1
Node 40 64 17.2047
Pkt 320 800 0.4 1
Pkt 320 800 0.4 1
Node 49 44 6.08276
Pkt 80 200 0.4 1
Pkt 77 192 0.401042 1
Node 72 43 23.0868
Pkt 128 320 0.4 1
Pkt 160 400 0.4 1
Node 60 52 10.198
Pkt 320 800 0.4 1
Pkt 300 750 0.4 1
Node 37 58 15.2643
Pkt 96 240 0.4 1
Pkt 64 160 0.4 1
Node 28 46 22.3607
Pkt 150 375 0.4 1
Pkt 120 300 0.4 1
Rate:800.26
==========
==========70
8 0 2 24000
Node 69 54 19.4165
Pkt 77 192 0.401042 1
Pkt 77 192 0.401042 1
Node 47 39 11.4018
Pkt 128 320 0.4 1
Pkt 120 300 0.4 1
Node 50 57 7
Pkt 300 750 0.4 1
Pkt 320 800 0.4 1
Node 36 63 19.105
Pkt 40 100 0.4 1
Pkt 100 250 0.4 1
Node 26 62 26.8328
Pkt 160 400 0.4 1
Pkt 192 480 0.4 1
Node 49 65 15.0333
Pkt 320 800 0.4 1
Pkt 300 750 0.4 1
Node 32 64 22.8035
Pkt 80 200 0.4 1
Pkt 77 192 0.401042 1
Node 62 31 22.4722
Pkt 192 480 0.4 1
Pkt 120 300 0.4 1
Rate:800.391
==========
==========71
8 0 2 24000
Node 38 37 17.6918
Pkt 77 192 0.401042 1
Pkt 64 160 0.4 1
Node 60 42 12.8062
Pkt 160 400 0.4 1
Pkt 120 300 0.4 1
Node 57 42 10.6301
Pkt 320 800 0.4 1
Pkt 320 800 0.4 1
Node 30 30 28.2843
Pkt 60 150 0.4 1
Pkt 96 240 0.4 1
Node 62 43 13.8924
Pkt 128 320 0.4 1
Pkt 192 480 0.4 1
Node 71 27 31.1448
Pkt 300 750 0.4 1
Pkt 300 750 0.4 1
Node 56 49 6.08276
Pkt 60 150 0.4 1
Pkt 96 240 0.4 1
Node 37 49 13.0384
Pkt 128 320 0.4 1
Pkt 150 375 0.4 1
Rate:800.13
==========
==========72
8 0 2 24000
Node 66 62 20
Pkt 77 192 0.401042 1
Pkt 80 200 0.4 1
Node 72 35 26.6271
Pkt 160 400 0.4 1
Pkt 160 400 0.4 1
Node 28 62 25.0599
Pkt 320 800 0.4 1
Pkt 300 750 0.4 1
Node 32 53 18.2483
Pkt 60 150 0.4 1
Pkt 60 150 0.4 1
Node 48 58 8.24621
Pkt 120 300 0.4 1
Pkt 192 480 0.4 1
Node 43 58 10.6301
Pkt 300 750 0.4 1
Pkt 300 750 0.4 1
Node 59 67 19.2354
Pkt 64 160 0.4 1
Pkt 96 240 0.4 1
Node 54 49 4.12311
Pkt 128 320 0.4 1
Pkt 192 480 0.4 1
Rate:800.13
==========
==========73
8 0 2 24000
Node 42 63 15.2643
Pkt 64 160 0.4 1
Pkt 77 192 0.401042 1
Node 40 54 10.7703
Pkt 160 400 0.4 1
Pkt 160 400 0.4 1
Node 45 39 12.083
Pkt 320 800 0.4 1
Pkt 300 750 0.4 1
Node 70 48 20.0998
Pkt 80 200 0.4 1
Pkt 48 120 0.4 1
Node 72 73 31.8277
Pkt 120 300 0.4 1
Pkt 192 480 0.4 1
Node 32 69 26.1725
Pkt 320 800 0.4 1
Pkt 320 800 0.4 1
Node 68 28 28.4253
Pkt 50 125 0.4 1
Pkt 60 150 0.4 1
Node 65 25 29.1548
Pkt 150 375 0.4 1
Pkt 120 300 0.4 1
Rate:800.13
==========
==========74
8 0 2 24000
Node 59 61 14.2127
Pkt 80 200 0.4 1
Pkt 80 200 0.4 1
Node 49 44 6.08276
Pkt 192 480 0.4 1
Pkt 192 480 0.4 1
Node 34 53 16.2788
Pkt 320 800 0.4 1
Pkt 300 750 0.4 1
Node 73 48 23.0868
Pkt 60 150 0.4 1
Pkt 40 100 0.4 1
Node 57 41 11.4018
Pkt 160 400 0.4 1
Pkt 128 320 0.4 1
Node 57 50 7
Pkt 320 800 0.4 1
Pkt 300 750 0.4 1
Node 33 55 17.72
Pkt 50 125 0.4 1
Pkt 96 240 0.4 1
Node 52 31 19.105
Pkt 120 300 0.4 1
Pkt 128 320 0.4 1
Rate:800
==========
==========75
8 0 2 24000
Node 64 30 24.4131
Pkt 40 100 0.4 1
Pkt 50 125 0.4 1
Node 34 28 27.2029
Pkt 192 480 0.4 1
Pkt 120 300 0.4 1
Node 49 39 11.0454
Pkt 300 750 0.4 1
Pkt 320 800 0.4 1
Node 37 70 23.8537
Pkt 64 160 0.4 1
Pkt 64 160 0.4 1
Node 57 32 19.3132
Pkt 150 375 0.4 1
Pkt 192 480 0.4 1
Node 45 61 12.083
Pkt 300 750 0.4 1
Pkt 320 800 0.4 1
Node 46 50 4
Pkt 77 192 0.401042 1
Pkt 100 250 0.4 1
Node 56 25 25.7099
Pkt 192 480 0.4 1
Pkt 192 480 0.4 1
Rate:800.13
==========
==========76
8 0 2 24000
Node 72 60 24.1661
Pkt 60 150 0.4 1
Pkt 80 200 0.4 1
Node 74 46 24.3311
Pkt 120 300 0.4 1
Pkt 120 300 0.4 1
Node 28 66 27.2029
Pkt 300 750 0.4 1
Pkt 300 750 0.4 1
Node 71 49 21.0238
Pkt 60 150 0.4 1
Pkt 96 240 0.4 1
Node 65 68 23.4307
Pkt 150 375 0.4 1
Pkt 128 320 0.4 1
Node 37 43 14.7648
Pkt 300 750 0.4 1
Pkt 300 750 0.4 1
Node 51 53 3.16228
Pkt 100 250 0.4 1
Pkt 48 120 0.4 1
Node 37 48 13.1529
Pkt 192 480 0.4 1
Pkt 150 375 0.4 1
Rate:800
==========
==========77
8 0 2 24000
Node 26 43 25
Pkt 64 160 0.4 1
Pkt 100 250 0.4 1
Node 30 70 28.2843
Pkt 150 375 0.4 1
Pkt 150 375 0.4 1
Node 52 51 2.23607
Pkt 320 800 0.4 1
Pkt 300 750 0.4 1
Node 72 44 22.8035
Pkt 96 240 0.4 1
Pkt 40 100 0.4 1
Node 37 65 19.8494
Pkt 160 400 0.4 1
Pkt 160 400 0.4 1
Node 45 37 13.9284
Pkt 320 800 0.4 1
Pkt 320 800 0.4 1
Node 36 48 14.1421
Pkt 40 100 0.4 1
Pkt 80 200 0.4 1
Node 66 32 24.0832
Pkt 128 320 0.4 1
Pkt 120 300 0.4 1
Rate:800
==========
==========78
8 0 2 24000
Node 59 56 10.8167
Pkt 50 125 0.4 1
Pkt 48 120 0.4 1
Node 25 38 27.7308
Pkt 150 375 0.4 1
Pkt 192 480 0.4 1
Node 43 29 22.1359
Pkt 320 800 0.4 1
Pkt 300 750 0.4 1
Node 41 32 20.1246
Pkt 77 192 0.401042 1
Pkt 100 250 0.4 1
Node 29 37 24.6982
Pkt 120 300 0.4 1
Pkt 120 300 0.4 1
Node 57 27 24.0416
Pkt 320 800 0.4 1
Pkt 300 750 0.4 1
Node 42 59 12.0416
Pkt 40 100 0.4 1
Pkt 96 240 0.4 1
Node 51 42 8.06226
Pkt 192 480 0.4 1
Pkt 128 320 0.4 1
Rate:800.13
==========
==========79
8 0 2 24000
Node 43 68 19.3132
Pkt 60 150 0.4 1
Pkt 96 240 0.4 1
Node 66 50 16
Pkt 128 320 0.4 1
Pkt 128 320 0.4 1
Node 64 59 16.6433
Pkt 300 750 0.4 1
Pkt 300 750 0.4 1
Node 26 69 30.6105
Pkt 80 200 0.4 1
Pkt 48 120 0.4 1
Node 65 44 16.1555
Pkt 150 375 0.4 1
Pkt 160 400 0.4 1
Node 28 62 25.0599
Pkt 300 750 0.4 1
Pkt 300 750 0.4 1
Node 73 56 23.7697
Pkt 77 192 0.401042 1
Pkt 77 192 0.401042 1
Node 65 48 15.1327
Pkt 150 375 0.4 1
Pkt 192 480 0.4 1
Rate:800.26
==========
==========80
8 0 2 24000
Node 43 47 7.61577
Pkt 96 240 0.4 1
Pkt 50 125 0.4 1
Node 68 54 18.4391
Pkt 150 375 0.4 1
Pkt 128 320 0.4 1
Node 68 38 21.6333
Pkt 320 800 0.4 1
Pkt 300 750 0.4 1
Node 50 29 21
Pkt 64 160 0.4 1
Pkt 100 250 0.4 1
Node 33 68 24.7588
Pkt 150 375 0.4 1
Pkt 160 400 0.4 1
Node 72 65 26.6271
Pkt 320 800 0.4 1
Pkt 320 800 0.4 1
Node 62 56 13.4164
Pkt 80 200 0.4 1
Pkt 96 240 0.4 1
Node 46 48 4.47214
Pkt 128 320 0.4 1
Pkt 192 480 0.4 1
Rate:800
==========
==========81
8 0 2 24000
Node 73 32 29.2062
Pkt 64 160 0.4 1
Pkt 50 125 0.4 1
Node 38 62 16.9706
Pkt 192 480 0.4 1
Pkt 128 320 0.4 1
Node 32 42 19.6977
Pkt 300 750 0.4 1
Pkt 300 750 0.4 1
Node 43 28 23.0868
Pkt 96 240 0.4 1
Pkt 64 160 0.4 1
Node 55 42 9.43398
Pkt 120 300 0.4 1
Pkt 192 480 0.4 1
Node 42 59 12.0416
Pkt 320 800 0.4 1
Pkt 300 750 0.4 1
Node 44 68 18.9737
Pkt 80 200 0.4 1
Pkt 80 200 0.4 1
Node 47 53 4.24264
Pkt 128 320 0.4 1
Pkt 192 480 0.4 1
Rate:800
==========
==========82
8 0 2 24000
Node 71 49 21.0238
Pkt 77 192 0.401042 1
Pkt 80 200 0.4 1
Node 43 37 14.7648
Pkt 160 400 0.4 1
Pkt 150 375 0.4 1
Node 72 35 26.6271
Pkt 300 750 0.4 1
Pkt 320 800 0.4 1
Node 41 26 25.632
Pkt 48 120 0.4 1
Pkt 100 250 0.4 1
Node 37 33 21.4009
Pkt 128 320 0.4 1
Pkt 192 480 0.4 1
Node 42 37 15.2643
Pkt 320 800 0.4 1
Pkt 320 800 0.4 1
Node 48 72 22.0907
Pkt 80 200 0.4 1
Pkt 64 160 0.4 1
Node 69 55 19.6469
Pkt 120 300 0.4 1
Pkt 192 480 0.4 1
Rate:800.13
==========
==========83
8 0 2 24000
Node 28 54 22.3607
Pkt 77 192 0.401042 1
Pkt 40 100 0.4 1
Node 64 66 21.2603
Pkt 128 320 0.4 1
Pkt 120 300 0.4 1
Node 31 53 19.2354
Pkt 300 750 0.4 1
Pkt 320 800 0.4 1
Node 50 41 9
Pkt 80 200 0.4 1
Pkt 40 100 0.4 1
Node 25 45 25.4951
Pkt 160 400 0.4 1
Pkt 150 375 0.4 1
Node 62 58 14.4222
Pkt 300 750 0.4 1
Pkt 300 750 0.4 1
Node 31 41 21.0238
Pkt 96 240 0.4 1
Pkt 96 240 0.4 1
Node 35 34 21.9317
Pkt 150 375 0.4 1
Pkt 150 375 0.4 1
Rate:800.13
==========
==========84
8 0 2 24000
Node 72 56 22.8035
Pkt 80 200 0.4 1
Pkt 80 200 0.4 1
Node 33 52 17.1172
Pkt 160 400 0.4 1
Pkt 160 400 0.4 1
Node 52 68 18.1108
Pkt 300 750 0.4 1
Pkt 320 800 0.4 1
Node 45 69 19.6469
Pkt 96 240 0.4 1
Pkt 80 200 0.4 1
Node 45 44 7.81025
Pkt 120 300 0.4 1
Pkt 128 320 0.4 1
Node 38 49 12.0416
Pkt 300 750 0.4 1
Pkt 300 750 0.4 1
Node 65 50 15
Pkt 96 240 0.4 1
Pkt 80 200 0.4 1
Node 32 31 26.1725
Pkt 160 400 0.4 1
Pkt 128 320 0.4 1
Rate:800
==========
==========85
8 0 2 24000
Node 44 33 18.0278
Pkt 48 120 0.4 1
Pkt 50 125 0.4 1
Node 30 59 21.9317
Pkt 192 480 0.4 1
Pkt 192 480 0.4 1
Node 68 74 30
Pkt 320 800 0.4 1
Pkt 300 750 0.4 1
Node 52 39 11.1803
Pkt 40 100 0.4 1
Pkt 40 100 0.4 1
Node 68 25 30.8058
Pkt 160 400 0.4 1
Pkt 128 320 0.4 1
Node 50 59 9
Pkt 320 800 0.4 1
Pkt 300 750 0.4 1
Node 54 28 22.3607
Pkt 80 200 0.4 1
Pkt 77 192 0.401042 1
Node 47 33 17.2627
Pkt 160 400 0.4 1
Pkt 120 300 0.4 1
Rate:800.13
==========
==========86
8 0 2 24000
Node 35 40 18.0278
Pkt 50 125 0.4 1
Pkt 48 120 0.4 1
Node 28 57 23.0868
Pkt 160 400 0.4 1
Pkt 150 375 0.4 1
Node 31 40 21.4709
Pkt 300 750 0.4 1
Pkt 300 750 0.4 1
Node 52 63 13.1529
Pkt 48 120 0.4 1
Pkt 48 120 0.4 1
Node 30 74 31.241
Pkt 150 375 0.4 1
Pkt 120 300 0.4 1
Node 57 52 7.28011
Pkt 320 800 0.4 1
Pkt 300 750 0.4 1
Node 45 27 23.5372
Pkt 96 240 0.4 1
Pkt 60 150 0.4 1
Node 46 73 23.3452
Pkt 160 400 0.4 1
Pkt 128 320 0.4 1
Rate:800
==========
==========87
8 0 2 24000
Node 32 47 18.2483
Pkt 77 192 0.401042 1
Pkt 96 240 0.4 1
Node 46 30 20.3961
Pkt 160 400 0.4 1
Pkt 150 375 0.4 1
Node 31 74 30.6105
Pkt 300 750 0.4 1
Pkt 320 800 0.4 1
Node 34 71 26.4008
Pkt 48 120 0.4 1
Pkt 100 250 0.4 1
Node 49 37 13.0384
Pkt 160 400 0.4 1
Pkt 160 400 0.4 1
Node 43 71 22.1359
Pkt 320 800 0.4 1
Pkt 300 750 0.4 1
Node 57 72 23.0868
Pkt 80 200 0.4 1
Pkt 77 192 0.401042 1
Node 37 68 22.2036
Pkt 192 480 0.4 1
Pkt 160 400 0.4 1
Rate:800.26
==========
==========88
8 0 2 24000
Node 40 62 15.6205
Pkt 64 160 0.4 1
Pkt 77 192 0.401042 1
Node 56 45 7.81025
Pkt 192 480 0.4 1
Pkt 120 300 0.4 1
Node 52 72 22.0907
Pkt 320 800 0.4 1
Pkt 300 750 0.4 1
Node 60 42 12.8062
Pkt 60 150 0.4 1
Pkt 100 250 0.4 1
Node 45 60 11.1803
Pkt 192 480 0.4 1
Pkt 128 320 0.4 1
Node 51 66 16.0312
Pkt 320 800 0.4 1
Pkt 300 750 0.4 1
Node 45 68 18.6815
Pkt 64 160 0.4 1
Pkt 64 160 0.4 1
Node 36 63 19.105
Pkt 150 375 0.4 1
Pkt 128 320 0.4 1
Rate:800.13
==========
==========89
8 0 2 24000
Node 25 65 29.1548
Pkt 60 150 0.4 1
Pkt 100 250 0.4 1
Node 37 26 27.2947
Pkt 192 480 0.4 1
Pkt 192 480 0.4 1
Node 71 73 31.1448
Pkt 320 800 0.4 1
Pkt 320 800 0.4 1
Node 27 66 28.0179
Pkt 80 200 0.4 1
Pkt 48 120 0.4 1
Node 58 28 23.4094
Pkt 150 375 0.4 1
Pkt 192 480 0.4 1
Node 45 71 21.587
Pkt 320 800 0.4 1
Pkt 300 750 0.4 1
Node 40 55 11.1803
Pkt 48 120 0.4 1
Pkt 48 120 0.4 1
Node 65 29 25.807
Pkt 160 400 0.4 1
Pkt 150 375 0.4 1
Rate:800
==========
==========90
8 0 2 24000
Node 49 57 7.07107
Pkt 48 120 0.4 1
Pkt 77 192 0.401042 1
Node 43 52 7.28011
Pkt 160 400 0.4 1
Pkt 120 300 0.4 1
Node 63 63 18.3848
Pkt 300 750 0.4 1
Pkt 320 800 0.4 1
Node 65 47 15.2971
Pkt 50 125 0.4 1
Pkt 77 192 0.401042 1
Node 26 59 25.632
Pkt 120 300 0.4 1
Pkt 192 480 0.4 1
Node 39 38 16.2788
Pkt 300 750 0.4 1
Pkt 300 750 0.4 1
Node 25 30 32.0156
Pkt 40 100 0.4 1
Pkt 77 192 0.401042 1
Node 28 70 29.7321
Pkt 160 400 0.4 1
Pkt 192 480 0.4 1
Rate:800.391
==========
==========91
8 0 2 24000
Node 34 64 21.2603
Pkt 77 192 0.401042 1
Pkt 80 200 0.4 1
Node 27 33 28.6007
Pkt 128 320 0.4 1
Pkt 120 300 0.4 1
Node 68 46 18.4391
Pkt 320 800 0.4 1
Pkt 320 800 0.4 1
Node 39 59 14.2127
Pkt 80 200 0.4 1
Pkt 48 120 0.4 1
Node 28 72 31.1127
Pkt 160 400 0.4 1
Pkt 160 400 0.4 1
Node 45 39 12.083
Pkt 320 800 0.4 1
Pkt 300 750 0.4 1
Node 61 40 14.8661
Pkt 48 120 0.4 1
Pkt 50 125 0.4 1
Node 39 25 27.313
Pkt 120 300 0.4 1
Pkt 150 375 0.4 1
Rate:800.13
==========
==========92
8 0 2 24000
Node 36 60 17.2047
Pkt 80 200 0.4 1
Pkt 40 100 0.4 1
Node 39 54 11.7047
Pkt 150 375 0.4 1
Pkt 120 300 0.4 1
Node 53 66 16.2788
Pkt 320 800 0.4 1
Pkt 320 800 0.4 1
Node 32 35 23.4307
Pkt 64 160 0.4 1
Pkt 100 250 0.4 1
Node 30 66 25.6125
Pkt 128 320 0.4 1
Pkt 120 300 0.4 1
Node 69 30 27.5862
Pkt 320 800 0.4 1
Pkt 300 750 0.4 1
Node 34 72 27.2029
Pkt 50 125 0.4 1
Pkt 96 240 0.4 1
Node 40 45 11.1803
Pkt 192 480 0.4 1
Pkt 160 400 0.4 1
Rate:800
==========
==========93
8 0 2 24000
Node 62 74 26.8328
Pkt 64 160 0.4 1
Pkt 100 250 0.4 1
Node 65 72 26.6271
Pkt 192 480 0.4 1
Pkt 192 480 0.4 1
Node 40 41 13.4536
Pkt 300 750 0.4 1
Pkt 320 800 0.4 1
Node 47 36 14.3178
Pkt 60 150 0.4 1
Pkt 64 160 0.4 1
Node 62 63 17.6918
Pkt 120 300 0.4 1
Pkt 150 375 0.4 1
Node 25 31 31.4006
Pkt 320 800 0.4 1
Pkt 300 750 0.4 1
Node 63 58 15.2643
Pkt 50 125 0.4 1
Pkt 64 160 0.4 1
Node 36 69 23.6008
Pkt 128 320 0.4 1
Pkt 150 375 0.4 1
Rate:800
==========
==========94
8 0 2 24000
Node 46 35 15.5242
Pkt 64 160 0.4 1
Pkt 77 192 0.401042 1
Node 65 31 24.2074
Pkt 120 300 0.4 1
Pkt 120 300 0.4 1
Node 74 73 33.2415
Pkt 300 750 0.4 1
Pkt 300 750 0.4 1
Node 72 58 23.4094
Pkt 48 120 0.4 1
Pkt 100 250 0.4 1
Node 41 38 15
Pkt 150 375 0.4 1
Pkt 192 480 0.4 1
Node 69 53 19.2354
Pkt 320 800 0.4 1
Pkt 320 800 0.4 1
Node 28 60 24.1661
Pkt 60 150 0.4 1
Pkt 48 120 0.4 1
Node 52 32 18.1108
Pkt 160 400 0.4 1
Pkt 192 480 0.4 1
Rate:800.13
==========
==========95
8 0 2 24000
Node 48 74 24.0832
Pkt 50 125 0.4 1
Pkt 100 250 0.4 1
Node 39 25 27.313
Pkt 192 480 0.4 1
Pkt 160 400 0.4 1
Node 71 47 21.2132
Pkt 320 800 0.4 1
Pkt 300 750 0.4 1
Node 30 46 20.3961
Pkt 50 125 0.4 1
Pkt 77 192 0.401042 1
Node 34 56 17.088
Pkt 192 480 0.4 1
Pkt 128 320 0.4 1
Node 64 65 20.5183
Pkt 300 750 0.4 1
Pkt 320 800 0.4 1
Node 71 32 27.6586
Pkt 100 250 0.4 1
Pkt 60 150 0.4 1
Node 59 49 9.05539
Pkt 192 480 0.4 1
Pkt 150 375 0.4 1
Rate:800.13
==========
==========96
8 0 2 24000
Node 58 45 9.43398
Pkt 60 150 0.4 1
Pkt 48 120 0.4 1
Node 30 43 21.1896
Pkt 160 400 0.4 1
Pkt 120 300 0.4 1
Node 38 51 12.0416
Pkt 300 750 0.4 1
Pkt 300 750 0.4 1
Node 60 42 12.8062
Pkt 77 192 0.401042 1
Pkt 100 250 0.4 1
Node 25 60 26.9258
Pkt 150 375 0.4 1
Pkt 120 300 0.4 1
Node 49 60 10.0499
Pkt 320 800 0.4 1
Pkt 300 750 0.4 1
Node 46 42 8.94427
Pkt 50 125 0.4 1
Pkt 40 100 0.4 1
Node 63 51 13.0384
Pkt 160 400 0.4 1
Pkt 192 480 0.4 1
Rate:800.13
==========
==========97
8 0 2 24000
Node 49 62 12.0416
Pkt 48 120 0.4 1
Pkt 60 150 0.4 1
Node 48 33 17.1172
Pkt 150 375 0.4 1
Pkt 160 400 0.4 1
Node 37 30 23.8537
Pkt 320 800 0.4 1
Pkt 300 750 0.4 1
Node 33 27 28.6007
Pkt 96 240 0.4 1
Pkt 77 192 0.401042 1
Node 37 28 25.5539
Pkt 150 375 0.4 1
Pkt 128 320 0.4 1
Node 70 58 21.5407
Pkt 300 750 0.4 1
Pkt 300 750 0.4 1
Node 67 43 18.3848
Pkt 60 150 0.4 1
Pkt 96 240 0.4 1
Node 60 47 10.4403
Pkt 192 480 0.4 1
Pkt 120 300 0.4 1
Rate:800.13
==========
==========98
8 0 2 24000
Node 66 38 20
Pkt 64 160 0.4 1
Pkt 100 250 0.4 1
Node 49 38 12.0416
Pkt 120 300 0.4 1
Pkt 150 375 0.4 1
Node 25 68 30.8058
Pkt 320 800 0.4 1
Pkt 320 800 0.4 1
Node 55 46 6.40312
Pkt 50 125 0.4 1
Pkt 48 120 0.4 1
Node 52 25 25.0799
Pkt 160 400 0.4 1
Pkt 160 400 0.4 1
Node 38 62 16.9706
Pkt 320 800 0.4 1
Pkt 320 800 0.4 1
Node 34 39 19.4165
Pkt 96 240 0.4 1
Pkt 80 200 0.4 1
Node 43 60 12.2066
Pkt 160 400 0.4 1
Pkt 192 480 0.4 1
Rate:800
==========
==========99
