8 0 2 24000
Node 26 40 26
Pkt 4 200 0.02 1
Pkt 5 240 0.0208333 1
Node 33 40 19.7231
Pkt 8 375 0.0213333 1
Pkt 7 320 0.021875 1
Node 45 41 10.2956
Pkt 15 750 0.02 1
Pkt 16 800 0.02 1
Node 60 54 10.7703
Pkt 3 120 0.025 1
Pkt 4 160 0.025 1
Node 37 59 15.8114
Pkt 8 400 0.02 1
Pkt 8 400 0.02 1
Node 67 59 19.2354
Pkt 15 750 0.02 1
Pkt 15 750 0.02 1
Node 74 55 24.5153
Pkt 5 250 0.02 1
Pkt 3 120 0.025 1
Node 36 26 27.7849
Pkt 8 400 0.02 1
Pkt 10 480 0.0208333 1
Rate:42.4844
==========
==========0
8 0 2 24000
Node 29 50 21
Pkt 3 120 0.025 1
Pkt 4 160 0.025 1
Node 30 37 23.8537
Pkt 8 400 0.02 1
Pkt 8 375 0.0213333 1
Node 41 46 9.84886
Pkt 16 800 0.02 1
Pkt 16 800 0.02 1
Node 31 59 21.0238
Pkt 4 192 0.0208333 1
Pkt 4 200 0.02 1
Node 36 63 19.105
Pkt 10 480 0.0208333 1
Pkt 6 300 0.02 1
Node 37 40 16.4012
Pkt 15 750 0.02 1
Pkt 15 750 0.02 1
Node 53 42 8.544
Pkt 5 240 0.0208333 1
Pkt 5 240 0.0208333 1
Node 60 56 11.6619
Pkt 6 300 0.02 1
Pkt 8 375 0.0213333 1
Rate:42
==========
==========1
8 0 2 24000
Node 27 59 24.6982
Pkt 3 125 0.024 1
Pkt 4 192 0.0208333 1
Node 67 60 19.7231
Pkt 8 400 0.02 1
Pkt 8 375 0.0213333 1
Node 59 26 25.632
Pkt 15 750 0.02 1
Pkt 15 750 0.02 1
Node 53 66 16.2788
Pkt 3 120 0.025 1
Pkt 2 100 0.02 1
Node 46 62 12.6491
Pkt 8 400 0.02 1
Pkt 7 320 0.021875 1
Node 61 58 13.6015
Pkt 16 800 0.02 1
Pkt 16 800 0.02 1
Node 40 25 26.9258
Pkt 5 240 0.0208333 1
Pkt 5 250 0.02 1
Node 53 62 12.3693
Pkt 8 375 0.0213333 1
Pkt 8 400 0.02 1
Rate:41.901
==========
==========2
8 0 2 24000
Node 61 72 24.5967
Pkt 5 250 0.02 1
Pkt 5 250 0.02 1
Node 32 46 18.4391
Pkt 8 400 0.02 1
Pkt 8 375 0.0213333 1
Node 30 36 24.4131
Pkt 15 750 0.02 1
Pkt 15 750 0.02 1
Node 28 58 23.4094
Pkt 4 200 0.02 1
Pkt 4 200 0.02 1
Node 64 59 16.6433
Pkt 8 400 0.02 1
Pkt 10 480 0.0208333 1
Node 26 47 24.1868
Pkt 15 750 0.02 1
Pkt 15 750 0.02 1
Node 46 45 6.40312
Pkt 4 200 0.02 1
Pkt 3 125 0.024 1
Node 45 38 13
Pkt 10 480 0.0208333 1
Pkt 8 375 0.0213333 1
Rate:41.0417
==========
==========3
8 0 2 24000
Node 61 65 18.6011
Pkt 2 100 0.02 1
Pkt 5 250 0.02 1
Node 51 26 24.0208
Pkt 10 480 0.0208333 1
Pkt 6 300 0.02 1
Node 39 60 14.8661
Pkt 16 800 0.02 1
Pkt 16 800 0.02 1
Node 41 48 9.21954
Pkt 4 160 0.025 1
Pkt 4 160 0.025 1
Node 50 34 16
Pkt 10 480 0.0208333 1
Pkt 8 400 0.02 1
Node 34 27 28.0179
Pkt 15 750 0.02 1
Pkt 16 800 0.02 1
Node 65 32 23.4307
Pkt 4 192 0.0208333 1
Pkt 4 200 0.02 1
Node 47 65 15.2971
Pkt 8 375 0.0213333 1
Pkt 10 480 0.0208333 1
Rate:41.8333
==========
==========4
8 0 2 24000
Node 69 56 19.9249
Pkt 4 160 0.025 1
Pkt 5 240 0.0208333 1
Node 44 53 6.7082
Pkt 8 400 0.02 1
Pkt 7 320 0.021875 1
Node 40 45 11.1803
Pkt 16 800 0.02 1
Pkt 16 800 0.02 1
Node 37 72 25.5539
Pkt 2 100 0.02 1
Pkt 3 120 0.025 1
Node 59 43 11.4018
Pkt 8 400 0.02 1
Pkt 10 480 0.0208333 1
Node 61 27 25.4951
Pkt 16 800 0.02 1
Pkt 15 750 0.02 1
Node 26 35 28.3019
Pkt 3 150 0.02 1
Pkt 4 160 0.025 1
Node 70 68 26.9072
Pkt 10 480 0.0208333 1
Pkt 8 375 0.0213333 1
Rate:42.5885
==========
==========5
8 0 2 24000
Node 71 54 21.3776
Pkt 5 250 0.02 1
Pkt 5 250 0.02 1
Node 41 53 9.48683
Pkt 8 375 0.0213333 1
Pkt 10 480 0.0208333 1
Node 53 36 14.3178
Pkt 16 800 0.02 1
Pkt 16 800 0.02 1
Node 29 39 23.7065
Pkt 4 192 0.0208333 1
Pkt 5 250 0.02 1
Node 61 55 12.083
Pkt 10 480 0.0208333 1
Pkt 8 375 0.0213333 1
Node 73 46 23.3452
Pkt 15 750 0.02 1
Pkt 16 800 0.02 1
Node 45 68 18.6815
Pkt 4 160 0.025 1
Pkt 5 250 0.02 1
Node 38 61 16.2788
Pkt 6 300 0.02 1
Pkt 7 320 0.021875 1
Rate:41.5052
==========
==========6
8 0 2 24000
Node 65 33 22.6716
Pkt 4 192 0.0208333 1
Pkt 2 100 0.02 1
Node 33 57 18.3848
Pkt 10 480 0.0208333 1
Pkt 8 375 0.0213333 1
Node 50 28 22
Pkt 15 750 0.02 1
Pkt 16 800 0.02 1
Node 34 28 27.2029
Pkt 5 240 0.0208333 1
Pkt 3 150 0.02 1
Node 47 33 17.2627
Pkt 8 400 0.02 1
Pkt 10 480 0.0208333 1
Node 55 49 5.09902
Pkt 16 800 0.02 1
Pkt 15 750 0.02 1
Node 71 25 32.6497
Pkt 2 100 0.02 1
Pkt 3 125 0.024 1
Node 46 52 4.47214
Pkt 8 375 0.0213333 1
Pkt 10 480 0.0208333 1
Rate:41.3542
==========
==========7
8 0 2 24000
Node 71 25 32.6497
Pkt 5 240 0.0208333 1
Pkt 4 160 0.025 1
Node 57 27 24.0416
Pkt 7 320 0.021875 1
Pkt 7 320 0.021875 1
Node 47 62 12.3693
Pkt 15 750 0.02 1
Pkt 16 800 0.02 1
Node 40 40 14.1421
Pkt 4 200 0.02 1
Pkt 5 250 0.02 1
Node 32 67 24.7588
Pkt 8 375 0.0213333 1
Pkt 6 300 0.02 1
Node 47 25 25.1794
Pkt 15 750 0.02 1
Pkt 15 750 0.02 1
Node 42 47 8.544
Pkt 3 120 0.025 1
Pkt 4 192 0.0208333 1
Node 29 26 31.8904
Pkt 8 375 0.0213333 1
Pkt 6 300 0.02 1
Rate:42.2604
==========
==========8
8 0 2 24000
Node 33 59 19.2354
Pkt 5 240 0.0208333 1
Pkt 5 240 0.0208333 1
Node 44 29 21.8403
Pkt 7 320 0.021875 1
Pkt 7 320 0.021875 1
Node 36 56 15.2315
Pkt 16 800 0.02 1
Pkt 15 750 0.02 1
Node 53 70 20.2237
Pkt 2 100 0.02 1
Pkt 3 120 0.025 1
Node 62 74 26.8328
Pkt 6 300 0.02 1
Pkt 8 375 0.0213333 1
Node 71 58 22.4722
Pkt 15 750 0.02 1
Pkt 15 750 0.02 1
Node 74 65 28.3019
Pkt 3 125 0.024 1
Pkt 4 200 0.02 1
Node 48 54 4.47214
Pkt 8 400 0.02 1
Pkt 10 480 0.0208333 1
Rate:42.0729
==========
==========9
8 0 2 24000
Node 66 54 16.4924
Pkt 5 250 0.02 1
Pkt 4 160 0.025 1
Node 69 63 23.0217
Pkt 8 400 0.02 1
Pkt 6 300 0.02 1
Node 41 41 12.7279
Pkt 15 750 0.02 1
Pkt 15 750 0.02 1
Node 25 42 26.2488
Pkt 2 100 0.02 1
Pkt 4 160 0.025 1
Node 69 48 19.105
Pkt 8 375 0.0213333 1
Pkt 6 300 0.02 1
Node 57 38 13.8924
Pkt 15 750 0.02 1
Pkt 16 800 0.02 1
Node 30 53 20.2237
Pkt 3 125 0.024 1
Pkt 4 160 0.025 1
Node 72 45 22.561
Pkt 6 300 0.02 1
Pkt 8 400 0.02 1
Rate:42.5417
==========
==========10
8 0 2 24000
Node 37 43 14.7648
Pkt 4 192 0.0208333 1
Pkt 5 250 0.02 1
Node 59 26 25.632
Pkt 8 400 0.02 1
Pkt 6 300 0.02 1
Node 41 40 13.4536
Pkt 15 750 0.02 1
Pkt 15 750 0.02 1
Node 71 44 21.8403
Pkt 3 150 0.02 1
Pkt 4 200 0.02 1
Node 49 41 9.05539
Pkt 7 320 0.021875 1
Pkt 6 300 0.02 1
Node 41 30 21.9317
Pkt 16 800 0.02 1
Pkt 16 800 0.02 1
Node 74 50 24
Pkt 4 200 0.02 1
Pkt 4 192 0.0208333 1
Node 26 40 26
Pkt 7 320 0.021875 1
Pkt 8 375 0.0213333 1
Rate:40.8437
==========
==========11
8 0 2 24000
Node 52 55 5.38516
Pkt 5 250 0.02 1
Pkt 2 100 0.02 1
Node 74 53 24.1868
Pkt 10 480 0.0208333 1
Pkt 6 300 0.02 1
Node 30 54 20.3961
Pkt 16 800 0.02 1
Pkt 15 750 0.02 1
Node 41 58 12.0416
Pkt 5 240 0.0208333 1
Pkt 3 125 0.024 1
Node 71 32 27.6586
Pkt 6 300 0.02 1
Pkt 6 300 0.02 1
Node 33 69 25.4951
Pkt 16 800 0.02 1
Pkt 16 800 0.02 1
Node 25 66 29.6816
Pkt 3 120 0.025 1
Pkt 5 250 0.02 1
Node 66 52 16.1245
Pkt 8 400 0.02 1
Pkt 8 375 0.0213333 1
Rate:41.5
==========
==========12
8 0 2 24000
Node 41 59 12.7279
Pkt 4 200 0.02 1
Pkt 5 240 0.0208333 1
Node 47 56 6.7082
Pkt 8 400 0.02 1
Pkt 7 320 0.021875 1
Node 46 72 22.3607
Pkt 15 750 0.02 1
Pkt 16 800 0.02 1
Node 44 40 11.6619
Pkt 3 125 0.024 1
Pkt 3 125 0.024 1
Node 52 67 17.1172
Pkt 8 400 0.02 1
Pkt 10 480 0.0208333 1
Node 61 51 11.0454
Pkt 15 750 0.02 1
Pkt 16 800 0.02 1
Node 46 63 13.6015
Pkt 4 192 0.0208333 1
Pkt 4 192 0.0208333 1
Node 70 29 29
Pkt 6 300 0.02 1
Pkt 8 400 0.02 1
Rate:41.651
==========
==========13
8 0 2 24000
Node 56 31 19.9249
Pkt 3 120 0.025 1
Pkt 4 160 0.025 1
Node 38 73 25.9422
Pkt 10 480 0.0208333 1
Pkt 7 320 0.021875 1
Node 47 58 8.544
Pkt 15 750 0.02 1
Pkt 15 750 0.02 1
Node 55 45 7.07107
Pkt 3 120 0.025 1
Pkt 2 100 0.02 1
Node 38 36 18.4391
Pkt 8 375 0.0213333 1
Pkt 10 480 0.0208333 1
Node 55 50 5
Pkt 16 800 0.02 1
Pkt 15 750 0.02 1
Node 51 28 22.0227
Pkt 4 192 0.0208333 1
Pkt 2 100 0.02 1
Node 52 68 18.1108
Pkt 6 300 0.02 1
Pkt 8 400 0.02 1
Rate:42.5885
==========
==========14
8 0 2 24000
Node 58 35 17
Pkt 4 160 0.025 1
Pkt 4 200 0.02 1
Node 53 64 14.3178
Pkt 10 480 0.0208333 1
Pkt 10 480 0.0208333 1
Node 52 73 23.0868
Pkt 15 750 0.02 1
Pkt 16 800 0.02 1
Node 73 42 24.3516
Pkt 2 100 0.02 1
Pkt 2 100 0.02 1
Node 32 41 20.1246
Pkt 7 320 0.021875 1
Pkt 8 400 0.02 1
Node 60 25 26.9258
Pkt 16 800 0.02 1
Pkt 16 800 0.02 1
Node 68 63 22.2036
Pkt 4 200 0.02 1
Pkt 3 125 0.024 1
Node 48 29 21.095
Pkt 7 320 0.021875 1
Pkt 8 400 0.02 1
Rate:41.8021
==========
==========15
8 0 2 24000
Node 45 36 14.8661
Pkt 5 250 0.02 1
Pkt 2 100 0.02 1
Node 51 29 21.0238
Pkt 8 400 0.02 1
Pkt 7 320 0.021875 1
Node 59 32 20.1246
Pkt 15 750 0.02 1
Pkt 15 750 0.02 1
Node 51 31 19.0263
Pkt 5 250 0.02 1
Pkt 3 150 0.02 1
Node 56 43 9.21954
Pkt 8 400 0.02 1
Pkt 7 320 0.021875 1
Node 32 59 20.1246
Pkt 15 750 0.02 1
Pkt 16 800 0.02 1
Node 29 31 28.3196
Pkt 3 120 0.025 1
Pkt 3 125 0.024 1
Node 47 38 12.3693
Pkt 10 480 0.0208333 1
Pkt 7 320 0.021875 1
Rate:41.9323
==========
==========16
8 0 2 24000
Node 57 69 20.2485
Pkt 3 150 0.02 1
Pkt 5 250 0.02 1
Node 56 35 16.1555
Pkt 8 400 0.02 1
Pkt 10 480 0.0208333 1
Node 47 68 18.2483
Pkt 15 750 0.02 1
Pkt 15 750 0.02 1
Node 73 57 24.0416
Pkt 4 160 0.025 1
Pkt 4 192 0.0208333 1
Node 41 33 19.2354
Pkt 7 320 0.021875 1
Pkt 10 480 0.0208333 1
Node 42 73 24.3516
Pkt 16 800 0.02 1
Pkt 15 750 0.02 1
Node 61 40 14.8661
Pkt 2 100 0.02 1
Pkt 4 200 0.02 1
Node 44 58 10
Pkt 8 400 0.02 1
Pkt 8 400 0.02 1
Rate:41.1719
==========
==========17
8 0 2 24000
Node 42 46 8.94427
Pkt 3 150 0.02 1
Pkt 2 100 0.02 1
Node 69 72 29.0689
Pkt 8 375 0.0213333 1
Pkt 7 320 0.021875 1
Node 42 73 24.3516
Pkt 16 800 0.02 1
Pkt 16 800 0.02 1
Node 46 74 24.3311
Pkt 5 250 0.02 1
Pkt 2 100 0.02 1
Node 32 61 21.095
Pkt 6 300 0.02 1
Pkt 10 480 0.0208333 1
Node 40 61 14.8661
Pkt 15 750 0.02 1
Pkt 16 800 0.02 1
Node 59 42 12.0416
Pkt 2 100 0.02 1
Pkt 4 160 0.025 1
Node 61 46 11.7047
Pkt 6 300 0.02 1
Pkt 7 320 0.021875 1
Rate:41.3646
==========
==========18
8 0 2 24000
Node 26 37 27.2947
Pkt 3 120 0.025 1
Pkt 3 150 0.02 1
Node 54 59 9.84886
Pkt 7 320 0.021875 1
Pkt 7 320 0.021875 1
Node 50 56 6
Pkt 15 750 0.02 1
Pkt 16 800 0.02 1
Node 33 74 29.4109
Pkt 4 160 0.025 1
Pkt 3 120 0.025 1
Node 35 53 15.2971
Pkt 7 320 0.021875 1
Pkt 8 375 0.0213333 1
Node 74 67 29.4109
Pkt 16 800 0.02 1
Pkt 16 800 0.02 1
Node 55 34 16.7631
Pkt 3 125 0.024 1
Pkt 3 125 0.024 1
Node 70 64 24.4131
Pkt 6 300 0.02 1
Pkt 8 375 0.0213333 1
Rate:43.9115
==========
==========19
8 0 2 24000
Node 27 42 24.3516
Pkt 5 250 0.02 1
Pkt 3 150 0.02 1
Node 57 67 18.3848
Pkt 7 320 0.021875 1
Pkt 6 300 0.02 1
Node 47 41 9.48683
Pkt 15 750 0.02 1
Pkt 15 750 0.02 1
Node 25 26 34.6554
Pkt 3 150 0.02 1
Pkt 3 150 0.02 1
Node 27 58 24.3516
Pkt 7 320 0.021875 1
Pkt 10 480 0.0208333 1
Node 28 57 23.0868
Pkt 16 800 0.02 1
Pkt 16 800 0.02 1
Node 57 56 9.21954
Pkt 3 150 0.02 1
Pkt 5 250 0.02 1
Node 60 42 12.8062
Pkt 7 320 0.021875 1
Pkt 8 375 0.0213333 1
Rate:40.974
==========
==========20
8 0 2 24000
Node 70 65 25
Pkt 4 160 0.025 1
Pkt 3 120 0.025 1
Node 63 31 23.0217
Pkt 7 320 0.021875 1
Pkt 8 400 0.02 1
Node 54 39 11.7047
Pkt 15 750 0.02 1
Pkt 16 800 0.02 1
Node 55 69 19.6469
Pkt 5 240 0.0208333 1
Pkt 3 125 0.024 1
Node 61 67 20.2485
Pkt 10 480 0.0208333 1
Pkt 10 480 0.0208333 1
Node 37 37 18.3848
Pkt 16 800 0.02 1
Pkt 15 750 0.02 1
Node 66 28 27.2029
Pkt 3 120 0.025 1
Pkt 4 200 0.02 1
Node 73 38 25.9422
Pkt 8 400 0.02 1
Pkt 10 480 0.0208333 1
Rate:43.026
==========
==========21
8 0 2 24000
Node 49 47 3.16228
Pkt 5 240 0.0208333 1
Pkt 5 240 0.0208333 1
Node 57 28 23.0868
Pkt 10 480 0.0208333 1
Pkt 8 400 0.02 1
Node 49 64 14.0357
Pkt 16 800 0.02 1
Pkt 16 800 0.02 1
Node 25 56 25.7099
Pkt 4 160 0.025 1
Pkt 4 192 0.0208333 1
Node 46 51 4.12311
Pkt 10 480 0.0208333 1
Pkt 6 300 0.02 1
Node 36 58 16.1245
Pkt 15 750 0.02 1
Pkt 15 750 0.02 1
Node 38 45 13
Pkt 3 125 0.024 1
Pkt 5 250 0.02 1
Node 62 70 23.3238
Pkt 8 400 0.02 1
Pkt 7 320 0.021875 1
Rate:41.8802
==========
==========22
8 0 2 24000
Node 74 63 27.2947
Pkt 3 150 0.02 1
Pkt 4 192 0.0208333 1
Node 59 42 12.0416
Pkt 8 400 0.02 1
Pkt 7 320 0.021875 1
Node 63 42 15.2643
Pkt 15 750 0.02 1
Pkt 16 800 0.02 1
Node 68 70 26.9072
Pkt 4 192 0.0208333 1
Pkt 5 240 0.0208333 1
Node 70 51 20.025
Pkt 8 400 0.02 1
Pkt 10 480 0.0208333 1
Node 73 74 33.2415
Pkt 16 800 0.02 1
Pkt 15 750 0.02 1
Node 69 60 21.4709
Pkt 2 100 0.02 1
Pkt 5 250 0.02 1
Node 64 49 14.0357
Pkt 10 480 0.0208333 1
Pkt 7 320 0.021875 1
Rate:40.9896
==========
==========23
8 0 2 24000
Node 28 28 31.1127
Pkt 3 150 0.02 1
Pkt 5 240 0.0208333 1
Node 38 27 25.9422
Pkt 10 480 0.0208333 1
Pkt 7 320 0.021875 1
Node 70 32 26.9072
Pkt 16 800 0.02 1
Pkt 16 800 0.02 1
Node 26 40 26
Pkt 3 120 0.025 1
Pkt 4 160 0.025 1
Node 45 72 22.561
Pkt 6 300 0.02 1
Pkt 7 320 0.021875 1
Node 45 30 20.6155
Pkt 16 800 0.02 1
Pkt 15 750 0.02 1
Node 65 72 26.6271
Pkt 3 150 0.02 1
Pkt 3 150 0.02 1
Node 36 25 28.6531
Pkt 6 300 0.02 1
Pkt 10 480 0.0208333 1
Rate:42.0313
==========
==========24
8 0 2 24000
Node 41 65 17.4929
Pkt 5 240 0.0208333 1
Pkt 2 100 0.02 1
Node 50 69 19
Pkt 8 400 0.02 1
Pkt 8 400 0.02 1
Node 59 50 9
Pkt 15 750 0.02 1
Pkt 16 800 0.02 1
Node 58 43 10.6301
Pkt 4 200 0.02 1
Pkt 3 125 0.024 1
Node 59 56 10.8167
Pkt 6 300 0.02 1
Pkt 6 300 0.02 1
Node 49 29 21.0238
Pkt 16 800 0.02 1
Pkt 16 800 0.02 1
Node 37 52 13.1529
Pkt 3 120 0.025 1
Pkt 4 200 0.02 1
Node 48 39 11.1803
Pkt 8 375 0.0213333 1
Pkt 8 375 0.0213333 1
Rate:41.5625
==========
==========25
8 0 2 24000
Node 29 48 21.095
Pkt 4 200 0.02 1
Pkt 3 120 0.025 1
Node 62 69 22.4722
Pkt 6 300 0.02 1
Pkt 7 320 0.021875 1
Node 51 74 24.0208
Pkt 16 800 0.02 1
Pkt 16 800 0.02 1
Node 26 65 28.3019
Pkt 5 240 0.0208333 1
Pkt 4 192 0.0208333 1
Node 70 44 20.8806
Pkt 7 320 0.021875 1
Pkt 8 400 0.02 1
Node 67 26 29.4109
Pkt 15 750 0.02 1
Pkt 16 800 0.02 1
Node 38 25 27.7308
Pkt 4 200 0.02 1
Pkt 4 192 0.0208333 1
Node 31 56 19.9249
Pkt 6 300 0.02 1
Pkt 8 400 0.02 1
Rate:41.4063
==========
==========26
8 0 2 24000
Node 70 71 29
Pkt 5 240 0.0208333 1
Pkt 5 240 0.0208333 1
Node 58 30 21.5407
Pkt 8 375 0.0213333 1
Pkt 7 320 0.021875 1
Node 69 72 29.0689
Pkt 16 800 0.02 1
Pkt 16 800 0.02 1
Node 41 66 18.3576
Pkt 3 120 0.025 1
Pkt 4 200 0.02 1
Node 56 74 24.7386
Pkt 7 320 0.021875 1
Pkt 8 400 0.02 1
Node 46 72 22.3607
Pkt 16 800 0.02 1
Pkt 15 750 0.02 1
Node 39 51 11.0454
Pkt 4 200 0.02 1
Pkt 5 240 0.0208333 1
Node 44 62 13.4164
Pkt 10 480 0.0208333 1
Pkt 10 480 0.0208333 1
Rate:41.7812
==========
==========27
8 0 2 24000
Node 48 61 11.1803
Pkt 3 150 0.02 1
Pkt 4 192 0.0208333 1
Node 63 54 13.6015
Pkt 10 480 0.0208333 1
Pkt 6 300 0.02 1
Node 74 40 26
Pkt 15 750 0.02 1
Pkt 16 800 0.02 1
Node 63 65 19.8494
Pkt 4 200 0.02 1
Pkt 2 100 0.02 1
Node 53 74 24.1868
Pkt 10 480 0.0208333 1
Pkt 8 375 0.0213333 1
Node 46 49 4.12311
Pkt 16 800 0.02 1
Pkt 15 750 0.02 1
Node 39 34 19.4165
Pkt 4 200 0.02 1
Pkt 2 100 0.02 1
Node 61 67 20.2485
Pkt 6 300 0.02 1
Pkt 8 400 0.02 1
Rate:40.4792
==========
==========28
8 0 2 24000
Node 27 34 28.0179
Pkt 4 160 0.025 1
Pkt 3 120 0.025 1
Node 66 50 16
Pkt 7 320 0.021875 1
Pkt 8 400 0.02 1
Node 54 43 8.06226
Pkt 16 800 0.02 1
Pkt 15 750 0.02 1
Node 38 51 12.0416
Pkt 5 240 0.0208333 1
Pkt 5 250 0.02 1
Node 52 47 3.60555
Pkt 7 320 0.021875 1
Pkt 8 400 0.02 1
Node 70 53 20.2237
Pkt 16 800 0.02 1
Pkt 15 750 0.02 1
Node 45 47 5.83095
Pkt 2 100 0.02 1
Pkt 3 150 0.02 1
Node 25 33 30.2324
Pkt 10 480 0.0208333 1
Pkt 8 400 0.02 1
Rate:41.9271
==========
==========29
8 0 2 24000
Node 33 38 20.8087
Pkt 5 250 0.02 1
Pkt 5 250 0.02 1
Node 25 33 30.2324
Pkt 6 300 0.02 1
Pkt 7 320 0.021875 1
Node 28 54 22.3607
Pkt 15 750 0.02 1
Pkt 16 800 0.02 1
Node 60 58 12.8062
Pkt 4 200 0.02 1
Pkt 2 100 0.02 1
Node 39 65 18.6011
Pkt 10 480 0.0208333 1
Pkt 6 300 0.02 1
Node 43 49 7.07107
Pkt 15 750 0.02 1
Pkt 16 800 0.02 1
Node 56 50 6
Pkt 2 100 0.02 1
Pkt 3 120 0.025 1
Node 44 55 7.81025
Pkt 7 320 0.021875 1
Pkt 6 300 0.02 1
Rate:41.1979
==========
==========30
8 0 2 24000
Node 57 46 8.06226
Pkt 3 125 0.024 1
Pkt 3 120 0.025 1
Node 47 56 6.7082
Pkt 6 300 0.02 1
Pkt 10 480 0.0208333 1
Node 70 49 20.025
Pkt 16 800 0.02 1
Pkt 15 750 0.02 1
Node 47 51 3.16228
Pkt 4 200 0.02 1
Pkt 3 150 0.02 1
Node 44 72 22.8035
Pkt 8 375 0.0213333 1
Pkt 8 375 0.0213333 1
Node 31 57 20.2485
Pkt 16 800 0.02 1
Pkt 16 800 0.02 1
Node 70 27 30.4795
Pkt 3 120 0.025 1
Pkt 4 160 0.025 1
Node 38 40 15.6205
Pkt 8 400 0.02 1
Pkt 6 300 0.02 1
Rate:42.8125
==========
==========31
8 0 2 24000
Node 65 55 15.8114
Pkt 4 200 0.02 1
Pkt 2 100 0.02 1
Node 63 32 22.2036
Pkt 7 320 0.021875 1
Pkt 8 400 0.02 1
Node 31 73 29.8329
Pkt 16 800 0.02 1
Pkt 15 750 0.02 1
Node 74 28 32.5576
Pkt 3 120 0.025 1
Pkt 5 250 0.02 1
Node 35 54 15.5242
Pkt 8 400 0.02 1
Pkt 10 480 0.0208333 1
Node 45 59 10.2956
Pkt 16 800 0.02 1
Pkt 15 750 0.02 1
Node 27 59 24.6982
Pkt 4 200 0.02 1
Pkt 3 150 0.02 1
Node 27 71 31.1448
Pkt 10 480 0.0208333 1
Pkt 6 300 0.02 1
Rate:41.0677
==========
==========32
8 0 2 24000
Node 42 33 18.7883
Pkt 5 240 0.0208333 1
Pkt 4 200 0.02 1
Node 39 38 16.2788
Pkt 8 375 0.0213333 1
Pkt 8 400 0.02 1
Node 74 44 24.7386
Pkt 15 750 0.02 1
Pkt 15 750 0.02 1
Node 41 52 9.21954
Pkt 2 100 0.02 1
Pkt 4 160 0.025 1
Node 25 50 25
Pkt 7 320 0.021875 1
Pkt 10 480 0.0208333 1
Node 38 51 12.0416
Pkt 16 800 0.02 1
Pkt 15 750 0.02 1
Node 32 67 24.7588
Pkt 5 250 0.02 1
Pkt 4 200 0.02 1
Node 54 29 21.3776
Pkt 8 400 0.02 1
Pkt 8 375 0.0213333 1
Rate:41.401
==========
==========33
8 0 2 24000
Node 33 28 27.8029
Pkt 4 160 0.025 1
Pkt 3 120 0.025 1
Node 69 49 19.0263
Pkt 10 480 0.0208333 1
Pkt 8 400 0.02 1
Node 36 62 18.4391
Pkt 16 800 0.02 1
Pkt 16 800 0.02 1
Node 41 31 21.0238
Pkt 3 150 0.02 1
Pkt 4 160 0.025 1
Node 66 29 26.4008
Pkt 8 400 0.02 1
Pkt 8 375 0.0213333 1
Node 36 39 17.8045
Pkt 16 800 0.02 1
Pkt 16 800 0.02 1
Node 34 32 24.0832
Pkt 4 200 0.02 1
Pkt 3 120 0.025 1
Node 29 27 31.1448
Pkt 6 300 0.02 1
Pkt 6 300 0.02 1
Rate:42.7708
==========
==========34
8 0 2 24000
Node 74 52 24.0832
Pkt 3 120 0.025 1
Pkt 4 200 0.02 1
Node 33 44 18.0278
Pkt 8 375 0.0213333 1
Pkt 10 480 0.0208333 1
Node 53 35 15.2971
Pkt 15 750 0.02 1
Pkt 15 750 0.02 1
Node 39 65 18.6011
Pkt 4 200 0.02 1
Pkt 4 160 0.025 1
Node 39 68 21.095
Pkt 8 375 0.0213333 1
Pkt 8 375 0.0213333 1
Node 41 74 25.632
Pkt 16 800 0.02 1
Pkt 16 800 0.02 1
Node 64 28 26.0768
Pkt 4 200 0.02 1
Pkt 2 100 0.02 1
Node 49 69 19.0263
Pkt 7 320 0.021875 1
Pkt 10 480 0.0208333 1
Rate:42.1927
==========
==========35
8 0 2 24000
Node 41 66 18.3576
Pkt 3 150 0.02 1
Pkt 3 120 0.025 1
Node 57 27 24.0416
Pkt 8 375 0.0213333 1
Pkt 8 375 0.0213333 1
Node 53 53 4.24264
Pkt 15 750 0.02 1
Pkt 16 800 0.02 1
Node 56 32 18.9737
Pkt 2 100 0.02 1
Pkt 4 200 0.02 1
Node 38 68 21.6333
Pkt 10 480 0.0208333 1
Pkt 7 320 0.021875 1
Node 72 43 23.0868
Pkt 16 800 0.02 1
Pkt 15 750 0.02 1
Node 55 35 15.8114
Pkt 3 150 0.02 1
Pkt 2 100 0.02 1
Node 32 56 18.9737
Pkt 8 400 0.02 1
Pkt 8 400 0.02 1
Rate:41.2969
==========
==========36
8 0 2 24000
Node 67 70 26.2488
Pkt 4 160 0.025 1
Pkt 3 150 0.02 1
Node 28 40 24.1661
Pkt 8 400 0.02 1
Pkt 8 375 0.0213333 1
Node 49 54 4.12311
Pkt 15 750 0.02 1
Pkt 16 800 0.02 1
Node 73 53 23.1948
Pkt 3 150 0.02 1
Pkt 2 100 0.02 1
Node 70 42 21.5407
Pkt 8 375 0.0213333 1
Pkt 7 320 0.021875 1
Node 48 28 22.0907
Pkt 15 750 0.02 1
Pkt 15 750 0.02 1
Node 53 68 18.2483
Pkt 2 100 0.02 1
Pkt 2 100 0.02 1
Node 53 35 15.2971
Pkt 6 300 0.02 1
Pkt 6 300 0.02 1
Rate:41.1927
==========
==========37
8 0 2 24000
Node 58 69 20.6155
Pkt 5 240 0.0208333 1
Pkt 3 120 0.025 1
Node 28 58 23.4094
Pkt 10 480 0.0208333 1
Pkt 6 300 0.02 1
Node 39 42 13.6015
Pkt 15 750 0.02 1
Pkt 16 800 0.02 1
Node 66 54 16.4924
Pkt 3 125 0.024 1
Pkt 2 100 0.02 1
Node 60 58 12.8062
Pkt 6 300 0.02 1
Pkt 10 480 0.0208333 1
Node 25 66 29.6816
Pkt 15 750 0.02 1
Pkt 15 750 0.02 1
Node 56 45 7.81025
Pkt 2 100 0.02 1
Pkt 5 250 0.02 1
Node 58 63 15.2643
Pkt 10 480 0.0208333 1
Pkt 8 400 0.02 1
Rate:41.5417
==========
==========38
8 0 2 24000
Node 50 66 16
Pkt 4 192 0.0208333 1
Pkt 5 250 0.02 1
Node 48 30 20.0998
Pkt 6 300 0.02 1
Pkt 10 480 0.0208333 1
Node 73 25 33.9706
Pkt 16 800 0.02 1
Pkt 16 800 0.02 1
Node 28 27 31.8277
Pkt 4 160 0.025 1
Pkt 4 160 0.025 1
Node 46 58 8.94427
Pkt 7 320 0.021875 1
Pkt 6 300 0.02 1
Node 43 44 9.21954
Pkt 15 750 0.02 1
Pkt 16 800 0.02 1
Node 28 56 22.8035
Pkt 5 240 0.0208333 1
Pkt 4 192 0.0208333 1
Node 72 48 22.0907
Pkt 8 400 0.02 1
Pkt 6 300 0.02 1
Rate:41.901
==========
==========39
8 0 2 24000
Node 52 30 20.0998
Pkt 3 125 0.024 1
Pkt 5 240 0.0208333 1
Node 51 44 6.08276
Pkt 7 320 0.021875 1
Pkt 7 320 0.021875 1
Node 54 54 5.65685
Pkt 15 750 0.02 1
Pkt 15 750 0.02 1
Node 36 29 25.2389
Pkt 5 240 0.0208333 1
Pkt 2 100 0.02 1
Node 41 51 9.05539
Pkt 8 400 0.02 1
Pkt 6 300 0.02 1
Node 25 72 33.3017
Pkt 16 800 0.02 1
Pkt 15 750 0.02 1
Node 72 35 26.6271
Pkt 4 160 0.025 1
Pkt 4 200 0.02 1
Node 49 39 11.0454
Pkt 7 320 0.021875 1
Pkt 10 480 0.0208333 1
Rate:42.1406
==========
==========40
8 0 2 24000
Node 42 56 10
Pkt 2 100 0.02 1
Pkt 3 150 0.02 1
Node 29 64 25.2389
Pkt 10 480 0.0208333 1
Pkt 10 480 0.0208333 1
Node 57 46 8.06226
Pkt 15 750 0.02 1
Pkt 15 750 0.02 1
Node 74 55 24.5153
Pkt 4 200 0.02 1
Pkt 3 150 0.02 1
Node 47 36 14.3178
Pkt 10 480 0.0208333 1
Pkt 6 300 0.02 1
Node 71 26 31.8904
Pkt 15 750 0.02 1
Pkt 16 800 0.02 1
Node 73 31 29.8329
Pkt 3 120 0.025 1
Pkt 3 150 0.02 1
Node 52 45 5.38516
Pkt 8 400 0.02 1
Pkt 6 300 0.02 1
Rate:40.9375
==========
==========41
8 0 2 24000
Node 44 62 13.4164
Pkt 3 150 0.02 1
Pkt 5 240 0.0208333 1
Node 58 43 10.6301
Pkt 8 375 0.0213333 1
Pkt 6 300 0.02 1
Node 61 50 11
Pkt 15 750 0.02 1
Pkt 16 800 0.02 1
Node 63 28 25.5539
Pkt 2 100 0.02 1
Pkt 3 125 0.024 1
Node 61 42 13.6015
Pkt 10 480 0.0208333 1
Pkt 10 480 0.0208333 1
Node 50 62 12
Pkt 15 750 0.02 1
Pkt 15 750 0.02 1
Node 52 74 24.0832
Pkt 2 100 0.02 1
Pkt 3 125 0.024 1
Node 31 63 23.0217
Pkt 6 300 0.02 1
Pkt 8 400 0.02 1
Rate:41.4792
==========
==========42
8 0 2 24000
Node 60 64 17.2047
Pkt 3 125 0.024 1
Pkt 3 125 0.024 1
Node 39 54 11.7047
Pkt 8 375 0.0213333 1
Pkt 10 480 0.0208333 1
Node 54 28 22.3607
Pkt 15 750 0.02 1
Pkt 16 800 0.02 1
Node 28 69 29.0689
Pkt 2 100 0.02 1
Pkt 5 240 0.0208333 1
Node 55 36 14.8661
Pkt 6 300 0.02 1
Pkt 8 375 0.0213333 1
Node 58 48 8.24621
Pkt 16 800 0.02 1
Pkt 16 800 0.02 1
Node 37 44 14.3178
Pkt 5 240 0.0208333 1
Pkt 3 125 0.024 1
Node 27 62 25.9422
Pkt 7 320 0.021875 1
Pkt 6 300 0.02 1
Rate:42.3802
==========
==========43
8 0 2 24000
Node 44 45 7.81025
Pkt 2 100 0.02 1
Pkt 4 192 0.0208333 1
Node 68 73 29.2062
Pkt 10 480 0.0208333 1
Pkt 8 400 0.02 1
Node 34 50 16
Pkt 16 800 0.02 1
Pkt 15 750 0.02 1
Node 66 70 25.6125
Pkt 3 150 0.02 1
Pkt 2 100 0.02 1
Node 35 64 20.5183
Pkt 6 300 0.02 1
Pkt 8 375 0.0213333 1
Node 71 37 24.6982
Pkt 16 800 0.02 1
Pkt 15 750 0.02 1
Node 64 55 14.8661
Pkt 5 240 0.0208333 1
Pkt 5 250 0.02 1
Node 60 69 21.4709
Pkt 8 375 0.0213333 1
Pkt 7 320 0.021875 1
Rate:40.8802
==========
==========44
8 0 2 24000
Node 42 34 17.8885
Pkt 3 125 0.024 1
Pkt 4 160 0.025 1
Node 55 47 5.83095
Pkt 8 375 0.0213333 1
Pkt 7 320 0.021875 1
Node 58 56 10
Pkt 16 800 0.02 1
Pkt 16 800 0.02 1
Node 46 41 9.84886
Pkt 5 240 0.0208333 1
Pkt 4 200 0.02 1
Node 47 30 20.2237
Pkt 6 300 0.02 1
Pkt 10 480 0.0208333 1
Node 40 58 12.8062
Pkt 15 750 0.02 1
Pkt 15 750 0.02 1
Node 55 38 13
Pkt 5 250 0.02 1
Pkt 4 192 0.0208333 1
Node 53 74 24.1868
Pkt 7 320 0.021875 1
Pkt 8 375 0.0213333 1
Rate:42.2396
==========
==========45
8 0 2 24000
Node 73 37 26.4197
Pkt 5 240 0.0208333 1
Pkt 5 240 0.0208333 1
Node 36 28 26.0768
Pkt 8 375 0.0213333 1
Pkt 7 320 0.021875 1
Node 53 33 17.2627
Pkt 16 800 0.02 1
Pkt 15 750 0.02 1
Node 48 58 8.24621
Pkt 4 200 0.02 1
Pkt 5 240 0.0208333 1
Node 68 26 30
Pkt 6 300 0.02 1
Pkt 6 300 0.02 1
Node 40 67 19.7231
Pkt 16 800 0.02 1
Pkt 15 750 0.02 1
Node 40 37 16.4012
Pkt 5 250 0.02 1
Pkt 3 125 0.024 1
Node 46 31 19.4165
Pkt 8 400 0.02 1
Pkt 10 480 0.0208333 1
Rate:41.3177
==========
==========46
8 0 2 24000
Node 70 27 30.4795
Pkt 5 250 0.02 1
Pkt 2 100 0.02 1
Node 36 63 19.105
Pkt 8 400 0.02 1
Pkt 6 300 0.02 1
Node 45 57 8.60233
Pkt 15 750 0.02 1
Pkt 15 750 0.02 1
Node 46 47 5
Pkt 5 250 0.02 1
Pkt 3 120 0.025 1
Node 49 71 21.0238
Pkt 8 400 0.02 1
Pkt 6 300 0.02 1
Node 29 35 25.807
Pkt 15 750 0.02 1
Pkt 15 750 0.02 1
Node 74 38 26.8328
Pkt 4 200 0.02 1
Pkt 5 250 0.02 1
Node 42 30 21.5407
Pkt 6 300 0.02 1
Pkt 10 480 0.0208333 1
Rate:40.7292
==========
==========47
8 0 2 24000
Node 26 40 26
Pkt 4 192 0.0208333 1
Pkt 5 240 0.0208333 1
Node 62 69 22.4722
Pkt 6 300 0.02 1
Pkt 10 480 0.0208333 1
Node 73 40 25.0799
Pkt 15 750 0.02 1
Pkt 15 750 0.02 1
Node 43 26 25
Pkt 4 200 0.02 1
Pkt 5 240 0.0208333 1
Node 64 47 14.3178
Pkt 7 320 0.021875 1
Pkt 7 320 0.021875 1
Node 52 31 19.105
Pkt 16 800 0.02 1
Pkt 16 800 0.02 1
Node 33 46 17.4642
Pkt 4 160 0.025 1
Pkt 5 240 0.0208333 1
Node 50 67 17
Pkt 10 480 0.0208333 1
Pkt 7 320 0.021875 1
Rate:41.9531
==========
==========48
8 0 2 24000
Node 66 46 16.4924
Pkt 3 125 0.024 1
Pkt 4 200 0.02 1
Node 29 43 22.1359
Pkt 10 480 0.0208333 1
Pkt 7 320 0.021875 1
Node 49 35 15.0333
Pkt 16 800 0.02 1
Pkt 16 800 0.02 1
Node 50 72 22
Pkt 3 150 0.02 1
Pkt 5 250 0.02 1
Node 74 61 26.4008
Pkt 7 320 0.021875 1
Pkt 8 400 0.02 1
Node 72 72 31.1127
Pkt 15 750 0.02 1
Pkt 15 750 0.02 1
Node 51 48 2.23607
Pkt 3 150 0.02 1
Pkt 2 100 0.02 1
Node 73 50 23
Pkt 10 480 0.0208333 1
Pkt 8 375 0.0213333 1
Rate:41.3437
==========
==========49
8 0 2 24000
Node 70 41 21.9317
Pkt 5 250 0.02 1
Pkt 3 125 0.024 1
Node 49 67 17.0294
Pkt 8 400 0.02 1
Pkt 8 400 0.02 1
Node 62 46 12.6491
Pkt 16 800 0.02 1
Pkt 16 800 0.02 1
Node 47 60 10.4403
Pkt 4 200 0.02 1
Pkt 4 192 0.0208333 1
Node 65 49 15.0333
Pkt 6 300 0.02 1
Pkt 8 375 0.0213333 1
Node 66 66 22.6274
Pkt 16 800 0.02 1
Pkt 15 750 0.02 1
Node 39 44 12.53
Pkt 3 150 0.02 1
Pkt 5 250 0.02 1
Node 54 57 8.06226
Pkt 10 480 0.0208333 1
Pkt 8 400 0.02 1
Rate:40.875
==========
==========50
8 0 2 24000
Node 47 47 4.24264
Pkt 5 240 0.0208333 1
Pkt 5 240 0.0208333 1
Node 61 52 11.1803
Pkt 7 320 0.021875 1
Pkt 10 480 0.0208333 1
Node 62 51 12.0416
Pkt 16 800 0.02 1
Pkt 16 800 0.02 1
Node 25 39 27.313
Pkt 3 120 0.025 1
Pkt 2 100 0.02 1
Node 59 44 10.8167
Pkt 8 375 0.0213333 1
Pkt 7 320 0.021875 1
Node 63 68 22.2036
Pkt 16 800 0.02 1
Pkt 16 800 0.02 1
Node 52 58 8.24621
Pkt 5 250 0.02 1
Pkt 5 240 0.0208333 1
Node 30 31 27.5862
Pkt 8 375 0.0213333 1
Pkt 10 480 0.0208333 1
Rate:41.9479
==========
==========51
8 0 2 24000
Node 40 40 14.1421
Pkt 5 240 0.0208333 1
Pkt 5 240 0.0208333 1
Node 73 35 27.4591
Pkt 10 480 0.0208333 1
Pkt 8 375 0.0213333 1
Node 25 25 35.3553
Pkt 16 800 0.02 1
Pkt 16 800 0.02 1
Node 43 34 17.4642
Pkt 5 250 0.02 1
Pkt 5 240 0.0208333 1
Node 44 65 16.1555
Pkt 6 300 0.02 1
Pkt 8 400 0.02 1
Node 57 34 17.4642
Pkt 15 750 0.02 1
Pkt 16 800 0.02 1
Node 50 54 4
Pkt 5 250 0.02 1
Pkt 2 100 0.02 1
Node 54 56 7.2111
Pkt 7 320 0.021875 1
Pkt 7 320 0.021875 1
Rate:41.0521
==========
==========52
8 0 2 24000
Node 54 40 10.7703
Pkt 3 150 0.02 1
Pkt 4 160 0.025 1
Node 74 73 33.2415
Pkt 10 480 0.0208333 1
Pkt 6 300 0.02 1
Node 45 65 15.8114
Pkt 15 750 0.02 1
Pkt 16 800 0.02 1
Node 47 63 13.3417
Pkt 3 125 0.024 1
Pkt 4 160 0.025 1
Node 67 49 17.0294
Pkt 7 320 0.021875 1
Pkt 10 480 0.0208333 1
Node 53 69 19.2354
Pkt 15 750 0.02 1
Pkt 15 750 0.02 1
Node 60 62 15.6205
Pkt 4 160 0.025 1
Pkt 5 240 0.0208333 1
Node 42 43 10.6301
Pkt 8 375 0.0213333 1
Pkt 8 375 0.0213333 1
Rate:43.2552
==========
==========53
8 0 2 24000
Node 69 25 31.4006
Pkt 4 200 0.02 1
Pkt 5 240 0.0208333 1
Node 67 37 21.4009
Pkt 8 375 0.0213333 1
Pkt 7 320 0.021875 1
Node 26 46 24.3311
Pkt 15 750 0.02 1
Pkt 15 750 0.02 1
Node 57 63 14.7648
Pkt 3 120 0.025 1
Pkt 4 160 0.025 1
Node 53 51 3.16228
Pkt 8 375 0.0213333 1
Pkt 8 400 0.02 1
Node 50 65 15
Pkt 16 800 0.02 1
Pkt 15 750 0.02 1
Node 47 33 17.2627
Pkt 5 240 0.0208333 1
Pkt 4 160 0.025 1
Node 49 37 13.0384
Pkt 6 300 0.02 1
Pkt 8 375 0.0213333 1
Rate:42.8177
==========
==========54
8 0 2 24000
Node 36 42 16.1245
Pkt 2 100 0.02 1
Pkt 2 100 0.02 1
Node 45 51 5.09902
Pkt 8 400 0.02 1
Pkt 7 320 0.021875 1
Node 38 72 25.0599
Pkt 15 750 0.02 1
Pkt 16 800 0.02 1
Node 73 64 26.9258
Pkt 5 250 0.02 1
Pkt 3 125 0.024 1
Node 33 70 26.2488
Pkt 8 375 0.0213333 1
Pkt 7 320 0.021875 1
Node 28 65 26.6271
Pkt 16 800 0.02 1
Pkt 15 750 0.02 1
Node 57 28 23.0868
Pkt 4 192 0.0208333 1
Pkt 4 200 0.02 1
Node 36 58 16.1245
Pkt 6 300 0.02 1
Pkt 8 400 0.02 1
Rate:41.2396
==========
==========55
8 0 2 24000
Node 73 72 31.8277
Pkt 3 120 0.025 1
Pkt 5 250 0.02 1
Node 39 70 22.8254
Pkt 6 300 0.02 1
Pkt 10 480 0.0208333 1
Node 52 56 6.32456
Pkt 15 750 0.02 1
Pkt 16 800 0.02 1
Node 38 58 14.4222
Pkt 5 250 0.02 1
Pkt 4 192 0.0208333 1
Node 47 70 20.2237
Pkt 7 320 0.021875 1
Pkt 8 375 0.0213333 1
Node 46 38 12.6491
Pkt 15 750 0.02 1
Pkt 16 800 0.02 1
Node 69 52 19.105
Pkt 5 250 0.02 1
Pkt 3 150 0.02 1
Node 26 60 26
Pkt 10 480 0.0208333 1
Pkt 7 320 0.021875 1
Rate:41.5729
==========
==========56
8 0 2 24000
Node 69 67 25.4951
Pkt 2 100 0.02 1
Pkt 3 120 0.025 1
Node 65 40 18.0278
Pkt 8 400 0.02 1
Pkt 6 300 0.02 1
Node 34 60 18.868
Pkt 15 750 0.02 1
Pkt 15 750 0.02 1
Node 31 45 19.6469
Pkt 4 192 0.0208333 1
Pkt 4 192 0.0208333 1
Node 52 72 22.0907
Pkt 7 320 0.021875 1
Pkt 6 300 0.02 1
Node 73 46 23.3452
Pkt 15 750 0.02 1
Pkt 15 750 0.02 1
Node 39 52 11.1803
Pkt 4 200 0.02 1
Pkt 3 120 0.025 1
Node 64 29 25.2389
Pkt 6 300 0.02 1
Pkt 10 480 0.0208333 1
Rate:41.7969
==========
==========57
8 0 2 24000
Node 57 69 20.2485
Pkt 3 150 0.02 1
Pkt 3 150 0.02 1
Node 52 70 20.0998
Pkt 6 300 0.02 1
Pkt 8 375 0.0213333 1
Node 72 25 33.3017
Pkt 16 800 0.02 1
Pkt 16 800 0.02 1
Node 66 69 24.8395
Pkt 4 200 0.02 1
Pkt 4 200 0.02 1
Node 29 40 23.2594
Pkt 8 400 0.02 1
Pkt 7 320 0.021875 1
Node 53 63 13.3417
Pkt 15 750 0.02 1
Pkt 16 800 0.02 1
Node 72 72 31.1127
Pkt 4 200 0.02 1
Pkt 3 120 0.025 1
Node 42 28 23.4094
Pkt 8 400 0.02 1
Pkt 6 300 0.02 1
Rate:41.026
==========
==========58
8 0 2 24000
Node 51 54 4.12311
Pkt 3 150 0.02 1
Pkt 4 160 0.025 1
Node 46 25 25.318
Pkt 7 320 0.021875 1
Pkt 7 320 0.021875 1
Node 60 51 10.0499
Pkt 16 800 0.02 1
Pkt 16 800 0.02 1
Node 49 58 8.06226
Pkt 2 100 0.02 1
Pkt 4 160 0.025 1
Node 37 27 26.4197
Pkt 8 400 0.02 1
Pkt 8 375 0.0213333 1
Node 42 31 20.6155
Pkt 15 750 0.02 1
Pkt 15 750 0.02 1
Node 51 36 14.0357
Pkt 4 200 0.02 1
Pkt 5 250 0.02 1
Node 71 55 21.587
Pkt 10 480 0.0208333 1
Pkt 8 375 0.0213333 1
Rate:42.1563
==========
==========59
8 0 2 24000
Node 58 40 12.8062
Pkt 4 192 0.0208333 1
Pkt 5 240 0.0208333 1
Node 46 57 8.06226
Pkt 8 375 0.0213333 1
Pkt 8 400 0.02 1
Node 32 35 23.4307
Pkt 15 750 0.02 1
Pkt 16 800 0.02 1
Node 32 71 27.6586
Pkt 4 200 0.02 1
Pkt 3 150 0.02 1
Node 36 35 20.5183
Pkt 7 320 0.021875 1
Pkt 6 300 0.02 1
Node 62 37 17.6918
Pkt 15 750 0.02 1
Pkt 15 750 0.02 1
Node 51 39 11.0454
Pkt 5 250 0.02 1
Pkt 4 192 0.0208333 1
Node 52 37 13.1529
Pkt 8 375 0.0213333 1
Pkt 8 400 0.02 1
Rate:40.8802
==========
==========60
8 0 2 24000
Node 39 54 11.7047
Pkt 2 100 0.02 1
Pkt 5 240 0.0208333 1
Node 27 65 27.4591
Pkt 8 375 0.0213333 1
Pkt 6 300 0.02 1
Node 26 45 24.5153
Pkt 16 800 0.02 1
Pkt 15 750 0.02 1
Node 37 31 23.0217
Pkt 3 150 0.02 1
Pkt 3 150 0.02 1
Node 49 54 4.12311
Pkt 6 300 0.02 1
Pkt 7 320 0.021875 1
Node 37 31 23.0217
Pkt 16 800 0.02 1
Pkt 15 750 0.02 1
Node 48 62 12.1655
Pkt 5 240 0.0208333 1
Pkt 4 192 0.0208333 1
Node 67 51 17.0294
Pkt 10 480 0.0208333 1
Pkt 7 320 0.021875 1
Rate:41.0521
==========
==========61
8 0 2 24000
Node 41 65 17.4929
Pkt 2 100 0.02 1
Pkt 4 192 0.0208333 1
Node 50 52 2
Pkt 8 375 0.0213333 1
Pkt 10 480 0.0208333 1
Node 26 71 31.8904
Pkt 15 750 0.02 1
Pkt 15 750 0.02 1
Node 36 38 18.4391
Pkt 5 240 0.0208333 1
Pkt 4 160 0.025 1
Node 26 58 25.2982
Pkt 8 375 0.0213333 1
Pkt 8 375 0.0213333 1
Node 54 31 19.4165
Pkt 16 800 0.02 1
Pkt 15 750 0.02 1
Node 46 48 4.47214
Pkt 5 240 0.0208333 1
Pkt 3 150 0.02 1
Node 60 53 10.4403
Pkt 10 480 0.0208333 1
Pkt 10 480 0.0208333 1
Rate:41.75
==========
==========62
8 0 2 24000
Node 57 28 23.0868
Pkt 5 240 0.0208333 1
Pkt 5 240 0.0208333 1
Node 56 59 10.8167
Pkt 6 300 0.02 1
Pkt 6 300 0.02 1
Node 69 64 23.6008
Pkt 15 750 0.02 1
Pkt 16 800 0.02 1
Node 36 58 16.1245
Pkt 4 192 0.0208333 1
Pkt 3 125 0.024 1
Node 31 59 21.0238
Pkt 7 320 0.021875 1
Pkt 8 400 0.02 1
Node 25 42 26.2488
Pkt 15 750 0.02 1
Pkt 15 750 0.02 1
Node 26 54 24.3311
Pkt 5 240 0.0208333 1
Pkt 2 100 0.02 1
Node 51 70 20.025
Pkt 7 320 0.021875 1
Pkt 8 375 0.0213333 1
Rate:41.5521
==========
==========63
8 0 2 24000
Node 70 50 20
Pkt 4 200 0.02 1
Pkt 3 120 0.025 1
Node 71 62 24.1868
Pkt 6 300 0.02 1
Pkt 7 320 0.021875 1
Node 35 55 15.8114
Pkt 16 800 0.02 1
Pkt 16 800 0.02 1
Node 64 26 27.7849
Pkt 3 150 0.02 1
Pkt 5 240 0.0208333 1
Node 42 33 18.7883
Pkt 8 400 0.02 1
Pkt 6 300 0.02 1
Node 57 54 8.06226
Pkt 15 750 0.02 1
Pkt 15 750 0.02 1
Node 62 58 14.4222
Pkt 3 150 0.02 1
Pkt 5 240 0.0208333 1
Node 65 61 18.6011
Pkt 6 300 0.02 1
Pkt 7 320 0.021875 1
Rate:41.3021
==========
==========64
8 0 2 24000
Node 64 62 18.4391
Pkt 5 250 0.02 1
Pkt 4 200 0.02 1
Node 52 74 24.0832
Pkt 7 320 0.021875 1
Pkt 8 400 0.02 1
Node 57 56 9.21954
Pkt 15 750 0.02 1
Pkt 15 750 0.02 1
Node 30 44 20.8806
Pkt 3 150 0.02 1
Pkt 5 250 0.02 1
Node 46 60 10.7703
Pkt 8 375 0.0213333 1
Pkt 10 480 0.0208333 1
Node 71 52 21.095
Pkt 15 750 0.02 1
Pkt 15 750 0.02 1
Node 57 30 21.1896
Pkt 3 120 0.025 1
Pkt 2 100 0.02 1
Node 70 46 20.3961
Pkt 8 375 0.0213333 1
Pkt 8 400 0.02 1
Rate:41.2969
==========
==========65
8 0 2 24000
Node 25 40 26.9258
Pkt 5 240 0.0208333 1
Pkt 5 250 0.02 1
Node 56 43 9.21954
Pkt 8 400 0.02 1
Pkt 10 480 0.0208333 1
Node 74 64 27.7849
Pkt 15 750 0.02 1
Pkt 16 800 0.02 1
Node 39 54 11.7047
Pkt 4 192 0.0208333 1
Pkt 3 150 0.02 1
Node 55 62 13
Pkt 10 480 0.0208333 1
Pkt 10 480 0.0208333 1
Node 25 61 27.313
Pkt 16 800 0.02 1
Pkt 16 800 0.02 1
Node 56 28 22.8035
Pkt 4 200 0.02 1
Pkt 2 100 0.02 1
Node 28 36 26.0768
Pkt 7 320 0.021875 1
Pkt 8 400 0.02 1
Rate:40.7552
==========
==========66
8 0 2 24000
Node 64 60 17.2047
Pkt 3 125 0.024 1
Pkt 2 100 0.02 1
Node 56 68 18.9737
Pkt 10 480 0.0208333 1
Pkt 7 320 0.021875 1
Node 37 65 19.8494
Pkt 15 750 0.02 1
Pkt 16 800 0.02 1
Node 45 35 15.8114
Pkt 4 200 0.02 1
Pkt 2 100 0.02 1
Node 54 35 15.5242
Pkt 10 480 0.0208333 1
Pkt 8 375 0.0213333 1
Node 57 60 12.2066
Pkt 15 750 0.02 1
Pkt 16 800 0.02 1
Node 52 31 19.105
Pkt 4 160 0.025 1
Pkt 4 160 0.025 1
Node 27 66 28.0179
Pkt 10 480 0.0208333 1
Pkt 8 400 0.02 1
Rate:42.4635
==========
==========67
8 0 2 24000
Node 59 33 19.2354
Pkt 3 120 0.025 1
Pkt 2 100 0.02 1
Node 51 55 5.09902
Pkt 8 375 0.0213333 1
Pkt 8 375 0.0213333 1
Node 50 25 25
Pkt 16 800 0.02 1
Pkt 15 750 0.02 1
Node 38 29 24.1868
Pkt 5 240 0.0208333 1
Pkt 3 120 0.025 1
Node 63 68 22.2036
Pkt 7 320 0.021875 1
Pkt 8 375 0.0213333 1
Node 55 73 23.5372
Pkt 15 750 0.02 1
Pkt 15 750 0.02 1
Node 43 45 8.60233
Pkt 3 150 0.02 1
Pkt 5 240 0.0208333 1
Node 43 43 9.89949
Pkt 7 320 0.021875 1
Pkt 8 375 0.0213333 1
Rate:42.5937
==========
==========68
8 0 2 24000
Node 58 52 8.24621
Pkt 2 100 0.02 1
Pkt 5 250 0.02 1
Node 63 25 28.178
Pkt 8 375 0.0213333 1
Pkt 8 375 0.0213333 1
Node 31 53 19.2354
Pkt 16 800 0.02 1
Pkt 15 750 0.02 1
Node 61 41 14.2127
Pkt 5 250 0.02 1
Pkt 3 125 0.024 1
Node 30 59 21.9317
Pkt 6 300 0.02 1
Pkt 6 300 0.02 1
Node 59 60 13.4536
Pkt 15 750 0.02 1
Pkt 15 750 0.02 1
Node 69 29 28.3196
Pkt 2 100 0.02 1
Pkt 4 192 0.0208333 1
Node 47 73 23.1948
Pkt 10 480 0.0208333 1
Pkt 7 320 0.021875 1
Rate:41.276
==========
==========69
8 0 2 24000
Node 51 31 19.0263
Pkt 3 120 0.025 1
Pkt 4 192 0.0208333 1
Node 34 43 17.4642
Pkt 8 375 0.0213333 1
Pkt 8 375 0.0213333 1
Node 37 58 15.2643
Pkt 16 800 0.02 1
Pkt 15 750 0.02 1
Node 66 56 17.088
Pkt 4 160 0.025 1
Pkt 3 120 0.025 1
Node 69 62 22.4722
Pkt 10 480 0.0208333 1
Pkt 8 375 0.0213333 1
Node 55 63 13.9284
Pkt 16 800 0.02 1
Pkt 16 800 0.02 1
Node 71 32 27.6586
Pkt 5 240 0.0208333 1
Pkt 4 200 0.02 1
Node 56 67 18.0278
Pkt 10 480 0.0208333 1
Pkt 8 400 0.02 1
Rate:42.7917
==========
==========70
8 0 2 24000
Node 32 74 30
Pkt 3 120 0.025 1
Pkt 3 125 0.024 1
Node 27 67 28.6007
Pkt 10 480 0.0208333 1
Pkt 8 400 0.02 1
Node 34 55 16.7631
Pkt 16 800 0.02 1
Pkt 15 750 0.02 1
Node 25 65 29.1548
Pkt 4 160 0.025 1
Pkt 4 200 0.02 1
Node 27 63 26.4197
Pkt 7 320 0.021875 1
Pkt 6 300 0.02 1
Node 64 41 16.6433
Pkt 15 750 0.02 1
Pkt 15 750 0.02 1
Node 47 50 3
Pkt 3 120 0.025 1
Pkt 2 100 0.02 1
Node 28 56 22.8035
Pkt 8 400 0.02 1
Pkt 8 375 0.0213333 1
Rate:42.8802
==========
==========71
8 0 2 24000
Node 34 29 26.4008
Pkt 4 200 0.02 1
Pkt 4 192 0.0208333 1
Node 51 43 7.07107
Pkt 10 480 0.0208333 1
Pkt 6 300 0.02 1
Node 44 39 12.53
Pkt 15 750 0.02 1
Pkt 16 800 0.02 1
Node 36 47 14.3178
Pkt 4 200 0.02 1
Pkt 5 250 0.02 1
Node 53 63 13.3417
Pkt 10 480 0.0208333 1
Pkt 8 400 0.02 1
Node 67 58 18.7883
Pkt 15 750 0.02 1
Pkt 16 800 0.02 1
Node 25 39 27.313
Pkt 3 120 0.025 1
Pkt 3 150 0.02 1
Node 59 25 26.5707
Pkt 7 320 0.021875 1
Pkt 8 375 0.0213333 1
Rate:41.3385
==========
==========72
8 0 2 24000
Node 54 61 11.7047
Pkt 3 125 0.024 1
Pkt 4 192 0.0208333 1
Node 38 38 16.9706
Pkt 8 400 0.02 1
Pkt 8 400 0.02 1
Node 36 39 17.8045
Pkt 15 750 0.02 1
Pkt 16 800 0.02 1
Node 45 47 5.83095
Pkt 4 200 0.02 1
Pkt 2 100 0.02 1
Node 46 27 23.3452
Pkt 8 400 0.02 1
Pkt 8 375 0.0213333 1
Node 36 28 26.0768
Pkt 15 750 0.02 1
Pkt 15 750 0.02 1
Node 37 48 13.1529
Pkt 5 250 0.02 1
Pkt 3 125 0.024 1
Node 66 52 16.1245
Pkt 10 480 0.0208333 1
Pkt 6 300 0.02 1
Rate:41.375
==========
==========73
8 0 2 24000
Node 50 67 17
Pkt 5 250 0.02 1
Pkt 4 200 0.02 1
Node 62 25 27.7308
Pkt 8 400 0.02 1
Pkt 7 320 0.021875 1
Node 55 44 7.81025
Pkt 16 800 0.02 1
Pkt 16 800 0.02 1
Node 52 66 16.1245
Pkt 2 100 0.02 1
Pkt 2 100 0.02 1
Node 53 73 23.1948
Pkt 6 300 0.02 1
Pkt 7 320 0.021875 1
Node 29 57 22.1359
Pkt 15 750 0.02 1
Pkt 15 750 0.02 1
Node 69 57 20.2485
Pkt 4 160 0.025 1
Pkt 4 192 0.0208333 1
Node 39 37 17.0294
Pkt 8 375 0.0213333 1
Pkt 8 375 0.0213333 1
Rate:41.5312
==========
==========74
8 0 2 24000
Node 38 53 12.3693
Pkt 3 120 0.025 1
Pkt 3 125 0.024 1
Node 46 73 23.3452
Pkt 8 375 0.0213333 1
Pkt 8 400 0.02 1
Node 73 48 23.0868
Pkt 15 750 0.02 1
Pkt 16 800 0.02 1
Node 54 47 5
Pkt 3 150 0.02 1
Pkt 3 150 0.02 1
Node 67 36 22.0227
Pkt 10 480 0.0208333 1
Pkt 8 400 0.02 1
Node 30 56 20.8806
Pkt 16 800 0.02 1
Pkt 15 750 0.02 1
Node 49 73 23.0217
Pkt 4 160 0.025 1
Pkt 2 100 0.02 1
Node 26 47 24.1868
Pkt 7 320 0.021875 1
Pkt 6 300 0.02 1
Rate:42.2552
==========
==========75
8 0 2 24000
Node 42 38 14.4222
Pkt 5 240 0.0208333 1
Pkt 3 150 0.02 1
Node 58 40 12.8062
Pkt 6 300 0.02 1
Pkt 10 480 0.0208333 1
Node 43 55 8.60233
Pkt 15 750 0.02 1
Pkt 16 800 0.02 1
Node 52 35 15.1327
Pkt 3 125 0.024 1
Pkt 3 120 0.025 1
Node 65 27 27.4591
Pkt 7 320 0.021875 1
Pkt 10 480 0.0208333 1
Node 46 69 19.4165
Pkt 16 800 0.02 1
Pkt 16 800 0.02 1
Node 38 59 15
Pkt 4 200 0.02 1
Pkt 3 120 0.025 1
Node 28 60 24.1661
Pkt 10 480 0.0208333 1
Pkt 8 375 0.0213333 1
Rate:42.5677
==========
==========76
8 0 2 24000
Node 41 26 25.632
Pkt 3 125 0.024 1
Pkt 5 250 0.02 1
Node 33 63 21.4009
Pkt 7 320 0.021875 1
Pkt 10 480 0.0208333 1
Node 50 31 19
Pkt 16 800 0.02 1
Pkt 16 800 0.02 1
Node 48 27 23.0868
Pkt 5 240 0.0208333 1
Pkt 5 250 0.02 1
Node 39 62 16.2788
Pkt 8 400 0.02 1
Pkt 8 400 0.02 1
Node 38 73 25.9422
Pkt 16 800 0.02 1
Pkt 16 800 0.02 1
Node 33 53 17.2627
Pkt 3 120 0.025 1
Pkt 3 150 0.02 1
Node 27 48 23.0868
Pkt 7 320 0.021875 1
Pkt 8 375 0.0213333 1
Rate:41.9687
==========
==========77
8 0 2 24000
Node 36 44 15.2315
Pkt 5 250 0.02 1
Pkt 3 125 0.024 1
Node 30 51 20.025
Pkt 8 375 0.0213333 1
Pkt 6 300 0.02 1
Node 49 52 2.23607
Pkt 15 750 0.02 1
Pkt 15 750 0.02 1
Node 72 32 28.4253
Pkt 4 160 0.025 1
Pkt 5 250 0.02 1
Node 28 68 28.4253
Pkt 8 400 0.02 1
Pkt 8 375 0.0213333 1
Node 65 70 25
Pkt 16 800 0.02 1
Pkt 16 800 0.02 1
Node 48 44 6.32456
Pkt 4 160 0.025 1
Pkt 3 125 0.024 1
Node 34 68 24.0832
Pkt 6 300 0.02 1
Pkt 7 320 0.021875 1
Rate:42.8177
==========
==========78
8 0 2 24000
Node 30 51 20.025
Pkt 4 200 0.02 1
Pkt 4 160 0.025 1
Node 31 55 19.6469
Pkt 10 480 0.0208333 1
Pkt 6 300 0.02 1
Node 51 73 23.0217
Pkt 16 800 0.02 1
Pkt 15 750 0.02 1
Node 62 36 18.4391
Pkt 5 250 0.02 1
Pkt 5 240 0.0208333 1
Node 61 42 13.6015
Pkt 6 300 0.02 1
Pkt 8 375 0.0213333 1
Node 53 52 3.60555
Pkt 16 800 0.02 1
Pkt 16 800 0.02 1
Node 29 46 21.3776
Pkt 3 150 0.02 1
Pkt 4 192 0.0208333 1
Node 43 47 7.61577
Pkt 8 400 0.02 1
Pkt 8 375 0.0213333 1
Rate:41.2708
==========
==========79
8 0 2 24000
Node 32 73 29.2062
Pkt 5 250 0.02 1
Pkt 3 120 0.025 1
Node 57 27 24.0416
Pkt 6 300 0.02 1
Pkt 8 400 0.02 1
Node 71 74 31.8904
Pkt 16 800 0.02 1
Pkt 16 800 0.02 1
Node 28 73 31.8277
Pkt 3 120 0.025 1
Pkt 3 150 0.02 1
Node 38 39 16.2788
Pkt 6 300 0.02 1
Pkt 8 375 0.0213333 1
Node 64 54 14.5602
Pkt 15 750 0.02 1
Pkt 16 800 0.02 1
Node 36 52 14.1421
Pkt 4 200 0.02 1
Pkt 3 120 0.025 1
Node 45 40 11.1803
Pkt 8 400 0.02 1
Pkt 8 375 0.0213333 1
Rate:42.2083
==========
==========80
8 0 2 24000
Node 59 68 20.1246
Pkt 4 200 0.02 1
Pkt 4 192 0.0208333 1
Node 48 62 12.1655
Pkt 7 320 0.021875 1
Pkt 8 400 0.02 1
Node 63 28 25.5539
Pkt 15 750 0.02 1
Pkt 15 750 0.02 1
Node 56 71 21.8403
Pkt 2 100 0.02 1
Pkt 3 125 0.024 1
Node 51 53 3.16228
Pkt 10 480 0.0208333 1
Pkt 8 400 0.02 1
Node 60 31 21.4709
Pkt 15 750 0.02 1
Pkt 16 800 0.02 1
Node 29 54 21.3776
Pkt 4 160 0.025 1
Pkt 5 240 0.0208333 1
Node 49 72 22.0227
Pkt 8 400 0.02 1
Pkt 6 300 0.02 1
Rate:41.6719
==========
==========81
8 0 2 24000
Node 48 62 12.1655
Pkt 5 240 0.0208333 1
Pkt 4 200 0.02 1
Node 56 55 7.81025
Pkt 10 480 0.0208333 1
Pkt 10 480 0.0208333 1
Node 29 69 28.3196
Pkt 15 750 0.02 1
Pkt 16 800 0.02 1
Node 35 71 25.807
Pkt 4 160 0.025 1
Pkt 4 160 0.025 1
Node 54 34 16.4924
Pkt 8 400 0.02 1
Pkt 8 375 0.0213333 1
Node 63 49 13.0384
Pkt 15 750 0.02 1
Pkt 15 750 0.02 1
Node 74 27 33.2415
Pkt 3 125 0.024 1
Pkt 3 125 0.024 1
Node 49 63 13.0384
Pkt 10 480 0.0208333 1
Pkt 8 400 0.02 1
Rate:42.8333
==========
==========82
8 0 2 24000
Node 58 58 11.3137
Pkt 4 192 0.0208333 1
Pkt 3 120 0.025 1
Node 33 71 27.0185
Pkt 8 375 0.0213333 1
Pkt 8 400 0.02 1
Node 29 44 21.8403
Pkt 16 800 0.02 1
Pkt 16 800 0.02 1
Node 35 51 15.0333
Pkt 3 120 0.025 1
Pkt 5 240 0.0208333 1
Node 32 58 19.6977
Pkt 10 480 0.0208333 1
Pkt 8 400 0.02 1
Node 61 59 14.2127
Pkt 16 800 0.02 1
Pkt 15 750 0.02 1
Node 58 50 8
Pkt 3 125 0.024 1
Pkt 5 240 0.0208333 1
Node 41 60 13.4536
Pkt 7 320 0.021875 1
Pkt 8 400 0.02 1
Rate:42.5677
==========
==========83
8 0 2 24000
Node 34 43 17.4642
Pkt 4 192 0.0208333 1
Pkt 2 100 0.02 1
Node 60 56 11.6619
Pkt 8 375 0.0213333 1
Pkt 8 400 0.02 1
Node 30 31 27.5862
Pkt 15 750 0.02 1
Pkt 16 800 0.02 1
Node 43 58 10.6301
Pkt 3 125 0.024 1
Pkt 5 240 0.0208333 1
Node 30 60 22.3607
Pkt 10 480 0.0208333 1
Pkt 10 480 0.0208333 1
Node 72 46 22.3607
Pkt 15 750 0.02 1
Pkt 16 800 0.02 1
Node 67 47 17.2627
Pkt 3 120 0.025 1
Pkt 3 150 0.02 1
Node 33 36 22.0227
Pkt 10 480 0.0208333 1
Pkt 8 375 0.0213333 1
Rate:41.9792
==========
==========84
8 0 2 24000
Node 64 34 21.2603
Pkt 5 240 0.0208333 1
Pkt 4 192 0.0208333 1
Node 57 59 11.4018
Pkt 8 375 0.0213333 1
Pkt 8 375 0.0213333 1
Node 40 57 12.2066
Pkt 15 750 0.02 1
Pkt 15 750 0.02 1
Node 32 73 29.2062
Pkt 3 150 0.02 1
Pkt 4 200 0.02 1
Node 72 52 22.0907
Pkt 6 300 0.02 1
Pkt 8 375 0.0213333 1
Node 69 63 23.0217
Pkt 15 750 0.02 1
Pkt 15 750 0.02 1
Node 43 66 17.4642
Pkt 4 200 0.02 1
Pkt 4 192 0.0208333 1
Node 59 62 15
Pkt 8 375 0.0213333 1
Pkt 8 375 0.0213333 1
Rate:41.1458
==========
==========85
8 0 2 24000
Node 67 40 19.7231
Pkt 4 200 0.02 1
Pkt 3 120 0.025 1
Node 35 36 20.5183
Pkt 10 480 0.0208333 1
Pkt 8 400 0.02 1
Node 65 31 24.2074
Pkt 15 750 0.02 1
Pkt 16 800 0.02 1
Node 59 64 16.6433
Pkt 3 125 0.024 1
Pkt 4 200 0.02 1
Node 30 45 20.6155
Pkt 7 320 0.021875 1
Pkt 8 400 0.02 1
Node 42 55 9.43398
Pkt 15 750 0.02 1
Pkt 15 750 0.02 1
Node 66 32 24.0832
Pkt 3 120 0.025 1
Pkt 4 200 0.02 1
Node 68 38 21.6333
Pkt 8 375 0.0213333 1
Pkt 6 300 0.02 1
Rate:42.2552
==========
==========86
8 0 2 24000
Node 31 73 29.8329
Pkt 2 100 0.02 1
Pkt 5 240 0.0208333 1
Node 32 27 29.2062
Pkt 8 400 0.02 1
Pkt 8 400 0.02 1
Node 72 57 23.0868
Pkt 15 750 0.02 1
Pkt 15 750 0.02 1
Node 50 45 5
Pkt 4 192 0.0208333 1
Pkt 3 150 0.02 1
Node 46 31 19.4165
Pkt 6 300 0.02 1
Pkt 10 480 0.0208333 1
Node 27 35 27.4591
Pkt 16 800 0.02 1
Pkt 15 750 0.02 1
Node 27 39 25.4951
Pkt 4 200 0.02 1
Pkt 4 200 0.02 1
Node 66 38 20
Pkt 6 300 0.02 1
Pkt 8 375 0.0213333 1
Rate:40.4792
==========
==========87
8 0 2 24000
Node 45 49 5.09902
Pkt 4 192 0.0208333 1
Pkt 3 150 0.02 1
Node 61 51 11.0454
Pkt 7 320 0.021875 1
Pkt 6 300 0.02 1
Node 48 65 15.1327
Pkt 15 750 0.02 1
Pkt 15 750 0.02 1
Node 69 51 19.0263
Pkt 3 120 0.025 1
Pkt 5 240 0.0208333 1
Node 51 55 5.09902
Pkt 10 480 0.0208333 1
Pkt 7 320 0.021875 1
Node 55 26 24.5153
Pkt 16 800 0.02 1
Pkt 15 750 0.02 1
Node 27 31 29.8329
Pkt 3 125 0.024 1
Pkt 4 160 0.025 1
Node 27 46 23.3452
Pkt 6 300 0.02 1
Pkt 8 375 0.0213333 1
Rate:42.6979
==========
==========88
8 0 2 24000
Node 63 34 20.6155
Pkt 5 250 0.02 1
Pkt 4 192 0.0208333 1
Node 48 43 7.28011
Pkt 7 320 0.021875 1
Pkt 6 300 0.02 1
Node 32 47 18.2483
Pkt 15 750 0.02 1
Pkt 16 800 0.02 1
Node 47 48 3.60555
Pkt 5 240 0.0208333 1
Pkt 2 100 0.02 1
Node 70 25 32.0156
Pkt 10 480 0.0208333 1
Pkt 10 480 0.0208333 1
Node 40 33 19.7231
Pkt 16 800 0.02 1
Pkt 16 800 0.02 1
Node 41 42 12.0416
Pkt 4 200 0.02 1
Pkt 2 100 0.02 1
Node 61 51 11.0454
Pkt 7 320 0.021875 1
Pkt 8 375 0.0213333 1
Rate:41.0521
==========
==========89
8 0 2 24000
Node 40 25 26.9258
Pkt 5 250 0.02 1
Pkt 3 120 0.025 1
Node 72 56 22.8035
Pkt 6 300 0.02 1
Pkt 7 320 0.021875 1
Node 35 61 18.6011
Pkt 15 750 0.02 1
Pkt 16 800 0.02 1
Node 55 33 17.72
Pkt 2 100 0.02 1
Pkt 3 125 0.024 1
Node 65 60 18.0278
Pkt 7 320 0.021875 1
Pkt 8 400 0.02 1
Node 36 52 14.1421
Pkt 16 800 0.02 1
Pkt 16 800 0.02 1
Node 71 70 29
Pkt 2 100 0.02 1
Pkt 3 150 0.02 1
Node 57 46 8.06226
Pkt 7 320 0.021875 1
Pkt 8 375 0.0213333 1
Rate:41.9948
==========
==========90
8 0 2 24000
Node 46 62 12.6491
Pkt 3 125 0.024 1
Pkt 5 240 0.0208333 1
Node 45 42 9.43398
Pkt 8 400 0.02 1
Pkt 10 480 0.0208333 1
Node 50 35 15
Pkt 15 750 0.02 1
Pkt 15 750 0.02 1
Node 60 45 11.1803
Pkt 5 250 0.02 1
Pkt 5 240 0.0208333 1
Node 54 67 17.4642
Pkt 10 480 0.0208333 1
Pkt 8 375 0.0213333 1
Node 57 36 15.6525
Pkt 15 750 0.02 1
Pkt 16 800 0.02 1
Node 67 61 20.2485
Pkt 3 150 0.02 1
Pkt 4 192 0.0208333 1
Node 43 56 9.21954
Pkt 8 400 0.02 1
Pkt 8 400 0.02 1
Rate:41.1875
==========
==========91
8 0 2 24000
Node 54 62 12.6491
Pkt 4 200 0.02 1
Pkt 3 125 0.024 1
Node 53 32 18.2483
Pkt 7 320 0.021875 1
Pkt 6 300 0.02 1
Node 74 41 25.632
Pkt 16 800 0.02 1
Pkt 16 800 0.02 1
Node 67 28 27.8029
Pkt 3 125 0.024 1
Pkt 5 240 0.0208333 1
Node 36 25 28.6531
Pkt 6 300 0.02 1
Pkt 6 300 0.02 1
Node 57 57 9.89949
Pkt 16 800 0.02 1
Pkt 15 750 0.02 1
Node 60 52 10.198
Pkt 5 240 0.0208333 1
Pkt 3 120 0.025 1
Node 54 51 4.12311
Pkt 8 375 0.0213333 1
Pkt 6 300 0.02 1
Rate:42.2344
==========
==========92
8 0 2 24000
Node 30 33 26.2488
Pkt 4 200 0.02 1
Pkt 4 192 0.0208333 1
Node 47 31 19.2354
Pkt 10 480 0.0208333 1
Pkt 8 400 0.02 1
Node 74 51 24.0208
Pkt 15 750 0.02 1
Pkt 15 750 0.02 1
Node 61 68 21.095
Pkt 4 200 0.02 1
Pkt 3 125 0.024 1
Node 28 73 31.8277
Pkt 6 300 0.02 1
Pkt 8 400 0.02 1
Node 66 66 22.6274
Pkt 15 750 0.02 1
Pkt 15 750 0.02 1
Node 26 33 29.4109
Pkt 3 125 0.024 1
Pkt 4 192 0.0208333 1
Node 49 51 1.41421
Pkt 6 300 0.02 1
Pkt 10 480 0.0208333 1
Rate:41.4167
==========
==========93
8 0 2 24000
Node 30 40 22.3607
Pkt 5 240 0.0208333 1
Pkt 3 150 0.02 1
Node 56 42 10
Pkt 8 400 0.02 1
Pkt 10 480 0.0208333 1
Node 48 55 5.38516
Pkt 15 750 0.02 1
Pkt 16 800 0.02 1
Node 45 48 5.38516
Pkt 3 120 0.025 1
Pkt 2 100 0.02 1
Node 57 49 7.07107
Pkt 8 375 0.0213333 1
Pkt 7 320 0.021875 1
Node 61 64 17.8045
Pkt 16 800 0.02 1
Pkt 16 800 0.02 1
Node 27 33 28.6007
Pkt 5 240 0.0208333 1
Pkt 4 192 0.0208333 1
Node 65 29 25.807
Pkt 8 375 0.0213333 1
Pkt 7 320 0.021875 1
Rate:41.8437
==========
==========94
8 0 2 24000
Node 57 25 25.9615
Pkt 4 200 0.02 1
Pkt 4 160 0.025 1
Node 70 36 24.4131
Pkt 7 320 0.021875 1
Pkt 6 300 0.02 1
Node 68 28 28.4253
Pkt 15 750 0.02 1
Pkt 15 750 0.02 1
Node 25 38 27.7308
Pkt 3 150 0.02 1
Pkt 4 200 0.02 1
Node 33 51 17.0294
Pkt 8 375 0.0213333 1
Pkt 8 400 0.02 1
Node 64 39 17.8045
Pkt 15 750 0.02 1
Pkt 15 750 0.02 1
Node 53 64 14.3178
Pkt 3 120 0.025 1
Pkt 3 150 0.02 1
Node 43 61 13.0384
Pkt 10 480 0.0208333 1
Pkt 8 375 0.0213333 1
Rate:41.9219
==========
==========95
8 0 2 24000
Node 27 66 28.0179
Pkt 4 192 0.0208333 1
Pkt 5 250 0.02 1
Node 48 68 18.1108
Pkt 7 320 0.021875 1
Pkt 6 300 0.02 1
Node 35 67 22.6716
Pkt 15 750 0.02 1
Pkt 16 800 0.02 1
Node 41 46 9.84886
Pkt 5 250 0.02 1
Pkt 4 200 0.02 1
Node 69 49 19.0263
Pkt 8 400 0.02 1
Pkt 7 320 0.021875 1
Node 66 68 24.0832
Pkt 16 800 0.02 1
Pkt 16 800 0.02 1
Node 32 55 18.6815
Pkt 3 120 0.025 1
Pkt 4 160 0.025 1
Node 68 56 18.9737
Pkt 8 375 0.0213333 1
Pkt 8 375 0.0213333 1
Rate:42.1563
==========
==========96
8 0 2 24000
Node 59 55 10.2956
Pkt 4 160 0.025 1
Pkt 3 120 0.025 1
Node 61 60 14.8661
Pkt 10 480 0.0208333 1
Pkt 7 320 0.021875 1
Node 60 25 26.9258
Pkt 16 800 0.02 1
Pkt 15 750 0.02 1
Node 57 66 17.4642
Pkt 3 120 0.025 1
Pkt 4 192 0.0208333 1
Node 57 31 20.2485
Pkt 7 320 0.021875 1
Pkt 8 375 0.0213333 1
Node 35 27 27.4591
Pkt 16 800 0.02 1
Pkt 16 800 0.02 1
Node 44 72 22.8035
Pkt 3 125 0.024 1
Pkt 3 120 0.025 1
Node 52 46 4.47214
Pkt 6 300 0.02 1
Pkt 7 320 0.021875 1
Rate:44.0781
==========
==========97
8 0 2 24000
Node 54 44 7.2111
Pkt 4 200 0.02 1
Pkt 5 250 0.02 1
Node 74 41 25.632
Pkt 8 375 0.0213333 1
Pkt 8 400 0.02 1
Node 57 66 17.4642
Pkt 15 750 0.02 1
Pkt 16 800 0.02 1
Node 40 39 14.8661
Pkt 3 150 0.02 1
Pkt 5 250 0.02 1
Node 57 55 8.60233
Pkt 8 400 0.02 1
Pkt 8 375 0.0213333 1
Node 55 51 5.09902
Pkt 16 800 0.02 1
Pkt 15 750 0.02 1
Node 70 69 27.5862
Pkt 3 125 0.024 1
Pkt 5 240 0.0208333 1
Node 30 41 21.9317
Pkt 8 375 0.0213333 1
Pkt 8 400 0.02 1
Rate:41.1042
==========
==========98
8 0 2 24000
Node 49 25 25.02
Pkt 4 192 0.0208333 1
Pkt 4 160 0.025 1
Node 58 61 13.6015
Pkt 6 300 0.02 1
Pkt 8 400 0.02 1
Node 40 45 11.1803
Pkt 16 800 0.02 1
Pkt 15 750 0.02 1
Node 74 73 33.2415
Pkt 3 120 0.025 1
Pkt 4 160 0.025 1
Node 37 57 14.7648
Pkt 7 320 0.021875 1
Pkt 6 300 0.02 1
Node 40 27 25.0799
Pkt 16 800 0.02 1
Pkt 16 800 0.02 1
Node 54 63 13.6015
Pkt 3 150 0.02 1
Pkt 3 125 0.024 1
Node 42 27 24.3516
Pkt 6 300 0.02 1
Pkt 10 480 0.0208333 1
Rate:42.8177
==========
==========99
