8 0 2 24000
Node 64 36 19.799
Pkt 44 240 0.183333 1
Pkt 18 100 0.18 1
Node 53 48 3.60555
Pkt 54 300 0.18 1
Pkt 68 375 0.181333 1
Node 74 50 24
Pkt 135 750 0.18 1
Pkt 144 800 0.18 1
Node 51 58 8.06226
Pkt 36 200 0.18 1
Pkt 18 100 0.18 1
Node 64 48 14.1421
Pkt 68 375 0.181333 1
Pkt 87 480 0.18125 1
Node 69 43 20.2485
Pkt 144 800 0.18 1
Pkt 135 750 0.18 1
Node 67 40 19.7231
Pkt 36 200 0.18 1
Pkt 44 240 0.183333 1
Node 70 64 24.4131
Pkt 54 300 0.18 1
Pkt 87 480 0.18125 1
Rate:361.479
==========
==========0
8 0 2 24000
Node 37 55 13.9284
Pkt 23 125 0.184 1
Pkt 45 250 0.18 1
Node 64 72 26.0768
Pkt 87 480 0.18125 1
Pkt 68 375 0.181333 1
Node 63 45 13.9284
Pkt 135 750 0.18 1
Pkt 144 800 0.18 1
Node 33 68 24.7588
Pkt 45 250 0.18 1
Pkt 22 120 0.183333 1
Node 73 44 23.7697
Pkt 54 300 0.18 1
Pkt 87 480 0.18125 1
Node 33 37 21.4009
Pkt 144 800 0.18 1
Pkt 135 750 0.18 1
Node 28 29 30.4138
Pkt 29 160 0.18125 1
Pkt 27 150 0.18 1
Node 47 37 13.3417
Pkt 87 480 0.18125 1
Pkt 68 375 0.181333 1
Rate:361.875
==========
==========1
8 0 2 24000
Node 43 43 9.89949
Pkt 29 160 0.18125 1
Pkt 22 120 0.183333 1
Node 30 71 29
Pkt 68 375 0.181333 1
Pkt 58 320 0.18125 1
Node 43 40 12.2066
Pkt 144 800 0.18 1
Pkt 144 800 0.18 1
Node 69 71 28.3196
Pkt 29 160 0.18125 1
Pkt 22 120 0.183333 1
Node 49 55 5.09902
Pkt 72 400 0.18 1
Pkt 68 375 0.181333 1
Node 61 74 26.4008
Pkt 144 800 0.18 1
Pkt 135 750 0.18 1
Node 36 47 14.3178
Pkt 35 192 0.182292 1
Pkt 27 150 0.18 1
Node 53 74 24.1868
Pkt 68 375 0.181333 1
Pkt 58 320 0.18125 1
Rate:362.245
==========
==========2
8 0 2 24000
Node 52 73 23.0868
Pkt 18 100 0.18 1
Pkt 35 192 0.182292 1
Node 38 45 13
Pkt 54 300 0.18 1
Pkt 58 320 0.18125 1
Node 28 48 22.0907
Pkt 135 750 0.18 1
Pkt 135 750 0.18 1
Node 32 33 24.7588
Pkt 18 100 0.18 1
Pkt 23 125 0.184 1
Node 52 31 19.105
Pkt 87 480 0.18125 1
Pkt 58 320 0.18125 1
Node 33 33 24.0416
Pkt 144 800 0.18 1
Pkt 144 800 0.18 1
Node 49 59 9.05539
Pkt 23 125 0.184 1
Pkt 45 250 0.18 1
Node 33 31 25.4951
Pkt 72 400 0.18 1
Pkt 68 375 0.181333 1
Rate:361.922
==========
==========3
8 0 2 24000
Node 38 25 27.7308
Pkt 44 240 0.183333 1
Pkt 35 192 0.182292 1
Node 52 65 15.1327
Pkt 72 400 0.18 1
Pkt 68 375 0.181333 1
Node 28 50 22
Pkt 135 750 0.18 1
Pkt 135 750 0.18 1
Node 34 53 16.2788
Pkt 29 160 0.18125 1
Pkt 18 100 0.18 1
Node 58 42 11.3137
Pkt 58 320 0.18125 1
Pkt 72 400 0.18 1
Node 33 27 28.6007
Pkt 144 800 0.18 1
Pkt 144 800 0.18 1
Node 38 31 22.4722
Pkt 22 120 0.183333 1
Pkt 27 150 0.18 1
Node 50 45 5
Pkt 87 480 0.18125 1
Pkt 54 300 0.18 1
Rate:361.755
==========
==========4
8 0 2 24000
Node 56 74 24.7386
Pkt 18 100 0.18 1
Pkt 36 200 0.18 1
Node 64 42 16.1245
Pkt 68 375 0.181333 1
Pkt 54 300 0.18 1
Node 63 38 17.6918
Pkt 144 800 0.18 1
Pkt 144 800 0.18 1
Node 45 47 5.83095
Pkt 29 160 0.18125 1
Pkt 35 192 0.182292 1
Node 35 36 20.5183
Pkt 72 400 0.18 1
Pkt 58 320 0.18125 1
Node 32 52 18.1108
Pkt 135 750 0.18 1
Pkt 144 800 0.18 1
Node 68 60 20.5913
Pkt 45 250 0.18 1
Pkt 45 250 0.18 1
Node 33 29 27.0185
Pkt 58 320 0.18125 1
Pkt 72 400 0.18 1
Rate:360.922
==========
==========5
8 0 2 24000
Node 40 66 18.868
Pkt 44 240 0.183333 1
Pkt 36 200 0.18 1
Node 29 31 28.3196
Pkt 58 320 0.18125 1
Pkt 87 480 0.18125 1
Node 47 74 24.1868
Pkt 144 800 0.18 1
Pkt 144 800 0.18 1
Node 38 60 15.6205
Pkt 22 120 0.183333 1
Pkt 29 160 0.18125 1
Node 72 56 22.8035
Pkt 72 400 0.18 1
Pkt 68 375 0.181333 1
Node 55 72 22.561
Pkt 144 800 0.18 1
Pkt 144 800 0.18 1
Node 45 57 8.60233
Pkt 18 100 0.18 1
Pkt 18 100 0.18 1
Node 62 30 23.3238
Pkt 72 400 0.18 1
Pkt 72 400 0.18 1
Rate:361.469
==========
==========6
8 0 2 24000
Node 39 41 14.2127
Pkt 22 120 0.183333 1
Pkt 18 100 0.18 1
Node 74 46 24.3311
Pkt 54 300 0.18 1
Pkt 58 320 0.18125 1
Node 56 63 14.3178
Pkt 144 800 0.18 1
Pkt 135 750 0.18 1
Node 35 25 29.1548
Pkt 45 250 0.18 1
Pkt 22 120 0.183333 1
Node 43 67 18.3848
Pkt 72 400 0.18 1
Pkt 87 480 0.18125 1
Node 73 36 26.9258
Pkt 144 800 0.18 1
Pkt 144 800 0.18 1
Node 31 69 26.8701
Pkt 22 120 0.183333 1
Pkt 36 200 0.18 1
Node 62 34 20
Pkt 72 400 0.18 1
Pkt 58 320 0.18125 1
Rate:361.719
==========
==========7
8 0 2 24000
Node 57 34 17.4642
Pkt 18 100 0.18 1
Pkt 27 150 0.18 1
Node 54 53 5
Pkt 72 400 0.18 1
Pkt 68 375 0.181333 1
Node 39 49 11.0454
Pkt 144 800 0.18 1
Pkt 144 800 0.18 1
Node 46 26 24.3311
Pkt 29 160 0.18125 1
Pkt 29 160 0.18125 1
Node 47 48 3.60555
Pkt 58 320 0.18125 1
Pkt 68 375 0.181333 1
Node 53 53 4.24264
Pkt 135 750 0.18 1
Pkt 144 800 0.18 1
Node 43 65 16.5529
Pkt 22 120 0.183333 1
Pkt 27 150 0.18 1
Node 51 70 20.025
Pkt 72 400 0.18 1
Pkt 58 320 0.18125 1
Rate:361.375
==========
==========8
8 0 2 24000
Node 43 33 18.3848
Pkt 22 120 0.183333 1
Pkt 27 150 0.18 1
Node 47 45 5.83095
Pkt 72 400 0.18 1
Pkt 58 320 0.18125 1
Node 65 47 15.2971
Pkt 144 800 0.18 1
Pkt 135 750 0.18 1
Node 25 48 25.0799
Pkt 23 125 0.184 1
Pkt 27 150 0.18 1
Node 74 32 30
Pkt 54 300 0.18 1
Pkt 68 375 0.181333 1
Node 32 32 25.4558
Pkt 144 800 0.18 1
Pkt 144 800 0.18 1
Node 45 33 17.72
Pkt 29 160 0.18125 1
Pkt 18 100 0.18 1
Node 36 35 20.5183
Pkt 58 320 0.18125 1
Pkt 54 300 0.18 1
Rate:361.552
==========
==========9
8 0 2 24000
Node 36 31 23.6008
Pkt 45 250 0.18 1
Pkt 36 200 0.18 1
Node 59 70 21.9317
Pkt 87 480 0.18125 1
Pkt 54 300 0.18 1
Node 70 38 23.3238
Pkt 135 750 0.18 1
Pkt 144 800 0.18 1
Node 25 57 25.9615
Pkt 23 125 0.184 1
Pkt 22 120 0.183333 1
Node 38 64 18.4391
Pkt 58 320 0.18125 1
Pkt 68 375 0.181333 1
Node 62 27 25.9422
Pkt 144 800 0.18 1
Pkt 144 800 0.18 1
Node 61 45 12.083
Pkt 23 125 0.184 1
Pkt 35 192 0.182292 1
Node 45 69 19.6469
Pkt 68 375 0.181333 1
Pkt 54 300 0.18 1
Rate:362.349
==========
==========10
8 0 2 24000
Node 69 62 22.4722
Pkt 45 250 0.18 1
Pkt 22 120 0.183333 1
Node 37 58 15.2643
Pkt 72 400 0.18 1
Pkt 58 320 0.18125 1
Node 25 27 33.9706
Pkt 144 800 0.18 1
Pkt 135 750 0.18 1
Node 64 36 19.799
Pkt 27 150 0.18 1
Pkt 22 120 0.183333 1
Node 35 31 24.2074
Pkt 54 300 0.18 1
Pkt 87 480 0.18125 1
Node 51 30 20.025
Pkt 135 750 0.18 1
Pkt 135 750 0.18 1
Node 28 30 29.7321
Pkt 29 160 0.18125 1
Pkt 35 192 0.182292 1
Node 73 72 31.8277
Pkt 87 480 0.18125 1
Pkt 58 320 0.18125 1
Rate:361.901
==========
==========11
8 0 2 24000
Node 66 69 24.8395
Pkt 36 200 0.18 1
Pkt 27 150 0.18 1
Node 69 74 30.6105
Pkt 87 480 0.18125 1
Pkt 54 300 0.18 1
Node 39 41 14.2127
Pkt 135 750 0.18 1
Pkt 144 800 0.18 1
Node 52 27 23.0868
Pkt 45 250 0.18 1
Pkt 27 150 0.18 1
Node 67 51 17.0294
Pkt 58 320 0.18125 1
Pkt 54 300 0.18 1
Node 43 48 7.28011
Pkt 144 800 0.18 1
Pkt 135 750 0.18 1
Node 60 67 19.7231
Pkt 44 240 0.183333 1
Pkt 27 150 0.18 1
Node 32 39 21.095
Pkt 58 320 0.18125 1
Pkt 58 320 0.18125 1
Rate:361.042
==========
==========12
8 0 2 24000
Node 57 49 7.07107
Pkt 35 192 0.182292 1
Pkt 22 120 0.183333 1
Node 38 42 14.4222
Pkt 58 320 0.18125 1
Pkt 68 375 0.181333 1
Node 26 71 31.8904
Pkt 135 750 0.18 1
Pkt 144 800 0.18 1
Node 36 31 23.6008
Pkt 23 125 0.184 1
Pkt 29 160 0.18125 1
Node 58 31 20.6155
Pkt 72 400 0.18 1
Pkt 72 400 0.18 1
Node 42 43 10.6301
Pkt 135 750 0.18 1
Pkt 135 750 0.18 1
Node 47 59 9.48683
Pkt 45 250 0.18 1
Pkt 23 125 0.184 1
Node 43 30 21.1896
Pkt 72 400 0.18 1
Pkt 72 400 0.18 1
Rate:362.182
==========
==========13
8 0 2 24000
Node 28 45 22.561
Pkt 22 120 0.183333 1
Pkt 44 240 0.183333 1
Node 41 33 19.2354
Pkt 54 300 0.18 1
Pkt 54 300 0.18 1
Node 30 35 25
Pkt 135 750 0.18 1
Pkt 144 800 0.18 1
Node 57 65 16.5529
Pkt 45 250 0.18 1
Pkt 36 200 0.18 1
Node 36 50 14
Pkt 87 480 0.18125 1
Pkt 68 375 0.181333 1
Node 54 28 22.3607
Pkt 144 800 0.18 1
Pkt 144 800 0.18 1
Node 71 38 24.1868
Pkt 44 240 0.183333 1
Pkt 27 150 0.18 1
Node 71 45 21.587
Pkt 72 400 0.18 1
Pkt 54 300 0.18 1
Rate:361.573
==========
==========14
8 0 2 24000
Node 44 50 6
Pkt 23 125 0.184 1
Pkt 44 240 0.183333 1
Node 63 61 17.0294
Pkt 68 375 0.181333 1
Pkt 72 400 0.18 1
Node 61 50 11
Pkt 135 750 0.18 1
Pkt 135 750 0.18 1
Node 52 44 6.32456
Pkt 35 192 0.182292 1
Pkt 23 125 0.184 1
Node 50 65 15
Pkt 54 300 0.18 1
Pkt 54 300 0.18 1
Node 67 35 22.6716
Pkt 144 800 0.18 1
Pkt 144 800 0.18 1
Node 31 60 21.4709
Pkt 22 120 0.183333 1
Pkt 22 120 0.183333 1
Node 39 69 21.9545
Pkt 58 320 0.18125 1
Pkt 87 480 0.18125 1
Rate:363.016
==========
==========15
8 0 2 24000
Node 49 29 21.0238
Pkt 35 192 0.182292 1
Pkt 35 192 0.182292 1
Node 58 32 19.6977
Pkt 54 300 0.18 1
Pkt 72 400 0.18 1
Node 67 44 18.0278
Pkt 144 800 0.18 1
Pkt 135 750 0.18 1
Node 62 72 25.0599
Pkt 36 200 0.18 1
Pkt 45 250 0.18 1
Node 26 43 25
Pkt 58 320 0.18125 1
Pkt 58 320 0.18125 1
Node 74 27 33.2415
Pkt 144 800 0.18 1
Pkt 135 750 0.18 1
Node 33 36 22.0227
Pkt 45 250 0.18 1
Pkt 36 200 0.18 1
Node 32 60 20.5913
Pkt 54 300 0.18 1
Pkt 58 320 0.18125 1
Rate:361.042
==========
==========16
8 0 2 24000
Node 55 68 18.6815
Pkt 29 160 0.18125 1
Pkt 22 120 0.183333 1
Node 27 40 25.0799
Pkt 68 375 0.181333 1
Pkt 58 320 0.18125 1
Node 51 33 17.0294
Pkt 135 750 0.18 1
Pkt 135 750 0.18 1
Node 41 54 9.84886
Pkt 45 250 0.18 1
Pkt 23 125 0.184 1
Node 49 65 15.0333
Pkt 72 400 0.18 1
Pkt 72 400 0.18 1
Node 41 50 9
Pkt 144 800 0.18 1
Pkt 144 800 0.18 1
Node 72 32 28.4253
Pkt 45 250 0.18 1
Pkt 36 200 0.18 1
Node 34 39 19.4165
Pkt 68 375 0.181333 1
Pkt 87 480 0.18125 1
Rate:361.719
==========
==========17
8 0 2 24000
Node 32 28 28.4253
Pkt 27 150 0.18 1
Pkt 29 160 0.18125 1
Node 51 30 20.025
Pkt 87 480 0.18125 1
Pkt 68 375 0.181333 1
Node 66 39 19.4165
Pkt 144 800 0.18 1
Pkt 135 750 0.18 1
Node 64 73 26.9258
Pkt 35 192 0.182292 1
Pkt 27 150 0.18 1
Node 30 63 23.8537
Pkt 54 300 0.18 1
Pkt 54 300 0.18 1
Node 64 71 25.2389
Pkt 135 750 0.18 1
Pkt 135 750 0.18 1
Node 57 59 11.4018
Pkt 18 100 0.18 1
Pkt 22 120 0.183333 1
Node 67 40 19.7231
Pkt 54 300 0.18 1
Pkt 68 375 0.181333 1
Rate:361.349
==========
==========18
8 0 2 24000
Node 38 36 18.4391
Pkt 35 192 0.182292 1
Pkt 29 160 0.18125 1
Node 74 62 26.8328
Pkt 68 375 0.181333 1
Pkt 72 400 0.18 1
Node 26 50 24
Pkt 135 750 0.18 1
Pkt 144 800 0.18 1
Node 37 39 17.0294
Pkt 45 250 0.18 1
Pkt 23 125 0.184 1
Node 65 59 17.4929
Pkt 72 400 0.18 1
Pkt 72 400 0.18 1
Node 52 64 14.1421
Pkt 144 800 0.18 1
Pkt 144 800 0.18 1
Node 53 62 12.3693
Pkt 18 100 0.18 1
Pkt 22 120 0.183333 1
Node 38 63 17.6918
Pkt 72 400 0.18 1
Pkt 54 300 0.18 1
Rate:361.526
==========
==========19
8 0 2 24000
Node 70 68 26.9072
Pkt 27 150 0.18 1
Pkt 29 160 0.18125 1
Node 46 35 15.5242
Pkt 72 400 0.18 1
Pkt 54 300 0.18 1
Node 37 64 19.105
Pkt 144 800 0.18 1
Pkt 144 800 0.18 1
Node 52 31 19.105
Pkt 27 150 0.18 1
Pkt 45 250 0.18 1
Node 31 61 21.9545
Pkt 68 375 0.181333 1
Pkt 72 400 0.18 1
Node 66 56 17.088
Pkt 144 800 0.18 1
Pkt 135 750 0.18 1
Node 39 46 11.7047
Pkt 36 200 0.18 1
Pkt 27 150 0.18 1
Node 40 45 11.1803
Pkt 72 400 0.18 1
Pkt 72 400 0.18 1
Rate:360.323
==========
==========20
8 0 2 24000
Node 69 49 19.0263
Pkt 35 192 0.182292 1
Pkt 36 200 0.18 1
Node 35 43 16.5529
Pkt 87 480 0.18125 1
Pkt 54 300 0.18 1
Node 66 73 28.0179
Pkt 144 800 0.18 1
Pkt 135 750 0.18 1
Node 71 37 24.6982
Pkt 35 192 0.182292 1
Pkt 23 125 0.184 1
Node 44 45 7.81025
Pkt 68 375 0.181333 1
Pkt 58 320 0.18125 1
Node 42 39 13.6015
Pkt 135 750 0.18 1
Pkt 144 800 0.18 1
Node 35 62 19.2094
Pkt 35 192 0.182292 1
Pkt 18 100 0.18 1
Node 65 67 22.6716
Pkt 68 375 0.181333 1
Pkt 87 480 0.18125 1
Rate:362.161
==========
==========21
8 0 2 24000
Node 46 36 14.5602
Pkt 27 150 0.18 1
Pkt 29 160 0.18125 1
Node 40 45 11.1803
Pkt 72 400 0.18 1
Pkt 54 300 0.18 1
Node 36 52 14.1421
Pkt 135 750 0.18 1
Pkt 144 800 0.18 1
Node 46 69 19.4165
Pkt 18 100 0.18 1
Pkt 27 150 0.18 1
Node 26 40 26
Pkt 87 480 0.18125 1
Pkt 58 320 0.18125 1
Node 38 38 16.9706
Pkt 135 750 0.18 1
Pkt 144 800 0.18 1
Node 69 29 28.3196
Pkt 44 240 0.183333 1
Pkt 35 192 0.182292 1
Node 55 31 19.6469
Pkt 58 320 0.18125 1
Pkt 68 375 0.181333 1
Rate:361.495
==========
==========22
8 0 2 24000
Node 26 32 30
Pkt 27 150 0.18 1
Pkt 36 200 0.18 1
Node 47 73 23.1948
Pkt 68 375 0.181333 1
Pkt 87 480 0.18125 1
Node 56 43 9.21954
Pkt 144 800 0.18 1
Pkt 144 800 0.18 1
Node 40 65 18.0278
Pkt 23 125 0.184 1
Pkt 45 250 0.18 1
Node 27 43 24.0416
Pkt 87 480 0.18125 1
Pkt 68 375 0.181333 1
Node 59 49 9.05539
Pkt 135 750 0.18 1
Pkt 144 800 0.18 1
Node 44 62 13.4164
Pkt 44 240 0.183333 1
Pkt 44 240 0.183333 1
Node 39 71 23.7065
Pkt 72 400 0.18 1
Pkt 54 300 0.18 1
Rate:361.979
==========
==========23
8 0 2 24000
Node 53 48 3.60555
Pkt 45 250 0.18 1
Pkt 45 250 0.18 1
Node 42 71 22.4722
Pkt 87 480 0.18125 1
Pkt 54 300 0.18 1
Node 38 32 21.6333
Pkt 135 750 0.18 1
Pkt 135 750 0.18 1
Node 57 67 18.3848
Pkt 35 192 0.182292 1
Pkt 35 192 0.182292 1
Node 36 45 14.8661
Pkt 87 480 0.18125 1
Pkt 72 400 0.18 1
Node 73 39 25.4951
Pkt 144 800 0.18 1
Pkt 144 800 0.18 1
Node 70 64 24.4131
Pkt 18 100 0.18 1
Pkt 35 192 0.182292 1
Node 26 25 34.6554
Pkt 72 400 0.18 1
Pkt 72 400 0.18 1
Rate:361.172
==========
==========24
8 0 2 24000
Node 60 67 19.7231
Pkt 35 192 0.182292 1
Pkt 29 160 0.18125 1
Node 48 53 3.60555
Pkt 68 375 0.181333 1
Pkt 58 320 0.18125 1
Node 71 53 21.2132
Pkt 144 800 0.18 1
Pkt 135 750 0.18 1
Node 63 34 20.6155
Pkt 44 240 0.183333 1
Pkt 44 240 0.183333 1
Node 65 60 18.0278
Pkt 58 320 0.18125 1
Pkt 72 400 0.18 1
Node 53 74 24.1868
Pkt 144 800 0.18 1
Pkt 135 750 0.18 1
Node 33 42 18.7883
Pkt 23 125 0.184 1
Pkt 35 192 0.182292 1
Node 63 44 14.3178
Pkt 72 400 0.18 1
Pkt 87 480 0.18125 1
Rate:362.698
==========
==========25
8 0 2 24000
Node 41 37 15.8114
Pkt 23 125 0.184 1
Pkt 36 200 0.18 1
Node 28 61 24.5967
Pkt 72 400 0.18 1
Pkt 87 480 0.18125 1
Node 43 51 7.07107
Pkt 135 750 0.18 1
Pkt 135 750 0.18 1
Node 71 49 21.0238
Pkt 22 120 0.183333 1
Pkt 35 192 0.182292 1
Node 46 60 10.7703
Pkt 54 300 0.18 1
Pkt 54 300 0.18 1
Node 46 48 4.47214
Pkt 135 750 0.18 1
Pkt 144 800 0.18 1
Node 70 43 21.1896
Pkt 29 160 0.18125 1
Pkt 29 160 0.18125 1
Node 52 62 12.1655
Pkt 68 375 0.181333 1
Pkt 72 400 0.18 1
Rate:361.839
==========
==========26
8 0 2 24000
Node 42 65 17
Pkt 36 200 0.18 1
Pkt 45 250 0.18 1
Node 51 27 23.0217
Pkt 54 300 0.18 1
Pkt 58 320 0.18125 1
Node 35 41 17.4929
Pkt 135 750 0.18 1
Pkt 135 750 0.18 1
Node 47 50 3
Pkt 29 160 0.18125 1
Pkt 29 160 0.18125 1
Node 69 40 21.4709
Pkt 72 400 0.18 1
Pkt 68 375 0.181333 1
Node 65 55 15.8114
Pkt 144 800 0.18 1
Pkt 144 800 0.18 1
Node 30 72 29.7321
Pkt 29 160 0.18125 1
Pkt 29 160 0.18125 1
Node 69 30 27.5862
Pkt 87 480 0.18125 1
Pkt 72 400 0.18 1
Rate:361.104
==========
==========27
8 0 2 24000
Node 55 71 21.587
Pkt 44 240 0.183333 1
Pkt 22 120 0.183333 1
Node 38 43 13.8924
Pkt 72 400 0.18 1
Pkt 68 375 0.181333 1
Node 31 40 21.4709
Pkt 135 750 0.18 1
Pkt 135 750 0.18 1
Node 71 34 26.4008
Pkt 23 125 0.184 1
Pkt 35 192 0.182292 1
Node 66 64 21.2603
Pkt 72 400 0.18 1
Pkt 54 300 0.18 1
Node 73 29 31.1448
Pkt 144 800 0.18 1
Pkt 135 750 0.18 1
Node 72 65 26.6271
Pkt 22 120 0.183333 1
Pkt 35 192 0.182292 1
Node 69 42 20.6155
Pkt 58 320 0.18125 1
Pkt 54 300 0.18 1
Rate:362.646
==========
==========28
8 0 2 24000
Node 68 42 19.6977
Pkt 22 120 0.183333 1
Pkt 18 100 0.18 1
Node 59 40 13.4536
Pkt 72 400 0.18 1
Pkt 54 300 0.18 1
Node 54 70 20.3961
Pkt 135 750 0.18 1
Pkt 144 800 0.18 1
Node 31 25 31.4006
Pkt 29 160 0.18125 1
Pkt 29 160 0.18125 1
Node 27 25 33.9706
Pkt 54 300 0.18 1
Pkt 87 480 0.18125 1
Node 30 58 21.5407
Pkt 135 750 0.18 1
Pkt 135 750 0.18 1
Node 31 48 19.105
Pkt 23 125 0.184 1
Pkt 35 192 0.182292 1
Node 71 35 25.807
Pkt 68 375 0.181333 1
Pkt 72 400 0.18 1
Rate:361.839
==========
==========29
8 0 2 24000
Node 36 43 15.6525
Pkt 36 200 0.18 1
Pkt 27 150 0.18 1
Node 52 35 15.1327
Pkt 58 320 0.18125 1
Pkt 68 375 0.181333 1
Node 59 61 14.2127
Pkt 135 750 0.18 1
Pkt 144 800 0.18 1
Node 52 55 5.38516
Pkt 29 160 0.18125 1
Pkt 27 150 0.18 1
Node 44 74 24.7386
Pkt 68 375 0.181333 1
Pkt 68 375 0.181333 1
Node 33 37 21.4009
Pkt 144 800 0.18 1
Pkt 135 750 0.18 1
Node 74 61 26.4008
Pkt 44 240 0.183333 1
Pkt 22 120 0.183333 1
Node 59 52 9.21954
Pkt 58 320 0.18125 1
Pkt 72 400 0.18 1
Rate:361.802
==========
==========30
8 0 2 24000
Node 57 55 8.60233
Pkt 36 200 0.18 1
Pkt 45 250 0.18 1
Node 74 32 30
Pkt 68 375 0.181333 1
Pkt 72 400 0.18 1
Node 49 51 1.41421
Pkt 144 800 0.18 1
Pkt 135 750 0.18 1
Node 56 54 7.2111
Pkt 22 120 0.183333 1
Pkt 29 160 0.18125 1
Node 69 48 19.105
Pkt 54 300 0.18 1
Pkt 68 375 0.181333 1
Node 33 37 21.4009
Pkt 144 800 0.18 1
Pkt 135 750 0.18 1
Node 50 44 6
Pkt 45 250 0.18 1
Pkt 44 240 0.183333 1
Node 41 65 17.4929
Pkt 72 400 0.18 1
Pkt 58 320 0.18125 1
Rate:361.479
==========
==========31
8 0 2 24000
Node 50 47 3
Pkt 23 125 0.184 1
Pkt 36 200 0.18 1
Node 72 52 22.0907
Pkt 68 375 0.181333 1
Pkt 68 375 0.181333 1
Node 32 31 26.1725
Pkt 135 750 0.18 1
Pkt 144 800 0.18 1
Node 56 34 17.088
Pkt 23 125 0.184 1
Pkt 23 125 0.184 1
Node 37 38 17.6918
Pkt 68 375 0.181333 1
Pkt 68 375 0.181333 1
Node 49 28 22.0227
Pkt 144 800 0.18 1
Pkt 144 800 0.18 1
Node 65 58 17
Pkt 22 120 0.183333 1
Pkt 29 160 0.18125 1
Node 71 74 31.8904
Pkt 68 375 0.181333 1
Pkt 72 400 0.18 1
Rate:362.906
==========
==========32
8 0 2 24000
Node 38 64 18.4391
Pkt 18 100 0.18 1
Pkt 23 125 0.184 1
Node 53 56 6.7082
Pkt 87 480 0.18125 1
Pkt 54 300 0.18 1
Node 40 53 10.4403
Pkt 135 750 0.18 1
Pkt 135 750 0.18 1
Node 47 63 13.3417
Pkt 29 160 0.18125 1
Pkt 36 200 0.18 1
Node 34 67 23.3452
Pkt 72 400 0.18 1
Pkt 58 320 0.18125 1
Node 53 61 11.4018
Pkt 135 750 0.18 1
Pkt 135 750 0.18 1
Node 47 40 10.4403
Pkt 36 200 0.18 1
Pkt 35 192 0.182292 1
Node 49 30 20.025
Pkt 68 375 0.181333 1
Pkt 68 375 0.181333 1
Rate:361.589
==========
==========33
8 0 2 24000
Node 45 58 9.43398
Pkt 23 125 0.184 1
Pkt 29 160 0.18125 1
Node 35 70 25
Pkt 54 300 0.18 1
Pkt 87 480 0.18125 1
Node 69 33 25.4951
Pkt 144 800 0.18 1
Pkt 135 750 0.18 1
Node 73 39 25.4951
Pkt 29 160 0.18125 1
Pkt 36 200 0.18 1
Node 72 55 22.561
Pkt 58 320 0.18125 1
Pkt 68 375 0.181333 1
Node 33 33 24.0416
Pkt 135 750 0.18 1
Pkt 144 800 0.18 1
Node 47 29 21.2132
Pkt 23 125 0.184 1
Pkt 18 100 0.18 1
Node 32 32 25.4558
Pkt 87 480 0.18125 1
Pkt 58 320 0.18125 1
Rate:362.104
==========
==========34
8 0 2 24000
Node 32 26 30
Pkt 27 150 0.18 1
Pkt 35 192 0.182292 1
Node 70 34 25.6125
Pkt 54 300 0.18 1
Pkt 87 480 0.18125 1
Node 33 53 17.2627
Pkt 144 800 0.18 1
Pkt 144 800 0.18 1
Node 39 73 25.4951
Pkt 22 120 0.183333 1
Pkt 35 192 0.182292 1
Node 40 62 15.6205
Pkt 72 400 0.18 1
Pkt 58 320 0.18125 1
Node 68 45 18.6815
Pkt 135 750 0.18 1
Pkt 144 800 0.18 1
Node 54 70 20.3961
Pkt 35 192 0.182292 1
Pkt 23 125 0.184 1
Node 42 49 8.06226
Pkt 58 320 0.18125 1
Pkt 54 300 0.18 1
Rate:362.245
==========
==========35
8 0 2 24000
Node 61 35 18.6011
Pkt 18 100 0.18 1
Pkt 27 150 0.18 1
Node 74 73 33.2415
Pkt 54 300 0.18 1
Pkt 58 320 0.18125 1
Node 32 61 21.095
Pkt 144 800 0.18 1
Pkt 135 750 0.18 1
Node 41 70 21.9317
Pkt 27 150 0.18 1
Pkt 22 120 0.183333 1
Node 55 67 17.72
Pkt 58 320 0.18125 1
Pkt 58 320 0.18125 1
Node 25 58 26.2488
Pkt 135 750 0.18 1
Pkt 135 750 0.18 1
Node 42 62 14.4222
Pkt 45 250 0.18 1
Pkt 22 120 0.183333 1
Node 72 48 22.0907
Pkt 68 375 0.181333 1
Pkt 72 400 0.18 1
Rate:361.469
==========
==========36
8 0 2 24000
Node 31 62 22.4722
Pkt 44 240 0.183333 1
Pkt 23 125 0.184 1
Node 26 51 24.0208
Pkt 58 320 0.18125 1
Pkt 72 400 0.18 1
Node 72 69 29.0689
Pkt 144 800 0.18 1
Pkt 135 750 0.18 1
Node 30 59 21.9317
Pkt 27 150 0.18 1
Pkt 45 250 0.18 1
Node 73 64 26.9258
Pkt 58 320 0.18125 1
Pkt 68 375 0.181333 1
Node 34 36 21.2603
Pkt 135 750 0.18 1
Pkt 135 750 0.18 1
Node 29 50 21
Pkt 23 125 0.184 1
Pkt 44 240 0.183333 1
Node 34 58 17.8885
Pkt 87 480 0.18125 1
Pkt 68 375 0.181333 1
Rate:362.635
==========
==========37
8 0 2 24000
Node 64 47 14.3178
Pkt 35 192 0.182292 1
Pkt 27 150 0.18 1
Node 40 31 21.4709
Pkt 54 300 0.18 1
Pkt 54 300 0.18 1
Node 52 47 3.60555
Pkt 135 750 0.18 1
Pkt 144 800 0.18 1
Node 72 38 25.0599
Pkt 29 160 0.18125 1
Pkt 29 160 0.18125 1
Node 40 25 26.9258
Pkt 87 480 0.18125 1
Pkt 58 320 0.18125 1
Node 58 53 8.544
Pkt 135 750 0.18 1
Pkt 135 750 0.18 1
Node 48 72 22.0907
Pkt 23 125 0.184 1
Pkt 44 240 0.183333 1
Node 58 65 17
Pkt 58 320 0.18125 1
Pkt 87 480 0.18125 1
Rate:362.141
==========
==========38
8 0 2 24000
Node 66 59 18.3576
Pkt 44 240 0.183333 1
Pkt 22 120 0.183333 1
Node 67 39 20.2485
Pkt 87 480 0.18125 1
Pkt 58 320 0.18125 1
Node 69 54 19.4165
Pkt 144 800 0.18 1
Pkt 144 800 0.18 1
Node 31 53 19.2354
Pkt 23 125 0.184 1
Pkt 35 192 0.182292 1
Node 56 74 24.7386
Pkt 68 375 0.181333 1
Pkt 72 400 0.18 1
Node 72 50 22
Pkt 144 800 0.18 1
Pkt 135 750 0.18 1
Node 70 63 23.8537
Pkt 29 160 0.18125 1
Pkt 23 125 0.184 1
Node 61 59 14.2127
Pkt 68 375 0.181333 1
Pkt 87 480 0.18125 1
Rate:363.078
==========
==========39
8 0 2 24000
Node 38 45 13
Pkt 45 250 0.18 1
Pkt 35 192 0.182292 1
Node 28 74 32.5576
Pkt 54 300 0.18 1
Pkt 87 480 0.18125 1
Node 38 65 19.2094
Pkt 144 800 0.18 1
Pkt 135 750 0.18 1
Node 49 71 21.0238
Pkt 35 192 0.182292 1
Pkt 18 100 0.18 1
Node 67 34 23.3452
Pkt 54 300 0.18 1
Pkt 68 375 0.181333 1
Node 55 31 19.6469
Pkt 144 800 0.18 1
Pkt 144 800 0.18 1
Node 37 65 19.8494
Pkt 36 200 0.18 1
Pkt 18 100 0.18 1
Node 52 43 7.28011
Pkt 72 400 0.18 1
Pkt 68 375 0.181333 1
Rate:361.063
==========
==========40
8 0 2 24000
Node 68 32 25.4558
Pkt 27 150 0.18 1
Pkt 36 200 0.18 1
Node 61 40 14.8661
Pkt 68 375 0.181333 1
Pkt 87 480 0.18125 1
Node 39 26 26.4008
Pkt 135 750 0.18 1
Pkt 135 750 0.18 1
Node 58 73 24.3516
Pkt 29 160 0.18125 1
Pkt 45 250 0.18 1
Node 35 42 17
Pkt 87 480 0.18125 1
Pkt 58 320 0.18125 1
Node 46 25 25.318
Pkt 144 800 0.18 1
Pkt 135 750 0.18 1
Node 65 52 15.1327
Pkt 36 200 0.18 1
Pkt 27 150 0.18 1
Node 42 41 12.0416
Pkt 68 375 0.181333 1
Pkt 87 480 0.18125 1
Rate:361.115
==========
==========41
8 0 2 24000
Node 32 36 22.8035
Pkt 35 192 0.182292 1
Pkt 35 192 0.182292 1
Node 41 65 17.4929
Pkt 72 400 0.18 1
Pkt 87 480 0.18125 1
Node 49 31 19.0263
Pkt 135 750 0.18 1
Pkt 135 750 0.18 1
Node 44 45 7.81025
Pkt 27 150 0.18 1
Pkt 35 192 0.182292 1
Node 57 35 16.5529
Pkt 68 375 0.181333 1
Pkt 68 375 0.181333 1
Node 43 73 24.0416
Pkt 135 750 0.18 1
Pkt 144 800 0.18 1
Node 41 74 25.632
Pkt 27 150 0.18 1
Pkt 36 200 0.18 1
Node 31 28 29.0689
Pkt 58 320 0.18125 1
Pkt 68 375 0.181333 1
Rate:361.672
==========
==========42
8 0 2 24000
Node 50 37 13
Pkt 22 120 0.183333 1
Pkt 44 240 0.183333 1
Node 29 52 21.095
Pkt 58 320 0.18125 1
Pkt 54 300 0.18 1
Node 32 45 18.6815
Pkt 135 750 0.18 1
Pkt 135 750 0.18 1
Node 62 51 12.0416
Pkt 44 240 0.183333 1
Pkt 23 125 0.184 1
Node 53 65 15.2971
Pkt 58 320 0.18125 1
Pkt 72 400 0.18 1
Node 43 40 12.2066
Pkt 144 800 0.18 1
Pkt 135 750 0.18 1
Node 45 43 8.60233
Pkt 29 160 0.18125 1
Pkt 18 100 0.18 1
Node 41 31 21.0238
Pkt 72 400 0.18 1
Pkt 87 480 0.18125 1
Rate:362.375
==========
==========43
8 0 2 24000
Node 62 52 12.1655
Pkt 44 240 0.183333 1
Pkt 36 200 0.18 1
Node 51 38 12.0416
Pkt 54 300 0.18 1
Pkt 68 375 0.181333 1
Node 73 34 28.0179
Pkt 135 750 0.18 1
Pkt 135 750 0.18 1
Node 62 29 24.1868
Pkt 35 192 0.182292 1
Pkt 36 200 0.18 1
Node 42 30 21.5407
Pkt 54 300 0.18 1
Pkt 72 400 0.18 1
Node 36 69 23.6008
Pkt 135 750 0.18 1
Pkt 135 750 0.18 1
Node 46 71 21.3776
Pkt 29 160 0.18125 1
Pkt 35 192 0.182292 1
Node 54 55 6.40312
Pkt 54 300 0.18 1
Pkt 87 480 0.18125 1
Rate:361.469
==========
==========44
8 0 2 24000
Node 26 58 25.2982
Pkt 45 250 0.18 1
Pkt 35 192 0.182292 1
Node 35 33 22.6716
Pkt 58 320 0.18125 1
Pkt 58 320 0.18125 1
Node 61 46 11.7047
Pkt 144 800 0.18 1
Pkt 144 800 0.18 1
Node 67 66 23.3452
Pkt 18 100 0.18 1
Pkt 29 160 0.18125 1
Node 66 74 28.8444
Pkt 54 300 0.18 1
Pkt 54 300 0.18 1
Node 64 29 25.2389
Pkt 144 800 0.18 1
Pkt 135 750 0.18 1
Node 50 51 1
Pkt 22 120 0.183333 1
Pkt 29 160 0.18125 1
Node 38 72 25.0599
Pkt 72 400 0.18 1
Pkt 87 480 0.18125 1
Rate:361.484
==========
==========45
8 0 2 24000
Node 56 25 25.7099
Pkt 22 120 0.183333 1
Pkt 36 200 0.18 1
Node 51 64 14.0357
Pkt 87 480 0.18125 1
Pkt 58 320 0.18125 1
Node 48 46 4.47214
Pkt 144 800 0.18 1
Pkt 135 750 0.18 1
Node 58 42 11.3137
Pkt 45 250 0.18 1
Pkt 22 120 0.183333 1
Node 38 32 21.6333
Pkt 58 320 0.18125 1
Pkt 68 375 0.181333 1
Node 64 47 14.3178
Pkt 144 800 0.18 1
Pkt 135 750 0.18 1
Node 55 62 13
Pkt 36 200 0.18 1
Pkt 36 200 0.18 1
Node 29 40 23.2594
Pkt 54 300 0.18 1
Pkt 87 480 0.18125 1
Rate:361.625
==========
==========46
8 0 2 24000
Node 73 30 30.4795
Pkt 44 240 0.183333 1
Pkt 27 150 0.18 1
Node 33 31 25.4951
Pkt 54 300 0.18 1
Pkt 58 320 0.18125 1
Node 33 71 27.0185
Pkt 135 750 0.18 1
Pkt 144 800 0.18 1
Node 38 74 26.8328
Pkt 22 120 0.183333 1
Pkt 23 125 0.184 1
Node 55 60 11.1803
Pkt 72 400 0.18 1
Pkt 54 300 0.18 1
Node 27 60 25.0799
Pkt 135 750 0.18 1
Pkt 144 800 0.18 1
Node 55 32 18.6815
Pkt 35 192 0.182292 1
Pkt 45 250 0.18 1
Node 36 42 16.1245
Pkt 72 400 0.18 1
Pkt 68 375 0.181333 1
Rate:361.943
==========
==========47
8 0 2 24000
Node 30 36 24.4131
Pkt 36 200 0.18 1
Pkt 23 125 0.184 1
Node 46 41 9.84886
Pkt 87 480 0.18125 1
Pkt 87 480 0.18125 1
Node 63 65 19.8494
Pkt 144 800 0.18 1
Pkt 135 750 0.18 1
Node 63 40 16.4012
Pkt 18 100 0.18 1
Pkt 18 100 0.18 1
Node 64 42 16.1245
Pkt 54 300 0.18 1
Pkt 54 300 0.18 1
Node 48 65 15.1327
Pkt 144 800 0.18 1
Pkt 144 800 0.18 1
Node 58 45 9.43398
Pkt 29 160 0.18125 1
Pkt 22 120 0.183333 1
Node 28 52 22.0907
Pkt 72 400 0.18 1
Pkt 54 300 0.18 1
Rate:361.385
==========
==========48
8 0 2 24000
Node 29 63 24.6982
Pkt 35 192 0.182292 1
Pkt 35 192 0.182292 1
Node 27 33 28.6007
Pkt 72 400 0.18 1
Pkt 58 320 0.18125 1
Node 74 32 30
Pkt 144 800 0.18 1
Pkt 135 750 0.18 1
Node 28 53 22.2036
Pkt 36 200 0.18 1
Pkt 23 125 0.184 1
Node 25 43 25.9615
Pkt 54 300 0.18 1
Pkt 87 480 0.18125 1
Node 40 65 18.0278
Pkt 144 800 0.18 1
Pkt 144 800 0.18 1
Node 68 57 19.3132
Pkt 45 250 0.18 1
Pkt 22 120 0.183333 1
Node 52 43 7.28011
Pkt 58 320 0.18125 1
Pkt 68 375 0.181333 1
Rate:362.125
==========
==========49
8 0 2 24000
Node 54 65 15.5242
Pkt 44 240 0.183333 1
Pkt 45 250 0.18 1
Node 58 57 10.6301
Pkt 87 480 0.18125 1
Pkt 68 375 0.181333 1
Node 37 39 17.0294
Pkt 135 750 0.18 1
Pkt 135 750 0.18 1
Node 43 41 11.4018
Pkt 44 240 0.183333 1
Pkt 44 240 0.183333 1
Node 33 51 17.0294
Pkt 54 300 0.18 1
Pkt 54 300 0.18 1
Node 40 40 14.1421
Pkt 144 800 0.18 1
Pkt 144 800 0.18 1
Node 27 38 25.9422
Pkt 29 160 0.18125 1
Pkt 44 240 0.183333 1
Node 47 30 20.2237
Pkt 68 375 0.181333 1
Pkt 58 320 0.18125 1
Rate:362.469
==========
==========50
8 0 2 24000
Node 49 46 4.12311
Pkt 36 200 0.18 1
Pkt 27 150 0.18 1
Node 36 35 20.5183
Pkt 58 320 0.18125 1
Pkt 54 300 0.18 1
Node 53 37 13.3417
Pkt 144 800 0.18 1
Pkt 135 750 0.18 1
Node 62 58 14.4222
Pkt 27 150 0.18 1
Pkt 27 150 0.18 1
Node 60 39 14.8661
Pkt 58 320 0.18125 1
Pkt 58 320 0.18125 1
Node 72 41 23.7697
Pkt 135 750 0.18 1
Pkt 135 750 0.18 1
Node 35 31 24.2074
Pkt 27 150 0.18 1
Pkt 23 125 0.184 1
Node 27 27 32.5269
Pkt 87 480 0.18125 1
Pkt 68 375 0.181333 1
Rate:361.292
==========
==========51
8 0 2 24000
Node 48 54 4.47214
Pkt 45 250 0.18 1
Pkt 44 240 0.183333 1
Node 63 48 13.1529
Pkt 58 320 0.18125 1
Pkt 54 300 0.18 1
Node 54 29 21.3776
Pkt 135 750 0.18 1
Pkt 144 800 0.18 1
Node 49 46 4.12311
Pkt 35 192 0.182292 1
Pkt 27 150 0.18 1
Node 36 30 24.4131
Pkt 87 480 0.18125 1
Pkt 54 300 0.18 1
Node 30 51 20.025
Pkt 144 800 0.18 1
Pkt 144 800 0.18 1
Node 54 67 17.4642
Pkt 36 200 0.18 1
Pkt 27 150 0.18 1
Node 53 72 22.2036
Pkt 68 375 0.181333 1
Pkt 68 375 0.181333 1
Rate:361.349
==========
==========52
8 0 2 24000
Node 25 53 25.1794
Pkt 36 200 0.18 1
Pkt 35 192 0.182292 1
Node 64 49 14.0357
Pkt 58 320 0.18125 1
Pkt 68 375 0.181333 1
Node 58 42 11.3137
Pkt 144 800 0.18 1
Pkt 144 800 0.18 1
Node 42 55 9.43398
Pkt 23 125 0.184 1
Pkt 45 250 0.18 1
Node 51 72 22.0227
Pkt 87 480 0.18125 1
Pkt 54 300 0.18 1
Node 43 66 17.4642
Pkt 135 750 0.18 1
Pkt 135 750 0.18 1
Node 25 74 34.6554
Pkt 18 100 0.18 1
Pkt 22 120 0.183333 1
Node 25 52 25.0799
Pkt 58 320 0.18125 1
Pkt 87 480 0.18125 1
Rate:361.995
==========
==========53
8 0 2 24000
Node 26 33 29.4109
Pkt 29 160 0.18125 1
Pkt 23 125 0.184 1
Node 31 42 20.6155
Pkt 58 320 0.18125 1
Pkt 58 320 0.18125 1
Node 47 55 5.83095
Pkt 135 750 0.18 1
Pkt 144 800 0.18 1
Node 47 69 19.2354
Pkt 27 150 0.18 1
Pkt 22 120 0.183333 1
Node 47 36 14.3178
Pkt 68 375 0.181333 1
Pkt 54 300 0.18 1
Node 65 61 18.6011
Pkt 144 800 0.18 1
Pkt 135 750 0.18 1
Node 27 33 28.6007
Pkt 45 250 0.18 1
Pkt 22 120 0.183333 1
Node 42 44 10
Pkt 58 320 0.18125 1
Pkt 68 375 0.181333 1
Rate:362.292
==========
==========54
8 0 2 24000
Node 29 30 29
Pkt 45 250 0.18 1
Pkt 18 100 0.18 1
Node 62 41 15
Pkt 58 320 0.18125 1
Pkt 72 400 0.18 1
Node 31 27 29.8329
Pkt 135 750 0.18 1
Pkt 144 800 0.18 1
Node 27 27 32.5269
Pkt 22 120 0.183333 1
Pkt 44 240 0.183333 1
Node 44 60 11.6619
Pkt 72 400 0.18 1
Pkt 87 480 0.18125 1
Node 58 30 21.5407
Pkt 135 750 0.18 1
Pkt 135 750 0.18 1
Node 57 60 12.2066
Pkt 35 192 0.182292 1
Pkt 29 160 0.18125 1
Node 69 27 29.8329
Pkt 58 320 0.18125 1
Pkt 68 375 0.181333 1
Rate:361.911
==========
==========55
8 0 2 24000
Node 62 26 26.8328
Pkt 27 150 0.18 1
Pkt 36 200 0.18 1
Node 28 70 29.7321
Pkt 58 320 0.18125 1
Pkt 87 480 0.18125 1
Node 72 30 29.7321
Pkt 144 800 0.18 1
Pkt 144 800 0.18 1
Node 64 51 14.0357
Pkt 35 192 0.182292 1
Pkt 18 100 0.18 1
Node 52 49 2.23607
Pkt 54 300 0.18 1
Pkt 72 400 0.18 1
Node 51 65 15.0333
Pkt 144 800 0.18 1
Pkt 135 750 0.18 1
Node 35 50 15
Pkt 45 250 0.18 1
Pkt 23 125 0.184 1
Node 49 69 19.0263
Pkt 87 480 0.18125 1
Pkt 72 400 0.18 1
Rate:361.255
==========
==========56
8 0 2 24000
Node 71 30 29
Pkt 22 120 0.183333 1
Pkt 23 125 0.184 1
Node 67 72 27.8029
Pkt 68 375 0.181333 1
Pkt 58 320 0.18125 1
Node 68 70 26.9072
Pkt 135 750 0.18 1
Pkt 144 800 0.18 1
Node 40 68 20.5913
Pkt 22 120 0.183333 1
Pkt 45 250 0.18 1
Node 45 62 13
Pkt 72 400 0.18 1
Pkt 54 300 0.18 1
Node 44 46 7.2111
Pkt 144 800 0.18 1
Pkt 135 750 0.18 1
Node 43 25 25.9615
Pkt 18 100 0.18 1
Pkt 44 240 0.183333 1
Node 58 40 12.8062
Pkt 68 375 0.181333 1
Pkt 54 300 0.18 1
Rate:362.24
==========
==========57
8 0 2 24000
Node 56 49 6.08276
Pkt 29 160 0.18125 1
Pkt 45 250 0.18 1
Node 42 50 8
Pkt 58 320 0.18125 1
Pkt 54 300 0.18 1
Node 36 65 20.5183
Pkt 135 750 0.18 1
Pkt 144 800 0.18 1
Node 70 32 26.9072
Pkt 35 192 0.182292 1
Pkt 29 160 0.18125 1
Node 62 64 18.4391
Pkt 54 300 0.18 1
Pkt 68 375 0.181333 1
Node 27 70 30.4795
Pkt 144 800 0.18 1
Pkt 135 750 0.18 1
Node 33 30 26.2488
Pkt 27 150 0.18 1
Pkt 44 240 0.183333 1
Node 48 74 24.0832
Pkt 54 300 0.18 1
Pkt 87 480 0.18125 1
Rate:361.495
==========
==========58
8 0 2 24000
Node 38 33 20.8087
Pkt 45 250 0.18 1
Pkt 36 200 0.18 1
Node 58 25 26.2488
Pkt 87 480 0.18125 1
Pkt 54 300 0.18 1
Node 66 42 17.8885
Pkt 135 750 0.18 1
Pkt 144 800 0.18 1
Node 28 51 22.0227
Pkt 23 125 0.184 1
Pkt 45 250 0.18 1
Node 74 33 29.4109
Pkt 68 375 0.181333 1
Pkt 87 480 0.18125 1
Node 28 73 31.8277
Pkt 135 750 0.18 1
Pkt 135 750 0.18 1
Node 51 50 1
Pkt 44 240 0.183333 1
Pkt 27 150 0.18 1
Node 54 69 19.4165
Pkt 72 400 0.18 1
Pkt 87 480 0.18125 1
Rate:361.552
==========
==========59
8 0 2 24000
Node 29 66 26.4008
Pkt 44 240 0.183333 1
Pkt 36 200 0.18 1
Node 65 33 22.6716
Pkt 68 375 0.181333 1
Pkt 58 320 0.18125 1
Node 26 39 26.4008
Pkt 135 750 0.18 1
Pkt 144 800 0.18 1
Node 65 52 15.1327
Pkt 22 120 0.183333 1
Pkt 36 200 0.18 1
Node 65 69 24.2074
Pkt 68 375 0.181333 1
Pkt 54 300 0.18 1
Node 32 27 29.2062
Pkt 144 800 0.18 1
Pkt 144 800 0.18 1
Node 74 36 27.7849
Pkt 36 200 0.18 1
Pkt 23 125 0.184 1
Node 47 52 3.60555
Pkt 54 300 0.18 1
Pkt 72 400 0.18 1
Rate:361.823
==========
==========60
8 0 2 24000
Node 55 61 12.083
Pkt 44 240 0.183333 1
Pkt 23 125 0.184 1
Node 58 27 24.3516
Pkt 58 320 0.18125 1
Pkt 87 480 0.18125 1
Node 55 29 21.587
Pkt 144 800 0.18 1
Pkt 144 800 0.18 1
Node 26 47 24.1868
Pkt 23 125 0.184 1
Pkt 18 100 0.18 1
Node 30 34 25.6125
Pkt 68 375 0.181333 1
Pkt 68 375 0.181333 1
Node 66 48 16.1245
Pkt 144 800 0.18 1
Pkt 135 750 0.18 1
Node 39 54 11.7047
Pkt 18 100 0.18 1
Pkt 36 200 0.18 1
Node 43 67 18.3848
Pkt 54 300 0.18 1
Pkt 68 375 0.181333 1
Rate:362.229
==========
==========61
8 0 2 24000
Node 28 64 26.0768
Pkt 45 250 0.18 1
Pkt 18 100 0.18 1
Node 41 66 18.3576
Pkt 58 320 0.18125 1
Pkt 58 320 0.18125 1
Node 61 54 11.7047
Pkt 144 800 0.18 1
Pkt 144 800 0.18 1
Node 59 28 23.7697
Pkt 18 100 0.18 1
Pkt 29 160 0.18125 1
Node 28 61 24.5967
Pkt 58 320 0.18125 1
Pkt 87 480 0.18125 1
Node 47 39 11.4018
Pkt 144 800 0.18 1
Pkt 144 800 0.18 1
Node 47 60 10.4403
Pkt 22 120 0.183333 1
Pkt 18 100 0.18 1
Node 72 41 23.7697
Pkt 58 320 0.18125 1
Pkt 68 375 0.181333 1
Rate:361.521
==========
==========62
8 0 2 24000
Node 46 71 21.3776
Pkt 36 200 0.18 1
Pkt 44 240 0.183333 1
Node 42 49 8.06226
Pkt 68 375 0.181333 1
Pkt 72 400 0.18 1
Node 46 53 5
Pkt 135 750 0.18 1
Pkt 144 800 0.18 1
Node 38 30 23.3238
Pkt 23 125 0.184 1
Pkt 29 160 0.18125 1
Node 65 61 18.6011
Pkt 87 480 0.18125 1
Pkt 87 480 0.18125 1
Node 68 38 21.6333
Pkt 144 800 0.18 1
Pkt 144 800 0.18 1
Node 52 56 6.32456
Pkt 22 120 0.183333 1
Pkt 44 240 0.183333 1
Node 33 41 19.2354
Pkt 87 480 0.18125 1
Pkt 68 375 0.181333 1
Rate:362.708
==========
==========63
8 0 2 24000
Node 61 61 15.5563
Pkt 18 100 0.18 1
Pkt 29 160 0.18125 1
Node 70 27 30.4795
Pkt 68 375 0.181333 1
Pkt 58 320 0.18125 1
Node 57 26 25
Pkt 135 750 0.18 1
Pkt 144 800 0.18 1
Node 40 33 19.7231
Pkt 18 100 0.18 1
Pkt 18 100 0.18 1
Node 48 49 2.23607
Pkt 54 300 0.18 1
Pkt 58 320 0.18125 1
Node 51 72 22.0227
Pkt 135 750 0.18 1
Pkt 135 750 0.18 1
Node 68 68 25.4558
Pkt 29 160 0.18125 1
Pkt 23 125 0.184 1
Node 28 72 31.1127
Pkt 87 480 0.18125 1
Pkt 68 375 0.181333 1
Rate:361.615
==========
==========64
8 0 2 24000
Node 56 57 9.21954
Pkt 27 150 0.18 1
Pkt 18 100 0.18 1
Node 30 49 20.025
Pkt 58 320 0.18125 1
Pkt 72 400 0.18 1
Node 62 70 23.3238
Pkt 135 750 0.18 1
Pkt 135 750 0.18 1
Node 42 38 14.4222
Pkt 36 200 0.18 1
Pkt 29 160 0.18125 1
Node 61 70 22.8254
Pkt 87 480 0.18125 1
Pkt 54 300 0.18 1
Node 64 32 22.8035
Pkt 144 800 0.18 1
Pkt 135 750 0.18 1
Node 52 68 18.1108
Pkt 18 100 0.18 1
Pkt 35 192 0.182292 1
Node 45 66 16.7631
Pkt 54 300 0.18 1
Pkt 54 300 0.18 1
Rate:360.755
==========
==========65
8 0 2 24000
Node 54 67 17.4642
Pkt 29 160 0.18125 1
Pkt 29 160 0.18125 1
Node 25 25 35.3553
Pkt 54 300 0.18 1
Pkt 87 480 0.18125 1
Node 29 58 22.4722
Pkt 144 800 0.18 1
Pkt 144 800 0.18 1
Node 36 74 27.7849
Pkt 29 160 0.18125 1
Pkt 45 250 0.18 1
Node 74 43 25
Pkt 68 375 0.181333 1
Pkt 68 375 0.181333 1
Node 64 26 27.7849
Pkt 144 800 0.18 1
Pkt 135 750 0.18 1
Node 26 55 24.5153
Pkt 18 100 0.18 1
Pkt 44 240 0.183333 1
Node 55 66 16.7631
Pkt 68 375 0.181333 1
Pkt 68 375 0.181333 1
Rate:361.708
==========
==========66
8 0 2 24000
Node 45 42 9.43398
Pkt 22 120 0.183333 1
Pkt 44 240 0.183333 1
Node 32 72 28.4253
Pkt 72 400 0.18 1
Pkt 87 480 0.18125 1
Node 48 61 11.1803
Pkt 135 750 0.18 1
Pkt 144 800 0.18 1
Node 57 65 16.5529
Pkt 27 150 0.18 1
Pkt 35 192 0.182292 1
Node 74 27 33.2415
Pkt 68 375 0.181333 1
Pkt 87 480 0.18125 1
Node 73 31 29.8329
Pkt 135 750 0.18 1
Pkt 135 750 0.18 1
Node 45 33 17.72
Pkt 22 120 0.183333 1
Pkt 27 150 0.18 1
Node 25 42 26.2488
Pkt 87 480 0.18125 1
Pkt 68 375 0.181333 1
Rate:362.339
==========
==========67
8 0 2 24000
Node 34 71 26.4008
Pkt 23 125 0.184 1
Pkt 44 240 0.183333 1
Node 47 64 14.3178
Pkt 68 375 0.181333 1
Pkt 72 400 0.18 1
Node 25 57 25.9615
Pkt 135 750 0.18 1
Pkt 135 750 0.18 1
Node 61 40 14.8661
Pkt 29 160 0.18125 1
Pkt 44 240 0.183333 1
Node 55 37 13.9284
Pkt 68 375 0.181333 1
Pkt 87 480 0.18125 1
Node 33 74 29.4109
Pkt 135 750 0.18 1
Pkt 135 750 0.18 1
Node 71 68 27.6586
Pkt 44 240 0.183333 1
Pkt 45 250 0.18 1
Node 71 61 23.7065
Pkt 54 300 0.18 1
Pkt 54 300 0.18 1
Rate:362.396
==========
==========68
8 0 2 24000
Node 45 53 5.83095
Pkt 22 120 0.183333 1
Pkt 44 240 0.183333 1
Node 59 71 22.8473
Pkt 58 320 0.18125 1
Pkt 87 480 0.18125 1
Node 38 50 12
Pkt 144 800 0.18 1
Pkt 135 750 0.18 1
Node 45 43 8.60233
Pkt 45 250 0.18 1
Pkt 29 160 0.18125 1
Node 49 46 4.12311
Pkt 58 320 0.18125 1
Pkt 58 320 0.18125 1
Node 52 44 6.32456
Pkt 144 800 0.18 1
Pkt 144 800 0.18 1
Node 65 45 15.8114
Pkt 23 125 0.184 1
Pkt 45 250 0.18 1
Node 69 59 21.0238
Pkt 87 480 0.18125 1
Pkt 87 480 0.18125 1
Rate:362.427
==========
==========69
8 0 2 24000
Node 64 30 24.4131
Pkt 44 240 0.183333 1
Pkt 23 125 0.184 1
Node 38 57 13.8924
Pkt 54 300 0.18 1
Pkt 68 375 0.181333 1
Node 35 37 19.8494
Pkt 135 750 0.18 1
Pkt 135 750 0.18 1
Node 31 74 30.6105
Pkt 27 150 0.18 1
Pkt 27 150 0.18 1
Node 56 58 10
Pkt 72 400 0.18 1
Pkt 87 480 0.18125 1
Node 48 66 16.1245
Pkt 144 800 0.18 1
Pkt 135 750 0.18 1
Node 33 50 17
Pkt 44 240 0.183333 1
Pkt 29 160 0.18125 1
Node 65 72 26.6271
Pkt 58 320 0.18125 1
Pkt 54 300 0.18 1
Rate:361.969
==========
==========70
8 0 2 24000
Node 60 30 22.3607
Pkt 29 160 0.18125 1
Pkt 23 125 0.184 1
Node 27 27 32.5269
Pkt 68 375 0.181333 1
Pkt 58 320 0.18125 1
Node 39 39 15.5563
Pkt 135 750 0.18 1
Pkt 144 800 0.18 1
Node 36 27 26.9258
Pkt 22 120 0.183333 1
Pkt 36 200 0.18 1
Node 64 42 16.1245
Pkt 87 480 0.18125 1
Pkt 72 400 0.18 1
Node 43 59 11.4018
Pkt 144 800 0.18 1
Pkt 144 800 0.18 1
Node 47 28 22.2036
Pkt 22 120 0.183333 1
Pkt 29 160 0.18125 1
Node 69 57 20.2485
Pkt 72 400 0.18 1
Pkt 68 375 0.181333 1
Rate:362.292
==========
==========71
8 0 2 24000
Node 56 25 25.7099
Pkt 44 240 0.183333 1
Pkt 35 192 0.182292 1
Node 43 51 7.07107
Pkt 72 400 0.18 1
Pkt 87 480 0.18125 1
Node 32 73 29.2062
Pkt 144 800 0.18 1
Pkt 144 800 0.18 1
Node 27 47 23.1948
Pkt 23 125 0.184 1
Pkt 22 120 0.183333 1
Node 59 46 9.84886
Pkt 87 480 0.18125 1
Pkt 72 400 0.18 1
Node 61 29 23.7065
Pkt 144 800 0.18 1
Pkt 144 800 0.18 1
Node 65 28 26.6271
Pkt 35 192 0.182292 1
Pkt 44 240 0.183333 1
Node 26 28 32.5576
Pkt 58 320 0.18125 1
Pkt 87 480 0.18125 1
Rate:362.948
==========
==========72
8 0 2 24000
Node 28 51 22.0227
Pkt 18 100 0.18 1
Pkt 27 150 0.18 1
Node 55 55 7.07107
Pkt 72 400 0.18 1
Pkt 68 375 0.181333 1
Node 68 43 19.3132
Pkt 144 800 0.18 1
Pkt 135 750 0.18 1
Node 40 47 10.4403
Pkt 36 200 0.18 1
Pkt 29 160 0.18125 1
Node 69 33 25.4951
Pkt 54 300 0.18 1
Pkt 68 375 0.181333 1
Node 33 36 22.0227
Pkt 135 750 0.18 1
Pkt 135 750 0.18 1
Node 34 31 24.8395
Pkt 23 125 0.184 1
Pkt 44 240 0.183333 1
Node 61 63 17.0294
Pkt 54 300 0.18 1
Pkt 87 480 0.18125 1
Rate:361.562
==========
==========73
8 0 2 24000
Node 62 66 20
Pkt 36 200 0.18 1
Pkt 27 150 0.18 1
Node 50 46 4
Pkt 68 375 0.181333 1
Pkt 58 320 0.18125 1
Node 67 52 17.1172
Pkt 144 800 0.18 1
Pkt 135 750 0.18 1
Node 28 56 22.8035
Pkt 27 150 0.18 1
Pkt 45 250 0.18 1
Node 32 36 22.8035
Pkt 54 300 0.18 1
Pkt 72 400 0.18 1
Node 39 47 11.4018
Pkt 135 750 0.18 1
Pkt 144 800 0.18 1
Node 52 52 2.82843
Pkt 36 200 0.18 1
Pkt 44 240 0.183333 1
Node 29 51 21.0238
Pkt 72 400 0.18 1
Pkt 58 320 0.18125 1
Rate:360.896
==========
==========74
8 0 2 24000
Node 27 71 31.1448
Pkt 35 192 0.182292 1
Pkt 18 100 0.18 1
Node 47 44 6.7082
Pkt 54 300 0.18 1
Pkt 68 375 0.181333 1
Node 34 62 20
Pkt 135 750 0.18 1
Pkt 135 750 0.18 1
Node 31 45 19.6469
Pkt 27 150 0.18 1
Pkt 22 120 0.183333 1
Node 64 56 15.2315
Pkt 54 300 0.18 1
Pkt 68 375 0.181333 1
Node 36 41 16.6433
Pkt 144 800 0.18 1
Pkt 135 750 0.18 1
Node 48 70 20.0998
Pkt 45 250 0.18 1
Pkt 36 200 0.18 1
Node 74 69 30.6105
Pkt 68 375 0.181333 1
Pkt 54 300 0.18 1
Rate:361.203
==========
==========75
8 0 2 24000
Node 36 61 17.8045
Pkt 23 125 0.184 1
Pkt 36 200 0.18 1
Node 55 70 20.6155
Pkt 87 480 0.18125 1
Pkt 87 480 0.18125 1
Node 43 44 9.21954
Pkt 144 800 0.18 1
Pkt 144 800 0.18 1
Node 67 51 17.0294
Pkt 36 200 0.18 1
Pkt 23 125 0.184 1
Node 69 44 19.9249
Pkt 72 400 0.18 1
Pkt 54 300 0.18 1
Node 35 72 26.6271
Pkt 144 800 0.18 1
Pkt 135 750 0.18 1
Node 51 38 12.0416
Pkt 29 160 0.18125 1
Pkt 45 250 0.18 1
Node 27 37 26.4197
Pkt 58 320 0.18125 1
Pkt 58 320 0.18125 1
Rate:361.781
==========
==========76
8 0 2 24000
Node 53 47 4.24264
Pkt 23 125 0.184 1
Pkt 23 125 0.184 1
Node 50 44 6
Pkt 58 320 0.18125 1
Pkt 72 400 0.18 1
Node 54 40 10.7703
Pkt 135 750 0.18 1
Pkt 135 750 0.18 1
Node 65 58 17
Pkt 36 200 0.18 1
Pkt 36 200 0.18 1
Node 61 50 11
Pkt 87 480 0.18125 1
Pkt 54 300 0.18 1
Node 45 70 20.6155
Pkt 135 750 0.18 1
Pkt 144 800 0.18 1
Node 72 35 26.6271
Pkt 23 125 0.184 1
Pkt 35 192 0.182292 1
Node 25 58 26.2488
Pkt 54 300 0.18 1
Pkt 87 480 0.18125 1
Rate:362.255
==========
==========77
8 0 2 24000
Node 47 47 4.24264
Pkt 18 100 0.18 1
Pkt 29 160 0.18125 1
Node 39 51 11.0454
Pkt 72 400 0.18 1
Pkt 72 400 0.18 1
Node 56 31 19.9249
Pkt 135 750 0.18 1
Pkt 144 800 0.18 1
Node 41 60 13.4536
Pkt 22 120 0.183333 1
Pkt 23 125 0.184 1
Node 44 32 18.9737
Pkt 68 375 0.181333 1
Pkt 68 375 0.181333 1
Node 46 70 20.3961
Pkt 144 800 0.18 1
Pkt 144 800 0.18 1
Node 63 25 28.178
Pkt 18 100 0.18 1
Pkt 36 200 0.18 1
Node 50 56 6
Pkt 58 320 0.18125 1
Pkt 58 320 0.18125 1
Rate:361.719
==========
==========78
8 0 2 24000
Node 31 33 25.4951
Pkt 36 200 0.18 1
Pkt 35 192 0.182292 1
Node 45 38 13
Pkt 58 320 0.18125 1
Pkt 68 375 0.181333 1
Node 26 54 24.3311
Pkt 135 750 0.18 1
Pkt 135 750 0.18 1
Node 41 61 14.2127
Pkt 23 125 0.184 1
Pkt 29 160 0.18125 1
Node 49 46 4.12311
Pkt 72 400 0.18 1
Pkt 87 480 0.18125 1
Node 61 68 21.095
Pkt 144 800 0.18 1
Pkt 135 750 0.18 1
Node 25 35 29.1548
Pkt 44 240 0.183333 1
Pkt 35 192 0.182292 1
Node 27 48 23.0868
Pkt 87 480 0.18125 1
Pkt 68 375 0.181333 1
Rate:362.448
==========
==========79
8 0 2 24000
Node 41 52 9.21954
Pkt 23 125 0.184 1
Pkt 18 100 0.18 1
Node 62 62 16.9706
Pkt 72 400 0.18 1
Pkt 72 400 0.18 1
Node 62 69 22.4722
Pkt 135 750 0.18 1
Pkt 135 750 0.18 1
Node 62 65 19.2094
Pkt 35 192 0.182292 1
Pkt 27 150 0.18 1
Node 57 26 25
Pkt 58 320 0.18125 1
Pkt 72 400 0.18 1
Node 74 54 24.3311
Pkt 144 800 0.18 1
Pkt 135 750 0.18 1
Node 30 66 25.6125
Pkt 22 120 0.183333 1
Pkt 22 120 0.183333 1
Node 51 40 10.0499
Pkt 54 300 0.18 1
Pkt 87 480 0.18125 1
Rate:361.932
==========
==========80
8 0 2 24000
Node 44 37 14.3178
Pkt 35 192 0.182292 1
Pkt 45 250 0.18 1
Node 25 64 28.6531
Pkt 72 400 0.18 1
Pkt 54 300 0.18 1
Node 30 70 28.2843
Pkt 144 800 0.18 1
Pkt 135 750 0.18 1
Node 43 34 17.4642
Pkt 23 125 0.184 1
Pkt 22 120 0.183333 1
Node 39 25 27.313
Pkt 68 375 0.181333 1
Pkt 68 375 0.181333 1
Node 64 30 24.4131
Pkt 135 750 0.18 1
Pkt 144 800 0.18 1
Node 38 46 12.6491
Pkt 36 200 0.18 1
Pkt 29 160 0.18125 1
Node 54 36 14.5602
Pkt 68 375 0.181333 1
Pkt 68 375 0.181333 1
Rate:362.026
==========
==========81
8 0 2 24000
Node 74 25 34.6554
Pkt 29 160 0.18125 1
Pkt 36 200 0.18 1
Node 53 72 22.2036
Pkt 68 375 0.181333 1
Pkt 68 375 0.181333 1
Node 43 60 12.2066
Pkt 135 750 0.18 1
Pkt 135 750 0.18 1
Node 61 51 11.0454
Pkt 23 125 0.184 1
Pkt 44 240 0.183333 1
Node 62 37 17.6918
Pkt 87 480 0.18125 1
Pkt 72 400 0.18 1
Node 66 60 18.868
Pkt 144 800 0.18 1
Pkt 144 800 0.18 1
Node 72 65 26.6271
Pkt 44 240 0.183333 1
Pkt 18 100 0.18 1
Node 60 66 18.868
Pkt 54 300 0.18 1
Pkt 72 400 0.18 1
Rate:361.979
==========
==========82
8 0 2 24000
Node 44 73 23.7697
Pkt 22 120 0.183333 1
Pkt 23 125 0.184 1
Node 37 37 18.3848
Pkt 54 300 0.18 1
Pkt 87 480 0.18125 1
Node 28 34 27.2029
Pkt 135 750 0.18 1
Pkt 144 800 0.18 1
Node 60 72 24.1661
Pkt 22 120 0.183333 1
Pkt 36 200 0.18 1
Node 44 39 12.53
Pkt 54 300 0.18 1
Pkt 72 400 0.18 1
Node 41 25 26.5707
Pkt 144 800 0.18 1
Pkt 144 800 0.18 1
Node 36 49 14.0357
Pkt 36 200 0.18 1
Pkt 29 160 0.18125 1
Node 62 36 18.4391
Pkt 87 480 0.18125 1
Pkt 72 400 0.18 1
Rate:361.802
==========
==========83
8 0 2 24000
Node 40 73 25.0799
Pkt 29 160 0.18125 1
Pkt 22 120 0.183333 1
Node 31 53 19.2354
Pkt 54 300 0.18 1
Pkt 72 400 0.18 1
Node 74 28 32.5576
Pkt 144 800 0.18 1
Pkt 135 750 0.18 1
Node 59 29 22.8473
Pkt 22 120 0.183333 1
Pkt 18 100 0.18 1
Node 73 59 24.6982
Pkt 72 400 0.18 1
Pkt 72 400 0.18 1
Node 39 45 12.083
Pkt 144 800 0.18 1
Pkt 135 750 0.18 1
Node 38 71 24.1868
Pkt 23 125 0.184 1
Pkt 18 100 0.18 1
Node 55 47 5.83095
Pkt 54 300 0.18 1
Pkt 58 320 0.18125 1
Rate:361.646
==========
==========84
8 0 2 24000
Node 64 31 23.6008
Pkt 35 192 0.182292 1
Pkt 27 150 0.18 1
Node 74 52 24.0832
Pkt 54 300 0.18 1
Pkt 58 320 0.18125 1
Node 52 51 2.23607
Pkt 135 750 0.18 1
Pkt 135 750 0.18 1
Node 44 43 9.21954
Pkt 29 160 0.18125 1
Pkt 36 200 0.18 1
Node 31 69 26.8701
Pkt 87 480 0.18125 1
Pkt 68 375 0.181333 1
Node 54 70 20.3961
Pkt 135 750 0.18 1
Pkt 144 800 0.18 1
Node 29 56 21.8403
Pkt 44 240 0.183333 1
Pkt 45 250 0.18 1
Node 34 56 17.088
Pkt 87 480 0.18125 1
Pkt 72 400 0.18 1
Rate:361.495
==========
==========85
8 0 2 24000
Node 48 43 7.28011
Pkt 27 150 0.18 1
Pkt 23 125 0.184 1
Node 70 27 30.4795
Pkt 58 320 0.18125 1
Pkt 87 480 0.18125 1
Node 26 61 26.4008
Pkt 135 750 0.18 1
Pkt 144 800 0.18 1
Node 49 32 18.0278
Pkt 36 200 0.18 1
Pkt 18 100 0.18 1
Node 43 38 13.8924
Pkt 54 300 0.18 1
Pkt 72 400 0.18 1
Node 67 37 21.4009
Pkt 144 800 0.18 1
Pkt 135 750 0.18 1
Node 25 30 32.0156
Pkt 36 200 0.18 1
Pkt 35 192 0.182292 1
Node 52 58 8.24621
Pkt 54 300 0.18 1
Pkt 87 480 0.18125 1
Rate:361.255
==========
==========86
8 0 2 24000
Node 68 69 26.1725
Pkt 45 250 0.18 1
Pkt 44 240 0.183333 1
Node 72 58 23.4094
Pkt 58 320 0.18125 1
Pkt 54 300 0.18 1
Node 39 62 16.2788
Pkt 144 800 0.18 1
Pkt 135 750 0.18 1
Node 52 33 17.1172
Pkt 29 160 0.18125 1
Pkt 18 100 0.18 1
Node 64 63 19.105
Pkt 87 480 0.18125 1
Pkt 54 300 0.18 1
Node 73 71 31.1448
Pkt 135 750 0.18 1
Pkt 135 750 0.18 1
Node 65 62 19.2094
Pkt 45 250 0.18 1
Pkt 22 120 0.183333 1
Node 61 62 16.2788
Pkt 68 375 0.181333 1
Pkt 54 300 0.18 1
Rate:361.469
==========
==========87
8 0 2 24000
Node 68 34 24.0832
Pkt 35 192 0.182292 1
Pkt 22 120 0.183333 1
Node 28 63 25.5539
Pkt 58 320 0.18125 1
Pkt 87 480 0.18125 1
Node 66 64 21.2603
Pkt 135 750 0.18 1
Pkt 144 800 0.18 1
Node 54 67 17.4642
Pkt 36 200 0.18 1
Pkt 35 192 0.182292 1
Node 37 44 14.3178
Pkt 72 400 0.18 1
Pkt 72 400 0.18 1
Node 52 63 13.1529
Pkt 144 800 0.18 1
Pkt 144 800 0.18 1
Node 46 63 13.6015
Pkt 29 160 0.18125 1
Pkt 35 192 0.182292 1
Node 36 28 26.0768
Pkt 58 320 0.18125 1
Pkt 87 480 0.18125 1
Rate:362.057
==========
==========88
8 0 2 24000
Node 51 34 16.0312
Pkt 18 100 0.18 1
Pkt 45 250 0.18 1
Node 52 26 24.0832
Pkt 58 320 0.18125 1
Pkt 87 480 0.18125 1
Node 51 44 6.08276
Pkt 144 800 0.18 1
Pkt 135 750 0.18 1
Node 52 44 6.32456
Pkt 22 120 0.183333 1
Pkt 45 250 0.18 1
Node 73 47 23.1948
Pkt 72 400 0.18 1
Pkt 58 320 0.18125 1
Node 61 66 19.4165
Pkt 135 750 0.18 1
Pkt 135 750 0.18 1
Node 58 37 15.2643
Pkt 36 200 0.18 1
Pkt 35 192 0.182292 1
Node 56 72 22.8035
Pkt 87 480 0.18125 1
Pkt 54 300 0.18 1
Rate:361.328
==========
==========89
8 0 2 24000
Node 56 34 17.088
Pkt 45 250 0.18 1
Pkt 22 120 0.183333 1
Node 62 36 18.4391
Pkt 68 375 0.181333 1
Pkt 54 300 0.18 1
Node 53 63 13.3417
Pkt 144 800 0.18 1
Pkt 144 800 0.18 1
Node 43 37 14.7648
Pkt 29 160 0.18125 1
Pkt 45 250 0.18 1
Node 40 34 18.868
Pkt 72 400 0.18 1
Pkt 54 300 0.18 1
Node 41 58 12.0416
Pkt 144 800 0.18 1
Pkt 144 800 0.18 1
Node 26 68 30
Pkt 27 150 0.18 1
Pkt 29 160 0.18125 1
Node 34 44 17.088
Pkt 54 300 0.18 1
Pkt 54 300 0.18 1
Rate:360.896
==========
==========90
8 0 2 24000
Node 55 51 5.09902
Pkt 22 120 0.183333 1
Pkt 35 192 0.182292 1
Node 65 29 25.807
Pkt 72 400 0.18 1
Pkt 68 375 0.181333 1
Node 53 66 16.2788
Pkt 144 800 0.18 1
Pkt 135 750 0.18 1
Node 51 38 12.0416
Pkt 29 160 0.18125 1
Pkt 44 240 0.183333 1
Node 60 61 14.8661
Pkt 72 400 0.18 1
Pkt 87 480 0.18125 1
Node 45 47 5.83095
Pkt 144 800 0.18 1
Pkt 144 800 0.18 1
Node 27 55 23.5372
Pkt 36 200 0.18 1
Pkt 23 125 0.184 1
Node 61 35 18.6011
Pkt 68 375 0.181333 1
Pkt 87 480 0.18125 1
Rate:362.422
==========
==========91
8 0 2 24000
Node 62 70 23.3238
Pkt 23 125 0.184 1
Pkt 18 100 0.18 1
Node 39 59 14.2127
Pkt 87 480 0.18125 1
Pkt 54 300 0.18 1
Node 70 29 29
Pkt 144 800 0.18 1
Pkt 144 800 0.18 1
Node 32 38 21.6333
Pkt 27 150 0.18 1
Pkt 36 200 0.18 1
Node 62 51 12.0416
Pkt 58 320 0.18125 1
Pkt 58 320 0.18125 1
Node 59 31 21.0238
Pkt 135 750 0.18 1
Pkt 144 800 0.18 1
Node 52 26 24.0832
Pkt 27 150 0.18 1
Pkt 18 100 0.18 1
Node 36 28 26.0768
Pkt 72 400 0.18 1
Pkt 54 300 0.18 1
Rate:360.969
==========
==========92
8 0 2 24000
Node 62 47 12.3693
Pkt 23 125 0.184 1
Pkt 27 150 0.18 1
Node 28 48 22.0907
Pkt 87 480 0.18125 1
Pkt 72 400 0.18 1
Node 48 61 11.1803
Pkt 144 800 0.18 1
Pkt 144 800 0.18 1
Node 31 65 24.2074
Pkt 27 150 0.18 1
Pkt 35 192 0.182292 1
Node 70 43 21.1896
Pkt 54 300 0.18 1
Pkt 72 400 0.18 1
Node 39 71 23.7065
Pkt 144 800 0.18 1
Pkt 135 750 0.18 1
Node 64 44 15.2315
Pkt 18 100 0.18 1
Pkt 44 240 0.183333 1
Node 41 27 24.6982
Pkt 72 400 0.18 1
Pkt 58 320 0.18125 1
Rate:361.516
==========
==========93
8 0 2 24000
Node 57 52 7.28011
Pkt 18 100 0.18 1
Pkt 27 150 0.18 1
Node 56 40 11.6619
Pkt 68 375 0.181333 1
Pkt 68 375 0.181333 1
Node 61 45 12.083
Pkt 144 800 0.18 1
Pkt 135 750 0.18 1
Node 61 43 13.0384
Pkt 45 250 0.18 1
Pkt 18 100 0.18 1
Node 25 47 25.1794
Pkt 58 320 0.18125 1
Pkt 72 400 0.18 1
Node 46 38 12.6491
Pkt 144 800 0.18 1
Pkt 144 800 0.18 1
Node 37 32 22.2036
Pkt 35 192 0.182292 1
Pkt 22 120 0.183333 1
Node 26 61 26.4008
Pkt 54 300 0.18 1
Pkt 72 400 0.18 1
Rate:361.193
==========
==========94
8 0 2 24000
Node 32 29 27.6586
Pkt 18 100 0.18 1
Pkt 36 200 0.18 1
Node 34 66 22.6274
Pkt 68 375 0.181333 1
Pkt 58 320 0.18125 1
Node 67 47 17.2627
Pkt 144 800 0.18 1
Pkt 144 800 0.18 1
Node 35 47 15.2971
Pkt 44 240 0.183333 1
Pkt 35 192 0.182292 1
Node 48 61 11.1803
Pkt 54 300 0.18 1
Pkt 72 400 0.18 1
Node 46 45 6.40312
Pkt 135 750 0.18 1
Pkt 144 800 0.18 1
Node 36 71 25.2389
Pkt 18 100 0.18 1
Pkt 23 125 0.184 1
Node 40 66 18.868
Pkt 58 320 0.18125 1
Pkt 58 320 0.18125 1
Rate:361.839
==========
==========95
8 0 2 24000
Node 32 70 26.9072
Pkt 35 192 0.182292 1
Pkt 44 240 0.183333 1
Node 63 53 13.3417
Pkt 54 300 0.18 1
Pkt 68 375 0.181333 1
Node 38 43 13.8924
Pkt 135 750 0.18 1
Pkt 144 800 0.18 1
Node 36 72 26.0768
Pkt 35 192 0.182292 1
Pkt 35 192 0.182292 1
Node 28 39 24.5967
Pkt 68 375 0.181333 1
Pkt 87 480 0.18125 1
Node 41 27 24.6982
Pkt 135 750 0.18 1
Pkt 144 800 0.18 1
Node 56 43 9.21954
Pkt 35 192 0.182292 1
Pkt 35 192 0.182292 1
Node 63 49 13.0384
Pkt 68 375 0.181333 1
Pkt 72 400 0.18 1
Rate:362.505
==========
==========96
8 0 2 24000
Node 71 59 22.8473
Pkt 45 250 0.18 1
Pkt 23 125 0.184 1
Node 38 69 22.4722
Pkt 54 300 0.18 1
Pkt 72 400 0.18 1
Node 42 73 24.3516
Pkt 135 750 0.18 1
Pkt 144 800 0.18 1
Node 59 26 25.632
Pkt 22 120 0.183333 1
Pkt 44 240 0.183333 1
Node 73 68 29.2062
Pkt 54 300 0.18 1
Pkt 68 375 0.181333 1
Node 41 33 19.2354
Pkt 144 800 0.18 1
Pkt 135 750 0.18 1
Node 43 68 19.3132
Pkt 36 200 0.18 1
Pkt 36 200 0.18 1
Node 33 67 24.0416
Pkt 54 300 0.18 1
Pkt 68 375 0.181333 1
Rate:361.667
==========
==========97
8 0 2 24000
Node 33 61 20.2485
Pkt 22 120 0.183333 1
Pkt 45 250 0.18 1
Node 60 74 26
Pkt 54 300 0.18 1
Pkt 58 320 0.18125 1
Node 28 47 22.2036
Pkt 144 800 0.18 1
Pkt 144 800 0.18 1
Node 42 25 26.2488
Pkt 27 150 0.18 1
Pkt 27 150 0.18 1
Node 66 70 25.6125
Pkt 87 480 0.18125 1
Pkt 68 375 0.181333 1
Node 74 50 24
Pkt 144 800 0.18 1
Pkt 135 750 0.18 1
Node 61 40 14.8661
Pkt 35 192 0.182292 1
Pkt 18 100 0.18 1
Node 38 44 13.4164
Pkt 72 400 0.18 1
Pkt 58 320 0.18125 1
Rate:361.339
==========
==========98
8 0 2 24000
Node 47 26 24.1868
Pkt 22 120 0.183333 1
Pkt 22 120 0.183333 1
Node 68 57 19.3132
Pkt 87 480 0.18125 1
Pkt 54 300 0.18 1
Node 43 47 7.61577
Pkt 135 750 0.18 1
Pkt 135 750 0.18 1
Node 68 64 22.8035
Pkt 36 200 0.18 1
Pkt 27 150 0.18 1
Node 26 59 25.632
Pkt 72 400 0.18 1
Pkt 87 480 0.18125 1
Node 60 58 12.8062
Pkt 144 800 0.18 1
Pkt 135 750 0.18 1
Node 58 72 23.4094
Pkt 22 120 0.183333 1
Pkt 22 120 0.183333 1
Node 54 58 8.94427
Pkt 87 480 0.18125 1
Pkt 58 320 0.18125 1
Rate:362.292
==========
==========99
