8 0 2 24000
Node 31 35 24.2074
Pkt 36 160 0.225 1
Pkt 22 100 0.22 1
Node 71 67 27.0185
Pkt 71 320 0.221875 1
Pkt 106 480 0.220833 1
Node 47 47 4.24264
Pkt 176 800 0.22 1
Pkt 165 750 0.22 1
Node 57 54 8.06226
Pkt 53 240 0.220833 1
Pkt 22 100 0.22 1
Node 44 46 7.2111
Pkt 83 375 0.221333 1
Pkt 66 300 0.22 1
Node 25 63 28.178
Pkt 165 750 0.22 1
Pkt 176 800 0.22 1
Node 38 61 16.2788
Pkt 22 100 0.22 1
Pkt 55 250 0.22 1
Node 34 72 27.2029
Pkt 83 375 0.221333 1
Pkt 71 320 0.221875 1
Rate:441.635
==========
==========0
8 0 2 24000
Node 52 53 3.60555
Pkt 55 250 0.22 1
Pkt 22 100 0.22 1
Node 62 33 20.8087
Pkt 71 320 0.221875 1
Pkt 66 300 0.22 1
Node 57 47 7.61577
Pkt 165 750 0.22 1
Pkt 176 800 0.22 1
Node 54 63 13.6015
Pkt 44 200 0.22 1
Pkt 36 160 0.225 1
Node 33 33 24.0416
Pkt 88 400 0.22 1
Pkt 71 320 0.221875 1
Node 72 37 25.5539
Pkt 165 750 0.22 1
Pkt 176 800 0.22 1
Node 39 57 13.0384
Pkt 28 125 0.224 1
Pkt 55 250 0.22 1
Node 32 70 26.9072
Pkt 106 480 0.220833 1
Pkt 83 375 0.221333 1
Rate:441.865
==========
==========1
8 0 2 24000
Node 72 29 30.4138
Pkt 27 120 0.225 1
Pkt 36 160 0.225 1
Node 26 47 24.1868
Pkt 66 300 0.22 1
Pkt 106 480 0.220833 1
Node 60 69 21.4709
Pkt 176 800 0.22 1
Pkt 176 800 0.22 1
Node 54 29 21.3776
Pkt 36 160 0.225 1
Pkt 33 150 0.22 1
Node 49 25 25.02
Pkt 106 480 0.220833 1
Pkt 88 400 0.22 1
Node 60 63 16.4012
Pkt 176 800 0.22 1
Pkt 176 800 0.22 1
Node 54 47 5
Pkt 36 160 0.225 1
Pkt 33 150 0.22 1
Node 33 37 21.4009
Pkt 66 300 0.22 1
Pkt 83 375 0.221333 1
Rate:442.875
==========
==========2
8 0 2 24000
Node 54 57 8.06226
Pkt 44 200 0.22 1
Pkt 28 125 0.224 1
Node 43 49 7.07107
Pkt 88 400 0.22 1
Pkt 83 375 0.221333 1
Node 36 42 16.1245
Pkt 176 800 0.22 1
Pkt 165 750 0.22 1
Node 39 30 22.8254
Pkt 53 240 0.220833 1
Pkt 22 100 0.22 1
Node 52 73 23.0868
Pkt 66 300 0.22 1
Pkt 71 320 0.221875 1
Node 65 50 15
Pkt 176 800 0.22 1
Pkt 165 750 0.22 1
Node 45 33 17.72
Pkt 28 125 0.224 1
Pkt 44 200 0.22 1
Node 48 54 4.47214
Pkt 106 480 0.220833 1
Pkt 83 375 0.221333 1
Rate:441.776
==========
==========3
8 0 2 24000
Node 46 58 8.94427
Pkt 36 160 0.225 1
Pkt 22 100 0.22 1
Node 46 48 4.47214
Pkt 66 300 0.22 1
Pkt 71 320 0.221875 1
Node 66 27 28.0179
Pkt 165 750 0.22 1
Pkt 176 800 0.22 1
Node 30 63 23.8537
Pkt 27 120 0.225 1
Pkt 55 250 0.22 1
Node 48 55 5.38516
Pkt 83 375 0.221333 1
Pkt 71 320 0.221875 1
Node 51 33 17.0294
Pkt 176 800 0.22 1
Pkt 165 750 0.22 1
Node 34 31 24.8395
Pkt 33 150 0.22 1
Pkt 44 200 0.22 1
Node 53 27 23.1948
Pkt 88 400 0.22 1
Pkt 83 375 0.221333 1
Rate:442.052
==========
==========4
8 0 2 24000
Node 51 61 11.0454
Pkt 53 240 0.220833 1
Pkt 28 125 0.224 1
Node 55 71 21.587
Pkt 106 480 0.220833 1
Pkt 71 320 0.221875 1
Node 47 53 4.24264
Pkt 165 750 0.22 1
Pkt 165 750 0.22 1
Node 33 71 27.0185
Pkt 22 100 0.22 1
Pkt 33 150 0.22 1
Node 45 48 5.38516
Pkt 83 375 0.221333 1
Pkt 71 320 0.221875 1
Node 68 74 30
Pkt 165 750 0.22 1
Pkt 176 800 0.22 1
Node 38 69 22.4722
Pkt 43 192 0.223958 1
Pkt 28 125 0.224 1
Node 66 53 16.2788
Pkt 106 480 0.220833 1
Pkt 71 320 0.221875 1
Rate:442.677
==========
==========5
8 0 2 24000
Node 64 33 22.0227
Pkt 55 250 0.22 1
Pkt 27 120 0.225 1
Node 46 40 10.7703
Pkt 106 480 0.220833 1
Pkt 66 300 0.22 1
Node 71 39 23.7065
Pkt 165 750 0.22 1
Pkt 165 750 0.22 1
Node 41 72 23.7697
Pkt 28 125 0.224 1
Pkt 44 200 0.22 1
Node 64 60 17.2047
Pkt 66 300 0.22 1
Pkt 71 320 0.221875 1
Node 50 69 19
Pkt 176 800 0.22 1
Pkt 165 750 0.22 1
Node 27 62 25.9422
Pkt 28 125 0.224 1
Pkt 53 240 0.220833 1
Node 37 56 14.3178
Pkt 66 300 0.22 1
Pkt 88 400 0.22 1
Rate:442.068
==========
==========6
8 0 2 24000
Node 39 66 19.4165
Pkt 44 200 0.22 1
Pkt 36 160 0.225 1
Node 74 69 30.6105
Pkt 83 375 0.221333 1
Pkt 83 375 0.221333 1
Node 62 67 20.8087
Pkt 165 750 0.22 1
Pkt 176 800 0.22 1
Node 70 51 20.025
Pkt 43 192 0.223958 1
Pkt 43 192 0.223958 1
Node 57 43 9.89949
Pkt 66 300 0.22 1
Pkt 106 480 0.220833 1
Node 46 32 18.4391
Pkt 176 800 0.22 1
Pkt 176 800 0.22 1
Node 57 53 7.61577
Pkt 22 100 0.22 1
Pkt 55 250 0.22 1
Node 68 70 26.9072
Pkt 88 400 0.22 1
Pkt 66 300 0.22 1
Rate:442.052
==========
==========7
8 0 2 24000
Node 37 71 24.6982
Pkt 28 125 0.224 1
Pkt 53 240 0.220833 1
Node 25 25 35.3553
Pkt 66 300 0.22 1
Pkt 83 375 0.221333 1
Node 68 71 27.6586
Pkt 165 750 0.22 1
Pkt 176 800 0.22 1
Node 57 27 24.0416
Pkt 53 240 0.220833 1
Pkt 22 100 0.22 1
Node 32 31 26.1725
Pkt 66 300 0.22 1
Pkt 106 480 0.220833 1
Node 71 27 31.1448
Pkt 165 750 0.22 1
Pkt 176 800 0.22 1
Node 67 48 17.1172
Pkt 43 192 0.223958 1
Pkt 28 125 0.224 1
Node 56 57 9.21954
Pkt 88 400 0.22 1
Pkt 83 375 0.221333 1
Rate:442.141
==========
==========8
8 0 2 24000
Node 54 28 22.3607
Pkt 27 120 0.225 1
Pkt 27 120 0.225 1
Node 46 29 21.3776
Pkt 88 400 0.22 1
Pkt 66 300 0.22 1
Node 37 27 26.4197
Pkt 176 800 0.22 1
Pkt 176 800 0.22 1
Node 71 47 21.2132
Pkt 22 100 0.22 1
Pkt 36 160 0.225 1
Node 39 42 13.6015
Pkt 83 375 0.221333 1
Pkt 71 320 0.221875 1
Node 62 69 22.4722
Pkt 176 800 0.22 1
Pkt 176 800 0.22 1
Node 51 44 6.08276
Pkt 53 240 0.220833 1
Pkt 22 100 0.22 1
Node 30 27 30.4795
Pkt 66 300 0.22 1
Pkt 66 300 0.22 1
Rate:442.38
==========
==========9
8 0 2 24000
Node 57 45 8.60233
Pkt 43 192 0.223958 1
Pkt 43 192 0.223958 1
Node 51 40 10.0499
Pkt 71 320 0.221875 1
Pkt 88 400 0.22 1
Node 44 61 12.53
Pkt 176 800 0.22 1
Pkt 165 750 0.22 1
Node 50 64 14
Pkt 36 160 0.225 1
Pkt 33 150 0.22 1
Node 37 58 15.2643
Pkt 83 375 0.221333 1
Pkt 66 300 0.22 1
Node 58 46 8.94427
Pkt 165 750 0.22 1
Pkt 165 750 0.22 1
Node 64 29 25.2389
Pkt 43 192 0.223958 1
Pkt 33 150 0.22 1
Node 65 38 19.2094
Pkt 83 375 0.221333 1
Pkt 88 400 0.22 1
Rate:442.677
==========
==========10
8 0 2 24000
Node 55 57 8.60233
Pkt 27 120 0.225 1
Pkt 36 160 0.225 1
Node 62 61 16.2788
Pkt 66 300 0.22 1
Pkt 106 480 0.220833 1
Node 31 44 19.9249
Pkt 165 750 0.22 1
Pkt 165 750 0.22 1
Node 35 38 19.2094
Pkt 53 240 0.220833 1
Pkt 27 120 0.225 1
Node 39 60 14.8661
Pkt 71 320 0.221875 1
Pkt 66 300 0.22 1
Node 47 58 8.544
Pkt 165 750 0.22 1
Pkt 176 800 0.22 1
Node 73 59 24.6982
Pkt 53 240 0.220833 1
Pkt 44 200 0.22 1
Node 34 51 16.0312
Pkt 66 300 0.22 1
Pkt 66 300 0.22 1
Rate:442.422
==========
==========11
8 0 2 24000
Node 57 31 20.2485
Pkt 53 240 0.220833 1
Pkt 28 125 0.224 1
Node 26 45 24.5153
Pkt 66 300 0.22 1
Pkt 71 320 0.221875 1
Node 38 44 13.4164
Pkt 165 750 0.22 1
Pkt 165 750 0.22 1
Node 36 59 16.6433
Pkt 55 250 0.22 1
Pkt 43 192 0.223958 1
Node 69 62 22.4722
Pkt 66 300 0.22 1
Pkt 71 320 0.221875 1
Node 63 58 15.2643
Pkt 176 800 0.22 1
Pkt 165 750 0.22 1
Node 62 44 13.4164
Pkt 33 150 0.22 1
Pkt 28 125 0.224 1
Node 33 45 17.72
Pkt 88 400 0.22 1
Pkt 106 480 0.220833 1
Rate:442.172
==========
==========12
8 0 2 24000
Node 47 69 19.2354
Pkt 27 120 0.225 1
Pkt 22 100 0.22 1
Node 71 36 25.2389
Pkt 66 300 0.22 1
Pkt 83 375 0.221333 1
Node 72 27 31.8277
Pkt 176 800 0.22 1
Pkt 165 750 0.22 1
Node 34 57 17.4642
Pkt 44 200 0.22 1
Pkt 55 250 0.22 1
Node 44 63 14.3178
Pkt 88 400 0.22 1
Pkt 88 400 0.22 1
Node 71 45 21.587
Pkt 165 750 0.22 1
Pkt 176 800 0.22 1
Node 74 33 29.4109
Pkt 22 100 0.22 1
Pkt 28 125 0.224 1
Node 50 63 13
Pkt 66 300 0.22 1
Pkt 88 400 0.22 1
Rate:441.292
==========
==========13
8 0 2 24000
Node 63 62 17.6918
Pkt 53 240 0.220833 1
Pkt 36 160 0.225 1
Node 38 65 19.2094
Pkt 106 480 0.220833 1
Pkt 88 400 0.22 1
Node 38 68 21.6333
Pkt 165 750 0.22 1
Pkt 176 800 0.22 1
Node 55 46 6.40312
Pkt 43 192 0.223958 1
Pkt 53 240 0.220833 1
Node 61 51 11.0454
Pkt 66 300 0.22 1
Pkt 66 300 0.22 1
Node 51 38 12.0416
Pkt 176 800 0.22 1
Pkt 176 800 0.22 1
Node 34 25 29.6816
Pkt 43 192 0.223958 1
Pkt 43 192 0.223958 1
Node 39 31 21.9545
Pkt 88 400 0.22 1
Pkt 106 480 0.220833 1
Rate:442.526
==========
==========14
8 0 2 24000
Node 34 67 23.3452
Pkt 36 160 0.225 1
Pkt 44 200 0.22 1
Node 55 44 7.81025
Pkt 66 300 0.22 1
Pkt 66 300 0.22 1
Node 67 51 17.0294
Pkt 176 800 0.22 1
Pkt 176 800 0.22 1
Node 59 47 9.48683
Pkt 44 200 0.22 1
Pkt 53 240 0.220833 1
Node 29 67 27.0185
Pkt 66 300 0.22 1
Pkt 106 480 0.220833 1
Node 69 36 23.6008
Pkt 165 750 0.22 1
Pkt 165 750 0.22 1
Node 34 57 17.4642
Pkt 36 160 0.225 1
Pkt 43 192 0.223958 1
Node 26 35 28.3019
Pkt 88 400 0.22 1
Pkt 66 300 0.22 1
Rate:441.953
==========
==========15
8 0 2 24000
Node 68 36 22.8035
Pkt 44 200 0.22 1
Pkt 27 120 0.225 1
Node 62 47 12.3693
Pkt 66 300 0.22 1
Pkt 71 320 0.221875 1
Node 28 61 24.5967
Pkt 165 750 0.22 1
Pkt 176 800 0.22 1
Node 62 72 25.0599
Pkt 55 250 0.22 1
Pkt 36 160 0.225 1
Node 56 67 18.0278
Pkt 88 400 0.22 1
Pkt 66 300 0.22 1
Node 25 71 32.6497
Pkt 165 750 0.22 1
Pkt 176 800 0.22 1
Node 65 72 26.6271
Pkt 27 120 0.225 1
Pkt 33 150 0.22 1
Node 58 51 8.06226
Pkt 88 400 0.22 1
Pkt 71 320 0.221875 1
Rate:442.344
==========
==========16
8 0 2 24000
Node 45 73 23.5372
Pkt 53 240 0.220833 1
Pkt 43 192 0.223958 1
Node 43 31 20.2485
Pkt 83 375 0.221333 1
Pkt 88 400 0.22 1
Node 62 51 12.0416
Pkt 176 800 0.22 1
Pkt 165 750 0.22 1
Node 43 32 19.3132
Pkt 22 100 0.22 1
Pkt 43 192 0.223958 1
Node 31 55 19.6469
Pkt 83 375 0.221333 1
Pkt 106 480 0.220833 1
Node 63 25 28.178
Pkt 165 750 0.22 1
Pkt 176 800 0.22 1
Node 44 51 6.08276
Pkt 33 150 0.22 1
Pkt 27 120 0.225 1
Node 65 28 26.6271
Pkt 83 375 0.221333 1
Pkt 106 480 0.220833 1
Rate:442.427
==========
==========17
8 0 2 24000
Node 62 32 21.6333
Pkt 27 120 0.225 1
Pkt 43 192 0.223958 1
Node 34 46 16.4924
Pkt 106 480 0.220833 1
Pkt 83 375 0.221333 1
Node 63 55 13.9284
Pkt 165 750 0.22 1
Pkt 176 800 0.22 1
Node 46 33 17.4642
Pkt 53 240 0.220833 1
Pkt 43 192 0.223958 1
Node 26 50 24
Pkt 83 375 0.221333 1
Pkt 106 480 0.220833 1
Node 70 53 20.2237
Pkt 176 800 0.22 1
Pkt 165 750 0.22 1
Node 32 51 18.0278
Pkt 28 125 0.224 1
Pkt 55 250 0.22 1
Node 29 34 26.4008
Pkt 88 400 0.22 1
Pkt 66 300 0.22 1
Rate:442.76
==========
==========18
8 0 2 24000
Node 46 45 6.40312
Pkt 53 240 0.220833 1
Pkt 36 160 0.225 1
Node 32 62 21.6333
Pkt 66 300 0.22 1
Pkt 71 320 0.221875 1
Node 68 38 21.6333
Pkt 165 750 0.22 1
Pkt 176 800 0.22 1
Node 40 30 22.3607
Pkt 27 120 0.225 1
Pkt 55 250 0.22 1
Node 61 56 12.53
Pkt 88 400 0.22 1
Pkt 83 375 0.221333 1
Node 38 62 16.9706
Pkt 176 800 0.22 1
Pkt 165 750 0.22 1
Node 39 65 18.6011
Pkt 27 120 0.225 1
Pkt 44 200 0.22 1
Node 28 71 30.4138
Pkt 88 400 0.22 1
Pkt 71 320 0.221875 1
Rate:442.615
==========
==========19
8 0 2 24000
Node 49 64 14.0357
Pkt 44 200 0.22 1
Pkt 27 120 0.225 1
Node 48 38 12.1655
Pkt 83 375 0.221333 1
Pkt 71 320 0.221875 1
Node 38 59 15
Pkt 165 750 0.22 1
Pkt 165 750 0.22 1
Node 63 58 15.2643
Pkt 53 240 0.220833 1
Pkt 53 240 0.220833 1
Node 27 64 26.9258
Pkt 83 375 0.221333 1
Pkt 66 300 0.22 1
Node 29 33 27.0185
Pkt 176 800 0.22 1
Pkt 176 800 0.22 1
Node 55 37 13.9284
Pkt 27 120 0.225 1
Pkt 22 100 0.22 1
Node 25 64 28.6531
Pkt 66 300 0.22 1
Pkt 88 400 0.22 1
Rate:442.026
==========
==========20
8 0 2 24000
Node 30 30 28.2843
Pkt 22 100 0.22 1
Pkt 28 125 0.224 1
Node 33 46 17.4642
Pkt 83 375 0.221333 1
Pkt 71 320 0.221875 1
Node 51 68 18.0278
Pkt 165 750 0.22 1
Pkt 176 800 0.22 1
Node 41 57 11.4018
Pkt 43 192 0.223958 1
Pkt 55 250 0.22 1
Node 59 60 13.4536
Pkt 88 400 0.22 1
Pkt 106 480 0.220833 1
Node 66 27 28.0179
Pkt 165 750 0.22 1
Pkt 165 750 0.22 1
Node 28 55 22.561
Pkt 36 160 0.225 1
Pkt 44 200 0.22 1
Node 63 30 23.8537
Pkt 66 300 0.22 1
Pkt 83 375 0.221333 1
Rate:442.292
==========
==========21
8 0 2 24000
Node 43 60 12.2066
Pkt 33 150 0.22 1
Pkt 36 160 0.225 1
Node 54 31 19.4165
Pkt 83 375 0.221333 1
Pkt 71 320 0.221875 1
Node 34 54 16.4924
Pkt 176 800 0.22 1
Pkt 165 750 0.22 1
Node 29 59 22.8473
Pkt 53 240 0.220833 1
Pkt 53 240 0.220833 1
Node 35 62 19.2094
Pkt 66 300 0.22 1
Pkt 66 300 0.22 1
Node 67 74 29.4109
Pkt 176 800 0.22 1
Pkt 176 800 0.22 1
Node 46 58 8.94427
Pkt 43 192 0.223958 1
Pkt 28 125 0.224 1
Node 41 57 11.4018
Pkt 71 320 0.221875 1
Pkt 71 320 0.221875 1
Rate:442.698
==========
==========22
8 0 2 24000
Node 48 32 18.1108
Pkt 27 120 0.225 1
Pkt 55 250 0.22 1
Node 52 59 9.21954
Pkt 88 400 0.22 1
Pkt 106 480 0.220833 1
Node 30 38 23.3238
Pkt 176 800 0.22 1
Pkt 176 800 0.22 1
Node 49 35 15.0333
Pkt 33 150 0.22 1
Pkt 22 100 0.22 1
Node 44 37 14.3178
Pkt 106 480 0.220833 1
Pkt 66 300 0.22 1
Node 58 69 20.6155
Pkt 176 800 0.22 1
Pkt 165 750 0.22 1
Node 74 65 28.3019
Pkt 55 250 0.22 1
Pkt 44 200 0.22 1
Node 59 56 10.8167
Pkt 66 300 0.22 1
Pkt 88 400 0.22 1
Rate:440.833
==========
==========23
8 0 2 24000
Node 60 52 10.198
Pkt 36 160 0.225 1
Pkt 43 192 0.223958 1
Node 47 68 18.2483
Pkt 88 400 0.22 1
Pkt 106 480 0.220833 1
Node 72 44 22.8035
Pkt 165 750 0.22 1
Pkt 165 750 0.22 1
Node 57 63 14.7648
Pkt 36 160 0.225 1
Pkt 36 160 0.225 1
Node 43 40 12.2066
Pkt 66 300 0.22 1
Pkt 106 480 0.220833 1
Node 67 48 17.1172
Pkt 176 800 0.22 1
Pkt 176 800 0.22 1
Node 38 73 25.9422
Pkt 43 192 0.223958 1
Pkt 27 120 0.225 1
Node 42 36 16.1245
Pkt 106 480 0.220833 1
Pkt 71 320 0.221875 1
Rate:444.036
==========
==========24
8 0 2 24000
Node 45 41 10.2956
Pkt 44 200 0.22 1
Pkt 22 100 0.22 1
Node 70 39 22.8254
Pkt 88 400 0.22 1
Pkt 106 480 0.220833 1
Node 43 46 8.06226
Pkt 165 750 0.22 1
Pkt 165 750 0.22 1
Node 64 46 14.5602
Pkt 44 200 0.22 1
Pkt 33 150 0.22 1
Node 56 26 24.7386
Pkt 71 320 0.221875 1
Pkt 71 320 0.221875 1
Node 49 25 25.02
Pkt 176 800 0.22 1
Pkt 165 750 0.22 1
Node 56 61 12.53
Pkt 36 160 0.225 1
Pkt 53 240 0.220833 1
Node 32 44 18.9737
Pkt 71 320 0.221875 1
Pkt 88 400 0.22 1
Rate:441.536
==========
==========25
8 0 2 24000
Node 31 48 19.105
Pkt 43 192 0.223958 1
Pkt 36 160 0.225 1
Node 56 60 11.6619
Pkt 83 375 0.221333 1
Pkt 83 375 0.221333 1
Node 33 38 20.8087
Pkt 165 750 0.22 1
Pkt 165 750 0.22 1
Node 49 27 23.0217
Pkt 44 200 0.22 1
Pkt 55 250 0.22 1
Node 58 30 21.5407
Pkt 88 400 0.22 1
Pkt 88 400 0.22 1
Node 44 42 10
Pkt 176 800 0.22 1
Pkt 176 800 0.22 1
Node 71 34 26.4008
Pkt 55 250 0.22 1
Pkt 55 250 0.22 1
Node 65 67 22.6716
Pkt 106 480 0.220833 1
Pkt 71 320 0.221875 1
Rate:441.792
==========
==========26
8 0 2 24000
Node 63 46 13.6015
Pkt 43 192 0.223958 1
Pkt 43 192 0.223958 1
Node 40 30 22.3607
Pkt 71 320 0.221875 1
Pkt 106 480 0.220833 1
Node 51 63 13.0384
Pkt 176 800 0.22 1
Pkt 176 800 0.22 1
Node 27 49 23.0217
Pkt 22 100 0.22 1
Pkt 44 200 0.22 1
Node 48 68 18.1108
Pkt 66 300 0.22 1
Pkt 66 300 0.22 1
Node 27 68 29.2062
Pkt 165 750 0.22 1
Pkt 165 750 0.22 1
Node 28 29 30.4138
Pkt 55 250 0.22 1
Pkt 55 250 0.22 1
Node 37 60 16.4012
Pkt 106 480 0.220833 1
Pkt 88 400 0.22 1
Rate:441.432
==========
==========27
8 0 2 24000
Node 62 58 14.4222
Pkt 27 120 0.225 1
Pkt 22 100 0.22 1
Node 70 63 23.8537
Pkt 106 480 0.220833 1
Pkt 71 320 0.221875 1
Node 66 65 21.9317
Pkt 165 750 0.22 1
Pkt 165 750 0.22 1
Node 51 53 3.16228
Pkt 28 125 0.224 1
Pkt 55 250 0.22 1
Node 25 64 28.6531
Pkt 83 375 0.221333 1
Pkt 71 320 0.221875 1
Node 46 37 13.6015
Pkt 176 800 0.22 1
Pkt 165 750 0.22 1
Node 51 33 17.0294
Pkt 27 120 0.225 1
Pkt 44 200 0.22 1
Node 32 42 19.6977
Pkt 71 320 0.221875 1
Pkt 66 300 0.22 1
Rate:442.724
==========
==========28
8 0 2 24000
Node 26 47 24.1868
Pkt 55 250 0.22 1
Pkt 33 150 0.22 1
Node 26 69 30.6105
Pkt 83 375 0.221333 1
Pkt 83 375 0.221333 1
Node 30 35 25
Pkt 176 800 0.22 1
Pkt 176 800 0.22 1
Node 31 46 19.4165
Pkt 27 120 0.225 1
Pkt 55 250 0.22 1
Node 40 30 22.3607
Pkt 83 375 0.221333 1
Pkt 66 300 0.22 1
Node 30 55 20.6155
Pkt 165 750 0.22 1
Pkt 176 800 0.22 1
Node 35 54 15.5242
Pkt 36 160 0.225 1
Pkt 27 120 0.225 1
Node 43 30 21.1896
Pkt 83 375 0.221333 1
Pkt 71 320 0.221875 1
Rate:442.776
==========
==========29
8 0 2 24000
Node 61 64 17.8045
Pkt 44 200 0.22 1
Pkt 33 150 0.22 1
Node 40 50 10
Pkt 66 300 0.22 1
Pkt 66 300 0.22 1
Node 30 29 29
Pkt 176 800 0.22 1
Pkt 176 800 0.22 1
Node 42 33 18.7883
Pkt 36 160 0.225 1
Pkt 43 192 0.223958 1
Node 60 55 11.1803
Pkt 88 400 0.22 1
Pkt 88 400 0.22 1
Node 42 34 17.8885
Pkt 176 800 0.22 1
Pkt 165 750 0.22 1
Node 44 65 16.1555
Pkt 43 192 0.223958 1
Pkt 27 120 0.225 1
Node 68 35 23.4307
Pkt 71 320 0.221875 1
Pkt 88 400 0.22 1
Rate:442.474
==========
==========30
8 0 2 24000
Node 43 45 8.60233
Pkt 28 125 0.224 1
Pkt 27 120 0.225 1
Node 46 33 17.4642
Pkt 71 320 0.221875 1
Pkt 83 375 0.221333 1
Node 36 72 26.0768
Pkt 176 800 0.22 1
Pkt 176 800 0.22 1
Node 33 50 17
Pkt 43 192 0.223958 1
Pkt 27 120 0.225 1
Node 64 25 28.6531
Pkt 83 375 0.221333 1
Pkt 71 320 0.221875 1
Node 43 33 18.3848
Pkt 176 800 0.22 1
Pkt 165 750 0.22 1
Node 46 39 11.7047
Pkt 53 240 0.220833 1
Pkt 22 100 0.22 1
Node 56 57 9.21954
Pkt 71 320 0.221875 1
Pkt 71 320 0.221875 1
Rate:443.62
==========
==========31
8 0 2 24000
Node 58 64 16.1245
Pkt 43 192 0.223958 1
Pkt 28 125 0.224 1
Node 41 42 12.0416
Pkt 106 480 0.220833 1
Pkt 71 320 0.221875 1
Node 42 58 11.3137
Pkt 165 750 0.22 1
Pkt 176 800 0.22 1
Node 72 31 29.0689
Pkt 53 240 0.220833 1
Pkt 43 192 0.223958 1
Node 73 60 25.0799
Pkt 66 300 0.22 1
Pkt 83 375 0.221333 1
Node 72 50 22
Pkt 165 750 0.22 1
Pkt 165 750 0.22 1
Node 33 66 23.3452
Pkt 36 160 0.225 1
Pkt 28 125 0.224 1
Node 47 30 20.2237
Pkt 71 320 0.221875 1
Pkt 106 480 0.220833 1
Rate:443.563
==========
==========32
8 0 2 24000
Node 52 62 12.1655
Pkt 55 250 0.22 1
Pkt 53 240 0.220833 1
Node 28 62 25.0599
Pkt 88 400 0.22 1
Pkt 83 375 0.221333 1
Node 39 60 14.8661
Pkt 165 750 0.22 1
Pkt 165 750 0.22 1
Node 50 48 2
Pkt 53 240 0.220833 1
Pkt 33 150 0.22 1
Node 49 68 18.0278
Pkt 83 375 0.221333 1
Pkt 88 400 0.22 1
Node 38 53 12.3693
Pkt 165 750 0.22 1
Pkt 165 750 0.22 1
Node 38 71 24.1868
Pkt 27 120 0.225 1
Pkt 22 100 0.22 1
Node 47 39 11.4018
Pkt 66 300 0.22 1
Pkt 88 400 0.22 1
Rate:441.167
==========
==========33
8 0 2 24000
Node 44 63 14.3178
Pkt 36 160 0.225 1
Pkt 43 192 0.223958 1
Node 72 53 22.2036
Pkt 83 375 0.221333 1
Pkt 71 320 0.221875 1
Node 37 35 19.8494
Pkt 165 750 0.22 1
Pkt 176 800 0.22 1
Node 39 51 11.0454
Pkt 27 120 0.225 1
Pkt 53 240 0.220833 1
Node 27 69 29.8329
Pkt 83 375 0.221333 1
Pkt 71 320 0.221875 1
Node 46 63 13.6015
Pkt 176 800 0.22 1
Pkt 165 750 0.22 1
Node 49 69 19.0263
Pkt 22 100 0.22 1
Pkt 44 200 0.22 1
Node 74 73 33.2415
Pkt 88 400 0.22 1
Pkt 106 480 0.220833 1
Rate:442.755
==========
==========34
8 0 2 24000
Node 44 36 15.2315
Pkt 33 150 0.22 1
Pkt 55 250 0.22 1
Node 73 41 24.6982
Pkt 88 400 0.22 1
Pkt 106 480 0.220833 1
Node 68 42 19.6977
Pkt 165 750 0.22 1
Pkt 176 800 0.22 1
Node 31 37 23.0217
Pkt 55 250 0.22 1
Pkt 55 250 0.22 1
Node 67 42 18.7883
Pkt 106 480 0.220833 1
Pkt 66 300 0.22 1
Node 55 60 11.1803
Pkt 176 800 0.22 1
Pkt 176 800 0.22 1
Node 48 54 4.47214
Pkt 43 192 0.223958 1
Pkt 55 250 0.22 1
Node 60 51 10.0499
Pkt 106 480 0.220833 1
Pkt 88 400 0.22 1
Rate:440.807
==========
==========35
8 0 2 24000
Node 51 28 22.0227
Pkt 55 250 0.22 1
Pkt 22 100 0.22 1
Node 60 46 10.7703
Pkt 88 400 0.22 1
Pkt 71 320 0.221875 1
Node 30 33 26.2488
Pkt 176 800 0.22 1
Pkt 176 800 0.22 1
Node 60 54 10.7703
Pkt 44 200 0.22 1
Pkt 27 120 0.225 1
Node 66 71 26.4008
Pkt 106 480 0.220833 1
Pkt 66 300 0.22 1
Node 69 67 25.4951
Pkt 165 750 0.22 1
Pkt 176 800 0.22 1
Node 71 38 24.1868
Pkt 55 250 0.22 1
Pkt 28 125 0.224 1
Node 69 72 29.0689
Pkt 66 300 0.22 1
Pkt 71 320 0.221875 1
Rate:441.698
==========
==========36
8 0 2 24000
Node 43 26 25
Pkt 53 240 0.220833 1
Pkt 22 100 0.22 1
Node 69 42 20.6155
Pkt 83 375 0.221333 1
Pkt 83 375 0.221333 1
Node 66 40 18.868
Pkt 176 800 0.22 1
Pkt 165 750 0.22 1
Node 57 55 8.60233
Pkt 55 250 0.22 1
Pkt 27 120 0.225 1
Node 34 58 17.8885
Pkt 106 480 0.220833 1
Pkt 66 300 0.22 1
Node 39 63 17.0294
Pkt 176 800 0.22 1
Pkt 165 750 0.22 1
Node 26 38 26.8328
Pkt 33 150 0.22 1
Pkt 36 160 0.225 1
Node 47 37 13.3417
Pkt 66 300 0.22 1
Pkt 88 400 0.22 1
Rate:441.792
==========
==========37
8 0 2 24000
Node 67 30 26.2488
Pkt 53 240 0.220833 1
Pkt 44 200 0.22 1
Node 73 49 23.0217
Pkt 66 300 0.22 1
Pkt 71 320 0.221875 1
Node 64 47 14.3178
Pkt 176 800 0.22 1
Pkt 176 800 0.22 1
Node 71 28 30.4138
Pkt 33 150 0.22 1
Pkt 22 100 0.22 1
Node 39 53 11.4018
Pkt 71 320 0.221875 1
Pkt 106 480 0.220833 1
Node 74 62 26.8328
Pkt 176 800 0.22 1
Pkt 165 750 0.22 1
Node 52 37 13.1529
Pkt 36 160 0.225 1
Pkt 55 250 0.22 1
Node 71 52 21.095
Pkt 66 300 0.22 1
Pkt 83 375 0.221333 1
Rate:441.469
==========
==========38
8 0 2 24000
Node 58 40 12.8062
Pkt 33 150 0.22 1
Pkt 33 150 0.22 1
Node 32 28 28.4253
Pkt 83 375 0.221333 1
Pkt 88 400 0.22 1
Node 42 53 8.544
Pkt 165 750 0.22 1
Pkt 176 800 0.22 1
Node 72 30 29.7321
Pkt 22 100 0.22 1
Pkt 53 240 0.220833 1
Node 58 31 20.6155
Pkt 88 400 0.22 1
Pkt 71 320 0.221875 1
Node 65 25 29.1548
Pkt 176 800 0.22 1
Pkt 165 750 0.22 1
Node 73 61 25.4951
Pkt 27 120 0.225 1
Pkt 33 150 0.22 1
Node 60 71 23.2594
Pkt 88 400 0.22 1
Pkt 88 400 0.22 1
Rate:441.13
==========
==========39
8 0 2 24000
Node 50 53 3
Pkt 27 120 0.225 1
Pkt 55 250 0.22 1
Node 60 45 11.1803
Pkt 66 300 0.22 1
Pkt 83 375 0.221333 1
Node 58 51 8.06226
Pkt 176 800 0.22 1
Pkt 176 800 0.22 1
Node 55 29 21.587
Pkt 28 125 0.224 1
Pkt 36 160 0.225 1
Node 43 56 9.21954
Pkt 88 400 0.22 1
Pkt 66 300 0.22 1
Node 26 33 29.4109
Pkt 165 750 0.22 1
Pkt 176 800 0.22 1
Node 68 42 19.6977
Pkt 36 160 0.225 1
Pkt 33 150 0.22 1
Node 43 55 8.60233
Pkt 66 300 0.22 1
Pkt 83 375 0.221333 1
Rate:442.708
==========
==========40
8 0 2 24000
Node 58 25 26.2488
Pkt 22 100 0.22 1
Pkt 53 240 0.220833 1
Node 52 61 11.1803
Pkt 66 300 0.22 1
Pkt 71 320 0.221875 1
Node 72 31 29.0689
Pkt 176 800 0.22 1
Pkt 165 750 0.22 1
Node 35 56 16.1555
Pkt 28 125 0.224 1
Pkt 44 200 0.22 1
Node 72 29 30.4138
Pkt 71 320 0.221875 1
Pkt 106 480 0.220833 1
Node 63 27 26.4197
Pkt 176 800 0.22 1
Pkt 165 750 0.22 1
Node 35 70 25
Pkt 33 150 0.22 1
Pkt 55 250 0.22 1
Node 47 38 12.3693
Pkt 83 375 0.221333 1
Pkt 71 320 0.221875 1
Rate:441.578
==========
==========41
8 0 2 24000
Node 55 67 17.72
Pkt 28 125 0.224 1
Pkt 55 250 0.22 1
Node 67 55 17.72
Pkt 106 480 0.220833 1
Pkt 106 480 0.220833 1
Node 27 51 23.0217
Pkt 176 800 0.22 1
Pkt 176 800 0.22 1
Node 30 37 23.8537
Pkt 44 200 0.22 1
Pkt 33 150 0.22 1
Node 54 41 9.84886
Pkt 83 375 0.221333 1
Pkt 71 320 0.221875 1
Node 53 59 9.48683
Pkt 176 800 0.22 1
Pkt 165 750 0.22 1
Node 43 47 7.61577
Pkt 27 120 0.225 1
Pkt 22 100 0.22 1
Node 41 58 12.0416
Pkt 83 375 0.221333 1
Pkt 83 375 0.221333 1
Rate:442.068
==========
==========42
8 0 2 24000
Node 70 31 27.5862
Pkt 27 120 0.225 1
Pkt 36 160 0.225 1
Node 38 46 12.6491
Pkt 71 320 0.221875 1
Pkt 106 480 0.220833 1
Node 56 33 18.0278
Pkt 165 750 0.22 1
Pkt 176 800 0.22 1
Node 74 30 31.241
Pkt 53 240 0.220833 1
Pkt 28 125 0.224 1
Node 40 71 23.2594
Pkt 83 375 0.221333 1
Pkt 106 480 0.220833 1
Node 46 34 16.4924
Pkt 176 800 0.22 1
Pkt 176 800 0.22 1
Node 53 56 6.7082
Pkt 43 192 0.223958 1
Pkt 33 150 0.22 1
Node 51 26 24.0208
Pkt 88 400 0.22 1
Pkt 71 320 0.221875 1
Rate:443.193
==========
==========43
8 0 2 24000
Node 68 53 18.2483
Pkt 27 120 0.225 1
Pkt 43 192 0.223958 1
Node 61 47 11.4018
Pkt 88 400 0.22 1
Pkt 106 480 0.220833 1
Node 43 47 7.61577
Pkt 176 800 0.22 1
Pkt 176 800 0.22 1
Node 72 52 22.0907
Pkt 43 192 0.223958 1
Pkt 36 160 0.225 1
Node 72 40 24.1661
Pkt 83 375 0.221333 1
Pkt 66 300 0.22 1
Node 53 56 6.7082
Pkt 165 750 0.22 1
Pkt 176 800 0.22 1
Node 69 57 20.2485
Pkt 28 125 0.224 1
Pkt 27 120 0.225 1
Node 26 73 33.2415
Pkt 106 480 0.220833 1
Pkt 71 320 0.221875 1
Rate:443.974
==========
==========44
8 0 2 24000
Node 40 45 11.1803
Pkt 44 200 0.22 1
Pkt 36 160 0.225 1
Node 69 54 19.4165
Pkt 71 320 0.221875 1
Pkt 83 375 0.221333 1
Node 68 29 27.6586
Pkt 165 750 0.22 1
Pkt 165 750 0.22 1
Node 71 64 25.2389
Pkt 44 200 0.22 1
Pkt 28 125 0.224 1
Node 74 37 27.2947
Pkt 88 400 0.22 1
Pkt 106 480 0.220833 1
Node 71 51 21.0238
Pkt 176 800 0.22 1
Pkt 165 750 0.22 1
Node 44 37 14.3178
Pkt 36 160 0.225 1
Pkt 33 150 0.22 1
Node 26 37 27.2947
Pkt 83 375 0.221333 1
Pkt 83 375 0.221333 1
Rate:442.589
==========
==========45
8 0 2 24000
Node 54 26 24.3311
Pkt 33 150 0.22 1
Pkt 28 125 0.224 1
Node 52 73 23.0868
Pkt 66 300 0.22 1
Pkt 106 480 0.220833 1
Node 63 74 27.2947
Pkt 176 800 0.22 1
Pkt 176 800 0.22 1
Node 66 53 16.2788
Pkt 33 150 0.22 1
Pkt 43 192 0.223958 1
Node 61 51 11.0454
Pkt 106 480 0.220833 1
Pkt 88 400 0.22 1
Node 60 39 14.8661
Pkt 176 800 0.22 1
Pkt 165 750 0.22 1
Node 47 60 10.4403
Pkt 27 120 0.225 1
Pkt 22 100 0.22 1
Node 61 48 11.1803
Pkt 66 300 0.22 1
Pkt 83 375 0.221333 1
Rate:441.995
==========
==========46
8 0 2 24000
Node 55 68 18.6815
Pkt 55 250 0.22 1
Pkt 36 160 0.225 1
Node 26 67 29.4109
Pkt 71 320 0.221875 1
Pkt 83 375 0.221333 1
Node 45 27 23.5372
Pkt 165 750 0.22 1
Pkt 176 800 0.22 1
Node 55 35 15.8114
Pkt 22 100 0.22 1
Pkt 28 125 0.224 1
Node 38 57 13.8924
Pkt 88 400 0.22 1
Pkt 106 480 0.220833 1
Node 49 30 20.025
Pkt 176 800 0.22 1
Pkt 176 800 0.22 1
Node 56 25 25.7099
Pkt 28 125 0.224 1
Pkt 22 100 0.22 1
Node 72 43 23.0868
Pkt 106 480 0.220833 1
Pkt 66 300 0.22 1
Rate:442.234
==========
==========47
8 0 2 24000
Node 53 46 5
Pkt 28 125 0.224 1
Pkt 53 240 0.220833 1
Node 28 73 31.8277
Pkt 106 480 0.220833 1
Pkt 106 480 0.220833 1
Node 58 57 10.6301
Pkt 176 800 0.22 1
Pkt 176 800 0.22 1
Node 47 70 20.2237
Pkt 33 150 0.22 1
Pkt 44 200 0.22 1
Node 63 29 24.6982
Pkt 71 320 0.221875 1
Pkt 66 300 0.22 1
Node 53 52 3.60555
Pkt 176 800 0.22 1
Pkt 176 800 0.22 1
Node 55 47 5.83095
Pkt 44 200 0.22 1
Pkt 33 150 0.22 1
Node 65 39 18.6011
Pkt 83 375 0.221333 1
Pkt 71 320 0.221875 1
Rate:441.448
==========
==========48
8 0 2 24000
Node 33 57 18.3848
Pkt 36 160 0.225 1
Pkt 33 150 0.22 1
Node 44 25 25.7099
Pkt 88 400 0.22 1
Pkt 71 320 0.221875 1
Node 50 51 1
Pkt 176 800 0.22 1
Pkt 165 750 0.22 1
Node 46 64 14.5602
Pkt 33 150 0.22 1
Pkt 33 150 0.22 1
Node 68 52 18.1108
Pkt 83 375 0.221333 1
Pkt 106 480 0.220833 1
Node 35 52 15.1327
Pkt 176 800 0.22 1
Pkt 165 750 0.22 1
Node 74 48 24.0832
Pkt 27 120 0.225 1
Pkt 27 120 0.225 1
Node 74 74 33.9411
Pkt 88 400 0.22 1
Pkt 83 375 0.221333 1
Rate:442.547
==========
==========49
8 0 2 24000
Node 39 72 24.5967
Pkt 28 125 0.224 1
Pkt 44 200 0.22 1
Node 62 30 23.3238
Pkt 71 320 0.221875 1
Pkt 88 400 0.22 1
Node 56 51 6.08276
Pkt 176 800 0.22 1
Pkt 165 750 0.22 1
Node 47 39 11.4018
Pkt 27 120 0.225 1
Pkt 27 120 0.225 1
Node 30 43 21.1896
Pkt 71 320 0.221875 1
Pkt 66 300 0.22 1
Node 60 54 10.7703
Pkt 176 800 0.22 1
Pkt 176 800 0.22 1
Node 41 74 25.632
Pkt 53 240 0.220833 1
Pkt 28 125 0.224 1
Node 47 51 3.16228
Pkt 88 400 0.22 1
Pkt 88 400 0.22 1
Rate:442.823
==========
==========50
8 0 2 24000
Node 72 61 24.5967
Pkt 53 240 0.220833 1
Pkt 53 240 0.220833 1
Node 65 36 20.5183
Pkt 71 320 0.221875 1
Pkt 83 375 0.221333 1
Node 62 38 16.9706
Pkt 165 750 0.22 1
Pkt 176 800 0.22 1
Node 33 73 28.6007
Pkt 28 125 0.224 1
Pkt 33 150 0.22 1
Node 32 74 30
Pkt 66 300 0.22 1
Pkt 88 400 0.22 1
Node 52 38 12.1655
Pkt 176 800 0.22 1
Pkt 176 800 0.22 1
Node 27 72 31.8277
Pkt 36 160 0.225 1
Pkt 33 150 0.22 1
Node 34 26 28.8444
Pkt 88 400 0.22 1
Pkt 83 375 0.221333 1
Rate:441.901
==========
==========51
8 0 2 24000
Node 71 65 25.807
Pkt 22 100 0.22 1
Pkt 43 192 0.223958 1
Node 49 51 1.41421
Pkt 83 375 0.221333 1
Pkt 66 300 0.22 1
Node 37 56 14.3178
Pkt 176 800 0.22 1
Pkt 176 800 0.22 1
Node 38 50 12
Pkt 22 100 0.22 1
Pkt 27 120 0.225 1
Node 57 40 12.2066
Pkt 106 480 0.220833 1
Pkt 71 320 0.221875 1
Node 40 45 11.1803
Pkt 176 800 0.22 1
Pkt 176 800 0.22 1
Node 48 32 18.1108
Pkt 43 192 0.223958 1
Pkt 36 160 0.225 1
Node 71 56 21.8403
Pkt 88 400 0.22 1
Pkt 66 300 0.22 1
Rate:442.745
==========
==========52
8 0 2 24000
Node 59 27 24.6982
Pkt 33 150 0.22 1
Pkt 36 160 0.225 1
Node 45 49 5.09902
Pkt 83 375 0.221333 1
Pkt 88 400 0.22 1
Node 32 74 30
Pkt 165 750 0.22 1
Pkt 165 750 0.22 1
Node 56 25 25.7099
Pkt 55 250 0.22 1
Pkt 44 200 0.22 1
Node 62 51 12.0416
Pkt 71 320 0.221875 1
Pkt 106 480 0.220833 1
Node 40 65 18.0278
Pkt 165 750 0.22 1
Pkt 176 800 0.22 1
Node 61 53 11.4018
Pkt 22 100 0.22 1
Pkt 27 120 0.225 1
Node 62 54 12.6491
Pkt 83 375 0.221333 1
Pkt 88 400 0.22 1
Rate:441.922
==========
==========53
8 0 2 24000
Node 28 67 27.8029
Pkt 43 192 0.223958 1
Pkt 43 192 0.223958 1
Node 66 36 21.2603
Pkt 88 400 0.22 1
Pkt 71 320 0.221875 1
Node 42 35 17
Pkt 165 750 0.22 1
Pkt 165 750 0.22 1
Node 50 32 18
Pkt 28 125 0.224 1
Pkt 43 192 0.223958 1
Node 46 52 4.47214
Pkt 71 320 0.221875 1
Pkt 66 300 0.22 1
Node 51 27 23.0217
Pkt 176 800 0.22 1
Pkt 176 800 0.22 1
Node 43 57 9.89949
Pkt 43 192 0.223958 1
Pkt 33 150 0.22 1
Node 51 70 20.025
Pkt 66 300 0.22 1
Pkt 106 480 0.220833 1
Rate:443.052
==========
==========54
8 0 2 24000
Node 25 47 25.1794
Pkt 27 120 0.225 1
Pkt 22 100 0.22 1
Node 53 48 3.60555
Pkt 88 400 0.22 1
Pkt 66 300 0.22 1
Node 29 36 25.2389
Pkt 165 750 0.22 1
Pkt 176 800 0.22 1
Node 62 51 12.0416
Pkt 43 192 0.223958 1
Pkt 36 160 0.225 1
Node 41 52 9.21954
Pkt 83 375 0.221333 1
Pkt 88 400 0.22 1
Node 34 72 27.2029
Pkt 165 750 0.22 1
Pkt 176 800 0.22 1
Node 36 51 14.0357
Pkt 43 192 0.223958 1
Pkt 44 200 0.22 1
Node 67 73 28.6007
Pkt 88 400 0.22 1
Pkt 71 320 0.221875 1
Rate:442.641
==========
==========55
8 0 2 24000
Node 63 68 22.2036
Pkt 27 120 0.225 1
Pkt 22 100 0.22 1
Node 44 43 9.21954
Pkt 88 400 0.22 1
Pkt 88 400 0.22 1
Node 59 43 11.4018
Pkt 176 800 0.22 1
Pkt 176 800 0.22 1
Node 70 41 21.9317
Pkt 44 200 0.22 1
Pkt 43 192 0.223958 1
Node 66 36 21.2603
Pkt 83 375 0.221333 1
Pkt 71 320 0.221875 1
Node 27 53 23.1948
Pkt 165 750 0.22 1
Pkt 176 800 0.22 1
Node 74 56 24.7386
Pkt 28 125 0.224 1
Pkt 53 240 0.220833 1
Node 53 37 13.3417
Pkt 71 320 0.221875 1
Pkt 66 300 0.22 1
Rate:442.359
==========
==========56
8 0 2 24000
Node 43 74 25
Pkt 22 100 0.22 1
Pkt 43 192 0.223958 1
Node 44 37 14.3178
Pkt 106 480 0.220833 1
Pkt 106 480 0.220833 1
Node 39 59 14.2127
Pkt 176 800 0.22 1
Pkt 176 800 0.22 1
Node 65 49 15.0333
Pkt 55 250 0.22 1
Pkt 27 120 0.225 1
Node 34 72 27.2029
Pkt 106 480 0.220833 1
Pkt 83 375 0.221333 1
Node 26 33 29.4109
Pkt 176 800 0.22 1
Pkt 165 750 0.22 1
Node 66 40 18.868
Pkt 36 160 0.225 1
Pkt 44 200 0.22 1
Node 52 54 4.47214
Pkt 83 375 0.221333 1
Pkt 106 480 0.220833 1
Rate:442.495
==========
==========57
8 0 2 24000
Node 50 30 20
Pkt 33 150 0.22 1
Pkt 43 192 0.223958 1
Node 34 27 28.0179
Pkt 106 480 0.220833 1
Pkt 66 300 0.22 1
Node 46 48 4.47214
Pkt 176 800 0.22 1
Pkt 176 800 0.22 1
Node 41 51 9.05539
Pkt 43 192 0.223958 1
Pkt 36 160 0.225 1
Node 69 66 24.8395
Pkt 66 300 0.22 1
Pkt 83 375 0.221333 1
Node 50 73 23
Pkt 176 800 0.22 1
Pkt 176 800 0.22 1
Node 31 50 19
Pkt 43 192 0.223958 1
Pkt 33 150 0.22 1
Node 48 68 18.1108
Pkt 83 375 0.221333 1
Pkt 66 300 0.22 1
Rate:442.547
==========
==========58
8 0 2 24000
Node 71 41 22.8473
Pkt 27 120 0.225 1
Pkt 36 160 0.225 1
Node 45 41 10.2956
Pkt 83 375 0.221333 1
Pkt 83 375 0.221333 1
Node 27 28 31.8277
Pkt 165 750 0.22 1
Pkt 176 800 0.22 1
Node 65 61 18.6011
Pkt 44 200 0.22 1
Pkt 28 125 0.224 1
Node 44 60 11.6619
Pkt 88 400 0.22 1
Pkt 106 480 0.220833 1
Node 62 36 18.4391
Pkt 165 750 0.22 1
Pkt 165 750 0.22 1
Node 62 72 25.0599
Pkt 53 240 0.220833 1
Pkt 33 150 0.22 1
Node 32 50 18
Pkt 66 300 0.22 1
Pkt 106 480 0.220833 1
Rate:442.396
==========
==========59
8 0 2 24000
Node 25 26 34.6554
Pkt 33 150 0.22 1
Pkt 44 200 0.22 1
Node 53 43 7.61577
Pkt 106 480 0.220833 1
Pkt 71 320 0.221875 1
Node 38 33 20.8087
Pkt 165 750 0.22 1
Pkt 165 750 0.22 1
Node 67 33 24.0416
Pkt 22 100 0.22 1
Pkt 43 192 0.223958 1
Node 70 71 29
Pkt 106 480 0.220833 1
Pkt 106 480 0.220833 1
Node 30 33 26.2488
Pkt 165 750 0.22 1
Pkt 176 800 0.22 1
Node 38 32 21.6333
Pkt 53 240 0.220833 1
Pkt 44 200 0.22 1
Node 31 57 20.2485
Pkt 66 300 0.22 1
Pkt 83 375 0.221333 1
Rate:441.313
==========
==========60
8 0 2 24000
Node 42 54 8.94427
Pkt 28 125 0.224 1
Pkt 44 200 0.22 1
Node 69 26 30.6105
Pkt 66 300 0.22 1
Pkt 66 300 0.22 1
Node 55 31 19.6469
Pkt 165 750 0.22 1
Pkt 176 800 0.22 1
Node 73 48 23.0868
Pkt 36 160 0.225 1
Pkt 44 200 0.22 1
Node 62 56 13.4164
Pkt 88 400 0.22 1
Pkt 106 480 0.220833 1
Node 64 63 19.105
Pkt 165 750 0.22 1
Pkt 176 800 0.22 1
Node 42 25 26.2488
Pkt 44 200 0.22 1
Pkt 43 192 0.223958 1
Node 40 31 21.4709
Pkt 106 480 0.220833 1
Pkt 83 375 0.221333 1
Rate:441.995
==========
==========61
8 0 2 24000
Node 41 59 12.7279
Pkt 27 120 0.225 1
Pkt 27 120 0.225 1
Node 28 49 22.0227
Pkt 66 300 0.22 1
Pkt 83 375 0.221333 1
Node 53 25 25.1794
Pkt 165 750 0.22 1
Pkt 176 800 0.22 1
Node 34 56 17.088
Pkt 44 200 0.22 1
Pkt 44 200 0.22 1
Node 70 41 21.9317
Pkt 83 375 0.221333 1
Pkt 66 300 0.22 1
Node 58 73 24.3516
Pkt 165 750 0.22 1
Pkt 165 750 0.22 1
Node 33 35 22.6716
Pkt 28 125 0.224 1
Pkt 43 192 0.223958 1
Node 70 69 27.5862
Pkt 71 320 0.221875 1
Pkt 83 375 0.221333 1
Rate:442.979
==========
==========62
8 0 2 24000
Node 39 53 11.4018
Pkt 33 150 0.22 1
Pkt 53 240 0.220833 1
Node 43 60 12.2066
Pkt 106 480 0.220833 1
Pkt 106 480 0.220833 1
Node 71 41 22.8473
Pkt 176 800 0.22 1
Pkt 176 800 0.22 1
Node 66 58 17.8885
Pkt 28 125 0.224 1
Pkt 28 125 0.224 1
Node 65 50 15
Pkt 106 480 0.220833 1
Pkt 88 400 0.22 1
Node 51 33 17.0294
Pkt 165 750 0.22 1
Pkt 165 750 0.22 1
Node 38 67 20.8087
Pkt 44 200 0.22 1
Pkt 28 125 0.224 1
Node 29 51 21.0238
Pkt 106 480 0.220833 1
Pkt 66 300 0.22 1
Rate:442.021
==========
==========63
8 0 2 24000
Node 29 33 27.0185
Pkt 53 240 0.220833 1
Pkt 36 160 0.225 1
Node 29 39 23.7065
Pkt 88 400 0.22 1
Pkt 71 320 0.221875 1
Node 40 39 14.8661
Pkt 176 800 0.22 1
Pkt 176 800 0.22 1
Node 32 42 19.6977
Pkt 36 160 0.225 1
Pkt 27 120 0.225 1
Node 68 45 18.6815
Pkt 66 300 0.22 1
Pkt 71 320 0.221875 1
Node 55 69 19.6469
Pkt 165 750 0.22 1
Pkt 165 750 0.22 1
Node 58 59 12.0416
Pkt 22 100 0.22 1
Pkt 36 160 0.225 1
Node 34 70 25.6125
Pkt 106 480 0.220833 1
Pkt 66 300 0.22 1
Rate:443.177
==========
==========64
8 0 2 24000
Node 44 50 6
Pkt 22 100 0.22 1
Pkt 53 240 0.220833 1
Node 68 41 20.1246
Pkt 83 375 0.221333 1
Pkt 106 480 0.220833 1
Node 39 45 12.083
Pkt 165 750 0.22 1
Pkt 176 800 0.22 1
Node 40 62 15.6205
Pkt 53 240 0.220833 1
Pkt 27 120 0.225 1
Node 47 30 20.2237
Pkt 106 480 0.220833 1
Pkt 71 320 0.221875 1
Node 60 46 10.7703
Pkt 165 750 0.22 1
Pkt 176 800 0.22 1
Node 57 52 7.28011
Pkt 22 100 0.22 1
Pkt 43 192 0.223958 1
Node 72 51 22.0227
Pkt 71 320 0.221875 1
Pkt 88 400 0.22 1
Rate:442.172
==========
==========65
8 0 2 24000
Node 57 40 12.2066
Pkt 53 240 0.220833 1
Pkt 27 120 0.225 1
Node 67 42 18.7883
Pkt 106 480 0.220833 1
Pkt 106 480 0.220833 1
Node 30 74 31.241
Pkt 176 800 0.22 1
Pkt 165 750 0.22 1
Node 29 48 21.095
Pkt 33 150 0.22 1
Pkt 22 100 0.22 1
Node 68 46 18.4391
Pkt 71 320 0.221875 1
Pkt 106 480 0.220833 1
Node 67 57 18.3848
Pkt 165 750 0.22 1
Pkt 165 750 0.22 1
Node 34 46 16.4924
Pkt 28 125 0.224 1
Pkt 28 125 0.224 1
Node 69 27 29.8329
Pkt 106 480 0.220833 1
Pkt 88 400 0.22 1
Rate:442.38
==========
==========66
8 0 2 24000
Node 32 68 25.4558
Pkt 28 125 0.224 1
Pkt 22 100 0.22 1
Node 69 28 29.0689
Pkt 66 300 0.22 1
Pkt 66 300 0.22 1
Node 28 55 22.561
Pkt 176 800 0.22 1
Pkt 165 750 0.22 1
Node 61 30 22.8254
Pkt 43 192 0.223958 1
Pkt 55 250 0.22 1
Node 62 52 12.1655
Pkt 88 400 0.22 1
Pkt 83 375 0.221333 1
Node 62 65 19.2094
Pkt 176 800 0.22 1
Pkt 176 800 0.22 1
Node 61 29 23.7065
Pkt 36 160 0.225 1
Pkt 27 120 0.225 1
Node 63 56 14.3178
Pkt 66 300 0.22 1
Pkt 88 400 0.22 1
Rate:442.411
==========
==========67
8 0 2 24000
Node 46 42 8.94427
Pkt 55 250 0.22 1
Pkt 28 125 0.224 1
Node 74 65 28.3019
Pkt 71 320 0.221875 1
Pkt 83 375 0.221333 1
Node 61 68 21.095
Pkt 176 800 0.22 1
Pkt 176 800 0.22 1
Node 64 45 14.8661
Pkt 55 250 0.22 1
Pkt 43 192 0.223958 1
Node 64 45 14.8661
Pkt 88 400 0.22 1
Pkt 88 400 0.22 1
Node 60 46 10.7703
Pkt 165 750 0.22 1
Pkt 176 800 0.22 1
Node 43 39 13.0384
Pkt 33 150 0.22 1
Pkt 33 150 0.22 1
Node 25 29 32.6497
Pkt 66 300 0.22 1
Pkt 71 320 0.221875 1
Rate:441.63
==========
==========68
8 0 2 24000
Node 33 41 19.2354
Pkt 55 250 0.22 1
Pkt 43 192 0.223958 1
Node 73 53 23.1948
Pkt 83 375 0.221333 1
Pkt 71 320 0.221875 1
Node 32 58 19.6977
Pkt 165 750 0.22 1
Pkt 165 750 0.22 1
Node 37 35 19.8494
Pkt 43 192 0.223958 1
Pkt 36 160 0.225 1
Node 55 54 6.40312
Pkt 106 480 0.220833 1
Pkt 71 320 0.221875 1
Node 72 55 22.561
Pkt 176 800 0.22 1
Pkt 176 800 0.22 1
Node 59 30 21.9317
Pkt 43 192 0.223958 1
Pkt 22 100 0.22 1
Node 66 54 16.4924
Pkt 71 320 0.221875 1
Pkt 83 375 0.221333 1
Rate:443.25
==========
==========69
8 0 2 24000
Node 51 36 14.0357
Pkt 43 192 0.223958 1
Pkt 27 120 0.225 1
Node 52 39 11.1803
Pkt 66 300 0.22 1
Pkt 71 320 0.221875 1
Node 64 57 15.6525
Pkt 176 800 0.22 1
Pkt 176 800 0.22 1
Node 65 48 15.1327
Pkt 27 120 0.225 1
Pkt 28 125 0.224 1
Node 38 55 13
Pkt 66 300 0.22 1
Pkt 83 375 0.221333 1
Node 45 29 21.587
Pkt 165 750 0.22 1
Pkt 165 750 0.22 1
Node 59 26 25.632
Pkt 43 192 0.223958 1
Pkt 28 125 0.224 1
Node 36 52 14.1421
Pkt 106 480 0.220833 1
Pkt 66 300 0.22 1
Rate:443.745
==========
==========70
8 0 2 24000
Node 68 60 20.5913
Pkt 22 100 0.22 1
Pkt 36 160 0.225 1
Node 60 34 18.868
Pkt 71 320 0.221875 1
Pkt 66 300 0.22 1
Node 63 48 13.1529
Pkt 176 800 0.22 1
Pkt 176 800 0.22 1
Node 49 42 8.06226
Pkt 28 125 0.224 1
Pkt 22 100 0.22 1
Node 54 37 13.6015
Pkt 106 480 0.220833 1
Pkt 88 400 0.22 1
Node 25 55 25.4951
Pkt 165 750 0.22 1
Pkt 176 800 0.22 1
Node 42 48 8.24621
Pkt 44 200 0.22 1
Pkt 36 160 0.225 1
Node 33 57 18.3848
Pkt 106 480 0.220833 1
Pkt 106 480 0.220833 1
Rate:442.297
==========
==========71
8 0 2 24000
Node 62 67 20.8087
Pkt 22 100 0.22 1
Pkt 55 250 0.22 1
Node 59 65 17.4929
Pkt 106 480 0.220833 1
Pkt 66 300 0.22 1
Node 32 61 21.095
Pkt 176 800 0.22 1
Pkt 176 800 0.22 1
Node 58 65 17
Pkt 27 120 0.225 1
Pkt 33 150 0.22 1
Node 26 70 31.241
Pkt 83 375 0.221333 1
Pkt 66 300 0.22 1
Node 43 33 18.3848
Pkt 165 750 0.22 1
Pkt 165 750 0.22 1
Node 71 73 31.1448
Pkt 44 200 0.22 1
Pkt 44 200 0.22 1
Node 40 64 17.2047
Pkt 66 300 0.22 1
Pkt 83 375 0.221333 1
Rate:441.063
==========
==========72
8 0 2 24000
Node 64 37 19.105
Pkt 43 192 0.223958 1
Pkt 27 120 0.225 1
Node 72 71 30.4138
Pkt 106 480 0.220833 1
Pkt 71 320 0.221875 1
Node 37 57 14.7648
Pkt 176 800 0.22 1
Pkt 165 750 0.22 1
Node 72 25 33.3017
Pkt 22 100 0.22 1
Pkt 36 160 0.225 1
Node 64 41 16.6433
Pkt 88 400 0.22 1
Pkt 83 375 0.221333 1
Node 40 68 20.5913
Pkt 165 750 0.22 1
Pkt 165 750 0.22 1
Node 33 37 21.4009
Pkt 22 100 0.22 1
Pkt 55 250 0.22 1
Node 60 39 14.8661
Pkt 88 400 0.22 1
Pkt 88 400 0.22 1
Rate:442.25
==========
==========73
8 0 2 24000
Node 25 62 27.7308
Pkt 22 100 0.22 1
Pkt 44 200 0.22 1
Node 44 34 17.088
Pkt 71 320 0.221875 1
Pkt 106 480 0.220833 1
Node 49 29 21.0238
Pkt 176 800 0.22 1
Pkt 176 800 0.22 1
Node 40 60 14.1421
Pkt 44 200 0.22 1
Pkt 43 192 0.223958 1
Node 72 72 31.1127
Pkt 88 400 0.22 1
Pkt 83 375 0.221333 1
Node 48 74 24.0832
Pkt 176 800 0.22 1
Pkt 165 750 0.22 1
Node 57 43 9.89949
Pkt 33 150 0.22 1
Pkt 43 192 0.223958 1
Node 40 33 19.7231
Pkt 83 375 0.221333 1
Pkt 66 300 0.22 1
Rate:441.661
==========
==========74
8 0 2 24000
Node 25 47 25.1794
Pkt 53 240 0.220833 1
Pkt 27 120 0.225 1
Node 54 65 15.5242
Pkt 83 375 0.221333 1
Pkt 106 480 0.220833 1
Node 25 39 27.313
Pkt 176 800 0.22 1
Pkt 176 800 0.22 1
Node 50 27 23
Pkt 43 192 0.223958 1
Pkt 44 200 0.22 1
Node 65 30 25
Pkt 83 375 0.221333 1
Pkt 66 300 0.22 1
Node 53 69 19.2354
Pkt 176 800 0.22 1
Pkt 176 800 0.22 1
Node 57 72 23.0868
Pkt 53 240 0.220833 1
Pkt 27 120 0.225 1
Node 59 63 15.8114
Pkt 71 320 0.221875 1
Pkt 88 400 0.22 1
Rate:442.625
==========
==========75
8 0 2 24000
Node 53 43 7.61577
Pkt 33 150 0.22 1
Pkt 27 120 0.225 1
Node 28 45 22.561
Pkt 66 300 0.22 1
Pkt 88 400 0.22 1
Node 62 38 16.9706
Pkt 176 800 0.22 1
Pkt 176 800 0.22 1
Node 26 44 24.7386
Pkt 44 200 0.22 1
Pkt 28 125 0.224 1
Node 40 62 15.6205
Pkt 83 375 0.221333 1
Pkt 106 480 0.220833 1
Node 70 73 30.4795
Pkt 176 800 0.22 1
Pkt 176 800 0.22 1
Node 70 49 20.025
Pkt 44 200 0.22 1
Pkt 53 240 0.220833 1
Node 65 34 21.9317
Pkt 88 400 0.22 1
Pkt 66 300 0.22 1
Rate:441.5
==========
==========76
8 0 2 24000
Node 71 65 25.807
Pkt 53 240 0.220833 1
Pkt 33 150 0.22 1
Node 40 43 12.2066
Pkt 88 400 0.22 1
Pkt 106 480 0.220833 1
Node 32 28 28.4253
Pkt 165 750 0.22 1
Pkt 176 800 0.22 1
Node 29 40 23.2594
Pkt 33 150 0.22 1
Pkt 36 160 0.225 1
Node 49 64 14.0357
Pkt 83 375 0.221333 1
Pkt 66 300 0.22 1
Node 45 41 10.2956
Pkt 165 750 0.22 1
Pkt 165 750 0.22 1
Node 30 65 25
Pkt 33 150 0.22 1
Pkt 22 100 0.22 1
Node 51 69 19.0263
Pkt 88 400 0.22 1
Pkt 83 375 0.221333 1
Rate:441.167
==========
==========77
8 0 2 24000
Node 68 60 20.5913
Pkt 27 120 0.225 1
Pkt 22 100 0.22 1
Node 33 38 20.8087
Pkt 66 300 0.22 1
Pkt 106 480 0.220833 1
Node 34 67 23.3452
Pkt 176 800 0.22 1
Pkt 165 750 0.22 1
Node 68 47 18.2483
Pkt 27 120 0.225 1
Pkt 33 150 0.22 1
Node 43 58 10.6301
Pkt 71 320 0.221875 1
Pkt 66 300 0.22 1
Node 32 54 18.4391
Pkt 176 800 0.22 1
Pkt 165 750 0.22 1
Node 36 32 22.8035
Pkt 22 100 0.22 1
Pkt 53 240 0.220833 1
Node 67 34 23.3452
Pkt 71 320 0.221875 1
Pkt 71 320 0.221875 1
Rate:442.161
==========
==========78
8 0 2 24000
Node 26 44 24.7386
Pkt 22 100 0.22 1
Pkt 22 100 0.22 1
Node 63 53 13.3417
Pkt 106 480 0.220833 1
Pkt 106 480 0.220833 1
Node 59 50 9
Pkt 165 750 0.22 1
Pkt 176 800 0.22 1
Node 51 70 20.025
Pkt 22 100 0.22 1
Pkt 28 125 0.224 1
Node 43 61 13.0384
Pkt 66 300 0.22 1
Pkt 71 320 0.221875 1
Node 58 31 20.6155
Pkt 176 800 0.22 1
Pkt 176 800 0.22 1
Node 42 47 8.544
Pkt 33 150 0.22 1
Pkt 33 150 0.22 1
Node 25 30 32.0156
Pkt 71 320 0.221875 1
Pkt 71 320 0.221875 1
Rate:441.411
==========
==========79
8 0 2 24000
Node 27 62 25.9422
Pkt 28 125 0.224 1
Pkt 36 160 0.225 1
Node 34 46 16.4924
Pkt 88 400 0.22 1
Pkt 88 400 0.22 1
Node 40 28 24.1661
Pkt 165 750 0.22 1
Pkt 165 750 0.22 1
Node 70 64 24.4131
Pkt 27 120 0.225 1
Pkt 44 200 0.22 1
Node 54 48 4.47214
Pkt 71 320 0.221875 1
Pkt 83 375 0.221333 1
Node 73 68 29.2062
Pkt 176 800 0.22 1
Pkt 176 800 0.22 1
Node 50 36 14
Pkt 53 240 0.220833 1
Pkt 22 100 0.22 1
Node 28 69 29.0689
Pkt 83 375 0.221333 1
Pkt 88 400 0.22 1
Rate:442.422
==========
==========80
8 0 2 24000
Node 63 54 13.6015
Pkt 53 240 0.220833 1
Pkt 43 192 0.223958 1
Node 72 36 26.0768
Pkt 106 480 0.220833 1
Pkt 66 300 0.22 1
Node 69 65 24.2074
Pkt 165 750 0.22 1
Pkt 176 800 0.22 1
Node 72 38 25.0599
Pkt 27 120 0.225 1
Pkt 28 125 0.224 1
Node 73 31 29.8329
Pkt 66 300 0.22 1
Pkt 88 400 0.22 1
Node 33 29 27.0185
Pkt 176 800 0.22 1
Pkt 165 750 0.22 1
Node 64 38 18.4391
Pkt 44 200 0.22 1
Pkt 22 100 0.22 1
Node 72 28 31.1127
Pkt 83 375 0.221333 1
Pkt 83 375 0.221333 1
Rate:442.161
==========
==========81
8 0 2 24000
Node 68 35 23.4307
Pkt 53 240 0.220833 1
Pkt 44 200 0.22 1
Node 65 50 15
Pkt 71 320 0.221875 1
Pkt 71 320 0.221875 1
Node 31 44 19.9249
Pkt 176 800 0.22 1
Pkt 165 750 0.22 1
Node 60 43 12.2066
Pkt 22 100 0.22 1
Pkt 22 100 0.22 1
Node 41 28 23.7697
Pkt 83 375 0.221333 1
Pkt 106 480 0.220833 1
Node 54 70 20.3961
Pkt 165 750 0.22 1
Pkt 165 750 0.22 1
Node 50 57 7
Pkt 43 192 0.223958 1
Pkt 33 150 0.22 1
Node 63 57 14.7648
Pkt 106 480 0.220833 1
Pkt 66 300 0.22 1
Rate:441.443
==========
==========82
8 0 2 24000
Node 53 73 23.1948
Pkt 22 100 0.22 1
Pkt 55 250 0.22 1
Node 36 57 15.6525
Pkt 88 400 0.22 1
Pkt 88 400 0.22 1
Node 33 30 26.2488
Pkt 176 800 0.22 1
Pkt 165 750 0.22 1
Node 51 68 18.0278
Pkt 55 250 0.22 1
Pkt 36 160 0.225 1
Node 52 67 17.1172
Pkt 71 320 0.221875 1
Pkt 106 480 0.220833 1
Node 55 69 19.6469
Pkt 176 800 0.22 1
Pkt 165 750 0.22 1
Node 32 54 18.4391
Pkt 53 240 0.220833 1
Pkt 22 100 0.22 1
Node 69 42 20.6155
Pkt 83 375 0.221333 1
Pkt 66 300 0.22 1
Rate:441.234
==========
==========83
8 0 2 24000
Node 41 68 20.1246
Pkt 55 250 0.22 1
Pkt 44 200 0.22 1
Node 47 63 13.3417
Pkt 83 375 0.221333 1
Pkt 83 375 0.221333 1
Node 29 63 24.6982
Pkt 165 750 0.22 1
Pkt 165 750 0.22 1
Node 73 74 33.2415
Pkt 53 240 0.220833 1
Pkt 44 200 0.22 1
Node 65 34 21.9317
Pkt 83 375 0.221333 1
Pkt 88 400 0.22 1
Node 71 46 21.3776
Pkt 176 800 0.22 1
Pkt 165 750 0.22 1
Node 27 66 28.0179
Pkt 22 100 0.22 1
Pkt 33 150 0.22 1
Node 34 44 17.088
Pkt 106 480 0.220833 1
Pkt 88 400 0.22 1
Rate:440.708
==========
==========84
8 0 2 24000
Node 56 38 13.4164
Pkt 43 192 0.223958 1
Pkt 36 160 0.225 1
Node 32 62 21.6333
Pkt 71 320 0.221875 1
Pkt 88 400 0.22 1
Node 30 47 20.2237
Pkt 176 800 0.22 1
Pkt 165 750 0.22 1
Node 34 29 26.4008
Pkt 28 125 0.224 1
Pkt 43 192 0.223958 1
Node 28 30 29.7321
Pkt 83 375 0.221333 1
Pkt 106 480 0.220833 1
Node 33 71 27.0185
Pkt 176 800 0.22 1
Pkt 165 750 0.22 1
Node 71 70 29
Pkt 55 250 0.22 1
Pkt 28 125 0.224 1
Node 68 71 27.6586
Pkt 83 375 0.221333 1
Pkt 83 375 0.221333 1
Rate:443.453
==========
==========85
8 0 2 24000
Node 69 67 25.4951
Pkt 53 240 0.220833 1
Pkt 28 125 0.224 1
Node 32 36 22.8035
Pkt 88 400 0.22 1
Pkt 83 375 0.221333 1
Node 42 73 24.3516
Pkt 176 800 0.22 1
Pkt 176 800 0.22 1
Node 65 61 18.6011
Pkt 28 125 0.224 1
Pkt 55 250 0.22 1
Node 66 45 16.7631
Pkt 66 300 0.22 1
Pkt 88 400 0.22 1
Node 56 42 10
Pkt 165 750 0.22 1
Pkt 165 750 0.22 1
Node 43 52 7.28011
Pkt 22 100 0.22 1
Pkt 43 192 0.223958 1
Node 52 45 5.38516
Pkt 88 400 0.22 1
Pkt 88 400 0.22 1
Rate:441.766
==========
==========86
8 0 2 24000
Node 47 54 5
Pkt 33 150 0.22 1
Pkt 36 160 0.225 1
Node 57 28 23.0868
Pkt 66 300 0.22 1
Pkt 106 480 0.220833 1
Node 49 65 15.0333
Pkt 165 750 0.22 1
Pkt 176 800 0.22 1
Node 54 69 19.4165
Pkt 53 240 0.220833 1
Pkt 27 120 0.225 1
Node 74 42 25.2982
Pkt 83 375 0.221333 1
Pkt 83 375 0.221333 1
Node 25 55 25.4951
Pkt 176 800 0.22 1
Pkt 165 750 0.22 1
Node 31 32 26.1725
Pkt 27 120 0.225 1
Pkt 43 192 0.223958 1
Node 32 53 18.2483
Pkt 66 300 0.22 1
Pkt 66 300 0.22 1
Rate:442.911
==========
==========87
8 0 2 24000
Node 60 74 26
Pkt 36 160 0.225 1
Pkt 44 200 0.22 1
Node 45 45 7.07107
Pkt 71 320 0.221875 1
Pkt 71 320 0.221875 1
Node 52 64 14.1421
Pkt 165 750 0.22 1
Pkt 176 800 0.22 1
Node 37 30 23.8537
Pkt 55 250 0.22 1
Pkt 22 100 0.22 1
Node 38 42 14.4222
Pkt 88 400 0.22 1
Pkt 66 300 0.22 1
Node 51 50 1
Pkt 165 750 0.22 1
Pkt 176 800 0.22 1
Node 69 46 19.4165
Pkt 28 125 0.224 1
Pkt 36 160 0.225 1
Node 47 67 17.2627
Pkt 83 375 0.221333 1
Pkt 83 375 0.221333 1
Rate:442.552
==========
==========88
8 0 2 24000
Node 28 40 24.1661
Pkt 43 192 0.223958 1
Pkt 53 240 0.220833 1
Node 32 70 26.9072
Pkt 88 400 0.22 1
Pkt 71 320 0.221875 1
Node 33 41 19.2354
Pkt 165 750 0.22 1
Pkt 165 750 0.22 1
Node 59 41 12.7279
Pkt 28 125 0.224 1
Pkt 55 250 0.22 1
Node 33 35 22.6716
Pkt 71 320 0.221875 1
Pkt 71 320 0.221875 1
Node 55 36 14.8661
Pkt 176 800 0.22 1
Pkt 176 800 0.22 1
Node 32 29 27.6586
Pkt 43 192 0.223958 1
Pkt 44 200 0.22 1
Node 48 42 8.24621
Pkt 66 300 0.22 1
Pkt 71 320 0.221875 1
Rate:442.531
==========
==========89
8 0 2 24000
Node 44 74 24.7386
Pkt 55 250 0.22 1
Pkt 33 150 0.22 1
Node 63 53 13.3417
Pkt 106 480 0.220833 1
Pkt 71 320 0.221875 1
Node 64 69 23.6008
Pkt 176 800 0.22 1
Pkt 176 800 0.22 1
Node 30 49 20.025
Pkt 44 200 0.22 1
Pkt 53 240 0.220833 1
Node 62 27 25.9422
Pkt 88 400 0.22 1
Pkt 88 400 0.22 1
Node 47 38 12.3693
Pkt 176 800 0.22 1
Pkt 165 750 0.22 1
Node 32 32 25.4558
Pkt 53 240 0.220833 1
Pkt 27 120 0.225 1
Node 49 50 1
Pkt 88 400 0.22 1
Pkt 66 300 0.22 1
Rate:441.172
==========
==========90
8 0 2 24000
Node 70 58 21.5407
Pkt 53 240 0.220833 1
Pkt 28 125 0.224 1
Node 68 29 27.6586
Pkt 106 480 0.220833 1
Pkt 71 320 0.221875 1
Node 47 32 18.2483
Pkt 165 750 0.22 1
Pkt 176 800 0.22 1
Node 59 44 10.8167
Pkt 28 125 0.224 1
Pkt 28 125 0.224 1
Node 59 60 13.4536
Pkt 66 300 0.22 1
Pkt 83 375 0.221333 1
Node 57 68 19.3132
Pkt 176 800 0.22 1
Pkt 165 750 0.22 1
Node 61 37 17.0294
Pkt 22 100 0.22 1
Pkt 28 125 0.224 1
Node 29 71 29.6985
Pkt 106 480 0.220833 1
Pkt 66 300 0.22 1
Rate:442.714
==========
==========91
8 0 2 24000
Node 72 53 22.2036
Pkt 33 150 0.22 1
Pkt 43 192 0.223958 1
Node 46 44 7.2111
Pkt 71 320 0.221875 1
Pkt 83 375 0.221333 1
Node 45 39 12.083
Pkt 176 800 0.22 1
Pkt 176 800 0.22 1
Node 34 48 16.1245
Pkt 28 125 0.224 1
Pkt 53 240 0.220833 1
Node 27 29 31.1448
Pkt 83 375 0.221333 1
Pkt 106 480 0.220833 1
Node 69 55 19.6469
Pkt 176 800 0.22 1
Pkt 165 750 0.22 1
Node 32 42 19.6977
Pkt 28 125 0.224 1
Pkt 33 150 0.22 1
Node 29 34 26.4008
Pkt 83 375 0.221333 1
Pkt 71 320 0.221875 1
Rate:442.672
==========
==========92
8 0 2 24000
Node 33 63 21.4009
Pkt 55 250 0.22 1
Pkt 28 125 0.224 1
Node 61 42 13.6015
Pkt 88 400 0.22 1
Pkt 83 375 0.221333 1
Node 73 38 25.9422
Pkt 165 750 0.22 1
Pkt 176 800 0.22 1
Node 45 28 22.561
Pkt 55 250 0.22 1
Pkt 36 160 0.225 1
Node 54 48 4.47214
Pkt 106 480 0.220833 1
Pkt 88 400 0.22 1
Node 69 50 19
Pkt 176 800 0.22 1
Pkt 165 750 0.22 1
Node 42 53 8.544
Pkt 22 100 0.22 1
Pkt 36 160 0.225 1
Node 40 56 11.6619
Pkt 66 300 0.22 1
Pkt 88 400 0.22 1
Rate:442.021
==========
==========93
8 0 2 24000
Node 45 50 5
Pkt 43 192 0.223958 1
Pkt 36 160 0.225 1
Node 30 42 21.5407
Pkt 83 375 0.221333 1
Pkt 88 400 0.22 1
Node 26 54 24.3311
Pkt 165 750 0.22 1
Pkt 176 800 0.22 1
Node 55 31 19.6469
Pkt 22 100 0.22 1
Pkt 28 125 0.224 1
Node 27 61 25.4951
Pkt 88 400 0.22 1
Pkt 83 375 0.221333 1
Node 36 35 20.5183
Pkt 165 750 0.22 1
Pkt 176 800 0.22 1
Node 32 70 26.9072
Pkt 53 240 0.220833 1
Pkt 55 250 0.22 1
Node 38 42 14.4222
Pkt 106 480 0.220833 1
Pkt 83 375 0.221333 1
Rate:442.328
==========
==========94
8 0 2 24000
Node 52 69 19.105
Pkt 28 125 0.224 1
Pkt 22 100 0.22 1
Node 73 49 23.0217
Pkt 88 400 0.22 1
Pkt 71 320 0.221875 1
Node 56 43 9.21954
Pkt 165 750 0.22 1
Pkt 176 800 0.22 1
Node 58 62 14.4222
Pkt 55 250 0.22 1
Pkt 55 250 0.22 1
Node 49 57 7.07107
Pkt 88 400 0.22 1
Pkt 88 400 0.22 1
Node 43 66 17.4642
Pkt 176 800 0.22 1
Pkt 165 750 0.22 1
Node 44 59 10.8167
Pkt 28 125 0.224 1
Pkt 44 200 0.22 1
Node 51 51 1.41421
Pkt 83 375 0.221333 1
Pkt 66 300 0.22 1
Rate:441.401
==========
==========95
8 0 2 24000
Node 74 43 25
Pkt 44 200 0.22 1
Pkt 28 125 0.224 1
Node 56 40 11.6619
Pkt 88 400 0.22 1
Pkt 66 300 0.22 1
Node 37 60 16.4012
Pkt 176 800 0.22 1
Pkt 176 800 0.22 1
Node 64 46 14.5602
Pkt 55 250 0.22 1
Pkt 53 240 0.220833 1
Node 74 53 24.1868
Pkt 88 400 0.22 1
Pkt 88 400 0.22 1
Node 62 56 13.4164
Pkt 176 800 0.22 1
Pkt 165 750 0.22 1
Node 30 50 20
Pkt 22 100 0.22 1
Pkt 53 240 0.220833 1
Node 39 32 21.095
Pkt 106 480 0.220833 1
Pkt 83 375 0.221333 1
Rate:440.979
==========
==========96
8 0 2 24000
Node 31 31 26.8701
Pkt 33 150 0.22 1
Pkt 53 240 0.220833 1
Node 36 72 26.0768
Pkt 88 400 0.22 1
Pkt 106 480 0.220833 1
Node 28 52 22.0907
Pkt 165 750 0.22 1
Pkt 165 750 0.22 1
Node 63 37 18.3848
Pkt 43 192 0.223958 1
Pkt 55 250 0.22 1
Node 45 55 7.07107
Pkt 66 300 0.22 1
Pkt 106 480 0.220833 1
Node 56 26 24.7386
Pkt 165 750 0.22 1
Pkt 176 800 0.22 1
Node 56 40 11.6619
Pkt 28 125 0.224 1
Pkt 44 200 0.22 1
Node 70 60 22.3607
Pkt 88 400 0.22 1
Pkt 83 375 0.221333 1
Rate:441.474
==========
==========97
8 0 2 24000
Node 73 58 24.3516
Pkt 28 125 0.224 1
Pkt 36 160 0.225 1
Node 26 72 32.5576
Pkt 66 300 0.22 1
Pkt 66 300 0.22 1
Node 45 41 10.2956
Pkt 165 750 0.22 1
Pkt 176 800 0.22 1
Node 59 40 13.4536
Pkt 36 160 0.225 1
Pkt 28 125 0.224 1
Node 34 58 17.8885
Pkt 106 480 0.220833 1
Pkt 71 320 0.221875 1
Node 46 27 23.3452
Pkt 176 800 0.22 1
Pkt 176 800 0.22 1
Node 44 50 6
Pkt 33 150 0.22 1
Pkt 27 120 0.225 1
Node 50 59 9
Pkt 106 480 0.220833 1
Pkt 88 400 0.22 1
Rate:443.318
==========
==========98
8 0 2 24000
Node 34 33 23.3452
Pkt 44 200 0.22 1
Pkt 43 192 0.223958 1
Node 40 41 13.4536
Pkt 106 480 0.220833 1
Pkt 66 300 0.22 1
Node 33 40 19.7231
Pkt 176 800 0.22 1
Pkt 165 750 0.22 1
Node 30 52 20.0998
Pkt 28 125 0.224 1
Pkt 53 240 0.220833 1
Node 62 58 14.4222
Pkt 88 400 0.22 1
Pkt 83 375 0.221333 1
Node 45 59 10.2956
Pkt 176 800 0.22 1
Pkt 165 750 0.22 1
Node 53 46 5
Pkt 22 100 0.22 1
Pkt 53 240 0.220833 1
Node 63 53 13.3417
Pkt 88 400 0.22 1
Pkt 106 480 0.220833 1
Rate:441.578
==========
==========99
