8 0 2 24000
Node 72 56 22.8035
Pkt 50 192 0.260417 1
Pkt 52 200 0.26 1
Node 62 73 25.9422
Pkt 98 375 0.261333 1
Pkt 84 320 0.2625 1
Node 51 42 8.06226
Pkt 208 800 0.26 1
Pkt 195 750 0.26 1
Node 37 38 17.6918
Pkt 52 200 0.26 1
Pkt 42 160 0.2625 1
Node 25 36 28.6531
Pkt 84 320 0.2625 1
Pkt 84 320 0.2625 1
Node 40 48 10.198
Pkt 195 750 0.26 1
Pkt 208 800 0.26 1
Node 51 38 12.0416
Pkt 52 200 0.26 1
Pkt 26 100 0.26 1
Node 29 47 21.2132
Pkt 78 300 0.26 1
Pkt 84 320 0.2625 1
Rate:521.781
==========
==========0
8 0 2 24000
Node 54 50 4
Pkt 63 240 0.2625 1
Pkt 39 150 0.26 1
Node 57 35 16.5529
Pkt 104 400 0.26 1
Pkt 84 320 0.2625 1
Node 71 63 24.6982
Pkt 208 800 0.26 1
Pkt 195 750 0.26 1
Node 74 42 25.2982
Pkt 26 100 0.26 1
Pkt 26 100 0.26 1
Node 40 35 18.0278
Pkt 84 320 0.2625 1
Pkt 125 480 0.260417 1
Node 56 61 12.53
Pkt 195 750 0.26 1
Pkt 208 800 0.26 1
Node 61 50 11
Pkt 50 192 0.260417 1
Pkt 52 200 0.26 1
Node 64 49 14.0357
Pkt 104 400 0.26 1
Pkt 104 400 0.26 1
Rate:521.042
==========
==========1
8 0 2 24000
Node 35 31 24.2074
Pkt 65 250 0.26 1
Pkt 65 250 0.26 1
Node 61 33 20.2485
Pkt 84 320 0.2625 1
Pkt 125 480 0.260417 1
Node 44 47 6.7082
Pkt 208 800 0.26 1
Pkt 195 750 0.26 1
Node 29 30 29
Pkt 26 100 0.26 1
Pkt 42 160 0.2625 1
Node 49 52 2.23607
Pkt 78 300 0.26 1
Pkt 125 480 0.260417 1
Node 62 33 20.8087
Pkt 195 750 0.26 1
Pkt 195 750 0.26 1
Node 70 34 25.6125
Pkt 50 192 0.260417 1
Pkt 63 240 0.2625 1
Node 48 26 24.0832
Pkt 104 400 0.26 1
Pkt 125 480 0.260417 1
Rate:521.146
==========
==========2
8 0 2 24000
Node 39 54 11.7047
Pkt 52 200 0.26 1
Pkt 26 100 0.26 1
Node 36 69 23.6008
Pkt 104 400 0.26 1
Pkt 78 300 0.26 1
Node 48 30 20.0998
Pkt 195 750 0.26 1
Pkt 195 750 0.26 1
Node 33 34 23.3452
Pkt 52 200 0.26 1
Pkt 33 125 0.264 1
Node 35 45 15.8114
Pkt 125 480 0.260417 1
Pkt 125 480 0.260417 1
Node 69 29 28.3196
Pkt 195 750 0.26 1
Pkt 195 750 0.26 1
Node 34 67 23.3452
Pkt 65 250 0.26 1
Pkt 52 200 0.26 1
Node 46 45 6.40312
Pkt 104 400 0.26 1
Pkt 98 375 0.261333 1
Rate:520.771
==========
==========3
8 0 2 24000
Node 71 31 28.3196
Pkt 52 200 0.26 1
Pkt 63 240 0.2625 1
Node 64 32 22.8035
Pkt 125 480 0.260417 1
Pkt 125 480 0.260417 1
Node 73 35 27.4591
Pkt 208 800 0.26 1
Pkt 208 800 0.26 1
Node 72 71 30.4138
Pkt 52 200 0.26 1
Pkt 39 150 0.26 1
Node 27 25 33.9706
Pkt 125 480 0.260417 1
Pkt 84 320 0.2625 1
Node 37 42 15.2643
Pkt 208 800 0.26 1
Pkt 195 750 0.26 1
Node 55 31 19.6469
Pkt 65 250 0.26 1
Pkt 63 240 0.2625 1
Node 40 36 17.2047
Pkt 84 320 0.2625 1
Pkt 78 300 0.26 1
Rate:521.406
==========
==========4
8 0 2 24000
Node 58 31 20.6155
Pkt 39 150 0.26 1
Pkt 63 240 0.2625 1
Node 47 55 5.83095
Pkt 84 320 0.2625 1
Pkt 104 400 0.26 1
Node 65 30 25
Pkt 195 750 0.26 1
Pkt 195 750 0.26 1
Node 50 55 5
Pkt 65 250 0.26 1
Pkt 32 120 0.266667 1
Node 71 41 22.8473
Pkt 98 375 0.261333 1
Pkt 125 480 0.260417 1
Node 32 49 18.0278
Pkt 195 750 0.26 1
Pkt 195 750 0.26 1
Node 65 35 21.2132
Pkt 26 100 0.26 1
Pkt 42 160 0.2625 1
Node 71 54 21.3776
Pkt 104 400 0.26 1
Pkt 78 300 0.26 1
Rate:521.99
==========
==========5
8 0 2 24000
Node 68 52 18.1108
Pkt 65 250 0.26 1
Pkt 33 125 0.264 1
Node 55 71 21.587
Pkt 98 375 0.261333 1
Pkt 84 320 0.2625 1
Node 51 41 9.05539
Pkt 208 800 0.26 1
Pkt 208 800 0.26 1
Node 61 29 23.7065
Pkt 52 200 0.26 1
Pkt 63 240 0.2625 1
Node 55 46 6.40312
Pkt 104 400 0.26 1
Pkt 84 320 0.2625 1
Node 38 32 21.6333
Pkt 208 800 0.26 1
Pkt 195 750 0.26 1
Node 72 47 22.2036
Pkt 39 150 0.26 1
Pkt 32 120 0.266667 1
Node 60 70 22.3607
Pkt 125 480 0.260417 1
Pkt 78 300 0.26 1
Rate:522.49
==========
==========6
8 0 2 24000
Node 53 70 20.2237
Pkt 26 100 0.26 1
Pkt 52 200 0.26 1
Node 45 47 5.83095
Pkt 84 320 0.2625 1
Pkt 125 480 0.260417 1
Node 52 39 11.1803
Pkt 208 800 0.26 1
Pkt 208 800 0.26 1
Node 52 28 22.0907
Pkt 26 100 0.26 1
Pkt 32 120 0.266667 1
Node 31 45 19.6469
Pkt 104 400 0.26 1
Pkt 98 375 0.261333 1
Node 49 49 1.41421
Pkt 195 750 0.26 1
Pkt 208 800 0.26 1
Node 29 51 21.0238
Pkt 32 120 0.266667 1
Pkt 65 250 0.26 1
Node 74 49 24.0208
Pkt 125 480 0.260417 1
Pkt 98 375 0.261333 1
Rate:522.417
==========
==========7
8 0 2 24000
Node 63 36 19.105
Pkt 33 125 0.264 1
Pkt 32 120 0.266667 1
Node 68 32 25.4558
Pkt 104 400 0.26 1
Pkt 84 320 0.2625 1
Node 70 43 21.1896
Pkt 195 750 0.26 1
Pkt 195 750 0.26 1
Node 70 33 26.2488
Pkt 52 200 0.26 1
Pkt 65 250 0.26 1
Node 70 58 21.5407
Pkt 84 320 0.2625 1
Pkt 98 375 0.261333 1
Node 52 54 4.47214
Pkt 195 750 0.26 1
Pkt 195 750 0.26 1
Node 34 34 22.6274
Pkt 26 100 0.26 1
Pkt 32 120 0.266667 1
Node 66 73 28.0179
Pkt 104 400 0.26 1
Pkt 98 375 0.261333 1
Rate:523.125
==========
==========8
8 0 2 24000
Node 38 69 22.4722
Pkt 32 120 0.266667 1
Pkt 39 150 0.26 1
Node 29 70 29
Pkt 84 320 0.2625 1
Pkt 125 480 0.260417 1
Node 45 53 5.83095
Pkt 208 800 0.26 1
Pkt 195 750 0.26 1
Node 49 50 1
Pkt 39 150 0.26 1
Pkt 33 125 0.264 1
Node 72 30 29.7321
Pkt 98 375 0.261333 1
Pkt 125 480 0.260417 1
Node 25 48 25.0799
Pkt 195 750 0.26 1
Pkt 208 800 0.26 1
Node 72 46 22.3607
Pkt 32 120 0.266667 1
Pkt 52 200 0.26 1
Node 38 64 18.4391
Pkt 84 320 0.2625 1
Pkt 78 300 0.26 1
Rate:523.062
==========
==========9
8 0 2 24000
Node 42 49 8.06226
Pkt 63 240 0.2625 1
Pkt 39 150 0.26 1
Node 70 51 20.025
Pkt 98 375 0.261333 1
Pkt 125 480 0.260417 1
Node 40 68 20.5913
Pkt 208 800 0.26 1
Pkt 195 750 0.26 1
Node 67 48 17.1172
Pkt 63 240 0.2625 1
Pkt 33 125 0.264 1
Node 42 28 23.4094
Pkt 98 375 0.261333 1
Pkt 78 300 0.26 1
Node 51 42 8.06226
Pkt 208 800 0.26 1
Pkt 195 750 0.26 1
Node 43 50 7
Pkt 50 192 0.260417 1
Pkt 50 192 0.260417 1
Node 35 25 29.1548
Pkt 84 320 0.2625 1
Pkt 98 375 0.261333 1
Rate:522.094
==========
==========10
8 0 2 24000
Node 47 31 19.2354
Pkt 32 120 0.266667 1
Pkt 33 125 0.264 1
Node 67 65 22.6716
Pkt 98 375 0.261333 1
Pkt 98 375 0.261333 1
Node 45 40 11.1803
Pkt 208 800 0.26 1
Pkt 195 750 0.26 1
Node 74 30 31.241
Pkt 52 200 0.26 1
Pkt 39 150 0.26 1
Node 59 31 21.0238
Pkt 78 300 0.26 1
Pkt 125 480 0.260417 1
Node 67 47 17.2627
Pkt 195 750 0.26 1
Pkt 195 750 0.26 1
Node 40 64 17.2047
Pkt 39 150 0.26 1
Pkt 26 100 0.26 1
Node 25 27 33.9706
Pkt 98 375 0.261333 1
Pkt 84 320 0.2625 1
Rate:522.198
==========
==========11
8 0 2 24000
Node 27 64 26.9258
Pkt 52 200 0.26 1
Pkt 26 100 0.26 1
Node 50 45 5
Pkt 125 480 0.260417 1
Pkt 104 400 0.26 1
Node 54 53 5
Pkt 208 800 0.26 1
Pkt 208 800 0.26 1
Node 74 53 24.1868
Pkt 52 200 0.26 1
Pkt 50 192 0.260417 1
Node 29 54 21.3776
Pkt 98 375 0.261333 1
Pkt 84 320 0.2625 1
Node 41 69 21.0238
Pkt 208 800 0.26 1
Pkt 195 750 0.26 1
Node 27 40 25.0799
Pkt 65 250 0.26 1
Pkt 32 120 0.266667 1
Node 74 29 31.8904
Pkt 104 400 0.26 1
Pkt 98 375 0.261333 1
Rate:521.583
==========
==========12
8 0 2 24000
Node 52 65 15.1327
Pkt 39 150 0.26 1
Pkt 26 100 0.26 1
Node 35 33 22.6716
Pkt 104 400 0.26 1
Pkt 78 300 0.26 1
Node 63 27 26.4197
Pkt 208 800 0.26 1
Pkt 195 750 0.26 1
Node 46 73 23.3452
Pkt 52 200 0.26 1
Pkt 33 125 0.264 1
Node 25 51 25.02
Pkt 104 400 0.26 1
Pkt 78 300 0.26 1
Node 62 64 18.4391
Pkt 195 750 0.26 1
Pkt 195 750 0.26 1
Node 63 33 21.4009
Pkt 39 150 0.26 1
Pkt 26 100 0.26 1
Node 49 43 7.07107
Pkt 98 375 0.261333 1
Pkt 98 375 0.261333 1
Rate:520.833
==========
==========13
8 0 2 24000
Node 64 45 14.8661
Pkt 65 250 0.26 1
Pkt 50 192 0.260417 1
Node 74 62 26.8328
Pkt 98 375 0.261333 1
Pkt 98 375 0.261333 1
Node 66 66 22.6274
Pkt 208 800 0.26 1
Pkt 195 750 0.26 1
Node 71 69 28.3196
Pkt 32 120 0.266667 1
Pkt 42 160 0.2625 1
Node 34 39 19.4165
Pkt 104 400 0.26 1
Pkt 125 480 0.260417 1
Node 65 56 16.1555
Pkt 208 800 0.26 1
Pkt 208 800 0.26 1
Node 51 52 2.23607
Pkt 39 150 0.26 1
Pkt 33 125 0.264 1
Node 44 35 16.1555
Pkt 84 320 0.2625 1
Pkt 78 300 0.26 1
Rate:522.396
==========
==========14
8 0 2 24000
Node 37 30 23.8537
Pkt 52 200 0.26 1
Pkt 32 120 0.266667 1
Node 37 45 13.9284
Pkt 125 480 0.260417 1
Pkt 125 480 0.260417 1
Node 74 61 26.4008
Pkt 208 800 0.26 1
Pkt 208 800 0.26 1
Node 26 51 24.0208
Pkt 42 160 0.2625 1
Pkt 39 150 0.26 1
Node 57 68 19.3132
Pkt 98 375 0.261333 1
Pkt 125 480 0.260417 1
Node 46 71 21.3776
Pkt 208 800 0.26 1
Pkt 195 750 0.26 1
Node 28 32 28.4253
Pkt 50 192 0.260417 1
Pkt 26 100 0.26 1
Node 34 45 16.7631
Pkt 78 300 0.26 1
Pkt 98 375 0.261333 1
Rate:521.687
==========
==========15
8 0 2 24000
Node 51 51 1.41421
Pkt 63 240 0.2625 1
Pkt 65 250 0.26 1
Node 28 72 31.1127
Pkt 98 375 0.261333 1
Pkt 78 300 0.26 1
Node 32 42 19.6977
Pkt 195 750 0.26 1
Pkt 208 800 0.26 1
Node 58 56 10
Pkt 65 250 0.26 1
Pkt 52 200 0.26 1
Node 26 49 24.0208
Pkt 98 375 0.261333 1
Pkt 104 400 0.26 1
Node 37 43 14.7648
Pkt 208 800 0.26 1
Pkt 195 750 0.26 1
Node 45 60 11.1803
Pkt 65 250 0.26 1
Pkt 63 240 0.2625 1
Node 61 42 13.6015
Pkt 84 320 0.2625 1
Pkt 84 320 0.2625 1
Rate:521.583
==========
==========16
8 0 2 24000
Node 36 67 22.0227
Pkt 52 200 0.26 1
Pkt 42 160 0.2625 1
Node 43 59 11.4018
Pkt 125 480 0.260417 1
Pkt 98 375 0.261333 1
Node 38 31 22.4722
Pkt 208 800 0.26 1
Pkt 208 800 0.26 1
Node 29 41 22.8473
Pkt 39 150 0.26 1
Pkt 26 100 0.26 1
Node 31 31 26.8701
Pkt 125 480 0.260417 1
Pkt 104 400 0.26 1
Node 60 65 18.0278
Pkt 208 800 0.26 1
Pkt 208 800 0.26 1
Node 41 61 14.2127
Pkt 65 250 0.26 1
Pkt 42 160 0.2625 1
Node 60 44 11.6619
Pkt 98 375 0.261333 1
Pkt 98 375 0.261333 1
Rate:521.229
==========
==========17
8 0 2 24000
Node 67 60 19.7231
Pkt 65 250 0.26 1
Pkt 39 150 0.26 1
Node 25 42 26.2488
Pkt 98 375 0.261333 1
Pkt 104 400 0.26 1
Node 44 47 6.7082
Pkt 208 800 0.26 1
Pkt 208 800 0.26 1
Node 60 72 24.1661
Pkt 33 125 0.264 1
Pkt 42 160 0.2625 1
Node 57 60 12.2066
Pkt 84 320 0.2625 1
Pkt 125 480 0.260417 1
Node 55 56 7.81025
Pkt 195 750 0.26 1
Pkt 208 800 0.26 1
Node 57 61 13.0384
Pkt 39 150 0.26 1
Pkt 33 125 0.264 1
Node 63 35 19.8494
Pkt 125 480 0.260417 1
Pkt 98 375 0.261333 1
Rate:522.063
==========
==========18
8 0 2 24000
Node 45 33 17.72
Pkt 26 100 0.26 1
Pkt 65 250 0.26 1
Node 66 29 26.4008
Pkt 104 400 0.26 1
Pkt 104 400 0.26 1
Node 72 34 27.2029
Pkt 208 800 0.26 1
Pkt 195 750 0.26 1
Node 40 66 18.868
Pkt 39 150 0.26 1
Pkt 26 100 0.26 1
Node 48 67 17.1172
Pkt 84 320 0.2625 1
Pkt 104 400 0.26 1
Node 72 47 22.2036
Pkt 208 800 0.26 1
Pkt 195 750 0.26 1
Node 73 50 23
Pkt 50 192 0.260417 1
Pkt 26 100 0.26 1
Node 38 34 20
Pkt 98 375 0.261333 1
Pkt 98 375 0.261333 1
Rate:520.698
==========
==========19
8 0 2 24000
Node 49 52 2.23607
Pkt 33 125 0.264 1
Pkt 33 125 0.264 1
Node 73 38 25.9422
Pkt 84 320 0.2625 1
Pkt 98 375 0.261333 1
Node 52 35 15.1327
Pkt 195 750 0.26 1
Pkt 195 750 0.26 1
Node 71 56 21.8403
Pkt 42 160 0.2625 1
Pkt 33 125 0.264 1
Node 60 60 14.1421
Pkt 78 300 0.26 1
Pkt 98 375 0.261333 1
Node 48 29 21.095
Pkt 195 750 0.26 1
Pkt 195 750 0.26 1
Node 29 40 23.2594
Pkt 63 240 0.2625 1
Pkt 63 240 0.2625 1
Node 42 45 9.43398
Pkt 98 375 0.261333 1
Pkt 98 375 0.261333 1
Rate:523.417
==========
==========20
8 0 2 24000
Node 57 45 8.60233
Pkt 39 150 0.26 1
Pkt 26 100 0.26 1
Node 46 63 13.6015
Pkt 98 375 0.261333 1
Pkt 78 300 0.26 1
Node 31 63 23.0217
Pkt 195 750 0.26 1
Pkt 195 750 0.26 1
Node 33 56 18.0278
Pkt 52 200 0.26 1
Pkt 32 120 0.266667 1
Node 51 32 18.0278
Pkt 104 400 0.26 1
Pkt 125 480 0.260417 1
Node 31 70 27.5862
Pkt 195 750 0.26 1
Pkt 208 800 0.26 1
Node 52 67 17.1172
Pkt 32 120 0.266667 1
Pkt 33 125 0.264 1
Node 27 54 23.3452
Pkt 104 400 0.26 1
Pkt 104 400 0.26 1
Rate:522.385
==========
==========21
8 0 2 24000
Node 38 34 20
Pkt 52 200 0.26 1
Pkt 63 240 0.2625 1
Node 39 31 21.9545
Pkt 104 400 0.26 1
Pkt 125 480 0.260417 1
Node 54 40 10.7703
Pkt 195 750 0.26 1
Pkt 208 800 0.26 1
Node 28 33 27.8029
Pkt 33 125 0.264 1
Pkt 32 120 0.266667 1
Node 54 38 12.6491
Pkt 98 375 0.261333 1
Pkt 78 300 0.26 1
Node 55 45 7.07107
Pkt 195 750 0.26 1
Pkt 195 750 0.26 1
Node 41 38 15
Pkt 32 120 0.266667 1
Pkt 42 160 0.2625 1
Node 46 53 5
Pkt 98 375 0.261333 1
Pkt 104 400 0.26 1
Rate:523.177
==========
==========22
8 0 2 24000
Node 25 46 25.318
Pkt 63 240 0.2625 1
Pkt 63 240 0.2625 1
Node 45 35 15.8114
Pkt 84 320 0.2625 1
Pkt 78 300 0.26 1
Node 27 57 24.0416
Pkt 195 750 0.26 1
Pkt 195 750 0.26 1
Node 57 32 19.3132
Pkt 33 125 0.264 1
Pkt 65 250 0.26 1
Node 56 26 24.7386
Pkt 104 400 0.26 1
Pkt 98 375 0.261333 1
Node 73 60 25.0799
Pkt 208 800 0.26 1
Pkt 195 750 0.26 1
Node 66 32 24.0832
Pkt 65 250 0.26 1
Pkt 39 150 0.26 1
Node 33 50 17
Pkt 125 480 0.260417 1
Pkt 84 320 0.2625 1
Rate:521.969
==========
==========23
8 0 2 24000
Node 46 33 17.4642
Pkt 63 240 0.2625 1
Pkt 42 160 0.2625 1
Node 40 58 12.8062
Pkt 104 400 0.26 1
Pkt 125 480 0.260417 1
Node 60 73 25.0799
Pkt 195 750 0.26 1
Pkt 195 750 0.26 1
Node 35 44 16.1555
Pkt 65 250 0.26 1
Pkt 39 150 0.26 1
Node 57 30 21.1896
Pkt 125 480 0.260417 1
Pkt 125 480 0.260417 1
Node 46 59 9.84886
Pkt 195 750 0.26 1
Pkt 195 750 0.26 1
Node 59 71 22.8473
Pkt 52 200 0.26 1
Pkt 32 120 0.266667 1
Node 35 30 25
Pkt 78 300 0.26 1
Pkt 78 300 0.26 1
Rate:521.615
==========
==========24
8 0 2 24000
Node 51 60 10.0499
Pkt 39 150 0.26 1
Pkt 42 160 0.2625 1
Node 33 64 22.0227
Pkt 78 300 0.26 1
Pkt 84 320 0.2625 1
Node 40 25 26.9258
Pkt 195 750 0.26 1
Pkt 208 800 0.26 1
Node 65 42 17
Pkt 39 150 0.26 1
Pkt 26 100 0.26 1
Node 29 50 21
Pkt 104 400 0.26 1
Pkt 78 300 0.26 1
Node 60 54 10.7703
Pkt 195 750 0.26 1
Pkt 195 750 0.26 1
Node 59 37 15.8114
Pkt 42 160 0.2625 1
Pkt 50 192 0.260417 1
Node 55 62 13
Pkt 78 300 0.26 1
Pkt 125 480 0.260417 1
Rate:521.042
==========
==========25
8 0 2 24000
Node 38 68 21.6333
Pkt 42 160 0.2625 1
Pkt 42 160 0.2625 1
Node 44 46 7.2111
Pkt 125 480 0.260417 1
Pkt 84 320 0.2625 1
Node 43 73 24.0416
Pkt 195 750 0.26 1
Pkt 195 750 0.26 1
Node 42 45 9.43398
Pkt 32 120 0.266667 1
Pkt 26 100 0.26 1
Node 28 33 27.8029
Pkt 125 480 0.260417 1
Pkt 125 480 0.260417 1
Node 48 66 16.1245
Pkt 208 800 0.26 1
Pkt 195 750 0.26 1
Node 58 72 23.4094
Pkt 63 240 0.2625 1
Pkt 52 200 0.26 1
Node 62 34 20
Pkt 98 375 0.261333 1
Pkt 78 300 0.26 1
Rate:522.406
==========
==========26
8 0 2 24000
Node 35 73 27.4591
Pkt 65 250 0.26 1
Pkt 50 192 0.260417 1
Node 47 37 13.3417
Pkt 104 400 0.26 1
Pkt 104 400 0.26 1
Node 69 39 21.9545
Pkt 208 800 0.26 1
Pkt 195 750 0.26 1
Node 71 67 27.0185
Pkt 63 240 0.2625 1
Pkt 65 250 0.26 1
Node 45 32 18.6815
Pkt 98 375 0.261333 1
Pkt 98 375 0.261333 1
Node 55 36 14.8661
Pkt 208 800 0.26 1
Pkt 208 800 0.26 1
Node 72 43 23.0868
Pkt 26 100 0.26 1
Pkt 52 200 0.26 1
Node 55 25 25.4951
Pkt 78 300 0.26 1
Pkt 98 375 0.261333 1
Rate:520.865
==========
==========27
8 0 2 24000
Node 50 34 16
Pkt 42 160 0.2625 1
Pkt 50 192 0.260417 1
Node 69 46 19.4165
Pkt 78 300 0.26 1
Pkt 125 480 0.260417 1
Node 27 34 28.0179
Pkt 195 750 0.26 1
Pkt 195 750 0.26 1
Node 48 57 7.28011
Pkt 50 192 0.260417 1
Pkt 50 192 0.260417 1
Node 63 35 19.8494
Pkt 78 300 0.26 1
Pkt 104 400 0.26 1
Node 34 37 20.6155
Pkt 208 800 0.26 1
Pkt 195 750 0.26 1
Node 53 29 21.2132
Pkt 42 160 0.2625 1
Pkt 50 192 0.260417 1
Node 69 36 23.6008
Pkt 84 320 0.2625 1
Pkt 78 300 0.26 1
Rate:521.198
==========
==========28
8 0 2 24000
Node 55 53 5.83095
Pkt 42 160 0.2625 1
Pkt 39 150 0.26 1
Node 64 40 17.2047
Pkt 84 320 0.2625 1
Pkt 98 375 0.261333 1
Node 58 52 8.24621
Pkt 195 750 0.26 1
Pkt 195 750 0.26 1
Node 58 39 13.6015
Pkt 33 125 0.264 1
Pkt 50 192 0.260417 1
Node 41 56 10.8167
Pkt 84 320 0.2625 1
Pkt 84 320 0.2625 1
Node 53 47 4.24264
Pkt 208 800 0.26 1
Pkt 195 750 0.26 1
Node 27 28 31.8277
Pkt 33 125 0.264 1
Pkt 65 250 0.26 1
Node 29 41 22.8473
Pkt 78 300 0.26 1
Pkt 98 375 0.261333 1
Rate:522.635
==========
==========29
8 0 2 24000
Node 35 40 18.0278
Pkt 52 200 0.26 1
Pkt 33 125 0.264 1
Node 60 43 12.2066
Pkt 84 320 0.2625 1
Pkt 84 320 0.2625 1
Node 67 45 17.72
Pkt 208 800 0.26 1
Pkt 208 800 0.26 1
Node 27 46 23.3452
Pkt 52 200 0.26 1
Pkt 33 125 0.264 1
Node 55 66 16.7631
Pkt 104 400 0.26 1
Pkt 104 400 0.26 1
Node 65 35 21.2132
Pkt 195 750 0.26 1
Pkt 208 800 0.26 1
Node 53 38 12.3693
Pkt 39 150 0.26 1
Pkt 39 150 0.26 1
Node 42 54 8.94427
Pkt 98 375 0.261333 1
Pkt 104 400 0.26 1
Rate:521.792
==========
==========30
8 0 2 24000
Node 42 64 16.1245
Pkt 52 200 0.26 1
Pkt 50 192 0.260417 1
Node 51 36 14.0357
Pkt 104 400 0.26 1
Pkt 98 375 0.261333 1
Node 67 35 22.6716
Pkt 208 800 0.26 1
Pkt 195 750 0.26 1
Node 33 74 29.4109
Pkt 65 250 0.26 1
Pkt 63 240 0.2625 1
Node 68 31 26.1725
Pkt 84 320 0.2625 1
Pkt 125 480 0.260417 1
Node 54 64 14.5602
Pkt 208 800 0.26 1
Pkt 195 750 0.26 1
Node 33 32 24.7588
Pkt 39 150 0.26 1
Pkt 52 200 0.26 1
Node 60 66 18.868
Pkt 104 400 0.26 1
Pkt 98 375 0.261333 1
Rate:521.062
==========
==========31
8 0 2 24000
Node 74 63 27.2947
Pkt 26 100 0.26 1
Pkt 42 160 0.2625 1
Node 53 67 17.2627
Pkt 78 300 0.26 1
Pkt 104 400 0.26 1
Node 45 40 11.1803
Pkt 208 800 0.26 1
Pkt 208 800 0.26 1
Node 56 42 10
Pkt 26 100 0.26 1
Pkt 52 200 0.26 1
Node 72 67 27.8029
Pkt 125 480 0.260417 1
Pkt 84 320 0.2625 1
Node 40 74 26
Pkt 208 800 0.26 1
Pkt 195 750 0.26 1
Node 49 49 1.41421
Pkt 32 120 0.266667 1
Pkt 52 200 0.26 1
Node 39 57 13.0384
Pkt 78 300 0.26 1
Pkt 98 375 0.261333 1
Rate:521.677
==========
==========32
8 0 2 24000
Node 39 35 18.6011
Pkt 65 250 0.26 1
Pkt 52 200 0.26 1
Node 74 51 24.0208
Pkt 78 300 0.26 1
Pkt 125 480 0.260417 1
Node 46 57 8.06226
Pkt 208 800 0.26 1
Pkt 195 750 0.26 1
Node 46 59 9.84886
Pkt 42 160 0.2625 1
Pkt 42 160 0.2625 1
Node 56 66 17.088
Pkt 78 300 0.26 1
Pkt 98 375 0.261333 1
Node 30 45 20.6155
Pkt 195 750 0.26 1
Pkt 208 800 0.26 1
Node 26 66 28.8444
Pkt 26 100 0.26 1
Pkt 39 150 0.26 1
Node 52 46 4.47214
Pkt 98 375 0.261333 1
Pkt 98 375 0.261333 1
Rate:521.177
==========
==========33
8 0 2 24000
Node 64 36 19.799
Pkt 39 150 0.26 1
Pkt 52 200 0.26 1
Node 43 68 19.3132
Pkt 98 375 0.261333 1
Pkt 104 400 0.26 1
Node 72 62 25.0599
Pkt 195 750 0.26 1
Pkt 195 750 0.26 1
Node 70 48 20.0998
Pkt 39 150 0.26 1
Pkt 26 100 0.26 1
Node 29 62 24.1868
Pkt 104 400 0.26 1
Pkt 125 480 0.260417 1
Node 66 59 18.3576
Pkt 208 800 0.26 1
Pkt 208 800 0.26 1
Node 51 51 1.41421
Pkt 42 160 0.2625 1
Pkt 32 120 0.266667 1
Node 52 74 24.0832
Pkt 78 300 0.26 1
Pkt 98 375 0.261333 1
Rate:521.531
==========
==========34
8 0 2 24000
Node 50 60 10
Pkt 32 120 0.266667 1
Pkt 65 250 0.26 1
Node 36 62 18.4391
Pkt 84 320 0.2625 1
Pkt 84 320 0.2625 1
Node 66 49 16.0312
Pkt 208 800 0.26 1
Pkt 195 750 0.26 1
Node 31 51 19.0263
Pkt 50 192 0.260417 1
Pkt 50 192 0.260417 1
Node 49 56 6.08276
Pkt 98 375 0.261333 1
Pkt 98 375 0.261333 1
Node 58 35 17
Pkt 195 750 0.26 1
Pkt 195 750 0.26 1
Node 38 58 14.4222
Pkt 65 250 0.26 1
Pkt 39 150 0.26 1
Node 61 47 11.4018
Pkt 104 400 0.26 1
Pkt 98 375 0.261333 1
Rate:522.062
==========
==========35
8 0 2 24000
Node 25 60 26.9258
Pkt 52 200 0.26 1
Pkt 32 120 0.266667 1
Node 52 49 2.23607
Pkt 125 480 0.260417 1
Pkt 98 375 0.261333 1
Node 35 25 29.1548
Pkt 208 800 0.26 1
Pkt 208 800 0.26 1
Node 67 34 23.3452
Pkt 26 100 0.26 1
Pkt 26 100 0.26 1
Node 69 71 28.3196
Pkt 125 480 0.260417 1
Pkt 84 320 0.2625 1
Node 43 44 9.21954
Pkt 208 800 0.26 1
Pkt 208 800 0.26 1
Node 66 47 16.2788
Pkt 33 125 0.264 1
Pkt 33 125 0.264 1
Node 34 69 24.8395
Pkt 84 320 0.2625 1
Pkt 104 400 0.26 1
Rate:522.729
==========
==========36
8 0 2 24000
Node 26 52 24.0832
Pkt 39 150 0.26 1
Pkt 65 250 0.26 1
Node 52 53 3.60555
Pkt 104 400 0.26 1
Pkt 84 320 0.2625 1
Node 41 27 24.6982
Pkt 195 750 0.26 1
Pkt 195 750 0.26 1
Node 32 68 25.4558
Pkt 42 160 0.2625 1
Pkt 42 160 0.2625 1
Node 71 60 23.2594
Pkt 84 320 0.2625 1
Pkt 98 375 0.261333 1
Node 44 59 10.8167
Pkt 208 800 0.26 1
Pkt 195 750 0.26 1
Node 27 27 32.5269
Pkt 26 100 0.26 1
Pkt 39 150 0.26 1
Node 43 49 7.07107
Pkt 84 320 0.2625 1
Pkt 98 375 0.261333 1
Rate:521.896
==========
==========37
8 0 2 24000
Node 33 31 25.4951
Pkt 52 200 0.26 1
Pkt 63 240 0.2625 1
Node 45 74 24.5153
Pkt 78 300 0.26 1
Pkt 78 300 0.26 1
Node 25 25 35.3553
Pkt 195 750 0.26 1
Pkt 208 800 0.26 1
Node 53 43 7.61577
Pkt 39 150 0.26 1
Pkt 42 160 0.2625 1
Node 59 72 23.7697
Pkt 78 300 0.26 1
Pkt 125 480 0.260417 1
Node 55 26 24.5153
Pkt 208 800 0.26 1
Pkt 195 750 0.26 1
Node 72 56 22.8035
Pkt 52 200 0.26 1
Pkt 33 125 0.264 1
Node 54 35 15.5242
Pkt 125 480 0.260417 1
Pkt 125 480 0.260417 1
Rate:521.281
==========
==========38
8 0 2 24000
Node 29 40 23.2594
Pkt 32 120 0.266667 1
Pkt 50 192 0.260417 1
Node 50 74 24
Pkt 78 300 0.26 1
Pkt 84 320 0.2625 1
Node 58 42 11.3137
Pkt 208 800 0.26 1
Pkt 208 800 0.26 1
Node 61 47 11.4018
Pkt 65 250 0.26 1
Pkt 52 200 0.26 1
Node 45 46 6.40312
Pkt 98 375 0.261333 1
Pkt 125 480 0.260417 1
Node 71 59 22.8473
Pkt 195 750 0.26 1
Pkt 195 750 0.26 1
Node 40 31 21.4709
Pkt 52 200 0.26 1
Pkt 39 150 0.26 1
Node 55 59 10.2956
Pkt 125 480 0.260417 1
Pkt 98 375 0.261333 1
Rate:521.635
==========
==========39
8 0 2 24000
Node 41 30 21.9317
Pkt 65 250 0.26 1
Pkt 50 192 0.260417 1
Node 58 62 14.4222
Pkt 78 300 0.26 1
Pkt 98 375 0.261333 1
Node 52 51 2.23607
Pkt 195 750 0.26 1
Pkt 208 800 0.26 1
Node 53 55 5.83095
Pkt 65 250 0.26 1
Pkt 63 240 0.2625 1
Node 45 55 7.07107
Pkt 98 375 0.261333 1
Pkt 104 400 0.26 1
Node 57 50 7
Pkt 208 800 0.26 1
Pkt 208 800 0.26 1
Node 28 28 31.1127
Pkt 65 250 0.26 1
Pkt 33 125 0.264 1
Node 26 74 33.9411
Pkt 84 320 0.2625 1
Pkt 125 480 0.260417 1
Rate:521.563
==========
==========40
8 0 2 24000
Node 54 50 4
Pkt 65 250 0.26 1
Pkt 50 192 0.260417 1
Node 29 40 23.2594
Pkt 98 375 0.261333 1
Pkt 78 300 0.26 1
Node 42 70 21.5407
Pkt 208 800 0.26 1
Pkt 208 800 0.26 1
Node 50 65 15
Pkt 26 100 0.26 1
Pkt 33 125 0.264 1
Node 72 39 24.5967
Pkt 125 480 0.260417 1
Pkt 104 400 0.26 1
Node 65 49 15.0333
Pkt 208 800 0.26 1
Pkt 208 800 0.26 1
Node 61 38 16.2788
Pkt 65 250 0.26 1
Pkt 39 150 0.26 1
Node 47 45 5.83095
Pkt 104 400 0.26 1
Pkt 84 320 0.2625 1
Rate:521.083
==========
==========41
8 0 2 24000
Node 34 28 27.2029
Pkt 26 100 0.26 1
Pkt 26 100 0.26 1
Node 69 51 19.0263
Pkt 104 400 0.26 1
Pkt 125 480 0.260417 1
Node 53 67 17.2627
Pkt 208 800 0.26 1
Pkt 195 750 0.26 1
Node 71 70 29
Pkt 50 192 0.260417 1
Pkt 65 250 0.26 1
Node 67 64 22.0227
Pkt 98 375 0.261333 1
Pkt 98 375 0.261333 1
Node 47 63 13.3417
Pkt 208 800 0.26 1
Pkt 208 800 0.26 1
Node 62 69 22.4722
Pkt 63 240 0.2625 1
Pkt 50 192 0.260417 1
Node 65 31 24.2074
Pkt 98 375 0.261333 1
Pkt 78 300 0.26 1
Rate:520.969
==========
==========42
8 0 2 24000
Node 68 73 29.2062
Pkt 39 150 0.26 1
Pkt 52 200 0.26 1
Node 36 64 19.799
Pkt 78 300 0.26 1
Pkt 98 375 0.261333 1
Node 35 26 28.3019
Pkt 195 750 0.26 1
Pkt 208 800 0.26 1
Node 48 46 4.47214
Pkt 42 160 0.2625 1
Pkt 42 160 0.2625 1
Node 60 39 14.8661
Pkt 98 375 0.261333 1
Pkt 84 320 0.2625 1
Node 53 61 11.4018
Pkt 195 750 0.26 1
Pkt 195 750 0.26 1
Node 63 68 22.2036
Pkt 42 160 0.2625 1
Pkt 32 120 0.266667 1
Node 48 54 4.47214
Pkt 84 320 0.2625 1
Pkt 104 400 0.26 1
Rate:522.729
==========
==========43
8 0 2 24000
Node 38 62 16.9706
Pkt 50 192 0.260417 1
Pkt 26 100 0.26 1
Node 74 28 32.5576
Pkt 84 320 0.2625 1
Pkt 84 320 0.2625 1
Node 51 29 21.0238
Pkt 208 800 0.26 1
Pkt 195 750 0.26 1
Node 67 36 22.0227
Pkt 39 150 0.26 1
Pkt 42 160 0.2625 1
Node 60 27 25.0799
Pkt 125 480 0.260417 1
Pkt 78 300 0.26 1
Node 31 25 31.4006
Pkt 195 750 0.26 1
Pkt 195 750 0.26 1
Node 63 31 23.0217
Pkt 52 200 0.26 1
Pkt 50 192 0.260417 1
Node 35 34 21.9317
Pkt 104 400 0.26 1
Pkt 125 480 0.260417 1
Rate:521.146
==========
==========44
8 0 2 24000
Node 54 74 24.3311
Pkt 32 120 0.266667 1
Pkt 26 100 0.26 1
Node 34 30 25.6125
Pkt 125 480 0.260417 1
Pkt 125 480 0.260417 1
Node 62 61 16.2788
Pkt 195 750 0.26 1
Pkt 208 800 0.26 1
Node 31 62 22.4722
Pkt 33 125 0.264 1
Pkt 65 250 0.26 1
Node 33 34 23.3452
Pkt 84 320 0.2625 1
Pkt 78 300 0.26 1
Node 54 56 7.2111
Pkt 208 800 0.26 1
Pkt 195 750 0.26 1
Node 43 34 17.4642
Pkt 42 160 0.2625 1
Pkt 65 250 0.26 1
Node 58 51 8.06226
Pkt 104 400 0.26 1
Pkt 78 300 0.26 1
Rate:522.062
==========
==========45
8 0 2 24000
Node 33 28 27.8029
Pkt 65 250 0.26 1
Pkt 33 125 0.264 1
Node 27 61 25.4951
Pkt 98 375 0.261333 1
Pkt 84 320 0.2625 1
Node 61 66 19.4165
Pkt 195 750 0.26 1
Pkt 208 800 0.26 1
Node 53 53 4.24264
Pkt 32 120 0.266667 1
Pkt 63 240 0.2625 1
Node 72 30 29.7321
Pkt 98 375 0.261333 1
Pkt 125 480 0.260417 1
Node 68 37 22.2036
Pkt 208 800 0.26 1
Pkt 208 800 0.26 1
Node 64 37 19.105
Pkt 50 192 0.260417 1
Pkt 50 192 0.260417 1
Node 63 74 27.2947
Pkt 78 300 0.26 1
Pkt 78 300 0.26 1
Rate:522.448
==========
==========46
8 0 2 24000
Node 73 63 26.4197
Pkt 39 150 0.26 1
Pkt 32 120 0.266667 1
Node 63 37 18.3848
Pkt 98 375 0.261333 1
Pkt 125 480 0.260417 1
Node 49 39 11.0454
Pkt 208 800 0.26 1
Pkt 195 750 0.26 1
Node 65 48 15.1327
Pkt 52 200 0.26 1
Pkt 50 192 0.260417 1
Node 58 62 14.4222
Pkt 84 320 0.2625 1
Pkt 125 480 0.260417 1
Node 42 70 21.5407
Pkt 208 800 0.26 1
Pkt 208 800 0.26 1
Node 25 48 25.0799
Pkt 65 250 0.26 1
Pkt 32 120 0.266667 1
Node 38 49 12.0416
Pkt 98 375 0.261333 1
Pkt 84 320 0.2625 1
Rate:522.781
==========
==========47
8 0 2 24000
Node 65 26 28.3019
Pkt 39 150 0.26 1
Pkt 42 160 0.2625 1
Node 74 74 33.9411
Pkt 84 320 0.2625 1
Pkt 98 375 0.261333 1
Node 27 59 24.6982
Pkt 195 750 0.26 1
Pkt 195 750 0.26 1
Node 58 51 8.06226
Pkt 33 125 0.264 1
Pkt 39 150 0.26 1
Node 69 71 28.3196
Pkt 78 300 0.26 1
Pkt 125 480 0.260417 1
Node 42 45 9.43398
Pkt 208 800 0.26 1
Pkt 195 750 0.26 1
Node 61 61 15.5563
Pkt 26 100 0.26 1
Pkt 26 100 0.26 1
Node 29 47 21.2132
Pkt 78 300 0.26 1
Pkt 84 320 0.2625 1
Rate:521.656
==========
==========48
8 0 2 24000
Node 61 42 13.6015
Pkt 33 125 0.264 1
Pkt 65 250 0.26 1
Node 74 33 29.4109
Pkt 98 375 0.261333 1
Pkt 78 300 0.26 1
Node 47 64 14.3178
Pkt 195 750 0.26 1
Pkt 195 750 0.26 1
Node 73 41 24.6982
Pkt 39 150 0.26 1
Pkt 39 150 0.26 1
Node 41 60 13.4536
Pkt 98 375 0.261333 1
Pkt 104 400 0.26 1
Node 45 63 13.9284
Pkt 208 800 0.26 1
Pkt 195 750 0.26 1
Node 27 32 29.2062
Pkt 42 160 0.2625 1
Pkt 32 120 0.266667 1
Node 59 31 21.0238
Pkt 125 480 0.260417 1
Pkt 104 400 0.26 1
Rate:522.031
==========
==========49
8 0 2 24000
Node 36 66 21.2603
Pkt 52 200 0.26 1
Pkt 26 100 0.26 1
Node 40 71 23.2594
Pkt 98 375 0.261333 1
Pkt 84 320 0.2625 1
Node 26 73 33.2415
Pkt 208 800 0.26 1
Pkt 208 800 0.26 1
Node 48 65 15.1327
Pkt 52 200 0.26 1
Pkt 39 150 0.26 1
Node 72 71 30.4138
Pkt 84 320 0.2625 1
Pkt 78 300 0.26 1
Node 63 55 13.9284
Pkt 195 750 0.26 1
Pkt 208 800 0.26 1
Node 25 35 29.1548
Pkt 63 240 0.2625 1
Pkt 33 125 0.264 1
Node 63 74 27.2947
Pkt 104 400 0.26 1
Pkt 98 375 0.261333 1
Rate:521.771
==========
==========50
8 0 2 24000
Node 60 70 22.3607
Pkt 39 150 0.26 1
Pkt 50 192 0.260417 1
Node 46 26 24.3311
Pkt 125 480 0.260417 1
Pkt 78 300 0.26 1
Node 52 67 17.1172
Pkt 208 800 0.26 1
Pkt 208 800 0.26 1
Node 58 59 12.0416
Pkt 65 250 0.26 1
Pkt 32 120 0.266667 1
Node 60 60 14.1421
Pkt 84 320 0.2625 1
Pkt 78 300 0.26 1
Node 63 74 27.2947
Pkt 208 800 0.26 1
Pkt 195 750 0.26 1
Node 50 58 8
Pkt 26 100 0.26 1
Pkt 32 120 0.266667 1
Node 72 40 24.1661
Pkt 104 400 0.26 1
Pkt 125 480 0.260417 1
Rate:522.135
==========
==========51
8 0 2 24000
Node 49 31 19.0263
Pkt 63 240 0.2625 1
Pkt 65 250 0.26 1
Node 39 51 11.0454
Pkt 84 320 0.2625 1
Pkt 78 300 0.26 1
Node 57 33 18.3848
Pkt 208 800 0.26 1
Pkt 195 750 0.26 1
Node 39 50 11
Pkt 42 160 0.2625 1
Pkt 32 120 0.266667 1
Node 58 39 13.6015
Pkt 78 300 0.26 1
Pkt 98 375 0.261333 1
Node 61 38 16.2788
Pkt 208 800 0.26 1
Pkt 208 800 0.26 1
Node 49 65 15.0333
Pkt 39 150 0.26 1
Pkt 50 192 0.260417 1
Node 71 57 22.1359
Pkt 78 300 0.26 1
Pkt 98 375 0.261333 1
Rate:522.156
==========
==========52
8 0 2 24000
Node 37 59 15.8114
Pkt 33 125 0.264 1
Pkt 32 120 0.266667 1
Node 29 43 22.1359
Pkt 98 375 0.261333 1
Pkt 98 375 0.261333 1
Node 60 37 16.4012
Pkt 208 800 0.26 1
Pkt 195 750 0.26 1
Node 31 61 21.9545
Pkt 26 100 0.26 1
Pkt 52 200 0.26 1
Node 63 71 24.6982
Pkt 84 320 0.2625 1
Pkt 125 480 0.260417 1
Node 64 39 17.8045
Pkt 195 750 0.26 1
Pkt 208 800 0.26 1
Node 43 30 21.1896
Pkt 52 200 0.26 1
Pkt 63 240 0.2625 1
Node 37 58 15.2643
Pkt 98 375 0.261333 1
Pkt 84 320 0.2625 1
Rate:522.823
==========
==========53
8 0 2 24000
Node 59 28 23.7697
Pkt 32 120 0.266667 1
Pkt 65 250 0.26 1
Node 59 49 9.05539
Pkt 98 375 0.261333 1
Pkt 104 400 0.26 1
Node 68 41 20.1246
Pkt 208 800 0.26 1
Pkt 195 750 0.26 1
Node 56 67 18.0278
Pkt 63 240 0.2625 1
Pkt 26 100 0.26 1
Node 63 62 17.6918
Pkt 104 400 0.26 1
Pkt 98 375 0.261333 1
Node 52 31 19.105
Pkt 195 750 0.26 1
Pkt 195 750 0.26 1
Node 49 39 11.0454
Pkt 50 192 0.260417 1
Pkt 26 100 0.26 1
Node 55 60 11.1803
Pkt 78 300 0.26 1
Pkt 125 480 0.260417 1
Rate:521.583
==========
==========54
8 0 2 24000
Node 54 49 4.12311
Pkt 32 120 0.266667 1
Pkt 65 250 0.26 1
Node 37 54 13.6015
Pkt 125 480 0.260417 1
Pkt 125 480 0.260417 1
Node 32 41 20.1246
Pkt 208 800 0.26 1
Pkt 208 800 0.26 1
Node 58 28 23.4094
Pkt 33 125 0.264 1
Pkt 32 120 0.266667 1
Node 56 34 17.088
Pkt 78 300 0.26 1
Pkt 98 375 0.261333 1
Node 28 51 22.0227
Pkt 195 750 0.26 1
Pkt 195 750 0.26 1
Node 52 71 21.095
Pkt 63 240 0.2625 1
Pkt 42 160 0.2625 1
Node 67 42 18.7883
Pkt 104 400 0.26 1
Pkt 125 480 0.260417 1
Rate:523.115
==========
==========55
8 0 2 24000
Node 55 27 23.5372
Pkt 26 100 0.26 1
Pkt 39 150 0.26 1
Node 44 44 8.48528
Pkt 98 375 0.261333 1
Pkt 98 375 0.261333 1
Node 49 63 13.0384
Pkt 195 750 0.26 1
Pkt 195 750 0.26 1
Node 33 46 17.4642
Pkt 52 200 0.26 1
Pkt 52 200 0.26 1
Node 62 52 12.1655
Pkt 104 400 0.26 1
Pkt 78 300 0.26 1
Node 72 37 25.5539
Pkt 195 750 0.26 1
Pkt 208 800 0.26 1
Node 31 56 19.9249
Pkt 26 100 0.26 1
Pkt 50 192 0.260417 1
Node 59 73 24.6982
Pkt 98 375 0.261333 1
Pkt 125 480 0.260417 1
Rate:520.604
==========
==========56
8 0 2 24000
Node 52 27 23.0868
Pkt 52 200 0.26 1
Pkt 42 160 0.2625 1
Node 53 47 4.24264
Pkt 84 320 0.2625 1
Pkt 125 480 0.260417 1
Node 56 33 18.0278
Pkt 195 750 0.26 1
Pkt 195 750 0.26 1
Node 57 41 11.4018
Pkt 32 120 0.266667 1
Pkt 65 250 0.26 1
Node 48 54 4.47214
Pkt 125 480 0.260417 1
Pkt 125 480 0.260417 1
Node 50 72 22
Pkt 195 750 0.26 1
Pkt 195 750 0.26 1
Node 38 30 23.3238
Pkt 52 200 0.26 1
Pkt 39 150 0.26 1
Node 70 70 28.2843
Pkt 98 375 0.261333 1
Pkt 98 375 0.261333 1
Rate:521.948
==========
==========57
8 0 2 24000
Node 74 26 33.9411
Pkt 52 200 0.26 1
Pkt 26 100 0.26 1
Node 57 47 7.61577
Pkt 98 375 0.261333 1
Pkt 125 480 0.260417 1
Node 56 62 13.4164
Pkt 195 750 0.26 1
Pkt 195 750 0.26 1
Node 52 38 12.1655
Pkt 50 192 0.260417 1
Pkt 32 120 0.266667 1
Node 58 69 20.6155
Pkt 84 320 0.2625 1
Pkt 78 300 0.26 1
Node 69 42 20.6155
Pkt 208 800 0.26 1
Pkt 208 800 0.26 1
Node 38 41 15
Pkt 33 125 0.264 1
Pkt 52 200 0.26 1
Node 29 44 21.8403
Pkt 84 320 0.2625 1
Pkt 78 300 0.26 1
Rate:522.229
==========
==========58
8 0 2 24000
Node 27 37 26.4197
Pkt 52 200 0.26 1
Pkt 42 160 0.2625 1
Node 58 48 8.24621
Pkt 104 400 0.26 1
Pkt 104 400 0.26 1
Node 36 33 22.0227
Pkt 208 800 0.26 1
Pkt 208 800 0.26 1
Node 30 38 23.3238
Pkt 26 100 0.26 1
Pkt 50 192 0.260417 1
Node 38 25 27.7308
Pkt 125 480 0.260417 1
Pkt 125 480 0.260417 1
Node 39 33 20.2485
Pkt 208 800 0.26 1
Pkt 208 800 0.26 1
Node 66 31 24.8395
Pkt 39 150 0.26 1
Pkt 65 250 0.26 1
Node 32 37 22.2036
Pkt 78 300 0.26 1
Pkt 84 320 0.2625 1
Rate:520.781
==========
==========59
8 0 2 24000
Node 46 70 20.3961
Pkt 33 125 0.264 1
Pkt 65 250 0.26 1
Node 50 38 12
Pkt 78 300 0.26 1
Pkt 104 400 0.26 1
Node 68 25 30.8058
Pkt 195 750 0.26 1
Pkt 195 750 0.26 1
Node 48 25 25.0799
Pkt 32 120 0.266667 1
Pkt 33 125 0.264 1
Node 38 47 12.3693
Pkt 84 320 0.2625 1
Pkt 98 375 0.261333 1
Node 74 61 26.4008
Pkt 195 750 0.26 1
Pkt 208 800 0.26 1
Node 62 63 17.6918
Pkt 52 200 0.26 1
Pkt 65 250 0.26 1
Node 25 39 27.313
Pkt 98 375 0.261333 1
Pkt 78 300 0.26 1
Rate:522.479
==========
==========60
8 0 2 24000
Node 47 66 16.2788
Pkt 63 240 0.2625 1
Pkt 63 240 0.2625 1
Node 47 48 3.60555
Pkt 84 320 0.2625 1
Pkt 98 375 0.261333 1
Node 60 50 10
Pkt 195 750 0.26 1
Pkt 195 750 0.26 1
Node 66 42 17.8885
Pkt 65 250 0.26 1
Pkt 42 160 0.2625 1
Node 40 53 10.4403
Pkt 98 375 0.261333 1
Pkt 98 375 0.261333 1
Node 60 42 12.8062
Pkt 208 800 0.26 1
Pkt 208 800 0.26 1
Node 36 35 20.5183
Pkt 63 240 0.2625 1
Pkt 50 192 0.260417 1
Node 43 27 24.0416
Pkt 98 375 0.261333 1
Pkt 104 400 0.26 1
Rate:522.281
==========
==========61
8 0 2 24000
Node 34 30 25.6125
Pkt 39 150 0.26 1
Pkt 50 192 0.260417 1
Node 42 58 11.3137
Pkt 98 375 0.261333 1
Pkt 78 300 0.26 1
Node 52 63 13.1529
Pkt 195 750 0.26 1
Pkt 195 750 0.26 1
Node 50 44 6
Pkt 33 125 0.264 1
Pkt 39 150 0.26 1
Node 46 56 7.2111
Pkt 84 320 0.2625 1
Pkt 104 400 0.26 1
Node 40 28 24.1661
Pkt 195 750 0.26 1
Pkt 208 800 0.26 1
Node 61 57 13.0384
Pkt 65 250 0.26 1
Pkt 50 192 0.260417 1
Node 46 29 21.3776
Pkt 98 375 0.261333 1
Pkt 78 300 0.26 1
Rate:521.25
==========
==========62
8 0 2 24000
Node 51 51 1.41421
Pkt 50 192 0.260417 1
Pkt 50 192 0.260417 1
Node 29 62 24.1868
Pkt 98 375 0.261333 1
Pkt 98 375 0.261333 1
Node 73 58 24.3516
Pkt 208 800 0.26 1
Pkt 195 750 0.26 1
Node 36 63 19.105
Pkt 65 250 0.26 1
Pkt 65 250 0.26 1
Node 64 54 14.5602
Pkt 104 400 0.26 1
Pkt 104 400 0.26 1
Node 51 53 3.16228
Pkt 195 750 0.26 1
Pkt 208 800 0.26 1
Node 47 47 4.24264
Pkt 33 125 0.264 1
Pkt 52 200 0.26 1
Node 68 47 18.2483
Pkt 125 480 0.260417 1
Pkt 78 300 0.26 1
Rate:520.99
==========
==========63
8 0 2 24000
Node 25 57 25.9615
Pkt 52 200 0.26 1
Pkt 32 120 0.266667 1
Node 71 60 23.2594
Pkt 78 300 0.26 1
Pkt 98 375 0.261333 1
Node 37 44 14.3178
Pkt 208 800 0.26 1
Pkt 195 750 0.26 1
Node 53 42 8.544
Pkt 65 250 0.26 1
Pkt 42 160 0.2625 1
Node 50 41 9
Pkt 125 480 0.260417 1
Pkt 104 400 0.26 1
Node 71 37 24.6982
Pkt 195 750 0.26 1
Pkt 195 750 0.26 1
Node 32 30 26.9072
Pkt 63 240 0.2625 1
Pkt 63 240 0.2625 1
Node 44 26 24.7386
Pkt 125 480 0.260417 1
Pkt 98 375 0.261333 1
Rate:522.208
==========
==========64
8 0 2 24000
Node 51 36 14.0357
Pkt 33 125 0.264 1
Pkt 33 125 0.264 1
Node 66 48 16.1245
Pkt 98 375 0.261333 1
Pkt 78 300 0.26 1
Node 43 26 25
Pkt 208 800 0.26 1
Pkt 208 800 0.26 1
Node 66 53 16.2788
Pkt 52 200 0.26 1
Pkt 32 120 0.266667 1
Node 51 69 19.0263
Pkt 104 400 0.26 1
Pkt 98 375 0.261333 1
Node 44 55 7.81025
Pkt 195 750 0.26 1
Pkt 195 750 0.26 1
Node 29 39 23.7065
Pkt 42 160 0.2625 1
Pkt 63 240 0.2625 1
Node 29 60 23.2594
Pkt 104 400 0.26 1
Pkt 78 300 0.26 1
Rate:522.792
==========
==========65
8 0 2 24000
Node 44 34 17.088
Pkt 32 120 0.266667 1
Pkt 65 250 0.26 1
Node 72 74 32.5576
Pkt 104 400 0.26 1
Pkt 78 300 0.26 1
Node 29 40 23.2594
Pkt 208 800 0.26 1
Pkt 195 750 0.26 1
Node 67 65 22.6716
Pkt 50 192 0.260417 1
Pkt 26 100 0.26 1
Node 27 27 32.5269
Pkt 78 300 0.26 1
Pkt 104 400 0.26 1
Node 25 40 26.9258
Pkt 208 800 0.26 1
Pkt 208 800 0.26 1
Node 72 32 28.4253
Pkt 65 250 0.26 1
Pkt 26 100 0.26 1
Node 31 42 20.6155
Pkt 78 300 0.26 1
Pkt 104 400 0.26 1
Rate:520.885
==========
==========66
8 0 2 24000
Node 34 68 24.0832
Pkt 33 125 0.264 1
Pkt 32 120 0.266667 1
Node 39 66 19.4165
Pkt 84 320 0.2625 1
Pkt 104 400 0.26 1
Node 36 65 20.5183
Pkt 195 750 0.26 1
Pkt 208 800 0.26 1
Node 25 65 29.1548
Pkt 33 125 0.264 1
Pkt 33 125 0.264 1
Node 41 51 9.05539
Pkt 98 375 0.261333 1
Pkt 125 480 0.260417 1
Node 68 29 27.6586
Pkt 208 800 0.26 1
Pkt 195 750 0.26 1
Node 70 67 26.2488
Pkt 63 240 0.2625 1
Pkt 42 160 0.2625 1
Node 41 66 18.3576
Pkt 104 400 0.26 1
Pkt 78 300 0.26 1
Rate:523.49
==========
==========67
8 0 2 24000
Node 61 54 11.7047
Pkt 63 240 0.2625 1
Pkt 63 240 0.2625 1
Node 35 54 15.5242
Pkt 78 300 0.26 1
Pkt 104 400 0.26 1
Node 36 64 19.799
Pkt 195 750 0.26 1
Pkt 195 750 0.26 1
Node 53 51 3.16228
Pkt 50 192 0.260417 1
Pkt 32 120 0.266667 1
Node 43 30 21.1896
Pkt 78 300 0.26 1
Pkt 78 300 0.26 1
Node 52 32 18.1108
Pkt 195 750 0.26 1
Pkt 195 750 0.26 1
Node 72 35 26.6271
Pkt 32 120 0.266667 1
Pkt 39 150 0.26 1
Node 27 53 23.1948
Pkt 125 480 0.260417 1
Pkt 78 300 0.26 1
Rate:522.396
==========
==========68
8 0 2 24000
Node 72 30 29.7321
Pkt 65 250 0.26 1
Pkt 52 200 0.26 1
Node 51 63 13.0384
Pkt 125 480 0.260417 1
Pkt 104 400 0.26 1
Node 68 32 25.4558
Pkt 195 750 0.26 1
Pkt 195 750 0.26 1
Node 59 36 16.6433
Pkt 52 200 0.26 1
Pkt 65 250 0.26 1
Node 63 70 23.8537
Pkt 125 480 0.260417 1
Pkt 104 400 0.26 1
Node 36 59 16.6433
Pkt 208 800 0.26 1
Pkt 208 800 0.26 1
Node 34 44 17.088
Pkt 42 160 0.2625 1
Pkt 42 160 0.2625 1
Node 51 33 17.0294
Pkt 98 375 0.261333 1
Pkt 125 480 0.260417 1
Rate:520.948
==========
==========69
8 0 2 24000
Node 46 67 17.4642
Pkt 50 192 0.260417 1
Pkt 39 150 0.26 1
Node 42 55 9.43398
Pkt 78 300 0.26 1
Pkt 104 400 0.26 1
Node 52 46 4.47214
Pkt 195 750 0.26 1
Pkt 208 800 0.26 1
Node 30 51 20.025
Pkt 52 200 0.26 1
Pkt 26 100 0.26 1
Node 55 53 5.83095
Pkt 125 480 0.260417 1
Pkt 98 375 0.261333 1
Node 41 25 26.5707
Pkt 195 750 0.26 1
Pkt 208 800 0.26 1
Node 55 43 8.60233
Pkt 39 150 0.26 1
Pkt 52 200 0.26 1
Node 57 61 13.0384
Pkt 98 375 0.261333 1
Pkt 125 480 0.260417 1
Rate:520.49
==========
==========70
8 0 2 24000
Node 73 59 24.6982
Pkt 65 250 0.26 1
Pkt 52 200 0.26 1
Node 36 67 22.0227
Pkt 84 320 0.2625 1
Pkt 98 375 0.261333 1
Node 25 42 26.2488
Pkt 195 750 0.26 1
Pkt 195 750 0.26 1
Node 45 63 13.9284
Pkt 65 250 0.26 1
Pkt 50 192 0.260417 1
Node 36 72 26.0768
Pkt 78 300 0.26 1
Pkt 98 375 0.261333 1
Node 44 64 15.2315
Pkt 195 750 0.26 1
Pkt 195 750 0.26 1
Node 39 60 14.8661
Pkt 42 160 0.2625 1
Pkt 42 160 0.2625 1
Node 60 70 22.3607
Pkt 78 300 0.26 1
Pkt 125 480 0.260417 1
Rate:521.375
==========
==========71
8 0 2 24000
Node 62 25 27.7308
Pkt 42 160 0.2625 1
Pkt 39 150 0.26 1
Node 60 62 15.6205
Pkt 84 320 0.2625 1
Pkt 125 480 0.260417 1
Node 30 55 20.6155
Pkt 208 800 0.26 1
Pkt 208 800 0.26 1
Node 39 69 21.9545
Pkt 65 250 0.26 1
Pkt 26 100 0.26 1
Node 33 68 24.7588
Pkt 104 400 0.26 1
Pkt 125 480 0.260417 1
Node 73 50 23
Pkt 208 800 0.26 1
Pkt 195 750 0.26 1
Node 69 43 20.2485
Pkt 26 100 0.26 1
Pkt 39 150 0.26 1
Node 66 51 16.0312
Pkt 84 320 0.2625 1
Pkt 78 300 0.26 1
Rate:521.042
==========
==========72
8 0 2 24000
Node 74 67 29.4109
Pkt 39 150 0.26 1
Pkt 32 120 0.266667 1
Node 38 72 25.0599
Pkt 125 480 0.260417 1
Pkt 84 320 0.2625 1
Node 61 65 18.6011
Pkt 208 800 0.26 1
Pkt 208 800 0.26 1
Node 34 46 16.4924
Pkt 39 150 0.26 1
Pkt 65 250 0.26 1
Node 72 68 28.4253
Pkt 78 300 0.26 1
Pkt 125 480 0.260417 1
Node 45 45 7.07107
Pkt 208 800 0.26 1
Pkt 195 750 0.26 1
Node 29 57 22.1359
Pkt 65 250 0.26 1
Pkt 32 120 0.266667 1
Node 34 47 16.2788
Pkt 78 300 0.26 1
Pkt 84 320 0.2625 1
Rate:522.396
==========
==========73
8 0 2 24000
Node 70 64 24.4131
Pkt 52 200 0.26 1
Pkt 52 200 0.26 1
Node 63 52 13.1529
Pkt 104 400 0.26 1
Pkt 104 400 0.26 1
Node 40 72 24.1661
Pkt 195 750 0.26 1
Pkt 208 800 0.26 1
Node 64 60 17.2047
Pkt 65 250 0.26 1
Pkt 26 100 0.26 1
Node 30 26 31.241
Pkt 125 480 0.260417 1
Pkt 78 300 0.26 1
Node 43 32 19.3132
Pkt 208 800 0.26 1
Pkt 195 750 0.26 1
Node 70 65 25
Pkt 52 200 0.26 1
Pkt 39 150 0.26 1
Node 28 29 30.4138
Pkt 98 375 0.261333 1
Pkt 125 480 0.260417 1
Rate:520.271
==========
==========74
8 0 2 24000
Node 67 34 23.3452
Pkt 33 125 0.264 1
Pkt 39 150 0.26 1
Node 32 51 18.0278
Pkt 84 320 0.2625 1
Pkt 84 320 0.2625 1
Node 59 55 10.2956
Pkt 208 800 0.26 1
Pkt 195 750 0.26 1
Node 67 44 18.0278
Pkt 32 120 0.266667 1
Pkt 52 200 0.26 1
Node 36 27 26.9258
Pkt 125 480 0.260417 1
Pkt 98 375 0.261333 1
Node 74 49 24.0208
Pkt 195 750 0.26 1
Pkt 208 800 0.26 1
Node 30 29 29
Pkt 42 160 0.2625 1
Pkt 42 160 0.2625 1
Node 38 25 27.7308
Pkt 84 320 0.2625 1
Pkt 84 320 0.2625 1
Rate:523.427
==========
==========75
8 0 2 24000
Node 36 60 17.2047
Pkt 32 120 0.266667 1
Pkt 39 150 0.26 1
Node 65 59 17.4929
Pkt 98 375 0.261333 1
Pkt 125 480 0.260417 1
Node 40 68 20.5913
Pkt 208 800 0.26 1
Pkt 208 800 0.26 1
Node 27 51 23.0217
Pkt 50 192 0.260417 1
Pkt 52 200 0.26 1
Node 60 50 10
Pkt 104 400 0.26 1
Pkt 104 400 0.26 1
Node 32 39 21.095
Pkt 195 750 0.26 1
Pkt 195 750 0.26 1
Node 34 63 20.6155
Pkt 42 160 0.2625 1
Pkt 39 150 0.26 1
Node 66 63 20.6155
Pkt 78 300 0.26 1
Pkt 98 375 0.261333 1
Rate:521.583
==========
==========76
8 0 2 24000
Node 37 42 15.2643
Pkt 63 240 0.2625 1
Pkt 65 250 0.26 1
Node 71 55 21.587
Pkt 84 320 0.2625 1
Pkt 78 300 0.26 1
Node 38 53 12.3693
Pkt 195 750 0.26 1
Pkt 195 750 0.26 1
Node 70 71 29
Pkt 63 240 0.2625 1
Pkt 39 150 0.26 1
Node 33 50 17
Pkt 104 400 0.26 1
Pkt 98 375 0.261333 1
Node 58 60 12.8062
Pkt 195 750 0.26 1
Pkt 208 800 0.26 1
Node 53 41 9.48683
Pkt 65 250 0.26 1
Pkt 39 150 0.26 1
Node 53 28 22.2036
Pkt 98 375 0.261333 1
Pkt 98 375 0.261333 1
Rate:521.438
==========
==========77
8 0 2 24000
Node 58 45 9.43398
Pkt 33 125 0.264 1
Pkt 32 120 0.266667 1
Node 32 30 26.9072
Pkt 84 320 0.2625 1
Pkt 84 320 0.2625 1
Node 59 44 10.8167
Pkt 195 750 0.26 1
Pkt 195 750 0.26 1
Node 44 39 12.53
Pkt 39 150 0.26 1
Pkt 26 100 0.26 1
Node 48 64 14.1421
Pkt 98 375 0.261333 1
Pkt 125 480 0.260417 1
Node 43 69 20.2485
Pkt 195 750 0.26 1
Pkt 195 750 0.26 1
Node 27 31 29.8329
Pkt 63 240 0.2625 1
Pkt 63 240 0.2625 1
Node 53 38 12.3693
Pkt 78 300 0.26 1
Pkt 98 375 0.261333 1
Rate:522.969
==========
==========78
8 0 2 24000
Node 35 64 20.5183
Pkt 33 125 0.264 1
Pkt 32 120 0.266667 1
Node 29 40 23.2594
Pkt 98 375 0.261333 1
Pkt 78 300 0.26 1
Node 68 31 26.1725
Pkt 208 800 0.26 1
Pkt 195 750 0.26 1
Node 74 47 24.1868
Pkt 50 192 0.260417 1
Pkt 32 120 0.266667 1
Node 38 49 12.0416
Pkt 78 300 0.26 1
Pkt 98 375 0.261333 1
Node 67 52 17.1172
Pkt 195 750 0.26 1
Pkt 208 800 0.26 1
Node 47 58 8.544
Pkt 26 100 0.26 1
Pkt 50 192 0.260417 1
Node 74 34 28.8444
Pkt 84 320 0.2625 1
Pkt 84 320 0.2625 1
Rate:523.229
==========
==========79
8 0 2 24000
Node 46 52 4.47214
Pkt 33 125 0.264 1
Pkt 50 192 0.260417 1
Node 51 46 4.12311
Pkt 78 300 0.26 1
Pkt 125 480 0.260417 1
Node 31 35 24.2074
Pkt 195 750 0.26 1
Pkt 195 750 0.26 1
Node 72 56 22.8035
Pkt 33 125 0.264 1
Pkt 26 100 0.26 1
Node 67 48 17.1172
Pkt 78 300 0.26 1
Pkt 98 375 0.261333 1
Node 40 56 11.6619
Pkt 208 800 0.26 1
Pkt 195 750 0.26 1
Node 71 47 21.2132
Pkt 33 125 0.264 1
Pkt 65 250 0.26 1
Node 34 61 19.4165
Pkt 104 400 0.26 1
Pkt 78 300 0.26 1
Rate:521.771
==========
==========80
8 0 2 24000
Node 62 70 23.3238
Pkt 50 192 0.260417 1
Pkt 33 125 0.264 1
Node 64 41 16.6433
Pkt 84 320 0.2625 1
Pkt 104 400 0.26 1
Node 47 44 6.7082
Pkt 195 750 0.26 1
Pkt 195 750 0.26 1
Node 65 50 15
Pkt 42 160 0.2625 1
Pkt 33 125 0.264 1
Node 48 52 2.82843
Pkt 84 320 0.2625 1
Pkt 78 300 0.26 1
Node 47 34 16.2788
Pkt 208 800 0.26 1
Pkt 195 750 0.26 1
Node 64 68 22.8035
Pkt 63 240 0.2625 1
Pkt 65 250 0.26 1
Node 31 72 29.0689
Pkt 78 300 0.26 1
Pkt 104 400 0.26 1
Rate:522.302
==========
==========81
8 0 2 24000
Node 64 56 15.2315
Pkt 26 100 0.26 1
Pkt 32 120 0.266667 1
Node 69 67 25.4951
Pkt 84 320 0.2625 1
Pkt 98 375 0.261333 1
Node 53 58 8.544
Pkt 195 750 0.26 1
Pkt 208 800 0.26 1
Node 33 31 25.4951
Pkt 39 150 0.26 1
Pkt 42 160 0.2625 1
Node 60 39 14.8661
Pkt 104 400 0.26 1
Pkt 98 375 0.261333 1
Node 67 37 21.4009
Pkt 208 800 0.26 1
Pkt 208 800 0.26 1
Node 30 55 20.6155
Pkt 63 240 0.2625 1
Pkt 42 160 0.2625 1
Node 51 31 19.0263
Pkt 104 400 0.26 1
Pkt 98 375 0.261333 1
Rate:522.583
==========
==========82
8 0 2 24000
Node 60 54 10.7703
Pkt 33 125 0.264 1
Pkt 50 192 0.260417 1
Node 40 44 11.6619
Pkt 84 320 0.2625 1
Pkt 78 300 0.26 1
Node 67 55 17.72
Pkt 208 800 0.26 1
Pkt 208 800 0.26 1
Node 47 29 21.2132
Pkt 39 150 0.26 1
Pkt 26 100 0.26 1
Node 42 50 8
Pkt 78 300 0.26 1
Pkt 104 400 0.26 1
Node 43 40 12.2066
Pkt 195 750 0.26 1
Pkt 208 800 0.26 1
Node 43 60 12.2066
Pkt 50 192 0.260417 1
Pkt 50 192 0.260417 1
Node 48 42 8.24621
Pkt 125 480 0.260417 1
Pkt 125 480 0.260417 1
Rate:521.073
==========
==========83
8 0 2 24000
Node 40 42 12.8062
Pkt 32 120 0.266667 1
Pkt 39 150 0.26 1
Node 50 30 20
Pkt 104 400 0.26 1
Pkt 78 300 0.26 1
Node 30 39 22.8254
Pkt 208 800 0.26 1
Pkt 195 750 0.26 1
Node 65 35 21.2132
Pkt 65 250 0.26 1
Pkt 39 150 0.26 1
Node 47 54 5
Pkt 104 400 0.26 1
Pkt 84 320 0.2625 1
Node 63 25 28.178
Pkt 195 750 0.26 1
Pkt 208 800 0.26 1
Node 33 66 23.3452
Pkt 63 240 0.2625 1
Pkt 65 250 0.26 1
Node 30 35 25
Pkt 78 300 0.26 1
Pkt 84 320 0.2625 1
Rate:521.771
==========
==========84
8 0 2 24000
Node 56 41 10.8167
Pkt 26 100 0.26 1
Pkt 63 240 0.2625 1
Node 29 51 21.0238
Pkt 78 300 0.26 1
Pkt 104 400 0.26 1
Node 38 59 15
Pkt 208 800 0.26 1
Pkt 195 750 0.26 1
Node 43 53 7.61577
Pkt 39 150 0.26 1
Pkt 39 150 0.26 1
Node 58 68 19.6977
Pkt 78 300 0.26 1
Pkt 125 480 0.260417 1
Node 73 38 25.9422
Pkt 208 800 0.26 1
Pkt 208 800 0.26 1
Node 31 27 29.8329
Pkt 42 160 0.2625 1
Pkt 65 250 0.26 1
Node 27 51 23.0217
Pkt 78 300 0.26 1
Pkt 125 480 0.260417 1
Rate:520.729
==========
==========85
8 0 2 24000
Node 70 72 29.7321
Pkt 42 160 0.2625 1
Pkt 50 192 0.260417 1
Node 73 46 23.3452
Pkt 125 480 0.260417 1
Pkt 78 300 0.26 1
Node 41 59 12.7279
Pkt 208 800 0.26 1
Pkt 208 800 0.26 1
Node 36 56 15.2315
Pkt 32 120 0.266667 1
Pkt 39 150 0.26 1
Node 58 54 8.94427
Pkt 84 320 0.2625 1
Pkt 84 320 0.2625 1
Node 65 48 15.1327
Pkt 195 750 0.26 1
Pkt 195 750 0.26 1
Node 43 72 23.0868
Pkt 52 200 0.26 1
Pkt 52 200 0.26 1
Node 54 36 14.5602
Pkt 125 480 0.260417 1
Pkt 84 320 0.2625 1
Rate:522.24
==========
==========86
8 0 2 24000
Node 55 51 5.09902
Pkt 63 240 0.2625 1
Pkt 39 150 0.26 1
Node 64 26 27.7849
Pkt 98 375 0.261333 1
Pkt 98 375 0.261333 1
Node 53 25 25.1794
Pkt 195 750 0.26 1
Pkt 195 750 0.26 1
Node 25 44 25.7099
Pkt 52 200 0.26 1
Pkt 32 120 0.266667 1
Node 47 54 5
Pkt 84 320 0.2625 1
Pkt 104 400 0.26 1
Node 56 73 23.7697
Pkt 195 750 0.26 1
Pkt 195 750 0.26 1
Node 43 32 19.3132
Pkt 33 125 0.264 1
Pkt 42 160 0.2625 1
Node 65 50 15
Pkt 84 320 0.2625 1
Pkt 98 375 0.261333 1
Rate:523.083
==========
==========87
8 0 2 24000
Node 66 45 16.7631
Pkt 26 100 0.26 1
Pkt 65 250 0.26 1
Node 57 37 14.7648
Pkt 98 375 0.261333 1
Pkt 125 480 0.260417 1
Node 66 60 18.868
Pkt 195 750 0.26 1
Pkt 208 800 0.26 1
Node 72 30 29.7321
Pkt 32 120 0.266667 1
Pkt 63 240 0.2625 1
Node 41 39 14.2127
Pkt 125 480 0.260417 1
Pkt 98 375 0.261333 1
Node 47 69 19.2354
Pkt 208 800 0.26 1
Pkt 208 800 0.26 1
Node 55 73 23.5372
Pkt 42 160 0.2625 1
Pkt 39 150 0.26 1
Node 52 74 24.0832
Pkt 78 300 0.26 1
Pkt 78 300 0.26 1
Rate:521.896
==========
==========88
8 0 2 24000
Node 64 52 14.1421
Pkt 52 200 0.26 1
Pkt 39 150 0.26 1
Node 68 32 25.4558
Pkt 84 320 0.2625 1
Pkt 78 300 0.26 1
Node 41 26 25.632
Pkt 195 750 0.26 1
Pkt 195 750 0.26 1
Node 74 49 24.0208
Pkt 65 250 0.26 1
Pkt 50 192 0.260417 1
Node 45 61 12.083
Pkt 104 400 0.26 1
Pkt 98 375 0.261333 1
Node 32 25 30.8058
Pkt 195 750 0.26 1
Pkt 195 750 0.26 1
Node 40 70 22.3607
Pkt 26 100 0.26 1
Pkt 63 240 0.2625 1
Node 61 30 22.8254
Pkt 125 480 0.260417 1
Pkt 78 300 0.26 1
Rate:520.896
==========
==========89
8 0 2 24000
Node 61 27 25.4951
Pkt 52 200 0.26 1
Pkt 65 250 0.26 1
Node 69 54 19.4165
Pkt 125 480 0.260417 1
Pkt 84 320 0.2625 1
Node 61 54 11.7047
Pkt 195 750 0.26 1
Pkt 208 800 0.26 1
Node 52 41 9.21954
Pkt 33 125 0.264 1
Pkt 63 240 0.2625 1
Node 64 27 26.9258
Pkt 98 375 0.261333 1
Pkt 78 300 0.26 1
Node 37 57 14.7648
Pkt 195 750 0.26 1
Pkt 208 800 0.26 1
Node 44 69 19.9249
Pkt 52 200 0.26 1
Pkt 63 240 0.2625 1
Node 40 25 26.9258
Pkt 125 480 0.260417 1
Pkt 78 300 0.26 1
Rate:521.708
==========
==========90
8 0 2 24000
Node 51 61 11.0454
Pkt 26 100 0.26 1
Pkt 63 240 0.2625 1
Node 30 68 26.9072
Pkt 84 320 0.2625 1
Pkt 104 400 0.26 1
Node 48 53 3.60555
Pkt 208 800 0.26 1
Pkt 195 750 0.26 1
Node 33 70 26.2488
Pkt 52 200 0.26 1
Pkt 39 150 0.26 1
Node 34 34 22.6274
Pkt 98 375 0.261333 1
Pkt 104 400 0.26 1
Node 74 58 25.2982
Pkt 195 750 0.26 1
Pkt 208 800 0.26 1
Node 33 70 26.2488
Pkt 50 192 0.260417 1
Pkt 52 200 0.26 1
Node 37 46 13.6015
Pkt 98 375 0.261333 1
Pkt 98 375 0.261333 1
Rate:521.177
==========
==========91
8 0 2 24000
Node 68 63 22.2036
Pkt 42 160 0.2625 1
Pkt 33 125 0.264 1
Node 35 69 24.2074
Pkt 104 400 0.26 1
Pkt 104 400 0.26 1
Node 34 55 16.7631
Pkt 208 800 0.26 1
Pkt 195 750 0.26 1
Node 73 49 23.0217
Pkt 39 150 0.26 1
Pkt 39 150 0.26 1
Node 46 54 5.65685
Pkt 104 400 0.26 1
Pkt 98 375 0.261333 1
Node 25 57 25.9615
Pkt 195 750 0.26 1
Pkt 208 800 0.26 1
Node 46 63 13.6015
Pkt 52 200 0.26 1
Pkt 33 125 0.264 1
Node 45 51 5.09902
Pkt 104 400 0.26 1
Pkt 125 480 0.260417 1
Rate:521.531
==========
==========92
8 0 2 24000
Node 53 50 3
Pkt 42 160 0.2625 1
Pkt 39 150 0.26 1
Node 57 42 10.6301
Pkt 84 320 0.2625 1
Pkt 98 375 0.261333 1
Node 37 34 20.6155
Pkt 195 750 0.26 1
Pkt 208 800 0.26 1
Node 33 35 22.6716
Pkt 33 125 0.264 1
Pkt 32 120 0.266667 1
Node 38 30 23.3238
Pkt 78 300 0.26 1
Pkt 104 400 0.26 1
Node 42 51 8.06226
Pkt 208 800 0.26 1
Pkt 195 750 0.26 1
Node 64 30 24.4131
Pkt 63 240 0.2625 1
Pkt 42 160 0.2625 1
Node 32 47 18.2483
Pkt 125 480 0.260417 1
Pkt 125 480 0.260417 1
Rate:522.854
==========
==========93
8 0 2 24000
Node 72 65 26.6271
Pkt 32 120 0.266667 1
Pkt 63 240 0.2625 1
Node 40 40 14.1421
Pkt 125 480 0.260417 1
Pkt 104 400 0.26 1
Node 31 31 26.8701
Pkt 208 800 0.26 1
Pkt 208 800 0.26 1
Node 52 26 24.0832
Pkt 33 125 0.264 1
Pkt 63 240 0.2625 1
Node 40 60 14.1421
Pkt 78 300 0.26 1
Pkt 78 300 0.26 1
Node 27 57 24.0416
Pkt 208 800 0.26 1
Pkt 195 750 0.26 1
Node 68 45 18.6815
Pkt 32 120 0.266667 1
Pkt 52 200 0.26 1
Node 50 42 8
Pkt 104 400 0.26 1
Pkt 125 480 0.260417 1
Rate:522.896
==========
==========94
8 0 2 24000
Node 66 71 26.4008
Pkt 65 250 0.26 1
Pkt 65 250 0.26 1
Node 46 62 12.6491
Pkt 98 375 0.261333 1
Pkt 78 300 0.26 1
Node 50 35 15
Pkt 195 750 0.26 1
Pkt 208 800 0.26 1
Node 58 53 8.544
Pkt 63 240 0.2625 1
Pkt 63 240 0.2625 1
Node 52 34 16.1245
Pkt 84 320 0.2625 1
Pkt 125 480 0.260417 1
Node 67 47 17.2627
Pkt 208 800 0.26 1
Pkt 195 750 0.26 1
Node 74 62 26.8328
Pkt 65 250 0.26 1
Pkt 63 240 0.2625 1
Node 29 66 26.4008
Pkt 104 400 0.26 1
Pkt 78 300 0.26 1
Rate:521.469
==========
==========95
8 0 2 24000
Node 25 33 30.2324
Pkt 33 125 0.264 1
Pkt 26 100 0.26 1
Node 46 60 10.7703
Pkt 78 300 0.26 1
Pkt 104 400 0.26 1
Node 46 48 4.47214
Pkt 208 800 0.26 1
Pkt 208 800 0.26 1
Node 31 57 20.2485
Pkt 42 160 0.2625 1
Pkt 42 160 0.2625 1
Node 70 74 31.241
Pkt 98 375 0.261333 1
Pkt 125 480 0.260417 1
Node 60 26 26
Pkt 195 750 0.26 1
Pkt 195 750 0.26 1
Node 35 63 19.8494
Pkt 63 240 0.2625 1
Pkt 32 120 0.266667 1
Node 64 55 14.8661
Pkt 98 375 0.261333 1
Pkt 78 300 0.26 1
Rate:522.656
==========
==========96
8 0 2 24000
Node 44 48 6.32456
Pkt 26 100 0.26 1
Pkt 63 240 0.2625 1
Node 36 44 15.2315
Pkt 104 400 0.26 1
Pkt 125 480 0.260417 1
Node 43 49 7.07107
Pkt 195 750 0.26 1
Pkt 208 800 0.26 1
Node 39 52 11.1803
Pkt 32 120 0.266667 1
Pkt 63 240 0.2625 1
Node 66 63 20.6155
Pkt 84 320 0.2625 1
Pkt 104 400 0.26 1
Node 58 29 22.4722
Pkt 195 750 0.26 1
Pkt 208 800 0.26 1
Node 51 28 22.0227
Pkt 63 240 0.2625 1
Pkt 32 120 0.266667 1
Node 72 45 22.561
Pkt 125 480 0.260417 1
Pkt 84 320 0.2625 1
Rate:523.333
==========
==========97
8 0 2 24000
Node 55 62 13
Pkt 50 192 0.260417 1
Pkt 50 192 0.260417 1
Node 73 62 25.9422
Pkt 104 400 0.26 1
Pkt 98 375 0.261333 1
Node 62 68 21.6333
Pkt 195 750 0.26 1
Pkt 208 800 0.26 1
Node 63 35 19.8494
Pkt 39 150 0.26 1
Pkt 50 192 0.260417 1
Node 74 46 24.3311
Pkt 84 320 0.2625 1
Pkt 98 375 0.261333 1
Node 42 47 8.544
Pkt 208 800 0.26 1
Pkt 208 800 0.26 1
Node 30 28 29.7321
Pkt 52 200 0.26 1
Pkt 63 240 0.2625 1
Node 39 67 20.2485
Pkt 78 300 0.26 1
Pkt 125 480 0.260417 1
Rate:521.167
==========
==========98
8 0 2 24000
Node 49 58 8.06226
Pkt 65 250 0.26 1
Pkt 42 160 0.2625 1
Node 61 33 20.2485
Pkt 104 400 0.26 1
Pkt 98 375 0.261333 1
Node 51 74 24.0208
Pkt 208 800 0.26 1
Pkt 195 750 0.26 1
Node 70 32 26.9072
Pkt 63 240 0.2625 1
Pkt 65 250 0.26 1
Node 71 65 25.807
Pkt 84 320 0.2625 1
Pkt 98 375 0.261333 1
Node 58 25 26.2488
Pkt 195 750 0.26 1
Pkt 208 800 0.26 1
Node 39 58 13.6015
Pkt 65 250 0.26 1
Pkt 63 240 0.2625 1
Node 39 58 13.6015
Pkt 104 400 0.26 1
Pkt 125 480 0.260417 1
Rate:521.635
==========
==========99
