8 0 2 24000
Node 45 53 5.83095
Pkt 44 100 0.44 1
Pkt 106 240 0.441667 1
Node 68 56 18.9737
Pkt 176 400 0.44 1
Pkt 212 480 0.441667 1
Node 37 69 23.0217
Pkt 352 800 0.44 1
Pkt 330 750 0.44 1
Node 57 29 22.1359
Pkt 71 160 0.44375 1
Pkt 66 150 0.44 1
Node 25 72 33.3017
Pkt 132 300 0.44 1
Pkt 132 300 0.44 1
Node 69 49 19.0263
Pkt 330 750 0.44 1
Pkt 352 800 0.44 1
Node 28 54 22.3607
Pkt 85 192 0.442708 1
Pkt 110 250 0.44 1
Node 45 27 23.5372
Pkt 165 375 0.44 1
Pkt 176 400 0.44 1
Rate:881.224
==========
==========0
8 0 2 24000
Node 41 37 15.8114
Pkt 88 200 0.44 1
Pkt 106 240 0.441667 1
Node 26 57 25
Pkt 212 480 0.441667 1
Pkt 176 400 0.44 1
Node 69 53 19.2354
Pkt 330 750 0.44 1
Pkt 352 800 0.44 1
Node 46 53 5
Pkt 53 120 0.441667 1
Pkt 44 100 0.44 1
Node 51 45 5.09902
Pkt 165 375 0.44 1
Pkt 176 400 0.44 1
Node 52 47 3.60555
Pkt 330 750 0.44 1
Pkt 352 800 0.44 1
Node 45 47 5.83095
Pkt 53 120 0.441667 1
Pkt 110 250 0.44 1
Node 37 60 16.4012
Pkt 165 375 0.44 1
Pkt 141 320 0.440625 1
Rate:880.911
==========
==========1
8 0 2 24000
Node 69 29 28.3196
Pkt 44 100 0.44 1
Pkt 55 125 0.44 1
Node 42 39 13.6015
Pkt 132 300 0.44 1
Pkt 132 300 0.44 1
Node 72 48 22.0907
Pkt 352 800 0.44 1
Pkt 330 750 0.44 1
Node 54 37 13.6015
Pkt 85 192 0.442708 1
Pkt 53 120 0.441667 1
Node 49 53 3.16228
Pkt 176 400 0.44 1
Pkt 165 375 0.44 1
Node 74 67 29.4109
Pkt 352 800 0.44 1
Pkt 352 800 0.44 1
Node 46 50 4
Pkt 110 250 0.44 1
Pkt 85 192 0.442708 1
Node 72 74 32.5576
Pkt 132 300 0.44 1
Pkt 176 400 0.44 1
Rate:880.885
==========
==========2
8 0 2 24000
Node 28 38 25.0599
Pkt 106 240 0.441667 1
Pkt 106 240 0.441667 1
Node 37 49 13.0384
Pkt 212 480 0.441667 1
Pkt 212 480 0.441667 1
Node 32 39 21.095
Pkt 352 800 0.44 1
Pkt 352 800 0.44 1
Node 66 29 26.4008
Pkt 53 120 0.441667 1
Pkt 88 200 0.44 1
Node 63 73 26.4197
Pkt 132 300 0.44 1
Pkt 141 320 0.440625 1
Node 51 69 19.0263
Pkt 352 800 0.44 1
Pkt 352 800 0.44 1
Node 37 74 27.2947
Pkt 88 200 0.44 1
Pkt 85 192 0.442708 1
Node 67 58 18.7883
Pkt 165 375 0.44 1
Pkt 141 320 0.440625 1
Rate:881.536
==========
==========3
8 0 2 24000
Node 50 46 4
Pkt 66 150 0.44 1
Pkt 55 125 0.44 1
Node 38 25 27.7308
Pkt 141 320 0.440625 1
Pkt 212 480 0.441667 1
Node 59 32 20.1246
Pkt 352 800 0.44 1
Pkt 352 800 0.44 1
Node 53 26 24.1868
Pkt 106 240 0.441667 1
Pkt 85 192 0.442708 1
Node 74 44 24.7386
Pkt 165 375 0.44 1
Pkt 212 480 0.441667 1
Node 52 31 19.105
Pkt 330 750 0.44 1
Pkt 330 750 0.44 1
Node 69 30 27.5862
Pkt 85 192 0.442708 1
Pkt 88 200 0.44 1
Node 69 31 26.8701
Pkt 132 300 0.44 1
Pkt 141 320 0.440625 1
Rate:881.458
==========
==========4
8 0 2 24000
Node 74 52 24.0832
Pkt 44 100 0.44 1
Pkt 55 125 0.44 1
Node 34 25 29.6816
Pkt 176 400 0.44 1
Pkt 212 480 0.441667 1
Node 42 44 10
Pkt 330 750 0.44 1
Pkt 330 750 0.44 1
Node 52 26 24.0832
Pkt 106 240 0.441667 1
Pkt 85 192 0.442708 1
Node 54 39 11.7047
Pkt 141 320 0.440625 1
Pkt 141 320 0.440625 1
Node 62 58 14.4222
Pkt 352 800 0.44 1
Pkt 352 800 0.44 1
Node 33 60 19.7231
Pkt 88 200 0.44 1
Pkt 88 200 0.44 1
Node 49 46 4.12311
Pkt 132 300 0.44 1
Pkt 212 480 0.441667 1
Rate:881.12
==========
==========5
8 0 2 24000
Node 63 49 13.0384
Pkt 53 120 0.441667 1
Pkt 88 200 0.44 1
Node 55 39 12.083
Pkt 212 480 0.441667 1
Pkt 165 375 0.44 1
Node 62 42 14.4222
Pkt 330 750 0.44 1
Pkt 330 750 0.44 1
Node 30 48 20.0998
Pkt 44 100 0.44 1
Pkt 110 250 0.44 1
Node 48 66 16.1245
Pkt 212 480 0.441667 1
Pkt 165 375 0.44 1
Node 66 41 18.3576
Pkt 352 800 0.44 1
Pkt 352 800 0.44 1
Node 39 54 11.7047
Pkt 106 240 0.441667 1
Pkt 110 250 0.44 1
Node 60 50 10
Pkt 141 320 0.440625 1
Pkt 141 320 0.440625 1
Rate:880.99
==========
==========6
8 0 2 24000
Node 47 43 7.61577
Pkt 110 250 0.44 1
Pkt 71 160 0.44375 1
Node 73 46 23.3452
Pkt 176 400 0.44 1
Pkt 165 375 0.44 1
Node 69 54 19.4165
Pkt 352 800 0.44 1
Pkt 352 800 0.44 1
Node 57 47 7.61577
Pkt 53 120 0.441667 1
Pkt 55 125 0.44 1
Node 26 45 24.5153
Pkt 132 300 0.44 1
Pkt 141 320 0.440625 1
Node 62 63 17.6918
Pkt 352 800 0.44 1
Pkt 352 800 0.44 1
Node 73 50 23
Pkt 106 240 0.441667 1
Pkt 44 100 0.44 1
Node 65 64 20.5183
Pkt 176 400 0.44 1
Pkt 212 480 0.441667 1
Rate:881.172
==========
==========7
8 0 2 24000
Node 46 26 24.3311
Pkt 66 150 0.44 1
Pkt 53 120 0.441667 1
Node 70 63 23.8537
Pkt 176 400 0.44 1
Pkt 212 480 0.441667 1
Node 55 47 5.83095
Pkt 352 800 0.44 1
Pkt 330 750 0.44 1
Node 69 73 29.8329
Pkt 71 160 0.44375 1
Pkt 88 200 0.44 1
Node 69 32 26.1725
Pkt 141 320 0.440625 1
Pkt 165 375 0.44 1
Node 53 33 17.2627
Pkt 352 800 0.44 1
Pkt 330 750 0.44 1
Node 49 47 3.16228
Pkt 85 192 0.442708 1
Pkt 106 240 0.441667 1
Node 34 44 17.088
Pkt 141 320 0.440625 1
Pkt 212 480 0.441667 1
Rate:881.797
==========
==========8
8 0 2 24000
Node 42 44 10
Pkt 44 100 0.44 1
Pkt 106 240 0.441667 1
Node 29 32 27.6586
Pkt 141 320 0.440625 1
Pkt 132 300 0.44 1
Node 70 62 23.3238
Pkt 352 800 0.44 1
Pkt 330 750 0.44 1
Node 41 35 17.4929
Pkt 106 240 0.441667 1
Pkt 106 240 0.441667 1
Node 58 49 8.06226
Pkt 212 480 0.441667 1
Pkt 165 375 0.44 1
Node 49 55 5.09902
Pkt 352 800 0.44 1
Pkt 330 750 0.44 1
Node 42 28 23.4094
Pkt 66 150 0.44 1
Pkt 110 250 0.44 1
Node 38 46 12.6491
Pkt 165 375 0.44 1
Pkt 176 400 0.44 1
Rate:880.911
==========
==========9
8 0 2 24000
Node 50 46 4
Pkt 110 250 0.44 1
Pkt 88 200 0.44 1
Node 52 34 16.1245
Pkt 212 480 0.441667 1
Pkt 212 480 0.441667 1
Node 47 32 18.2483
Pkt 330 750 0.44 1
Pkt 330 750 0.44 1
Node 64 36 19.799
Pkt 66 150 0.44 1
Pkt 71 160 0.44375 1
Node 51 58 8.06226
Pkt 165 375 0.44 1
Pkt 141 320 0.440625 1
Node 27 43 24.0416
Pkt 352 800 0.44 1
Pkt 330 750 0.44 1
Node 66 54 16.4924
Pkt 55 125 0.44 1
Pkt 71 160 0.44375 1
Node 55 29 21.587
Pkt 132 300 0.44 1
Pkt 212 480 0.441667 1
Rate:881.641
==========
==========10
8 0 2 24000
Node 56 71 21.8403
Pkt 85 192 0.442708 1
Pkt 44 100 0.44 1
Node 34 70 25.6125
Pkt 212 480 0.441667 1
Pkt 176 400 0.44 1
Node 70 50 20
Pkt 352 800 0.44 1
Pkt 330 750 0.44 1
Node 47 63 13.3417
Pkt 53 120 0.441667 1
Pkt 53 120 0.441667 1
Node 48 45 5.38516
Pkt 132 300 0.44 1
Pkt 165 375 0.44 1
Node 69 59 21.0238
Pkt 352 800 0.44 1
Pkt 330 750 0.44 1
Node 37 44 14.3178
Pkt 53 120 0.441667 1
Pkt 55 125 0.44 1
Node 57 57 9.89949
Pkt 176 400 0.44 1
Pkt 141 320 0.440625 1
Rate:881.25
==========
==========11
8 0 2 24000
Node 26 28 32.5576
Pkt 71 160 0.44375 1
Pkt 106 240 0.441667 1
Node 47 27 23.1948
Pkt 165 375 0.44 1
Pkt 165 375 0.44 1
Node 41 40 13.4536
Pkt 352 800 0.44 1
Pkt 352 800 0.44 1
Node 56 37 14.3178
Pkt 66 150 0.44 1
Pkt 85 192 0.442708 1
Node 68 73 29.2062
Pkt 165 375 0.44 1
Pkt 176 400 0.44 1
Node 45 37 13.9284
Pkt 330 750 0.44 1
Pkt 352 800 0.44 1
Node 53 40 10.4403
Pkt 106 240 0.441667 1
Pkt 53 120 0.441667 1
Node 48 72 22.0907
Pkt 176 400 0.44 1
Pkt 212 480 0.441667 1
Rate:881.641
==========
==========12
8 0 2 24000
Node 29 67 27.0185
Pkt 44 100 0.44 1
Pkt 44 100 0.44 1
Node 33 66 23.3452
Pkt 165 375 0.44 1
Pkt 212 480 0.441667 1
Node 57 52 7.28011
Pkt 352 800 0.44 1
Pkt 330 750 0.44 1
Node 35 51 15.0333
Pkt 106 240 0.441667 1
Pkt 66 150 0.44 1
Node 30 29 29
Pkt 141 320 0.440625 1
Pkt 141 320 0.440625 1
Node 44 50 6
Pkt 352 800 0.44 1
Pkt 352 800 0.44 1
Node 56 36 15.2315
Pkt 88 200 0.44 1
Pkt 85 192 0.442708 1
Node 50 30 20
Pkt 212 480 0.441667 1
Pkt 132 300 0.44 1
Rate:881.12
==========
==========13
8 0 2 24000
Node 65 74 28.3019
Pkt 55 125 0.44 1
Pkt 106 240 0.441667 1
Node 36 57 15.6525
Pkt 176 400 0.44 1
Pkt 212 480 0.441667 1
Node 44 71 21.8403
Pkt 352 800 0.44 1
Pkt 330 750 0.44 1
Node 59 38 15
Pkt 55 125 0.44 1
Pkt 88 200 0.44 1
Node 63 47 13.3417
Pkt 141 320 0.440625 1
Pkt 165 375 0.44 1
Node 44 69 19.9249
Pkt 330 750 0.44 1
Pkt 352 800 0.44 1
Node 74 60 26
Pkt 106 240 0.441667 1
Pkt 55 125 0.44 1
Node 56 61 12.53
Pkt 176 400 0.44 1
Pkt 132 300 0.44 1
Rate:880.703
==========
==========14
8 0 2 24000
Node 44 66 17.088
Pkt 71 160 0.44375 1
Pkt 106 240 0.441667 1
Node 47 45 5.83095
Pkt 176 400 0.44 1
Pkt 212 480 0.441667 1
Node 44 36 15.2315
Pkt 330 750 0.44 1
Pkt 352 800 0.44 1
Node 61 66 19.4165
Pkt 85 192 0.442708 1
Pkt 110 250 0.44 1
Node 27 32 29.2062
Pkt 132 300 0.44 1
Pkt 141 320 0.440625 1
Node 34 57 17.4642
Pkt 352 800 0.44 1
Pkt 330 750 0.44 1
Node 39 34 19.4165
Pkt 106 240 0.441667 1
Pkt 71 160 0.44375 1
Node 69 25 31.4006
Pkt 212 480 0.441667 1
Pkt 165 375 0.44 1
Rate:882.188
==========
==========15
8 0 2 24000
Node 25 37 28.178
Pkt 85 192 0.442708 1
Pkt 44 100 0.44 1
Node 40 72 24.1661
Pkt 212 480 0.441667 1
Pkt 141 320 0.440625 1
Node 55 48 5.38516
Pkt 352 800 0.44 1
Pkt 330 750 0.44 1
Node 44 34 17.088
Pkt 88 200 0.44 1
Pkt 55 125 0.44 1
Node 58 44 10
Pkt 132 300 0.44 1
Pkt 132 300 0.44 1
Node 68 37 22.2036
Pkt 352 800 0.44 1
Pkt 352 800 0.44 1
Node 34 48 16.1245
Pkt 85 192 0.442708 1
Pkt 88 200 0.44 1
Node 49 42 8.06226
Pkt 141 320 0.440625 1
Pkt 212 480 0.441667 1
Rate:881.25
==========
==========16
8 0 2 24000
Node 53 65 15.2971
Pkt 71 160 0.44375 1
Pkt 88 200 0.44 1
Node 53 45 5.83095
Pkt 212 480 0.441667 1
Pkt 165 375 0.44 1
Node 44 30 20.8806
Pkt 352 800 0.44 1
Pkt 352 800 0.44 1
Node 63 42 15.2643
Pkt 71 160 0.44375 1
Pkt 55 125 0.44 1
Node 73 34 28.0179
Pkt 132 300 0.44 1
Pkt 132 300 0.44 1
Node 70 42 21.5407
Pkt 330 750 0.44 1
Pkt 330 750 0.44 1
Node 62 71 24.1868
Pkt 88 200 0.44 1
Pkt 110 250 0.44 1
Node 39 57 13.0384
Pkt 212 480 0.441667 1
Pkt 212 480 0.441667 1
Rate:881.563
==========
==========17
8 0 2 24000
Node 25 52 25.0799
Pkt 66 150 0.44 1
Pkt 85 192 0.442708 1
Node 37 45 13.9284
Pkt 212 480 0.441667 1
Pkt 165 375 0.44 1
Node 45 35 15.8114
Pkt 352 800 0.44 1
Pkt 352 800 0.44 1
Node 62 31 22.4722
Pkt 106 240 0.441667 1
Pkt 110 250 0.44 1
Node 39 63 17.0294
Pkt 212 480 0.441667 1
Pkt 132 300 0.44 1
Node 56 69 19.9249
Pkt 330 750 0.44 1
Pkt 352 800 0.44 1
Node 70 67 26.2488
Pkt 85 192 0.442708 1
Pkt 88 200 0.44 1
Node 63 59 15.8114
Pkt 176 400 0.44 1
Pkt 141 320 0.440625 1
Rate:881.38
==========
==========18
8 0 2 24000
Node 53 70 20.2237
Pkt 55 125 0.44 1
Pkt 44 100 0.44 1
Node 62 71 24.1868
Pkt 141 320 0.440625 1
Pkt 141 320 0.440625 1
Node 61 39 15.5563
Pkt 352 800 0.44 1
Pkt 330 750 0.44 1
Node 40 68 20.5913
Pkt 44 100 0.44 1
Pkt 55 125 0.44 1
Node 37 38 17.6918
Pkt 141 320 0.440625 1
Pkt 176 400 0.44 1
Node 64 27 26.9258
Pkt 352 800 0.44 1
Pkt 352 800 0.44 1
Node 31 55 19.6469
Pkt 66 150 0.44 1
Pkt 110 250 0.44 1
Node 55 43 8.60233
Pkt 176 400 0.44 1
Pkt 212 480 0.441667 1
Rate:880.443
==========
==========19
8 0 2 24000
Node 73 44 23.7697
Pkt 44 100 0.44 1
Pkt 85 192 0.442708 1
Node 62 44 13.4164
Pkt 132 300 0.44 1
Pkt 165 375 0.44 1
Node 66 66 22.6274
Pkt 352 800 0.44 1
Pkt 330 750 0.44 1
Node 73 39 25.4951
Pkt 71 160 0.44375 1
Pkt 71 160 0.44375 1
Node 29 36 25.2389
Pkt 176 400 0.44 1
Pkt 165 375 0.44 1
Node 57 72 23.0868
Pkt 352 800 0.44 1
Pkt 330 750 0.44 1
Node 62 57 13.8924
Pkt 88 200 0.44 1
Pkt 88 200 0.44 1
Node 49 71 21.0238
Pkt 141 320 0.440625 1
Pkt 176 400 0.44 1
Rate:881.354
==========
==========20
8 0 2 24000
Node 33 53 17.2627
Pkt 66 150 0.44 1
Pkt 55 125 0.44 1
Node 74 62 26.8328
Pkt 132 300 0.44 1
Pkt 165 375 0.44 1
Node 62 35 19.2094
Pkt 352 800 0.44 1
Pkt 330 750 0.44 1
Node 27 61 25.4951
Pkt 88 200 0.44 1
Pkt 66 150 0.44 1
Node 64 53 14.3178
Pkt 176 400 0.44 1
Pkt 132 300 0.44 1
Node 53 39 11.4018
Pkt 330 750 0.44 1
Pkt 352 800 0.44 1
Node 67 54 17.4642
Pkt 71 160 0.44375 1
Pkt 55 125 0.44 1
Node 48 39 11.1803
Pkt 132 300 0.44 1
Pkt 212 480 0.441667 1
Rate:880.677
==========
==========21
8 0 2 24000
Node 26 70 31.241
Pkt 66 150 0.44 1
Pkt 110 250 0.44 1
Node 34 62 20
Pkt 176 400 0.44 1
Pkt 212 480 0.441667 1
Node 74 40 26
Pkt 352 800 0.44 1
Pkt 352 800 0.44 1
Node 58 41 12.0416
Pkt 85 192 0.442708 1
Pkt 110 250 0.44 1
Node 31 64 23.6008
Pkt 212 480 0.441667 1
Pkt 132 300 0.44 1
Node 71 52 21.095
Pkt 352 800 0.44 1
Pkt 330 750 0.44 1
Node 27 74 33.2415
Pkt 110 250 0.44 1
Pkt 110 250 0.44 1
Node 38 63 17.6918
Pkt 141 320 0.440625 1
Pkt 165 375 0.44 1
Rate:880.833
==========
==========22
8 0 2 24000
Node 49 64 14.0357
Pkt 110 250 0.44 1
Pkt 66 150 0.44 1
Node 46 59 9.84886
Pkt 212 480 0.441667 1
Pkt 132 300 0.44 1
Node 58 49 8.06226
Pkt 352 800 0.44 1
Pkt 352 800 0.44 1
Node 43 57 9.89949
Pkt 88 200 0.44 1
Pkt 71 160 0.44375 1
Node 62 64 18.4391
Pkt 141 320 0.440625 1
Pkt 132 300 0.44 1
Node 55 73 23.5372
Pkt 330 750 0.44 1
Pkt 330 750 0.44 1
Node 71 34 26.4008
Pkt 44 100 0.44 1
Pkt 88 200 0.44 1
Node 61 74 26.4008
Pkt 176 400 0.44 1
Pkt 132 300 0.44 1
Rate:880.755
==========
==========23
8 0 2 24000
Node 26 53 24.1868
Pkt 88 200 0.44 1
Pkt 55 125 0.44 1
Node 26 49 24.0208
Pkt 165 375 0.44 1
Pkt 132 300 0.44 1
Node 34 48 16.1245
Pkt 352 800 0.44 1
Pkt 352 800 0.44 1
Node 42 38 14.4222
Pkt 53 120 0.441667 1
Pkt 88 200 0.44 1
Node 57 27 24.0416
Pkt 176 400 0.44 1
Pkt 141 320 0.440625 1
Node 39 43 13.0384
Pkt 330 750 0.44 1
Pkt 352 800 0.44 1
Node 61 29 23.7065
Pkt 66 150 0.44 1
Pkt 44 100 0.44 1
Node 50 53 3
Pkt 176 400 0.44 1
Pkt 165 375 0.44 1
Rate:880.286
==========
==========24
8 0 2 24000
Node 49 32 18.0278
Pkt 85 192 0.442708 1
Pkt 55 125 0.44 1
Node 59 30 21.9317
Pkt 165 375 0.44 1
Pkt 212 480 0.441667 1
Node 35 51 15.0333
Pkt 352 800 0.44 1
Pkt 352 800 0.44 1
Node 29 29 29.6985
Pkt 106 240 0.441667 1
Pkt 66 150 0.44 1
Node 65 50 15
Pkt 176 400 0.44 1
Pkt 176 400 0.44 1
Node 74 64 27.7849
Pkt 352 800 0.44 1
Pkt 330 750 0.44 1
Node 60 64 17.2047
Pkt 53 120 0.441667 1
Pkt 66 150 0.44 1
Node 64 33 22.0227
Pkt 132 300 0.44 1
Pkt 176 400 0.44 1
Rate:880.964
==========
==========25
8 0 2 24000
Node 60 54 10.7703
Pkt 88 200 0.44 1
Pkt 53 120 0.441667 1
Node 29 56 21.8403
Pkt 212 480 0.441667 1
Pkt 141 320 0.440625 1
Node 56 43 9.21954
Pkt 352 800 0.44 1
Pkt 352 800 0.44 1
Node 34 44 17.088
Pkt 106 240 0.441667 1
Pkt 55 125 0.44 1
Node 50 53 3
Pkt 165 375 0.44 1
Pkt 132 300 0.44 1
Node 41 53 9.48683
Pkt 330 750 0.44 1
Pkt 330 750 0.44 1
Node 51 50 1
Pkt 71 160 0.44375 1
Pkt 66 150 0.44 1
Node 25 42 26.2488
Pkt 141 320 0.440625 1
Pkt 176 400 0.44 1
Rate:881.25
==========
==========26
8 0 2 24000
Node 36 58 16.1245
Pkt 110 250 0.44 1
Pkt 110 250 0.44 1
Node 54 56 7.2111
Pkt 165 375 0.44 1
Pkt 176 400 0.44 1
Node 61 67 20.2485
Pkt 352 800 0.44 1
Pkt 330 750 0.44 1
Node 68 55 18.6815
Pkt 71 160 0.44375 1
Pkt 88 200 0.44 1
Node 31 27 29.8329
Pkt 165 375 0.44 1
Pkt 165 375 0.44 1
Node 47 71 21.2132
Pkt 330 750 0.44 1
Pkt 352 800 0.44 1
Node 31 26 30.6105
Pkt 53 120 0.441667 1
Pkt 55 125 0.44 1
Node 26 74 33.9411
Pkt 176 400 0.44 1
Pkt 165 375 0.44 1
Rate:880.677
==========
==========27
8 0 2 24000
Node 31 37 23.0217
Pkt 66 150 0.44 1
Pkt 53 120 0.441667 1
Node 33 68 24.7588
Pkt 165 375 0.44 1
Pkt 212 480 0.441667 1
Node 61 43 13.0384
Pkt 330 750 0.44 1
Pkt 330 750 0.44 1
Node 57 39 13.0384
Pkt 55 125 0.44 1
Pkt 55 125 0.44 1
Node 58 66 17.8885
Pkt 165 375 0.44 1
Pkt 176 400 0.44 1
Node 52 45 5.38516
Pkt 352 800 0.44 1
Pkt 352 800 0.44 1
Node 52 69 19.105
Pkt 85 192 0.442708 1
Pkt 110 250 0.44 1
Node 35 44 16.1555
Pkt 141 320 0.440625 1
Pkt 176 400 0.44 1
Rate:880.833
==========
==========28
8 0 2 24000
Node 31 68 26.1725
Pkt 66 150 0.44 1
Pkt 53 120 0.441667 1
Node 68 45 18.6815
Pkt 212 480 0.441667 1
Pkt 132 300 0.44 1
Node 64 54 14.5602
Pkt 352 800 0.44 1
Pkt 352 800 0.44 1
Node 32 70 26.9072
Pkt 53 120 0.441667 1
Pkt 110 250 0.44 1
Node 39 25 27.313
Pkt 212 480 0.441667 1
Pkt 165 375 0.44 1
Node 54 54 5.65685
Pkt 352 800 0.44 1
Pkt 330 750 0.44 1
Node 36 55 14.8661
Pkt 55 125 0.44 1
Pkt 66 150 0.44 1
Node 38 30 23.3238
Pkt 165 375 0.44 1
Pkt 141 320 0.440625 1
Rate:880.911
==========
==========29
8 0 2 24000
Node 46 64 14.5602
Pkt 53 120 0.441667 1
Pkt 110 250 0.44 1
Node 33 63 21.4009
Pkt 141 320 0.440625 1
Pkt 176 400 0.44 1
Node 31 49 19.0263
Pkt 352 800 0.44 1
Pkt 352 800 0.44 1
Node 27 26 33.2415
Pkt 88 200 0.44 1
Pkt 55 125 0.44 1
Node 59 45 10.2956
Pkt 212 480 0.441667 1
Pkt 176 400 0.44 1
Node 64 70 24.4131
Pkt 330 750 0.44 1
Pkt 330 750 0.44 1
Node 58 33 18.7883
Pkt 110 250 0.44 1
Pkt 66 150 0.44 1
Node 40 50 10
Pkt 212 480 0.441667 1
Pkt 132 300 0.44 1
Rate:880.703
==========
==========30
8 0 2 24000
Node 70 66 25.6125
Pkt 88 200 0.44 1
Pkt 106 240 0.441667 1
Node 44 35 16.1555
Pkt 212 480 0.441667 1
Pkt 165 375 0.44 1
Node 40 32 20.5913
Pkt 352 800 0.44 1
Pkt 352 800 0.44 1
Node 70 45 20.6155
Pkt 106 240 0.441667 1
Pkt 55 125 0.44 1
Node 32 52 18.1108
Pkt 176 400 0.44 1
Pkt 141 320 0.440625 1
Node 45 48 5.38516
Pkt 352 800 0.44 1
Pkt 330 750 0.44 1
Node 36 39 17.8045
Pkt 44 100 0.44 1
Pkt 110 250 0.44 1
Node 65 60 18.0278
Pkt 165 375 0.44 1
Pkt 141 320 0.440625 1
Rate:880.781
==========
==========31
8 0 2 24000
Node 44 74 24.7386
Pkt 71 160 0.44375 1
Pkt 85 192 0.442708 1
Node 68 58 19.6977
Pkt 176 400 0.44 1
Pkt 165 375 0.44 1
Node 40 55 11.1803
Pkt 330 750 0.44 1
Pkt 330 750 0.44 1
Node 44 60 11.6619
Pkt 66 150 0.44 1
Pkt 66 150 0.44 1
Node 50 74 24
Pkt 165 375 0.44 1
Pkt 176 400 0.44 1
Node 53 44 6.7082
Pkt 352 800 0.44 1
Pkt 330 750 0.44 1
Node 31 57 20.2485
Pkt 53 120 0.441667 1
Pkt 85 192 0.442708 1
Node 73 52 23.0868
Pkt 132 300 0.44 1
Pkt 212 480 0.441667 1
Rate:881.563
==========
==========32
8 0 2 24000
Node 28 71 30.4138
Pkt 44 100 0.44 1
Pkt 66 150 0.44 1
Node 61 52 11.1803
Pkt 165 375 0.44 1
Pkt 132 300 0.44 1
Node 56 38 13.4164
Pkt 330 750 0.44 1
Pkt 330 750 0.44 1
Node 44 58 10
Pkt 110 250 0.44 1
Pkt 110 250 0.44 1
Node 41 62 15
Pkt 212 480 0.441667 1
Pkt 212 480 0.441667 1
Node 67 38 20.8087
Pkt 352 800 0.44 1
Pkt 352 800 0.44 1
Node 55 69 19.6469
Pkt 85 192 0.442708 1
Pkt 106 240 0.441667 1
Node 47 43 7.61577
Pkt 141 320 0.440625 1
Pkt 212 480 0.441667 1
Rate:881.25
==========
==========33
8 0 2 24000
Node 25 53 25.1794
Pkt 66 150 0.44 1
Pkt 88 200 0.44 1
Node 62 45 13
Pkt 165 375 0.44 1
Pkt 132 300 0.44 1
Node 45 30 20.6155
Pkt 352 800 0.44 1
Pkt 352 800 0.44 1
Node 57 43 9.89949
Pkt 88 200 0.44 1
Pkt 110 250 0.44 1
Node 67 59 19.2354
Pkt 132 300 0.44 1
Pkt 212 480 0.441667 1
Node 25 69 31.4006
Pkt 352 800 0.44 1
Pkt 352 800 0.44 1
Node 61 27 25.4951
Pkt 106 240 0.441667 1
Pkt 44 100 0.44 1
Node 38 51 12.0416
Pkt 132 300 0.44 1
Pkt 176 400 0.44 1
Rate:880.417
==========
==========34
8 0 2 24000
Node 65 49 15.0333
Pkt 44 100 0.44 1
Pkt 110 250 0.44 1
Node 38 63 17.6918
Pkt 212 480 0.441667 1
Pkt 141 320 0.440625 1
Node 33 63 21.4009
Pkt 352 800 0.44 1
Pkt 352 800 0.44 1
Node 43 37 14.7648
Pkt 71 160 0.44375 1
Pkt 110 250 0.44 1
Node 34 32 24.0832
Pkt 141 320 0.440625 1
Pkt 212 480 0.441667 1
Node 30 55 20.6155
Pkt 330 750 0.44 1
Pkt 352 800 0.44 1
Node 60 39 14.8661
Pkt 55 125 0.44 1
Pkt 53 120 0.441667 1
Node 50 27 23
Pkt 141 320 0.440625 1
Pkt 132 300 0.44 1
Rate:881.328
==========
==========35
8 0 2 24000
Node 63 64 19.105
Pkt 44 100 0.44 1
Pkt 110 250 0.44 1
Node 43 57 9.89949
Pkt 212 480 0.441667 1
Pkt 165 375 0.44 1
Node 36 71 25.2389
Pkt 352 800 0.44 1
Pkt 352 800 0.44 1
Node 63 54 13.6015
Pkt 44 100 0.44 1
Pkt 53 120 0.441667 1
Node 30 42 21.5407
Pkt 212 480 0.441667 1
Pkt 212 480 0.441667 1
Node 26 58 25.2982
Pkt 352 800 0.44 1
Pkt 330 750 0.44 1
Node 56 50 6
Pkt 66 150 0.44 1
Pkt 88 200 0.44 1
Node 63 46 13.6015
Pkt 176 400 0.44 1
Pkt 176 400 0.44 1
Rate:880.833
==========
==========36
8 0 2 24000
Node 56 65 16.1555
Pkt 88 200 0.44 1
Pkt 44 100 0.44 1
Node 49 51 1.41421
Pkt 165 375 0.44 1
Pkt 176 400 0.44 1
Node 41 60 13.4536
Pkt 330 750 0.44 1
Pkt 330 750 0.44 1
Node 40 67 19.7231
Pkt 66 150 0.44 1
Pkt 85 192 0.442708 1
Node 65 50 15
Pkt 212 480 0.441667 1
Pkt 176 400 0.44 1
Node 39 64 17.8045
Pkt 330 750 0.44 1
Pkt 352 800 0.44 1
Node 28 55 22.561
Pkt 106 240 0.441667 1
Pkt 44 100 0.44 1
Node 56 33 18.0278
Pkt 132 300 0.44 1
Pkt 141 320 0.440625 1
Rate:880.833
==========
==========37
8 0 2 24000
Node 57 43 9.89949
Pkt 85 192 0.442708 1
Pkt 53 120 0.441667 1
Node 42 63 15.2643
Pkt 212 480 0.441667 1
Pkt 176 400 0.44 1
Node 61 60 14.8661
Pkt 330 750 0.44 1
Pkt 352 800 0.44 1
Node 42 41 12.0416
Pkt 53 120 0.441667 1
Pkt 106 240 0.441667 1
Node 73 72 31.8277
Pkt 141 320 0.440625 1
Pkt 165 375 0.44 1
Node 49 31 19.0263
Pkt 352 800 0.44 1
Pkt 352 800 0.44 1
Node 40 57 12.2066
Pkt 55 125 0.44 1
Pkt 71 160 0.44375 1
Node 30 25 32.0156
Pkt 165 375 0.44 1
Pkt 176 400 0.44 1
Rate:881.719
==========
==========38
8 0 2 24000
Node 41 37 15.8114
Pkt 44 100 0.44 1
Pkt 44 100 0.44 1
Node 49 47 3.16228
Pkt 176 400 0.44 1
Pkt 212 480 0.441667 1
Node 70 39 22.8254
Pkt 330 750 0.44 1
Pkt 330 750 0.44 1
Node 60 44 11.6619
Pkt 53 120 0.441667 1
Pkt 53 120 0.441667 1
Node 35 68 23.4307
Pkt 165 375 0.44 1
Pkt 176 400 0.44 1
Node 33 43 18.3848
Pkt 330 750 0.44 1
Pkt 352 800 0.44 1
Node 56 60 11.6619
Pkt 110 250 0.44 1
Pkt 44 100 0.44 1
Node 74 33 29.4109
Pkt 141 320 0.440625 1
Pkt 132 300 0.44 1
Rate:880.703
==========
==========39
8 0 2 24000
Node 28 46 22.3607
Pkt 85 192 0.442708 1
Pkt 106 240 0.441667 1
Node 35 29 25.807
Pkt 141 320 0.440625 1
Pkt 176 400 0.44 1
Node 56 71 21.8403
Pkt 352 800 0.44 1
Pkt 352 800 0.44 1
Node 65 53 15.2971
Pkt 106 240 0.441667 1
Pkt 66 150 0.44 1
Node 62 69 22.4722
Pkt 176 400 0.44 1
Pkt 165 375 0.44 1
Node 33 74 29.4109
Pkt 352 800 0.44 1
Pkt 352 800 0.44 1
Node 41 46 9.84886
Pkt 66 150 0.44 1
Pkt 66 150 0.44 1
Node 68 67 24.7588
Pkt 132 300 0.44 1
Pkt 141 320 0.440625 1
Rate:880.911
==========
==========40
8 0 2 24000
Node 72 34 27.2029
Pkt 85 192 0.442708 1
Pkt 88 200 0.44 1
Node 46 40 10.7703
Pkt 212 480 0.441667 1
Pkt 176 400 0.44 1
Node 69 41 21.0238
Pkt 330 750 0.44 1
Pkt 352 800 0.44 1
Node 36 68 22.8035
Pkt 110 250 0.44 1
Pkt 55 125 0.44 1
Node 69 48 19.105
Pkt 212 480 0.441667 1
Pkt 141 320 0.440625 1
Node 32 26 30
Pkt 330 750 0.44 1
Pkt 352 800 0.44 1
Node 48 68 18.1108
Pkt 71 160 0.44375 1
Pkt 66 150 0.44 1
Node 70 46 20.3961
Pkt 212 480 0.441667 1
Pkt 212 480 0.441667 1
Rate:881.719
==========
==========41
8 0 2 24000
Node 55 59 10.2956
Pkt 110 250 0.44 1
Pkt 71 160 0.44375 1
Node 53 32 18.2483
Pkt 165 375 0.44 1
Pkt 165 375 0.44 1
Node 44 58 10
Pkt 330 750 0.44 1
Pkt 352 800 0.44 1
Node 52 28 22.0907
Pkt 66 150 0.44 1
Pkt 44 100 0.44 1
Node 37 40 16.4012
Pkt 212 480 0.441667 1
Pkt 212 480 0.441667 1
Node 43 49 7.07107
Pkt 352 800 0.44 1
Pkt 330 750 0.44 1
Node 45 53 5.83095
Pkt 88 200 0.44 1
Pkt 85 192 0.442708 1
Node 30 55 20.6155
Pkt 132 300 0.44 1
Pkt 132 300 0.44 1
Rate:881.224
==========
==========42
8 0 2 24000
Node 42 31 20.6155
Pkt 53 120 0.441667 1
Pkt 44 100 0.44 1
Node 39 61 15.5563
Pkt 165 375 0.44 1
Pkt 165 375 0.44 1
Node 50 43 7
Pkt 330 750 0.44 1
Pkt 352 800 0.44 1
Node 57 49 7.07107
Pkt 88 200 0.44 1
Pkt 110 250 0.44 1
Node 59 29 22.8473
Pkt 141 320 0.440625 1
Pkt 141 320 0.440625 1
Node 25 40 26.9258
Pkt 352 800 0.44 1
Pkt 330 750 0.44 1
Node 33 49 17.0294
Pkt 53 120 0.441667 1
Pkt 53 120 0.441667 1
Node 55 34 16.7631
Pkt 212 480 0.441667 1
Pkt 212 480 0.441667 1
Rate:881.198
==========
==========43
8 0 2 24000
Node 71 38 24.1868
Pkt 44 100 0.44 1
Pkt 88 200 0.44 1
Node 43 69 20.2485
Pkt 141 320 0.440625 1
Pkt 212 480 0.441667 1
Node 28 64 26.0768
Pkt 330 750 0.44 1
Pkt 330 750 0.44 1
Node 35 54 15.5242
Pkt 53 120 0.441667 1
Pkt 66 150 0.44 1
Node 71 55 21.587
Pkt 212 480 0.441667 1
Pkt 165 375 0.44 1
Node 56 33 18.0278
Pkt 352 800 0.44 1
Pkt 330 750 0.44 1
Node 58 44 10
Pkt 110 250 0.44 1
Pkt 71 160 0.44375 1
Node 58 30 21.5407
Pkt 141 320 0.440625 1
Pkt 132 300 0.44 1
Rate:881.25
==========
==========44
8 0 2 24000
Node 30 34 25.6125
Pkt 88 200 0.44 1
Pkt 85 192 0.442708 1
Node 72 59 23.7697
Pkt 165 375 0.44 1
Pkt 141 320 0.440625 1
Node 51 73 23.0217
Pkt 330 750 0.44 1
Pkt 352 800 0.44 1
Node 39 54 11.7047
Pkt 55 125 0.44 1
Pkt 53 120 0.441667 1
Node 45 43 8.60233
Pkt 176 400 0.44 1
Pkt 165 375 0.44 1
Node 36 33 22.0227
Pkt 352 800 0.44 1
Pkt 352 800 0.44 1
Node 72 74 32.5576
Pkt 66 150 0.44 1
Pkt 85 192 0.442708 1
Node 37 73 26.4197
Pkt 132 300 0.44 1
Pkt 212 480 0.441667 1
Rate:881.172
==========
==========45
8 0 2 24000
Node 70 67 26.2488
Pkt 44 100 0.44 1
Pkt 66 150 0.44 1
Node 50 32 18
Pkt 132 300 0.44 1
Pkt 165 375 0.44 1
Node 59 50 9
Pkt 330 750 0.44 1
Pkt 352 800 0.44 1
Node 42 35 17
Pkt 88 200 0.44 1
Pkt 66 150 0.44 1
Node 66 57 17.4642
Pkt 176 400 0.44 1
Pkt 141 320 0.440625 1
Node 61 38 16.2788
Pkt 352 800 0.44 1
Pkt 330 750 0.44 1
Node 72 67 27.8029
Pkt 71 160 0.44375 1
Pkt 44 100 0.44 1
Node 73 72 31.8277
Pkt 132 300 0.44 1
Pkt 165 375 0.44 1
Rate:880.547
==========
==========46
8 0 2 24000
Node 52 33 17.1172
Pkt 53 120 0.441667 1
Pkt 53 120 0.441667 1
Node 74 70 31.241
Pkt 132 300 0.44 1
Pkt 132 300 0.44 1
Node 39 33 20.2485
Pkt 352 800 0.44 1
Pkt 352 800 0.44 1
Node 33 40 19.7231
Pkt 85 192 0.442708 1
Pkt 66 150 0.44 1
Node 49 51 1.41421
Pkt 141 320 0.440625 1
Pkt 165 375 0.44 1
Node 67 31 25.4951
Pkt 352 800 0.44 1
Pkt 352 800 0.44 1
Node 72 67 27.8029
Pkt 88 200 0.44 1
Pkt 53 120 0.441667 1
Node 32 66 24.0832
Pkt 132 300 0.44 1
Pkt 176 400 0.44 1
Rate:881.042
==========
==========47
8 0 2 24000
Node 53 40 10.4403
Pkt 88 200 0.44 1
Pkt 53 120 0.441667 1
Node 42 48 8.24621
Pkt 141 320 0.440625 1
Pkt 212 480 0.441667 1
Node 39 44 12.53
Pkt 330 750 0.44 1
Pkt 330 750 0.44 1
Node 25 26 34.6554
Pkt 44 100 0.44 1
Pkt 55 125 0.44 1
Node 60 31 21.4709
Pkt 165 375 0.44 1
Pkt 212 480 0.441667 1
Node 67 60 19.7231
Pkt 352 800 0.44 1
Pkt 330 750 0.44 1
Node 46 74 24.3311
Pkt 85 192 0.442708 1
Pkt 53 120 0.441667 1
Node 31 47 19.2354
Pkt 141 320 0.440625 1
Pkt 165 375 0.44 1
Rate:881.328
==========
==========48
8 0 2 24000
Node 47 43 7.61577
Pkt 55 125 0.44 1
Pkt 71 160 0.44375 1
Node 38 27 25.9422
Pkt 176 400 0.44 1
Pkt 212 480 0.441667 1
Node 40 31 21.4709
Pkt 330 750 0.44 1
Pkt 352 800 0.44 1
Node 26 70 31.241
Pkt 88 200 0.44 1
Pkt 110 250 0.44 1
Node 38 25 27.7308
Pkt 212 480 0.441667 1
Pkt 141 320 0.440625 1
Node 37 46 13.6015
Pkt 330 750 0.44 1
Pkt 330 750 0.44 1
Node 38 61 16.2788
Pkt 53 120 0.441667 1
Pkt 71 160 0.44375 1
Node 51 63 13.0384
Pkt 176 400 0.44 1
Pkt 165 375 0.44 1
Rate:881.641
==========
==========49
8 0 2 24000
Node 30 34 25.6125
Pkt 85 192 0.442708 1
Pkt 55 125 0.44 1
Node 67 57 18.3848
Pkt 165 375 0.44 1
Pkt 132 300 0.44 1
Node 30 55 20.6155
Pkt 330 750 0.44 1
Pkt 352 800 0.44 1
Node 37 34 20.6155
Pkt 44 100 0.44 1
Pkt 110 250 0.44 1
Node 30 47 20.2237
Pkt 176 400 0.44 1
Pkt 176 400 0.44 1
Node 25 35 29.1548
Pkt 352 800 0.44 1
Pkt 330 750 0.44 1
Node 65 32 23.4307
Pkt 71 160 0.44375 1
Pkt 44 100 0.44 1
Node 70 71 29
Pkt 165 375 0.44 1
Pkt 212 480 0.441667 1
Rate:881.016
==========
==========50
8 0 2 24000
Node 26 27 33.2415
Pkt 106 240 0.441667 1
Pkt 110 250 0.44 1
Node 56 35 16.1555
Pkt 212 480 0.441667 1
Pkt 176 400 0.44 1
Node 53 54 5
Pkt 330 750 0.44 1
Pkt 352 800 0.44 1
Node 35 60 18.0278
Pkt 53 120 0.441667 1
Pkt 85 192 0.442708 1
Node 49 58 8.06226
Pkt 165 375 0.44 1
Pkt 132 300 0.44 1
Node 32 67 24.7588
Pkt 352 800 0.44 1
Pkt 330 750 0.44 1
Node 70 44 20.8806
Pkt 66 150 0.44 1
Pkt 66 150 0.44 1
Node 60 55 11.1803
Pkt 132 300 0.44 1
Pkt 165 375 0.44 1
Rate:880.964
==========
==========51
8 0 2 24000
Node 27 35 27.4591
Pkt 44 100 0.44 1
Pkt 85 192 0.442708 1
Node 42 27 24.3516
Pkt 212 480 0.441667 1
Pkt 132 300 0.44 1
Node 31 53 19.2354
Pkt 330 750 0.44 1
Pkt 330 750 0.44 1
Node 28 25 33.3017
Pkt 71 160 0.44375 1
Pkt 106 240 0.441667 1
Node 56 52 6.32456
Pkt 141 320 0.440625 1
Pkt 132 300 0.44 1
Node 43 34 17.4642
Pkt 352 800 0.44 1
Pkt 330 750 0.44 1
Node 43 29 22.1359
Pkt 53 120 0.441667 1
Pkt 88 200 0.44 1
Node 67 37 21.4009
Pkt 141 320 0.440625 1
Pkt 132 300 0.44 1
Rate:881.589
==========
==========52
8 0 2 24000
Node 29 44 21.8403
Pkt 106 240 0.441667 1
Pkt 53 120 0.441667 1
Node 54 32 18.4391
Pkt 176 400 0.44 1
Pkt 165 375 0.44 1
Node 28 65 26.6271
Pkt 352 800 0.44 1
Pkt 352 800 0.44 1
Node 67 44 18.0278
Pkt 66 150 0.44 1
Pkt 71 160 0.44375 1
Node 41 30 21.9317
Pkt 132 300 0.44 1
Pkt 212 480 0.441667 1
Node 42 55 9.43398
Pkt 330 750 0.44 1
Pkt 330 750 0.44 1
Node 72 62 25.0599
Pkt 44 100 0.44 1
Pkt 110 250 0.44 1
Node 51 62 12.0416
Pkt 165 375 0.44 1
Pkt 141 320 0.440625 1
Rate:881.172
==========
==========53
8 0 2 24000
Node 52 35 15.1327
Pkt 71 160 0.44375 1
Pkt 44 100 0.44 1
Node 40 26 26
Pkt 212 480 0.441667 1
Pkt 212 480 0.441667 1
Node 73 65 27.4591
Pkt 352 800 0.44 1
Pkt 352 800 0.44 1
Node 66 48 16.1245
Pkt 66 150 0.44 1
Pkt 106 240 0.441667 1
Node 31 42 20.6155
Pkt 165 375 0.44 1
Pkt 165 375 0.44 1
Node 74 67 29.4109
Pkt 330 750 0.44 1
Pkt 352 800 0.44 1
Node 36 59 16.6433
Pkt 66 150 0.44 1
Pkt 85 192 0.442708 1
Node 47 53 4.24264
Pkt 176 400 0.44 1
Pkt 165 375 0.44 1
Rate:881.432
==========
==========54
8 0 2 24000
Node 69 48 19.105
Pkt 110 250 0.44 1
Pkt 88 200 0.44 1
Node 65 57 16.5529
Pkt 141 320 0.440625 1
Pkt 165 375 0.44 1
Node 62 58 14.4222
Pkt 352 800 0.44 1
Pkt 352 800 0.44 1
Node 41 49 9.05539
Pkt 53 120 0.441667 1
Pkt 55 125 0.44 1
Node 64 68 22.8035
Pkt 212 480 0.441667 1
Pkt 141 320 0.440625 1
Node 51 26 24.0208
Pkt 352 800 0.44 1
Pkt 330 750 0.44 1
Node 64 62 18.4391
Pkt 106 240 0.441667 1
Pkt 71 160 0.44375 1
Node 33 36 22.0227
Pkt 176 400 0.44 1
Pkt 176 400 0.44 1
Rate:881.25
==========
==========55
8 0 2 24000
Node 64 42 16.1245
Pkt 66 150 0.44 1
Pkt 106 240 0.441667 1
Node 64 43 15.6525
Pkt 212 480 0.441667 1
Pkt 132 300 0.44 1
Node 72 31 29.0689
Pkt 330 750 0.44 1
Pkt 352 800 0.44 1
Node 36 57 15.6525
Pkt 85 192 0.442708 1
Pkt 88 200 0.44 1
Node 49 70 20.025
Pkt 141 320 0.440625 1
Pkt 165 375 0.44 1
Node 38 53 12.3693
Pkt 352 800 0.44 1
Pkt 352 800 0.44 1
Node 51 53 3.16228
Pkt 110 250 0.44 1
Pkt 106 240 0.441667 1
Node 63 46 13.6015
Pkt 212 480 0.441667 1
Pkt 212 480 0.441667 1
Rate:881.458
==========
==========56
8 0 2 24000
Node 66 74 28.8444
Pkt 106 240 0.441667 1
Pkt 66 150 0.44 1
Node 48 37 13.1529
Pkt 141 320 0.440625 1
Pkt 212 480 0.441667 1
Node 48 70 20.0998
Pkt 330 750 0.44 1
Pkt 352 800 0.44 1
Node 36 40 17.2047
Pkt 85 192 0.442708 1
Pkt 85 192 0.442708 1
Node 46 45 6.40312
Pkt 212 480 0.441667 1
Pkt 176 400 0.44 1
Node 40 27 25.0799
Pkt 352 800 0.44 1
Pkt 352 800 0.44 1
Node 45 38 13
Pkt 55 125 0.44 1
Pkt 55 125 0.44 1
Node 28 39 24.5967
Pkt 165 375 0.44 1
Pkt 132 300 0.44 1
Rate:881.38
==========
==========57
8 0 2 24000
Node 47 56 6.7082
Pkt 66 150 0.44 1
Pkt 106 240 0.441667 1
Node 60 36 17.2047
Pkt 141 320 0.440625 1
Pkt 212 480 0.441667 1
Node 55 29 21.587
Pkt 352 800 0.44 1
Pkt 330 750 0.44 1
Node 57 72 23.0868
Pkt 53 120 0.441667 1
Pkt 110 250 0.44 1
Node 27 74 33.2415
Pkt 165 375 0.44 1
Pkt 212 480 0.441667 1
Node 31 40 21.4709
Pkt 330 750 0.44 1
Pkt 330 750 0.44 1
Node 55 41 10.2956
Pkt 110 250 0.44 1
Pkt 110 250 0.44 1
Node 65 32 23.4307
Pkt 165 375 0.44 1
Pkt 176 400 0.44 1
Rate:880.911
==========
==========58
8 0 2 24000
Node 71 27 31.1448
Pkt 85 192 0.442708 1
Pkt 110 250 0.44 1
Node 63 55 13.9284
Pkt 176 400 0.44 1
Pkt 165 375 0.44 1
Node 44 42 10
Pkt 352 800 0.44 1
Pkt 330 750 0.44 1
Node 74 38 26.8328
Pkt 88 200 0.44 1
Pkt 106 240 0.441667 1
Node 65 42 17
Pkt 165 375 0.44 1
Pkt 176 400 0.44 1
Node 52 43 7.28011
Pkt 352 800 0.44 1
Pkt 352 800 0.44 1
Node 49 47 3.16228
Pkt 110 250 0.44 1
Pkt 110 250 0.44 1
Node 38 52 12.1655
Pkt 212 480 0.441667 1
Pkt 141 320 0.440625 1
Rate:880.833
==========
==========59
8 0 2 24000
Node 66 39 19.4165
Pkt 53 120 0.441667 1
Pkt 85 192 0.442708 1
Node 59 41 12.7279
Pkt 141 320 0.440625 1
Pkt 176 400 0.44 1
Node 51 58 8.06226
Pkt 352 800 0.44 1
Pkt 330 750 0.44 1
Node 68 74 30
Pkt 110 250 0.44 1
Pkt 110 250 0.44 1
Node 54 74 24.3311
Pkt 132 300 0.44 1
Pkt 176 400 0.44 1
Node 69 52 19.105
Pkt 352 800 0.44 1
Pkt 352 800 0.44 1
Node 67 70 26.2488
Pkt 66 150 0.44 1
Pkt 66 150 0.44 1
Node 55 74 24.5153
Pkt 141 320 0.440625 1
Pkt 176 400 0.44 1
Rate:880.703
==========
==========60
8 0 2 24000
Node 65 62 19.2094
Pkt 106 240 0.441667 1
Pkt 85 192 0.442708 1
Node 41 62 15
Pkt 132 300 0.44 1
Pkt 176 400 0.44 1
Node 40 59 13.4536
Pkt 352 800 0.44 1
Pkt 352 800 0.44 1
Node 27 49 23.0217
Pkt 85 192 0.442708 1
Pkt 110 250 0.44 1
Node 69 70 27.5862
Pkt 176 400 0.44 1
Pkt 212 480 0.441667 1
Node 30 49 20.025
Pkt 352 800 0.44 1
Pkt 330 750 0.44 1
Node 64 61 17.8045
Pkt 53 120 0.441667 1
Pkt 66 150 0.44 1
Node 51 45 5.09902
Pkt 132 300 0.44 1
Pkt 165 375 0.44 1
Rate:881.302
==========
==========61
8 0 2 24000
Node 70 49 20.025
Pkt 85 192 0.442708 1
Pkt 85 192 0.442708 1
Node 46 72 22.3607
Pkt 212 480 0.441667 1
Pkt 141 320 0.440625 1
Node 51 32 18.0278
Pkt 352 800 0.44 1
Pkt 352 800 0.44 1
Node 42 73 24.3516
Pkt 55 125 0.44 1
Pkt 66 150 0.44 1
Node 43 63 14.7648
Pkt 165 375 0.44 1
Pkt 176 400 0.44 1
Node 48 59 9.21954
Pkt 330 750 0.44 1
Pkt 330 750 0.44 1
Node 38 53 12.3693
Pkt 110 250 0.44 1
Pkt 44 100 0.44 1
Node 60 67 19.7231
Pkt 212 480 0.441667 1
Pkt 176 400 0.44 1
Rate:881.172
==========
==========62
8 0 2 24000
Node 45 30 20.6155
Pkt 106 240 0.441667 1
Pkt 44 100 0.44 1
Node 45 39 12.083
Pkt 141 320 0.440625 1
Pkt 176 400 0.44 1
Node 62 73 25.9422
Pkt 330 750 0.44 1
Pkt 330 750 0.44 1
Node 66 59 18.3576
Pkt 66 150 0.44 1
Pkt 55 125 0.44 1
Node 74 28 32.5576
Pkt 165 375 0.44 1
Pkt 132 300 0.44 1
Node 46 42 8.94427
Pkt 352 800 0.44 1
Pkt 330 750 0.44 1
Node 63 37 18.3848
Pkt 55 125 0.44 1
Pkt 53 120 0.441667 1
Node 28 63 25.5539
Pkt 132 300 0.44 1
Pkt 165 375 0.44 1
Rate:880.495
==========
==========63
8 0 2 24000
Node 47 43 7.61577
Pkt 88 200 0.44 1
Pkt 53 120 0.441667 1
Node 54 64 14.5602
Pkt 212 480 0.441667 1
Pkt 212 480 0.441667 1
Node 51 58 8.06226
Pkt 330 750 0.44 1
Pkt 330 750 0.44 1
Node 60 70 22.3607
Pkt 55 125 0.44 1
Pkt 66 150 0.44 1
Node 34 26 28.8444
Pkt 212 480 0.441667 1
Pkt 212 480 0.441667 1
Node 33 55 17.72
Pkt 352 800 0.44 1
Pkt 330 750 0.44 1
Node 29 33 27.0185
Pkt 55 125 0.44 1
Pkt 110 250 0.44 1
Node 59 51 9.05539
Pkt 132 300 0.44 1
Pkt 132 300 0.44 1
Rate:881.042
==========
==========64
8 0 2 24000
Node 28 49 22.0227
Pkt 53 120 0.441667 1
Pkt 110 250 0.44 1
Node 60 51 10.0499
Pkt 141 320 0.440625 1
Pkt 176 400 0.44 1
Node 29 42 22.4722
Pkt 352 800 0.44 1
Pkt 352 800 0.44 1
Node 60 36 17.2047
Pkt 88 200 0.44 1
Pkt 53 120 0.441667 1
Node 74 62 26.8328
Pkt 212 480 0.441667 1
Pkt 165 375 0.44 1
Node 52 29 21.095
Pkt 352 800 0.44 1
Pkt 330 750 0.44 1
Node 67 50 17
Pkt 106 240 0.441667 1
Pkt 55 125 0.44 1
Node 36 28 26.0768
Pkt 132 300 0.44 1
Pkt 176 400 0.44 1
Rate:880.911
==========
==========65
8 0 2 24000
Node 46 46 5.65685
Pkt 53 120 0.441667 1
Pkt 44 100 0.44 1
Node 68 57 19.3132
Pkt 132 300 0.44 1
Pkt 132 300 0.44 1
Node 35 52 15.1327
Pkt 330 750 0.44 1
Pkt 352 800 0.44 1
Node 64 26 27.7849
Pkt 71 160 0.44375 1
Pkt 106 240 0.441667 1
Node 34 55 16.7631
Pkt 176 400 0.44 1
Pkt 141 320 0.440625 1
Node 36 54 14.5602
Pkt 330 750 0.44 1
Pkt 352 800 0.44 1
Node 50 45 5
Pkt 88 200 0.44 1
Pkt 71 160 0.44375 1
Node 65 71 25.807
Pkt 176 400 0.44 1
Pkt 165 375 0.44 1
Rate:881.432
==========
==========66
8 0 2 24000
Node 68 32 25.4558
Pkt 66 150 0.44 1
Pkt 53 120 0.441667 1
Node 41 38 15
Pkt 141 320 0.440625 1
Pkt 165 375 0.44 1
Node 71 70 29
Pkt 330 750 0.44 1
Pkt 352 800 0.44 1
Node 59 56 10.8167
Pkt 44 100 0.44 1
Pkt 85 192 0.442708 1
Node 62 34 20
Pkt 132 300 0.44 1
Pkt 141 320 0.440625 1
Node 34 40 18.868
Pkt 330 750 0.44 1
Pkt 330 750 0.44 1
Node 34 68 24.0832
Pkt 53 120 0.441667 1
Pkt 55 125 0.44 1
Node 53 49 3.16228
Pkt 212 480 0.441667 1
Pkt 141 320 0.440625 1
Rate:881.198
==========
==========67
8 0 2 24000
Node 56 58 10
Pkt 85 192 0.442708 1
Pkt 44 100 0.44 1
Node 35 33 22.6716
Pkt 212 480 0.441667 1
Pkt 132 300 0.44 1
Node 60 72 24.1661
Pkt 330 750 0.44 1
Pkt 330 750 0.44 1
Node 56 65 16.1555
Pkt 53 120 0.441667 1
Pkt 88 200 0.44 1
Node 35 68 23.4307
Pkt 176 400 0.44 1
Pkt 141 320 0.440625 1
Node 60 36 17.2047
Pkt 330 750 0.44 1
Pkt 330 750 0.44 1
Node 26 55 24.5153
Pkt 85 192 0.442708 1
Pkt 66 150 0.44 1
Node 37 30 23.8537
Pkt 132 300 0.44 1
Pkt 176 400 0.44 1
Rate:881.172
==========
==========68
8 0 2 24000
Node 47 38 12.3693
Pkt 71 160 0.44375 1
Pkt 88 200 0.44 1
Node 33 40 19.7231
Pkt 132 300 0.44 1
Pkt 132 300 0.44 1
Node 38 54 12.6491
Pkt 330 750 0.44 1
Pkt 352 800 0.44 1
Node 74 27 33.2415
Pkt 53 120 0.441667 1
Pkt 85 192 0.442708 1
Node 53 25 25.1794
Pkt 132 300 0.44 1
Pkt 132 300 0.44 1
Node 40 40 14.1421
Pkt 352 800 0.44 1
Pkt 352 800 0.44 1
Node 71 42 22.4722
Pkt 44 100 0.44 1
Pkt 110 250 0.44 1
Node 63 26 27.2947
Pkt 176 400 0.44 1
Pkt 132 300 0.44 1
Rate:881.016
==========
==========69
8 0 2 24000
Node 26 63 27.2947
Pkt 44 100 0.44 1
Pkt 85 192 0.442708 1
Node 73 31 29.8329
Pkt 212 480 0.441667 1
Pkt 176 400 0.44 1
Node 49 27 23.0217
Pkt 352 800 0.44 1
Pkt 330 750 0.44 1
Node 44 73 23.7697
Pkt 53 120 0.441667 1
Pkt 106 240 0.441667 1
Node 38 34 20
Pkt 165 375 0.44 1
Pkt 176 400 0.44 1
Node 48 62 12.1655
Pkt 330 750 0.44 1
Pkt 352 800 0.44 1
Node 31 60 21.4709
Pkt 106 240 0.441667 1
Pkt 53 120 0.441667 1
Node 57 55 8.60233
Pkt 141 320 0.440625 1
Pkt 176 400 0.44 1
Rate:881.458
==========
==========70
8 0 2 24000
Node 65 67 22.6716
Pkt 106 240 0.441667 1
Pkt 106 240 0.441667 1
Node 42 27 24.3516
Pkt 141 320 0.440625 1
Pkt 141 320 0.440625 1
Node 74 62 26.8328
Pkt 330 750 0.44 1
Pkt 352 800 0.44 1
Node 72 66 27.2029
Pkt 71 160 0.44375 1
Pkt 85 192 0.442708 1
Node 56 26 24.7386
Pkt 132 300 0.44 1
Pkt 176 400 0.44 1
Node 35 52 15.1327
Pkt 352 800 0.44 1
Pkt 330 750 0.44 1
Node 71 74 31.8904
Pkt 55 125 0.44 1
Pkt 44 100 0.44 1
Node 73 62 25.9422
Pkt 132 300 0.44 1
Pkt 212 480 0.441667 1
Rate:881.589
==========
==========71
8 0 2 24000
Node 71 39 23.7065
Pkt 53 120 0.441667 1
Pkt 55 125 0.44 1
Node 32 58 19.6977
Pkt 165 375 0.44 1
Pkt 176 400 0.44 1
Node 40 69 21.4709
Pkt 330 750 0.44 1
Pkt 330 750 0.44 1
Node 37 43 14.7648
Pkt 110 250 0.44 1
Pkt 88 200 0.44 1
Node 27 43 24.0416
Pkt 132 300 0.44 1
Pkt 165 375 0.44 1
Node 35 32 23.4307
Pkt 330 750 0.44 1
Pkt 330 750 0.44 1
Node 41 57 11.4018
Pkt 66 150 0.44 1
Pkt 88 200 0.44 1
Node 27 48 23.0868
Pkt 165 375 0.44 1
Pkt 132 300 0.44 1
Rate:880.208
==========
==========72
8 0 2 24000
Node 26 44 24.7386
Pkt 85 192 0.442708 1
Pkt 71 160 0.44375 1
Node 47 48 3.60555
Pkt 165 375 0.44 1
Pkt 141 320 0.440625 1
Node 46 67 17.4642
Pkt 330 750 0.44 1
Pkt 352 800 0.44 1
Node 33 57 18.3848
Pkt 88 200 0.44 1
Pkt 88 200 0.44 1
Node 60 62 15.6205
Pkt 212 480 0.441667 1
Pkt 212 480 0.441667 1
Node 71 28 30.4138
Pkt 330 750 0.44 1
Pkt 330 750 0.44 1
Node 65 52 15.1327
Pkt 88 200 0.44 1
Pkt 71 160 0.44375 1
Node 27 57 24.0416
Pkt 212 480 0.441667 1
Pkt 132 300 0.44 1
Rate:881.979
==========
==========73
8 0 2 24000
Node 55 74 24.5153
Pkt 71 160 0.44375 1
Pkt 44 100 0.44 1
Node 48 46 4.47214
Pkt 176 400 0.44 1
Pkt 212 480 0.441667 1
Node 63 53 13.3417
Pkt 330 750 0.44 1
Pkt 352 800 0.44 1
Node 48 35 15.1327
Pkt 55 125 0.44 1
Pkt 53 120 0.441667 1
Node 26 57 25
Pkt 132 300 0.44 1
Pkt 176 400 0.44 1
Node 35 28 26.6271
Pkt 352 800 0.44 1
Pkt 352 800 0.44 1
Node 66 38 20
Pkt 110 250 0.44 1
Pkt 66 150 0.44 1
Node 42 28 23.4094
Pkt 212 480 0.441667 1
Pkt 141 320 0.440625 1
Rate:881.172
==========
==========74
8 0 2 24000
Node 73 71 31.1448
Pkt 106 240 0.441667 1
Pkt 53 120 0.441667 1
Node 57 55 8.60233
Pkt 132 300 0.44 1
Pkt 165 375 0.44 1
Node 38 62 16.9706
Pkt 330 750 0.44 1
Pkt 352 800 0.44 1
Node 49 53 3.16228
Pkt 55 125 0.44 1
Pkt 44 100 0.44 1
Node 36 64 19.799
Pkt 176 400 0.44 1
Pkt 165 375 0.44 1
Node 37 26 27.2947
Pkt 330 750 0.44 1
Pkt 330 750 0.44 1
Node 63 44 14.3178
Pkt 110 250 0.44 1
Pkt 66 150 0.44 1
Node 60 39 14.8661
Pkt 132 300 0.44 1
Pkt 165 375 0.44 1
Rate:880.417
==========
==========75
8 0 2 24000
Node 41 55 10.2956
Pkt 53 120 0.441667 1
Pkt 71 160 0.44375 1
Node 41 73 24.6982
Pkt 165 375 0.44 1
Pkt 212 480 0.441667 1
Node 57 29 22.1359
Pkt 352 800 0.44 1
Pkt 330 750 0.44 1
Node 63 41 15.8114
Pkt 88 200 0.44 1
Pkt 110 250 0.44 1
Node 26 39 26.4008
Pkt 212 480 0.441667 1
Pkt 176 400 0.44 1
Node 58 42 11.3137
Pkt 330 750 0.44 1
Pkt 330 750 0.44 1
Node 33 51 17.0294
Pkt 110 250 0.44 1
Pkt 88 200 0.44 1
Node 61 68 21.095
Pkt 176 400 0.44 1
Pkt 176 400 0.44 1
Rate:881.094
==========
==========76
8 0 2 24000
Node 67 65 22.6716
Pkt 85 192 0.442708 1
Pkt 88 200 0.44 1
Node 37 74 27.2947
Pkt 165 375 0.44 1
Pkt 176 400 0.44 1
Node 38 59 15
Pkt 330 750 0.44 1
Pkt 352 800 0.44 1
Node 56 66 17.088
Pkt 66 150 0.44 1
Pkt 53 120 0.441667 1
Node 50 68 18
Pkt 132 300 0.44 1
Pkt 176 400 0.44 1
Node 36 36 19.799
Pkt 330 750 0.44 1
Pkt 352 800 0.44 1
Node 29 70 29
Pkt 88 200 0.44 1
Pkt 66 150 0.44 1
Node 39 36 17.8045
Pkt 176 400 0.44 1
Pkt 141 320 0.440625 1
Rate:880.625
==========
==========77
8 0 2 24000
Node 55 48 5.38516
Pkt 88 200 0.44 1
Pkt 85 192 0.442708 1
Node 28 29 30.4138
Pkt 132 300 0.44 1
Pkt 212 480 0.441667 1
Node 35 74 28.3019
Pkt 330 750 0.44 1
Pkt 352 800 0.44 1
Node 42 58 11.3137
Pkt 66 150 0.44 1
Pkt 85 192 0.442708 1
Node 28 30 29.7321
Pkt 132 300 0.44 1
Pkt 165 375 0.44 1
Node 26 44 24.7386
Pkt 352 800 0.44 1
Pkt 352 800 0.44 1
Node 55 25 25.4951
Pkt 88 200 0.44 1
Pkt 85 192 0.442708 1
Node 41 52 9.21954
Pkt 165 375 0.44 1
Pkt 141 320 0.440625 1
Rate:881.302
==========
==========78
8 0 2 24000
Node 59 61 14.2127
Pkt 44 100 0.44 1
Pkt 55 125 0.44 1
Node 34 32 24.0832
Pkt 165 375 0.44 1
Pkt 132 300 0.44 1
Node 29 43 22.1359
Pkt 352 800 0.44 1
Pkt 330 750 0.44 1
Node 38 55 13
Pkt 66 150 0.44 1
Pkt 85 192 0.442708 1
Node 51 46 4.12311
Pkt 212 480 0.441667 1
Pkt 176 400 0.44 1
Node 64 26 27.7849
Pkt 330 750 0.44 1
Pkt 330 750 0.44 1
Node 41 59 12.7279
Pkt 53 120 0.441667 1
Pkt 106 240 0.441667 1
Node 71 39 23.7065
Pkt 141 320 0.440625 1
Pkt 165 375 0.44 1
Rate:881.042
==========
==========79
8 0 2 24000
Node 33 55 17.72
Pkt 85 192 0.442708 1
Pkt 55 125 0.44 1
Node 52 34 16.1245
Pkt 141 320 0.440625 1
Pkt 141 320 0.440625 1
Node 59 30 21.9317
Pkt 330 750 0.44 1
Pkt 352 800 0.44 1
Node 32 63 22.2036
Pkt 66 150 0.44 1
Pkt 71 160 0.44375 1
Node 37 26 27.2947
Pkt 132 300 0.44 1
Pkt 165 375 0.44 1
Node 68 70 26.9072
Pkt 352 800 0.44 1
Pkt 352 800 0.44 1
Node 27 34 28.0179
Pkt 71 160 0.44375 1
Pkt 88 200 0.44 1
Node 33 36 22.0227
Pkt 212 480 0.441667 1
Pkt 176 400 0.44 1
Rate:881.641
==========
==========80
8 0 2 24000
Node 74 55 24.5153
Pkt 44 100 0.44 1
Pkt 85 192 0.442708 1
Node 64 40 17.2047
Pkt 176 400 0.44 1
Pkt 165 375 0.44 1
Node 29 54 21.3776
Pkt 352 800 0.44 1
Pkt 330 750 0.44 1
Node 51 27 23.0217
Pkt 71 160 0.44375 1
Pkt 88 200 0.44 1
Node 66 54 16.4924
Pkt 141 320 0.440625 1
Pkt 141 320 0.440625 1
Node 34 43 17.4642
Pkt 330 750 0.44 1
Pkt 352 800 0.44 1
Node 47 63 13.3417
Pkt 85 192 0.442708 1
Pkt 44 100 0.44 1
Node 46 25 25.318
Pkt 165 375 0.44 1
Pkt 165 375 0.44 1
Rate:881.302
==========
==========81
8 0 2 24000
Node 42 38 14.4222
Pkt 55 125 0.44 1
Pkt 71 160 0.44375 1
Node 72 65 26.6271
Pkt 165 375 0.44 1
Pkt 165 375 0.44 1
Node 40 67 19.7231
Pkt 330 750 0.44 1
Pkt 330 750 0.44 1
Node 70 34 25.6125
Pkt 55 125 0.44 1
Pkt 88 200 0.44 1
Node 58 46 8.94427
Pkt 176 400 0.44 1
Pkt 165 375 0.44 1
Node 44 32 18.9737
Pkt 352 800 0.44 1
Pkt 352 800 0.44 1
Node 74 61 26.4008
Pkt 66 150 0.44 1
Pkt 53 120 0.441667 1
Node 26 49 24.0208
Pkt 132 300 0.44 1
Pkt 165 375 0.44 1
Rate:880.677
==========
==========82
8 0 2 24000
Node 38 69 22.4722
Pkt 44 100 0.44 1
Pkt 44 100 0.44 1
Node 62 58 14.4222
Pkt 141 320 0.440625 1
Pkt 165 375 0.44 1
Node 37 71 24.6982
Pkt 330 750 0.44 1
Pkt 330 750 0.44 1
Node 67 38 20.8087
Pkt 71 160 0.44375 1
Pkt 53 120 0.441667 1
Node 64 40 17.2047
Pkt 176 400 0.44 1
Pkt 132 300 0.44 1
Node 66 47 16.2788
Pkt 352 800 0.44 1
Pkt 352 800 0.44 1
Node 52 62 12.1655
Pkt 66 150 0.44 1
Pkt 106 240 0.441667 1
Node 54 26 24.3311
Pkt 212 480 0.441667 1
Pkt 165 375 0.44 1
Rate:881.172
==========
==========83
8 0 2 24000
Node 58 71 22.4722
Pkt 71 160 0.44375 1
Pkt 66 150 0.44 1
Node 50 64 14
Pkt 176 400 0.44 1
Pkt 165 375 0.44 1
Node 56 31 19.9249
Pkt 330 750 0.44 1
Pkt 330 750 0.44 1
Node 53 27 23.1948
Pkt 53 120 0.441667 1
Pkt 66 150 0.44 1
Node 54 73 23.3452
Pkt 141 320 0.440625 1
Pkt 141 320 0.440625 1
Node 27 64 26.9258
Pkt 352 800 0.44 1
Pkt 330 750 0.44 1
Node 25 39 27.313
Pkt 55 125 0.44 1
Pkt 66 150 0.44 1
Node 60 26 26
Pkt 176 400 0.44 1
Pkt 176 400 0.44 1
Rate:880.833
==========
==========84
8 0 2 24000
Node 33 32 24.7588
Pkt 66 150 0.44 1
Pkt 110 250 0.44 1
Node 43 41 11.4018
Pkt 176 400 0.44 1
Pkt 141 320 0.440625 1
Node 48 48 2.82843
Pkt 330 750 0.44 1
Pkt 330 750 0.44 1
Node 51 45 5.09902
Pkt 55 125 0.44 1
Pkt 66 150 0.44 1
Node 41 37 15.8114
Pkt 176 400 0.44 1
Pkt 132 300 0.44 1
Node 26 28 32.5576
Pkt 330 750 0.44 1
Pkt 330 750 0.44 1
Node 40 47 10.4403
Pkt 71 160 0.44375 1
Pkt 53 120 0.441667 1
Node 40 37 16.4012
Pkt 141 320 0.440625 1
Pkt 141 320 0.440625 1
Rate:880.911
==========
==========85
8 0 2 24000
Node 44 55 7.81025
Pkt 66 150 0.44 1
Pkt 88 200 0.44 1
Node 58 58 11.3137
Pkt 176 400 0.44 1
Pkt 176 400 0.44 1
Node 60 58 12.8062
Pkt 352 800 0.44 1
Pkt 352 800 0.44 1
Node 29 69 28.3196
Pkt 44 100 0.44 1
Pkt 106 240 0.441667 1
Node 33 67 24.0416
Pkt 176 400 0.44 1
Pkt 165 375 0.44 1
Node 59 47 9.48683
Pkt 330 750 0.44 1
Pkt 352 800 0.44 1
Node 29 42 22.4722
Pkt 110 250 0.44 1
Pkt 44 100 0.44 1
Node 70 44 20.8806
Pkt 141 320 0.440625 1
Pkt 176 400 0.44 1
Rate:880.286
==========
==========86
8 0 2 24000
Node 26 59 25.632
Pkt 85 192 0.442708 1
Pkt 85 192 0.442708 1
Node 64 63 19.105
Pkt 132 300 0.44 1
Pkt 165 375 0.44 1
Node 65 48 15.1327
Pkt 330 750 0.44 1
Pkt 352 800 0.44 1
Node 33 26 29.4109
Pkt 66 150 0.44 1
Pkt 106 240 0.441667 1
Node 72 74 32.5576
Pkt 176 400 0.44 1
Pkt 132 300 0.44 1
Node 47 56 6.7082
Pkt 352 800 0.44 1
Pkt 330 750 0.44 1
Node 69 40 21.4709
Pkt 66 150 0.44 1
Pkt 66 150 0.44 1
Node 64 29 25.2389
Pkt 176 400 0.44 1
Pkt 212 480 0.441667 1
Rate:881.094
==========
==========87
8 0 2 24000
Node 61 36 17.8045
Pkt 110 250 0.44 1
Pkt 88 200 0.44 1
Node 33 71 27.0185
Pkt 132 300 0.44 1
Pkt 165 375 0.44 1
Node 32 32 25.4558
Pkt 330 750 0.44 1
Pkt 352 800 0.44 1
Node 34 58 17.8885
Pkt 55 125 0.44 1
Pkt 55 125 0.44 1
Node 66 28 27.2029
Pkt 212 480 0.441667 1
Pkt 141 320 0.440625 1
Node 44 40 11.6619
Pkt 330 750 0.44 1
Pkt 352 800 0.44 1
Node 33 33 24.0416
Pkt 110 250 0.44 1
Pkt 106 240 0.441667 1
Node 52 59 9.21954
Pkt 132 300 0.44 1
Pkt 165 375 0.44 1
Rate:880.495
==========
==========88
8 0 2 24000
Node 58 48 8.24621
Pkt 66 150 0.44 1
Pkt 110 250 0.44 1
Node 47 58 8.544
Pkt 212 480 0.441667 1
Pkt 141 320 0.440625 1
Node 43 38 13.8924
Pkt 352 800 0.44 1
Pkt 330 750 0.44 1
Node 51 27 23.0217
Pkt 44 100 0.44 1
Pkt 88 200 0.44 1
Node 26 62 26.8328
Pkt 165 375 0.44 1
Pkt 212 480 0.441667 1
Node 69 30 27.5862
Pkt 352 800 0.44 1
Pkt 330 750 0.44 1
Node 50 42 8
Pkt 71 160 0.44375 1
Pkt 85 192 0.442708 1
Node 33 44 18.0278
Pkt 165 375 0.44 1
Pkt 141 320 0.440625 1
Rate:881.38
==========
==========89
8 0 2 24000
Node 36 41 16.6433
Pkt 44 100 0.44 1
Pkt 88 200 0.44 1
Node 45 54 6.40312
Pkt 132 300 0.44 1
Pkt 132 300 0.44 1
Node 59 28 23.7697
Pkt 330 750 0.44 1
Pkt 352 800 0.44 1
Node 59 67 19.2354
Pkt 88 200 0.44 1
Pkt 44 100 0.44 1
Node 59 37 15.8114
Pkt 212 480 0.441667 1
Pkt 141 320 0.440625 1
Node 55 66 16.7631
Pkt 330 750 0.44 1
Pkt 330 750 0.44 1
Node 31 30 27.5862
Pkt 53 120 0.441667 1
Pkt 53 120 0.441667 1
Node 43 37 14.7648
Pkt 165 375 0.44 1
Pkt 212 480 0.441667 1
Rate:880.911
==========
==========90
8 0 2 24000
Node 37 64 19.105
Pkt 44 100 0.44 1
Pkt 66 150 0.44 1
Node 55 44 7.81025
Pkt 176 400 0.44 1
Pkt 141 320 0.440625 1
Node 45 46 6.40312
Pkt 330 750 0.44 1
Pkt 352 800 0.44 1
Node 60 28 24.1661
Pkt 53 120 0.441667 1
Pkt 110 250 0.44 1
Node 39 69 21.9545
Pkt 141 320 0.440625 1
Pkt 165 375 0.44 1
Node 47 31 19.2354
Pkt 352 800 0.44 1
Pkt 330 750 0.44 1
Node 53 34 16.2788
Pkt 55 125 0.44 1
Pkt 53 120 0.441667 1
Node 67 27 28.6007
Pkt 132 300 0.44 1
Pkt 176 400 0.44 1
Rate:880.573
==========
==========91
8 0 2 24000
Node 37 63 18.3848
Pkt 71 160 0.44375 1
Pkt 106 240 0.441667 1
Node 71 53 21.2132
Pkt 212 480 0.441667 1
Pkt 212 480 0.441667 1
Node 61 52 11.1803
Pkt 330 750 0.44 1
Pkt 352 800 0.44 1
Node 52 46 4.47214
Pkt 44 100 0.44 1
Pkt 71 160 0.44375 1
Node 65 38 19.2094
Pkt 176 400 0.44 1
Pkt 132 300 0.44 1
Node 69 48 19.105
Pkt 330 750 0.44 1
Pkt 352 800 0.44 1
Node 45 62 13
Pkt 106 240 0.441667 1
Pkt 110 250 0.44 1
Node 34 43 17.4642
Pkt 165 375 0.44 1
Pkt 176 400 0.44 1
Rate:881.771
==========
==========92
8 0 2 24000
Node 42 59 12.0416
Pkt 110 250 0.44 1
Pkt 53 120 0.441667 1
Node 38 66 20
Pkt 141 320 0.440625 1
Pkt 212 480 0.441667 1
Node 35 71 25.807
Pkt 330 750 0.44 1
Pkt 352 800 0.44 1
Node 31 43 20.2485
Pkt 44 100 0.44 1
Pkt 71 160 0.44375 1
Node 70 39 22.8254
Pkt 176 400 0.44 1
Pkt 212 480 0.441667 1
Node 45 53 5.83095
Pkt 330 750 0.44 1
Pkt 352 800 0.44 1
Node 40 52 10.198
Pkt 44 100 0.44 1
Pkt 85 192 0.442708 1
Node 40 50 10
Pkt 141 320 0.440625 1
Pkt 165 375 0.44 1
Rate:881.589
==========
==========93
8 0 2 24000
Node 35 58 17
Pkt 88 200 0.44 1
Pkt 71 160 0.44375 1
Node 55 26 24.5153
Pkt 165 375 0.44 1
Pkt 212 480 0.441667 1
Node 26 52 24.0832
Pkt 330 750 0.44 1
Pkt 330 750 0.44 1
Node 54 66 16.4924
Pkt 71 160 0.44375 1
Pkt 85 192 0.442708 1
Node 54 40 10.7703
Pkt 141 320 0.440625 1
Pkt 212 480 0.441667 1
Node 48 38 12.1655
Pkt 352 800 0.44 1
Pkt 352 800 0.44 1
Node 55 69 19.6469
Pkt 88 200 0.44 1
Pkt 106 240 0.441667 1
Node 41 61 14.2127
Pkt 212 480 0.441667 1
Pkt 176 400 0.44 1
Rate:882.188
==========
==========94
8 0 2 24000
Node 69 46 19.4165
Pkt 71 160 0.44375 1
Pkt 66 150 0.44 1
Node 62 66 20
Pkt 212 480 0.441667 1
Pkt 176 400 0.44 1
Node 44 38 13.4164
Pkt 330 750 0.44 1
Pkt 352 800 0.44 1
Node 31 54 19.4165
Pkt 110 250 0.44 1
Pkt 53 120 0.441667 1
Node 30 55 20.6155
Pkt 132 300 0.44 1
Pkt 141 320 0.440625 1
Node 67 35 22.6716
Pkt 352 800 0.44 1
Pkt 352 800 0.44 1
Node 26 34 28.8444
Pkt 44 100 0.44 1
Pkt 110 250 0.44 1
Node 72 69 29.0689
Pkt 176 400 0.44 1
Pkt 176 400 0.44 1
Rate:880.964
==========
==========95
8 0 2 24000
Node 28 37 25.5539
Pkt 53 120 0.441667 1
Pkt 71 160 0.44375 1
Node 26 42 25.2982
Pkt 176 400 0.44 1
Pkt 165 375 0.44 1
Node 61 60 14.8661
Pkt 352 800 0.44 1
Pkt 330 750 0.44 1
Node 34 39 19.4165
Pkt 66 150 0.44 1
Pkt 110 250 0.44 1
Node 32 33 24.7588
Pkt 132 300 0.44 1
Pkt 212 480 0.441667 1
Node 54 74 24.3311
Pkt 352 800 0.44 1
Pkt 352 800 0.44 1
Node 31 31 26.8701
Pkt 88 200 0.44 1
Pkt 44 100 0.44 1
Node 30 65 25
Pkt 176 400 0.44 1
Pkt 141 320 0.440625 1
Rate:880.964
==========
==========96
8 0 2 24000
Node 35 43 16.5529
Pkt 85 192 0.442708 1
Pkt 66 150 0.44 1
Node 52 38 12.1655
Pkt 132 300 0.44 1
Pkt 212 480 0.441667 1
Node 64 37 19.105
Pkt 352 800 0.44 1
Pkt 352 800 0.44 1
Node 45 30 20.6155
Pkt 85 192 0.442708 1
Pkt 85 192 0.442708 1
Node 38 28 25.0599
Pkt 132 300 0.44 1
Pkt 165 375 0.44 1
Node 47 53 4.24264
Pkt 352 800 0.44 1
Pkt 330 750 0.44 1
Node 51 36 14.0357
Pkt 71 160 0.44375 1
Pkt 66 150 0.44 1
Node 33 49 17.0294
Pkt 141 320 0.440625 1
Pkt 141 320 0.440625 1
Rate:881.849
==========
==========97
8 0 2 24000
Node 32 28 28.4253
Pkt 85 192 0.442708 1
Pkt 44 100 0.44 1
Node 69 59 21.0238
Pkt 132 300 0.44 1
Pkt 212 480 0.441667 1
Node 67 38 20.8087
Pkt 330 750 0.44 1
Pkt 352 800 0.44 1
Node 73 67 28.6007
Pkt 88 200 0.44 1
Pkt 88 200 0.44 1
Node 73 42 24.3516
Pkt 176 400 0.44 1
Pkt 165 375 0.44 1
Node 40 57 12.2066
Pkt 330 750 0.44 1
Pkt 352 800 0.44 1
Node 51 39 11.0454
Pkt 85 192 0.442708 1
Pkt 88 200 0.44 1
Node 32 73 29.2062
Pkt 165 375 0.44 1
Pkt 176 400 0.44 1
Rate:880.885
==========
==========98
8 0 2 24000
Node 51 64 14.0357
Pkt 55 125 0.44 1
Pkt 85 192 0.442708 1
Node 25 48 25.0799
Pkt 132 300 0.44 1
Pkt 141 320 0.440625 1
Node 54 57 8.06226
Pkt 330 750 0.44 1
Pkt 330 750 0.44 1
Node 70 69 27.5862
Pkt 85 192 0.442708 1
Pkt 106 240 0.441667 1
Node 27 58 24.3516
Pkt 132 300 0.44 1
Pkt 165 375 0.44 1
Node 52 33 17.1172
Pkt 330 750 0.44 1
Pkt 352 800 0.44 1
Node 72 47 22.2036
Pkt 44 100 0.44 1
Pkt 106 240 0.441667 1
Node 28 66 27.2029
Pkt 212 480 0.441667 1
Pkt 212 480 0.441667 1
Rate:881.589
==========
==========99
