8 0 2 24000
Node 55 73 23.5372
Pkt 55 160 0.34375 1
Pkt 55 160 0.34375 1
Node 45 26 24.5153
Pkt 102 300 0.34 1
Pkt 136 400 0.34 1
Node 61 74 26.4008
Pkt 272 800 0.34 1
Pkt 272 800 0.34 1
Node 47 70 20.2237
Pkt 68 200 0.34 1
Pkt 85 250 0.34 1
Node 50 72 22
Pkt 128 375 0.341333 1
Pkt 128 375 0.341333 1
Node 30 35 25
Pkt 272 800 0.34 1
Pkt 272 800 0.34 1
Node 59 33 19.2354
Pkt 68 200 0.34 1
Pkt 55 160 0.34375 1
Node 25 42 26.2488
Pkt 136 400 0.34 1
Pkt 164 480 0.341667 1
Rate:681.948
==========
==========0
8 0 2 24000
Node 59 56 10.8167
Pkt 85 250 0.34 1
Pkt 55 160 0.34375 1
Node 56 46 7.2111
Pkt 102 300 0.34 1
Pkt 102 300 0.34 1
Node 66 29 26.4008
Pkt 272 800 0.34 1
Pkt 255 750 0.34 1
Node 29 65 25.807
Pkt 41 120 0.341667 1
Pkt 85 250 0.34 1
Node 57 61 13.0384
Pkt 109 320 0.340625 1
Pkt 164 480 0.341667 1
Node 55 42 9.43398
Pkt 272 800 0.34 1
Pkt 255 750 0.34 1
Node 63 29 24.6982
Pkt 55 160 0.34375 1
Pkt 55 160 0.34375 1
Node 41 53 9.48683
Pkt 164 480 0.341667 1
Pkt 128 375 0.341333 1
Rate:682.276
==========
==========1
8 0 2 24000
Node 55 49 5.09902
Pkt 51 150 0.34 1
Pkt 43 125 0.344 1
Node 73 49 23.0217
Pkt 128 375 0.341333 1
Pkt 109 320 0.340625 1
Node 52 52 2.82843
Pkt 255 750 0.34 1
Pkt 255 750 0.34 1
Node 73 52 23.0868
Pkt 43 125 0.344 1
Pkt 51 150 0.34 1
Node 57 25 25.9615
Pkt 102 300 0.34 1
Pkt 102 300 0.34 1
Node 66 65 21.9317
Pkt 272 800 0.34 1
Pkt 272 800 0.34 1
Node 34 49 16.0312
Pkt 34 100 0.34 1
Pkt 85 250 0.34 1
Node 59 65 17.4929
Pkt 136 400 0.34 1
Pkt 136 400 0.34 1
Rate:681.245
==========
==========2
8 0 2 24000
Node 68 70 26.9072
Pkt 41 120 0.341667 1
Pkt 55 160 0.34375 1
Node 36 33 22.0227
Pkt 164 480 0.341667 1
Pkt 136 400 0.34 1
Node 58 48 8.24621
Pkt 272 800 0.34 1
Pkt 255 750 0.34 1
Node 43 59 11.4018
Pkt 34 100 0.34 1
Pkt 55 160 0.34375 1
Node 66 73 28.0179
Pkt 164 480 0.341667 1
Pkt 128 375 0.341333 1
Node 60 65 18.0278
Pkt 272 800 0.34 1
Pkt 255 750 0.34 1
Node 44 72 22.8035
Pkt 55 160 0.34375 1
Pkt 68 200 0.34 1
Node 47 45 5.83095
Pkt 128 375 0.341333 1
Pkt 102 300 0.34 1
Rate:682.365
==========
==========3
8 0 2 24000
Node 56 47 6.7082
Pkt 55 160 0.34375 1
Pkt 68 200 0.34 1
Node 43 51 7.07107
Pkt 164 480 0.341667 1
Pkt 102 300 0.34 1
Node 48 63 13.1529
Pkt 272 800 0.34 1
Pkt 255 750 0.34 1
Node 69 51 19.0263
Pkt 82 240 0.341667 1
Pkt 85 250 0.34 1
Node 34 46 16.4924
Pkt 109 320 0.340625 1
Pkt 109 320 0.340625 1
Node 36 43 15.6525
Pkt 255 750 0.34 1
Pkt 272 800 0.34 1
Node 62 32 21.6333
Pkt 82 240 0.341667 1
Pkt 41 120 0.341667 1
Node 55 57 8.60233
Pkt 109 320 0.340625 1
Pkt 164 480 0.341667 1
Rate:681.745
==========
==========4
8 0 2 24000
Node 70 35 25
Pkt 41 120 0.341667 1
Pkt 85 250 0.34 1
Node 35 28 26.6271
Pkt 136 400 0.34 1
Pkt 164 480 0.341667 1
Node 27 39 25.4951
Pkt 272 800 0.34 1
Pkt 255 750 0.34 1
Node 68 53 18.2483
Pkt 66 192 0.34375 1
Pkt 66 192 0.34375 1
Node 66 29 26.4008
Pkt 109 320 0.340625 1
Pkt 164 480 0.341667 1
Node 73 58 24.3516
Pkt 272 800 0.34 1
Pkt 272 800 0.34 1
Node 49 50 1
Pkt 82 240 0.341667 1
Pkt 55 160 0.34375 1
Node 33 68 24.7588
Pkt 128 375 0.341333 1
Pkt 102 300 0.34 1
Rate:682.484
==========
==========5
8 0 2 24000
Node 41 72 23.7697
Pkt 34 100 0.34 1
Pkt 68 200 0.34 1
Node 71 43 22.1359
Pkt 109 320 0.340625 1
Pkt 102 300 0.34 1
Node 60 65 18.0278
Pkt 255 750 0.34 1
Pkt 255 750 0.34 1
Node 73 65 27.4591
Pkt 85 250 0.34 1
Pkt 68 200 0.34 1
Node 71 64 25.2389
Pkt 102 300 0.34 1
Pkt 128 375 0.341333 1
Node 53 32 18.2483
Pkt 255 750 0.34 1
Pkt 255 750 0.34 1
Node 66 45 16.7631
Pkt 68 200 0.34 1
Pkt 82 240 0.341667 1
Node 50 64 14
Pkt 109 320 0.340625 1
Pkt 109 320 0.340625 1
Rate:680.609
==========
==========6
8 0 2 24000
Node 25 68 30.8058
Pkt 55 160 0.34375 1
Pkt 85 250 0.34 1
Node 70 37 23.8537
Pkt 136 400 0.34 1
Pkt 164 480 0.341667 1
Node 30 47 20.2237
Pkt 272 800 0.34 1
Pkt 272 800 0.34 1
Node 35 71 25.807
Pkt 51 150 0.34 1
Pkt 82 240 0.341667 1
Node 31 32 26.1725
Pkt 102 300 0.34 1
Pkt 136 400 0.34 1
Node 52 47 3.60555
Pkt 272 800 0.34 1
Pkt 272 800 0.34 1
Node 35 36 20.5183
Pkt 66 192 0.34375 1
Pkt 43 125 0.344 1
Node 40 48 10.198
Pkt 128 375 0.341333 1
Pkt 102 300 0.34 1
Rate:682.021
==========
==========7
8 0 2 24000
Node 63 39 17.0294
Pkt 82 240 0.341667 1
Pkt 41 120 0.341667 1
Node 69 35 24.2074
Pkt 102 300 0.34 1
Pkt 164 480 0.341667 1
Node 31 72 29.0689
Pkt 272 800 0.34 1
Pkt 272 800 0.34 1
Node 70 50 20
Pkt 66 192 0.34375 1
Pkt 85 250 0.34 1
Node 25 43 25.9615
Pkt 102 300 0.34 1
Pkt 128 375 0.341333 1
Node 32 28 28.4253
Pkt 272 800 0.34 1
Pkt 255 750 0.34 1
Node 40 45 11.1803
Pkt 41 120 0.341667 1
Pkt 34 100 0.34 1
Node 51 55 5.09902
Pkt 109 320 0.340625 1
Pkt 128 375 0.341333 1
Rate:681.714
==========
==========8
8 0 2 24000
Node 49 53 3.16228
Pkt 82 240 0.341667 1
Pkt 34 100 0.34 1
Node 41 60 13.4536
Pkt 136 400 0.34 1
Pkt 102 300 0.34 1
Node 26 55 24.5153
Pkt 272 800 0.34 1
Pkt 255 750 0.34 1
Node 36 45 14.8661
Pkt 68 200 0.34 1
Pkt 66 192 0.34375 1
Node 36 44 15.2315
Pkt 136 400 0.34 1
Pkt 136 400 0.34 1
Node 52 53 3.60555
Pkt 272 800 0.34 1
Pkt 255 750 0.34 1
Node 45 27 23.5372
Pkt 68 200 0.34 1
Pkt 55 160 0.34375 1
Node 36 61 17.8045
Pkt 109 320 0.340625 1
Pkt 109 320 0.340625 1
Rate:681.302
==========
==========9
8 0 2 24000
Node 54 43 8.06226
Pkt 41 120 0.341667 1
Pkt 66 192 0.34375 1
Node 46 60 10.7703
Pkt 102 300 0.34 1
Pkt 164 480 0.341667 1
Node 42 26 25.2982
Pkt 255 750 0.34 1
Pkt 272 800 0.34 1
Node 39 56 12.53
Pkt 82 240 0.341667 1
Pkt 85 250 0.34 1
Node 59 37 15.8114
Pkt 164 480 0.341667 1
Pkt 102 300 0.34 1
Node 71 61 23.7065
Pkt 272 800 0.34 1
Pkt 255 750 0.34 1
Node 34 44 17.088
Pkt 68 200 0.34 1
Pkt 68 200 0.34 1
Node 57 25 25.9615
Pkt 164 480 0.341667 1
Pkt 136 400 0.34 1
Rate:681.51
==========
==========10
8 0 2 24000
Node 41 29 22.8473
Pkt 82 240 0.341667 1
Pkt 82 240 0.341667 1
Node 69 32 26.1725
Pkt 102 300 0.34 1
Pkt 109 320 0.340625 1
Node 38 49 12.0416
Pkt 255 750 0.34 1
Pkt 255 750 0.34 1
Node 65 33 22.6716
Pkt 41 120 0.341667 1
Pkt 43 125 0.344 1
Node 38 46 12.6491
Pkt 109 320 0.340625 1
Pkt 128 375 0.341333 1
Node 30 39 22.8254
Pkt 255 750 0.34 1
Pkt 255 750 0.34 1
Node 72 40 24.1661
Pkt 85 250 0.34 1
Pkt 51 150 0.34 1
Node 46 60 10.7703
Pkt 164 480 0.341667 1
Pkt 109 320 0.340625 1
Rate:681.734
==========
==========11
8 0 2 24000
Node 35 48 15.1327
Pkt 41 120 0.341667 1
Pkt 55 160 0.34375 1
Node 48 51 2.23607
Pkt 136 400 0.34 1
Pkt 109 320 0.340625 1
Node 29 56 21.8403
Pkt 272 800 0.34 1
Pkt 272 800 0.34 1
Node 73 48 23.0868
Pkt 66 192 0.34375 1
Pkt 66 192 0.34375 1
Node 29 71 29.6985
Pkt 102 300 0.34 1
Pkt 102 300 0.34 1
Node 25 33 30.2324
Pkt 272 800 0.34 1
Pkt 255 750 0.34 1
Node 63 61 17.0294
Pkt 66 192 0.34375 1
Pkt 43 125 0.344 1
Node 64 68 22.8035
Pkt 164 480 0.341667 1
Pkt 102 300 0.34 1
Rate:682.87
==========
==========12
8 0 2 24000
Node 57 33 18.3848
Pkt 41 120 0.341667 1
Pkt 51 150 0.34 1
Node 43 65 16.5529
Pkt 128 375 0.341333 1
Pkt 164 480 0.341667 1
Node 50 54 4
Pkt 272 800 0.34 1
Pkt 255 750 0.34 1
Node 64 55 14.8661
Pkt 82 240 0.341667 1
Pkt 68 200 0.34 1
Node 68 66 24.0832
Pkt 164 480 0.341667 1
Pkt 164 480 0.341667 1
Node 45 46 6.40312
Pkt 255 750 0.34 1
Pkt 255 750 0.34 1
Node 53 72 22.2036
Pkt 43 125 0.344 1
Pkt 51 150 0.34 1
Node 31 48 19.105
Pkt 109 320 0.340625 1
Pkt 136 400 0.34 1
Rate:681.786
==========
==========13
8 0 2 24000
Node 65 53 15.2971
Pkt 85 250 0.34 1
Pkt 55 160 0.34375 1
Node 34 30 25.6125
Pkt 164 480 0.341667 1
Pkt 102 300 0.34 1
Node 60 38 15.6205
Pkt 255 750 0.34 1
Pkt 272 800 0.34 1
Node 47 27 23.1948
Pkt 55 160 0.34375 1
Pkt 82 240 0.341667 1
Node 63 45 13.9284
Pkt 102 300 0.34 1
Pkt 109 320 0.340625 1
Node 59 67 19.2354
Pkt 255 750 0.34 1
Pkt 255 750 0.34 1
Node 68 50 18
Pkt 43 125 0.344 1
Pkt 41 120 0.341667 1
Node 48 52 2.82843
Pkt 128 375 0.341333 1
Pkt 102 300 0.34 1
Rate:682.307
==========
==========14
8 0 2 24000
Node 72 44 22.8035
Pkt 68 200 0.34 1
Pkt 66 192 0.34375 1
Node 57 44 9.21954
Pkt 136 400 0.34 1
Pkt 102 300 0.34 1
Node 69 45 19.6469
Pkt 272 800 0.34 1
Pkt 255 750 0.34 1
Node 52 64 14.1421
Pkt 82 240 0.341667 1
Pkt 41 120 0.341667 1
Node 37 44 14.3178
Pkt 102 300 0.34 1
Pkt 109 320 0.340625 1
Node 57 72 23.0868
Pkt 255 750 0.34 1
Pkt 255 750 0.34 1
Node 71 34 26.4008
Pkt 43 125 0.344 1
Pkt 55 160 0.34375 1
Node 66 69 24.8395
Pkt 164 480 0.341667 1
Pkt 128 375 0.341333 1
Rate:682.307
==========
==========15
8 0 2 24000
Node 63 57 14.7648
Pkt 82 240 0.341667 1
Pkt 34 100 0.34 1
Node 55 55 7.07107
Pkt 102 300 0.34 1
Pkt 128 375 0.341333 1
Node 52 52 2.82843
Pkt 255 750 0.34 1
Pkt 272 800 0.34 1
Node 73 27 32.5269
Pkt 85 250 0.34 1
Pkt 82 240 0.341667 1
Node 43 36 15.6525
Pkt 136 400 0.34 1
Pkt 109 320 0.340625 1
Node 55 37 13.9284
Pkt 272 800 0.34 1
Pkt 255 750 0.34 1
Node 39 32 21.095
Pkt 55 160 0.34375 1
Pkt 68 200 0.34 1
Node 58 26 25.2982
Pkt 136 400 0.34 1
Pkt 164 480 0.341667 1
Rate:681.339
==========
==========16
8 0 2 24000
Node 52 28 22.0907
Pkt 85 250 0.34 1
Pkt 43 125 0.344 1
Node 46 53 5
Pkt 164 480 0.341667 1
Pkt 102 300 0.34 1
Node 41 55 10.2956
Pkt 255 750 0.34 1
Pkt 255 750 0.34 1
Node 28 31 29.0689
Pkt 82 240 0.341667 1
Pkt 55 160 0.34375 1
Node 29 47 21.2132
Pkt 164 480 0.341667 1
Pkt 164 480 0.341667 1
Node 56 57 9.21954
Pkt 272 800 0.34 1
Pkt 255 750 0.34 1
Node 53 31 19.2354
Pkt 68 200 0.34 1
Pkt 68 200 0.34 1
Node 66 51 16.0312
Pkt 109 320 0.340625 1
Pkt 136 400 0.34 1
Rate:681.88
==========
==========17
8 0 2 24000
Node 38 72 25.0599
Pkt 41 120 0.341667 1
Pkt 82 240 0.341667 1
Node 63 65 19.8494
Pkt 128 375 0.341333 1
Pkt 164 480 0.341667 1
Node 49 54 4.12311
Pkt 272 800 0.34 1
Pkt 272 800 0.34 1
Node 65 46 15.5242
Pkt 68 200 0.34 1
Pkt 82 240 0.341667 1
Node 51 34 16.0312
Pkt 164 480 0.341667 1
Pkt 102 300 0.34 1
Node 74 30 31.241
Pkt 255 750 0.34 1
Pkt 255 750 0.34 1
Node 30 59 21.9317
Pkt 66 192 0.34375 1
Pkt 34 100 0.34 1
Node 74 35 28.3019
Pkt 136 400 0.34 1
Pkt 164 480 0.341667 1
Rate:681.885
==========
==========18
8 0 2 24000
Node 27 35 27.4591
Pkt 85 250 0.34 1
Pkt 82 240 0.341667 1
Node 73 61 25.4951
Pkt 136 400 0.34 1
Pkt 109 320 0.340625 1
Node 46 52 4.47214
Pkt 255 750 0.34 1
Pkt 255 750 0.34 1
Node 52 58 8.24621
Pkt 85 250 0.34 1
Pkt 55 160 0.34375 1
Node 59 69 21.0238
Pkt 164 480 0.341667 1
Pkt 102 300 0.34 1
Node 35 70 25
Pkt 272 800 0.34 1
Pkt 272 800 0.34 1
Node 40 34 18.868
Pkt 85 250 0.34 1
Pkt 85 250 0.34 1
Node 26 34 28.8444
Pkt 109 320 0.340625 1
Pkt 128 375 0.341333 1
Rate:681.208
==========
==========19
8 0 2 24000
Node 50 54 4
Pkt 85 250 0.34 1
Pkt 68 200 0.34 1
Node 62 72 25.0599
Pkt 102 300 0.34 1
Pkt 102 300 0.34 1
Node 56 43 9.21954
Pkt 255 750 0.34 1
Pkt 272 800 0.34 1
Node 52 72 22.0907
Pkt 43 125 0.344 1
Pkt 34 100 0.34 1
Node 48 51 2.23607
Pkt 136 400 0.34 1
Pkt 164 480 0.341667 1
Node 65 59 17.4929
Pkt 272 800 0.34 1
Pkt 255 750 0.34 1
Node 52 55 5.38516
Pkt 34 100 0.34 1
Pkt 82 240 0.341667 1
Node 65 44 16.1555
Pkt 109 320 0.340625 1
Pkt 102 300 0.34 1
Rate:680.995
==========
==========20
8 0 2 24000
Node 44 53 6.7082
Pkt 41 120 0.341667 1
Pkt 34 100 0.34 1
Node 62 63 17.6918
Pkt 128 375 0.341333 1
Pkt 136 400 0.34 1
Node 45 30 20.6155
Pkt 255 750 0.34 1
Pkt 272 800 0.34 1
Node 62 60 15.6205
Pkt 43 125 0.344 1
Pkt 82 240 0.341667 1
Node 60 30 22.3607
Pkt 136 400 0.34 1
Pkt 136 400 0.34 1
Node 59 67 19.2354
Pkt 255 750 0.34 1
Pkt 255 750 0.34 1
Node 45 69 19.6469
Pkt 51 150 0.34 1
Pkt 55 160 0.34375 1
Node 46 54 5.65685
Pkt 136 400 0.34 1
Pkt 109 320 0.340625 1
Rate:681.63
==========
==========21
8 0 2 24000
Node 59 35 17.4929
Pkt 55 160 0.34375 1
Pkt 43 125 0.344 1
Node 40 25 26.9258
Pkt 109 320 0.340625 1
Pkt 109 320 0.340625 1
Node 56 60 11.6619
Pkt 255 750 0.34 1
Pkt 272 800 0.34 1
Node 40 31 21.4709
Pkt 55 160 0.34375 1
Pkt 43 125 0.344 1
Node 31 53 19.2354
Pkt 164 480 0.341667 1
Pkt 128 375 0.341333 1
Node 58 70 21.5407
Pkt 272 800 0.34 1
Pkt 255 750 0.34 1
Node 74 42 25.2982
Pkt 66 192 0.34375 1
Pkt 51 150 0.34 1
Node 48 41 9.21954
Pkt 164 480 0.341667 1
Pkt 109 320 0.340625 1
Rate:683.224
==========
==========22
8 0 2 24000
Node 32 51 18.0278
Pkt 68 200 0.34 1
Pkt 34 100 0.34 1
Node 53 30 20.2237
Pkt 109 320 0.340625 1
Pkt 164 480 0.341667 1
Node 44 60 11.6619
Pkt 255 750 0.34 1
Pkt 255 750 0.34 1
Node 69 57 20.2485
Pkt 82 240 0.341667 1
Pkt 43 125 0.344 1
Node 46 35 15.5242
Pkt 136 400 0.34 1
Pkt 136 400 0.34 1
Node 54 68 18.4391
Pkt 272 800 0.34 1
Pkt 272 800 0.34 1
Node 53 46 5
Pkt 34 100 0.34 1
Pkt 51 150 0.34 1
Node 57 52 7.28011
Pkt 128 375 0.341333 1
Pkt 128 375 0.341333 1
Rate:681.328
==========
==========23
8 0 2 24000
Node 36 31 23.6008
Pkt 68 200 0.34 1
Pkt 55 160 0.34375 1
Node 61 63 17.0294
Pkt 136 400 0.34 1
Pkt 164 480 0.341667 1
Node 36 35 20.5183
Pkt 255 750 0.34 1
Pkt 272 800 0.34 1
Node 49 43 7.07107
Pkt 41 120 0.341667 1
Pkt 55 160 0.34375 1
Node 54 55 6.40312
Pkt 164 480 0.341667 1
Pkt 102 300 0.34 1
Node 53 56 6.7082
Pkt 272 800 0.34 1
Pkt 255 750 0.34 1
Node 50 35 15
Pkt 34 100 0.34 1
Pkt 34 100 0.34 1
Node 32 34 24.0832
Pkt 109 320 0.340625 1
Pkt 164 480 0.341667 1
Rate:681.849
==========
==========24
8 0 2 24000
Node 43 65 16.5529
Pkt 55 160 0.34375 1
Pkt 41 120 0.341667 1
Node 60 53 10.4403
Pkt 136 400 0.34 1
Pkt 164 480 0.341667 1
Node 72 43 23.0868
Pkt 255 750 0.34 1
Pkt 272 800 0.34 1
Node 62 36 18.4391
Pkt 68 200 0.34 1
Pkt 55 160 0.34375 1
Node 54 31 19.4165
Pkt 109 320 0.340625 1
Pkt 136 400 0.34 1
Node 57 61 13.0384
Pkt 272 800 0.34 1
Pkt 272 800 0.34 1
Node 48 54 4.47214
Pkt 41 120 0.341667 1
Pkt 51 150 0.34 1
Node 61 57 13.0384
Pkt 109 320 0.340625 1
Pkt 109 320 0.340625 1
Rate:681.797
==========
==========25
8 0 2 24000
Node 33 48 17.1172
Pkt 51 150 0.34 1
Pkt 85 250 0.34 1
Node 34 71 26.4008
Pkt 109 320 0.340625 1
Pkt 109 320 0.340625 1
Node 55 50 5
Pkt 272 800 0.34 1
Pkt 272 800 0.34 1
Node 31 48 19.105
Pkt 85 250 0.34 1
Pkt 55 160 0.34375 1
Node 72 61 24.5967
Pkt 102 300 0.34 1
Pkt 136 400 0.34 1
Node 40 69 21.4709
Pkt 255 750 0.34 1
Pkt 272 800 0.34 1
Node 39 33 20.2485
Pkt 85 250 0.34 1
Pkt 41 120 0.341667 1
Node 44 41 10.8167
Pkt 128 375 0.341333 1
Pkt 164 480 0.341667 1
Rate:681.208
==========
==========26
8 0 2 24000
Node 46 51 4.12311
Pkt 51 150 0.34 1
Pkt 85 250 0.34 1
Node 25 29 32.6497
Pkt 136 400 0.34 1
Pkt 102 300 0.34 1
Node 71 49 21.0238
Pkt 255 750 0.34 1
Pkt 255 750 0.34 1
Node 48 46 4.47214
Pkt 55 160 0.34375 1
Pkt 68 200 0.34 1
Node 67 73 28.6007
Pkt 136 400 0.34 1
Pkt 109 320 0.340625 1
Node 33 64 22.0227
Pkt 255 750 0.34 1
Pkt 272 800 0.34 1
Node 70 48 20.0998
Pkt 66 192 0.34375 1
Pkt 51 150 0.34 1
Node 25 71 32.6497
Pkt 136 400 0.34 1
Pkt 136 400 0.34 1
Rate:681.016
==========
==========27
8 0 2 24000
Node 56 65 16.1555
Pkt 68 200 0.34 1
Pkt 43 125 0.344 1
Node 64 68 22.8035
Pkt 109 320 0.340625 1
Pkt 109 320 0.340625 1
Node 54 43 8.06226
Pkt 272 800 0.34 1
Pkt 255 750 0.34 1
Node 36 69 23.6008
Pkt 41 120 0.341667 1
Pkt 55 160 0.34375 1
Node 40 62 15.6205
Pkt 164 480 0.341667 1
Pkt 136 400 0.34 1
Node 71 38 24.1868
Pkt 255 750 0.34 1
Pkt 255 750 0.34 1
Node 61 50 11
Pkt 66 192 0.34375 1
Pkt 55 160 0.34375 1
Node 31 51 19.0263
Pkt 102 300 0.34 1
Pkt 109 320 0.340625 1
Rate:682.557
==========
==========28
8 0 2 24000
Node 28 59 23.7697
Pkt 68 200 0.34 1
Pkt 41 120 0.341667 1
Node 53 51 3.16228
Pkt 128 375 0.341333 1
Pkt 102 300 0.34 1
Node 67 60 19.7231
Pkt 255 750 0.34 1
Pkt 255 750 0.34 1
Node 57 50 7
Pkt 85 250 0.34 1
Pkt 34 100 0.34 1
Node 40 29 23.2594
Pkt 128 375 0.341333 1
Pkt 128 375 0.341333 1
Node 36 66 21.2603
Pkt 272 800 0.34 1
Pkt 255 750 0.34 1
Node 30 61 22.8254
Pkt 68 200 0.34 1
Pkt 55 160 0.34375 1
Node 29 37 24.6982
Pkt 136 400 0.34 1
Pkt 136 400 0.34 1
Rate:681.177
==========
==========29
8 0 2 24000
Node 67 54 17.4642
Pkt 34 100 0.34 1
Pkt 43 125 0.344 1
Node 27 65 27.4591
Pkt 109 320 0.340625 1
Pkt 109 320 0.340625 1
Node 35 74 28.3019
Pkt 255 750 0.34 1
Pkt 255 750 0.34 1
Node 37 47 13.3417
Pkt 34 100 0.34 1
Pkt 85 250 0.34 1
Node 70 32 26.9072
Pkt 164 480 0.341667 1
Pkt 164 480 0.341667 1
Node 46 43 8.06226
Pkt 255 750 0.34 1
Pkt 255 750 0.34 1
Node 41 54 9.84886
Pkt 34 100 0.34 1
Pkt 43 125 0.344 1
Node 64 51 14.0357
Pkt 136 400 0.34 1
Pkt 109 320 0.340625 1
Rate:681.651
==========
==========30
8 0 2 24000
Node 50 60 10
Pkt 55 160 0.34375 1
Pkt 43 125 0.344 1
Node 68 54 18.4391
Pkt 136 400 0.34 1
Pkt 109 320 0.340625 1
Node 37 34 20.6155
Pkt 255 750 0.34 1
Pkt 255 750 0.34 1
Node 48 31 19.105
Pkt 66 192 0.34375 1
Pkt 82 240 0.341667 1
Node 56 37 14.3178
Pkt 128 375 0.341333 1
Pkt 109 320 0.340625 1
Node 52 44 6.32456
Pkt 255 750 0.34 1
Pkt 255 750 0.34 1
Node 40 41 13.4536
Pkt 34 100 0.34 1
Pkt 82 240 0.341667 1
Node 38 43 13.8924
Pkt 164 480 0.341667 1
Pkt 164 480 0.341667 1
Rate:682.594
==========
==========31
8 0 2 24000
Node 54 34 16.4924
Pkt 43 125 0.344 1
Pkt 68 200 0.34 1
Node 36 43 15.6525
Pkt 128 375 0.341333 1
Pkt 164 480 0.341667 1
Node 47 53 4.24264
Pkt 255 750 0.34 1
Pkt 272 800 0.34 1
Node 60 28 24.1661
Pkt 41 120 0.341667 1
Pkt 82 240 0.341667 1
Node 71 59 22.8473
Pkt 102 300 0.34 1
Pkt 109 320 0.340625 1
Node 64 37 19.105
Pkt 255 750 0.34 1
Pkt 255 750 0.34 1
Node 54 40 10.7703
Pkt 43 125 0.344 1
Pkt 43 125 0.344 1
Node 54 62 12.6491
Pkt 102 300 0.34 1
Pkt 164 480 0.341667 1
Rate:682.578
==========
==========32
8 0 2 24000
Node 32 31 26.1725
Pkt 85 250 0.34 1
Pkt 68 200 0.34 1
Node 62 54 12.6491
Pkt 109 320 0.340625 1
Pkt 136 400 0.34 1
Node 26 36 27.7849
Pkt 255 750 0.34 1
Pkt 255 750 0.34 1
Node 44 37 14.3178
Pkt 43 125 0.344 1
Pkt 82 240 0.341667 1
Node 52 44 6.32456
Pkt 136 400 0.34 1
Pkt 128 375 0.341333 1
Node 65 30 25
Pkt 255 750 0.34 1
Pkt 255 750 0.34 1
Node 30 36 24.4131
Pkt 43 125 0.344 1
Pkt 34 100 0.34 1
Node 32 38 21.6333
Pkt 164 480 0.341667 1
Pkt 136 400 0.34 1
Rate:681.661
==========
==========33
8 0 2 24000
Node 38 61 16.2788
Pkt 85 250 0.34 1
Pkt 82 240 0.341667 1
Node 31 29 28.3196
Pkt 164 480 0.341667 1
Pkt 164 480 0.341667 1
Node 74 67 29.4109
Pkt 272 800 0.34 1
Pkt 272 800 0.34 1
Node 61 58 13.6015
Pkt 34 100 0.34 1
Pkt 55 160 0.34375 1
Node 74 69 30.6105
Pkt 136 400 0.34 1
Pkt 128 375 0.341333 1
Node 29 58 22.4722
Pkt 272 800 0.34 1
Pkt 255 750 0.34 1
Node 65 70 25
Pkt 43 125 0.344 1
Pkt 85 250 0.34 1
Node 31 50 19
Pkt 109 320 0.340625 1
Pkt 109 320 0.340625 1
Rate:681.917
==========
==========34
8 0 2 24000
Node 51 54 4.12311
Pkt 68 200 0.34 1
Pkt 66 192 0.34375 1
Node 65 25 29.1548
Pkt 109 320 0.340625 1
Pkt 128 375 0.341333 1
Node 47 33 17.2627
Pkt 255 750 0.34 1
Pkt 255 750 0.34 1
Node 29 25 32.6497
Pkt 43 125 0.344 1
Pkt 51 150 0.34 1
Node 40 63 16.4012
Pkt 164 480 0.341667 1
Pkt 164 480 0.341667 1
Node 72 42 23.4094
Pkt 272 800 0.34 1
Pkt 272 800 0.34 1
Node 30 30 28.2843
Pkt 66 192 0.34375 1
Pkt 43 125 0.344 1
Node 38 28 25.0599
Pkt 136 400 0.34 1
Pkt 102 300 0.34 1
Rate:682.599
==========
==========35
8 0 2 24000
Node 63 71 24.6982
Pkt 66 192 0.34375 1
Pkt 55 160 0.34375 1
Node 51 43 7.07107
Pkt 164 480 0.341667 1
Pkt 128 375 0.341333 1
Node 31 38 22.4722
Pkt 255 750 0.34 1
Pkt 272 800 0.34 1
Node 72 26 32.5576
Pkt 68 200 0.34 1
Pkt 34 100 0.34 1
Node 38 67 20.8087
Pkt 164 480 0.341667 1
Pkt 164 480 0.341667 1
Node 27 53 23.1948
Pkt 255 750 0.34 1
Pkt 255 750 0.34 1
Node 38 53 12.3693
Pkt 51 150 0.34 1
Pkt 51 150 0.34 1
Node 70 38 23.3238
Pkt 164 480 0.341667 1
Pkt 128 375 0.341333 1
Rate:682.104
==========
==========36
8 0 2 24000
Node 33 52 17.1172
Pkt 43 125 0.344 1
Pkt 51 150 0.34 1
Node 63 58 15.2643
Pkt 136 400 0.34 1
Pkt 102 300 0.34 1
Node 29 50 21
Pkt 255 750 0.34 1
Pkt 272 800 0.34 1
Node 65 57 16.5529
Pkt 85 250 0.34 1
Pkt 82 240 0.341667 1
Node 35 40 18.0278
Pkt 109 320 0.340625 1
Pkt 102 300 0.34 1
Node 30 50 20
Pkt 255 750 0.34 1
Pkt 272 800 0.34 1
Node 44 72 22.8035
Pkt 55 160 0.34375 1
Pkt 66 192 0.34375 1
Node 65 36 20.5183
Pkt 102 300 0.34 1
Pkt 136 400 0.34 1
Rate:681.724
==========
==========37
8 0 2 24000
Node 70 73 30.4795
Pkt 66 192 0.34375 1
Pkt 82 240 0.341667 1
Node 70 27 30.4795
Pkt 109 320 0.340625 1
Pkt 128 375 0.341333 1
Node 59 33 19.2354
Pkt 255 750 0.34 1
Pkt 255 750 0.34 1
Node 73 69 29.8329
Pkt 85 250 0.34 1
Pkt 68 200 0.34 1
Node 49 59 9.05539
Pkt 109 320 0.340625 1
Pkt 109 320 0.340625 1
Node 49 30 20.025
Pkt 255 750 0.34 1
Pkt 255 750 0.34 1
Node 69 70 27.5862
Pkt 68 200 0.34 1
Pkt 34 100 0.34 1
Node 31 67 25.4951
Pkt 164 480 0.341667 1
Pkt 102 300 0.34 1
Rate:681.286
==========
==========38
8 0 2 24000
Node 37 60 16.4012
Pkt 82 240 0.341667 1
Pkt 85 250 0.34 1
Node 70 44 20.8806
Pkt 102 300 0.34 1
Pkt 102 300 0.34 1
Node 39 32 21.095
Pkt 272 800 0.34 1
Pkt 272 800 0.34 1
Node 74 48 24.0832
Pkt 68 200 0.34 1
Pkt 34 100 0.34 1
Node 50 35 15
Pkt 102 300 0.34 1
Pkt 128 375 0.341333 1
Node 71 35 25.807
Pkt 255 750 0.34 1
Pkt 255 750 0.34 1
Node 53 60 10.4403
Pkt 41 120 0.341667 1
Pkt 55 160 0.34375 1
Node 69 50 19
Pkt 128 375 0.341333 1
Pkt 128 375 0.341333 1
Rate:681.385
==========
==========39
8 0 2 24000
Node 25 39 27.313
Pkt 66 192 0.34375 1
Pkt 68 200 0.34 1
Node 74 62 26.8328
Pkt 164 480 0.341667 1
Pkt 164 480 0.341667 1
Node 67 64 22.0227
Pkt 272 800 0.34 1
Pkt 272 800 0.34 1
Node 45 27 23.5372
Pkt 41 120 0.341667 1
Pkt 55 160 0.34375 1
Node 42 54 8.94427
Pkt 136 400 0.34 1
Pkt 109 320 0.340625 1
Node 60 46 10.7703
Pkt 255 750 0.34 1
Pkt 255 750 0.34 1
Node 71 31 28.3196
Pkt 41 120 0.341667 1
Pkt 41 120 0.341667 1
Node 50 48 2
Pkt 102 300 0.34 1
Pkt 164 480 0.341667 1
Rate:682.266
==========
==========40
8 0 2 24000
Node 54 39 11.7047
Pkt 55 160 0.34375 1
Pkt 34 100 0.34 1
Node 51 27 23.0217
Pkt 136 400 0.34 1
Pkt 164 480 0.341667 1
Node 27 65 27.4591
Pkt 272 800 0.34 1
Pkt 272 800 0.34 1
Node 66 61 19.4165
Pkt 68 200 0.34 1
Pkt 85 250 0.34 1
Node 49 39 11.0454
Pkt 128 375 0.341333 1
Pkt 102 300 0.34 1
Node 74 38 26.8328
Pkt 255 750 0.34 1
Pkt 272 800 0.34 1
Node 70 72 29.7321
Pkt 51 150 0.34 1
Pkt 41 120 0.341667 1
Node 33 28 27.8029
Pkt 136 400 0.34 1
Pkt 102 300 0.34 1
Rate:681.052
==========
==========41
8 0 2 24000
Node 49 29 21.0238
Pkt 51 150 0.34 1
Pkt 43 125 0.344 1
Node 55 37 13.9284
Pkt 102 300 0.34 1
Pkt 109 320 0.340625 1
Node 67 32 24.7588
Pkt 255 750 0.34 1
Pkt 272 800 0.34 1
Node 60 72 24.1661
Pkt 68 200 0.34 1
Pkt 43 125 0.344 1
Node 44 49 6.08276
Pkt 128 375 0.341333 1
Pkt 109 320 0.340625 1
Node 54 27 23.3452
Pkt 272 800 0.34 1
Pkt 272 800 0.34 1
Node 38 58 14.4222
Pkt 66 192 0.34375 1
Pkt 55 160 0.34375 1
Node 54 69 19.4165
Pkt 136 400 0.34 1
Pkt 136 400 0.34 1
Rate:682.26
==========
==========42
8 0 2 24000
Node 27 66 28.0179
Pkt 66 192 0.34375 1
Pkt 41 120 0.341667 1
Node 48 71 21.095
Pkt 128 375 0.341333 1
Pkt 164 480 0.341667 1
Node 30 54 20.3961
Pkt 255 750 0.34 1
Pkt 272 800 0.34 1
Node 32 65 23.4307
Pkt 43 125 0.344 1
Pkt 68 200 0.34 1
Node 53 45 5.83095
Pkt 109 320 0.340625 1
Pkt 164 480 0.341667 1
Node 69 50 19
Pkt 255 750 0.34 1
Pkt 255 750 0.34 1
Node 69 40 21.4709
Pkt 51 150 0.34 1
Pkt 51 150 0.34 1
Node 31 73 29.8329
Pkt 136 400 0.34 1
Pkt 136 400 0.34 1
Rate:681.839
==========
==========43
8 0 2 24000
Node 34 33 23.3452
Pkt 68 200 0.34 1
Pkt 41 120 0.341667 1
Node 65 30 25
Pkt 109 320 0.340625 1
Pkt 164 480 0.341667 1
Node 54 48 4.47214
Pkt 272 800 0.34 1
Pkt 255 750 0.34 1
Node 65 70 25
Pkt 66 192 0.34375 1
Pkt 43 125 0.344 1
Node 52 34 16.1245
Pkt 109 320 0.340625 1
Pkt 128 375 0.341333 1
Node 47 61 11.4018
Pkt 272 800 0.34 1
Pkt 272 800 0.34 1
Node 41 39 14.2127
Pkt 55 160 0.34375 1
Pkt 55 160 0.34375 1
Node 53 36 14.3178
Pkt 102 300 0.34 1
Pkt 164 480 0.341667 1
Rate:682.854
==========
==========44
8 0 2 24000
Node 34 60 18.868
Pkt 43 125 0.344 1
Pkt 85 250 0.34 1
Node 32 44 18.9737
Pkt 136 400 0.34 1
Pkt 102 300 0.34 1
Node 64 47 14.3178
Pkt 255 750 0.34 1
Pkt 255 750 0.34 1
Node 52 53 3.60555
Pkt 85 250 0.34 1
Pkt 51 150 0.34 1
Node 41 41 12.7279
Pkt 109 320 0.340625 1
Pkt 128 375 0.341333 1
Node 52 33 17.1172
Pkt 272 800 0.34 1
Pkt 255 750 0.34 1
Node 74 57 25
Pkt 55 160 0.34375 1
Pkt 43 125 0.344 1
Node 61 40 14.8661
Pkt 128 375 0.341333 1
Pkt 164 480 0.341667 1
Rate:682.089
==========
==========45
8 0 2 24000
Node 45 67 17.72
Pkt 34 100 0.34 1
Pkt 41 120 0.341667 1
Node 49 26 24.0208
Pkt 128 375 0.341333 1
Pkt 136 400 0.34 1
Node 39 53 11.4018
Pkt 255 750 0.34 1
Pkt 255 750 0.34 1
Node 51 45 5.09902
Pkt 68 200 0.34 1
Pkt 43 125 0.344 1
Node 53 38 12.3693
Pkt 109 320 0.340625 1
Pkt 136 400 0.34 1
Node 61 32 21.095
Pkt 272 800 0.34 1
Pkt 272 800 0.34 1
Node 73 56 23.7697
Pkt 55 160 0.34375 1
Pkt 43 125 0.344 1
Node 72 27 31.8277
Pkt 102 300 0.34 1
Pkt 164 480 0.341667 1
Rate:682.13
==========
==========46
8 0 2 24000
Node 63 30 23.8537
Pkt 41 120 0.341667 1
Pkt 34 100 0.34 1
Node 68 39 21.095
Pkt 102 300 0.34 1
Pkt 128 375 0.341333 1
Node 48 62 12.1655
Pkt 272 800 0.34 1
Pkt 255 750 0.34 1
Node 58 37 15.2643
Pkt 85 250 0.34 1
Pkt 85 250 0.34 1
Node 25 43 25.9615
Pkt 128 375 0.341333 1
Pkt 136 400 0.34 1
Node 28 46 22.3607
Pkt 272 800 0.34 1
Pkt 255 750 0.34 1
Node 42 37 15.2643
Pkt 85 250 0.34 1
Pkt 55 160 0.34375 1
Node 55 59 10.2956
Pkt 102 300 0.34 1
Pkt 164 480 0.341667 1
Rate:681.219
==========
==========47
8 0 2 24000
Node 30 57 21.1896
Pkt 43 125 0.344 1
Pkt 51 150 0.34 1
Node 41 55 10.2956
Pkt 164 480 0.341667 1
Pkt 109 320 0.340625 1
Node 37 59 15.8114
Pkt 272 800 0.34 1
Pkt 255 750 0.34 1
Node 73 34 28.0179
Pkt 68 200 0.34 1
Pkt 82 240 0.341667 1
Node 71 38 24.1868
Pkt 136 400 0.34 1
Pkt 102 300 0.34 1
Node 38 74 26.8328
Pkt 272 800 0.34 1
Pkt 255 750 0.34 1
Node 37 35 19.8494
Pkt 82 240 0.341667 1
Pkt 82 240 0.341667 1
Node 30 33 26.2488
Pkt 102 300 0.34 1
Pkt 102 300 0.34 1
Rate:681.411
==========
==========48
8 0 2 24000
Node 61 72 24.5967
Pkt 68 200 0.34 1
Pkt 41 120 0.341667 1
Node 33 59 19.2354
Pkt 164 480 0.341667 1
Pkt 164 480 0.341667 1
Node 55 54 6.40312
Pkt 272 800 0.34 1
Pkt 272 800 0.34 1
Node 57 74 25
Pkt 66 192 0.34375 1
Pkt 41 120 0.341667 1
Node 46 40 10.7703
Pkt 164 480 0.341667 1
Pkt 102 300 0.34 1
Node 57 34 17.4642
Pkt 255 750 0.34 1
Pkt 255 750 0.34 1
Node 44 72 22.8035
Pkt 82 240 0.341667 1
Pkt 34 100 0.34 1
Node 57 68 19.3132
Pkt 102 300 0.34 1
Pkt 102 300 0.34 1
Rate:681.719
==========
==========49
8 0 2 24000
Node 64 40 17.2047
Pkt 55 160 0.34375 1
Pkt 51 150 0.34 1
Node 65 36 20.5183
Pkt 102 300 0.34 1
Pkt 102 300 0.34 1
Node 55 53 5.83095
Pkt 272 800 0.34 1
Pkt 255 750 0.34 1
Node 26 65 28.3019
Pkt 41 120 0.341667 1
Pkt 82 240 0.341667 1
Node 66 64 21.2603
Pkt 136 400 0.34 1
Pkt 109 320 0.340625 1
Node 58 72 23.4094
Pkt 272 800 0.34 1
Pkt 255 750 0.34 1
Node 67 73 28.6007
Pkt 51 150 0.34 1
Pkt 41 120 0.341667 1
Node 37 28 25.5539
Pkt 102 300 0.34 1
Pkt 128 375 0.341333 1
Rate:681.339
==========
==========50
8 0 2 24000
Node 44 73 23.7697
Pkt 41 120 0.341667 1
Pkt 51 150 0.34 1
Node 31 46 19.4165
Pkt 164 480 0.341667 1
Pkt 109 320 0.340625 1
Node 57 51 7.07107
Pkt 272 800 0.34 1
Pkt 272 800 0.34 1
Node 33 39 20.2485
Pkt 41 120 0.341667 1
Pkt 55 160 0.34375 1
Node 60 25 26.9258
Pkt 109 320 0.340625 1
Pkt 136 400 0.34 1
Node 46 34 16.4924
Pkt 272 800 0.34 1
Pkt 272 800 0.34 1
Node 47 40 10.4403
Pkt 43 125 0.344 1
Pkt 85 250 0.34 1
Node 47 46 5
Pkt 164 480 0.341667 1
Pkt 136 400 0.34 1
Rate:681.958
==========
==========51
8 0 2 24000
Node 29 74 31.8904
Pkt 55 160 0.34375 1
Pkt 43 125 0.344 1
Node 49 54 4.12311
Pkt 102 300 0.34 1
Pkt 164 480 0.341667 1
Node 51 53 3.16228
Pkt 272 800 0.34 1
Pkt 272 800 0.34 1
Node 49 68 18.0278
Pkt 51 150 0.34 1
Pkt 43 125 0.344 1
Node 66 27 28.0179
Pkt 136 400 0.34 1
Pkt 136 400 0.34 1
Node 58 52 8.24621
Pkt 272 800 0.34 1
Pkt 255 750 0.34 1
Node 51 27 23.0217
Pkt 82 240 0.341667 1
Pkt 66 192 0.34375 1
Node 44 54 7.2111
Pkt 109 320 0.340625 1
Pkt 136 400 0.34 1
Rate:682.432
==========
==========52
8 0 2 24000
Node 45 62 13
Pkt 68 200 0.34 1
Pkt 85 250 0.34 1
Node 46 51 4.12311
Pkt 164 480 0.341667 1
Pkt 102 300 0.34 1
Node 73 43 24.0416
Pkt 272 800 0.34 1
Pkt 272 800 0.34 1
Node 64 56 15.2315
Pkt 43 125 0.344 1
Pkt 55 160 0.34375 1
Node 68 65 23.4307
Pkt 164 480 0.341667 1
Pkt 102 300 0.34 1
Node 73 30 30.4795
Pkt 272 800 0.34 1
Pkt 255 750 0.34 1
Node 42 48 8.24621
Pkt 55 160 0.34375 1
Pkt 51 150 0.34 1
Node 25 41 26.5707
Pkt 128 375 0.341333 1
Pkt 164 480 0.341667 1
Rate:682.229
==========
==========53
8 0 2 24000
Node 60 70 22.3607
Pkt 43 125 0.344 1
Pkt 82 240 0.341667 1
Node 45 64 14.8661
Pkt 136 400 0.34 1
Pkt 102 300 0.34 1
Node 34 50 16
Pkt 272 800 0.34 1
Pkt 272 800 0.34 1
Node 63 28 25.5539
Pkt 55 160 0.34375 1
Pkt 43 125 0.344 1
Node 46 63 13.6015
Pkt 136 400 0.34 1
Pkt 109 320 0.340625 1
Node 71 70 29
Pkt 272 800 0.34 1
Pkt 272 800 0.34 1
Node 44 57 9.21954
Pkt 34 100 0.34 1
Pkt 82 240 0.341667 1
Node 37 57 14.7648
Pkt 109 320 0.340625 1
Pkt 136 400 0.34 1
Rate:682.042
==========
==========54
8 0 2 24000
Node 55 40 11.1803
Pkt 41 120 0.341667 1
Pkt 55 160 0.34375 1
Node 32 54 18.4391
Pkt 164 480 0.341667 1
Pkt 164 480 0.341667 1
Node 46 73 23.3452
Pkt 272 800 0.34 1
Pkt 272 800 0.34 1
Node 42 70 21.5407
Pkt 68 200 0.34 1
Pkt 85 250 0.34 1
Node 50 63 13
Pkt 128 375 0.341333 1
Pkt 128 375 0.341333 1
Node 62 39 16.2788
Pkt 272 800 0.34 1
Pkt 255 750 0.34 1
Node 62 62 16.9706
Pkt 85 250 0.34 1
Pkt 68 200 0.34 1
Node 58 55 9.43398
Pkt 128 375 0.341333 1
Pkt 109 320 0.340625 1
Rate:681.672
==========
==========55
8 0 2 24000
Node 73 68 29.2062
Pkt 43 125 0.344 1
Pkt 82 240 0.341667 1
Node 38 52 12.1655
Pkt 136 400 0.34 1
Pkt 102 300 0.34 1
Node 38 25 27.7308
Pkt 255 750 0.34 1
Pkt 255 750 0.34 1
Node 61 42 13.6015
Pkt 51 150 0.34 1
Pkt 68 200 0.34 1
Node 63 34 20.6155
Pkt 128 375 0.341333 1
Pkt 164 480 0.341667 1
Node 68 47 18.2483
Pkt 272 800 0.34 1
Pkt 272 800 0.34 1
Node 30 51 20.025
Pkt 55 160 0.34375 1
Pkt 43 125 0.344 1
Node 46 60 10.7703
Pkt 109 320 0.340625 1
Pkt 102 300 0.34 1
Rate:682.13
==========
==========56
8 0 2 24000
Node 32 63 22.2036
Pkt 85 250 0.34 1
Pkt 85 250 0.34 1
Node 71 61 23.7065
Pkt 109 320 0.340625 1
Pkt 109 320 0.340625 1
Node 36 29 25.2389
Pkt 255 750 0.34 1
Pkt 255 750 0.34 1
Node 46 54 5.65685
Pkt 43 125 0.344 1
Pkt 68 200 0.34 1
Node 68 65 23.4307
Pkt 128 375 0.341333 1
Pkt 164 480 0.341667 1
Node 63 46 13.6015
Pkt 255 750 0.34 1
Pkt 272 800 0.34 1
Node 59 65 17.4929
Pkt 41 120 0.341667 1
Pkt 68 200 0.34 1
Node 52 46 4.47214
Pkt 164 480 0.341667 1
Pkt 128 375 0.341333 1
Rate:681.615
==========
==========57
8 0 2 24000
Node 69 67 25.4951
Pkt 68 200 0.34 1
Pkt 85 250 0.34 1
Node 48 43 7.28011
Pkt 128 375 0.341333 1
Pkt 164 480 0.341667 1
Node 48 63 13.1529
Pkt 255 750 0.34 1
Pkt 272 800 0.34 1
Node 49 34 16.0312
Pkt 41 120 0.341667 1
Pkt 55 160 0.34375 1
Node 71 28 30.4138
Pkt 164 480 0.341667 1
Pkt 128 375 0.341333 1
Node 53 46 5
Pkt 255 750 0.34 1
Pkt 272 800 0.34 1
Node 33 55 17.72
Pkt 66 192 0.34375 1
Pkt 34 100 0.34 1
Node 58 38 14.4222
Pkt 128 375 0.341333 1
Pkt 109 320 0.340625 1
Rate:682.141
==========
==========58
8 0 2 24000
Node 58 39 13.6015
Pkt 43 125 0.344 1
Pkt 68 200 0.34 1
Node 73 38 25.9422
Pkt 164 480 0.341667 1
Pkt 102 300 0.34 1
Node 72 62 25.0599
Pkt 272 800 0.34 1
Pkt 255 750 0.34 1
Node 33 25 30.2324
Pkt 85 250 0.34 1
Pkt 66 192 0.34375 1
Node 38 67 20.8087
Pkt 136 400 0.34 1
Pkt 109 320 0.340625 1
Node 45 37 13.9284
Pkt 255 750 0.34 1
Pkt 272 800 0.34 1
Node 46 64 14.5602
Pkt 85 250 0.34 1
Pkt 41 120 0.341667 1
Node 47 49 3.16228
Pkt 102 300 0.34 1
Pkt 109 320 0.340625 1
Rate:681.542
==========
==========59
8 0 2 24000
Node 36 41 16.6433
Pkt 85 250 0.34 1
Pkt 66 192 0.34375 1
Node 65 43 16.5529
Pkt 128 375 0.341333 1
Pkt 102 300 0.34 1
Node 42 39 13.6015
Pkt 255 750 0.34 1
Pkt 272 800 0.34 1
Node 50 52 2
Pkt 66 192 0.34375 1
Pkt 68 200 0.34 1
Node 65 66 21.9317
Pkt 164 480 0.341667 1
Pkt 136 400 0.34 1
Node 50 32 18
Pkt 272 800 0.34 1
Pkt 272 800 0.34 1
Node 46 43 8.06226
Pkt 66 192 0.34375 1
Pkt 85 250 0.34 1
Node 50 37 13
Pkt 136 400 0.34 1
Pkt 102 300 0.34 1
Rate:681.781
==========
==========60
8 0 2 24000
Node 29 26 31.8904
Pkt 85 250 0.34 1
Pkt 55 160 0.34375 1
Node 40 27 25.0799
Pkt 136 400 0.34 1
Pkt 136 400 0.34 1
Node 35 36 20.5183
Pkt 272 800 0.34 1
Pkt 272 800 0.34 1
Node 71 49 21.0238
Pkt 66 192 0.34375 1
Pkt 66 192 0.34375 1
Node 40 50 10
Pkt 128 375 0.341333 1
Pkt 164 480 0.341667 1
Node 45 35 15.8114
Pkt 255 750 0.34 1
Pkt 272 800 0.34 1
Node 29 42 22.4722
Pkt 41 120 0.341667 1
Pkt 66 192 0.34375 1
Node 54 43 8.06226
Pkt 109 320 0.340625 1
Pkt 164 480 0.341667 1
Rate:682.745
==========
==========61
8 0 2 24000
Node 63 59 15.8114
Pkt 82 240 0.341667 1
Pkt 68 200 0.34 1
Node 31 46 19.4165
Pkt 128 375 0.341333 1
Pkt 164 480 0.341667 1
Node 53 39 11.4018
Pkt 272 800 0.34 1
Pkt 272 800 0.34 1
Node 63 30 23.8537
Pkt 55 160 0.34375 1
Pkt 51 150 0.34 1
Node 40 56 11.6619
Pkt 128 375 0.341333 1
Pkt 102 300 0.34 1
Node 26 65 28.3019
Pkt 255 750 0.34 1
Pkt 255 750 0.34 1
Node 44 37 14.3178
Pkt 55 160 0.34375 1
Pkt 82 240 0.341667 1
Node 26 38 26.8328
Pkt 164 480 0.341667 1
Pkt 128 375 0.341333 1
Rate:682.271
==========
==========62
8 0 2 24000
Node 30 53 20.2237
Pkt 82 240 0.341667 1
Pkt 55 160 0.34375 1
Node 57 54 8.06226
Pkt 164 480 0.341667 1
Pkt 136 400 0.34 1
Node 51 46 4.12311
Pkt 255 750 0.34 1
Pkt 272 800 0.34 1
Node 48 55 5.38516
Pkt 55 160 0.34375 1
Pkt 51 150 0.34 1
Node 56 28 22.8035
Pkt 128 375 0.341333 1
Pkt 136 400 0.34 1
Node 47 69 19.2354
Pkt 272 800 0.34 1
Pkt 255 750 0.34 1
Node 50 30 20
Pkt 66 192 0.34375 1
Pkt 55 160 0.34375 1
Node 54 47 5
Pkt 128 375 0.341333 1
Pkt 109 320 0.340625 1
Rate:682.703
==========
==========63
8 0 2 24000
Node 47 27 23.1948
Pkt 43 125 0.344 1
Pkt 41 120 0.341667 1
Node 44 59 10.8167
Pkt 109 320 0.340625 1
Pkt 136 400 0.34 1
Node 71 29 29.6985
Pkt 255 750 0.34 1
Pkt 272 800 0.34 1
Node 26 65 28.3019
Pkt 68 200 0.34 1
Pkt 34 100 0.34 1
Node 63 34 20.6155
Pkt 164 480 0.341667 1
Pkt 136 400 0.34 1
Node 56 68 18.9737
Pkt 255 750 0.34 1
Pkt 272 800 0.34 1
Node 39 52 11.1803
Pkt 55 160 0.34375 1
Pkt 68 200 0.34 1
Node 52 57 7.28011
Pkt 164 480 0.341667 1
Pkt 128 375 0.341333 1
Rate:681.839
==========
==========64
8 0 2 24000
Node 35 40 18.0278
Pkt 51 150 0.34 1
Pkt 55 160 0.34375 1
Node 45 32 18.6815
Pkt 136 400 0.34 1
Pkt 102 300 0.34 1
Node 66 29 26.4008
Pkt 255 750 0.34 1
Pkt 255 750 0.34 1
Node 49 70 20.025
Pkt 66 192 0.34375 1
Pkt 82 240 0.341667 1
Node 60 52 10.198
Pkt 164 480 0.341667 1
Pkt 109 320 0.340625 1
Node 33 58 18.7883
Pkt 272 800 0.34 1
Pkt 255 750 0.34 1
Node 35 41 17.4929
Pkt 41 120 0.341667 1
Pkt 85 250 0.34 1
Node 55 40 11.1803
Pkt 102 300 0.34 1
Pkt 102 300 0.34 1
Rate:681.641
==========
==========65
8 0 2 24000
Node 39 53 11.4018
Pkt 82 240 0.341667 1
Pkt 43 125 0.344 1
Node 65 44 16.1555
Pkt 136 400 0.34 1
Pkt 102 300 0.34 1
Node 40 35 18.0278
Pkt 255 750 0.34 1
Pkt 255 750 0.34 1
Node 43 60 12.2066
Pkt 82 240 0.341667 1
Pkt 68 200 0.34 1
Node 38 62 16.9706
Pkt 136 400 0.34 1
Pkt 164 480 0.341667 1
Node 35 25 29.1548
Pkt 255 750 0.34 1
Pkt 272 800 0.34 1
Node 42 49 8.06226
Pkt 66 192 0.34375 1
Pkt 51 150 0.34 1
Node 31 45 19.6469
Pkt 102 300 0.34 1
Pkt 109 320 0.340625 1
Rate:681.672
==========
==========66
8 0 2 24000
Node 72 32 28.4253
Pkt 34 100 0.34 1
Pkt 68 200 0.34 1
Node 61 36 17.8045
Pkt 128 375 0.341333 1
Pkt 136 400 0.34 1
Node 52 74 24.0832
Pkt 272 800 0.34 1
Pkt 272 800 0.34 1
Node 28 71 30.4138
Pkt 41 120 0.341667 1
Pkt 55 160 0.34375 1
Node 34 70 25.6125
Pkt 102 300 0.34 1
Pkt 136 400 0.34 1
Node 45 38 13
Pkt 272 800 0.34 1
Pkt 255 750 0.34 1
Node 41 54 9.84886
Pkt 85 250 0.34 1
Pkt 41 120 0.341667 1
Node 60 35 18.0278
Pkt 128 375 0.341333 1
Pkt 164 480 0.341667 1
Rate:681.427
==========
==========67
8 0 2 24000
Node 46 28 22.3607
Pkt 55 160 0.34375 1
Pkt 43 125 0.344 1
Node 49 67 17.0294
Pkt 136 400 0.34 1
Pkt 164 480 0.341667 1
Node 43 50 7
Pkt 255 750 0.34 1
Pkt 255 750 0.34 1
Node 63 57 14.7648
Pkt 85 250 0.34 1
Pkt 66 192 0.34375 1
Node 55 62 13
Pkt 164 480 0.341667 1
Pkt 136 400 0.34 1
Node 27 62 25.9422
Pkt 272 800 0.34 1
Pkt 272 800 0.34 1
Node 30 71 29
Pkt 41 120 0.341667 1
Pkt 51 150 0.34 1
Node 67 40 19.7231
Pkt 102 300 0.34 1
Pkt 164 480 0.341667 1
Rate:682.271
==========
==========68
8 0 2 24000
Node 72 53 22.2036
Pkt 68 200 0.34 1
Pkt 68 200 0.34 1
Node 44 51 6.08276
Pkt 128 375 0.341333 1
Pkt 128 375 0.341333 1
Node 28 57 23.0868
Pkt 272 800 0.34 1
Pkt 255 750 0.34 1
Node 25 53 25.1794
Pkt 68 200 0.34 1
Pkt 85 250 0.34 1
Node 41 54 9.84886
Pkt 164 480 0.341667 1
Pkt 102 300 0.34 1
Node 25 63 28.178
Pkt 272 800 0.34 1
Pkt 272 800 0.34 1
Node 65 29 25.807
Pkt 34 100 0.34 1
Pkt 51 150 0.34 1
Node 74 34 28.8444
Pkt 102 300 0.34 1
Pkt 109 320 0.340625 1
Rate:680.62
==========
==========69
8 0 2 24000
Node 39 37 17.0294
Pkt 55 160 0.34375 1
Pkt 85 250 0.34 1
Node 68 40 20.5913
Pkt 102 300 0.34 1
Pkt 164 480 0.341667 1
Node 43 59 11.4018
Pkt 255 750 0.34 1
Pkt 272 800 0.34 1
Node 39 68 21.095
Pkt 55 160 0.34375 1
Pkt 82 240 0.341667 1
Node 25 30 32.0156
Pkt 164 480 0.341667 1
Pkt 109 320 0.340625 1
Node 42 73 24.3516
Pkt 255 750 0.34 1
Pkt 272 800 0.34 1
Node 73 38 25.9422
Pkt 66 192 0.34375 1
Pkt 43 125 0.344 1
Node 43 25 25.9615
Pkt 164 480 0.341667 1
Pkt 128 375 0.341333 1
Rate:682.984
==========
==========70
8 0 2 24000
Node 40 58 12.8062
Pkt 66 192 0.34375 1
Pkt 34 100 0.34 1
Node 26 41 25.632
Pkt 128 375 0.341333 1
Pkt 109 320 0.340625 1
Node 74 27 33.2415
Pkt 272 800 0.34 1
Pkt 272 800 0.34 1
Node 54 36 14.5602
Pkt 43 125 0.344 1
Pkt 82 240 0.341667 1
Node 56 54 7.2111
Pkt 102 300 0.34 1
Pkt 102 300 0.34 1
Node 64 55 14.8661
Pkt 272 800 0.34 1
Pkt 255 750 0.34 1
Node 38 37 17.6918
Pkt 82 240 0.341667 1
Pkt 82 240 0.341667 1
Node 25 46 25.318
Pkt 164 480 0.341667 1
Pkt 102 300 0.34 1
Rate:682.047
==========
==========71
8 0 2 24000
Node 43 63 14.7648
Pkt 68 200 0.34 1
Pkt 66 192 0.34375 1
Node 59 74 25.632
Pkt 136 400 0.34 1
Pkt 109 320 0.340625 1
Node 29 64 25.2389
Pkt 272 800 0.34 1
Pkt 255 750 0.34 1
Node 62 55 13
Pkt 41 120 0.341667 1
Pkt 43 125 0.344 1
Node 33 37 21.4009
Pkt 164 480 0.341667 1
Pkt 164 480 0.341667 1
Node 55 72 22.561
Pkt 255 750 0.34 1
Pkt 272 800 0.34 1
Node 42 26 25.2982
Pkt 82 240 0.341667 1
Pkt 68 200 0.34 1
Node 34 67 23.3452
Pkt 136 400 0.34 1
Pkt 164 480 0.341667 1
Rate:682.089
==========
==========72
8 0 2 24000
Node 25 58 26.2488
Pkt 82 240 0.341667 1
Pkt 34 100 0.34 1
Node 62 32 21.6333
Pkt 136 400 0.34 1
Pkt 128 375 0.341333 1
Node 28 25 33.3017
Pkt 255 750 0.34 1
Pkt 272 800 0.34 1
Node 59 72 23.7697
Pkt 68 200 0.34 1
Pkt 85 250 0.34 1
Node 31 45 19.6469
Pkt 102 300 0.34 1
Pkt 128 375 0.341333 1
Node 30 45 20.6155
Pkt 255 750 0.34 1
Pkt 272 800 0.34 1
Node 38 67 20.8087
Pkt 34 100 0.34 1
Pkt 51 150 0.34 1
Node 41 73 24.6982
Pkt 109 320 0.340625 1
Pkt 102 300 0.34 1
Rate:680.62
==========
==========73
8 0 2 24000
Node 32 72 28.4253
Pkt 68 200 0.34 1
Pkt 66 192 0.34375 1
Node 68 62 21.6333
Pkt 136 400 0.34 1
Pkt 136 400 0.34 1
Node 70 32 26.9072
Pkt 255 750 0.34 1
Pkt 272 800 0.34 1
Node 55 40 11.1803
Pkt 82 240 0.341667 1
Pkt 68 200 0.34 1
Node 56 66 17.088
Pkt 102 300 0.34 1
Pkt 102 300 0.34 1
Node 74 29 31.8904
Pkt 255 750 0.34 1
Pkt 272 800 0.34 1
Node 28 44 22.8035
Pkt 34 100 0.34 1
Pkt 34 100 0.34 1
Node 30 51 20.025
Pkt 109 320 0.340625 1
Pkt 109 320 0.340625 1
Rate:680.833
==========
==========74
8 0 2 24000
Node 71 40 23.2594
Pkt 51 150 0.34 1
Pkt 82 240 0.341667 1
Node 44 38 13.4164
Pkt 136 400 0.34 1
Pkt 102 300 0.34 1
Node 61 35 18.6011
Pkt 255 750 0.34 1
Pkt 255 750 0.34 1
Node 43 58 10.6301
Pkt 55 160 0.34375 1
Pkt 43 125 0.344 1
Node 37 33 21.4009
Pkt 128 375 0.341333 1
Pkt 164 480 0.341667 1
Node 41 66 18.3576
Pkt 255 750 0.34 1
Pkt 255 750 0.34 1
Node 56 47 6.7082
Pkt 41 120 0.341667 1
Pkt 43 125 0.344 1
Node 26 49 24.0208
Pkt 164 480 0.341667 1
Pkt 136 400 0.34 1
Rate:682.469
==========
==========75
8 0 2 24000
Node 60 49 10.0499
Pkt 34 100 0.34 1
Pkt 82 240 0.341667 1
Node 70 46 20.3961
Pkt 164 480 0.341667 1
Pkt 136 400 0.34 1
Node 26 48 24.0832
Pkt 255 750 0.34 1
Pkt 255 750 0.34 1
Node 73 52 23.0868
Pkt 51 150 0.34 1
Pkt 66 192 0.34375 1
Node 74 30 31.241
Pkt 102 300 0.34 1
Pkt 164 480 0.341667 1
Node 66 55 16.7631
Pkt 255 750 0.34 1
Pkt 272 800 0.34 1
Node 29 29 29.6985
Pkt 55 160 0.34375 1
Pkt 66 192 0.34375 1
Node 65 45 15.8114
Pkt 128 375 0.341333 1
Pkt 128 375 0.341333 1
Rate:682.365
==========
==========76
8 0 2 24000
Node 33 25 30.2324
Pkt 68 200 0.34 1
Pkt 66 192 0.34375 1
Node 58 47 8.544
Pkt 164 480 0.341667 1
Pkt 136 400 0.34 1
Node 26 67 29.4109
Pkt 272 800 0.34 1
Pkt 255 750 0.34 1
Node 68 61 21.095
Pkt 85 250 0.34 1
Pkt 82 240 0.341667 1
Node 66 37 20.6155
Pkt 136 400 0.34 1
Pkt 164 480 0.341667 1
Node 48 26 24.0832
Pkt 272 800 0.34 1
Pkt 272 800 0.34 1
Node 37 48 13.1529
Pkt 66 192 0.34375 1
Pkt 85 250 0.34 1
Node 52 25 25.0799
Pkt 164 480 0.341667 1
Pkt 109 320 0.340625 1
Rate:681.849
==========
==========77
8 0 2 24000
Node 41 59 12.7279
Pkt 43 125 0.344 1
Pkt 66 192 0.34375 1
Node 68 59 20.1246
Pkt 109 320 0.340625 1
Pkt 136 400 0.34 1
Node 36 61 17.8045
Pkt 255 750 0.34 1
Pkt 255 750 0.34 1
Node 51 67 17.0294
Pkt 55 160 0.34375 1
Pkt 85 250 0.34 1
Node 73 41 24.6982
Pkt 128 375 0.341333 1
Pkt 102 300 0.34 1
Node 38 45 13
Pkt 255 750 0.34 1
Pkt 255 750 0.34 1
Node 71 62 24.1868
Pkt 55 160 0.34375 1
Pkt 41 120 0.341667 1
Node 54 71 21.3776
Pkt 128 375 0.341333 1
Pkt 109 320 0.340625 1
Rate:682.604
==========
==========78
8 0 2 24000
Node 66 71 26.4008
Pkt 43 125 0.344 1
Pkt 34 100 0.34 1
Node 55 61 12.083
Pkt 164 480 0.341667 1
Pkt 102 300 0.34 1
Node 49 63 13.0384
Pkt 255 750 0.34 1
Pkt 255 750 0.34 1
Node 44 26 24.7386
Pkt 51 150 0.34 1
Pkt 85 250 0.34 1
Node 54 41 9.84886
Pkt 109 320 0.340625 1
Pkt 164 480 0.341667 1
Node 52 68 18.1108
Pkt 272 800 0.34 1
Pkt 255 750 0.34 1
Node 30 70 28.2843
Pkt 55 160 0.34375 1
Pkt 68 200 0.34 1
Node 35 69 24.2074
Pkt 128 375 0.341333 1
Pkt 109 320 0.340625 1
Rate:681.708
==========
==========79
8 0 2 24000
Node 60 29 23.2594
Pkt 51 150 0.34 1
Pkt 55 160 0.34375 1
Node 52 26 24.0832
Pkt 164 480 0.341667 1
Pkt 164 480 0.341667 1
Node 66 57 17.4642
Pkt 255 750 0.34 1
Pkt 255 750 0.34 1
Node 46 30 20.3961
Pkt 43 125 0.344 1
Pkt 43 125 0.344 1
Node 38 34 20
Pkt 128 375 0.341333 1
Pkt 164 480 0.341667 1
Node 45 71 21.587
Pkt 255 750 0.34 1
Pkt 272 800 0.34 1
Node 55 33 17.72
Pkt 85 250 0.34 1
Pkt 82 240 0.341667 1
Node 57 39 13.0384
Pkt 102 300 0.34 1
Pkt 102 300 0.34 1
Rate:682.469
==========
==========80
8 0 2 24000
Node 63 49 13.0384
Pkt 85 250 0.34 1
Pkt 66 192 0.34375 1
Node 26 38 26.8328
Pkt 136 400 0.34 1
Pkt 109 320 0.340625 1
Node 55 68 18.6815
Pkt 255 750 0.34 1
Pkt 272 800 0.34 1
Node 33 72 27.8029
Pkt 66 192 0.34375 1
Pkt 85 250 0.34 1
Node 27 49 23.0217
Pkt 128 375 0.341333 1
Pkt 128 375 0.341333 1
Node 41 54 9.84886
Pkt 255 750 0.34 1
Pkt 272 800 0.34 1
Node 69 62 22.4722
Pkt 34 100 0.34 1
Pkt 41 120 0.341667 1
Node 65 35 21.2132
Pkt 136 400 0.34 1
Pkt 102 300 0.34 1
Rate:681.557
==========
==========81
8 0 2 24000
Node 74 59 25.632
Pkt 68 200 0.34 1
Pkt 82 240 0.341667 1
Node 25 58 26.2488
Pkt 128 375 0.341333 1
Pkt 102 300 0.34 1
Node 71 54 21.3776
Pkt 272 800 0.34 1
Pkt 255 750 0.34 1
Node 28 44 22.8035
Pkt 68 200 0.34 1
Pkt 41 120 0.341667 1
Node 29 72 30.4138
Pkt 102 300 0.34 1
Pkt 136 400 0.34 1
Node 51 61 11.0454
Pkt 272 800 0.34 1
Pkt 255 750 0.34 1
Node 39 42 13.6015
Pkt 55 160 0.34375 1
Pkt 68 200 0.34 1
Node 63 34 20.6155
Pkt 109 320 0.340625 1
Pkt 128 375 0.341333 1
Rate:681.297
==========
==========82
8 0 2 24000
Node 43 34 17.4642
Pkt 34 100 0.34 1
Pkt 34 100 0.34 1
Node 38 48 12.1655
Pkt 109 320 0.340625 1
Pkt 136 400 0.34 1
Node 59 67 19.2354
Pkt 272 800 0.34 1
Pkt 255 750 0.34 1
Node 61 43 13.0384
Pkt 55 160 0.34375 1
Pkt 51 150 0.34 1
Node 46 70 20.3961
Pkt 164 480 0.341667 1
Pkt 128 375 0.341333 1
Node 67 62 20.8087
Pkt 255 750 0.34 1
Pkt 255 750 0.34 1
Node 60 45 11.1803
Pkt 34 100 0.34 1
Pkt 41 120 0.341667 1
Node 69 44 19.9249
Pkt 164 480 0.341667 1
Pkt 136 400 0.34 1
Rate:681.339
==========
==========83
8 0 2 24000
Node 33 40 19.7231
Pkt 66 192 0.34375 1
Pkt 34 100 0.34 1
Node 48 47 3.60555
Pkt 164 480 0.341667 1
Pkt 136 400 0.34 1
Node 56 63 14.3178
Pkt 272 800 0.34 1
Pkt 272 800 0.34 1
Node 45 60 11.1803
Pkt 82 240 0.341667 1
Pkt 43 125 0.344 1
Node 67 52 17.1172
Pkt 128 375 0.341333 1
Pkt 136 400 0.34 1
Node 58 41 12.0416
Pkt 255 750 0.34 1
Pkt 255 750 0.34 1
Node 44 66 17.088
Pkt 55 160 0.34375 1
Pkt 43 125 0.344 1
Node 49 41 9.05539
Pkt 109 320 0.340625 1
Pkt 136 400 0.34 1
Rate:682.599
==========
==========84
8 0 2 24000
Node 73 25 33.9706
Pkt 66 192 0.34375 1
Pkt 66 192 0.34375 1
Node 69 28 29.0689
Pkt 128 375 0.341333 1
Pkt 136 400 0.34 1
Node 63 45 13.9284
Pkt 255 750 0.34 1
Pkt 272 800 0.34 1
Node 65 65 21.2132
Pkt 85 250 0.34 1
Pkt 85 250 0.34 1
Node 56 74 24.7386
Pkt 102 300 0.34 1
Pkt 128 375 0.341333 1
Node 27 53 23.1948
Pkt 272 800 0.34 1
Pkt 272 800 0.34 1
Node 58 42 11.3137
Pkt 85 250 0.34 1
Pkt 66 192 0.34375 1
Node 43 63 14.7648
Pkt 102 300 0.34 1
Pkt 164 480 0.341667 1
Rate:681.948
==========
==========85
8 0 2 24000
Node 55 47 5.83095
Pkt 34 100 0.34 1
Pkt 41 120 0.341667 1
Node 31 42 20.6155
Pkt 102 300 0.34 1
Pkt 102 300 0.34 1
Node 63 44 14.3178
Pkt 255 750 0.34 1
Pkt 272 800 0.34 1
Node 65 56 16.1555
Pkt 82 240 0.341667 1
Pkt 85 250 0.34 1
Node 54 47 5
Pkt 164 480 0.341667 1
Pkt 102 300 0.34 1
Node 59 38 15
Pkt 272 800 0.34 1
Pkt 255 750 0.34 1
Node 55 57 8.60233
Pkt 43 125 0.344 1
Pkt 66 192 0.34375 1
Node 70 74 31.241
Pkt 136 400 0.34 1
Pkt 109 320 0.340625 1
Rate:681.672
==========
==========86
8 0 2 24000
Node 64 58 16.1245
Pkt 51 150 0.34 1
Pkt 51 150 0.34 1
Node 59 35 17.4929
Pkt 136 400 0.34 1
Pkt 102 300 0.34 1
Node 35 72 26.6271
Pkt 272 800 0.34 1
Pkt 255 750 0.34 1
Node 51 26 24.0208
Pkt 85 250 0.34 1
Pkt 82 240 0.341667 1
Node 29 33 27.0185
Pkt 164 480 0.341667 1
Pkt 102 300 0.34 1
Node 64 49 14.0357
Pkt 255 750 0.34 1
Pkt 272 800 0.34 1
Node 40 71 23.2594
Pkt 51 150 0.34 1
Pkt 55 160 0.34375 1
Node 60 57 12.2066
Pkt 109 320 0.340625 1
Pkt 128 375 0.341333 1
Rate:681.13
==========
==========87
8 0 2 24000
Node 58 61 13.6015
Pkt 43 125 0.344 1
Pkt 43 125 0.344 1
Node 42 40 12.8062
Pkt 136 400 0.34 1
Pkt 109 320 0.340625 1
Node 72 44 22.8035
Pkt 255 750 0.34 1
Pkt 255 750 0.34 1
Node 64 33 22.0227
Pkt 55 160 0.34375 1
Pkt 41 120 0.341667 1
Node 39 26 26.4008
Pkt 102 300 0.34 1
Pkt 128 375 0.341333 1
Node 52 66 16.1245
Pkt 255 750 0.34 1
Pkt 272 800 0.34 1
Node 37 67 21.4009
Pkt 51 150 0.34 1
Pkt 34 100 0.34 1
Node 59 54 9.84886
Pkt 136 400 0.34 1
Pkt 102 300 0.34 1
Rate:681.922
==========
==========88
8 0 2 24000
Node 50 26 24
Pkt 51 150 0.34 1
Pkt 55 160 0.34375 1
Node 70 52 20.0998
Pkt 128 375 0.341333 1
Pkt 109 320 0.340625 1
Node 61 69 21.9545
Pkt 272 800 0.34 1
Pkt 255 750 0.34 1
Node 30 46 20.3961
Pkt 34 100 0.34 1
Pkt 82 240 0.341667 1
Node 55 53 5.83095
Pkt 102 300 0.34 1
Pkt 128 375 0.341333 1
Node 62 36 18.4391
Pkt 255 750 0.34 1
Pkt 272 800 0.34 1
Node 67 60 19.7231
Pkt 43 125 0.344 1
Pkt 85 250 0.34 1
Node 61 31 21.9545
Pkt 109 320 0.340625 1
Pkt 128 375 0.341333 1
Rate:681.833
==========
==========89
8 0 2 24000
Node 25 30 32.0156
Pkt 34 100 0.34 1
Pkt 43 125 0.344 1
Node 30 74 31.241
Pkt 102 300 0.34 1
Pkt 164 480 0.341667 1
Node 64 61 17.8045
Pkt 272 800 0.34 1
Pkt 255 750 0.34 1
Node 55 47 5.83095
Pkt 82 240 0.341667 1
Pkt 68 200 0.34 1
Node 52 68 18.1108
Pkt 102 300 0.34 1
Pkt 136 400 0.34 1
Node 27 38 25.9422
Pkt 272 800 0.34 1
Pkt 272 800 0.34 1
Node 31 68 26.1725
Pkt 68 200 0.34 1
Pkt 82 240 0.341667 1
Node 54 29 21.3776
Pkt 128 375 0.341333 1
Pkt 164 480 0.341667 1
Rate:681.5
==========
==========90
8 0 2 24000
Node 29 28 30.4138
Pkt 82 240 0.341667 1
Pkt 41 120 0.341667 1
Node 26 61 26.4008
Pkt 109 320 0.340625 1
Pkt 102 300 0.34 1
Node 43 42 10.6301
Pkt 255 750 0.34 1
Pkt 272 800 0.34 1
Node 37 54 13.6015
Pkt 85 250 0.34 1
Pkt 82 240 0.341667 1
Node 36 46 14.5602
Pkt 109 320 0.340625 1
Pkt 164 480 0.341667 1
Node 34 74 28.8444
Pkt 255 750 0.34 1
Pkt 255 750 0.34 1
Node 28 74 32.5576
Pkt 55 160 0.34375 1
Pkt 68 200 0.34 1
Node 61 36 17.8045
Pkt 109 320 0.340625 1
Pkt 102 300 0.34 1
Rate:681.536
==========
==========91
8 0 2 24000
Node 57 61 13.0384
Pkt 34 100 0.34 1
Pkt 85 250 0.34 1
Node 29 73 31.1448
Pkt 164 480 0.341667 1
Pkt 109 320 0.340625 1
Node 44 63 14.3178
Pkt 272 800 0.34 1
Pkt 272 800 0.34 1
Node 33 70 26.2488
Pkt 66 192 0.34375 1
Pkt 68 200 0.34 1
Node 70 36 24.4131
Pkt 136 400 0.34 1
Pkt 136 400 0.34 1
Node 54 34 16.4924
Pkt 272 800 0.34 1
Pkt 272 800 0.34 1
Node 69 43 20.2485
Pkt 43 125 0.344 1
Pkt 34 100 0.34 1
Node 36 29 25.2389
Pkt 128 375 0.341333 1
Pkt 128 375 0.341333 1
Rate:681.589
==========
==========92
8 0 2 24000
Node 28 55 22.561
Pkt 43 125 0.344 1
Pkt 51 150 0.34 1
Node 39 58 13.6015
Pkt 136 400 0.34 1
Pkt 136 400 0.34 1
Node 60 48 10.198
Pkt 272 800 0.34 1
Pkt 272 800 0.34 1
Node 69 29 28.3196
Pkt 55 160 0.34375 1
Pkt 55 160 0.34375 1
Node 34 53 16.2788
Pkt 164 480 0.341667 1
Pkt 109 320 0.340625 1
Node 53 47 4.24264
Pkt 272 800 0.34 1
Pkt 255 750 0.34 1
Node 69 32 26.1725
Pkt 66 192 0.34375 1
Pkt 43 125 0.344 1
Node 60 41 13.4536
Pkt 164 480 0.341667 1
Pkt 164 480 0.341667 1
Rate:683.109
==========
==========93
8 0 2 24000
Node 36 54 14.5602
Pkt 85 250 0.34 1
Pkt 66 192 0.34375 1
Node 67 44 18.0278
Pkt 164 480 0.341667 1
Pkt 102 300 0.34 1
Node 51 28 22.0227
Pkt 255 750 0.34 1
Pkt 255 750 0.34 1
Node 72 59 23.7697
Pkt 41 120 0.341667 1
Pkt 85 250 0.34 1
Node 41 71 22.8473
Pkt 164 480 0.341667 1
Pkt 128 375 0.341333 1
Node 74 27 33.2415
Pkt 255 750 0.34 1
Pkt 272 800 0.34 1
Node 49 60 10.0499
Pkt 43 125 0.344 1
Pkt 55 160 0.34375 1
Node 63 39 17.0294
Pkt 109 320 0.340625 1
Pkt 109 320 0.340625 1
Rate:682.385
==========
==========94
8 0 2 24000
Node 39 31 21.9545
Pkt 43 125 0.344 1
Pkt 43 125 0.344 1
Node 59 31 21.0238
Pkt 102 300 0.34 1
Pkt 136 400 0.34 1
Node 72 37 25.5539
Pkt 272 800 0.34 1
Pkt 272 800 0.34 1
Node 27 33 28.6007
Pkt 55 160 0.34375 1
Pkt 82 240 0.341667 1
Node 40 41 13.4536
Pkt 136 400 0.34 1
Pkt 136 400 0.34 1
Node 55 48 5.38516
Pkt 272 800 0.34 1
Pkt 272 800 0.34 1
Node 27 46 23.3452
Pkt 41 120 0.341667 1
Pkt 82 240 0.341667 1
Node 66 35 21.9317
Pkt 164 480 0.341667 1
Pkt 102 300 0.34 1
Rate:682.302
==========
==========95
8 0 2 24000
Node 38 37 17.6918
Pkt 51 150 0.34 1
Pkt 51 150 0.34 1
Node 44 35 16.1555
Pkt 102 300 0.34 1
Pkt 136 400 0.34 1
Node 65 54 15.5242
Pkt 255 750 0.34 1
Pkt 272 800 0.34 1
Node 69 43 20.2485
Pkt 43 125 0.344 1
Pkt 68 200 0.34 1
Node 66 57 17.4642
Pkt 128 375 0.341333 1
Pkt 136 400 0.34 1
Node 37 49 13.0384
Pkt 272 800 0.34 1
Pkt 255 750 0.34 1
Node 71 68 27.6586
Pkt 51 150 0.34 1
Pkt 34 100 0.34 1
Node 42 26 25.2982
Pkt 164 480 0.341667 1
Pkt 102 300 0.34 1
Rate:680.875
==========
==========96
8 0 2 24000
Node 68 34 24.0832
Pkt 68 200 0.34 1
Pkt 34 100 0.34 1
Node 31 57 20.2485
Pkt 164 480 0.341667 1
Pkt 102 300 0.34 1
Node 56 59 10.8167
Pkt 255 750 0.34 1
Pkt 255 750 0.34 1
Node 38 38 16.9706
Pkt 68 200 0.34 1
Pkt 51 150 0.34 1
Node 48 74 24.0832
Pkt 136 400 0.34 1
Pkt 128 375 0.341333 1
Node 40 55 11.1803
Pkt 255 750 0.34 1
Pkt 255 750 0.34 1
Node 35 41 17.4929
Pkt 66 192 0.34375 1
Pkt 68 200 0.34 1
Node 63 37 18.3848
Pkt 136 400 0.34 1
Pkt 128 375 0.341333 1
Rate:681.01
==========
==========97
8 0 2 24000
Node 48 70 20.0998
Pkt 55 160 0.34375 1
Pkt 85 250 0.34 1
Node 33 47 17.2627
Pkt 109 320 0.340625 1
Pkt 164 480 0.341667 1
Node 60 35 18.0278
Pkt 255 750 0.34 1
Pkt 272 800 0.34 1
Node 55 69 19.6469
Pkt 55 160 0.34375 1
Pkt 66 192 0.34375 1
Node 55 27 23.5372
Pkt 136 400 0.34 1
Pkt 136 400 0.34 1
Node 72 73 31.8277
Pkt 272 800 0.34 1
Pkt 272 800 0.34 1
Node 49 59 9.05539
Pkt 43 125 0.344 1
Pkt 55 160 0.34375 1
Node 51 26 24.0208
Pkt 136 400 0.34 1
Pkt 102 300 0.34 1
Rate:682.661
==========
==========98
8 0 2 24000
Node 36 62 18.4391
Pkt 55 160 0.34375 1
Pkt 34 100 0.34 1
Node 57 51 7.07107
Pkt 128 375 0.341333 1
Pkt 164 480 0.341667 1
Node 60 38 15.6205
Pkt 272 800 0.34 1
Pkt 255 750 0.34 1
Node 36 55 14.8661
Pkt 34 100 0.34 1
Pkt 82 240 0.341667 1
Node 29 32 27.6586
Pkt 128 375 0.341333 1
Pkt 164 480 0.341667 1
Node 48 48 2.82843
Pkt 255 750 0.34 1
Pkt 255 750 0.34 1
Node 71 36 25.2389
Pkt 85 250 0.34 1
Pkt 68 200 0.34 1
Node 37 63 18.3848
Pkt 102 300 0.34 1
Pkt 102 300 0.34 1
Rate:681.427
==========
==========99
