8 0 2 24000
Node 72 55 22.561
Pkt 27 192 0.140625 1
Pkt 28 200 0.14 1
Node 49 31 19.0263
Pkt 42 300 0.14 1
Pkt 45 320 0.140625 1
Node 30 60 22.3607
Pkt 112 800 0.14 1
Pkt 112 800 0.14 1
Node 45 45 7.07107
Pkt 35 250 0.14 1
Pkt 27 192 0.140625 1
Node 63 45 13.9284
Pkt 68 480 0.141667 1
Pkt 42 300 0.14 1
Node 48 31 19.105
Pkt 112 800 0.14 1
Pkt 105 750 0.14 1
Node 51 50 1
Pkt 35 250 0.14 1
Pkt 23 160 0.14375 1
Node 39 67 20.2485
Pkt 68 480 0.141667 1
Pkt 53 375 0.141333 1
Rate:281.286
==========
==========0
8 0 2 24000
Node 27 28 31.8277
Pkt 14 100 0.14 1
Pkt 18 125 0.144 1
Node 61 64 17.8045
Pkt 68 480 0.141667 1
Pkt 68 480 0.141667 1
Node 34 73 28.0179
Pkt 105 750 0.14 1
Pkt 112 800 0.14 1
Node 42 53 8.544
Pkt 28 200 0.14 1
Pkt 14 100 0.14 1
Node 42 68 19.6977
Pkt 45 320 0.140625 1
Pkt 68 480 0.141667 1
Node 33 38 20.8087
Pkt 112 800 0.14 1
Pkt 112 800 0.14 1
Node 31 48 19.105
Pkt 27 192 0.140625 1
Pkt 18 125 0.144 1
Node 37 62 17.6918
Pkt 45 320 0.140625 1
Pkt 45 320 0.140625 1
Rate:281.938
==========
==========1
8 0 2 24000
Node 35 62 19.2094
Pkt 28 200 0.14 1
Pkt 28 200 0.14 1
Node 57 46 8.06226
Pkt 45 320 0.140625 1
Pkt 68 480 0.141667 1
Node 42 35 17
Pkt 112 800 0.14 1
Pkt 112 800 0.14 1
Node 60 53 10.4403
Pkt 28 200 0.14 1
Pkt 18 125 0.144 1
Node 47 47 4.24264
Pkt 56 400 0.14 1
Pkt 68 480 0.141667 1
Node 63 72 25.5539
Pkt 112 800 0.14 1
Pkt 112 800 0.14 1
Node 28 68 28.4253
Pkt 18 125 0.144 1
Pkt 14 100 0.14 1
Node 60 26 26
Pkt 68 480 0.141667 1
Pkt 56 400 0.14 1
Rate:281.703
==========
==========2
8 0 2 24000
Node 28 57 23.0868
Pkt 27 192 0.140625 1
Pkt 18 125 0.144 1
Node 57 49 7.07107
Pkt 45 320 0.140625 1
Pkt 45 320 0.140625 1
Node 48 69 19.105
Pkt 105 750 0.14 1
Pkt 112 800 0.14 1
Node 32 69 26.1725
Pkt 35 250 0.14 1
Pkt 17 120 0.141667 1
Node 61 58 13.6015
Pkt 53 375 0.141333 1
Pkt 68 480 0.141667 1
Node 48 34 16.1245
Pkt 112 800 0.14 1
Pkt 112 800 0.14 1
Node 41 73 24.6982
Pkt 18 125 0.144 1
Pkt 18 125 0.144 1
Node 70 61 22.8254
Pkt 53 375 0.141333 1
Pkt 42 300 0.14 1
Rate:282.484
==========
==========3
8 0 2 24000
Node 69 57 20.2485
Pkt 14 100 0.14 1
Pkt 28 200 0.14 1
Node 33 72 27.8029
Pkt 56 400 0.14 1
Pkt 53 375 0.141333 1
Node 66 72 27.2029
Pkt 105 750 0.14 1
Pkt 112 800 0.14 1
Node 40 33 19.7231
Pkt 27 192 0.140625 1
Pkt 28 200 0.14 1
Node 28 29 30.4138
Pkt 56 400 0.14 1
Pkt 56 400 0.14 1
Node 74 35 28.3019
Pkt 112 800 0.14 1
Pkt 105 750 0.14 1
Node 46 39 11.7047
Pkt 27 192 0.140625 1
Pkt 28 200 0.14 1
Node 34 48 16.1245
Pkt 56 400 0.14 1
Pkt 56 400 0.14 1
Rate:280.323
==========
==========4
8 0 2 24000
Node 39 34 19.4165
Pkt 17 120 0.141667 1
Pkt 21 150 0.14 1
Node 64 50 14
Pkt 68 480 0.141667 1
Pkt 42 300 0.14 1
Node 26 65 28.3019
Pkt 105 750 0.14 1
Pkt 105 750 0.14 1
Node 25 71 32.6497
Pkt 14 100 0.14 1
Pkt 18 125 0.144 1
Node 68 52 18.1108
Pkt 42 300 0.14 1
Pkt 45 320 0.140625 1
Node 28 30 29.7321
Pkt 112 800 0.14 1
Pkt 112 800 0.14 1
Node 38 57 13.8924
Pkt 35 250 0.14 1
Pkt 34 240 0.141667 1
Node 34 52 16.1245
Pkt 42 300 0.14 1
Pkt 68 480 0.141667 1
Rate:281.411
==========
==========5
8 0 2 24000
Node 65 62 19.2094
Pkt 27 192 0.140625 1
Pkt 34 240 0.141667 1
Node 25 48 25.0799
Pkt 42 300 0.14 1
Pkt 68 480 0.141667 1
Node 28 38 25.0599
Pkt 112 800 0.14 1
Pkt 112 800 0.14 1
Node 35 50 15
Pkt 27 192 0.140625 1
Pkt 28 200 0.14 1
Node 42 67 18.7883
Pkt 45 320 0.140625 1
Pkt 53 375 0.141333 1
Node 44 56 8.48528
Pkt 112 800 0.14 1
Pkt 112 800 0.14 1
Node 64 54 14.5602
Pkt 17 120 0.141667 1
Pkt 21 150 0.14 1
Node 64 59 16.6433
Pkt 53 375 0.141333 1
Pkt 68 480 0.141667 1
Rate:281.401
==========
==========6
8 0 2 24000
Node 41 38 15
Pkt 28 200 0.14 1
Pkt 27 192 0.140625 1
Node 33 34 23.3452
Pkt 42 300 0.14 1
Pkt 68 480 0.141667 1
Node 49 29 21.0238
Pkt 112 800 0.14 1
Pkt 105 750 0.14 1
Node 36 69 23.6008
Pkt 34 240 0.141667 1
Pkt 21 150 0.14 1
Node 47 64 14.3178
Pkt 53 375 0.141333 1
Pkt 53 375 0.141333 1
Node 51 55 5.09902
Pkt 105 750 0.14 1
Pkt 112 800 0.14 1
Node 64 41 16.6433
Pkt 35 250 0.14 1
Pkt 27 192 0.140625 1
Node 45 55 7.07107
Pkt 45 320 0.140625 1
Pkt 45 320 0.140625 1
Rate:281.063
==========
==========7
8 0 2 24000
Node 25 70 32.0156
Pkt 35 250 0.14 1
Pkt 23 160 0.14375 1
Node 46 40 10.7703
Pkt 68 480 0.141667 1
Pkt 53 375 0.141333 1
Node 53 67 17.2627
Pkt 105 750 0.14 1
Pkt 112 800 0.14 1
Node 52 70 20.0998
Pkt 18 125 0.144 1
Pkt 34 240 0.141667 1
Node 48 56 6.32456
Pkt 42 300 0.14 1
Pkt 53 375 0.141333 1
Node 40 61 14.8661
Pkt 105 750 0.14 1
Pkt 105 750 0.14 1
Node 57 62 13.8924
Pkt 14 100 0.14 1
Pkt 14 100 0.14 1
Node 56 41 10.8167
Pkt 53 375 0.141333 1
Pkt 68 480 0.141667 1
Rate:282.094
==========
==========8
8 0 2 24000
Node 40 47 10.4403
Pkt 28 200 0.14 1
Pkt 34 240 0.141667 1
Node 35 29 25.807
Pkt 42 300 0.14 1
Pkt 53 375 0.141333 1
Node 58 50 8
Pkt 112 800 0.14 1
Pkt 105 750 0.14 1
Node 70 37 23.8537
Pkt 21 150 0.14 1
Pkt 28 200 0.14 1
Node 74 55 24.5153
Pkt 42 300 0.14 1
Pkt 53 375 0.141333 1
Node 66 38 20
Pkt 112 800 0.14 1
Pkt 105 750 0.14 1
Node 66 39 19.4165
Pkt 35 250 0.14 1
Pkt 34 240 0.141667 1
Node 55 30 20.6155
Pkt 42 300 0.14 1
Pkt 42 300 0.14 1
Rate:280.75
==========
==========9
8 0 2 24000
Node 56 45 7.81025
Pkt 21 150 0.14 1
Pkt 18 125 0.144 1
Node 68 59 20.1246
Pkt 68 480 0.141667 1
Pkt 53 375 0.141333 1
Node 59 27 24.6982
Pkt 105 750 0.14 1
Pkt 112 800 0.14 1
Node 32 49 18.0278
Pkt 17 120 0.141667 1
Pkt 14 100 0.14 1
Node 32 35 23.4307
Pkt 53 375 0.141333 1
Pkt 56 400 0.14 1
Node 34 47 16.2788
Pkt 112 800 0.14 1
Pkt 105 750 0.14 1
Node 62 55 13
Pkt 34 240 0.141667 1
Pkt 23 160 0.14375 1
Node 67 38 20.8087
Pkt 56 400 0.14 1
Pkt 68 480 0.141667 1
Rate:282.135
==========
==========10
8 0 2 24000
Node 33 32 24.7588
Pkt 18 125 0.144 1
Pkt 17 120 0.141667 1
Node 40 54 10.7703
Pkt 56 400 0.14 1
Pkt 56 400 0.14 1
Node 47 63 13.3417
Pkt 105 750 0.14 1
Pkt 105 750 0.14 1
Node 43 63 14.7648
Pkt 21 150 0.14 1
Pkt 28 200 0.14 1
Node 40 25 26.9258
Pkt 42 300 0.14 1
Pkt 56 400 0.14 1
Node 50 38 12
Pkt 112 800 0.14 1
Pkt 105 750 0.14 1
Node 54 40 10.7703
Pkt 17 120 0.141667 1
Pkt 14 100 0.14 1
Node 69 37 23.0217
Pkt 42 300 0.14 1
Pkt 68 480 0.141667 1
Rate:281.125
==========
==========11
8 0 2 24000
Node 52 74 24.0832
Pkt 35 250 0.14 1
Pkt 34 240 0.141667 1
Node 46 61 11.7047
Pkt 68 480 0.141667 1
Pkt 45 320 0.140625 1
Node 44 29 21.8403
Pkt 112 800 0.14 1
Pkt 112 800 0.14 1
Node 31 73 29.8329
Pkt 28 200 0.14 1
Pkt 21 150 0.14 1
Node 32 45 18.6815
Pkt 53 375 0.141333 1
Pkt 53 375 0.141333 1
Node 53 36 14.3178
Pkt 112 800 0.14 1
Pkt 105 750 0.14 1
Node 52 54 4.47214
Pkt 34 240 0.141667 1
Pkt 17 120 0.141667 1
Node 70 44 20.8806
Pkt 45 320 0.140625 1
Pkt 53 375 0.141333 1
Rate:281.49
==========
==========12
8 0 2 24000
Node 70 59 21.9317
Pkt 34 240 0.141667 1
Pkt 17 120 0.141667 1
Node 42 43 10.6301
Pkt 53 375 0.141333 1
Pkt 42 300 0.14 1
Node 48 36 14.1421
Pkt 112 800 0.14 1
Pkt 112 800 0.14 1
Node 50 54 4
Pkt 18 125 0.144 1
Pkt 17 120 0.141667 1
Node 52 70 20.0998
Pkt 53 375 0.141333 1
Pkt 56 400 0.14 1
Node 60 27 25.0799
Pkt 105 750 0.14 1
Pkt 105 750 0.14 1
Node 54 74 24.3311
Pkt 21 150 0.14 1
Pkt 21 150 0.14 1
Node 33 25 30.2324
Pkt 42 300 0.14 1
Pkt 68 480 0.141667 1
Rate:281.667
==========
==========13
8 0 2 24000
Node 51 43 7.07107
Pkt 18 125 0.144 1
Pkt 35 250 0.14 1
Node 25 72 33.3017
Pkt 68 480 0.141667 1
Pkt 68 480 0.141667 1
Node 67 27 28.6007
Pkt 105 750 0.14 1
Pkt 105 750 0.14 1
Node 37 59 15.8114
Pkt 21 150 0.14 1
Pkt 18 125 0.144 1
Node 26 31 30.6105
Pkt 56 400 0.14 1
Pkt 56 400 0.14 1
Node 63 31 23.0217
Pkt 112 800 0.14 1
Pkt 112 800 0.14 1
Node 69 26 30.6105
Pkt 14 100 0.14 1
Pkt 23 160 0.14375 1
Node 35 31 24.2074
Pkt 45 320 0.140625 1
Pkt 45 320 0.140625 1
Rate:282.042
==========
==========14
8 0 2 24000
Node 69 55 19.6469
Pkt 18 125 0.144 1
Pkt 35 250 0.14 1
Node 73 37 26.4197
Pkt 45 320 0.140625 1
Pkt 56 400 0.14 1
Node 30 68 26.9072
Pkt 112 800 0.14 1
Pkt 112 800 0.14 1
Node 59 50 9
Pkt 21 150 0.14 1
Pkt 27 192 0.140625 1
Node 62 59 15
Pkt 68 480 0.141667 1
Pkt 56 400 0.14 1
Node 47 46 5
Pkt 112 800 0.14 1
Pkt 105 750 0.14 1
Node 59 53 9.48683
Pkt 21 150 0.14 1
Pkt 17 120 0.141667 1
Node 68 63 22.2036
Pkt 56 400 0.14 1
Pkt 68 480 0.141667 1
Rate:281.281
==========
==========15
8 0 2 24000
Node 40 46 10.7703
Pkt 28 200 0.14 1
Pkt 21 150 0.14 1
Node 31 43 20.2485
Pkt 53 375 0.141333 1
Pkt 56 400 0.14 1
Node 63 59 15.8114
Pkt 105 750 0.14 1
Pkt 105 750 0.14 1
Node 38 68 21.6333
Pkt 18 125 0.144 1
Pkt 35 250 0.14 1
Node 37 72 25.5539
Pkt 42 300 0.14 1
Pkt 68 480 0.141667 1
Node 44 30 20.8806
Pkt 105 750 0.14 1
Pkt 105 750 0.14 1
Node 30 55 20.6155
Pkt 17 120 0.141667 1
Pkt 21 150 0.14 1
Node 48 36 14.1421
Pkt 42 300 0.14 1
Pkt 56 400 0.14 1
Rate:281.083
==========
==========16
8 0 2 24000
Node 48 43 7.28011
Pkt 27 192 0.140625 1
Pkt 28 200 0.14 1
Node 58 60 12.8062
Pkt 42 300 0.14 1
Pkt 53 375 0.141333 1
Node 50 59 9
Pkt 105 750 0.14 1
Pkt 112 800 0.14 1
Node 57 29 22.1359
Pkt 21 150 0.14 1
Pkt 23 160 0.14375 1
Node 41 32 20.1246
Pkt 68 480 0.141667 1
Pkt 56 400 0.14 1
Node 57 29 22.1359
Pkt 112 800 0.14 1
Pkt 112 800 0.14 1
Node 32 72 28.4253
Pkt 18 125 0.144 1
Pkt 27 192 0.140625 1
Node 47 35 15.2971
Pkt 53 375 0.141333 1
Pkt 42 300 0.14 1
Rate:281.667
==========
==========17
8 0 2 24000
Node 64 49 14.0357
Pkt 23 160 0.14375 1
Pkt 21 150 0.14 1
Node 45 73 23.5372
Pkt 53 375 0.141333 1
Pkt 42 300 0.14 1
Node 39 54 11.7047
Pkt 112 800 0.14 1
Pkt 112 800 0.14 1
Node 34 39 19.4165
Pkt 35 250 0.14 1
Pkt 23 160 0.14375 1
Node 61 59 14.2127
Pkt 53 375 0.141333 1
Pkt 56 400 0.14 1
Node 29 27 31.1448
Pkt 112 800 0.14 1
Pkt 112 800 0.14 1
Node 49 31 19.0263
Pkt 17 120 0.141667 1
Pkt 23 160 0.14375 1
Node 64 51 14.0357
Pkt 53 375 0.141333 1
Pkt 53 375 0.141333 1
Rate:282.281
==========
==========18
8 0 2 24000
Node 72 39 24.5967
Pkt 35 250 0.14 1
Pkt 35 250 0.14 1
Node 63 36 19.105
Pkt 68 480 0.141667 1
Pkt 68 480 0.141667 1
Node 38 74 26.8328
Pkt 105 750 0.14 1
Pkt 105 750 0.14 1
Node 49 45 5.09902
Pkt 21 150 0.14 1
Pkt 35 250 0.14 1
Node 31 55 19.6469
Pkt 45 320 0.140625 1
Pkt 56 400 0.14 1
Node 51 55 5.09902
Pkt 112 800 0.14 1
Pkt 105 750 0.14 1
Node 33 55 17.72
Pkt 18 125 0.144 1
Pkt 34 240 0.141667 1
Node 48 50 2
Pkt 53 375 0.141333 1
Pkt 53 375 0.141333 1
Rate:281.536
==========
==========19
8 0 2 24000
Node 73 47 23.1948
Pkt 14 100 0.14 1
Pkt 23 160 0.14375 1
Node 34 37 20.6155
Pkt 68 480 0.141667 1
Pkt 42 300 0.14 1
Node 41 66 18.3576
Pkt 105 750 0.14 1
Pkt 105 750 0.14 1
Node 53 67 17.2627
Pkt 23 160 0.14375 1
Pkt 27 192 0.140625 1
Node 38 56 13.4164
Pkt 45 320 0.140625 1
Pkt 56 400 0.14 1
Node 61 48 11.1803
Pkt 105 750 0.14 1
Pkt 112 800 0.14 1
Node 33 70 26.2488
Pkt 34 240 0.141667 1
Pkt 34 240 0.141667 1
Node 40 26 26
Pkt 56 400 0.14 1
Pkt 42 300 0.14 1
Rate:281.719
==========
==========20
8 0 2 24000
Node 42 64 16.1245
Pkt 17 120 0.141667 1
Pkt 27 192 0.140625 1
Node 31 28 29.0689
Pkt 53 375 0.141333 1
Pkt 45 320 0.140625 1
Node 41 62 15
Pkt 105 750 0.14 1
Pkt 112 800 0.14 1
Node 44 56 8.48528
Pkt 35 250 0.14 1
Pkt 27 192 0.140625 1
Node 45 68 18.6815
Pkt 53 375 0.141333 1
Pkt 45 320 0.140625 1
Node 55 69 19.6469
Pkt 105 750 0.14 1
Pkt 112 800 0.14 1
Node 25 57 25.9615
Pkt 35 250 0.14 1
Pkt 21 150 0.14 1
Node 27 52 23.0868
Pkt 53 375 0.141333 1
Pkt 56 400 0.14 1
Rate:281.021
==========
==========21
8 0 2 24000
Node 60 34 18.868
Pkt 27 192 0.140625 1
Pkt 34 240 0.141667 1
Node 27 40 25.0799
Pkt 45 320 0.140625 1
Pkt 42 300 0.14 1
Node 27 73 32.5269
Pkt 105 750 0.14 1
Pkt 105 750 0.14 1
Node 27 66 28.0179
Pkt 28 200 0.14 1
Pkt 34 240 0.141667 1
Node 49 70 20.025
Pkt 68 480 0.141667 1
Pkt 53 375 0.141333 1
Node 44 61 12.53
Pkt 112 800 0.14 1
Pkt 112 800 0.14 1
Node 60 67 19.7231
Pkt 14 100 0.14 1
Pkt 18 125 0.144 1
Node 46 59 9.84886
Pkt 68 480 0.141667 1
Pkt 45 320 0.140625 1
Rate:281.734
==========
==========22
8 0 2 24000
Node 63 71 24.6982
Pkt 14 100 0.14 1
Pkt 27 192 0.140625 1
Node 62 68 21.6333
Pkt 42 300 0.14 1
Pkt 53 375 0.141333 1
Node 61 32 21.095
Pkt 105 750 0.14 1
Pkt 105 750 0.14 1
Node 60 46 10.7703
Pkt 28 200 0.14 1
Pkt 34 240 0.141667 1
Node 53 27 23.1948
Pkt 45 320 0.140625 1
Pkt 53 375 0.141333 1
Node 59 49 9.05539
Pkt 112 800 0.14 1
Pkt 105 750 0.14 1
Node 37 51 13.0384
Pkt 18 125 0.144 1
Pkt 17 120 0.141667 1
Node 72 35 26.6271
Pkt 56 400 0.14 1
Pkt 56 400 0.14 1
Rate:281.406
==========
==========23
8 0 2 24000
Node 40 27 25.0799
Pkt 28 200 0.14 1
Pkt 23 160 0.14375 1
Node 37 73 26.4197
Pkt 42 300 0.14 1
Pkt 53 375 0.141333 1
Node 33 73 28.6007
Pkt 105 750 0.14 1
Pkt 105 750 0.14 1
Node 62 27 25.9422
Pkt 23 160 0.14375 1
Pkt 21 150 0.14 1
Node 70 37 23.8537
Pkt 53 375 0.141333 1
Pkt 42 300 0.14 1
Node 31 35 24.2074
Pkt 105 750 0.14 1
Pkt 105 750 0.14 1
Node 61 64 17.8045
Pkt 27 192 0.140625 1
Pkt 18 125 0.144 1
Node 38 66 20
Pkt 53 375 0.141333 1
Pkt 53 375 0.141333 1
Rate:282.182
==========
==========24
8 0 2 24000
Node 26 58 25.2982
Pkt 34 240 0.141667 1
Pkt 18 125 0.144 1
Node 61 26 26.4008
Pkt 53 375 0.141333 1
Pkt 56 400 0.14 1
Node 38 26 26.8328
Pkt 105 750 0.14 1
Pkt 105 750 0.14 1
Node 40 26 26
Pkt 14 100 0.14 1
Pkt 28 200 0.14 1
Node 50 61 11
Pkt 56 400 0.14 1
Pkt 42 300 0.14 1
Node 68 26 30
Pkt 105 750 0.14 1
Pkt 105 750 0.14 1
Node 59 33 19.2354
Pkt 23 160 0.14375 1
Pkt 28 200 0.14 1
Node 38 70 23.3238
Pkt 68 480 0.141667 1
Pkt 68 480 0.141667 1
Rate:281.76
==========
==========25
8 0 2 24000
Node 71 28 30.4138
Pkt 28 200 0.14 1
Pkt 23 160 0.14375 1
Node 48 32 18.1108
Pkt 45 320 0.140625 1
Pkt 42 300 0.14 1
Node 58 40 12.8062
Pkt 112 800 0.14 1
Pkt 112 800 0.14 1
Node 61 32 21.095
Pkt 35 250 0.14 1
Pkt 14 100 0.14 1
Node 39 63 17.0294
Pkt 42 300 0.14 1
Pkt 42 300 0.14 1
Node 61 43 13.0384
Pkt 105 750 0.14 1
Pkt 112 800 0.14 1
Node 31 51 19.0263
Pkt 28 200 0.14 1
Pkt 21 150 0.14 1
Node 69 50 19
Pkt 42 300 0.14 1
Pkt 53 375 0.141333 1
Rate:280.714
==========
==========26
8 0 2 24000
Node 65 30 25
Pkt 27 192 0.140625 1
Pkt 17 120 0.141667 1
Node 27 46 23.3452
Pkt 68 480 0.141667 1
Pkt 56 400 0.14 1
Node 65 38 19.2094
Pkt 112 800 0.14 1
Pkt 105 750 0.14 1
Node 49 63 13.0384
Pkt 34 240 0.141667 1
Pkt 28 200 0.14 1
Node 47 28 22.2036
Pkt 53 375 0.141333 1
Pkt 42 300 0.14 1
Node 52 52 2.82843
Pkt 112 800 0.14 1
Pkt 112 800 0.14 1
Node 59 40 13.4536
Pkt 27 192 0.140625 1
Pkt 34 240 0.141667 1
Node 55 58 9.43398
Pkt 42 300 0.14 1
Pkt 45 320 0.140625 1
Rate:281.234
==========
==========27
8 0 2 24000
Node 53 53 4.24264
Pkt 35 250 0.14 1
Pkt 35 250 0.14 1
Node 70 35 25
Pkt 45 320 0.140625 1
Pkt 42 300 0.14 1
Node 71 43 22.1359
Pkt 112 800 0.14 1
Pkt 112 800 0.14 1
Node 52 40 10.198
Pkt 34 240 0.141667 1
Pkt 14 100 0.14 1
Node 37 41 15.8114
Pkt 42 300 0.14 1
Pkt 53 375 0.141333 1
Node 32 61 21.095
Pkt 105 750 0.14 1
Pkt 112 800 0.14 1
Node 73 55 23.5372
Pkt 28 200 0.14 1
Pkt 21 150 0.14 1
Node 67 30 26.2488
Pkt 45 320 0.140625 1
Pkt 56 400 0.14 1
Rate:280.531
==========
==========28
8 0 2 24000
Node 52 34 16.1245
Pkt 21 150 0.14 1
Pkt 18 125 0.144 1
Node 56 39 12.53
Pkt 53 375 0.141333 1
Pkt 45 320 0.140625 1
Node 25 60 26.9258
Pkt 105 750 0.14 1
Pkt 105 750 0.14 1
Node 69 66 24.8395
Pkt 21 150 0.14 1
Pkt 28 200 0.14 1
Node 74 52 24.0832
Pkt 53 375 0.141333 1
Pkt 42 300 0.14 1
Node 35 29 25.807
Pkt 112 800 0.14 1
Pkt 112 800 0.14 1
Node 72 30 29.7321
Pkt 28 200 0.14 1
Pkt 34 240 0.141667 1
Node 50 47 3
Pkt 53 375 0.141333 1
Pkt 53 375 0.141333 1
Rate:281.453
==========
==========29
8 0 2 24000
Node 30 39 22.8254
Pkt 23 160 0.14375 1
Pkt 28 200 0.14 1
Node 36 70 24.4131
Pkt 53 375 0.141333 1
Pkt 45 320 0.140625 1
Node 52 58 8.24621
Pkt 112 800 0.14 1
Pkt 112 800 0.14 1
Node 40 28 24.1661
Pkt 28 200 0.14 1
Pkt 18 125 0.144 1
Node 55 50 5
Pkt 45 320 0.140625 1
Pkt 68 480 0.141667 1
Node 37 45 13.9284
Pkt 112 800 0.14 1
Pkt 112 800 0.14 1
Node 61 29 23.7065
Pkt 28 200 0.14 1
Pkt 28 200 0.14 1
Node 56 58 10
Pkt 68 480 0.141667 1
Pkt 42 300 0.14 1
Rate:281.708
==========
==========30
8 0 2 24000
Node 43 71 22.1359
Pkt 34 240 0.141667 1
Pkt 14 100 0.14 1
Node 37 52 13.1529
Pkt 53 375 0.141333 1
Pkt 53 375 0.141333 1
Node 71 65 25.807
Pkt 112 800 0.14 1
Pkt 112 800 0.14 1
Node 62 61 16.2788
Pkt 28 200 0.14 1
Pkt 34 240 0.141667 1
Node 52 37 13.1529
Pkt 45 320 0.140625 1
Pkt 56 400 0.14 1
Node 36 63 19.105
Pkt 105 750 0.14 1
Pkt 105 750 0.14 1
Node 56 68 18.9737
Pkt 28 200 0.14 1
Pkt 27 192 0.140625 1
Node 29 58 22.4722
Pkt 53 375 0.141333 1
Pkt 68 480 0.141667 1
Rate:281.281
==========
==========31
8 0 2 24000
Node 62 66 20
Pkt 28 200 0.14 1
Pkt 27 192 0.140625 1
Node 51 64 14.0357
Pkt 45 320 0.140625 1
Pkt 53 375 0.141333 1
Node 27 70 30.4795
Pkt 105 750 0.14 1
Pkt 105 750 0.14 1
Node 66 47 16.2788
Pkt 17 120 0.141667 1
Pkt 27 192 0.140625 1
Node 46 73 23.3452
Pkt 68 480 0.141667 1
Pkt 45 320 0.140625 1
Node 49 41 9.05539
Pkt 112 800 0.14 1
Pkt 105 750 0.14 1
Node 27 67 28.6007
Pkt 35 250 0.14 1
Pkt 14 100 0.14 1
Node 34 65 21.9317
Pkt 45 320 0.140625 1
Pkt 68 480 0.141667 1
Rate:281.182
==========
==========32
8 0 2 24000
Node 42 55 9.43398
Pkt 14 100 0.14 1
Pkt 34 240 0.141667 1
Node 53 36 14.3178
Pkt 53 375 0.141333 1
Pkt 68 480 0.141667 1
Node 26 51 24.0208
Pkt 112 800 0.14 1
Pkt 105 750 0.14 1
Node 29 53 21.2132
Pkt 27 192 0.140625 1
Pkt 27 192 0.140625 1
Node 37 59 15.8114
Pkt 53 375 0.141333 1
Pkt 45 320 0.140625 1
Node 64 29 25.2389
Pkt 105 750 0.14 1
Pkt 105 750 0.14 1
Node 60 69 21.4709
Pkt 18 125 0.144 1
Pkt 23 160 0.14375 1
Node 63 70 23.8537
Pkt 53 375 0.141333 1
Pkt 56 400 0.14 1
Rate:282.12
==========
==========33
8 0 2 24000
Node 27 36 26.9258
Pkt 34 240 0.141667 1
Pkt 14 100 0.14 1
Node 47 25 25.1794
Pkt 53 375 0.141333 1
Pkt 53 375 0.141333 1
Node 43 46 8.06226
Pkt 105 750 0.14 1
Pkt 112 800 0.14 1
Node 34 27 28.0179
Pkt 14 100 0.14 1
Pkt 17 120 0.141667 1
Node 36 69 23.6008
Pkt 56 400 0.14 1
Pkt 68 480 0.141667 1
Node 74 34 28.8444
Pkt 112 800 0.14 1
Pkt 112 800 0.14 1
Node 41 63 15.8114
Pkt 14 100 0.14 1
Pkt 21 150 0.14 1
Node 26 70 31.241
Pkt 45 320 0.140625 1
Pkt 56 400 0.14 1
Rate:281.036
==========
==========34
8 0 2 24000
Node 60 26 26
Pkt 21 150 0.14 1
Pkt 21 150 0.14 1
Node 57 40 12.2066
Pkt 45 320 0.140625 1
Pkt 56 400 0.14 1
Node 48 37 13.1529
Pkt 112 800 0.14 1
Pkt 105 750 0.14 1
Node 65 53 15.2971
Pkt 14 100 0.14 1
Pkt 21 150 0.14 1
Node 72 39 24.5967
Pkt 45 320 0.140625 1
Pkt 53 375 0.141333 1
Node 49 36 14.0357
Pkt 105 750 0.14 1
Pkt 112 800 0.14 1
Node 74 56 24.7386
Pkt 28 200 0.14 1
Pkt 21 150 0.14 1
Node 72 43 23.0868
Pkt 68 480 0.141667 1
Pkt 53 375 0.141333 1
Rate:280.698
==========
==========35
8 0 2 24000
Node 47 72 22.2036
Pkt 35 250 0.14 1
Pkt 34 240 0.141667 1
Node 54 57 8.06226
Pkt 45 320 0.140625 1
Pkt 56 400 0.14 1
Node 57 42 10.6301
Pkt 112 800 0.14 1
Pkt 112 800 0.14 1
Node 34 33 23.3452
Pkt 23 160 0.14375 1
Pkt 14 100 0.14 1
Node 35 63 19.8494
Pkt 45 320 0.140625 1
Pkt 45 320 0.140625 1
Node 44 26 24.7386
Pkt 105 750 0.14 1
Pkt 105 750 0.14 1
Node 38 65 19.2094
Pkt 21 150 0.14 1
Pkt 35 250 0.14 1
Node 38 66 20
Pkt 68 480 0.141667 1
Pkt 42 300 0.14 1
Rate:281.12
==========
==========36
8 0 2 24000
Node 58 72 23.4094
Pkt 23 160 0.14375 1
Pkt 28 200 0.14 1
Node 40 74 26
Pkt 68 480 0.141667 1
Pkt 45 320 0.140625 1
Node 68 49 18.0278
Pkt 105 750 0.14 1
Pkt 112 800 0.14 1
Node 62 38 16.9706
Pkt 28 200 0.14 1
Pkt 23 160 0.14375 1
Node 57 55 8.60233
Pkt 42 300 0.14 1
Pkt 68 480 0.141667 1
Node 60 41 13.4536
Pkt 112 800 0.14 1
Pkt 112 800 0.14 1
Node 35 58 17
Pkt 27 192 0.140625 1
Pkt 17 120 0.141667 1
Node 63 67 21.4009
Pkt 53 375 0.141333 1
Pkt 45 320 0.140625 1
Rate:281.964
==========
==========37
8 0 2 24000
Node 32 59 20.1246
Pkt 28 200 0.14 1
Pkt 18 125 0.144 1
Node 48 74 24.0832
Pkt 53 375 0.141333 1
Pkt 45 320 0.140625 1
Node 39 31 21.9545
Pkt 105 750 0.14 1
Pkt 105 750 0.14 1
Node 50 61 11
Pkt 14 100 0.14 1
Pkt 21 150 0.14 1
Node 70 25 32.0156
Pkt 42 300 0.14 1
Pkt 42 300 0.14 1
Node 54 52 4.47214
Pkt 112 800 0.14 1
Pkt 105 750 0.14 1
Node 57 34 17.4642
Pkt 34 240 0.141667 1
Pkt 34 240 0.141667 1
Node 46 48 4.47214
Pkt 56 400 0.14 1
Pkt 53 375 0.141333 1
Rate:281.328
==========
==========38
8 0 2 24000
Node 34 58 17.8885
Pkt 34 240 0.141667 1
Pkt 28 200 0.14 1
Node 58 65 17
Pkt 53 375 0.141333 1
Pkt 56 400 0.14 1
Node 65 25 29.1548
Pkt 105 750 0.14 1
Pkt 112 800 0.14 1
Node 73 32 29.2062
Pkt 23 160 0.14375 1
Pkt 28 200 0.14 1
Node 31 34 24.8395
Pkt 53 375 0.141333 1
Pkt 42 300 0.14 1
Node 67 72 27.8029
Pkt 112 800 0.14 1
Pkt 105 750 0.14 1
Node 54 25 25.318
Pkt 17 120 0.141667 1
Pkt 27 192 0.140625 1
Node 66 70 25.6125
Pkt 42 300 0.14 1
Pkt 45 320 0.140625 1
Rate:281.375
==========
==========39
8 0 2 24000
Node 55 29 21.587
Pkt 34 240 0.141667 1
Pkt 17 120 0.141667 1
Node 30 73 30.4795
Pkt 56 400 0.14 1
Pkt 42 300 0.14 1
Node 55 50 5
Pkt 105 750 0.14 1
Pkt 112 800 0.14 1
Node 28 68 28.4253
Pkt 23 160 0.14375 1
Pkt 21 150 0.14 1
Node 34 65 21.9317
Pkt 45 320 0.140625 1
Pkt 56 400 0.14 1
Node 27 36 26.9258
Pkt 112 800 0.14 1
Pkt 105 750 0.14 1
Node 39 26 26.4008
Pkt 14 100 0.14 1
Pkt 14 100 0.14 1
Node 74 45 24.5153
Pkt 53 375 0.141333 1
Pkt 42 300 0.14 1
Rate:281.13
==========
==========40
8 0 2 24000
Node 71 30 29
Pkt 34 240 0.141667 1
Pkt 21 150 0.14 1
Node 73 57 24.0416
Pkt 56 400 0.14 1
Pkt 45 320 0.140625 1
Node 35 65 21.2132
Pkt 112 800 0.14 1
Pkt 112 800 0.14 1
Node 63 32 22.2036
Pkt 34 240 0.141667 1
Pkt 34 240 0.141667 1
Node 61 49 11.0454
Pkt 53 375 0.141333 1
Pkt 42 300 0.14 1
Node 54 57 8.06226
Pkt 105 750 0.14 1
Pkt 112 800 0.14 1
Node 65 48 15.1327
Pkt 21 150 0.14 1
Pkt 21 150 0.14 1
Node 39 33 20.2485
Pkt 42 300 0.14 1
Pkt 45 320 0.140625 1
Rate:280.948
==========
==========41
8 0 2 24000
Node 45 46 6.40312
Pkt 35 250 0.14 1
Pkt 14 100 0.14 1
Node 31 35 24.2074
Pkt 53 375 0.141333 1
Pkt 68 480 0.141667 1
Node 44 61 12.53
Pkt 105 750 0.14 1
Pkt 105 750 0.14 1
Node 74 53 24.1868
Pkt 28 200 0.14 1
Pkt 35 250 0.14 1
Node 40 29 23.2594
Pkt 45 320 0.140625 1
Pkt 56 400 0.14 1
Node 41 33 19.2354
Pkt 112 800 0.14 1
Pkt 105 750 0.14 1
Node 69 69 26.8701
Pkt 14 100 0.14 1
Pkt 18 125 0.144 1
Node 63 58 15.2643
Pkt 56 400 0.14 1
Pkt 56 400 0.14 1
Rate:280.953
==========
==========42
8 0 2 24000
Node 64 25 28.6531
Pkt 17 120 0.141667 1
Pkt 18 125 0.144 1
Node 53 30 20.2237
Pkt 56 400 0.14 1
Pkt 56 400 0.14 1
Node 58 49 8.06226
Pkt 112 800 0.14 1
Pkt 112 800 0.14 1
Node 44 34 17.088
Pkt 21 150 0.14 1
Pkt 34 240 0.141667 1
Node 28 58 23.4094
Pkt 42 300 0.14 1
Pkt 68 480 0.141667 1
Node 34 70 25.6125
Pkt 112 800 0.14 1
Pkt 105 750 0.14 1
Node 55 59 10.2956
Pkt 21 150 0.14 1
Pkt 17 120 0.141667 1
Node 32 73 29.2062
Pkt 53 375 0.141333 1
Pkt 56 400 0.14 1
Rate:281.5
==========
==========43
8 0 2 24000
Node 35 68 23.4307
Pkt 21 150 0.14 1
Pkt 28 200 0.14 1
Node 64 45 14.8661
Pkt 53 375 0.141333 1
Pkt 56 400 0.14 1
Node 68 32 25.4558
Pkt 112 800 0.14 1
Pkt 112 800 0.14 1
Node 59 36 16.6433
Pkt 17 120 0.141667 1
Pkt 27 192 0.140625 1
Node 48 56 6.32456
Pkt 56 400 0.14 1
Pkt 56 400 0.14 1
Node 57 27 24.0416
Pkt 105 750 0.14 1
Pkt 105 750 0.14 1
Node 36 64 19.799
Pkt 28 200 0.14 1
Pkt 21 150 0.14 1
Node 48 70 20.0998
Pkt 53 375 0.141333 1
Pkt 45 320 0.140625 1
Rate:280.698
==========
==========44
8 0 2 24000
Node 34 56 17.088
Pkt 28 200 0.14 1
Pkt 14 100 0.14 1
Node 47 60 10.4403
Pkt 42 300 0.14 1
Pkt 56 400 0.14 1
Node 72 33 27.8029
Pkt 112 800 0.14 1
Pkt 105 750 0.14 1
Node 42 41 12.0416
Pkt 18 125 0.144 1
Pkt 34 240 0.141667 1
Node 35 53 15.2971
Pkt 68 480 0.141667 1
Pkt 56 400 0.14 1
Node 39 44 12.53
Pkt 112 800 0.14 1
Pkt 112 800 0.14 1
Node 39 38 16.2788
Pkt 27 192 0.140625 1
Pkt 18 125 0.144 1
Node 30 44 20.8806
Pkt 56 400 0.14 1
Pkt 68 480 0.141667 1
Rate:281.703
==========
==========45
8 0 2 24000
Node 48 74 24.0832
Pkt 28 200 0.14 1
Pkt 21 150 0.14 1
Node 61 39 15.5563
Pkt 53 375 0.141333 1
Pkt 56 400 0.14 1
Node 33 56 18.0278
Pkt 105 750 0.14 1
Pkt 105 750 0.14 1
Node 33 34 23.3452
Pkt 34 240 0.141667 1
Pkt 18 125 0.144 1
Node 46 69 19.4165
Pkt 56 400 0.14 1
Pkt 42 300 0.14 1
Node 74 65 28.3019
Pkt 112 800 0.14 1
Pkt 112 800 0.14 1
Node 64 64 19.799
Pkt 17 120 0.141667 1
Pkt 17 120 0.141667 1
Node 59 31 21.0238
Pkt 45 320 0.140625 1
Pkt 53 375 0.141333 1
Rate:281.536
==========
==========46
8 0 2 24000
Node 51 71 21.0238
Pkt 28 200 0.14 1
Pkt 17 120 0.141667 1
Node 34 50 16
Pkt 42 300 0.14 1
Pkt 56 400 0.14 1
Node 45 27 23.5372
Pkt 112 800 0.14 1
Pkt 112 800 0.14 1
Node 59 73 24.6982
Pkt 35 250 0.14 1
Pkt 21 150 0.14 1
Node 41 49 9.05539
Pkt 53 375 0.141333 1
Pkt 42 300 0.14 1
Node 32 54 18.4391
Pkt 112 800 0.14 1
Pkt 105 750 0.14 1
Node 25 51 25.02
Pkt 34 240 0.141667 1
Pkt 17 120 0.141667 1
Node 63 38 17.6918
Pkt 53 375 0.141333 1
Pkt 45 320 0.140625 1
Rate:281.036
==========
==========47
8 0 2 24000
Node 39 44 12.53
Pkt 21 150 0.14 1
Pkt 14 100 0.14 1
Node 53 52 3.60555
Pkt 53 375 0.141333 1
Pkt 53 375 0.141333 1
Node 30 69 27.5862
Pkt 105 750 0.14 1
Pkt 105 750 0.14 1
Node 72 34 27.2029
Pkt 23 160 0.14375 1
Pkt 35 250 0.14 1
Node 67 55 17.72
Pkt 45 320 0.140625 1
Pkt 68 480 0.141667 1
Node 43 31 20.2485
Pkt 112 800 0.14 1
Pkt 112 800 0.14 1
Node 45 52 5.38516
Pkt 34 240 0.141667 1
Pkt 14 100 0.14 1
Node 62 55 13
Pkt 45 320 0.140625 1
Pkt 53 375 0.141333 1
Rate:281.542
==========
==========48
8 0 2 24000
Node 25 67 30.2324
Pkt 23 160 0.14375 1
Pkt 35 250 0.14 1
Node 64 35 20.5183
Pkt 42 300 0.14 1
Pkt 53 375 0.141333 1
Node 68 25 30.8058
Pkt 112 800 0.14 1
Pkt 105 750 0.14 1
Node 58 38 14.4222
Pkt 27 192 0.140625 1
Pkt 27 192 0.140625 1
Node 60 63 16.4012
Pkt 53 375 0.141333 1
Pkt 45 320 0.140625 1
Node 43 73 24.0416
Pkt 105 750 0.14 1
Pkt 112 800 0.14 1
Node 53 26 24.1868
Pkt 17 120 0.141667 1
Pkt 35 250 0.14 1
Node 72 61 24.5967
Pkt 45 320 0.140625 1
Pkt 45 320 0.140625 1
Rate:281.401
==========
==========49
8 0 2 24000
Node 59 35 17.4929
Pkt 27 192 0.140625 1
Pkt 27 192 0.140625 1
Node 45 51 5.09902
Pkt 53 375 0.141333 1
Pkt 45 320 0.140625 1
Node 63 62 17.6918
Pkt 112 800 0.14 1
Pkt 105 750 0.14 1
Node 43 74 25
Pkt 17 120 0.141667 1
Pkt 34 240 0.141667 1
Node 29 50 21
Pkt 68 480 0.141667 1
Pkt 45 320 0.140625 1
Node 46 72 22.3607
Pkt 112 800 0.14 1
Pkt 105 750 0.14 1
Node 62 33 20.8087
Pkt 28 200 0.14 1
Pkt 35 250 0.14 1
Node 74 65 28.3019
Pkt 53 375 0.141333 1
Pkt 45 320 0.140625 1
Rate:281.349
==========
==========50
8 0 2 24000
Node 44 59 10.8167
Pkt 14 100 0.14 1
Pkt 23 160 0.14375 1
Node 41 49 9.05539
Pkt 42 300 0.14 1
Pkt 53 375 0.141333 1
Node 67 25 30.2324
Pkt 112 800 0.14 1
Pkt 112 800 0.14 1
Node 57 28 23.0868
Pkt 21 150 0.14 1
Pkt 21 150 0.14 1
Node 49 51 1.41421
Pkt 68 480 0.141667 1
Pkt 53 375 0.141333 1
Node 57 32 19.3132
Pkt 105 750 0.14 1
Pkt 105 750 0.14 1
Node 63 33 21.4009
Pkt 18 125 0.144 1
Pkt 28 200 0.14 1
Node 53 48 3.60555
Pkt 42 300 0.14 1
Pkt 45 320 0.140625 1
Rate:281.589
==========
==========51
8 0 2 24000
Node 27 59 24.6982
Pkt 27 192 0.140625 1
Pkt 28 200 0.14 1
Node 28 39 24.5967
Pkt 42 300 0.14 1
Pkt 45 320 0.140625 1
Node 43 66 17.4642
Pkt 112 800 0.14 1
Pkt 112 800 0.14 1
Node 64 41 16.6433
Pkt 21 150 0.14 1
Pkt 35 250 0.14 1
Node 40 39 14.8661
Pkt 42 300 0.14 1
Pkt 53 375 0.141333 1
Node 39 73 25.4951
Pkt 112 800 0.14 1
Pkt 105 750 0.14 1
Node 74 33 29.4109
Pkt 27 192 0.140625 1
Pkt 28 200 0.14 1
Node 33 47 17.2627
Pkt 42 300 0.14 1
Pkt 53 375 0.141333 1
Rate:280.568
==========
==========52
8 0 2 24000
Node 54 55 6.40312
Pkt 21 150 0.14 1
Pkt 17 120 0.141667 1
Node 35 40 18.0278
Pkt 53 375 0.141333 1
Pkt 53 375 0.141333 1
Node 62 65 19.2094
Pkt 105 750 0.14 1
Pkt 105 750 0.14 1
Node 42 57 10.6301
Pkt 35 250 0.14 1
Pkt 23 160 0.14375 1
Node 34 72 27.2029
Pkt 56 400 0.14 1
Pkt 45 320 0.140625 1
Node 43 38 13.8924
Pkt 105 750 0.14 1
Pkt 112 800 0.14 1
Node 28 62 25.0599
Pkt 18 125 0.144 1
Pkt 14 100 0.14 1
Node 38 70 23.3238
Pkt 68 480 0.141667 1
Pkt 45 320 0.140625 1
Rate:281.875
==========
==========53
8 0 2 24000
Node 55 62 13
Pkt 17 120 0.141667 1
Pkt 35 250 0.14 1
Node 69 61 21.9545
Pkt 45 320 0.140625 1
Pkt 45 320 0.140625 1
Node 65 41 17.4929
Pkt 105 750 0.14 1
Pkt 112 800 0.14 1
Node 26 48 24.0832
Pkt 14 100 0.14 1
Pkt 18 125 0.144 1
Node 40 61 14.8661
Pkt 56 400 0.14 1
Pkt 56 400 0.14 1
Node 60 71 23.2594
Pkt 105 750 0.14 1
Pkt 112 800 0.14 1
Node 56 73 23.7697
Pkt 35 250 0.14 1
Pkt 21 150 0.14 1
Node 57 38 13.8924
Pkt 56 400 0.14 1
Pkt 56 400 0.14 1
Rate:280.865
==========
==========54
8 0 2 24000
Node 52 43 7.28011
Pkt 23 160 0.14375 1
Pkt 34 240 0.141667 1
Node 57 31 20.2485
Pkt 45 320 0.140625 1
Pkt 68 480 0.141667 1
Node 35 65 21.2132
Pkt 105 750 0.14 1
Pkt 112 800 0.14 1
Node 25 43 25.9615
Pkt 18 125 0.144 1
Pkt 28 200 0.14 1
Node 49 68 18.0278
Pkt 42 300 0.14 1
Pkt 56 400 0.14 1
Node 56 26 24.7386
Pkt 105 750 0.14 1
Pkt 105 750 0.14 1
Node 37 33 21.4009
Pkt 17 120 0.141667 1
Pkt 35 250 0.14 1
Node 66 73 28.0179
Pkt 68 480 0.141667 1
Pkt 56 400 0.14 1
Rate:281.88
==========
==========55
8 0 2 24000
Node 29 59 22.8473
Pkt 35 250 0.14 1
Pkt 21 150 0.14 1
Node 38 46 12.6491
Pkt 45 320 0.140625 1
Pkt 45 320 0.140625 1
Node 49 27 23.0217
Pkt 112 800 0.14 1
Pkt 105 750 0.14 1
Node 31 25 31.4006
Pkt 28 200 0.14 1
Pkt 28 200 0.14 1
Node 53 68 18.2483
Pkt 68 480 0.141667 1
Pkt 45 320 0.140625 1
Node 64 46 14.5602
Pkt 112 800 0.14 1
Pkt 112 800 0.14 1
Node 39 48 11.1803
Pkt 21 150 0.14 1
Pkt 28 200 0.14 1
Node 64 64 19.799
Pkt 45 320 0.140625 1
Pkt 42 300 0.14 1
Rate:280.521
==========
==========56
8 0 2 24000
Node 55 69 19.6469
Pkt 23 160 0.14375 1
Pkt 27 192 0.140625 1
Node 46 64 14.5602
Pkt 53 375 0.141333 1
Pkt 68 480 0.141667 1
Node 39 43 13.0384
Pkt 105 750 0.14 1
Pkt 105 750 0.14 1
Node 54 72 22.3607
Pkt 17 120 0.141667 1
Pkt 18 125 0.144 1
Node 60 69 21.4709
Pkt 53 375 0.141333 1
Pkt 53 375 0.141333 1
Node 29 64 25.2389
Pkt 112 800 0.14 1
Pkt 112 800 0.14 1
Node 43 51 7.07107
Pkt 23 160 0.14375 1
Pkt 18 125 0.144 1
Node 26 66 28.8444
Pkt 68 480 0.141667 1
Pkt 68 480 0.141667 1
Rate:283.349
==========
==========57
8 0 2 24000
Node 61 47 11.4018
Pkt 34 240 0.141667 1
Pkt 27 192 0.140625 1
Node 68 74 30
Pkt 45 320 0.140625 1
Pkt 68 480 0.141667 1
Node 70 51 20.025
Pkt 112 800 0.14 1
Pkt 112 800 0.14 1
Node 72 58 23.4094
Pkt 27 192 0.140625 1
Pkt 28 200 0.14 1
Node 54 71 21.3776
Pkt 68 480 0.141667 1
Pkt 53 375 0.141333 1
Node 56 63 14.3178
Pkt 105 750 0.14 1
Pkt 105 750 0.14 1
Node 53 56 6.7082
Pkt 28 200 0.14 1
Pkt 14 100 0.14 1
Node 70 72 29.7321
Pkt 53 375 0.141333 1
Pkt 53 375 0.141333 1
Rate:281.359
==========
==========58
8 0 2 24000
Node 65 70 25
Pkt 17 120 0.141667 1
Pkt 21 150 0.14 1
Node 65 69 24.2074
Pkt 56 400 0.14 1
Pkt 45 320 0.140625 1
Node 42 69 20.6155
Pkt 105 750 0.14 1
Pkt 112 800 0.14 1
Node 49 38 12.0416
Pkt 34 240 0.141667 1
Pkt 35 250 0.14 1
Node 45 68 18.6815
Pkt 45 320 0.140625 1
Pkt 68 480 0.141667 1
Node 66 44 17.088
Pkt 105 750 0.14 1
Pkt 105 750 0.14 1
Node 48 57 7.28011
Pkt 27 192 0.140625 1
Pkt 27 192 0.140625 1
Node 48 49 2.23607
Pkt 56 400 0.14 1
Pkt 56 400 0.14 1
Rate:280.938
==========
==========59
8 0 2 24000
Node 69 42 20.6155
Pkt 18 125 0.144 1
Pkt 14 100 0.14 1
Node 47 33 17.2627
Pkt 45 320 0.140625 1
Pkt 68 480 0.141667 1
Node 36 50 14
Pkt 105 750 0.14 1
Pkt 105 750 0.14 1
Node 32 25 30.8058
Pkt 17 120 0.141667 1
Pkt 34 240 0.141667 1
Node 63 70 23.8537
Pkt 53 375 0.141333 1
Pkt 45 320 0.140625 1
Node 43 69 20.2485
Pkt 105 750 0.14 1
Pkt 112 800 0.14 1
Node 56 49 6.08276
Pkt 34 240 0.141667 1
Pkt 17 120 0.141667 1
Node 26 73 33.2415
Pkt 45 320 0.140625 1
Pkt 42 300 0.14 1
Rate:281.943
==========
==========60
8 0 2 24000
Node 41 57 11.4018
Pkt 21 150 0.14 1
Pkt 28 200 0.14 1
Node 58 49 8.06226
Pkt 53 375 0.141333 1
Pkt 68 480 0.141667 1
Node 53 41 9.48683
Pkt 112 800 0.14 1
Pkt 112 800 0.14 1
Node 32 25 30.8058
Pkt 23 160 0.14375 1
Pkt 35 250 0.14 1
Node 71 39 23.7065
Pkt 56 400 0.14 1
Pkt 68 480 0.141667 1
Node 34 59 18.3576
Pkt 105 750 0.14 1
Pkt 105 750 0.14 1
Node 66 59 18.3576
Pkt 18 125 0.144 1
Pkt 23 160 0.14375 1
Node 48 41 9.21954
Pkt 42 300 0.14 1
Pkt 68 480 0.141667 1
Rate:282.229
==========
==========61
8 0 2 24000
Node 59 39 14.2127
Pkt 28 200 0.14 1
Pkt 18 125 0.144 1
Node 44 25 25.7099
Pkt 68 480 0.141667 1
Pkt 53 375 0.141333 1
Node 44 30 20.8806
Pkt 112 800 0.14 1
Pkt 105 750 0.14 1
Node 35 30 25
Pkt 14 100 0.14 1
Pkt 21 150 0.14 1
Node 34 57 17.4642
Pkt 42 300 0.14 1
Pkt 42 300 0.14 1
Node 28 55 22.561
Pkt 105 750 0.14 1
Pkt 112 800 0.14 1
Node 29 49 21.0238
Pkt 18 125 0.144 1
Pkt 35 250 0.14 1
Node 71 41 22.8473
Pkt 45 320 0.140625 1
Pkt 56 400 0.14 1
Rate:281.453
==========
==========62
8 0 2 24000
Node 29 43 22.1359
Pkt 14 100 0.14 1
Pkt 34 240 0.141667 1
Node 41 26 25.632
Pkt 56 400 0.14 1
Pkt 68 480 0.141667 1
Node 69 40 21.4709
Pkt 105 750 0.14 1
Pkt 112 800 0.14 1
Node 55 40 11.1803
Pkt 14 100 0.14 1
Pkt 21 150 0.14 1
Node 40 70 22.3607
Pkt 68 480 0.141667 1
Pkt 68 480 0.141667 1
Node 55 32 18.6815
Pkt 105 750 0.14 1
Pkt 112 800 0.14 1
Node 74 46 24.3311
Pkt 21 150 0.14 1
Pkt 28 200 0.14 1
Node 74 51 24.0208
Pkt 42 300 0.14 1
Pkt 53 375 0.141333 1
Rate:281
==========
==========63
8 0 2 24000
Node 34 69 24.8395
Pkt 35 250 0.14 1
Pkt 14 100 0.14 1
Node 51 45 5.09902
Pkt 56 400 0.14 1
Pkt 45 320 0.140625 1
Node 49 30 20.025
Pkt 105 750 0.14 1
Pkt 105 750 0.14 1
Node 37 51 13.0384
Pkt 27 192 0.140625 1
Pkt 34 240 0.141667 1
Node 57 39 13.0384
Pkt 42 300 0.14 1
Pkt 56 400 0.14 1
Node 53 74 24.1868
Pkt 112 800 0.14 1
Pkt 112 800 0.14 1
Node 65 49 15.0333
Pkt 34 240 0.141667 1
Pkt 18 125 0.144 1
Node 27 26 33.2415
Pkt 68 480 0.141667 1
Pkt 45 320 0.140625 1
Rate:281.359
==========
==========64
8 0 2 24000
Node 41 33 19.2354
Pkt 23 160 0.14375 1
Pkt 34 240 0.141667 1
Node 61 50 11
Pkt 42 300 0.14 1
Pkt 45 320 0.140625 1
Node 64 36 19.799
Pkt 105 750 0.14 1
Pkt 112 800 0.14 1
Node 26 43 25
Pkt 27 192 0.140625 1
Pkt 35 250 0.14 1
Node 48 44 6.32456
Pkt 56 400 0.14 1
Pkt 56 400 0.14 1
Node 39 32 21.095
Pkt 112 800 0.14 1
Pkt 105 750 0.14 1
Node 66 74 28.8444
Pkt 35 250 0.14 1
Pkt 17 120 0.141667 1
Node 60 40 14.1421
Pkt 53 375 0.141333 1
Pkt 53 375 0.141333 1
Rate:281.375
==========
==========65
8 0 2 24000
Node 66 73 28.0179
Pkt 34 240 0.141667 1
Pkt 27 192 0.140625 1
Node 46 52 4.47214
Pkt 42 300 0.14 1
Pkt 45 320 0.140625 1
Node 38 43 13.8924
Pkt 105 750 0.14 1
Pkt 105 750 0.14 1
Node 67 60 19.7231
Pkt 35 250 0.14 1
Pkt 28 200 0.14 1
Node 42 51 8.06226
Pkt 53 375 0.141333 1
Pkt 68 480 0.141667 1
Node 69 26 30.6105
Pkt 105 750 0.14 1
Pkt 112 800 0.14 1
Node 61 61 15.5563
Pkt 18 125 0.144 1
Pkt 14 100 0.14 1
Node 37 73 26.4197
Pkt 53 375 0.141333 1
Pkt 45 320 0.140625 1
Rate:281.484
==========
==========66
8 0 2 24000
Node 46 59 9.84886
Pkt 17 120 0.141667 1
Pkt 28 200 0.14 1
Node 42 61 13.6015
Pkt 68 480 0.141667 1
Pkt 45 320 0.140625 1
Node 35 50 15
Pkt 112 800 0.14 1
Pkt 105 750 0.14 1
Node 44 46 7.2111
Pkt 23 160 0.14375 1
Pkt 14 100 0.14 1
Node 66 32 24.0832
Pkt 56 400 0.14 1
Pkt 68 480 0.141667 1
Node 51 36 14.0357
Pkt 112 800 0.14 1
Pkt 112 800 0.14 1
Node 47 35 15.2971
Pkt 34 240 0.141667 1
Pkt 23 160 0.14375 1
Node 29 53 21.2132
Pkt 53 375 0.141333 1
Pkt 53 375 0.141333 1
Rate:282.182
==========
==========67
8 0 2 24000
Node 57 35 16.5529
Pkt 34 240 0.141667 1
Pkt 18 125 0.144 1
Node 70 58 21.5407
Pkt 56 400 0.14 1
Pkt 42 300 0.14 1
Node 45 35 15.8114
Pkt 112 800 0.14 1
Pkt 112 800 0.14 1
Node 64 25 28.6531
Pkt 28 200 0.14 1
Pkt 14 100 0.14 1
Node 41 44 10.8167
Pkt 56 400 0.14 1
Pkt 56 400 0.14 1
Node 51 60 10.0499
Pkt 112 800 0.14 1
Pkt 112 800 0.14 1
Node 44 63 14.3178
Pkt 35 250 0.14 1
Pkt 21 150 0.14 1
Node 37 74 27.2947
Pkt 53 375 0.141333 1
Pkt 53 375 0.141333 1
Rate:281.042
==========
==========68
8 0 2 24000
Node 45 61 12.083
Pkt 21 150 0.14 1
Pkt 34 240 0.141667 1
Node 42 39 13.6015
Pkt 68 480 0.141667 1
Pkt 56 400 0.14 1
Node 29 33 27.0185
Pkt 105 750 0.14 1
Pkt 112 800 0.14 1
Node 37 27 26.4197
Pkt 27 192 0.140625 1
Pkt 14 100 0.14 1
Node 52 74 24.0832
Pkt 53 375 0.141333 1
Pkt 45 320 0.140625 1
Node 58 28 23.4094
Pkt 105 750 0.14 1
Pkt 105 750 0.14 1
Node 53 67 17.2627
Pkt 23 160 0.14375 1
Pkt 21 150 0.14 1
Node 72 63 25.5539
Pkt 42 300 0.14 1
Pkt 42 300 0.14 1
Rate:281.208
==========
==========69
8 0 2 24000
Node 45 63 13.9284
Pkt 28 200 0.14 1
Pkt 23 160 0.14375 1
Node 69 53 19.2354
Pkt 56 400 0.14 1
Pkt 45 320 0.140625 1
Node 67 53 17.2627
Pkt 105 750 0.14 1
Pkt 105 750 0.14 1
Node 25 27 33.9706
Pkt 23 160 0.14375 1
Pkt 18 125 0.144 1
Node 39 68 21.095
Pkt 68 480 0.141667 1
Pkt 42 300 0.14 1
Node 37 54 13.6015
Pkt 105 750 0.14 1
Pkt 105 750 0.14 1
Node 65 51 15.0333
Pkt 23 160 0.14375 1
Pkt 18 125 0.144 1
Node 64 57 15.6525
Pkt 53 375 0.141333 1
Pkt 42 300 0.14 1
Rate:282.859
==========
==========70
8 0 2 24000
Node 50 27 23
Pkt 17 120 0.141667 1
Pkt 21 150 0.14 1
Node 37 71 24.6982
Pkt 42 300 0.14 1
Pkt 45 320 0.140625 1
Node 27 54 23.3452
Pkt 105 750 0.14 1
Pkt 105 750 0.14 1
Node 54 45 6.40312
Pkt 14 100 0.14 1
Pkt 28 200 0.14 1
Node 72 29 30.4138
Pkt 56 400 0.14 1
Pkt 68 480 0.141667 1
Node 44 56 8.48528
Pkt 105 750 0.14 1
Pkt 105 750 0.14 1
Node 51 27 23.0217
Pkt 34 240 0.141667 1
Pkt 28 200 0.14 1
Node 49 43 7.07107
Pkt 42 300 0.14 1
Pkt 53 375 0.141333 1
Rate:280.87
==========
==========71
8 0 2 24000
Node 59 37 15.8114
Pkt 35 250 0.14 1
Pkt 14 100 0.14 1
Node 30 64 24.4131
Pkt 45 320 0.140625 1
Pkt 45 320 0.140625 1
Node 66 48 16.1245
Pkt 112 800 0.14 1
Pkt 105 750 0.14 1
Node 42 40 12.8062
Pkt 14 100 0.14 1
Pkt 35 250 0.14 1
Node 54 54 5.65685
Pkt 45 320 0.140625 1
Pkt 42 300 0.14 1
Node 33 41 19.2354
Pkt 105 750 0.14 1
Pkt 112 800 0.14 1
Node 26 73 33.2415
Pkt 23 160 0.14375 1
Pkt 17 120 0.141667 1
Node 55 48 5.38516
Pkt 68 480 0.141667 1
Pkt 68 480 0.141667 1
Rate:281.328
==========
==========72
8 0 2 24000
Node 43 39 13.0384
Pkt 34 240 0.141667 1
Pkt 18 125 0.144 1
Node 56 65 16.1555
Pkt 42 300 0.14 1
Pkt 45 320 0.140625 1
Node 52 50 2
Pkt 112 800 0.14 1
Pkt 112 800 0.14 1
Node 43 63 14.7648
Pkt 17 120 0.141667 1
Pkt 28 200 0.14 1
Node 49 49 1.41421
Pkt 53 375 0.141333 1
Pkt 68 480 0.141667 1
Node 47 74 24.1868
Pkt 112 800 0.14 1
Pkt 105 750 0.14 1
Node 63 33 21.4009
Pkt 23 160 0.14375 1
Pkt 14 100 0.14 1
Node 65 72 26.6271
Pkt 53 375 0.141333 1
Pkt 68 480 0.141667 1
Rate:282.214
==========
==========73
8 0 2 24000
Node 31 53 19.2354
Pkt 17 120 0.141667 1
Pkt 34 240 0.141667 1
Node 36 49 14.0357
Pkt 68 480 0.141667 1
Pkt 56 400 0.14 1
Node 59 74 25.632
Pkt 105 750 0.14 1
Pkt 105 750 0.14 1
Node 58 51 8.06226
Pkt 28 200 0.14 1
Pkt 23 160 0.14375 1
Node 74 57 25
Pkt 42 300 0.14 1
Pkt 42 300 0.14 1
Node 72 66 27.2029
Pkt 112 800 0.14 1
Pkt 105 750 0.14 1
Node 72 47 22.2036
Pkt 23 160 0.14375 1
Pkt 17 120 0.141667 1
Node 37 40 16.4012
Pkt 53 375 0.141333 1
Pkt 53 375 0.141333 1
Rate:282.104
==========
==========74
8 0 2 24000
Node 31 25 31.4006
Pkt 34 240 0.141667 1
Pkt 34 240 0.141667 1
Node 58 30 21.5407
Pkt 56 400 0.14 1
Pkt 68 480 0.141667 1
Node 71 53 21.2132
Pkt 112 800 0.14 1
Pkt 105 750 0.14 1
Node 51 53 3.16228
Pkt 21 150 0.14 1
Pkt 18 125 0.144 1
Node 67 44 18.0278
Pkt 42 300 0.14 1
Pkt 53 375 0.141333 1
Node 63 65 19.8494
Pkt 112 800 0.14 1
Pkt 105 750 0.14 1
Node 61 36 17.8045
Pkt 17 120 0.141667 1
Pkt 34 240 0.141667 1
Node 47 63 13.3417
Pkt 42 300 0.14 1
Pkt 53 375 0.141333 1
Rate:281.875
==========
==========75
8 0 2 24000
Node 31 40 21.4709
Pkt 18 125 0.144 1
Pkt 17 120 0.141667 1
Node 25 59 26.5707
Pkt 53 375 0.141333 1
Pkt 42 300 0.14 1
Node 55 26 24.5153
Pkt 112 800 0.14 1
Pkt 112 800 0.14 1
Node 55 58 9.43398
Pkt 27 192 0.140625 1
Pkt 23 160 0.14375 1
Node 67 54 17.4642
Pkt 53 375 0.141333 1
Pkt 53 375 0.141333 1
Node 64 54 14.5602
Pkt 112 800 0.14 1
Pkt 112 800 0.14 1
Node 33 68 24.7588
Pkt 14 100 0.14 1
Pkt 28 200 0.14 1
Node 65 58 17
Pkt 45 320 0.140625 1
Pkt 45 320 0.140625 1
Rate:281.911
==========
==========76
8 0 2 24000
Node 41 63 15.8114
Pkt 27 192 0.140625 1
Pkt 28 200 0.14 1
Node 35 41 17.4929
Pkt 42 300 0.14 1
Pkt 68 480 0.141667 1
Node 39 68 21.095
Pkt 105 750 0.14 1
Pkt 112 800 0.14 1
Node 67 50 17
Pkt 18 125 0.144 1
Pkt 14 100 0.14 1
Node 30 40 22.3607
Pkt 45 320 0.140625 1
Pkt 56 400 0.14 1
Node 48 42 8.24621
Pkt 112 800 0.14 1
Pkt 112 800 0.14 1
Node 52 68 18.1108
Pkt 28 200 0.14 1
Pkt 17 120 0.141667 1
Node 42 56 10
Pkt 42 300 0.14 1
Pkt 53 375 0.141333 1
Rate:281.24
==========
==========77
8 0 2 24000
Node 63 29 24.6982
Pkt 17 120 0.141667 1
Pkt 21 150 0.14 1
Node 70 74 31.241
Pkt 45 320 0.140625 1
Pkt 53 375 0.141333 1
Node 36 39 17.8045
Pkt 112 800 0.14 1
Pkt 105 750 0.14 1
Node 38 60 15.6205
Pkt 27 192 0.140625 1
Pkt 27 192 0.140625 1
Node 65 56 16.1555
Pkt 56 400 0.14 1
Pkt 42 300 0.14 1
Node 70 31 27.5862
Pkt 112 800 0.14 1
Pkt 105 750 0.14 1
Node 27 62 25.9422
Pkt 18 125 0.144 1
Pkt 34 240 0.141667 1
Node 29 40 23.2594
Pkt 56 400 0.14 1
Pkt 68 480 0.141667 1
Rate:281.526
==========
==========78
8 0 2 24000
Node 56 66 17.088
Pkt 17 120 0.141667 1
Pkt 21 150 0.14 1
Node 25 30 32.0156
Pkt 45 320 0.140625 1
Pkt 68 480 0.141667 1
Node 32 25 30.8058
Pkt 112 800 0.14 1
Pkt 112 800 0.14 1
Node 65 28 26.6271
Pkt 23 160 0.14375 1
Pkt 18 125 0.144 1
Node 67 50 17
Pkt 56 400 0.14 1
Pkt 53 375 0.141333 1
Node 37 46 13.6015
Pkt 112 800 0.14 1
Pkt 112 800 0.14 1
Node 31 73 29.8329
Pkt 34 240 0.141667 1
Pkt 17 120 0.141667 1
Node 42 74 25.2982
Pkt 42 300 0.14 1
Pkt 68 480 0.141667 1
Rate:282.255
==========
==========79
8 0 2 24000
Node 52 49 2.23607
Pkt 18 125 0.144 1
Pkt 35 250 0.14 1
Node 34 32 24.0832
Pkt 42 300 0.14 1
Pkt 45 320 0.140625 1
Node 50 51 1
Pkt 112 800 0.14 1
Pkt 105 750 0.14 1
Node 47 60 10.4403
Pkt 34 240 0.141667 1
Pkt 28 200 0.14 1
Node 31 42 20.6155
Pkt 56 400 0.14 1
Pkt 42 300 0.14 1
Node 51 69 19.0263
Pkt 105 750 0.14 1
Pkt 112 800 0.14 1
Node 59 63 15.8114
Pkt 27 192 0.140625 1
Pkt 18 125 0.144 1
Node 46 37 13.6015
Pkt 56 400 0.14 1
Pkt 53 375 0.141333 1
Rate:281.531
==========
==========80
8 0 2 24000
Node 49 35 15.0333
Pkt 34 240 0.141667 1
Pkt 14 100 0.14 1
Node 71 39 23.7065
Pkt 42 300 0.14 1
Pkt 53 375 0.141333 1
Node 26 54 24.3311
Pkt 112 800 0.14 1
Pkt 112 800 0.14 1
Node 29 52 21.095
Pkt 21 150 0.14 1
Pkt 34 240 0.141667 1
Node 43 66 17.4642
Pkt 53 375 0.141333 1
Pkt 53 375 0.141333 1
Node 61 68 21.095
Pkt 105 750 0.14 1
Pkt 105 750 0.14 1
Node 68 28 28.4253
Pkt 27 192 0.140625 1
Pkt 18 125 0.144 1
Node 33 57 18.3848
Pkt 42 300 0.14 1
Pkt 45 320 0.140625 1
Rate:281.573
==========
==========81
8 0 2 24000
Node 38 73 25.9422
Pkt 27 192 0.140625 1
Pkt 23 160 0.14375 1
Node 53 27 23.1948
Pkt 68 480 0.141667 1
Pkt 45 320 0.140625 1
Node 71 68 27.6586
Pkt 105 750 0.14 1
Pkt 105 750 0.14 1
Node 64 53 14.3178
Pkt 34 240 0.141667 1
Pkt 34 240 0.141667 1
Node 54 64 14.5602
Pkt 45 320 0.140625 1
Pkt 42 300 0.14 1
Node 58 42 11.3137
Pkt 112 800 0.14 1
Pkt 112 800 0.14 1
Node 61 46 11.7047
Pkt 17 120 0.141667 1
Pkt 21 150 0.14 1
Node 68 43 19.3132
Pkt 45 320 0.140625 1
Pkt 45 320 0.140625 1
Rate:281.693
==========
==========82
8 0 2 24000
Node 32 54 18.4391
Pkt 28 200 0.14 1
Pkt 35 250 0.14 1
Node 27 69 29.8329
Pkt 53 375 0.141333 1
Pkt 45 320 0.140625 1
Node 38 69 22.4722
Pkt 112 800 0.14 1
Pkt 105 750 0.14 1
Node 49 60 10.0499
Pkt 14 100 0.14 1
Pkt 27 192 0.140625 1
Node 28 65 26.6271
Pkt 68 480 0.141667 1
Pkt 56 400 0.14 1
Node 48 65 15.1327
Pkt 112 800 0.14 1
Pkt 112 800 0.14 1
Node 58 53 8.544
Pkt 28 200 0.14 1
Pkt 21 150 0.14 1
Node 59 37 15.8114
Pkt 68 480 0.141667 1
Pkt 42 300 0.14 1
Rate:280.74
==========
==========83
8 0 2 24000
Node 39 53 11.4018
Pkt 21 150 0.14 1
Pkt 17 120 0.141667 1
Node 60 29 23.2594
Pkt 56 400 0.14 1
Pkt 45 320 0.140625 1
Node 50 45 5
Pkt 112 800 0.14 1
Pkt 112 800 0.14 1
Node 43 38 13.8924
Pkt 18 125 0.144 1
Pkt 27 192 0.140625 1
Node 64 57 15.6525
Pkt 53 375 0.141333 1
Pkt 68 480 0.141667 1
Node 26 36 27.7849
Pkt 112 800 0.14 1
Pkt 112 800 0.14 1
Node 41 51 9.05539
Pkt 23 160 0.14375 1
Pkt 21 150 0.14 1
Node 37 25 28.178
Pkt 53 375 0.141333 1
Pkt 68 480 0.141667 1
Rate:282.083
==========
==========84
8 0 2 24000
Node 55 41 10.2956
Pkt 14 100 0.14 1
Pkt 23 160 0.14375 1
Node 50 63 13
Pkt 68 480 0.141667 1
Pkt 45 320 0.140625 1
Node 71 50 21
Pkt 105 750 0.14 1
Pkt 105 750 0.14 1
Node 51 59 9.05539
Pkt 14 100 0.14 1
Pkt 18 125 0.144 1
Node 56 45 7.81025
Pkt 45 320 0.140625 1
Pkt 68 480 0.141667 1
Node 50 62 12
Pkt 112 800 0.14 1
Pkt 112 800 0.14 1
Node 43 28 23.0868
Pkt 18 125 0.144 1
Pkt 23 160 0.14375 1
Node 59 72 23.7697
Pkt 68 480 0.141667 1
Pkt 45 320 0.140625 1
Rate:282.797
==========
==========85
8 0 2 24000
Node 67 30 26.2488
Pkt 14 100 0.14 1
Pkt 28 200 0.14 1
Node 56 53 6.7082
Pkt 56 400 0.14 1
Pkt 53 375 0.141333 1
Node 51 72 22.0227
Pkt 112 800 0.14 1
Pkt 105 750 0.14 1
Node 70 49 20.025
Pkt 34 240 0.141667 1
Pkt 14 100 0.14 1
Node 66 66 22.6274
Pkt 68 480 0.141667 1
Pkt 68 480 0.141667 1
Node 45 44 7.81025
Pkt 105 750 0.14 1
Pkt 112 800 0.14 1
Node 72 47 22.2036
Pkt 28 200 0.14 1
Pkt 17 120 0.141667 1
Node 69 33 25.4951
Pkt 45 320 0.140625 1
Pkt 42 300 0.14 1
Rate:281.078
==========
==========86
8 0 2 24000
Node 65 44 16.1555
Pkt 34 240 0.141667 1
Pkt 23 160 0.14375 1
Node 69 63 23.0217
Pkt 53 375 0.141333 1
Pkt 53 375 0.141333 1
Node 57 68 19.3132
Pkt 112 800 0.14 1
Pkt 105 750 0.14 1
Node 53 72 22.2036
Pkt 17 120 0.141667 1
Pkt 14 100 0.14 1
Node 44 47 6.7082
Pkt 42 300 0.14 1
Pkt 53 375 0.141333 1
Node 35 65 21.2132
Pkt 105 750 0.14 1
Pkt 112 800 0.14 1
Node 41 70 21.9317
Pkt 21 150 0.14 1
Pkt 18 125 0.144 1
Node 64 48 14.1421
Pkt 53 375 0.141333 1
Pkt 45 320 0.140625 1
Rate:282.13
==========
==========87
8 0 2 24000
Node 26 26 33.9411
Pkt 21 150 0.14 1
Pkt 34 240 0.141667 1
Node 57 29 22.1359
Pkt 68 480 0.141667 1
Pkt 56 400 0.14 1
Node 60 52 10.198
Pkt 112 800 0.14 1
Pkt 112 800 0.14 1
Node 42 35 17
Pkt 18 125 0.144 1
Pkt 28 200 0.14 1
Node 52 66 16.1245
Pkt 53 375 0.141333 1
Pkt 53 375 0.141333 1
Node 34 33 23.3452
Pkt 112 800 0.14 1
Pkt 105 750 0.14 1
Node 60 52 10.198
Pkt 28 200 0.14 1
Pkt 21 150 0.14 1
Node 48 33 17.1172
Pkt 56 400 0.14 1
Pkt 56 400 0.14 1
Rate:281.25
==========
==========88
8 0 2 24000
Node 32 72 28.4253
Pkt 21 150 0.14 1
Pkt 18 125 0.144 1
Node 42 40 12.8062
Pkt 42 300 0.14 1
Pkt 45 320 0.140625 1
Node 66 44 17.088
Pkt 112 800 0.14 1
Pkt 105 750 0.14 1
Node 47 49 3.16228
Pkt 17 120 0.141667 1
Pkt 17 120 0.141667 1
Node 42 74 25.2982
Pkt 42 300 0.14 1
Pkt 45 320 0.140625 1
Node 62 55 13
Pkt 112 800 0.14 1
Pkt 105 750 0.14 1
Node 61 34 19.4165
Pkt 34 240 0.141667 1
Pkt 28 200 0.14 1
Node 62 27 25.9422
Pkt 45 320 0.140625 1
Pkt 53 375 0.141333 1
Rate:281.526
==========
==========89
8 0 2 24000
Node 71 25 32.6497
Pkt 14 100 0.14 1
Pkt 23 160 0.14375 1
Node 42 30 21.5407
Pkt 68 480 0.141667 1
Pkt 45 320 0.140625 1
Node 33 73 28.6007
Pkt 112 800 0.14 1
Pkt 112 800 0.14 1
Node 26 73 33.2415
Pkt 14 100 0.14 1
Pkt 23 160 0.14375 1
Node 26 36 27.7849
Pkt 42 300 0.14 1
Pkt 56 400 0.14 1
Node 28 36 26.0768
Pkt 105 750 0.14 1
Pkt 112 800 0.14 1
Node 67 68 24.7588
Pkt 28 200 0.14 1
Pkt 21 150 0.14 1
Node 73 33 28.6007
Pkt 56 400 0.14 1
Pkt 45 320 0.140625 1
Rate:281.302
==========
==========90
8 0 2 24000
Node 29 35 25.807
Pkt 34 240 0.141667 1
Pkt 34 240 0.141667 1
Node 42 44 10
Pkt 53 375 0.141333 1
Pkt 42 300 0.14 1
Node 60 30 22.3607
Pkt 112 800 0.14 1
Pkt 112 800 0.14 1
Node 70 62 23.3238
Pkt 21 150 0.14 1
Pkt 18 125 0.144 1
Node 74 66 28.8444
Pkt 56 400 0.14 1
Pkt 42 300 0.14 1
Node 70 32 26.9072
Pkt 112 800 0.14 1
Pkt 105 750 0.14 1
Node 46 49 4.12311
Pkt 23 160 0.14375 1
Pkt 18 125 0.144 1
Node 29 60 23.2594
Pkt 68 480 0.141667 1
Pkt 56 400 0.14 1
Rate:282.26
==========
==========91
8 0 2 24000
Node 54 58 8.94427
Pkt 17 120 0.141667 1
Pkt 34 240 0.141667 1
Node 49 35 15.0333
Pkt 42 300 0.14 1
Pkt 56 400 0.14 1
Node 67 27 28.6007
Pkt 112 800 0.14 1
Pkt 112 800 0.14 1
Node 45 25 25.4951
Pkt 14 100 0.14 1
Pkt 18 125 0.144 1
Node 51 51 1.41421
Pkt 53 375 0.141333 1
Pkt 68 480 0.141667 1
Node 61 72 24.5967
Pkt 105 750 0.14 1
Pkt 112 800 0.14 1
Node 59 74 25.632
Pkt 27 192 0.140625 1
Pkt 14 100 0.14 1
Node 59 53 9.48683
Pkt 45 320 0.140625 1
Pkt 53 375 0.141333 1
Rate:281.615
==========
==========92
8 0 2 24000
Node 38 46 12.6491
Pkt 27 192 0.140625 1
Pkt 18 125 0.144 1
Node 25 56 25.7099
Pkt 42 300 0.14 1
Pkt 42 300 0.14 1
Node 47 60 10.4403
Pkt 105 750 0.14 1
Pkt 105 750 0.14 1
Node 35 28 26.6271
Pkt 17 120 0.141667 1
Pkt 34 240 0.141667 1
Node 36 64 19.799
Pkt 68 480 0.141667 1
Pkt 68 480 0.141667 1
Node 39 50 11
Pkt 112 800 0.14 1
Pkt 112 800 0.14 1
Node 48 46 4.47214
Pkt 21 150 0.14 1
Pkt 18 125 0.144 1
Node 66 66 22.6274
Pkt 42 300 0.14 1
Pkt 53 375 0.141333 1
Rate:282.078
==========
==========93
8 0 2 24000
Node 70 55 20.6155
Pkt 21 150 0.14 1
Pkt 17 120 0.141667 1
Node 73 41 24.6982
Pkt 56 400 0.14 1
Pkt 45 320 0.140625 1
Node 44 37 14.3178
Pkt 112 800 0.14 1
Pkt 112 800 0.14 1
Node 56 47 6.7082
Pkt 34 240 0.141667 1
Pkt 14 100 0.14 1
Node 71 47 21.2132
Pkt 42 300 0.14 1
Pkt 53 375 0.141333 1
Node 26 35 28.3019
Pkt 105 750 0.14 1
Pkt 105 750 0.14 1
Node 35 68 23.4307
Pkt 27 192 0.140625 1
Pkt 34 240 0.141667 1
Node 30 36 24.4131
Pkt 42 300 0.14 1
Pkt 56 400 0.14 1
Rate:280.948
==========
==========94
8 0 2 24000
Node 54 52 4.47214
Pkt 21 150 0.14 1
Pkt 23 160 0.14375 1
Node 70 50 20
Pkt 53 375 0.141333 1
Pkt 42 300 0.14 1
Node 59 33 19.2354
Pkt 112 800 0.14 1
Pkt 105 750 0.14 1
Node 35 69 24.2074
Pkt 18 125 0.144 1
Pkt 23 160 0.14375 1
Node 65 29 25.807
Pkt 42 300 0.14 1
Pkt 45 320 0.140625 1
Node 57 60 12.2066
Pkt 105 750 0.14 1
Pkt 112 800 0.14 1
Node 69 73 29.8329
Pkt 17 120 0.141667 1
Pkt 27 192 0.140625 1
Node 71 49 21.0238
Pkt 68 480 0.141667 1
Pkt 56 400 0.14 1
Rate:282.177
==========
==========95
8 0 2 24000
Node 72 58 23.4094
Pkt 21 150 0.14 1
Pkt 14 100 0.14 1
Node 33 45 17.72
Pkt 45 320 0.140625 1
Pkt 68 480 0.141667 1
Node 34 46 16.4924
Pkt 105 750 0.14 1
Pkt 112 800 0.14 1
Node 49 55 5.09902
Pkt 28 200 0.14 1
Pkt 14 100 0.14 1
Node 29 51 21.0238
Pkt 42 300 0.14 1
Pkt 68 480 0.141667 1
Node 58 67 18.7883
Pkt 105 750 0.14 1
Pkt 105 750 0.14 1
Node 74 62 26.8328
Pkt 34 240 0.141667 1
Pkt 34 240 0.141667 1
Node 72 67 27.8029
Pkt 42 300 0.14 1
Pkt 45 320 0.140625 1
Rate:280.99
==========
==========96
8 0 2 24000
Node 60 40 14.1421
Pkt 28 200 0.14 1
Pkt 21 150 0.14 1
Node 51 56 6.08276
Pkt 53 375 0.141333 1
Pkt 53 375 0.141333 1
Node 30 68 26.9072
Pkt 112 800 0.14 1
Pkt 112 800 0.14 1
Node 44 41 10.8167
Pkt 18 125 0.144 1
Pkt 18 125 0.144 1
Node 70 32 26.9072
Pkt 68 480 0.141667 1
Pkt 53 375 0.141333 1
Node 46 26 24.3311
Pkt 105 750 0.14 1
Pkt 112 800 0.14 1
Node 48 45 5.38516
Pkt 21 150 0.14 1
Pkt 23 160 0.14375 1
Node 62 25 27.7308
Pkt 53 375 0.141333 1
Pkt 45 320 0.140625 1
Rate:282.422
==========
==========97
8 0 2 24000
Node 73 45 23.5372
Pkt 18 125 0.144 1
Pkt 17 120 0.141667 1
Node 48 29 21.095
Pkt 68 480 0.141667 1
Pkt 42 300 0.14 1
Node 59 62 15
Pkt 112 800 0.14 1
Pkt 112 800 0.14 1
Node 70 59 21.9317
Pkt 18 125 0.144 1
Pkt 17 120 0.141667 1
Node 39 45 12.083
Pkt 53 375 0.141333 1
Pkt 68 480 0.141667 1
Node 47 39 11.4018
Pkt 105 750 0.14 1
Pkt 105 750 0.14 1
Node 58 53 8.544
Pkt 35 250 0.14 1
Pkt 21 150 0.14 1
Node 66 61 19.4165
Pkt 68 480 0.141667 1
Pkt 56 400 0.14 1
Rate:282.208
==========
==========98
8 0 2 24000
Node 44 38 13.4164
Pkt 17 120 0.141667 1
Pkt 17 120 0.141667 1
Node 27 63 26.4197
Pkt 42 300 0.14 1
Pkt 53 375 0.141333 1
Node 40 41 13.4536
Pkt 105 750 0.14 1
Pkt 112 800 0.14 1
Node 46 46 5.65685
Pkt 18 125 0.144 1
Pkt 28 200 0.14 1
Node 38 46 12.6491
Pkt 53 375 0.141333 1
Pkt 68 480 0.141667 1
Node 67 59 19.2354
Pkt 112 800 0.14 1
Pkt 105 750 0.14 1
Node 38 49 12.0416
Pkt 28 200 0.14 1
Pkt 18 125 0.144 1
Node 55 35 15.8114
Pkt 45 320 0.140625 1
Pkt 68 480 0.141667 1
Rate:282.245
==========
==========99
