8 0 2 24000
Node 74 33 29.4109
Pkt 57 150 0.38 1
Pkt 76 200 0.38 1
Node 26 41 25.632
Pkt 183 480 0.38125 1
Pkt 122 320 0.38125 1
Node 51 61 11.0454
Pkt 304 800 0.38 1
Pkt 304 800 0.38 1
Node 40 27 25.0799
Pkt 95 250 0.38 1
Pkt 57 150 0.38 1
Node 64 32 22.8035
Pkt 122 320 0.38125 1
Pkt 183 480 0.38125 1
Node 47 71 21.2132
Pkt 285 750 0.38 1
Pkt 304 800 0.38 1
Node 28 42 23.4094
Pkt 92 240 0.383333 1
Pkt 46 120 0.383333 1
Node 36 32 22.8035
Pkt 183 480 0.38125 1
Pkt 152 400 0.38 1
Rate:761.615
==========
==========0
8 0 2 24000
Node 38 72 25.0599
Pkt 76 200 0.38 1
Pkt 46 120 0.383333 1
Node 56 36 15.2315
Pkt 114 300 0.38 1
Pkt 114 300 0.38 1
Node 42 69 20.6155
Pkt 285 750 0.38 1
Pkt 304 800 0.38 1
Node 27 45 23.5372
Pkt 73 192 0.380208 1
Pkt 57 150 0.38 1
Node 66 70 25.6125
Pkt 152 400 0.38 1
Pkt 114 300 0.38 1
Node 73 55 23.5372
Pkt 304 800 0.38 1
Pkt 304 800 0.38 1
Node 46 37 13.6015
Pkt 92 240 0.383333 1
Pkt 38 100 0.38 1
Node 39 54 11.7047
Pkt 122 320 0.38125 1
Pkt 114 300 0.38 1
Rate:761.016
==========
==========1
8 0 2 24000
Node 56 53 6.7082
Pkt 48 125 0.384 1
Pkt 46 120 0.383333 1
Node 48 63 13.1529
Pkt 114 300 0.38 1
Pkt 183 480 0.38125 1
Node 33 49 17.0294
Pkt 285 750 0.38 1
Pkt 285 750 0.38 1
Node 25 38 27.7308
Pkt 76 200 0.38 1
Pkt 76 200 0.38 1
Node 45 28 22.561
Pkt 183 480 0.38125 1
Pkt 122 320 0.38125 1
Node 43 68 19.3132
Pkt 304 800 0.38 1
Pkt 285 750 0.38 1
Node 48 46 4.47214
Pkt 61 160 0.38125 1
Pkt 48 125 0.384 1
Node 44 65 16.1555
Pkt 122 320 0.38125 1
Pkt 152 400 0.38 1
Rate:762.198
==========
==========2
8 0 2 24000
Node 43 43 9.89949
Pkt 76 200 0.38 1
Pkt 46 120 0.383333 1
Node 49 30 20.025
Pkt 143 375 0.381333 1
Pkt 114 300 0.38 1
Node 47 43 7.61577
Pkt 285 750 0.38 1
Pkt 304 800 0.38 1
Node 67 64 22.0227
Pkt 48 125 0.384 1
Pkt 38 100 0.38 1
Node 52 62 12.1655
Pkt 183 480 0.38125 1
Pkt 114 300 0.38 1
Node 48 30 20.0998
Pkt 304 800 0.38 1
Pkt 304 800 0.38 1
Node 31 38 22.4722
Pkt 92 240 0.383333 1
Pkt 48 125 0.384 1
Node 25 43 25.9615
Pkt 122 320 0.38125 1
Pkt 152 400 0.38 1
Rate:762.313
==========
==========3
8 0 2 24000
Node 50 34 16
Pkt 48 125 0.384 1
Pkt 92 240 0.383333 1
Node 58 45 9.43398
Pkt 114 300 0.38 1
Pkt 122 320 0.38125 1
Node 73 47 23.1948
Pkt 285 750 0.38 1
Pkt 304 800 0.38 1
Node 40 72 24.1661
Pkt 92 240 0.383333 1
Pkt 92 240 0.383333 1
Node 63 65 19.8494
Pkt 122 320 0.38125 1
Pkt 143 375 0.381333 1
Node 40 62 15.6205
Pkt 285 750 0.38 1
Pkt 285 750 0.38 1
Node 45 58 9.43398
Pkt 92 240 0.383333 1
Pkt 61 160 0.38125 1
Node 48 71 21.095
Pkt 114 300 0.38 1
Pkt 122 320 0.38125 1
Rate:762.958
==========
==========4
8 0 2 24000
Node 57 46 8.06226
Pkt 61 160 0.38125 1
Pkt 76 200 0.38 1
Node 53 53 4.24264
Pkt 143 375 0.381333 1
Pkt 152 400 0.38 1
Node 63 49 13.0384
Pkt 304 800 0.38 1
Pkt 304 800 0.38 1
Node 65 31 24.2074
Pkt 95 250 0.38 1
Pkt 57 150 0.38 1
Node 62 62 16.9706
Pkt 122 320 0.38125 1
Pkt 143 375 0.381333 1
Node 62 70 23.3238
Pkt 285 750 0.38 1
Pkt 285 750 0.38 1
Node 28 34 27.2029
Pkt 48 125 0.384 1
Pkt 38 100 0.38 1
Node 46 57 8.06226
Pkt 114 300 0.38 1
Pkt 152 400 0.38 1
Rate:761.146
==========
==========5
8 0 2 24000
Node 74 52 24.0832
Pkt 92 240 0.383333 1
Pkt 95 250 0.38 1
Node 64 31 23.6008
Pkt 152 400 0.38 1
Pkt 152 400 0.38 1
Node 45 28 22.561
Pkt 304 800 0.38 1
Pkt 304 800 0.38 1
Node 42 61 13.6015
Pkt 57 150 0.38 1
Pkt 38 100 0.38 1
Node 63 32 22.2036
Pkt 143 375 0.381333 1
Pkt 143 375 0.381333 1
Node 39 61 15.5563
Pkt 304 800 0.38 1
Pkt 304 800 0.38 1
Node 27 73 32.5269
Pkt 76 200 0.38 1
Pkt 73 192 0.380208 1
Node 54 54 5.65685
Pkt 152 400 0.38 1
Pkt 152 400 0.38 1
Rate:760.776
==========
==========6
8 0 2 24000
Node 28 45 22.561
Pkt 61 160 0.38125 1
Pkt 92 240 0.383333 1
Node 58 57 10.6301
Pkt 152 400 0.38 1
Pkt 143 375 0.381333 1
Node 48 50 2
Pkt 304 800 0.38 1
Pkt 285 750 0.38 1
Node 27 51 23.0217
Pkt 46 120 0.383333 1
Pkt 76 200 0.38 1
Node 39 30 22.8254
Pkt 152 400 0.38 1
Pkt 114 300 0.38 1
Node 43 30 21.1896
Pkt 304 800 0.38 1
Pkt 285 750 0.38 1
Node 51 72 22.0227
Pkt 92 240 0.383333 1
Pkt 92 240 0.383333 1
Node 25 57 25.9615
Pkt 152 400 0.38 1
Pkt 122 320 0.38125 1
Rate:762.146
==========
==========7
8 0 2 24000
Node 42 39 13.6015
Pkt 61 160 0.38125 1
Pkt 48 125 0.384 1
Node 43 33 18.3848
Pkt 122 320 0.38125 1
Pkt 152 400 0.38 1
Node 66 67 23.3452
Pkt 285 750 0.38 1
Pkt 304 800 0.38 1
Node 25 27 33.9706
Pkt 73 192 0.380208 1
Pkt 46 120 0.383333 1
Node 32 68 25.4558
Pkt 143 375 0.381333 1
Pkt 122 320 0.38125 1
Node 74 42 25.2982
Pkt 304 800 0.38 1
Pkt 285 750 0.38 1
Node 63 72 25.5539
Pkt 73 192 0.380208 1
Pkt 46 120 0.383333 1
Node 64 68 22.8035
Pkt 114 300 0.38 1
Pkt 122 320 0.38125 1
Rate:762.177
==========
==========8
8 0 2 24000
Node 40 67 19.7231
Pkt 73 192 0.380208 1
Pkt 46 120 0.383333 1
Node 28 33 27.8029
Pkt 183 480 0.38125 1
Pkt 122 320 0.38125 1
Node 44 69 19.9249
Pkt 285 750 0.38 1
Pkt 285 750 0.38 1
Node 45 70 20.6155
Pkt 48 125 0.384 1
Pkt 48 125 0.384 1
Node 44 66 17.088
Pkt 122 320 0.38125 1
Pkt 114 300 0.38 1
Node 48 71 21.095
Pkt 285 750 0.38 1
Pkt 304 800 0.38 1
Node 56 58 10
Pkt 46 120 0.383333 1
Pkt 48 125 0.384 1
Node 31 31 26.8701
Pkt 183 480 0.38125 1
Pkt 143 375 0.381333 1
Rate:763.151
==========
==========9
8 0 2 24000
Node 43 32 19.3132
Pkt 46 120 0.383333 1
Pkt 95 250 0.38 1
Node 59 46 9.84886
Pkt 143 375 0.381333 1
Pkt 152 400 0.38 1
Node 51 64 14.0357
Pkt 304 800 0.38 1
Pkt 285 750 0.38 1
Node 37 64 19.105
Pkt 76 200 0.38 1
Pkt 61 160 0.38125 1
Node 51 32 18.0278
Pkt 122 320 0.38125 1
Pkt 122 320 0.38125 1
Node 28 63 25.5539
Pkt 304 800 0.38 1
Pkt 304 800 0.38 1
Node 36 35 20.5183
Pkt 38 100 0.38 1
Pkt 38 100 0.38 1
Node 68 68 25.4558
Pkt 152 400 0.38 1
Pkt 152 400 0.38 1
Rate:761.052
==========
==========10
8 0 2 24000
Node 58 51 8.06226
Pkt 57 150 0.38 1
Pkt 73 192 0.380208 1
Node 27 47 23.1948
Pkt 114 300 0.38 1
Pkt 152 400 0.38 1
Node 28 70 29.7321
Pkt 304 800 0.38 1
Pkt 285 750 0.38 1
Node 50 33 17
Pkt 92 240 0.383333 1
Pkt 95 250 0.38 1
Node 68 31 26.1725
Pkt 114 300 0.38 1
Pkt 122 320 0.38125 1
Node 56 49 6.08276
Pkt 304 800 0.38 1
Pkt 285 750 0.38 1
Node 29 68 27.6586
Pkt 38 100 0.38 1
Pkt 76 200 0.38 1
Node 51 42 8.06226
Pkt 114 300 0.38 1
Pkt 152 400 0.38 1
Rate:760.599
==========
==========11
8 0 2 24000
Node 61 32 21.095
Pkt 46 120 0.383333 1
Pkt 61 160 0.38125 1
Node 46 58 8.94427
Pkt 143 375 0.381333 1
Pkt 152 400 0.38 1
Node 51 45 5.09902
Pkt 285 750 0.38 1
Pkt 304 800 0.38 1
Node 32 50 18
Pkt 73 192 0.380208 1
Pkt 95 250 0.38 1
Node 67 46 17.4642
Pkt 114 300 0.38 1
Pkt 114 300 0.38 1
Node 25 58 26.2488
Pkt 304 800 0.38 1
Pkt 304 800 0.38 1
Node 70 62 23.3238
Pkt 95 250 0.38 1
Pkt 48 125 0.384 1
Node 74 72 32.5576
Pkt 152 400 0.38 1
Pkt 122 320 0.38125 1
Rate:761.422
==========
==========12
8 0 2 24000
Node 31 72 29.0689
Pkt 61 160 0.38125 1
Pkt 48 125 0.384 1
Node 42 54 8.94427
Pkt 143 375 0.381333 1
Pkt 152 400 0.38 1
Node 68 66 24.0832
Pkt 304 800 0.38 1
Pkt 304 800 0.38 1
Node 30 47 20.2237
Pkt 48 125 0.384 1
Pkt 48 125 0.384 1
Node 33 72 27.8029
Pkt 143 375 0.381333 1
Pkt 122 320 0.38125 1
Node 27 60 25.0799
Pkt 285 750 0.38 1
Pkt 304 800 0.38 1
Node 26 30 31.241
Pkt 92 240 0.383333 1
Pkt 95 250 0.38 1
Node 44 72 22.8035
Pkt 183 480 0.38125 1
Pkt 183 480 0.38125 1
Rate:762.875
==========
==========13
8 0 2 24000
Node 58 51 8.06226
Pkt 95 250 0.38 1
Pkt 61 160 0.38125 1
Node 28 40 24.1661
Pkt 114 300 0.38 1
Pkt 152 400 0.38 1
Node 56 66 17.088
Pkt 304 800 0.38 1
Pkt 285 750 0.38 1
Node 67 44 18.0278
Pkt 95 250 0.38 1
Pkt 73 192 0.380208 1
Node 29 74 31.8904
Pkt 183 480 0.38125 1
Pkt 143 375 0.381333 1
Node 62 33 20.8087
Pkt 285 750 0.38 1
Pkt 304 800 0.38 1
Node 53 41 9.48683
Pkt 48 125 0.384 1
Pkt 46 120 0.383333 1
Node 38 26 26.8328
Pkt 143 375 0.381333 1
Pkt 114 300 0.38 1
Rate:761.589
==========
==========14
8 0 2 24000
Node 51 43 7.07107
Pkt 73 192 0.380208 1
Pkt 46 120 0.383333 1
Node 60 53 10.4403
Pkt 122 320 0.38125 1
Pkt 114 300 0.38 1
Node 71 52 21.095
Pkt 285 750 0.38 1
Pkt 304 800 0.38 1
Node 62 31 22.4722
Pkt 92 240 0.383333 1
Pkt 46 120 0.383333 1
Node 57 33 18.3848
Pkt 114 300 0.38 1
Pkt 183 480 0.38125 1
Node 67 56 18.0278
Pkt 304 800 0.38 1
Pkt 304 800 0.38 1
Node 59 73 24.6982
Pkt 48 125 0.384 1
Pkt 57 150 0.38 1
Node 31 64 23.6008
Pkt 152 400 0.38 1
Pkt 114 300 0.38 1
Rate:762.089
==========
==========15
8 0 2 24000
Node 39 29 23.7065
Pkt 73 192 0.380208 1
Pkt 57 150 0.38 1
Node 49 68 18.0278
Pkt 143 375 0.381333 1
Pkt 152 400 0.38 1
Node 40 35 18.0278
Pkt 285 750 0.38 1
Pkt 285 750 0.38 1
Node 38 56 13.4164
Pkt 76 200 0.38 1
Pkt 95 250 0.38 1
Node 53 27 23.1948
Pkt 183 480 0.38125 1
Pkt 143 375 0.381333 1
Node 65 53 15.2971
Pkt 285 750 0.38 1
Pkt 285 750 0.38 1
Node 38 36 18.4391
Pkt 92 240 0.383333 1
Pkt 48 125 0.384 1
Node 67 45 17.72
Pkt 183 480 0.38125 1
Pkt 122 320 0.38125 1
Rate:761.745
==========
==========16
8 0 2 24000
Node 53 28 22.2036
Pkt 95 250 0.38 1
Pkt 57 150 0.38 1
Node 44 61 12.53
Pkt 152 400 0.38 1
Pkt 183 480 0.38125 1
Node 49 27 23.0217
Pkt 304 800 0.38 1
Pkt 285 750 0.38 1
Node 42 74 25.2982
Pkt 76 200 0.38 1
Pkt 76 200 0.38 1
Node 36 68 22.8035
Pkt 152 400 0.38 1
Pkt 143 375 0.381333 1
Node 45 62 13
Pkt 285 750 0.38 1
Pkt 285 750 0.38 1
Node 27 47 23.1948
Pkt 46 120 0.383333 1
Pkt 57 150 0.38 1
Node 67 66 23.3452
Pkt 122 320 0.38125 1
Pkt 183 480 0.38125 1
Rate:761.052
==========
==========17
8 0 2 24000
Node 47 62 12.3693
Pkt 92 240 0.383333 1
Pkt 46 120 0.383333 1
Node 45 41 10.2956
Pkt 183 480 0.38125 1
Pkt 183 480 0.38125 1
Node 40 73 25.0799
Pkt 285 750 0.38 1
Pkt 304 800 0.38 1
Node 61 34 19.4165
Pkt 95 250 0.38 1
Pkt 46 120 0.383333 1
Node 69 61 21.9545
Pkt 114 300 0.38 1
Pkt 152 400 0.38 1
Node 63 57 14.7648
Pkt 285 750 0.38 1
Pkt 304 800 0.38 1
Node 33 60 19.7231
Pkt 95 250 0.38 1
Pkt 57 150 0.38 1
Node 73 36 26.9258
Pkt 114 300 0.38 1
Pkt 152 400 0.38 1
Rate:761.562
==========
==========18
8 0 2 24000
Node 52 66 16.1245
Pkt 92 240 0.383333 1
Pkt 48 125 0.384 1
Node 72 59 23.7697
Pkt 114 300 0.38 1
Pkt 114 300 0.38 1
Node 37 41 15.8114
Pkt 285 750 0.38 1
Pkt 285 750 0.38 1
Node 50 38 12
Pkt 57 150 0.38 1
Pkt 92 240 0.383333 1
Node 49 30 20.025
Pkt 152 400 0.38 1
Pkt 114 300 0.38 1
Node 54 36 14.5602
Pkt 304 800 0.38 1
Pkt 285 750 0.38 1
Node 47 43 7.61577
Pkt 38 100 0.38 1
Pkt 95 250 0.38 1
Node 26 42 25.2982
Pkt 143 375 0.381333 1
Pkt 143 375 0.381333 1
Rate:761.667
==========
==========19
8 0 2 24000
Node 71 59 22.8473
Pkt 95 250 0.38 1
Pkt 46 120 0.383333 1
Node 44 26 24.7386
Pkt 143 375 0.381333 1
Pkt 114 300 0.38 1
Node 64 43 15.6525
Pkt 304 800 0.38 1
Pkt 285 750 0.38 1
Node 55 44 7.81025
Pkt 61 160 0.38125 1
Pkt 61 160 0.38125 1
Node 50 43 7
Pkt 183 480 0.38125 1
Pkt 122 320 0.38125 1
Node 69 38 22.4722
Pkt 304 800 0.38 1
Pkt 304 800 0.38 1
Node 47 60 10.4403
Pkt 76 200 0.38 1
Pkt 48 125 0.384 1
Node 51 32 18.0278
Pkt 183 480 0.38125 1
Pkt 143 375 0.381333 1
Rate:762.031
==========
==========20
8 0 2 24000
Node 70 53 20.2237
Pkt 46 120 0.383333 1
Pkt 48 125 0.384 1
Node 71 72 30.4138
Pkt 183 480 0.38125 1
Pkt 152 400 0.38 1
Node 71 26 31.8904
Pkt 304 800 0.38 1
Pkt 304 800 0.38 1
Node 41 59 12.7279
Pkt 73 192 0.380208 1
Pkt 48 125 0.384 1
Node 36 33 22.0227
Pkt 114 300 0.38 1
Pkt 114 300 0.38 1
Node 71 41 22.8473
Pkt 285 750 0.38 1
Pkt 304 800 0.38 1
Node 31 29 28.3196
Pkt 57 150 0.38 1
Pkt 61 160 0.38125 1
Node 39 51 11.0454
Pkt 122 320 0.38125 1
Pkt 183 480 0.38125 1
Rate:762.068
==========
==========21
8 0 2 24000
Node 35 29 25.807
Pkt 92 240 0.383333 1
Pkt 48 125 0.384 1
Node 66 57 17.4642
Pkt 152 400 0.38 1
Pkt 114 300 0.38 1
Node 36 55 14.8661
Pkt 304 800 0.38 1
Pkt 285 750 0.38 1
Node 29 57 22.1359
Pkt 57 150 0.38 1
Pkt 38 100 0.38 1
Node 64 29 25.2389
Pkt 152 400 0.38 1
Pkt 152 400 0.38 1
Node 42 73 24.3516
Pkt 285 750 0.38 1
Pkt 304 800 0.38 1
Node 56 65 16.1555
Pkt 73 192 0.380208 1
Pkt 46 120 0.383333 1
Node 63 36 19.105
Pkt 114 300 0.38 1
Pkt 183 480 0.38125 1
Rate:761.516
==========
==========22
8 0 2 24000
Node 44 54 7.2111
Pkt 95 250 0.38 1
Pkt 92 240 0.383333 1
Node 45 30 20.6155
Pkt 114 300 0.38 1
Pkt 183 480 0.38125 1
Node 37 38 17.6918
Pkt 285 750 0.38 1
Pkt 304 800 0.38 1
Node 64 66 21.2603
Pkt 61 160 0.38125 1
Pkt 48 125 0.384 1
Node 40 30 22.3607
Pkt 114 300 0.38 1
Pkt 122 320 0.38125 1
Node 44 64 15.2315
Pkt 304 800 0.38 1
Pkt 285 750 0.38 1
Node 42 44 10
Pkt 61 160 0.38125 1
Pkt 57 150 0.38 1
Node 36 68 22.8035
Pkt 114 300 0.38 1
Pkt 183 480 0.38125 1
Rate:761.698
==========
==========23
8 0 2 24000
Node 64 43 15.6525
Pkt 46 120 0.383333 1
Pkt 61 160 0.38125 1
Node 30 72 29.7321
Pkt 152 400 0.38 1
Pkt 143 375 0.381333 1
Node 27 33 28.6007
Pkt 304 800 0.38 1
Pkt 285 750 0.38 1
Node 52 49 2.23607
Pkt 46 120 0.383333 1
Pkt 92 240 0.383333 1
Node 72 60 24.1661
Pkt 152 400 0.38 1
Pkt 152 400 0.38 1
Node 50 58 8
Pkt 285 750 0.38 1
Pkt 304 800 0.38 1
Node 32 53 18.2483
Pkt 92 240 0.383333 1
Pkt 73 192 0.380208 1
Node 50 34 16
Pkt 122 320 0.38125 1
Pkt 114 300 0.38 1
Rate:762.172
==========
==========24
8 0 2 24000
Node 42 62 14.4222
Pkt 61 160 0.38125 1
Pkt 76 200 0.38 1
Node 37 46 13.6015
Pkt 143 375 0.381333 1
Pkt 183 480 0.38125 1
Node 61 65 18.6011
Pkt 304 800 0.38 1
Pkt 304 800 0.38 1
Node 70 67 26.2488
Pkt 76 200 0.38 1
Pkt 73 192 0.380208 1
Node 61 44 12.53
Pkt 183 480 0.38125 1
Pkt 114 300 0.38 1
Node 66 61 19.4165
Pkt 304 800 0.38 1
Pkt 285 750 0.38 1
Node 70 72 29.7321
Pkt 76 200 0.38 1
Pkt 92 240 0.383333 1
Node 62 30 23.3238
Pkt 152 400 0.38 1
Pkt 122 320 0.38125 1
Rate:761.234
==========
==========25
8 0 2 24000
Node 43 33 18.3848
Pkt 46 120 0.383333 1
Pkt 73 192 0.380208 1
Node 71 65 25.807
Pkt 122 320 0.38125 1
Pkt 122 320 0.38125 1
Node 71 52 21.095
Pkt 285 750 0.38 1
Pkt 285 750 0.38 1
Node 25 32 30.8058
Pkt 48 125 0.384 1
Pkt 76 200 0.38 1
Node 72 50 22
Pkt 122 320 0.38125 1
Pkt 152 400 0.38 1
Node 70 48 20.0998
Pkt 304 800 0.38 1
Pkt 285 750 0.38 1
Node 54 52 4.47214
Pkt 57 150 0.38 1
Pkt 38 100 0.38 1
Node 48 53 3.60555
Pkt 114 300 0.38 1
Pkt 143 375 0.381333 1
Rate:761.578
==========
==========26
8 0 2 24000
Node 39 58 13.6015
Pkt 46 120 0.383333 1
Pkt 95 250 0.38 1
Node 62 41 15
Pkt 143 375 0.381333 1
Pkt 183 480 0.38125 1
Node 43 30 21.1896
Pkt 285 750 0.38 1
Pkt 304 800 0.38 1
Node 66 29 26.4008
Pkt 95 250 0.38 1
Pkt 57 150 0.38 1
Node 39 72 24.5967
Pkt 122 320 0.38125 1
Pkt 122 320 0.38125 1
Node 70 52 20.0998
Pkt 304 800 0.38 1
Pkt 285 750 0.38 1
Node 30 50 20
Pkt 38 100 0.38 1
Pkt 57 150 0.38 1
Node 51 33 17.0294
Pkt 143 375 0.381333 1
Pkt 114 300 0.38 1
Rate:761.219
==========
==========27
8 0 2 24000
Node 34 39 19.4165
Pkt 46 120 0.383333 1
Pkt 73 192 0.380208 1
Node 33 38 20.8087
Pkt 122 320 0.38125 1
Pkt 152 400 0.38 1
Node 64 27 26.9258
Pkt 304 800 0.38 1
Pkt 285 750 0.38 1
Node 33 38 20.8087
Pkt 92 240 0.383333 1
Pkt 57 150 0.38 1
Node 57 33 18.3848
Pkt 183 480 0.38125 1
Pkt 114 300 0.38 1
Node 67 56 18.0278
Pkt 285 750 0.38 1
Pkt 285 750 0.38 1
Node 56 33 18.0278
Pkt 92 240 0.383333 1
Pkt 73 192 0.380208 1
Node 67 45 17.72
Pkt 152 400 0.38 1
Pkt 122 320 0.38125 1
Rate:761.771
==========
==========28
8 0 2 24000
Node 27 32 29.2062
Pkt 57 150 0.38 1
Pkt 38 100 0.38 1
Node 44 55 7.81025
Pkt 114 300 0.38 1
Pkt 143 375 0.381333 1
Node 27 46 23.3452
Pkt 304 800 0.38 1
Pkt 304 800 0.38 1
Node 39 66 19.4165
Pkt 61 160 0.38125 1
Pkt 38 100 0.38 1
Node 61 55 12.083
Pkt 122 320 0.38125 1
Pkt 122 320 0.38125 1
Node 48 56 6.32456
Pkt 304 800 0.38 1
Pkt 304 800 0.38 1
Node 71 28 30.4138
Pkt 92 240 0.383333 1
Pkt 95 250 0.38 1
Node 33 25 30.2324
Pkt 183 480 0.38125 1
Pkt 143 375 0.381333 1
Rate:761.375
==========
==========29
8 0 2 24000
Node 50 46 4
Pkt 61 160 0.38125 1
Pkt 38 100 0.38 1
Node 41 49 9.05539
Pkt 114 300 0.38 1
Pkt 183 480 0.38125 1
Node 63 41 15.8114
Pkt 304 800 0.38 1
Pkt 285 750 0.38 1
Node 65 62 19.2094
Pkt 38 100 0.38 1
Pkt 61 160 0.38125 1
Node 56 33 18.0278
Pkt 152 400 0.38 1
Pkt 152 400 0.38 1
Node 66 30 25.6125
Pkt 285 750 0.38 1
Pkt 285 750 0.38 1
Node 55 49 5.09902
Pkt 95 250 0.38 1
Pkt 73 192 0.380208 1
Node 56 47 6.7082
Pkt 122 320 0.38125 1
Pkt 143 375 0.381333 1
Rate:760.818
==========
==========30
8 0 2 24000
Node 47 63 13.3417
Pkt 48 125 0.384 1
Pkt 61 160 0.38125 1
Node 63 42 15.2643
Pkt 183 480 0.38125 1
Pkt 143 375 0.381333 1
Node 30 65 25
Pkt 285 750 0.38 1
Pkt 304 800 0.38 1
Node 69 58 20.6155
Pkt 95 250 0.38 1
Pkt 76 200 0.38 1
Node 37 51 13.0384
Pkt 122 320 0.38125 1
Pkt 122 320 0.38125 1
Node 48 26 24.0832
Pkt 304 800 0.38 1
Pkt 304 800 0.38 1
Node 73 31 29.8329
Pkt 76 200 0.38 1
Pkt 38 100 0.38 1
Node 68 32 25.4558
Pkt 122 320 0.38125 1
Pkt 122 320 0.38125 1
Rate:761.604
==========
==========31
8 0 2 24000
Node 41 47 9.48683
Pkt 61 160 0.38125 1
Pkt 57 150 0.38 1
Node 60 43 12.2066
Pkt 114 300 0.38 1
Pkt 152 400 0.38 1
Node 49 39 11.0454
Pkt 285 750 0.38 1
Pkt 304 800 0.38 1
Node 37 27 26.4197
Pkt 76 200 0.38 1
Pkt 76 200 0.38 1
Node 56 57 9.21954
Pkt 143 375 0.381333 1
Pkt 122 320 0.38125 1
Node 40 42 12.8062
Pkt 304 800 0.38 1
Pkt 304 800 0.38 1
Node 36 61 17.8045
Pkt 46 120 0.383333 1
Pkt 61 160 0.38125 1
Node 30 49 20.025
Pkt 143 375 0.381333 1
Pkt 143 375 0.381333 1
Rate:761.385
==========
==========32
8 0 2 24000
Node 25 27 33.9706
Pkt 76 200 0.38 1
Pkt 46 120 0.383333 1
Node 37 53 13.3417
Pkt 122 320 0.38125 1
Pkt 183 480 0.38125 1
Node 66 73 28.0179
Pkt 304 800 0.38 1
Pkt 285 750 0.38 1
Node 66 50 16
Pkt 61 160 0.38125 1
Pkt 76 200 0.38 1
Node 26 39 26.4008
Pkt 143 375 0.381333 1
Pkt 122 320 0.38125 1
Node 51 68 18.0278
Pkt 285 750 0.38 1
Pkt 285 750 0.38 1
Node 59 67 19.2354
Pkt 95 250 0.38 1
Pkt 61 160 0.38125 1
Node 27 67 28.6007
Pkt 122 320 0.38125 1
Pkt 143 375 0.381333 1
Rate:761.687
==========
==========33
8 0 2 24000
Node 67 58 18.7883
Pkt 61 160 0.38125 1
Pkt 61 160 0.38125 1
Node 52 65 15.1327
Pkt 114 300 0.38 1
Pkt 122 320 0.38125 1
Node 67 30 26.2488
Pkt 304 800 0.38 1
Pkt 285 750 0.38 1
Node 59 35 17.4929
Pkt 38 100 0.38 1
Pkt 76 200 0.38 1
Node 32 39 21.095
Pkt 114 300 0.38 1
Pkt 114 300 0.38 1
Node 53 50 3
Pkt 285 750 0.38 1
Pkt 285 750 0.38 1
Node 36 54 14.5602
Pkt 61 160 0.38125 1
Pkt 76 200 0.38 1
Node 54 34 16.4924
Pkt 143 375 0.381333 1
Pkt 122 320 0.38125 1
Rate:760.948
==========
==========34
8 0 2 24000
Node 58 68 19.6977
Pkt 73 192 0.380208 1
Pkt 76 200 0.38 1
Node 48 56 6.32456
Pkt 183 480 0.38125 1
Pkt 122 320 0.38125 1
Node 25 74 34.6554
Pkt 285 750 0.38 1
Pkt 285 750 0.38 1
Node 36 27 26.9258
Pkt 76 200 0.38 1
Pkt 46 120 0.383333 1
Node 53 50 3
Pkt 152 400 0.38 1
Pkt 183 480 0.38125 1
Node 30 31 27.5862
Pkt 285 750 0.38 1
Pkt 285 750 0.38 1
Node 32 57 19.3132
Pkt 92 240 0.383333 1
Pkt 57 150 0.38 1
Node 44 28 22.8035
Pkt 183 480 0.38125 1
Pkt 152 400 0.38 1
Rate:761.484
==========
==========35
8 0 2 24000
Node 48 65 15.1327
Pkt 73 192 0.380208 1
Pkt 48 125 0.384 1
Node 25 27 33.9706
Pkt 114 300 0.38 1
Pkt 143 375 0.381333 1
Node 52 64 14.1421
Pkt 304 800 0.38 1
Pkt 304 800 0.38 1
Node 56 72 22.8035
Pkt 61 160 0.38125 1
Pkt 61 160 0.38125 1
Node 43 58 10.6301
Pkt 114 300 0.38 1
Pkt 114 300 0.38 1
Node 69 50 19
Pkt 304 800 0.38 1
Pkt 304 800 0.38 1
Node 69 56 19.9249
Pkt 92 240 0.383333 1
Pkt 76 200 0.38 1
Node 38 59 15
Pkt 114 300 0.38 1
Pkt 114 300 0.38 1
Rate:761.422
==========
==========36
8 0 2 24000
Node 59 51 9.05539
Pkt 48 125 0.384 1
Pkt 95 250 0.38 1
Node 67 68 24.7588
Pkt 183 480 0.38125 1
Pkt 183 480 0.38125 1
Node 47 57 7.61577
Pkt 285 750 0.38 1
Pkt 304 800 0.38 1
Node 47 32 18.2483
Pkt 92 240 0.383333 1
Pkt 95 250 0.38 1
Node 45 38 13
Pkt 143 375 0.381333 1
Pkt 114 300 0.38 1
Node 65 25 29.1548
Pkt 304 800 0.38 1
Pkt 285 750 0.38 1
Node 37 43 14.7648
Pkt 95 250 0.38 1
Pkt 61 160 0.38125 1
Node 58 74 25.2982
Pkt 114 300 0.38 1
Pkt 152 400 0.38 1
Rate:761.552
==========
==========37
8 0 2 24000
Node 50 53 3
Pkt 95 250 0.38 1
Pkt 46 120 0.383333 1
Node 58 48 8.24621
Pkt 143 375 0.381333 1
Pkt 122 320 0.38125 1
Node 58 28 23.4094
Pkt 304 800 0.38 1
Pkt 285 750 0.38 1
Node 45 66 16.7631
Pkt 57 150 0.38 1
Pkt 95 250 0.38 1
Node 73 67 28.6007
Pkt 183 480 0.38125 1
Pkt 122 320 0.38125 1
Node 55 56 7.81025
Pkt 285 750 0.38 1
Pkt 304 800 0.38 1
Node 60 52 10.198
Pkt 92 240 0.383333 1
Pkt 76 200 0.38 1
Node 58 59 12.0416
Pkt 143 375 0.381333 1
Pkt 122 320 0.38125 1
Rate:761.792
==========
==========38
8 0 2 24000
Node 52 67 17.1172
Pkt 57 150 0.38 1
Pkt 57 150 0.38 1
Node 26 58 25.2982
Pkt 183 480 0.38125 1
Pkt 143 375 0.381333 1
Node 25 25 35.3553
Pkt 285 750 0.38 1
Pkt 304 800 0.38 1
Node 61 44 12.53
Pkt 92 240 0.383333 1
Pkt 48 125 0.384 1
Node 31 28 29.0689
Pkt 114 300 0.38 1
Pkt 152 400 0.38 1
Node 65 29 25.807
Pkt 285 750 0.38 1
Pkt 304 800 0.38 1
Node 70 68 26.9072
Pkt 48 125 0.384 1
Pkt 46 120 0.383333 1
Node 41 31 21.0238
Pkt 114 300 0.38 1
Pkt 183 480 0.38125 1
Rate:762.313
==========
==========39
8 0 2 24000
Node 55 68 18.6815
Pkt 95 250 0.38 1
Pkt 57 150 0.38 1
Node 39 51 11.0454
Pkt 143 375 0.381333 1
Pkt 143 375 0.381333 1
Node 67 55 17.72
Pkt 304 800 0.38 1
Pkt 304 800 0.38 1
Node 59 60 13.4536
Pkt 46 120 0.383333 1
Pkt 73 192 0.380208 1
Node 61 39 15.5563
Pkt 143 375 0.381333 1
Pkt 122 320 0.38125 1
Node 29 36 25.2389
Pkt 304 800 0.38 1
Pkt 285 750 0.38 1
Node 53 48 3.60555
Pkt 48 125 0.384 1
Pkt 57 150 0.38 1
Node 35 54 15.5242
Pkt 183 480 0.38125 1
Pkt 143 375 0.381333 1
Rate:761.922
==========
==========40
8 0 2 24000
Node 62 49 12.0416
Pkt 95 250 0.38 1
Pkt 92 240 0.383333 1
Node 56 41 10.8167
Pkt 114 300 0.38 1
Pkt 152 400 0.38 1
Node 29 54 21.3776
Pkt 285 750 0.38 1
Pkt 304 800 0.38 1
Node 45 44 7.81025
Pkt 92 240 0.383333 1
Pkt 38 100 0.38 1
Node 53 58 8.544
Pkt 143 375 0.381333 1
Pkt 114 300 0.38 1
Node 25 43 25.9615
Pkt 285 750 0.38 1
Pkt 285 750 0.38 1
Node 54 49 4.12311
Pkt 38 100 0.38 1
Pkt 38 100 0.38 1
Node 73 71 31.1448
Pkt 143 375 0.381333 1
Pkt 152 400 0.38 1
Rate:761.167
==========
==========41
8 0 2 24000
Node 58 69 20.6155
Pkt 92 240 0.383333 1
Pkt 48 125 0.384 1
Node 28 62 25.0599
Pkt 122 320 0.38125 1
Pkt 114 300 0.38 1
Node 30 40 22.3607
Pkt 285 750 0.38 1
Pkt 285 750 0.38 1
Node 29 34 26.4008
Pkt 92 240 0.383333 1
Pkt 61 160 0.38125 1
Node 43 70 21.1896
Pkt 183 480 0.38125 1
Pkt 114 300 0.38 1
Node 48 44 6.32456
Pkt 304 800 0.38 1
Pkt 304 800 0.38 1
Node 48 48 2.82843
Pkt 57 150 0.38 1
Pkt 61 160 0.38125 1
Node 66 59 18.3576
Pkt 152 400 0.38 1
Pkt 143 375 0.381333 1
Rate:762.125
==========
==========42
8 0 2 24000
Node 42 71 22.4722
Pkt 95 250 0.38 1
Pkt 76 200 0.38 1
Node 35 63 19.8494
Pkt 152 400 0.38 1
Pkt 152 400 0.38 1
Node 43 35 16.5529
Pkt 304 800 0.38 1
Pkt 304 800 0.38 1
Node 61 48 11.1803
Pkt 92 240 0.383333 1
Pkt 73 192 0.380208 1
Node 55 67 17.72
Pkt 122 320 0.38125 1
Pkt 143 375 0.381333 1
Node 51 57 7.07107
Pkt 304 800 0.38 1
Pkt 304 800 0.38 1
Node 52 73 23.0868
Pkt 92 240 0.383333 1
Pkt 48 125 0.384 1
Node 69 29 28.3196
Pkt 143 375 0.381333 1
Pkt 122 320 0.38125 1
Rate:762.005
==========
==========43
8 0 2 24000
Node 41 58 12.0416
Pkt 46 120 0.383333 1
Pkt 61 160 0.38125 1
Node 33 39 20.2485
Pkt 143 375 0.381333 1
Pkt 152 400 0.38 1
Node 42 65 17
Pkt 285 750 0.38 1
Pkt 285 750 0.38 1
Node 63 25 28.178
Pkt 76 200 0.38 1
Pkt 46 120 0.383333 1
Node 65 49 15.0333
Pkt 183 480 0.38125 1
Pkt 183 480 0.38125 1
Node 60 45 11.1803
Pkt 304 800 0.38 1
Pkt 285 750 0.38 1
Node 40 26 26
Pkt 92 240 0.383333 1
Pkt 95 250 0.38 1
Node 25 65 29.1548
Pkt 122 320 0.38125 1
Pkt 152 400 0.38 1
Rate:762.042
==========
==========44
8 0 2 24000
Node 25 59 26.5707
Pkt 57 150 0.38 1
Pkt 95 250 0.38 1
Node 41 49 9.05539
Pkt 152 400 0.38 1
Pkt 143 375 0.381333 1
Node 46 60 10.7703
Pkt 304 800 0.38 1
Pkt 285 750 0.38 1
Node 55 54 6.40312
Pkt 95 250 0.38 1
Pkt 46 120 0.383333 1
Node 73 44 23.7697
Pkt 152 400 0.38 1
Pkt 183 480 0.38125 1
Node 72 54 22.3607
Pkt 304 800 0.38 1
Pkt 304 800 0.38 1
Node 40 60 14.1421
Pkt 76 200 0.38 1
Pkt 61 160 0.38125 1
Node 67 42 18.7883
Pkt 152 400 0.38 1
Pkt 122 320 0.38125 1
Rate:761.052
==========
==========45
8 0 2 24000
Node 61 72 24.5967
Pkt 61 160 0.38125 1
Pkt 38 100 0.38 1
Node 40 59 13.4536
Pkt 122 320 0.38125 1
Pkt 114 300 0.38 1
Node 28 63 25.5539
Pkt 304 800 0.38 1
Pkt 304 800 0.38 1
Node 62 56 13.4164
Pkt 73 192 0.380208 1
Pkt 57 150 0.38 1
Node 46 74 24.3311
Pkt 143 375 0.381333 1
Pkt 152 400 0.38 1
Node 52 34 16.1245
Pkt 304 800 0.38 1
Pkt 304 800 0.38 1
Node 27 37 26.4197
Pkt 46 120 0.383333 1
Pkt 61 160 0.38125 1
Node 30 36 24.4131
Pkt 152 400 0.38 1
Pkt 152 400 0.38 1
Rate:761.078
==========
==========46
8 0 2 24000
Node 39 50 11
Pkt 92 240 0.383333 1
Pkt 38 100 0.38 1
Node 31 66 24.8395
Pkt 114 300 0.38 1
Pkt 114 300 0.38 1
Node 62 40 15.6205
Pkt 304 800 0.38 1
Pkt 285 750 0.38 1
Node 72 61 24.5967
Pkt 48 125 0.384 1
Pkt 46 120 0.383333 1
Node 53 60 10.4403
Pkt 183 480 0.38125 1
Pkt 122 320 0.38125 1
Node 73 49 23.0217
Pkt 304 800 0.38 1
Pkt 304 800 0.38 1
Node 25 70 32.0156
Pkt 38 100 0.38 1
Pkt 95 250 0.38 1
Node 32 42 19.6977
Pkt 122 320 0.38125 1
Pkt 122 320 0.38125 1
Rate:761.958
==========
==========47
8 0 2 24000
Node 34 38 20
Pkt 61 160 0.38125 1
Pkt 48 125 0.384 1
Node 62 51 12.0416
Pkt 152 400 0.38 1
Pkt 122 320 0.38125 1
Node 63 38 17.6918
Pkt 285 750 0.38 1
Pkt 285 750 0.38 1
Node 58 48 8.24621
Pkt 46 120 0.383333 1
Pkt 92 240 0.383333 1
Node 36 53 14.3178
Pkt 183 480 0.38125 1
Pkt 152 400 0.38 1
Node 28 31 29.0689
Pkt 304 800 0.38 1
Pkt 304 800 0.38 1
Node 43 69 20.2485
Pkt 46 120 0.383333 1
Pkt 46 120 0.383333 1
Node 42 71 22.4722
Pkt 183 480 0.38125 1
Pkt 143 375 0.381333 1
Rate:762.958
==========
==========48
8 0 2 24000
Node 43 60 12.2066
Pkt 95 250 0.38 1
Pkt 73 192 0.380208 1
Node 53 26 24.1868
Pkt 114 300 0.38 1
Pkt 114 300 0.38 1
Node 43 27 24.0416
Pkt 285 750 0.38 1
Pkt 304 800 0.38 1
Node 55 27 23.5372
Pkt 76 200 0.38 1
Pkt 73 192 0.380208 1
Node 36 60 17.2047
Pkt 183 480 0.38125 1
Pkt 183 480 0.38125 1
Node 68 57 19.3132
Pkt 304 800 0.38 1
Pkt 304 800 0.38 1
Node 52 74 24.0832
Pkt 76 200 0.38 1
Pkt 38 100 0.38 1
Node 35 30 25
Pkt 143 375 0.381333 1
Pkt 114 300 0.38 1
Rate:760.531
==========
==========49
8 0 2 24000
Node 46 60 10.7703
Pkt 57 150 0.38 1
Pkt 73 192 0.380208 1
Node 28 53 22.2036
Pkt 122 320 0.38125 1
Pkt 143 375 0.381333 1
Node 61 45 12.083
Pkt 304 800 0.38 1
Pkt 304 800 0.38 1
Node 36 59 16.6433
Pkt 48 125 0.384 1
Pkt 92 240 0.383333 1
Node 67 33 24.0416
Pkt 122 320 0.38125 1
Pkt 152 400 0.38 1
Node 56 46 7.2111
Pkt 285 750 0.38 1
Pkt 285 750 0.38 1
Node 68 74 30
Pkt 38 100 0.38 1
Pkt 92 240 0.383333 1
Node 34 25 29.6816
Pkt 152 400 0.38 1
Pkt 143 375 0.381333 1
Rate:762.005
==========
==========50
8 0 2 24000
Node 58 49 8.06226
Pkt 92 240 0.383333 1
Pkt 73 192 0.380208 1
Node 55 30 20.6155
Pkt 143 375 0.381333 1
Pkt 183 480 0.38125 1
Node 74 73 33.2415
Pkt 285 750 0.38 1
Pkt 304 800 0.38 1
Node 73 35 27.4591
Pkt 46 120 0.383333 1
Pkt 38 100 0.38 1
Node 68 40 20.5913
Pkt 152 400 0.38 1
Pkt 143 375 0.381333 1
Node 47 38 12.3693
Pkt 285 750 0.38 1
Pkt 285 750 0.38 1
Node 25 29 32.6497
Pkt 57 150 0.38 1
Pkt 61 160 0.38125 1
Node 40 61 14.8661
Pkt 143 375 0.381333 1
Pkt 183 480 0.38125 1
Rate:761.828
==========
==========51
8 0 2 24000
Node 50 36 14
Pkt 73 192 0.380208 1
Pkt 73 192 0.380208 1
Node 30 48 20.0998
Pkt 143 375 0.381333 1
Pkt 122 320 0.38125 1
Node 39 72 24.5967
Pkt 304 800 0.38 1
Pkt 304 800 0.38 1
Node 60 72 24.1661
Pkt 76 200 0.38 1
Pkt 57 150 0.38 1
Node 73 28 31.8277
Pkt 114 300 0.38 1
Pkt 143 375 0.381333 1
Node 56 74 24.7386
Pkt 285 750 0.38 1
Pkt 304 800 0.38 1
Node 27 51 23.0217
Pkt 95 250 0.38 1
Pkt 73 192 0.380208 1
Node 39 38 16.2788
Pkt 143 375 0.381333 1
Pkt 143 375 0.381333 1
Rate:760.901
==========
==========52
8 0 2 24000
Node 57 55 8.60233
Pkt 76 200 0.38 1
Pkt 61 160 0.38125 1
Node 57 38 13.8924
Pkt 152 400 0.38 1
Pkt 122 320 0.38125 1
Node 69 63 23.0217
Pkt 285 750 0.38 1
Pkt 304 800 0.38 1
Node 32 38 21.6333
Pkt 48 125 0.384 1
Pkt 57 150 0.38 1
Node 30 37 23.8537
Pkt 183 480 0.38125 1
Pkt 152 400 0.38 1
Node 47 28 22.2036
Pkt 285 750 0.38 1
Pkt 304 800 0.38 1
Node 32 65 23.4307
Pkt 73 192 0.380208 1
Pkt 92 240 0.383333 1
Node 34 39 19.4165
Pkt 183 480 0.38125 1
Pkt 114 300 0.38 1
Rate:761.568
==========
==========53
8 0 2 24000
Node 41 44 10.8167
Pkt 38 100 0.38 1
Pkt 73 192 0.380208 1
Node 40 46 10.7703
Pkt 152 400 0.38 1
Pkt 152 400 0.38 1
Node 68 59 20.1246
Pkt 304 800 0.38 1
Pkt 304 800 0.38 1
Node 62 71 24.1868
Pkt 61 160 0.38125 1
Pkt 57 150 0.38 1
Node 38 29 24.1868
Pkt 152 400 0.38 1
Pkt 114 300 0.38 1
Node 44 58 10
Pkt 304 800 0.38 1
Pkt 304 800 0.38 1
Node 49 33 17.0294
Pkt 76 200 0.38 1
Pkt 92 240 0.383333 1
Node 65 59 17.4929
Pkt 152 400 0.38 1
Pkt 152 400 0.38 1
Rate:760.599
==========
==========54
8 0 2 24000
Node 53 50 3
Pkt 76 200 0.38 1
Pkt 61 160 0.38125 1
Node 31 52 19.105
Pkt 122 320 0.38125 1
Pkt 143 375 0.381333 1
Node 44 36 15.2315
Pkt 304 800 0.38 1
Pkt 304 800 0.38 1
Node 57 27 24.0416
Pkt 46 120 0.383333 1
Pkt 92 240 0.383333 1
Node 43 68 19.3132
Pkt 122 320 0.38125 1
Pkt 122 320 0.38125 1
Node 72 35 26.6271
Pkt 285 750 0.38 1
Pkt 285 750 0.38 1
Node 48 32 18.1108
Pkt 46 120 0.383333 1
Pkt 46 120 0.383333 1
Node 46 63 13.6015
Pkt 143 375 0.381333 1
Pkt 114 300 0.38 1
Rate:762.625
==========
==========55
8 0 2 24000
Node 45 72 22.561
Pkt 76 200 0.38 1
Pkt 38 100 0.38 1
Node 39 32 21.095
Pkt 114 300 0.38 1
Pkt 114 300 0.38 1
Node 56 30 20.8806
Pkt 304 800 0.38 1
Pkt 285 750 0.38 1
Node 64 61 17.8045
Pkt 38 100 0.38 1
Pkt 73 192 0.380208 1
Node 35 62 19.2094
Pkt 114 300 0.38 1
Pkt 183 480 0.38125 1
Node 56 35 16.1555
Pkt 304 800 0.38 1
Pkt 285 750 0.38 1
Node 56 70 20.8806
Pkt 48 125 0.384 1
Pkt 38 100 0.38 1
Node 38 26 26.8328
Pkt 122 320 0.38125 1
Pkt 152 400 0.38 1
Rate:760.839
==========
==========56
8 0 2 24000
Node 63 53 13.3417
Pkt 95 250 0.38 1
Pkt 57 150 0.38 1
Node 63 57 14.7648
Pkt 152 400 0.38 1
Pkt 143 375 0.381333 1
Node 39 46 11.7047
Pkt 285 750 0.38 1
Pkt 304 800 0.38 1
Node 39 31 21.9545
Pkt 92 240 0.383333 1
Pkt 61 160 0.38125 1
Node 30 25 32.0156
Pkt 122 320 0.38125 1
Pkt 114 300 0.38 1
Node 57 35 16.5529
Pkt 304 800 0.38 1
Pkt 285 750 0.38 1
Node 60 48 10.198
Pkt 92 240 0.383333 1
Pkt 48 125 0.384 1
Node 26 35 28.3019
Pkt 152 400 0.38 1
Pkt 183 480 0.38125 1
Rate:761.969
==========
==========57
8 0 2 24000
Node 31 65 24.2074
Pkt 38 100 0.38 1
Pkt 57 150 0.38 1
Node 31 33 25.4951
Pkt 183 480 0.38125 1
Pkt 143 375 0.381333 1
Node 32 51 18.0278
Pkt 304 800 0.38 1
Pkt 285 750 0.38 1
Node 31 42 20.6155
Pkt 57 150 0.38 1
Pkt 76 200 0.38 1
Node 32 59 20.1246
Pkt 183 480 0.38125 1
Pkt 183 480 0.38125 1
Node 44 46 7.2111
Pkt 285 750 0.38 1
Pkt 285 750 0.38 1
Node 58 46 8.94427
Pkt 61 160 0.38125 1
Pkt 38 100 0.38 1
Node 64 35 20.5183
Pkt 143 375 0.381333 1
Pkt 143 375 0.381333 1
Rate:761.125
==========
==========58
8 0 2 24000
Node 46 26 24.3311
Pkt 57 150 0.38 1
Pkt 61 160 0.38125 1
Node 43 45 8.60233
Pkt 143 375 0.381333 1
Pkt 143 375 0.381333 1
Node 51 39 11.0454
Pkt 285 750 0.38 1
Pkt 304 800 0.38 1
Node 59 25 26.5707
Pkt 92 240 0.383333 1
Pkt 57 150 0.38 1
Node 52 56 6.32456
Pkt 143 375 0.381333 1
Pkt 152 400 0.38 1
Node 30 56 20.8806
Pkt 304 800 0.38 1
Pkt 285 750 0.38 1
Node 69 29 28.3196
Pkt 61 160 0.38125 1
Pkt 48 125 0.384 1
Node 29 73 31.1448
Pkt 143 375 0.381333 1
Pkt 152 400 0.38 1
Rate:761.896
==========
==========59
8 0 2 24000
Node 69 67 25.4951
Pkt 73 192 0.380208 1
Pkt 76 200 0.38 1
Node 44 38 13.4164
Pkt 114 300 0.38 1
Pkt 152 400 0.38 1
Node 65 32 23.4307
Pkt 285 750 0.38 1
Pkt 304 800 0.38 1
Node 45 64 14.8661
Pkt 76 200 0.38 1
Pkt 95 250 0.38 1
Node 69 49 19.0263
Pkt 114 300 0.38 1
Pkt 183 480 0.38125 1
Node 46 61 11.7047
Pkt 304 800 0.38 1
Pkt 285 750 0.38 1
Node 72 51 22.0227
Pkt 57 150 0.38 1
Pkt 73 192 0.380208 1
Node 28 64 26.0768
Pkt 152 400 0.38 1
Pkt 152 400 0.38 1
Rate:760.208
==========
==========60
8 0 2 24000
Node 45 71 21.587
Pkt 46 120 0.383333 1
Pkt 46 120 0.383333 1
Node 46 39 11.7047
Pkt 122 320 0.38125 1
Pkt 114 300 0.38 1
Node 38 69 22.4722
Pkt 304 800 0.38 1
Pkt 285 750 0.38 1
Node 67 48 17.1172
Pkt 95 250 0.38 1
Pkt 73 192 0.380208 1
Node 39 64 17.8045
Pkt 152 400 0.38 1
Pkt 152 400 0.38 1
Node 35 71 25.807
Pkt 304 800 0.38 1
Pkt 304 800 0.38 1
Node 61 26 26.4008
Pkt 61 160 0.38125 1
Pkt 95 250 0.38 1
Node 60 31 21.4709
Pkt 183 480 0.38125 1
Pkt 152 400 0.38 1
Rate:761.328
==========
==========61
8 0 2 24000
Node 47 36 14.3178
Pkt 61 160 0.38125 1
Pkt 48 125 0.384 1
Node 32 70 26.9072
Pkt 114 300 0.38 1
Pkt 114 300 0.38 1
Node 53 36 14.3178
Pkt 304 800 0.38 1
Pkt 285 750 0.38 1
Node 47 47 4.24264
Pkt 76 200 0.38 1
Pkt 76 200 0.38 1
Node 65 64 20.5183
Pkt 183 480 0.38125 1
Pkt 122 320 0.38125 1
Node 62 41 15
Pkt 285 750 0.38 1
Pkt 285 750 0.38 1
Node 30 26 31.241
Pkt 95 250 0.38 1
Pkt 48 125 0.384 1
Node 42 49 8.06226
Pkt 152 400 0.38 1
Pkt 183 480 0.38125 1
Rate:761.625
==========
==========62
8 0 2 24000
Node 74 47 24.1868
Pkt 57 150 0.38 1
Pkt 48 125 0.384 1
Node 33 46 17.4642
Pkt 114 300 0.38 1
Pkt 114 300 0.38 1
Node 72 37 25.5539
Pkt 304 800 0.38 1
Pkt 304 800 0.38 1
Node 40 52 10.198
Pkt 95 250 0.38 1
Pkt 48 125 0.384 1
Node 57 57 9.89949
Pkt 152 400 0.38 1
Pkt 183 480 0.38125 1
Node 49 55 5.09902
Pkt 304 800 0.38 1
Pkt 285 750 0.38 1
Node 27 68 29.2062
Pkt 48 125 0.384 1
Pkt 61 160 0.38125 1
Node 51 59 9.05539
Pkt 114 300 0.38 1
Pkt 152 400 0.38 1
Rate:761.812
==========
==========63
8 0 2 24000
Node 27 25 33.9706
Pkt 38 100 0.38 1
Pkt 38 100 0.38 1
Node 69 67 25.4951
Pkt 122 320 0.38125 1
Pkt 122 320 0.38125 1
Node 29 37 24.6982
Pkt 285 750 0.38 1
Pkt 285 750 0.38 1
Node 26 61 26.4008
Pkt 46 120 0.383333 1
Pkt 61 160 0.38125 1
Node 73 58 24.3516
Pkt 152 400 0.38 1
Pkt 152 400 0.38 1
Node 72 34 27.2029
Pkt 304 800 0.38 1
Pkt 285 750 0.38 1
Node 25 60 26.9258
Pkt 73 192 0.380208 1
Pkt 61 160 0.38125 1
Node 56 54 7.2111
Pkt 114 300 0.38 1
Pkt 143 375 0.381333 1
Rate:761.234
==========
==========64
8 0 2 24000
Node 59 49 9.05539
Pkt 46 120 0.383333 1
Pkt 92 240 0.383333 1
Node 25 56 25.7099
Pkt 152 400 0.38 1
Pkt 143 375 0.381333 1
Node 60 72 24.1661
Pkt 304 800 0.38 1
Pkt 304 800 0.38 1
Node 61 67 20.2485
Pkt 61 160 0.38125 1
Pkt 48 125 0.384 1
Node 54 67 17.4642
Pkt 183 480 0.38125 1
Pkt 122 320 0.38125 1
Node 61 70 22.8254
Pkt 304 800 0.38 1
Pkt 304 800 0.38 1
Node 34 26 28.8444
Pkt 38 100 0.38 1
Pkt 95 250 0.38 1
Node 26 58 25.2982
Pkt 183 480 0.38125 1
Pkt 152 400 0.38 1
Rate:762.125
==========
==========65
8 0 2 24000
Node 33 33 24.0416
Pkt 48 125 0.384 1
Pkt 95 250 0.38 1
Node 31 27 29.8329
Pkt 152 400 0.38 1
Pkt 143 375 0.381333 1
Node 68 65 23.4307
Pkt 285 750 0.38 1
Pkt 285 750 0.38 1
Node 45 70 20.6155
Pkt 61 160 0.38125 1
Pkt 46 120 0.383333 1
Node 69 34 24.8395
Pkt 114 300 0.38 1
Pkt 143 375 0.381333 1
Node 70 33 26.2488
Pkt 285 750 0.38 1
Pkt 304 800 0.38 1
Node 29 41 22.8473
Pkt 38 100 0.38 1
Pkt 76 200 0.38 1
Node 66 74 28.8444
Pkt 183 480 0.38125 1
Pkt 143 375 0.381333 1
Rate:761.729
==========
==========66
8 0 2 24000
Node 62 32 21.6333
Pkt 46 120 0.383333 1
Pkt 46 120 0.383333 1
Node 61 52 11.1803
Pkt 183 480 0.38125 1
Pkt 152 400 0.38 1
Node 49 38 12.0416
Pkt 304 800 0.38 1
Pkt 304 800 0.38 1
Node 39 47 11.4018
Pkt 61 160 0.38125 1
Pkt 46 120 0.383333 1
Node 58 73 24.3516
Pkt 183 480 0.38125 1
Pkt 152 400 0.38 1
Node 49 32 18.0278
Pkt 285 750 0.38 1
Pkt 304 800 0.38 1
Node 64 55 14.8661
Pkt 61 160 0.38125 1
Pkt 92 240 0.383333 1
Node 67 66 23.3452
Pkt 122 320 0.38125 1
Pkt 122 320 0.38125 1
Rate:762.604
==========
==========67
8 0 2 24000
Node 25 47 25.1794
Pkt 38 100 0.38 1
Pkt 57 150 0.38 1
Node 47 53 4.24264
Pkt 152 400 0.38 1
Pkt 114 300 0.38 1
Node 51 30 20.025
Pkt 285 750 0.38 1
Pkt 285 750 0.38 1
Node 51 43 7.07107
Pkt 73 192 0.380208 1
Pkt 76 200 0.38 1
Node 43 48 7.28011
Pkt 114 300 0.38 1
Pkt 114 300 0.38 1
Node 72 42 23.4094
Pkt 304 800 0.38 1
Pkt 285 750 0.38 1
Node 68 52 18.1108
Pkt 73 192 0.380208 1
Pkt 57 150 0.38 1
Node 64 60 17.2047
Pkt 122 320 0.38125 1
Pkt 152 400 0.38 1
Rate:760.208
==========
==========68
8 0 2 24000
Node 73 55 23.5372
Pkt 61 160 0.38125 1
Pkt 57 150 0.38 1
Node 45 69 19.6469
Pkt 152 400 0.38 1
Pkt 152 400 0.38 1
Node 56 45 7.81025
Pkt 304 800 0.38 1
Pkt 304 800 0.38 1
Node 57 52 7.28011
Pkt 61 160 0.38125 1
Pkt 76 200 0.38 1
Node 43 25 25.9615
Pkt 122 320 0.38125 1
Pkt 152 400 0.38 1
Node 61 60 14.8661
Pkt 304 800 0.38 1
Pkt 285 750 0.38 1
Node 65 46 15.5242
Pkt 76 200 0.38 1
Pkt 48 125 0.384 1
Node 27 26 33.2415
Pkt 152 400 0.38 1
Pkt 152 400 0.38 1
Rate:760.969
==========
==========69
8 0 2 24000
Node 55 56 7.81025
Pkt 57 150 0.38 1
Pkt 46 120 0.383333 1
Node 50 60 10
Pkt 114 300 0.38 1
Pkt 114 300 0.38 1
Node 63 69 23.0217
Pkt 285 750 0.38 1
Pkt 285 750 0.38 1
Node 63 34 20.6155
Pkt 48 125 0.384 1
Pkt 48 125 0.384 1
Node 68 43 19.3132
Pkt 183 480 0.38125 1
Pkt 122 320 0.38125 1
Node 48 33 17.1172
Pkt 285 750 0.38 1
Pkt 285 750 0.38 1
Node 70 55 20.6155
Pkt 76 200 0.38 1
Pkt 61 160 0.38125 1
Node 38 34 20
Pkt 152 400 0.38 1
Pkt 114 300 0.38 1
Rate:761.885
==========
==========70
8 0 2 24000
Node 64 46 14.5602
Pkt 38 100 0.38 1
Pkt 48 125 0.384 1
Node 53 35 15.2971
Pkt 152 400 0.38 1
Pkt 183 480 0.38125 1
Node 35 59 17.4929
Pkt 285 750 0.38 1
Pkt 304 800 0.38 1
Node 74 57 25
Pkt 73 192 0.380208 1
Pkt 48 125 0.384 1
Node 38 71 24.1868
Pkt 152 400 0.38 1
Pkt 114 300 0.38 1
Node 48 46 4.47214
Pkt 285 750 0.38 1
Pkt 285 750 0.38 1
Node 37 48 13.1529
Pkt 76 200 0.38 1
Pkt 38 100 0.38 1
Node 29 57 22.1359
Pkt 183 480 0.38125 1
Pkt 143 375 0.381333 1
Rate:761.505
==========
==========71
8 0 2 24000
Node 32 72 28.4253
Pkt 95 250 0.38 1
Pkt 76 200 0.38 1
Node 25 49 25.02
Pkt 114 300 0.38 1
Pkt 114 300 0.38 1
Node 28 55 22.561
Pkt 304 800 0.38 1
Pkt 285 750 0.38 1
Node 37 43 14.7648
Pkt 38 100 0.38 1
Pkt 38 100 0.38 1
Node 50 48 2
Pkt 143 375 0.381333 1
Pkt 114 300 0.38 1
Node 74 35 28.3019
Pkt 285 750 0.38 1
Pkt 304 800 0.38 1
Node 38 42 14.4222
Pkt 48 125 0.384 1
Pkt 48 125 0.384 1
Node 46 44 7.2111
Pkt 122 320 0.38125 1
Pkt 143 375 0.381333 1
Rate:761.49
==========
==========72
8 0 2 24000
Node 41 64 16.6433
Pkt 73 192 0.380208 1
Pkt 76 200 0.38 1
Node 65 51 15.0333
Pkt 152 400 0.38 1
Pkt 122 320 0.38125 1
Node 70 55 20.6155
Pkt 304 800 0.38 1
Pkt 285 750 0.38 1
Node 43 61 13.0384
Pkt 61 160 0.38125 1
Pkt 38 100 0.38 1
Node 37 58 15.2643
Pkt 143 375 0.381333 1
Pkt 183 480 0.38125 1
Node 30 27 30.4795
Pkt 304 800 0.38 1
Pkt 304 800 0.38 1
Node 51 68 18.0278
Pkt 76 200 0.38 1
Pkt 38 100 0.38 1
Node 43 48 7.28011
Pkt 122 320 0.38125 1
Pkt 183 480 0.38125 1
Rate:760.974
==========
==========73
8 0 2 24000
Node 65 25 29.1548
Pkt 48 125 0.384 1
Pkt 38 100 0.38 1
Node 35 40 18.0278
Pkt 152 400 0.38 1
Pkt 143 375 0.381333 1
Node 26 68 30
Pkt 304 800 0.38 1
Pkt 304 800 0.38 1
Node 34 63 20.6155
Pkt 57 150 0.38 1
Pkt 48 125 0.384 1
Node 45 54 6.40312
Pkt 183 480 0.38125 1
Pkt 114 300 0.38 1
Node 69 28 29.0689
Pkt 304 800 0.38 1
Pkt 285 750 0.38 1
Node 57 30 21.1896
Pkt 61 160 0.38125 1
Pkt 46 120 0.383333 1
Node 25 31 31.4006
Pkt 122 320 0.38125 1
Pkt 122 320 0.38125 1
Rate:762.208
==========
==========74
8 0 2 24000
Node 60 55 11.1803
Pkt 76 200 0.38 1
Pkt 48 125 0.384 1
Node 68 53 18.2483
Pkt 122 320 0.38125 1
Pkt 114 300 0.38 1
Node 37 72 25.5539
Pkt 304 800 0.38 1
Pkt 285 750 0.38 1
Node 44 70 20.8806
Pkt 73 192 0.380208 1
Pkt 92 240 0.383333 1
Node 28 43 23.0868
Pkt 114 300 0.38 1
Pkt 183 480 0.38125 1
Node 35 68 23.4307
Pkt 304 800 0.38 1
Pkt 304 800 0.38 1
Node 26 47 24.1868
Pkt 76 200 0.38 1
Pkt 48 125 0.384 1
Node 63 56 14.3178
Pkt 152 400 0.38 1
Pkt 122 320 0.38125 1
Rate:761.911
==========
==========75
8 0 2 24000
Node 32 60 20.5913
Pkt 57 150 0.38 1
Pkt 57 150 0.38 1
Node 69 65 24.2074
Pkt 143 375 0.381333 1
Pkt 183 480 0.38125 1
Node 58 44 10
Pkt 304 800 0.38 1
Pkt 304 800 0.38 1
Node 55 66 16.7631
Pkt 48 125 0.384 1
Pkt 38 100 0.38 1
Node 46 64 14.5602
Pkt 122 320 0.38125 1
Pkt 183 480 0.38125 1
Node 61 61 15.5563
Pkt 304 800 0.38 1
Pkt 304 800 0.38 1
Node 40 39 14.8661
Pkt 48 125 0.384 1
Pkt 95 250 0.38 1
Node 36 51 14.0357
Pkt 143 375 0.381333 1
Pkt 122 320 0.38125 1
Rate:761.958
==========
==========76
8 0 2 24000
Node 73 52 23.0868
Pkt 95 250 0.38 1
Pkt 46 120 0.383333 1
Node 65 40 18.0278
Pkt 143 375 0.381333 1
Pkt 152 400 0.38 1
Node 29 41 22.8473
Pkt 285 750 0.38 1
Pkt 285 750 0.38 1
Node 35 67 22.6716
Pkt 57 150 0.38 1
Pkt 61 160 0.38125 1
Node 60 31 21.4709
Pkt 122 320 0.38125 1
Pkt 122 320 0.38125 1
Node 69 48 19.105
Pkt 285 750 0.38 1
Pkt 304 800 0.38 1
Node 73 59 24.6982
Pkt 61 160 0.38125 1
Pkt 57 150 0.38 1
Node 55 51 5.09902
Pkt 152 400 0.38 1
Pkt 114 300 0.38 1
Rate:761.208
==========
==========77
8 0 2 24000
Node 40 74 26
Pkt 46 120 0.383333 1
Pkt 92 240 0.383333 1
Node 56 56 8.48528
Pkt 152 400 0.38 1
Pkt 152 400 0.38 1
Node 57 44 9.21954
Pkt 304 800 0.38 1
Pkt 304 800 0.38 1
Node 57 65 16.5529
Pkt 73 192 0.380208 1
Pkt 73 192 0.380208 1
Node 53 66 16.2788
Pkt 152 400 0.38 1
Pkt 152 400 0.38 1
Node 25 28 33.3017
Pkt 304 800 0.38 1
Pkt 304 800 0.38 1
Node 30 45 20.6155
Pkt 76 200 0.38 1
Pkt 48 125 0.384 1
Node 35 36 20.5183
Pkt 143 375 0.381333 1
Pkt 114 300 0.38 1
Rate:761.552
==========
==========78
8 0 2 24000
Node 38 72 25.0599
Pkt 48 125 0.384 1
Pkt 92 240 0.383333 1
Node 35 72 26.6271
Pkt 152 400 0.38 1
Pkt 114 300 0.38 1
Node 66 47 16.2788
Pkt 304 800 0.38 1
Pkt 304 800 0.38 1
Node 33 35 22.6716
Pkt 73 192 0.380208 1
Pkt 48 125 0.384 1
Node 52 49 2.23607
Pkt 152 400 0.38 1
Pkt 122 320 0.38125 1
Node 54 60 10.7703
Pkt 304 800 0.38 1
Pkt 304 800 0.38 1
Node 32 54 18.4391
Pkt 76 200 0.38 1
Pkt 73 192 0.380208 1
Node 47 56 6.7082
Pkt 122 320 0.38125 1
Pkt 143 375 0.381333 1
Rate:761.948
==========
==========79
8 0 2 24000
Node 62 70 23.3238
Pkt 76 200 0.38 1
Pkt 73 192 0.380208 1
Node 36 53 14.3178
Pkt 114 300 0.38 1
Pkt 143 375 0.381333 1
Node 47 73 23.1948
Pkt 304 800 0.38 1
Pkt 285 750 0.38 1
Node 55 34 16.7631
Pkt 73 192 0.380208 1
Pkt 73 192 0.380208 1
Node 61 29 23.7065
Pkt 152 400 0.38 1
Pkt 143 375 0.381333 1
Node 42 62 14.4222
Pkt 304 800 0.38 1
Pkt 285 750 0.38 1
Node 64 53 14.3178
Pkt 92 240 0.383333 1
Pkt 92 240 0.383333 1
Node 35 69 24.2074
Pkt 183 480 0.38125 1
Pkt 143 375 0.381333 1
Rate:761.568
==========
==========80
8 0 2 24000
Node 49 53 3.16228
Pkt 73 192 0.380208 1
Pkt 38 100 0.38 1
Node 40 49 10.0499
Pkt 114 300 0.38 1
Pkt 143 375 0.381333 1
Node 52 54 4.47214
Pkt 304 800 0.38 1
Pkt 285 750 0.38 1
Node 33 38 20.8087
Pkt 73 192 0.380208 1
Pkt 61 160 0.38125 1
Node 37 57 14.7648
Pkt 183 480 0.38125 1
Pkt 114 300 0.38 1
Node 65 72 26.6271
Pkt 285 750 0.38 1
Pkt 304 800 0.38 1
Node 27 74 33.2415
Pkt 38 100 0.38 1
Pkt 73 192 0.380208 1
Node 47 38 12.3693
Pkt 143 375 0.381333 1
Pkt 143 375 0.381333 1
Rate:760.891
==========
==========81
8 0 2 24000
Node 61 39 15.5563
Pkt 57 150 0.38 1
Pkt 76 200 0.38 1
Node 74 53 24.1868
Pkt 114 300 0.38 1
Pkt 114 300 0.38 1
Node 65 52 15.1327
Pkt 285 750 0.38 1
Pkt 285 750 0.38 1
Node 39 34 19.4165
Pkt 76 200 0.38 1
Pkt 61 160 0.38125 1
Node 30 67 26.2488
Pkt 183 480 0.38125 1
Pkt 183 480 0.38125 1
Node 35 47 15.2971
Pkt 304 800 0.38 1
Pkt 304 800 0.38 1
Node 25 63 28.178
Pkt 48 125 0.384 1
Pkt 92 240 0.383333 1
Node 67 64 22.0227
Pkt 143 375 0.381333 1
Pkt 122 320 0.38125 1
Rate:761.708
==========
==========82
8 0 2 24000
Node 71 41 22.8473
Pkt 57 150 0.38 1
Pkt 95 250 0.38 1
Node 27 30 30.4795
Pkt 143 375 0.381333 1
Pkt 114 300 0.38 1
Node 35 68 23.4307
Pkt 285 750 0.38 1
Pkt 304 800 0.38 1
Node 35 34 21.9317
Pkt 46 120 0.383333 1
Pkt 76 200 0.38 1
Node 30 72 29.7321
Pkt 143 375 0.381333 1
Pkt 152 400 0.38 1
Node 69 46 19.4165
Pkt 285 750 0.38 1
Pkt 304 800 0.38 1
Node 34 41 18.3576
Pkt 61 160 0.38125 1
Pkt 46 120 0.383333 1
Node 34 44 17.088
Pkt 114 300 0.38 1
Pkt 183 480 0.38125 1
Rate:761.479
==========
==========83
8 0 2 24000
Node 67 51 17.0294
Pkt 46 120 0.383333 1
Pkt 95 250 0.38 1
Node 33 48 17.1172
Pkt 152 400 0.38 1
Pkt 183 480 0.38125 1
Node 51 41 9.05539
Pkt 285 750 0.38 1
Pkt 304 800 0.38 1
Node 47 44 6.7082
Pkt 61 160 0.38125 1
Pkt 48 125 0.384 1
Node 63 61 17.0294
Pkt 143 375 0.381333 1
Pkt 143 375 0.381333 1
Node 38 27 25.9422
Pkt 304 800 0.38 1
Pkt 285 750 0.38 1
Node 25 45 25.4951
Pkt 73 192 0.380208 1
Pkt 57 150 0.38 1
Node 59 50 9
Pkt 152 400 0.38 1
Pkt 143 375 0.381333 1
Rate:761.755
==========
==========84
8 0 2 24000
Node 51 44 6.08276
Pkt 57 150 0.38 1
Pkt 61 160 0.38125 1
Node 32 47 18.2483
Pkt 183 480 0.38125 1
Pkt 143 375 0.381333 1
Node 38 39 16.2788
Pkt 285 750 0.38 1
Pkt 304 800 0.38 1
Node 64 32 22.8035
Pkt 57 150 0.38 1
Pkt 57 150 0.38 1
Node 58 53 8.544
Pkt 122 320 0.38125 1
Pkt 143 375 0.381333 1
Node 61 59 14.2127
Pkt 304 800 0.38 1
Pkt 285 750 0.38 1
Node 25 33 30.2324
Pkt 57 150 0.38 1
Pkt 92 240 0.383333 1
Node 44 46 7.2111
Pkt 183 480 0.38125 1
Pkt 143 375 0.381333 1
Rate:761.542
==========
==========85
8 0 2 24000
Node 51 50 1
Pkt 46 120 0.383333 1
Pkt 61 160 0.38125 1
Node 55 74 24.5153
Pkt 143 375 0.381333 1
Pkt 183 480 0.38125 1
Node 30 63 23.8537
Pkt 285 750 0.38 1
Pkt 285 750 0.38 1
Node 56 30 20.8806
Pkt 57 150 0.38 1
Pkt 92 240 0.383333 1
Node 53 48 3.60555
Pkt 143 375 0.381333 1
Pkt 152 400 0.38 1
Node 72 73 31.8277
Pkt 304 800 0.38 1
Pkt 285 750 0.38 1
Node 50 64 14
Pkt 57 150 0.38 1
Pkt 76 200 0.38 1
Node 37 52 13.1529
Pkt 183 480 0.38125 1
Pkt 114 300 0.38 1
Rate:761.635
==========
==========86
8 0 2 24000
Node 50 34 16
Pkt 61 160 0.38125 1
Pkt 38 100 0.38 1
Node 49 30 20.025
Pkt 122 320 0.38125 1
Pkt 114 300 0.38 1
Node 61 74 26.4008
Pkt 304 800 0.38 1
Pkt 285 750 0.38 1
Node 29 45 21.587
Pkt 38 100 0.38 1
Pkt 48 125 0.384 1
Node 69 40 21.4709
Pkt 152 400 0.38 1
Pkt 183 480 0.38125 1
Node 58 46 8.94427
Pkt 285 750 0.38 1
Pkt 304 800 0.38 1
Node 74 35 28.3019
Pkt 57 150 0.38 1
Pkt 76 200 0.38 1
Node 49 56 6.08276
Pkt 122 320 0.38125 1
Pkt 114 300 0.38 1
Rate:761.125
==========
==========87
8 0 2 24000
Node 71 37 24.6982
Pkt 46 120 0.383333 1
Pkt 95 250 0.38 1
Node 40 50 10
Pkt 143 375 0.381333 1
Pkt 143 375 0.381333 1
Node 61 68 21.095
Pkt 304 800 0.38 1
Pkt 304 800 0.38 1
Node 64 32 22.8035
Pkt 57 150 0.38 1
Pkt 38 100 0.38 1
Node 65 70 25
Pkt 122 320 0.38125 1
Pkt 183 480 0.38125 1
Node 41 36 16.6433
Pkt 285 750 0.38 1
Pkt 304 800 0.38 1
Node 41 59 12.7279
Pkt 92 240 0.383333 1
Pkt 73 192 0.380208 1
Node 32 59 20.1246
Pkt 122 320 0.38125 1
Pkt 152 400 0.38 1
Rate:761.661
==========
==========88
8 0 2 24000
Node 61 34 19.4165
Pkt 95 250 0.38 1
Pkt 92 240 0.383333 1
Node 26 70 31.241
Pkt 122 320 0.38125 1
Pkt 183 480 0.38125 1
Node 74 65 28.3019
Pkt 304 800 0.38 1
Pkt 304 800 0.38 1
Node 39 25 27.313
Pkt 38 100 0.38 1
Pkt 38 100 0.38 1
Node 47 45 5.83095
Pkt 122 320 0.38125 1
Pkt 114 300 0.38 1
Node 65 40 18.0278
Pkt 285 750 0.38 1
Pkt 304 800 0.38 1
Node 38 44 13.4164
Pkt 76 200 0.38 1
Pkt 95 250 0.38 1
Node 58 40 12.8062
Pkt 143 375 0.381333 1
Pkt 122 320 0.38125 1
Rate:761.208
==========
==========89
8 0 2 24000
Node 63 53 13.3417
Pkt 46 120 0.383333 1
Pkt 95 250 0.38 1
Node 66 36 21.2603
Pkt 143 375 0.381333 1
Pkt 114 300 0.38 1
Node 55 62 13
Pkt 304 800 0.38 1
Pkt 285 750 0.38 1
Node 53 68 18.2483
Pkt 61 160 0.38125 1
Pkt 48 125 0.384 1
Node 69 67 25.4951
Pkt 114 300 0.38 1
Pkt 114 300 0.38 1
Node 53 51 3.16228
Pkt 304 800 0.38 1
Pkt 304 800 0.38 1
Node 42 58 11.3137
Pkt 61 160 0.38125 1
Pkt 92 240 0.383333 1
Node 53 40 10.4403
Pkt 183 480 0.38125 1
Pkt 143 375 0.381333 1
Rate:762.135
==========
==========90
8 0 2 24000
Node 41 42 12.0416
Pkt 61 160 0.38125 1
Pkt 38 100 0.38 1
Node 72 65 26.6271
Pkt 122 320 0.38125 1
Pkt 152 400 0.38 1
Node 65 52 15.1327
Pkt 304 800 0.38 1
Pkt 285 750 0.38 1
Node 53 58 8.544
Pkt 73 192 0.380208 1
Pkt 76 200 0.38 1
Node 68 64 22.8035
Pkt 122 320 0.38125 1
Pkt 143 375 0.381333 1
Node 67 29 27.0185
Pkt 304 800 0.38 1
Pkt 285 750 0.38 1
Node 46 29 21.3776
Pkt 61 160 0.38125 1
Pkt 92 240 0.383333 1
Node 32 45 18.6815
Pkt 152 400 0.38 1
Pkt 114 300 0.38 1
Rate:761.234
==========
==========91
8 0 2 24000
Node 29 48 21.095
Pkt 46 120 0.383333 1
Pkt 76 200 0.38 1
Node 67 44 18.0278
Pkt 122 320 0.38125 1
Pkt 122 320 0.38125 1
Node 62 47 12.3693
Pkt 285 750 0.38 1
Pkt 285 750 0.38 1
Node 44 44 8.48528
Pkt 61 160 0.38125 1
Pkt 76 200 0.38 1
Node 31 40 21.4709
Pkt 143 375 0.381333 1
Pkt 152 400 0.38 1
Node 28 28 31.1127
Pkt 285 750 0.38 1
Pkt 285 750 0.38 1
Node 61 27 25.4951
Pkt 73 192 0.380208 1
Pkt 73 192 0.380208 1
Node 33 32 24.7588
Pkt 183 480 0.38125 1
Pkt 122 320 0.38125 1
Rate:761.417
==========
==========92
8 0 2 24000
Node 37 57 14.7648
Pkt 57 150 0.38 1
Pkt 48 125 0.384 1
Node 28 36 26.0768
Pkt 152 400 0.38 1
Pkt 114 300 0.38 1
Node 53 38 12.3693
Pkt 285 750 0.38 1
Pkt 285 750 0.38 1
Node 62 66 20
Pkt 48 125 0.384 1
Pkt 92 240 0.383333 1
Node 50 65 15
Pkt 183 480 0.38125 1
Pkt 143 375 0.381333 1
Node 37 61 17.0294
Pkt 285 750 0.38 1
Pkt 285 750 0.38 1
Node 47 46 5
Pkt 48 125 0.384 1
Pkt 76 200 0.38 1
Node 33 26 29.4109
Pkt 114 300 0.38 1
Pkt 183 480 0.38125 1
Rate:762.396
==========
==========93
8 0 2 24000
Node 74 35 28.3019
Pkt 76 200 0.38 1
Pkt 76 200 0.38 1
Node 62 57 13.8924
Pkt 114 300 0.38 1
Pkt 183 480 0.38125 1
Node 52 29 21.095
Pkt 285 750 0.38 1
Pkt 304 800 0.38 1
Node 56 42 10
Pkt 95 250 0.38 1
Pkt 61 160 0.38125 1
Node 45 67 17.72
Pkt 143 375 0.381333 1
Pkt 143 375 0.381333 1
Node 33 53 17.2627
Pkt 285 750 0.38 1
Pkt 285 750 0.38 1
Node 49 73 23.0217
Pkt 76 200 0.38 1
Pkt 48 125 0.384 1
Node 73 67 28.6007
Pkt 114 300 0.38 1
Pkt 114 300 0.38 1
Rate:761.146
==========
==========94
8 0 2 24000
Node 66 36 21.2603
Pkt 95 250 0.38 1
Pkt 46 120 0.383333 1
Node 54 67 17.4642
Pkt 143 375 0.381333 1
Pkt 143 375 0.381333 1
Node 26 34 28.8444
Pkt 304 800 0.38 1
Pkt 304 800 0.38 1
Node 45 30 20.6155
Pkt 73 192 0.380208 1
Pkt 38 100 0.38 1
Node 64 50 14
Pkt 183 480 0.38125 1
Pkt 152 400 0.38 1
Node 55 74 24.5153
Pkt 285 750 0.38 1
Pkt 304 800 0.38 1
Node 55 50 5
Pkt 95 250 0.38 1
Pkt 76 200 0.38 1
Node 39 36 17.8045
Pkt 122 320 0.38125 1
Pkt 122 320 0.38125 1
Rate:761.245
==========
==========95
8 0 2 24000
Node 44 64 15.2315
Pkt 92 240 0.383333 1
Pkt 38 100 0.38 1
Node 34 37 20.6155
Pkt 114 300 0.38 1
Pkt 143 375 0.381333 1
Node 34 41 18.3576
Pkt 304 800 0.38 1
Pkt 285 750 0.38 1
Node 35 66 21.9317
Pkt 76 200 0.38 1
Pkt 46 120 0.383333 1
Node 33 65 22.6716
Pkt 114 300 0.38 1
Pkt 122 320 0.38125 1
Node 39 25 27.313
Pkt 304 800 0.38 1
Pkt 304 800 0.38 1
Node 33 53 17.2627
Pkt 73 192 0.380208 1
Pkt 48 125 0.384 1
Node 56 58 10
Pkt 114 300 0.38 1
Pkt 183 480 0.38125 1
Rate:761.839
==========
==========96
8 0 2 24000
Node 61 26 26.4008
Pkt 46 120 0.383333 1
Pkt 73 192 0.380208 1
Node 38 26 26.8328
Pkt 122 320 0.38125 1
Pkt 143 375 0.381333 1
Node 32 39 21.095
Pkt 285 750 0.38 1
Pkt 304 800 0.38 1
Node 68 63 22.2036
Pkt 73 192 0.380208 1
Pkt 38 100 0.38 1
Node 36 50 14
Pkt 122 320 0.38125 1
Pkt 183 480 0.38125 1
Node 49 72 22.0227
Pkt 304 800 0.38 1
Pkt 304 800 0.38 1
Node 51 49 1.41421
Pkt 48 125 0.384 1
Pkt 61 160 0.38125 1
Node 29 71 29.6985
Pkt 183 480 0.38125 1
Pkt 114 300 0.38 1
Rate:761.917
==========
==========97
8 0 2 24000
Node 25 68 30.8058
Pkt 76 200 0.38 1
Pkt 57 150 0.38 1
Node 63 46 13.6015
Pkt 152 400 0.38 1
Pkt 114 300 0.38 1
Node 68 73 29.2062
Pkt 304 800 0.38 1
Pkt 304 800 0.38 1
Node 41 71 22.8473
Pkt 48 125 0.384 1
Pkt 76 200 0.38 1
Node 40 60 14.1421
Pkt 114 300 0.38 1
Pkt 122 320 0.38125 1
Node 35 53 15.2971
Pkt 304 800 0.38 1
Pkt 285 750 0.38 1
Node 64 27 26.9258
Pkt 61 160 0.38125 1
Pkt 48 125 0.384 1
Node 73 53 23.1948
Pkt 152 400 0.38 1
Pkt 143 375 0.381333 1
Rate:761.479
==========
==========98
8 0 2 24000
Node 29 74 31.8904
Pkt 48 125 0.384 1
Pkt 73 192 0.380208 1
Node 40 44 11.6619
Pkt 152 400 0.38 1
Pkt 152 400 0.38 1
Node 44 42 10
Pkt 285 750 0.38 1
Pkt 285 750 0.38 1
Node 64 40 17.2047
Pkt 48 125 0.384 1
Pkt 46 120 0.383333 1
Node 50 60 10
Pkt 152 400 0.38 1
Pkt 114 300 0.38 1
Node 41 61 14.2127
Pkt 304 800 0.38 1
Pkt 285 750 0.38 1
Node 35 38 19.2094
Pkt 38 100 0.38 1
Pkt 48 125 0.384 1
Node 49 42 8.06226
Pkt 143 375 0.381333 1
Pkt 122 320 0.38125 1
Rate:762.266
==========
==========99
