8 0 2 24000
Node 63 74 27.2947
Pkt 32 100 0.32 1
Pkt 39 120 0.325 1
Node 40 67 19.7231
Pkt 96 300 0.32 1
Pkt 128 400 0.32 1
Node 39 33 20.2485
Pkt 240 750 0.32 1
Pkt 240 750 0.32 1
Node 43 39 13.0384
Pkt 64 200 0.32 1
Pkt 32 100 0.32 1
Node 39 45 12.083
Pkt 154 480 0.320833 1
Pkt 103 320 0.321875 1
Node 32 44 18.9737
Pkt 240 750 0.32 1
Pkt 240 750 0.32 1
Node 25 58 26.2488
Pkt 80 250 0.32 1
Pkt 62 192 0.322917 1
Node 30 58 21.5407
Pkt 154 480 0.320833 1
Pkt 154 480 0.320833 1
Rate:641.536
==========
==========0
8 0 2 24000
Node 54 32 18.4391
Pkt 48 150 0.32 1
Pkt 40 125 0.32 1
Node 57 43 9.89949
Pkt 96 300 0.32 1
Pkt 96 300 0.32 1
Node 38 37 17.6918
Pkt 256 800 0.32 1
Pkt 256 800 0.32 1
Node 50 57 7
Pkt 32 100 0.32 1
Pkt 48 150 0.32 1
Node 28 57 23.0868
Pkt 96 300 0.32 1
Pkt 154 480 0.320833 1
Node 32 61 21.095
Pkt 256 800 0.32 1
Pkt 256 800 0.32 1
Node 60 31 21.4709
Pkt 39 120 0.325 1
Pkt 77 240 0.320833 1
Node 31 49 19.0263
Pkt 120 375 0.32 1
Pkt 103 320 0.321875 1
Rate:641.068
==========
==========1
8 0 2 24000
Node 42 56 10
Pkt 39 120 0.325 1
Pkt 80 250 0.32 1
Node 71 45 21.587
Pkt 128 400 0.32 1
Pkt 154 480 0.320833 1
Node 62 28 25.0599
Pkt 240 750 0.32 1
Pkt 240 750 0.32 1
Node 33 43 18.3848
Pkt 64 200 0.32 1
Pkt 52 160 0.325 1
Node 31 70 27.5862
Pkt 96 300 0.32 1
Pkt 96 300 0.32 1
Node 62 66 20
Pkt 240 750 0.32 1
Pkt 240 750 0.32 1
Node 59 57 11.4018
Pkt 32 100 0.32 1
Pkt 80 250 0.32 1
Node 50 63 13
Pkt 96 300 0.32 1
Pkt 128 400 0.32 1
Rate:641.354
==========
==========2
8 0 2 24000
Node 39 61 15.5563
Pkt 40 125 0.32 1
Pkt 40 125 0.32 1
Node 45 53 5.83095
Pkt 128 400 0.32 1
Pkt 96 300 0.32 1
Node 25 61 27.313
Pkt 256 800 0.32 1
Pkt 256 800 0.32 1
Node 45 54 6.40312
Pkt 32 100 0.32 1
Pkt 77 240 0.320833 1
Node 68 74 30
Pkt 128 400 0.32 1
Pkt 103 320 0.321875 1
Node 34 33 23.3452
Pkt 256 800 0.32 1
Pkt 240 750 0.32 1
Node 70 72 29.7321
Pkt 77 240 0.320833 1
Pkt 40 125 0.32 1
Node 52 34 16.1245
Pkt 120 375 0.32 1
Pkt 120 375 0.32 1
Rate:640.443
==========
==========3
8 0 2 24000
Node 52 56 6.32456
Pkt 32 100 0.32 1
Pkt 64 200 0.32 1
Node 27 65 27.4591
Pkt 154 480 0.320833 1
Pkt 120 375 0.32 1
Node 44 73 23.7697
Pkt 240 750 0.32 1
Pkt 240 750 0.32 1
Node 58 72 23.4094
Pkt 40 125 0.32 1
Pkt 40 125 0.32 1
Node 69 25 31.4006
Pkt 96 300 0.32 1
Pkt 103 320 0.321875 1
Node 52 49 2.23607
Pkt 240 750 0.32 1
Pkt 256 800 0.32 1
Node 28 52 22.0907
Pkt 32 100 0.32 1
Pkt 77 240 0.320833 1
Node 57 37 14.7648
Pkt 103 320 0.321875 1
Pkt 103 320 0.321875 1
Rate:640.911
==========
==========4
8 0 2 24000
Node 62 68 21.6333
Pkt 32 100 0.32 1
Pkt 52 160 0.325 1
Node 73 63 26.4197
Pkt 103 320 0.321875 1
Pkt 103 320 0.321875 1
Node 27 29 31.1448
Pkt 256 800 0.32 1
Pkt 240 750 0.32 1
Node 71 34 26.4008
Pkt 39 120 0.325 1
Pkt 80 250 0.32 1
Node 35 66 21.9317
Pkt 120 375 0.32 1
Pkt 120 375 0.32 1
Node 34 53 16.2788
Pkt 240 750 0.32 1
Pkt 256 800 0.32 1
Node 73 26 33.2415
Pkt 52 160 0.325 1
Pkt 52 160 0.325 1
Node 30 38 23.3238
Pkt 103 320 0.321875 1
Pkt 103 320 0.321875 1
Rate:643.438
==========
==========5
8 0 2 24000
Node 63 70 23.8537
Pkt 39 120 0.325 1
Pkt 52 160 0.325 1
Node 42 32 19.6977
Pkt 103 320 0.321875 1
Pkt 120 375 0.32 1
Node 74 30 31.241
Pkt 256 800 0.32 1
Pkt 240 750 0.32 1
Node 50 60 10
Pkt 32 100 0.32 1
Pkt 62 192 0.322917 1
Node 71 68 27.6586
Pkt 96 300 0.32 1
Pkt 103 320 0.321875 1
Node 37 68 22.2036
Pkt 240 750 0.32 1
Pkt 240 750 0.32 1
Node 66 53 16.2788
Pkt 62 192 0.322917 1
Pkt 48 150 0.32 1
Node 26 67 29.4109
Pkt 103 320 0.321875 1
Pkt 103 320 0.321875 1
Rate:642.917
==========
==========6
8 0 2 24000
Node 31 37 23.0217
Pkt 52 160 0.325 1
Pkt 48 150 0.32 1
Node 45 46 6.40312
Pkt 96 300 0.32 1
Pkt 154 480 0.320833 1
Node 66 37 20.6155
Pkt 256 800 0.32 1
Pkt 256 800 0.32 1
Node 27 49 23.0217
Pkt 40 125 0.32 1
Pkt 64 200 0.32 1
Node 46 35 15.5242
Pkt 120 375 0.32 1
Pkt 154 480 0.320833 1
Node 43 39 13.0384
Pkt 256 800 0.32 1
Pkt 256 800 0.32 1
Node 37 39 17.0294
Pkt 40 125 0.32 1
Pkt 52 160 0.325 1
Node 45 68 18.6815
Pkt 96 300 0.32 1
Pkt 103 320 0.321875 1
Rate:641.693
==========
==========7
8 0 2 24000
Node 62 66 20
Pkt 39 120 0.325 1
Pkt 80 250 0.32 1
Node 55 40 11.1803
Pkt 120 375 0.32 1
Pkt 120 375 0.32 1
Node 58 41 12.0416
Pkt 256 800 0.32 1
Pkt 256 800 0.32 1
Node 47 53 4.24264
Pkt 39 120 0.325 1
Pkt 40 125 0.32 1
Node 66 30 25.6125
Pkt 103 320 0.321875 1
Pkt 128 400 0.32 1
Node 59 29 22.8473
Pkt 240 750 0.32 1
Pkt 240 750 0.32 1
Node 43 38 13.8924
Pkt 64 200 0.32 1
Pkt 39 120 0.325 1
Node 59 48 9.21954
Pkt 103 320 0.321875 1
Pkt 103 320 0.321875 1
Rate:642.578
==========
==========8
8 0 2 24000
Node 56 36 15.2315
Pkt 64 200 0.32 1
Pkt 62 192 0.322917 1
Node 40 66 18.868
Pkt 154 480 0.320833 1
Pkt 128 400 0.32 1
Node 65 43 16.5529
Pkt 240 750 0.32 1
Pkt 240 750 0.32 1
Node 66 36 21.2603
Pkt 77 240 0.320833 1
Pkt 52 160 0.325 1
Node 59 25 26.5707
Pkt 96 300 0.32 1
Pkt 120 375 0.32 1
Node 32 61 21.095
Pkt 256 800 0.32 1
Pkt 240 750 0.32 1
Node 65 61 18.6011
Pkt 48 150 0.32 1
Pkt 80 250 0.32 1
Node 25 36 28.6531
Pkt 96 300 0.32 1
Pkt 103 320 0.321875 1
Rate:641.432
==========
==========9
8 0 2 24000
Node 27 69 29.8329
Pkt 39 120 0.325 1
Pkt 32 100 0.32 1
Node 58 33 18.7883
Pkt 103 320 0.321875 1
Pkt 120 375 0.32 1
Node 70 74 31.241
Pkt 256 800 0.32 1
Pkt 256 800 0.32 1
Node 53 30 20.2237
Pkt 48 150 0.32 1
Pkt 48 150 0.32 1
Node 72 48 22.0907
Pkt 120 375 0.32 1
Pkt 103 320 0.321875 1
Node 40 65 18.0278
Pkt 256 800 0.32 1
Pkt 240 750 0.32 1
Node 47 50 3
Pkt 32 100 0.32 1
Pkt 62 192 0.322917 1
Node 29 59 22.8473
Pkt 120 375 0.32 1
Pkt 120 375 0.32 1
Rate:641.458
==========
==========10
8 0 2 24000
Node 48 30 20.0998
Pkt 52 160 0.325 1
Pkt 77 240 0.320833 1
Node 25 52 25.0799
Pkt 103 320 0.321875 1
Pkt 120 375 0.32 1
Node 59 35 17.4929
Pkt 256 800 0.32 1
Pkt 240 750 0.32 1
Node 31 28 29.0689
Pkt 80 250 0.32 1
Pkt 52 160 0.325 1
Node 71 70 29
Pkt 128 400 0.32 1
Pkt 120 375 0.32 1
Node 47 63 13.3417
Pkt 256 800 0.32 1
Pkt 256 800 0.32 1
Node 55 27 23.5372
Pkt 40 125 0.32 1
Pkt 64 200 0.32 1
Node 41 57 11.4018
Pkt 96 300 0.32 1
Pkt 128 400 0.32 1
Rate:641.589
==========
==========11
8 0 2 24000
Node 74 53 24.1868
Pkt 62 192 0.322917 1
Pkt 77 240 0.320833 1
Node 36 50 14
Pkt 154 480 0.320833 1
Pkt 128 400 0.32 1
Node 54 51 4.12311
Pkt 240 750 0.32 1
Pkt 240 750 0.32 1
Node 73 73 32.5269
Pkt 62 192 0.322917 1
Pkt 32 100 0.32 1
Node 69 69 26.8701
Pkt 154 480 0.320833 1
Pkt 103 320 0.321875 1
Node 53 35 15.2971
Pkt 256 800 0.32 1
Pkt 240 750 0.32 1
Node 39 32 21.095
Pkt 52 160 0.325 1
Pkt 64 200 0.32 1
Node 55 33 17.72
Pkt 103 320 0.321875 1
Pkt 103 320 0.321875 1
Rate:642.37
==========
==========12
8 0 2 24000
Node 43 40 12.2066
Pkt 32 100 0.32 1
Pkt 52 160 0.325 1
Node 70 42 21.5407
Pkt 103 320 0.321875 1
Pkt 96 300 0.32 1
Node 74 28 32.5576
Pkt 256 800 0.32 1
Pkt 256 800 0.32 1
Node 45 27 23.5372
Pkt 52 160 0.325 1
Pkt 40 125 0.32 1
Node 41 65 17.4929
Pkt 96 300 0.32 1
Pkt 120 375 0.32 1
Node 48 54 4.47214
Pkt 240 750 0.32 1
Pkt 240 750 0.32 1
Node 45 34 16.7631
Pkt 48 150 0.32 1
Pkt 80 250 0.32 1
Node 34 37 20.6155
Pkt 154 480 0.320833 1
Pkt 154 480 0.320833 1
Rate:641.693
==========
==========13
8 0 2 24000
Node 52 39 11.1803
Pkt 80 250 0.32 1
Pkt 40 125 0.32 1
Node 62 69 22.4722
Pkt 154 480 0.320833 1
Pkt 154 480 0.320833 1
Node 68 69 26.1725
Pkt 240 750 0.32 1
Pkt 240 750 0.32 1
Node 40 68 20.5913
Pkt 48 150 0.32 1
Pkt 32 100 0.32 1
Node 34 37 20.6155
Pkt 120 375 0.32 1
Pkt 103 320 0.321875 1
Node 31 70 27.5862
Pkt 240 750 0.32 1
Pkt 256 800 0.32 1
Node 33 70 26.2488
Pkt 64 200 0.32 1
Pkt 77 240 0.320833 1
Node 61 63 17.0294
Pkt 103 320 0.321875 1
Pkt 96 300 0.32 1
Rate:640.781
==========
==========14
8 0 2 24000
Node 36 61 17.8045
Pkt 62 192 0.322917 1
Pkt 32 100 0.32 1
Node 51 50 1
Pkt 103 320 0.321875 1
Pkt 128 400 0.32 1
Node 32 56 18.9737
Pkt 256 800 0.32 1
Pkt 256 800 0.32 1
Node 62 59 15
Pkt 32 100 0.32 1
Pkt 32 100 0.32 1
Node 58 38 14.4222
Pkt 128 400 0.32 1
Pkt 154 480 0.320833 1
Node 29 69 28.3196
Pkt 240 750 0.32 1
Pkt 256 800 0.32 1
Node 35 61 18.6011
Pkt 62 192 0.322917 1
Pkt 39 120 0.325 1
Node 49 64 14.0357
Pkt 103 320 0.321875 1
Pkt 128 400 0.32 1
Rate:641.927
==========
==========15
8 0 2 24000
Node 27 62 25.9422
Pkt 64 200 0.32 1
Pkt 80 250 0.32 1
Node 52 69 19.105
Pkt 103 320 0.321875 1
Pkt 120 375 0.32 1
Node 45 71 21.587
Pkt 256 800 0.32 1
Pkt 240 750 0.32 1
Node 42 59 12.0416
Pkt 39 120 0.325 1
Pkt 77 240 0.320833 1
Node 53 44 6.7082
Pkt 103 320 0.321875 1
Pkt 154 480 0.320833 1
Node 49 25 25.02
Pkt 256 800 0.32 1
Pkt 256 800 0.32 1
Node 53 50 3
Pkt 39 120 0.325 1
Pkt 48 150 0.32 1
Node 31 40 21.4709
Pkt 154 480 0.320833 1
Pkt 154 480 0.320833 1
Rate:642.135
==========
==========16
8 0 2 24000
Node 66 29 26.4008
Pkt 64 200 0.32 1
Pkt 52 160 0.325 1
Node 66 67 23.3452
Pkt 128 400 0.32 1
Pkt 103 320 0.321875 1
Node 67 48 17.1172
Pkt 240 750 0.32 1
Pkt 256 800 0.32 1
Node 61 46 11.7047
Pkt 62 192 0.322917 1
Pkt 40 125 0.32 1
Node 70 34 25.6125
Pkt 96 300 0.32 1
Pkt 120 375 0.32 1
Node 68 35 23.4307
Pkt 240 750 0.32 1
Pkt 256 800 0.32 1
Node 32 69 26.1725
Pkt 40 125 0.32 1
Pkt 48 150 0.32 1
Node 47 27 23.1948
Pkt 96 300 0.32 1
Pkt 154 480 0.320833 1
Rate:641.328
==========
==========17
8 0 2 24000
Node 35 50 15
Pkt 48 150 0.32 1
Pkt 48 150 0.32 1
Node 50 67 17
Pkt 103 320 0.321875 1
Pkt 103 320 0.321875 1
Node 68 35 23.4307
Pkt 256 800 0.32 1
Pkt 240 750 0.32 1
Node 38 32 21.6333
Pkt 40 125 0.32 1
Pkt 64 200 0.32 1
Node 55 40 11.1803
Pkt 96 300 0.32 1
Pkt 96 300 0.32 1
Node 36 53 14.3178
Pkt 240 750 0.32 1
Pkt 256 800 0.32 1
Node 53 61 11.4018
Pkt 80 250 0.32 1
Pkt 40 125 0.32 1
Node 53 45 5.83095
Pkt 103 320 0.321875 1
Pkt 120 375 0.32 1
Rate:640.703
==========
==========18
8 0 2 24000
Node 68 44 18.9737
Pkt 32 100 0.32 1
Pkt 64 200 0.32 1
Node 25 73 33.9706
Pkt 120 375 0.32 1
Pkt 96 300 0.32 1
Node 45 69 19.6469
Pkt 256 800 0.32 1
Pkt 256 800 0.32 1
Node 47 46 5
Pkt 80 250 0.32 1
Pkt 77 240 0.320833 1
Node 32 38 21.6333
Pkt 128 400 0.32 1
Pkt 96 300 0.32 1
Node 68 39 21.095
Pkt 240 750 0.32 1
Pkt 240 750 0.32 1
Node 26 49 24.0208
Pkt 62 192 0.322917 1
Pkt 77 240 0.320833 1
Node 65 43 16.5529
Pkt 96 300 0.32 1
Pkt 154 480 0.320833 1
Rate:640.677
==========
==========19
8 0 2 24000
Node 62 66 20
Pkt 39 120 0.325 1
Pkt 77 240 0.320833 1
Node 41 52 9.21954
Pkt 103 320 0.321875 1
Pkt 154 480 0.320833 1
Node 31 34 24.8395
Pkt 256 800 0.32 1
Pkt 240 750 0.32 1
Node 67 35 22.6716
Pkt 77 240 0.320833 1
Pkt 52 160 0.325 1
Node 44 42 10
Pkt 96 300 0.32 1
Pkt 154 480 0.320833 1
Node 62 68 21.6333
Pkt 256 800 0.32 1
Pkt 256 800 0.32 1
Node 34 72 27.2029
Pkt 32 100 0.32 1
Pkt 39 120 0.325 1
Node 57 37 14.7648
Pkt 120 375 0.32 1
Pkt 103 320 0.321875 1
Rate:642.76
==========
==========20
8 0 2 24000
Node 34 69 24.8395
Pkt 40 125 0.32 1
Pkt 77 240 0.320833 1
Node 69 32 26.1725
Pkt 154 480 0.320833 1
Pkt 120 375 0.32 1
Node 25 48 25.0799
Pkt 240 750 0.32 1
Pkt 240 750 0.32 1
Node 45 47 5.83095
Pkt 80 250 0.32 1
Pkt 62 192 0.322917 1
Node 33 45 17.72
Pkt 96 300 0.32 1
Pkt 96 300 0.32 1
Node 44 70 20.8806
Pkt 240 750 0.32 1
Pkt 256 800 0.32 1
Node 62 58 14.4222
Pkt 39 120 0.325 1
Pkt 64 200 0.32 1
Node 41 37 15.8114
Pkt 120 375 0.32 1
Pkt 154 480 0.320833 1
Rate:641.302
==========
==========21
8 0 2 24000
Node 65 46 15.5242
Pkt 52 160 0.325 1
Pkt 80 250 0.32 1
Node 54 49 4.12311
Pkt 120 375 0.32 1
Pkt 128 400 0.32 1
Node 60 55 11.1803
Pkt 256 800 0.32 1
Pkt 240 750 0.32 1
Node 60 70 22.3607
Pkt 32 100 0.32 1
Pkt 40 125 0.32 1
Node 42 61 13.6015
Pkt 96 300 0.32 1
Pkt 96 300 0.32 1
Node 55 71 21.587
Pkt 256 800 0.32 1
Pkt 240 750 0.32 1
Node 70 31 27.5862
Pkt 48 150 0.32 1
Pkt 80 250 0.32 1
Node 66 64 21.2603
Pkt 154 480 0.320833 1
Pkt 128 400 0.32 1
Rate:640.729
==========
==========22
8 0 2 24000
Node 68 35 23.4307
Pkt 48 150 0.32 1
Pkt 80 250 0.32 1
Node 66 36 21.2603
Pkt 120 375 0.32 1
Pkt 103 320 0.321875 1
Node 31 43 20.2485
Pkt 240 750 0.32 1
Pkt 256 800 0.32 1
Node 47 37 13.3417
Pkt 52 160 0.325 1
Pkt 52 160 0.325 1
Node 65 71 25.807
Pkt 154 480 0.320833 1
Pkt 96 300 0.32 1
Node 68 37 22.2036
Pkt 240 750 0.32 1
Pkt 240 750 0.32 1
Node 31 44 19.9249
Pkt 32 100 0.32 1
Pkt 40 125 0.32 1
Node 47 37 13.3417
Pkt 103 320 0.321875 1
Pkt 128 400 0.32 1
Rate:641.823
==========
==========23
8 0 2 24000
Node 70 53 20.2237
Pkt 52 160 0.325 1
Pkt 48 150 0.32 1
Node 45 48 5.38516
Pkt 128 400 0.32 1
Pkt 128 400 0.32 1
Node 69 65 24.2074
Pkt 240 750 0.32 1
Pkt 256 800 0.32 1
Node 56 38 13.4164
Pkt 32 100 0.32 1
Pkt 39 120 0.325 1
Node 42 63 15.2643
Pkt 154 480 0.320833 1
Pkt 96 300 0.32 1
Node 63 59 15.8114
Pkt 256 800 0.32 1
Pkt 256 800 0.32 1
Node 32 30 26.9072
Pkt 40 125 0.32 1
Pkt 62 192 0.322917 1
Node 55 42 9.43398
Pkt 120 375 0.32 1
Pkt 96 300 0.32 1
Rate:641.719
==========
==========24
8 0 2 24000
Node 74 30 31.241
Pkt 52 160 0.325 1
Pkt 62 192 0.322917 1
Node 34 45 16.7631
Pkt 96 300 0.32 1
Pkt 154 480 0.320833 1
Node 61 59 14.2127
Pkt 256 800 0.32 1
Pkt 240 750 0.32 1
Node 37 60 16.4012
Pkt 80 250 0.32 1
Pkt 52 160 0.325 1
Node 42 54 8.94427
Pkt 154 480 0.320833 1
Pkt 154 480 0.320833 1
Node 44 41 10.8167
Pkt 256 800 0.32 1
Pkt 256 800 0.32 1
Node 48 71 21.095
Pkt 77 240 0.320833 1
Pkt 39 120 0.325 1
Node 53 63 13.3417
Pkt 103 320 0.321875 1
Pkt 96 300 0.32 1
Rate:642.891
==========
==========25
8 0 2 24000
Node 73 35 27.4591
Pkt 64 200 0.32 1
Pkt 62 192 0.322917 1
Node 63 31 23.0217
Pkt 96 300 0.32 1
Pkt 154 480 0.320833 1
Node 58 56 10
Pkt 256 800 0.32 1
Pkt 240 750 0.32 1
Node 46 63 13.6015
Pkt 80 250 0.32 1
Pkt 40 125 0.32 1
Node 45 65 15.8114
Pkt 96 300 0.32 1
Pkt 96 300 0.32 1
Node 59 60 13.4536
Pkt 240 750 0.32 1
Pkt 240 750 0.32 1
Node 70 40 22.3607
Pkt 64 200 0.32 1
Pkt 52 160 0.325 1
Node 56 35 16.1555
Pkt 128 400 0.32 1
Pkt 103 320 0.321875 1
Rate:641.328
==========
==========26
8 0 2 24000
Node 71 62 24.1868
Pkt 62 192 0.322917 1
Pkt 52 160 0.325 1
Node 74 44 24.7386
Pkt 154 480 0.320833 1
Pkt 128 400 0.32 1
Node 37 73 26.4197
Pkt 240 750 0.32 1
Pkt 240 750 0.32 1
Node 36 25 28.6531
Pkt 40 125 0.32 1
Pkt 39 120 0.325 1
Node 48 44 6.32456
Pkt 154 480 0.320833 1
Pkt 128 400 0.32 1
Node 30 53 20.2237
Pkt 240 750 0.32 1
Pkt 256 800 0.32 1
Node 40 27 25.0799
Pkt 39 120 0.325 1
Pkt 64 200 0.32 1
Node 33 68 24.7588
Pkt 103 320 0.321875 1
Pkt 96 300 0.32 1
Rate:642.682
==========
==========27
8 0 2 24000
Node 50 71 21
Pkt 48 150 0.32 1
Pkt 52 160 0.325 1
Node 42 32 19.6977
Pkt 103 320 0.321875 1
Pkt 96 300 0.32 1
Node 29 27 31.1448
Pkt 240 750 0.32 1
Pkt 256 800 0.32 1
Node 57 54 8.06226
Pkt 80 250 0.32 1
Pkt 62 192 0.322917 1
Node 63 40 16.4012
Pkt 103 320 0.321875 1
Pkt 103 320 0.321875 1
Node 27 33 28.6007
Pkt 240 750 0.32 1
Pkt 240 750 0.32 1
Node 49 32 18.0278
Pkt 80 250 0.32 1
Pkt 48 150 0.32 1
Node 74 62 26.8328
Pkt 128 400 0.32 1
Pkt 154 480 0.320833 1
Rate:641.797
==========
==========28
8 0 2 24000
Node 47 34 16.2788
Pkt 52 160 0.325 1
Pkt 64 200 0.32 1
Node 49 33 17.0294
Pkt 103 320 0.321875 1
Pkt 96 300 0.32 1
Node 38 27 25.9422
Pkt 256 800 0.32 1
Pkt 240 750 0.32 1
Node 40 48 10.198
Pkt 62 192 0.322917 1
Pkt 48 150 0.32 1
Node 62 36 18.4391
Pkt 120 375 0.32 1
Pkt 120 375 0.32 1
Node 53 52 3.60555
Pkt 240 750 0.32 1
Pkt 240 750 0.32 1
Node 28 33 27.8029
Pkt 62 192 0.322917 1
Pkt 39 120 0.325 1
Node 62 43 13.8924
Pkt 154 480 0.320833 1
Pkt 103 320 0.321875 1
Rate:642.552
==========
==========29
8 0 2 24000
Node 68 27 29.2062
Pkt 48 150 0.32 1
Pkt 32 100 0.32 1
Node 42 57 10.6301
Pkt 154 480 0.320833 1
Pkt 120 375 0.32 1
Node 60 47 10.4403
Pkt 240 750 0.32 1
Pkt 256 800 0.32 1
Node 68 26 30
Pkt 40 125 0.32 1
Pkt 64 200 0.32 1
Node 74 44 24.7386
Pkt 103 320 0.321875 1
Pkt 96 300 0.32 1
Node 37 51 13.0384
Pkt 240 750 0.32 1
Pkt 240 750 0.32 1
Node 48 73 23.0868
Pkt 77 240 0.320833 1
Pkt 48 150 0.32 1
Node 26 36 27.7849
Pkt 154 480 0.320833 1
Pkt 96 300 0.32 1
Rate:640.547
==========
==========30
8 0 2 24000
Node 38 30 23.3238
Pkt 40 125 0.32 1
Pkt 62 192 0.322917 1
Node 28 51 22.0227
Pkt 128 400 0.32 1
Pkt 103 320 0.321875 1
Node 45 30 20.6155
Pkt 256 800 0.32 1
Pkt 240 750 0.32 1
Node 47 32 18.2483
Pkt 52 160 0.325 1
Pkt 39 120 0.325 1
Node 58 58 11.3137
Pkt 96 300 0.32 1
Pkt 120 375 0.32 1
Node 26 42 25.2982
Pkt 240 750 0.32 1
Pkt 256 800 0.32 1
Node 65 35 21.2132
Pkt 77 240 0.320833 1
Pkt 64 200 0.32 1
Node 35 57 16.5529
Pkt 103 320 0.321875 1
Pkt 128 400 0.32 1
Rate:642.188
==========
==========31
8 0 2 24000
Node 30 42 21.5407
Pkt 40 125 0.32 1
Pkt 64 200 0.32 1
Node 56 52 6.32456
Pkt 128 400 0.32 1
Pkt 128 400 0.32 1
Node 52 32 18.1108
Pkt 256 800 0.32 1
Pkt 240 750 0.32 1
Node 34 47 16.2788
Pkt 32 100 0.32 1
Pkt 39 120 0.325 1
Node 35 61 18.6011
Pkt 103 320 0.321875 1
Pkt 128 400 0.32 1
Node 35 39 18.6011
Pkt 256 800 0.32 1
Pkt 240 750 0.32 1
Node 33 57 18.3848
Pkt 32 100 0.32 1
Pkt 39 120 0.325 1
Node 68 33 24.7588
Pkt 120 375 0.32 1
Pkt 128 400 0.32 1
Rate:641.484
==========
==========32
8 0 2 24000
Node 49 72 22.0227
Pkt 40 125 0.32 1
Pkt 80 250 0.32 1
Node 25 57 25.9615
Pkt 96 300 0.32 1
Pkt 154 480 0.320833 1
Node 50 36 14
Pkt 240 750 0.32 1
Pkt 256 800 0.32 1
Node 61 54 11.7047
Pkt 80 250 0.32 1
Pkt 62 192 0.322917 1
Node 53 51 3.16228
Pkt 120 375 0.32 1
Pkt 120 375 0.32 1
Node 27 51 23.0217
Pkt 240 750 0.32 1
Pkt 240 750 0.32 1
Node 33 26 29.4109
Pkt 39 120 0.325 1
Pkt 62 192 0.322917 1
Node 28 43 23.0868
Pkt 120 375 0.32 1
Pkt 128 400 0.32 1
Rate:641.458
==========
==========33
8 0 2 24000
Node 51 42 8.06226
Pkt 32 100 0.32 1
Pkt 32 100 0.32 1
Node 70 43 21.1896
Pkt 120 375 0.32 1
Pkt 154 480 0.320833 1
Node 54 64 14.5602
Pkt 240 750 0.32 1
Pkt 240 750 0.32 1
Node 59 71 22.8473
Pkt 48 150 0.32 1
Pkt 32 100 0.32 1
Node 69 58 20.6155
Pkt 120 375 0.32 1
Pkt 154 480 0.320833 1
Node 26 67 29.4109
Pkt 240 750 0.32 1
Pkt 256 800 0.32 1
Node 41 55 10.2956
Pkt 39 120 0.325 1
Pkt 62 192 0.322917 1
Node 28 67 27.8029
Pkt 120 375 0.32 1
Pkt 120 375 0.32 1
Rate:641.198
==========
==========34
8 0 2 24000
Node 39 63 17.0294
Pkt 77 240 0.320833 1
Pkt 62 192 0.322917 1
Node 29 40 23.2594
Pkt 154 480 0.320833 1
Pkt 128 400 0.32 1
Node 36 35 20.5183
Pkt 256 800 0.32 1
Pkt 256 800 0.32 1
Node 42 67 18.7883
Pkt 62 192 0.322917 1
Pkt 77 240 0.320833 1
Node 58 42 11.3137
Pkt 154 480 0.320833 1
Pkt 154 480 0.320833 1
Node 64 35 20.5183
Pkt 240 750 0.32 1
Pkt 256 800 0.32 1
Node 31 25 31.4006
Pkt 32 100 0.32 1
Pkt 39 120 0.325 1
Node 64 73 26.9258
Pkt 128 400 0.32 1
Pkt 96 300 0.32 1
Rate:641.875
==========
==========35
8 0 2 24000
Node 57 34 17.4642
Pkt 77 240 0.320833 1
Pkt 48 150 0.32 1
Node 60 73 25.0799
Pkt 96 300 0.32 1
Pkt 120 375 0.32 1
Node 27 33 28.6007
Pkt 256 800 0.32 1
Pkt 240 750 0.32 1
Node 39 42 13.6015
Pkt 77 240 0.320833 1
Pkt 77 240 0.320833 1
Node 32 52 18.1108
Pkt 120 375 0.32 1
Pkt 154 480 0.320833 1
Node 42 51 8.06226
Pkt 240 750 0.32 1
Pkt 240 750 0.32 1
Node 45 36 14.8661
Pkt 80 250 0.32 1
Pkt 64 200 0.32 1
Node 67 26 29.4109
Pkt 103 320 0.321875 1
Pkt 103 320 0.321875 1
Rate:640.885
==========
==========36
8 0 2 24000
Node 38 26 26.8328
Pkt 62 192 0.322917 1
Pkt 48 150 0.32 1
Node 25 35 29.1548
Pkt 120 375 0.32 1
Pkt 154 480 0.320833 1
Node 37 58 15.2643
Pkt 240 750 0.32 1
Pkt 256 800 0.32 1
Node 49 45 5.09902
Pkt 80 250 0.32 1
Pkt 48 150 0.32 1
Node 47 41 9.48683
Pkt 154 480 0.320833 1
Pkt 154 480 0.320833 1
Node 36 48 14.1421
Pkt 240 750 0.32 1
Pkt 240 750 0.32 1
Node 57 32 19.3132
Pkt 39 120 0.325 1
Pkt 80 250 0.32 1
Node 33 72 27.8029
Pkt 128 400 0.32 1
Pkt 128 400 0.32 1
Rate:641.302
==========
==========37
8 0 2 24000
Node 58 27 24.3516
Pkt 64 200 0.32 1
Pkt 52 160 0.325 1
Node 58 36 16.1245
Pkt 103 320 0.321875 1
Pkt 128 400 0.32 1
Node 51 61 11.0454
Pkt 256 800 0.32 1
Pkt 240 750 0.32 1
Node 25 51 25.02
Pkt 64 200 0.32 1
Pkt 48 150 0.32 1
Node 55 30 20.6155
Pkt 128 400 0.32 1
Pkt 154 480 0.320833 1
Node 74 57 25
Pkt 256 800 0.32 1
Pkt 256 800 0.32 1
Node 57 68 19.3132
Pkt 40 125 0.32 1
Pkt 52 160 0.325 1
Node 31 72 29.0689
Pkt 154 480 0.320833 1
Pkt 128 400 0.32 1
Rate:641.693
==========
==========38
8 0 2 24000
Node 67 55 17.72
Pkt 32 100 0.32 1
Pkt 39 120 0.325 1
Node 52 32 18.1108
Pkt 103 320 0.321875 1
Pkt 120 375 0.32 1
Node 67 46 17.4642
Pkt 256 800 0.32 1
Pkt 256 800 0.32 1
Node 66 60 18.868
Pkt 62 192 0.322917 1
Pkt 80 250 0.32 1
Node 66 74 28.8444
Pkt 128 400 0.32 1
Pkt 103 320 0.321875 1
Node 35 38 19.2094
Pkt 240 750 0.32 1
Pkt 240 750 0.32 1
Node 71 66 26.4008
Pkt 32 100 0.32 1
Pkt 52 160 0.325 1
Node 27 45 23.5372
Pkt 154 480 0.320833 1
Pkt 120 375 0.32 1
Rate:642.188
==========
==========39
8 0 2 24000
Node 32 38 21.6333
Pkt 64 200 0.32 1
Pkt 80 250 0.32 1
Node 49 38 12.0416
Pkt 128 400 0.32 1
Pkt 96 300 0.32 1
Node 74 51 24.0208
Pkt 240 750 0.32 1
Pkt 256 800 0.32 1
Node 26 56 24.7386
Pkt 62 192 0.322917 1
Pkt 64 200 0.32 1
Node 47 45 5.83095
Pkt 154 480 0.320833 1
Pkt 103 320 0.321875 1
Node 27 29 31.1448
Pkt 256 800 0.32 1
Pkt 240 750 0.32 1
Node 27 49 23.0217
Pkt 80 250 0.32 1
Pkt 62 192 0.322917 1
Node 42 59 12.0416
Pkt 154 480 0.320833 1
Pkt 128 400 0.32 1
Rate:641.172
==========
==========40
8 0 2 24000
Node 61 58 13.6015
Pkt 64 200 0.32 1
Pkt 32 100 0.32 1
Node 74 31 30.6105
Pkt 96 300 0.32 1
Pkt 96 300 0.32 1
Node 59 27 24.6982
Pkt 256 800 0.32 1
Pkt 240 750 0.32 1
Node 64 60 17.2047
Pkt 32 100 0.32 1
Pkt 77 240 0.320833 1
Node 68 61 21.095
Pkt 154 480 0.320833 1
Pkt 120 375 0.32 1
Node 66 64 21.2603
Pkt 256 800 0.32 1
Pkt 240 750 0.32 1
Node 38 56 13.4164
Pkt 32 100 0.32 1
Pkt 80 250 0.32 1
Node 25 39 27.313
Pkt 103 320 0.321875 1
Pkt 154 480 0.320833 1
Rate:640.547
==========
==========41
8 0 2 24000
Node 50 58 8
Pkt 32 100 0.32 1
Pkt 52 160 0.325 1
Node 61 67 20.2485
Pkt 128 400 0.32 1
Pkt 154 480 0.320833 1
Node 39 39 15.5563
Pkt 256 800 0.32 1
Pkt 240 750 0.32 1
Node 44 65 16.1555
Pkt 80 250 0.32 1
Pkt 52 160 0.325 1
Node 47 53 4.24264
Pkt 96 300 0.32 1
Pkt 128 400 0.32 1
Node 35 43 16.5529
Pkt 240 750 0.32 1
Pkt 240 750 0.32 1
Node 72 72 31.1127
Pkt 32 100 0.32 1
Pkt 80 250 0.32 1
Node 38 39 16.2788
Pkt 120 375 0.32 1
Pkt 103 320 0.321875 1
Rate:641.589
==========
==========42
8 0 2 24000
Node 25 57 25.9615
Pkt 32 100 0.32 1
Pkt 48 150 0.32 1
Node 32 40 20.5913
Pkt 120 375 0.32 1
Pkt 96 300 0.32 1
Node 66 53 16.2788
Pkt 256 800 0.32 1
Pkt 256 800 0.32 1
Node 71 31 28.3196
Pkt 48 150 0.32 1
Pkt 80 250 0.32 1
Node 43 71 22.1359
Pkt 128 400 0.32 1
Pkt 96 300 0.32 1
Node 25 61 27.313
Pkt 256 800 0.32 1
Pkt 256 800 0.32 1
Node 38 73 25.9422
Pkt 40 125 0.32 1
Pkt 80 250 0.32 1
Node 58 64 16.1245
Pkt 128 400 0.32 1
Pkt 96 300 0.32 1
Rate:640
==========
==========43
8 0 2 24000
Node 34 31 24.8395
Pkt 64 200 0.32 1
Pkt 48 150 0.32 1
Node 38 72 25.0599
Pkt 128 400 0.32 1
Pkt 96 300 0.32 1
Node 67 62 20.8087
Pkt 240 750 0.32 1
Pkt 240 750 0.32 1
Node 29 34 26.4008
Pkt 40 125 0.32 1
Pkt 62 192 0.322917 1
Node 42 25 26.2488
Pkt 96 300 0.32 1
Pkt 128 400 0.32 1
Node 30 56 20.8806
Pkt 240 750 0.32 1
Pkt 256 800 0.32 1
Node 26 56 24.7386
Pkt 62 192 0.322917 1
Pkt 40 125 0.32 1
Node 30 38 23.3238
Pkt 120 375 0.32 1
Pkt 103 320 0.321875 1
Rate:640.964
==========
==========44
8 0 2 24000
Node 30 29 29
Pkt 52 160 0.325 1
Pkt 64 200 0.32 1
Node 35 42 17
Pkt 96 300 0.32 1
Pkt 103 320 0.321875 1
Node 64 35 20.5183
Pkt 256 800 0.32 1
Pkt 256 800 0.32 1
Node 31 42 20.6155
Pkt 48 150 0.32 1
Pkt 32 100 0.32 1
Node 47 33 17.2627
Pkt 154 480 0.320833 1
Pkt 154 480 0.320833 1
Node 49 70 20.025
Pkt 240 750 0.32 1
Pkt 256 800 0.32 1
Node 58 65 17
Pkt 39 120 0.325 1
Pkt 39 120 0.325 1
Node 31 30 27.5862
Pkt 154 480 0.320833 1
Pkt 154 480 0.320833 1
Rate:642.526
==========
==========45
8 0 2 24000
Node 50 43 7
Pkt 77 240 0.320833 1
Pkt 48 150 0.32 1
Node 68 39 21.095
Pkt 154 480 0.320833 1
Pkt 96 300 0.32 1
Node 60 53 10.4403
Pkt 256 800 0.32 1
Pkt 240 750 0.32 1
Node 74 47 24.1868
Pkt 64 200 0.32 1
Pkt 52 160 0.325 1
Node 59 41 12.7279
Pkt 96 300 0.32 1
Pkt 96 300 0.32 1
Node 57 56 9.21954
Pkt 256 800 0.32 1
Pkt 256 800 0.32 1
Node 33 59 19.2354
Pkt 40 125 0.32 1
Pkt 77 240 0.320833 1
Node 46 37 13.6015
Pkt 128 400 0.32 1
Pkt 96 300 0.32 1
Rate:640.938
==========
==========46
8 0 2 24000
Node 73 41 24.6982
Pkt 80 250 0.32 1
Pkt 32 100 0.32 1
Node 70 67 26.2488
Pkt 128 400 0.32 1
Pkt 128 400 0.32 1
Node 65 40 18.0278
Pkt 240 750 0.32 1
Pkt 240 750 0.32 1
Node 50 29 21
Pkt 32 100 0.32 1
Pkt 40 125 0.32 1
Node 72 37 25.5539
Pkt 96 300 0.32 1
Pkt 128 400 0.32 1
Node 31 55 19.6469
Pkt 256 800 0.32 1
Pkt 256 800 0.32 1
Node 29 47 21.2132
Pkt 64 200 0.32 1
Pkt 77 240 0.320833 1
Node 35 28 26.6271
Pkt 96 300 0.32 1
Pkt 154 480 0.320833 1
Rate:640.208
==========
==========47
8 0 2 24000
Node 55 57 8.60233
Pkt 64 200 0.32 1
Pkt 48 150 0.32 1
Node 45 40 11.1803
Pkt 96 300 0.32 1
Pkt 103 320 0.321875 1
Node 63 41 15.8114
Pkt 240 750 0.32 1
Pkt 256 800 0.32 1
Node 72 69 29.0689
Pkt 64 200 0.32 1
Pkt 52 160 0.325 1
Node 66 73 28.0179
Pkt 128 400 0.32 1
Pkt 120 375 0.32 1
Node 53 27 23.1948
Pkt 240 750 0.32 1
Pkt 240 750 0.32 1
Node 47 50 3
Pkt 77 240 0.320833 1
Pkt 52 160 0.325 1
Node 63 66 20.6155
Pkt 120 375 0.32 1
Pkt 103 320 0.321875 1
Rate:641.823
==========
==========48
8 0 2 24000
Node 34 52 16.1245
Pkt 64 200 0.32 1
Pkt 52 160 0.325 1
Node 32 72 28.4253
Pkt 103 320 0.321875 1
Pkt 120 375 0.32 1
Node 66 65 21.9317
Pkt 256 800 0.32 1
Pkt 256 800 0.32 1
Node 39 66 19.4165
Pkt 48 150 0.32 1
Pkt 80 250 0.32 1
Node 62 37 17.6918
Pkt 154 480 0.320833 1
Pkt 96 300 0.32 1
Node 57 53 7.61577
Pkt 256 800 0.32 1
Pkt 240 750 0.32 1
Node 34 67 23.3452
Pkt 80 250 0.32 1
Pkt 52 160 0.325 1
Node 50 71 21
Pkt 96 300 0.32 1
Pkt 103 320 0.321875 1
Rate:641.823
==========
==========49
8 0 2 24000
Node 73 56 23.7697
Pkt 40 125 0.32 1
Pkt 80 250 0.32 1
Node 52 64 14.1421
Pkt 103 320 0.321875 1
Pkt 154 480 0.320833 1
Node 72 25 33.3017
Pkt 256 800 0.32 1
Pkt 256 800 0.32 1
Node 74 60 26
Pkt 62 192 0.322917 1
Pkt 52 160 0.325 1
Node 38 71 24.1868
Pkt 128 400 0.32 1
Pkt 96 300 0.32 1
Node 63 64 19.105
Pkt 240 750 0.32 1
Pkt 240 750 0.32 1
Node 39 31 21.9545
Pkt 39 120 0.325 1
Pkt 64 200 0.32 1
Node 38 54 12.6491
Pkt 96 300 0.32 1
Pkt 96 300 0.32 1
Rate:641.953
==========
==========50
8 0 2 24000
Node 26 52 24.0832
Pkt 80 250 0.32 1
Pkt 48 150 0.32 1
Node 33 29 27.0185
Pkt 128 400 0.32 1
Pkt 120 375 0.32 1
Node 50 66 16
Pkt 240 750 0.32 1
Pkt 240 750 0.32 1
Node 30 50 20
Pkt 48 150 0.32 1
Pkt 80 250 0.32 1
Node 52 57 7.28011
Pkt 154 480 0.320833 1
Pkt 96 300 0.32 1
Node 53 63 13.3417
Pkt 256 800 0.32 1
Pkt 256 800 0.32 1
Node 31 57 20.2485
Pkt 39 120 0.325 1
Pkt 40 125 0.32 1
Node 55 37 13.9284
Pkt 120 375 0.32 1
Pkt 96 300 0.32 1
Rate:640.729
==========
==========51
8 0 2 24000
Node 61 72 24.5967
Pkt 77 240 0.320833 1
Pkt 52 160 0.325 1
Node 59 33 19.2354
Pkt 96 300 0.32 1
Pkt 154 480 0.320833 1
Node 73 28 31.8277
Pkt 240 750 0.32 1
Pkt 240 750 0.32 1
Node 50 70 20
Pkt 48 150 0.32 1
Pkt 64 200 0.32 1
Node 35 72 26.6271
Pkt 103 320 0.321875 1
Pkt 154 480 0.320833 1
Node 65 54 15.5242
Pkt 240 750 0.32 1
Pkt 256 800 0.32 1
Node 30 34 25.6125
Pkt 52 160 0.325 1
Pkt 80 250 0.32 1
Node 34 48 16.1245
Pkt 96 300 0.32 1
Pkt 128 400 0.32 1
Rate:641.797
==========
==========52
8 0 2 24000
Node 51 25 25.02
Pkt 32 100 0.32 1
Pkt 62 192 0.322917 1
Node 47 48 3.60555
Pkt 103 320 0.321875 1
Pkt 120 375 0.32 1
Node 28 32 28.4253
Pkt 240 750 0.32 1
Pkt 256 800 0.32 1
Node 44 54 7.2111
Pkt 40 125 0.32 1
Pkt 40 125 0.32 1
Node 52 56 6.32456
Pkt 128 400 0.32 1
Pkt 96 300 0.32 1
Node 63 62 17.6918
Pkt 256 800 0.32 1
Pkt 240 750 0.32 1
Node 39 53 11.4018
Pkt 64 200 0.32 1
Pkt 40 125 0.32 1
Node 38 36 18.4391
Pkt 128 400 0.32 1
Pkt 154 480 0.320833 1
Rate:640.703
==========
==========53
8 0 2 24000
Node 35 37 19.8494
Pkt 64 200 0.32 1
Pkt 62 192 0.322917 1
Node 45 46 6.40312
Pkt 103 320 0.321875 1
Pkt 128 400 0.32 1
Node 61 26 26.4008
Pkt 256 800 0.32 1
Pkt 240 750 0.32 1
Node 39 36 17.8045
Pkt 39 120 0.325 1
Pkt 32 100 0.32 1
Node 68 30 26.9072
Pkt 128 400 0.32 1
Pkt 103 320 0.321875 1
Node 74 74 33.9411
Pkt 256 800 0.32 1
Pkt 240 750 0.32 1
Node 46 36 14.5602
Pkt 32 100 0.32 1
Pkt 40 125 0.32 1
Node 64 64 19.799
Pkt 96 300 0.32 1
Pkt 154 480 0.320833 1
Rate:641.563
==========
==========54
8 0 2 24000
Node 43 66 17.4642
Pkt 40 125 0.32 1
Pkt 64 200 0.32 1
Node 48 41 9.21954
Pkt 154 480 0.320833 1
Pkt 96 300 0.32 1
Node 49 56 6.08276
Pkt 256 800 0.32 1
Pkt 256 800 0.32 1
Node 68 29 27.6586
Pkt 62 192 0.322917 1
Pkt 52 160 0.325 1
Node 47 66 16.2788
Pkt 103 320 0.321875 1
Pkt 103 320 0.321875 1
Node 45 33 17.72
Pkt 240 750 0.32 1
Pkt 240 750 0.32 1
Node 71 32 27.6586
Pkt 39 120 0.325 1
Pkt 40 125 0.32 1
Node 72 27 31.8277
Pkt 154 480 0.320833 1
Pkt 154 480 0.320833 1
Rate:642.396
==========
==========55
8 0 2 24000
Node 63 45 13.9284
Pkt 48 150 0.32 1
Pkt 62 192 0.322917 1
Node 66 36 21.2603
Pkt 128 400 0.32 1
Pkt 128 400 0.32 1
Node 48 40 10.198
Pkt 240 750 0.32 1
Pkt 256 800 0.32 1
Node 62 28 25.0599
Pkt 32 100 0.32 1
Pkt 32 100 0.32 1
Node 57 31 20.2485
Pkt 154 480 0.320833 1
Pkt 96 300 0.32 1
Node 67 71 27.0185
Pkt 256 800 0.32 1
Pkt 256 800 0.32 1
Node 27 45 23.5372
Pkt 40 125 0.32 1
Pkt 32 100 0.32 1
Node 71 43 22.1359
Pkt 128 400 0.32 1
Pkt 154 480 0.320833 1
Rate:640.573
==========
==========56
8 0 2 24000
Node 39 49 11.0454
Pkt 62 192 0.322917 1
Pkt 32 100 0.32 1
Node 66 73 28.0179
Pkt 96 300 0.32 1
Pkt 120 375 0.32 1
Node 45 32 18.6815
Pkt 256 800 0.32 1
Pkt 256 800 0.32 1
Node 57 67 18.3848
Pkt 39 120 0.325 1
Pkt 77 240 0.320833 1
Node 67 25 30.2324
Pkt 103 320 0.321875 1
Pkt 128 400 0.32 1
Node 47 44 6.7082
Pkt 240 750 0.32 1
Pkt 256 800 0.32 1
Node 70 43 21.1896
Pkt 77 240 0.320833 1
Pkt 80 250 0.32 1
Node 72 66 27.2029
Pkt 120 375 0.32 1
Pkt 103 320 0.321875 1
Rate:641.667
==========
==========57
8 0 2 24000
Node 31 39 21.9545
Pkt 77 240 0.320833 1
Pkt 52 160 0.325 1
Node 65 63 19.8494
Pkt 128 400 0.32 1
Pkt 128 400 0.32 1
Node 54 59 9.84886
Pkt 240 750 0.32 1
Pkt 256 800 0.32 1
Node 64 40 17.2047
Pkt 32 100 0.32 1
Pkt 77 240 0.320833 1
Node 38 50 12
Pkt 103 320 0.321875 1
Pkt 154 480 0.320833 1
Node 45 46 6.40312
Pkt 240 750 0.32 1
Pkt 256 800 0.32 1
Node 43 32 19.3132
Pkt 80 250 0.32 1
Pkt 62 192 0.322917 1
Node 34 72 27.2029
Pkt 120 375 0.32 1
Pkt 96 300 0.32 1
Rate:641.536
==========
==========58
8 0 2 24000
Node 39 67 20.2485
Pkt 40 125 0.32 1
Pkt 80 250 0.32 1
Node 55 33 17.72
Pkt 96 300 0.32 1
Pkt 96 300 0.32 1
Node 46 36 14.5602
Pkt 240 750 0.32 1
Pkt 256 800 0.32 1
Node 36 28 26.0768
Pkt 32 100 0.32 1
Pkt 62 192 0.322917 1
Node 33 35 22.6716
Pkt 154 480 0.320833 1
Pkt 120 375 0.32 1
Node 71 53 21.2132
Pkt 240 750 0.32 1
Pkt 240 750 0.32 1
Node 72 38 25.0599
Pkt 80 250 0.32 1
Pkt 39 120 0.325 1
Node 67 41 19.2354
Pkt 154 480 0.320833 1
Pkt 103 320 0.321875 1
Rate:641.432
==========
==========59
8 0 2 24000
Node 30 42 21.5407
Pkt 39 120 0.325 1
Pkt 80 250 0.32 1
Node 54 67 17.4642
Pkt 154 480 0.320833 1
Pkt 120 375 0.32 1
Node 34 39 19.4165
Pkt 240 750 0.32 1
Pkt 240 750 0.32 1
Node 48 67 17.1172
Pkt 77 240 0.320833 1
Pkt 48 150 0.32 1
Node 56 25 25.7099
Pkt 128 400 0.32 1
Pkt 154 480 0.320833 1
Node 68 53 18.2483
Pkt 240 750 0.32 1
Pkt 240 750 0.32 1
Node 33 61 20.2485
Pkt 39 120 0.325 1
Pkt 80 250 0.32 1
Node 26 25 34.6554
Pkt 103 320 0.321875 1
Pkt 128 400 0.32 1
Rate:641.797
==========
==========60
8 0 2 24000
Node 61 33 20.2485
Pkt 52 160 0.325 1
Pkt 39 120 0.325 1
Node 54 64 14.5602
Pkt 96 300 0.32 1
Pkt 120 375 0.32 1
Node 58 32 19.6977
Pkt 240 750 0.32 1
Pkt 256 800 0.32 1
Node 48 41 9.21954
Pkt 39 120 0.325 1
Pkt 77 240 0.320833 1
Node 48 64 14.1421
Pkt 120 375 0.32 1
Pkt 120 375 0.32 1
Node 35 37 19.8494
Pkt 256 800 0.32 1
Pkt 256 800 0.32 1
Node 37 67 21.4009
Pkt 52 160 0.325 1
Pkt 39 120 0.325 1
Node 71 31 28.3196
Pkt 120 375 0.32 1
Pkt 154 480 0.320833 1
Rate:643.333
==========
==========61
8 0 2 24000
Node 72 68 28.4253
Pkt 80 250 0.32 1
Pkt 39 120 0.325 1
Node 48 28 22.0907
Pkt 103 320 0.321875 1
Pkt 154 480 0.320833 1
Node 54 62 12.6491
Pkt 240 750 0.32 1
Pkt 256 800 0.32 1
Node 65 60 18.0278
Pkt 77 240 0.320833 1
Pkt 48 150 0.32 1
Node 52 53 3.60555
Pkt 128 400 0.32 1
Pkt 120 375 0.32 1
Node 27 55 23.5372
Pkt 240 750 0.32 1
Pkt 240 750 0.32 1
Node 35 66 21.9317
Pkt 64 200 0.32 1
Pkt 40 125 0.32 1
Node 49 32 18.0278
Pkt 96 300 0.32 1
Pkt 103 320 0.321875 1
Rate:641.302
==========
==========62
8 0 2 24000
Node 55 60 11.1803
Pkt 77 240 0.320833 1
Pkt 39 120 0.325 1
Node 58 27 24.3516
Pkt 103 320 0.321875 1
Pkt 103 320 0.321875 1
Node 61 65 18.6011
Pkt 240 750 0.32 1
Pkt 256 800 0.32 1
Node 47 70 20.2237
Pkt 80 250 0.32 1
Pkt 80 250 0.32 1
Node 48 34 16.1245
Pkt 96 300 0.32 1
Pkt 154 480 0.320833 1
Node 36 49 14.0357
Pkt 240 750 0.32 1
Pkt 256 800 0.32 1
Node 54 28 22.3607
Pkt 77 240 0.320833 1
Pkt 32 100 0.32 1
Node 46 60 10.7703
Pkt 128 400 0.32 1
Pkt 96 300 0.32 1
Rate:641.406
==========
==========63
8 0 2 24000
Node 40 33 19.7231
Pkt 39 120 0.325 1
Pkt 80 250 0.32 1
Node 67 30 26.2488
Pkt 120 375 0.32 1
Pkt 128 400 0.32 1
Node 52 44 6.32456
Pkt 256 800 0.32 1
Pkt 256 800 0.32 1
Node 56 31 19.9249
Pkt 39 120 0.325 1
Pkt 64 200 0.32 1
Node 54 33 17.4642
Pkt 154 480 0.320833 1
Pkt 120 375 0.32 1
Node 44 33 18.0278
Pkt 240 750 0.32 1
Pkt 256 800 0.32 1
Node 68 39 21.095
Pkt 40 125 0.32 1
Pkt 48 150 0.32 1
Node 67 37 21.4009
Pkt 128 400 0.32 1
Pkt 154 480 0.320833 1
Rate:641.458
==========
==========64
8 0 2 24000
Node 65 44 16.1555
Pkt 40 125 0.32 1
Pkt 48 150 0.32 1
Node 51 47 3.16228
Pkt 120 375 0.32 1
Pkt 103 320 0.321875 1
Node 27 69 29.8329
Pkt 240 750 0.32 1
Pkt 240 750 0.32 1
Node 40 53 10.4403
Pkt 32 100 0.32 1
Pkt 80 250 0.32 1
Node 33 48 17.1172
Pkt 154 480 0.320833 1
Pkt 120 375 0.32 1
Node 60 45 11.1803
Pkt 256 800 0.32 1
Pkt 240 750 0.32 1
Node 33 53 17.2627
Pkt 40 125 0.32 1
Pkt 39 120 0.325 1
Node 70 46 20.3961
Pkt 154 480 0.320833 1
Pkt 128 400 0.32 1
Rate:641.068
==========
==========65
8 0 2 24000
Node 35 68 23.4307
Pkt 77 240 0.320833 1
Pkt 48 150 0.32 1
Node 49 67 17.0294
Pkt 120 375 0.32 1
Pkt 154 480 0.320833 1
Node 49 35 15.0333
Pkt 256 800 0.32 1
Pkt 256 800 0.32 1
Node 57 26 25
Pkt 64 200 0.32 1
Pkt 52 160 0.325 1
Node 49 42 8.06226
Pkt 120 375 0.32 1
Pkt 96 300 0.32 1
Node 48 28 22.0907
Pkt 240 750 0.32 1
Pkt 240 750 0.32 1
Node 62 43 13.8924
Pkt 40 125 0.32 1
Pkt 48 150 0.32 1
Node 63 58 15.2643
Pkt 120 375 0.32 1
Pkt 128 400 0.32 1
Rate:640.833
==========
==========66
8 0 2 24000
Node 37 36 19.105
Pkt 62 192 0.322917 1
Pkt 48 150 0.32 1
Node 31 53 19.2354
Pkt 120 375 0.32 1
Pkt 103 320 0.321875 1
Node 71 28 30.4138
Pkt 240 750 0.32 1
Pkt 240 750 0.32 1
Node 63 33 21.4009
Pkt 39 120 0.325 1
Pkt 39 120 0.325 1
Node 61 57 13.0384
Pkt 128 400 0.32 1
Pkt 96 300 0.32 1
Node 58 66 17.8885
Pkt 256 800 0.32 1
Pkt 256 800 0.32 1
Node 59 49 9.05539
Pkt 77 240 0.320833 1
Pkt 40 125 0.32 1
Node 42 41 12.0416
Pkt 120 375 0.32 1
Pkt 96 300 0.32 1
Rate:641.953
==========
==========67
8 0 2 24000
Node 64 25 28.6531
Pkt 48 150 0.32 1
Pkt 39 120 0.325 1
Node 50 62 12
Pkt 96 300 0.32 1
Pkt 120 375 0.32 1
Node 52 42 8.24621
Pkt 240 750 0.32 1
Pkt 256 800 0.32 1
Node 59 42 12.0416
Pkt 77 240 0.320833 1
Pkt 64 200 0.32 1
Node 43 38 13.8924
Pkt 103 320 0.321875 1
Pkt 96 300 0.32 1
Node 25 30 32.0156
Pkt 256 800 0.32 1
Pkt 240 750 0.32 1
Node 59 55 10.2956
Pkt 77 240 0.320833 1
Pkt 48 150 0.32 1
Node 43 34 17.4642
Pkt 120 375 0.32 1
Pkt 120 375 0.32 1
Rate:641.068
==========
==========68
8 0 2 24000
Node 27 63 26.4197
Pkt 39 120 0.325 1
Pkt 52 160 0.325 1
Node 58 50 8
Pkt 103 320 0.321875 1
Pkt 120 375 0.32 1
Node 47 42 8.544
Pkt 240 750 0.32 1
Pkt 256 800 0.32 1
Node 64 70 24.4131
Pkt 32 100 0.32 1
Pkt 80 250 0.32 1
Node 31 72 29.0689
Pkt 103 320 0.321875 1
Pkt 103 320 0.321875 1
Node 43 40 12.2066
Pkt 256 800 0.32 1
Pkt 240 750 0.32 1
Node 69 67 25.4951
Pkt 64 200 0.32 1
Pkt 32 100 0.32 1
Node 62 39 16.2788
Pkt 96 300 0.32 1
Pkt 103 320 0.321875 1
Rate:642.188
==========
==========69
8 0 2 24000
Node 39 33 20.2485
Pkt 32 100 0.32 1
Pkt 40 125 0.32 1
Node 34 64 21.2603
Pkt 96 300 0.32 1
Pkt 120 375 0.32 1
Node 55 63 13.9284
Pkt 240 750 0.32 1
Pkt 256 800 0.32 1
Node 37 27 26.4197
Pkt 39 120 0.325 1
Pkt 39 120 0.325 1
Node 62 42 14.4222
Pkt 128 400 0.32 1
Pkt 154 480 0.320833 1
Node 25 30 32.0156
Pkt 256 800 0.32 1
Pkt 240 750 0.32 1
Node 70 28 29.7321
Pkt 62 192 0.322917 1
Pkt 62 192 0.322917 1
Node 43 31 20.2485
Pkt 120 375 0.32 1
Pkt 103 320 0.321875 1
Rate:642.318
==========
==========70
8 0 2 24000
Node 71 28 30.4138
Pkt 32 100 0.32 1
Pkt 48 150 0.32 1
Node 68 55 18.6815
Pkt 154 480 0.320833 1
Pkt 120 375 0.32 1
Node 36 41 16.6433
Pkt 240 750 0.32 1
Pkt 256 800 0.32 1
Node 60 61 14.8661
Pkt 52 160 0.325 1
Pkt 80 250 0.32 1
Node 58 42 11.3137
Pkt 96 300 0.32 1
Pkt 120 375 0.32 1
Node 55 73 23.5372
Pkt 240 750 0.32 1
Pkt 240 750 0.32 1
Node 64 53 14.3178
Pkt 40 125 0.32 1
Pkt 39 120 0.325 1
Node 39 59 14.2127
Pkt 103 320 0.321875 1
Pkt 128 400 0.32 1
Rate:641.589
==========
==========71
8 0 2 24000
Node 50 47 3
Pkt 77 240 0.320833 1
Pkt 64 200 0.32 1
Node 59 36 16.6433
Pkt 103 320 0.321875 1
Pkt 128 400 0.32 1
Node 25 53 25.1794
Pkt 240 750 0.32 1
Pkt 256 800 0.32 1
Node 62 44 13.4164
Pkt 40 125 0.32 1
Pkt 39 120 0.325 1
Node 62 69 22.4722
Pkt 154 480 0.320833 1
Pkt 103 320 0.321875 1
Node 46 70 20.3961
Pkt 240 750 0.32 1
Pkt 256 800 0.32 1
Node 42 44 10
Pkt 80 250 0.32 1
Pkt 40 125 0.32 1
Node 47 36 14.3178
Pkt 128 400 0.32 1
Pkt 96 300 0.32 1
Rate:641.302
==========
==========72
8 0 2 24000
Node 30 53 20.2237
Pkt 48 150 0.32 1
Pkt 64 200 0.32 1
Node 49 54 4.12311
Pkt 96 300 0.32 1
Pkt 103 320 0.321875 1
Node 64 33 22.0227
Pkt 240 750 0.32 1
Pkt 240 750 0.32 1
Node 54 64 14.5602
Pkt 77 240 0.320833 1
Pkt 48 150 0.32 1
Node 36 27 26.9258
Pkt 103 320 0.321875 1
Pkt 103 320 0.321875 1
Node 40 65 18.0278
Pkt 240 750 0.32 1
Pkt 240 750 0.32 1
Node 34 56 17.088
Pkt 62 192 0.322917 1
Pkt 80 250 0.32 1
Node 68 51 18.0278
Pkt 154 480 0.320833 1
Pkt 120 375 0.32 1
Rate:641.276
==========
==========73
8 0 2 24000
Node 50 25 25
Pkt 64 200 0.32 1
Pkt 32 100 0.32 1
Node 35 58 17
Pkt 128 400 0.32 1
Pkt 103 320 0.321875 1
Node 62 25 27.7308
Pkt 256 800 0.32 1
Pkt 240 750 0.32 1
Node 41 36 16.6433
Pkt 80 250 0.32 1
Pkt 40 125 0.32 1
Node 33 73 28.6007
Pkt 128 400 0.32 1
Pkt 154 480 0.320833 1
Node 38 56 13.4164
Pkt 240 750 0.32 1
Pkt 240 750 0.32 1
Node 28 59 23.7697
Pkt 80 250 0.32 1
Pkt 64 200 0.32 1
Node 73 66 28.0179
Pkt 128 400 0.32 1
Pkt 154 480 0.320833 1
Rate:640.443
==========
==========74
8 0 2 24000
Node 50 32 18
Pkt 62 192 0.322917 1
Pkt 64 200 0.32 1
Node 26 44 24.7386
Pkt 128 400 0.32 1
Pkt 120 375 0.32 1
Node 66 65 21.9317
Pkt 256 800 0.32 1
Pkt 240 750 0.32 1
Node 29 34 26.4008
Pkt 64 200 0.32 1
Pkt 32 100 0.32 1
Node 46 61 11.7047
Pkt 154 480 0.320833 1
Pkt 103 320 0.321875 1
Node 51 61 11.0454
Pkt 256 800 0.32 1
Pkt 256 800 0.32 1
Node 57 29 22.1359
Pkt 48 150 0.32 1
Pkt 52 160 0.325 1
Node 44 48 6.32456
Pkt 154 480 0.320833 1
Pkt 96 300 0.32 1
Rate:641.432
==========
==========75
8 0 2 24000
Node 58 37 15.2643
Pkt 52 160 0.325 1
Pkt 32 100 0.32 1
Node 37 71 24.6982
Pkt 154 480 0.320833 1
Pkt 120 375 0.32 1
Node 30 51 20.025
Pkt 240 750 0.32 1
Pkt 240 750 0.32 1
Node 57 48 7.28011
Pkt 32 100 0.32 1
Pkt 77 240 0.320833 1
Node 48 34 16.1245
Pkt 128 400 0.32 1
Pkt 96 300 0.32 1
Node 55 41 10.2956
Pkt 256 800 0.32 1
Pkt 240 750 0.32 1
Node 52 35 15.1327
Pkt 80 250 0.32 1
Pkt 39 120 0.325 1
Node 73 73 32.5269
Pkt 154 480 0.320833 1
Pkt 154 480 0.320833 1
Rate:641.667
==========
==========76
8 0 2 24000
Node 31 50 19
Pkt 64 200 0.32 1
Pkt 80 250 0.32 1
Node 72 40 24.1661
Pkt 128 400 0.32 1
Pkt 103 320 0.321875 1
Node 51 45 5.09902
Pkt 240 750 0.32 1
Pkt 240 750 0.32 1
Node 30 68 26.9072
Pkt 40 125 0.32 1
Pkt 64 200 0.32 1
Node 43 56 9.21954
Pkt 128 400 0.32 1
Pkt 120 375 0.32 1
Node 51 51 1.41421
Pkt 240 750 0.32 1
Pkt 256 800 0.32 1
Node 71 45 21.587
Pkt 52 160 0.325 1
Pkt 40 125 0.32 1
Node 45 65 15.8114
Pkt 128 400 0.32 1
Pkt 120 375 0.32 1
Rate:640.859
==========
==========77
8 0 2 24000
Node 49 41 9.05539
Pkt 32 100 0.32 1
Pkt 52 160 0.325 1
Node 28 62 25.0599
Pkt 96 300 0.32 1
Pkt 103 320 0.321875 1
Node 29 30 29
Pkt 240 750 0.32 1
Pkt 256 800 0.32 1
Node 27 47 23.1948
Pkt 62 192 0.322917 1
Pkt 48 150 0.32 1
Node 67 33 24.0416
Pkt 120 375 0.32 1
Pkt 120 375 0.32 1
Node 28 73 31.8277
Pkt 256 800 0.32 1
Pkt 240 750 0.32 1
Node 71 44 21.8403
Pkt 52 160 0.325 1
Pkt 64 200 0.32 1
Node 36 63 19.105
Pkt 128 400 0.32 1
Pkt 128 400 0.32 1
Rate:641.849
==========
==========78
8 0 2 24000
Node 28 42 23.4094
Pkt 39 120 0.325 1
Pkt 48 150 0.32 1
Node 48 68 18.1108
Pkt 103 320 0.321875 1
Pkt 154 480 0.320833 1
Node 28 64 26.0768
Pkt 240 750 0.32 1
Pkt 240 750 0.32 1
Node 35 32 23.4307
Pkt 62 192 0.322917 1
Pkt 52 160 0.325 1
Node 43 36 15.6525
Pkt 120 375 0.32 1
Pkt 128 400 0.32 1
Node 28 27 31.8277
Pkt 256 800 0.32 1
Pkt 256 800 0.32 1
Node 45 63 13.9284
Pkt 48 150 0.32 1
Pkt 80 250 0.32 1
Node 36 31 23.6008
Pkt 128 400 0.32 1
Pkt 103 320 0.321875 1
Rate:642.188
==========
==========79
8 0 2 24000
Node 38 58 14.4222
Pkt 52 160 0.325 1
Pkt 40 125 0.32 1
Node 66 51 16.0312
Pkt 154 480 0.320833 1
Pkt 103 320 0.321875 1
Node 68 67 24.7588
Pkt 240 750 0.32 1
Pkt 240 750 0.32 1
Node 59 31 21.0238
Pkt 77 240 0.320833 1
Pkt 64 200 0.32 1
Node 39 56 12.53
Pkt 128 400 0.32 1
Pkt 103 320 0.321875 1
Node 51 68 18.0278
Pkt 256 800 0.32 1
Pkt 240 750 0.32 1
Node 47 25 25.1794
Pkt 48 150 0.32 1
Pkt 39 120 0.325 1
Node 40 70 22.3607
Pkt 96 300 0.32 1
Pkt 120 375 0.32 1
Rate:641.927
==========
==========80
8 0 2 24000
Node 29 49 21.0238
Pkt 80 250 0.32 1
Pkt 39 120 0.325 1
Node 47 71 21.2132
Pkt 103 320 0.321875 1
Pkt 154 480 0.320833 1
Node 55 60 11.1803
Pkt 256 800 0.32 1
Pkt 240 750 0.32 1
Node 64 68 22.8035
Pkt 32 100 0.32 1
Pkt 32 100 0.32 1
Node 34 65 21.9317
Pkt 120 375 0.32 1
Pkt 96 300 0.32 1
Node 30 44 20.8806
Pkt 240 750 0.32 1
Pkt 240 750 0.32 1
Node 28 63 25.5539
Pkt 40 125 0.32 1
Pkt 40 125 0.32 1
Node 47 48 3.60555
Pkt 103 320 0.321875 1
Pkt 96 300 0.32 1
Rate:641.198
==========
==========81
8 0 2 24000
Node 66 52 16.1245
Pkt 39 120 0.325 1
Pkt 40 125 0.32 1
Node 45 73 23.5372
Pkt 120 375 0.32 1
Pkt 96 300 0.32 1
Node 48 36 14.1421
Pkt 256 800 0.32 1
Pkt 256 800 0.32 1
Node 60 49 10.0499
Pkt 64 200 0.32 1
Pkt 39 120 0.325 1
Node 68 64 22.8035
Pkt 96 300 0.32 1
Pkt 128 400 0.32 1
Node 40 66 18.868
Pkt 240 750 0.32 1
Pkt 240 750 0.32 1
Node 49 68 18.0278
Pkt 62 192 0.322917 1
Pkt 39 120 0.325 1
Node 49 45 5.09902
Pkt 96 300 0.32 1
Pkt 154 480 0.320833 1
Rate:642.344
==========
==========82
8 0 2 24000
Node 36 54 14.5602
Pkt 62 192 0.322917 1
Pkt 80 250 0.32 1
Node 51 70 20.025
Pkt 103 320 0.321875 1
Pkt 128 400 0.32 1
Node 60 63 16.4012
Pkt 240 750 0.32 1
Pkt 240 750 0.32 1
Node 58 65 17
Pkt 62 192 0.322917 1
Pkt 77 240 0.320833 1
Node 28 70 29.7321
Pkt 128 400 0.32 1
Pkt 120 375 0.32 1
Node 43 61 13.0384
Pkt 256 800 0.32 1
Pkt 256 800 0.32 1
Node 47 72 22.2036
Pkt 40 125 0.32 1
Pkt 48 150 0.32 1
Node 35 58 17
Pkt 96 300 0.32 1
Pkt 128 400 0.32 1
Rate:641.068
==========
==========83
8 0 2 24000
Node 53 73 23.1948
Pkt 80 250 0.32 1
Pkt 77 240 0.320833 1
Node 59 63 15.8114
Pkt 103 320 0.321875 1
Pkt 128 400 0.32 1
Node 31 39 21.9545
Pkt 256 800 0.32 1
Pkt 256 800 0.32 1
Node 72 55 22.561
Pkt 64 200 0.32 1
Pkt 77 240 0.320833 1
Node 52 61 11.1803
Pkt 120 375 0.32 1
Pkt 96 300 0.32 1
Node 62 57 13.8924
Pkt 240 750 0.32 1
Pkt 240 750 0.32 1
Node 32 29 27.6586
Pkt 80 250 0.32 1
Pkt 48 150 0.32 1
Node 53 39 11.4018
Pkt 120 375 0.32 1
Pkt 128 400 0.32 1
Rate:640.443
==========
==========84
8 0 2 24000
Node 46 47 5
Pkt 48 150 0.32 1
Pkt 62 192 0.322917 1
Node 26 70 31.241
Pkt 103 320 0.321875 1
Pkt 128 400 0.32 1
Node 30 53 20.2237
Pkt 256 800 0.32 1
Pkt 256 800 0.32 1
Node 35 64 20.5183
Pkt 77 240 0.320833 1
Pkt 62 192 0.322917 1
Node 30 64 24.4131
Pkt 103 320 0.321875 1
Pkt 154 480 0.320833 1
Node 26 73 33.2415
Pkt 256 800 0.32 1
Pkt 240 750 0.32 1
Node 35 28 26.6271
Pkt 40 125 0.32 1
Pkt 77 240 0.320833 1
Node 38 46 12.6491
Pkt 96 300 0.32 1
Pkt 128 400 0.32 1
Rate:641.51
==========
==========85
8 0 2 24000
Node 46 36 14.5602
Pkt 40 125 0.32 1
Pkt 39 120 0.325 1
Node 62 58 14.4222
Pkt 120 375 0.32 1
Pkt 128 400 0.32 1
Node 43 62 13.8924
Pkt 240 750 0.32 1
Pkt 240 750 0.32 1
Node 55 49 5.09902
Pkt 40 125 0.32 1
Pkt 52 160 0.325 1
Node 58 45 9.43398
Pkt 128 400 0.32 1
Pkt 96 300 0.32 1
Node 63 74 27.2947
Pkt 240 750 0.32 1
Pkt 240 750 0.32 1
Node 60 45 11.1803
Pkt 52 160 0.325 1
Pkt 62 192 0.322917 1
Node 49 26 24.0208
Pkt 128 400 0.32 1
Pkt 96 300 0.32 1
Rate:642.24
==========
==========86
8 0 2 24000
Node 47 25 25.1794
Pkt 80 250 0.32 1
Pkt 52 160 0.325 1
Node 74 29 31.8904
Pkt 128 400 0.32 1
Pkt 128 400 0.32 1
Node 56 57 9.21954
Pkt 240 750 0.32 1
Pkt 240 750 0.32 1
Node 71 54 21.3776
Pkt 62 192 0.322917 1
Pkt 77 240 0.320833 1
Node 54 68 18.4391
Pkt 96 300 0.32 1
Pkt 154 480 0.320833 1
Node 36 33 22.0227
Pkt 240 750 0.32 1
Pkt 256 800 0.32 1
Node 51 30 20.025
Pkt 77 240 0.320833 1
Pkt 80 250 0.32 1
Node 55 40 11.1803
Pkt 103 320 0.321875 1
Pkt 128 400 0.32 1
Rate:641.536
==========
==========87
8 0 2 24000
Node 33 73 28.6007
Pkt 40 125 0.32 1
Pkt 80 250 0.32 1
Node 26 62 26.8328
Pkt 120 375 0.32 1
Pkt 154 480 0.320833 1
Node 25 62 27.7308
Pkt 240 750 0.32 1
Pkt 256 800 0.32 1
Node 58 69 20.6155
Pkt 39 120 0.325 1
Pkt 52 160 0.325 1
Node 57 66 17.4642
Pkt 96 300 0.32 1
Pkt 103 320 0.321875 1
Node 56 48 6.32456
Pkt 256 800 0.32 1
Pkt 256 800 0.32 1
Node 55 62 13
Pkt 77 240 0.320833 1
Pkt 80 250 0.32 1
Node 35 30 25
Pkt 103 320 0.321875 1
Pkt 96 300 0.32 1
Rate:641.927
==========
==========88
8 0 2 24000
Node 67 59 19.2354
Pkt 48 150 0.32 1
Pkt 48 150 0.32 1
Node 54 65 15.5242
Pkt 120 375 0.32 1
Pkt 103 320 0.321875 1
Node 35 42 17
Pkt 240 750 0.32 1
Pkt 240 750 0.32 1
Node 40 64 17.2047
Pkt 48 150 0.32 1
Pkt 48 150 0.32 1
Node 39 68 21.095
Pkt 154 480 0.320833 1
Pkt 120 375 0.32 1
Node 68 63 22.2036
Pkt 240 750 0.32 1
Pkt 240 750 0.32 1
Node 63 33 21.4009
Pkt 62 192 0.322917 1
Pkt 80 250 0.32 1
Node 47 42 8.544
Pkt 103 320 0.321875 1
Pkt 120 375 0.32 1
Rate:640.938
==========
==========89
8 0 2 24000
Node 71 45 21.587
Pkt 48 150 0.32 1
Pkt 77 240 0.320833 1
Node 54 63 13.6015
Pkt 128 400 0.32 1
Pkt 103 320 0.321875 1
Node 41 61 14.2127
Pkt 256 800 0.32 1
Pkt 256 800 0.32 1
Node 35 63 19.8494
Pkt 64 200 0.32 1
Pkt 48 150 0.32 1
Node 28 48 22.0907
Pkt 120 375 0.32 1
Pkt 120 375 0.32 1
Node 60 37 16.4012
Pkt 256 800 0.32 1
Pkt 240 750 0.32 1
Node 25 37 28.178
Pkt 77 240 0.320833 1
Pkt 80 250 0.32 1
Node 27 61 25.4951
Pkt 120 375 0.32 1
Pkt 103 320 0.321875 1
Rate:640.677
==========
==========90
8 0 2 24000
Node 36 47 14.3178
Pkt 64 200 0.32 1
Pkt 40 125 0.32 1
Node 67 71 27.0185
Pkt 120 375 0.32 1
Pkt 103 320 0.321875 1
Node 64 49 14.0357
Pkt 256 800 0.32 1
Pkt 256 800 0.32 1
Node 39 37 17.0294
Pkt 77 240 0.320833 1
Pkt 39 120 0.325 1
Node 59 39 14.2127
Pkt 96 300 0.32 1
Pkt 128 400 0.32 1
Node 73 50 23
Pkt 240 750 0.32 1
Pkt 256 800 0.32 1
Node 66 56 17.088
Pkt 39 120 0.325 1
Pkt 39 120 0.325 1
Node 60 60 14.1421
Pkt 96 300 0.32 1
Pkt 154 480 0.320833 1
Rate:642.318
==========
==========91
8 0 2 24000
Node 52 49 2.23607
Pkt 77 240 0.320833 1
Pkt 39 120 0.325 1
Node 62 46 12.6491
Pkt 96 300 0.32 1
Pkt 128 400 0.32 1
Node 37 53 13.3417
Pkt 256 800 0.32 1
Pkt 256 800 0.32 1
Node 30 67 26.2488
Pkt 48 150 0.32 1
Pkt 52 160 0.325 1
Node 63 27 26.4197
Pkt 154 480 0.320833 1
Pkt 128 400 0.32 1
Node 61 64 17.8045
Pkt 256 800 0.32 1
Pkt 256 800 0.32 1
Node 46 31 19.4165
Pkt 62 192 0.322917 1
Pkt 52 160 0.325 1
Node 57 60 12.2066
Pkt 120 375 0.32 1
Pkt 103 320 0.321875 1
Rate:642.682
==========
==========92
8 0 2 24000
Node 33 57 18.3848
Pkt 39 120 0.325 1
Pkt 32 100 0.32 1
Node 49 51 1.41421
Pkt 96 300 0.32 1
Pkt 128 400 0.32 1
Node 55 50 5
Pkt 256 800 0.32 1
Pkt 240 750 0.32 1
Node 52 37 13.1529
Pkt 32 100 0.32 1
Pkt 62 192 0.322917 1
Node 36 53 14.3178
Pkt 154 480 0.320833 1
Pkt 96 300 0.32 1
Node 68 48 18.1108
Pkt 240 750 0.32 1
Pkt 256 800 0.32 1
Node 41 57 11.4018
Pkt 64 200 0.32 1
Pkt 52 160 0.325 1
Node 50 70 20
Pkt 103 320 0.321875 1
Pkt 103 320 0.321875 1
Rate:642.188
==========
==========93
8 0 2 24000
Node 74 34 28.8444
Pkt 77 240 0.320833 1
Pkt 62 192 0.322917 1
Node 40 27 25.0799
Pkt 103 320 0.321875 1
Pkt 128 400 0.32 1
Node 49 58 8.06226
Pkt 256 800 0.32 1
Pkt 256 800 0.32 1
Node 66 28 27.2029
Pkt 40 125 0.32 1
Pkt 39 120 0.325 1
Node 60 46 10.7703
Pkt 120 375 0.32 1
Pkt 154 480 0.320833 1
Node 37 57 14.7648
Pkt 256 800 0.32 1
Pkt 240 750 0.32 1
Node 51 70 20.025
Pkt 80 250 0.32 1
Pkt 77 240 0.320833 1
Node 50 58 8
Pkt 154 480 0.320833 1
Pkt 120 375 0.32 1
Rate:641.641
==========
==========94
8 0 2 24000
Node 54 25 25.318
Pkt 80 250 0.32 1
Pkt 77 240 0.320833 1
Node 70 25 32.0156
Pkt 103 320 0.321875 1
Pkt 128 400 0.32 1
Node 70 27 30.4795
Pkt 256 800 0.32 1
Pkt 256 800 0.32 1
Node 29 49 21.0238
Pkt 52 160 0.325 1
Pkt 48 150 0.32 1
Node 69 63 23.0217
Pkt 128 400 0.32 1
Pkt 128 400 0.32 1
Node 45 27 23.5372
Pkt 256 800 0.32 1
Pkt 240 750 0.32 1
Node 48 32 18.1108
Pkt 80 250 0.32 1
Pkt 64 200 0.32 1
Node 34 45 16.7631
Pkt 103 320 0.321875 1
Pkt 120 375 0.32 1
Rate:641.198
==========
==========95
8 0 2 24000
Node 53 72 22.2036
Pkt 62 192 0.322917 1
Pkt 52 160 0.325 1
Node 39 55 12.083
Pkt 120 375 0.32 1
Pkt 103 320 0.321875 1
Node 36 28 26.0768
Pkt 256 800 0.32 1
Pkt 240 750 0.32 1
Node 53 28 22.2036
Pkt 77 240 0.320833 1
Pkt 48 150 0.32 1
Node 53 49 3.16228
Pkt 128 400 0.32 1
Pkt 128 400 0.32 1
Node 70 56 20.8806
Pkt 240 750 0.32 1
Pkt 256 800 0.32 1
Node 26 53 24.1868
Pkt 62 192 0.322917 1
Pkt 48 150 0.32 1
Node 56 43 9.21954
Pkt 128 400 0.32 1
Pkt 154 480 0.320833 1
Rate:641.797
==========
==========96
8 0 2 24000
Node 27 64 26.9258
Pkt 40 125 0.32 1
Pkt 64 200 0.32 1
Node 66 51 16.0312
Pkt 103 320 0.321875 1
Pkt 120 375 0.32 1
Node 40 48 10.198
Pkt 256 800 0.32 1
Pkt 240 750 0.32 1
Node 57 52 7.28011
Pkt 39 120 0.325 1
Pkt 64 200 0.32 1
Node 64 49 14.0357
Pkt 96 300 0.32 1
Pkt 120 375 0.32 1
Node 26 51 24.0208
Pkt 256 800 0.32 1
Pkt 240 750 0.32 1
Node 53 31 19.2354
Pkt 64 200 0.32 1
Pkt 77 240 0.320833 1
Node 38 53 12.3693
Pkt 120 375 0.32 1
Pkt 154 480 0.320833 1
Rate:641.068
==========
==========97
8 0 2 24000
Node 33 35 22.6716
Pkt 48 150 0.32 1
Pkt 32 100 0.32 1
Node 66 33 23.3452
Pkt 120 375 0.32 1
Pkt 128 400 0.32 1
Node 54 56 7.2111
Pkt 256 800 0.32 1
Pkt 240 750 0.32 1
Node 47 59 9.48683
Pkt 52 160 0.325 1
Pkt 32 100 0.32 1
Node 42 57 10.6301
Pkt 128 400 0.32 1
Pkt 103 320 0.321875 1
Node 54 61 11.7047
Pkt 240 750 0.32 1
Pkt 256 800 0.32 1
Node 57 26 25
Pkt 52 160 0.325 1
Pkt 48 150 0.32 1
Node 36 70 24.4131
Pkt 154 480 0.320833 1
Pkt 154 480 0.320833 1
Rate:641.693
==========
==========98
8 0 2 24000
Node 43 69 20.2485
Pkt 39 120 0.325 1
Pkt 77 240 0.320833 1
Node 28 64 26.0768
Pkt 154 480 0.320833 1
Pkt 154 480 0.320833 1
Node 32 57 19.3132
Pkt 240 750 0.32 1
Pkt 256 800 0.32 1
Node 59 58 12.0416
Pkt 77 240 0.320833 1
Pkt 52 160 0.325 1
Node 40 55 11.1803
Pkt 103 320 0.321875 1
Pkt 103 320 0.321875 1
Node 41 34 18.3576
Pkt 256 800 0.32 1
Pkt 256 800 0.32 1
Node 65 25 29.1548
Pkt 80 250 0.32 1
Pkt 64 200 0.32 1
Node 68 38 21.6333
Pkt 154 480 0.320833 1
Pkt 120 375 0.32 1
Rate:642.24
==========
==========99
