8 0 2 24000
Node 61 36 17.8045
Pkt 8 120 0.0666667 1
Pkt 8 120 0.0666667 1
Node 39 70 22.8254
Pkt 23 375 0.0613333 1
Pkt 24 400 0.06 1
Node 54 61 11.7047
Pkt 48 800 0.06 1
Pkt 48 800 0.06 1
Node 58 63 15.2643
Pkt 12 192 0.0625 1
Pkt 15 240 0.0625 1
Node 26 57 25
Pkt 20 320 0.0625 1
Pkt 29 480 0.0604167 1
Node 51 51 1.41421
Pkt 48 800 0.06 1
Pkt 48 800 0.06 1
Node 34 73 28.0179
Pkt 10 160 0.0625 1
Pkt 10 160 0.0625 1
Node 53 61 11.4018
Pkt 18 300 0.06 1
Pkt 24 400 0.06 1
Rate:123.448
==========
==========0
8 0 2 24000
Node 73 32 29.2062
Pkt 12 192 0.0625 1
Pkt 8 120 0.0666667 1
Node 37 37 18.3848
Pkt 24 400 0.06 1
Pkt 18 300 0.06 1
Node 67 63 21.4009
Pkt 45 750 0.06 1
Pkt 45 750 0.06 1
Node 27 67 28.6007
Pkt 15 240 0.0625 1
Pkt 15 250 0.06 1
Node 26 64 27.7849
Pkt 18 300 0.06 1
Pkt 24 400 0.06 1
Node 44 55 7.81025
Pkt 48 800 0.06 1
Pkt 48 800 0.06 1
Node 65 36 20.5183
Pkt 6 100 0.06 1
Pkt 12 200 0.06 1
Node 72 26 32.5576
Pkt 29 480 0.0604167 1
Pkt 20 320 0.0625 1
Rate:121.823
==========
==========1
8 0 2 24000
Node 36 52 14.1421
Pkt 6 100 0.06 1
Pkt 8 120 0.0666667 1
Node 30 34 25.6125
Pkt 18 300 0.06 1
Pkt 23 375 0.0613333 1
Node 63 61 17.0294
Pkt 48 800 0.06 1
Pkt 48 800 0.06 1
Node 68 68 25.4558
Pkt 8 120 0.0666667 1
Pkt 9 150 0.06 1
Node 68 52 18.1108
Pkt 29 480 0.0604167 1
Pkt 18 300 0.06 1
Node 65 54 15.5242
Pkt 48 800 0.06 1
Pkt 45 750 0.06 1
Node 29 70 29
Pkt 15 250 0.06 1
Pkt 15 240 0.0625 1
Node 45 53 5.83095
Pkt 23 375 0.0613333 1
Pkt 29 480 0.0604167 1
Rate:122.417
==========
==========2
8 0 2 24000
Node 35 52 15.1327
Pkt 6 100 0.06 1
Pkt 15 240 0.0625 1
Node 38 28 25.0599
Pkt 29 480 0.0604167 1
Pkt 18 300 0.06 1
Node 26 43 25
Pkt 45 750 0.06 1
Pkt 48 800 0.06 1
Node 68 58 19.6977
Pkt 10 160 0.0625 1
Pkt 15 250 0.06 1
Node 27 33 28.6007
Pkt 24 400 0.06 1
Pkt 23 375 0.0613333 1
Node 55 27 23.5372
Pkt 48 800 0.06 1
Pkt 45 750 0.06 1
Node 34 62 20
Pkt 10 160 0.0625 1
Pkt 15 240 0.0625 1
Node 66 68 24.0832
Pkt 24 400 0.06 1
Pkt 29 480 0.0604167 1
Rate:121.521
==========
==========3
8 0 2 24000
Node 65 27 27.4591
Pkt 12 192 0.0625 1
Pkt 6 100 0.06 1
Node 30 62 23.3238
Pkt 29 480 0.0604167 1
Pkt 24 400 0.06 1
Node 58 69 20.6155
Pkt 45 750 0.06 1
Pkt 45 750 0.06 1
Node 27 46 23.3452
Pkt 6 100 0.06 1
Pkt 15 250 0.06 1
Node 63 34 20.6155
Pkt 20 320 0.0625 1
Pkt 24 400 0.06 1
Node 40 37 16.4012
Pkt 48 800 0.06 1
Pkt 48 800 0.06 1
Node 74 34 28.8444
Pkt 12 200 0.06 1
Pkt 15 240 0.0625 1
Node 49 32 18.0278
Pkt 24 400 0.06 1
Pkt 29 480 0.0604167 1
Rate:121.042
==========
==========4
8 0 2 24000
Node 57 68 19.3132
Pkt 10 160 0.0625 1
Pkt 10 160 0.0625 1
Node 27 43 24.0416
Pkt 29 480 0.0604167 1
Pkt 24 400 0.06 1
Node 61 53 11.4018
Pkt 48 800 0.06 1
Pkt 45 750 0.06 1
Node 26 33 29.4109
Pkt 6 100 0.06 1
Pkt 8 125 0.064 1
Node 46 68 18.4391
Pkt 24 400 0.06 1
Pkt 20 320 0.0625 1
Node 62 68 21.6333
Pkt 48 800 0.06 1
Pkt 45 750 0.06 1
Node 37 37 18.3848
Pkt 15 250 0.06 1
Pkt 8 120 0.0666667 1
Node 60 70 22.3607
Pkt 24 400 0.06 1
Pkt 20 320 0.0625 1
Rate:122.635
==========
==========5
8 0 2 24000
Node 29 49 21.0238
Pkt 15 240 0.0625 1
Pkt 12 192 0.0625 1
Node 63 31 23.0217
Pkt 18 300 0.06 1
Pkt 23 375 0.0613333 1
Node 73 33 28.6007
Pkt 45 750 0.06 1
Pkt 45 750 0.06 1
Node 50 74 24
Pkt 12 192 0.0625 1
Pkt 15 240 0.0625 1
Node 61 68 21.095
Pkt 29 480 0.0604167 1
Pkt 24 400 0.06 1
Node 51 43 7.07107
Pkt 45 750 0.06 1
Pkt 45 750 0.06 1
Node 61 32 21.095
Pkt 12 192 0.0625 1
Pkt 6 100 0.06 1
Node 43 56 9.21954
Pkt 24 400 0.06 1
Pkt 23 375 0.0613333 1
Rate:121.948
==========
==========6
8 0 2 24000
Node 53 31 19.2354
Pkt 15 240 0.0625 1
Pkt 8 120 0.0666667 1
Node 68 28 28.4253
Pkt 20 320 0.0625 1
Pkt 23 375 0.0613333 1
Node 63 49 13.0384
Pkt 45 750 0.06 1
Pkt 45 750 0.06 1
Node 47 38 12.3693
Pkt 12 192 0.0625 1
Pkt 8 125 0.064 1
Node 35 48 15.1327
Pkt 29 480 0.0604167 1
Pkt 23 375 0.0613333 1
Node 71 26 31.8904
Pkt 48 800 0.06 1
Pkt 45 750 0.06 1
Node 28 46 22.3607
Pkt 8 125 0.064 1
Pkt 6 100 0.06 1
Node 37 55 13.9284
Pkt 29 480 0.0604167 1
Pkt 18 300 0.06 1
Rate:123.208
==========
==========7
8 0 2 24000
Node 28 42 23.4094
Pkt 8 125 0.064 1
Pkt 6 100 0.06 1
Node 38 71 24.1868
Pkt 18 300 0.06 1
Pkt 20 320 0.0625 1
Node 58 29 22.4722
Pkt 45 750 0.06 1
Pkt 48 800 0.06 1
Node 68 48 18.1108
Pkt 8 125 0.064 1
Pkt 6 100 0.06 1
Node 53 45 5.83095
Pkt 20 320 0.0625 1
Pkt 23 375 0.0613333 1
Node 58 25 26.2488
Pkt 48 800 0.06 1
Pkt 48 800 0.06 1
Node 52 53 3.60555
Pkt 10 160 0.0625 1
Pkt 12 200 0.06 1
Node 69 25 31.4006
Pkt 20 320 0.0625 1
Pkt 23 375 0.0613333 1
Rate:122.583
==========
==========8
8 0 2 24000
Node 45 63 13.9284
Pkt 9 150 0.06 1
Pkt 8 120 0.0666667 1
Node 30 71 29
Pkt 18 300 0.06 1
Pkt 20 320 0.0625 1
Node 26 44 24.7386
Pkt 45 750 0.06 1
Pkt 45 750 0.06 1
Node 47 44 6.7082
Pkt 9 150 0.06 1
Pkt 12 192 0.0625 1
Node 38 31 22.4722
Pkt 24 400 0.06 1
Pkt 20 320 0.0625 1
Node 48 74 24.0832
Pkt 48 800 0.06 1
Pkt 48 800 0.06 1
Node 55 59 10.2956
Pkt 10 160 0.0625 1
Pkt 15 240 0.0625 1
Node 29 52 21.095
Pkt 18 300 0.06 1
Pkt 29 480 0.0604167 1
Rate:122.448
==========
==========9
8 0 2 24000
Node 26 69 30.6105
Pkt 6 100 0.06 1
Pkt 12 200 0.06 1
Node 31 57 20.2485
Pkt 23 375 0.0613333 1
Pkt 23 375 0.0613333 1
Node 68 69 26.1725
Pkt 45 750 0.06 1
Pkt 45 750 0.06 1
Node 25 39 27.313
Pkt 12 200 0.06 1
Pkt 12 200 0.06 1
Node 37 50 13
Pkt 23 375 0.0613333 1
Pkt 29 480 0.0604167 1
Node 71 71 29.6985
Pkt 48 800 0.06 1
Pkt 48 800 0.06 1
Node 61 28 24.5967
Pkt 8 120 0.0666667 1
Pkt 8 125 0.064 1
Node 48 66 16.1245
Pkt 20 320 0.0625 1
Pkt 29 480 0.0604167 1
Rate:122.25
==========
==========10
8 0 2 24000
Node 58 56 10
Pkt 9 150 0.06 1
Pkt 12 192 0.0625 1
Node 68 72 28.4253
Pkt 20 320 0.0625 1
Pkt 23 375 0.0613333 1
Node 25 38 27.7308
Pkt 48 800 0.06 1
Pkt 48 800 0.06 1
Node 64 31 23.6008
Pkt 8 125 0.064 1
Pkt 8 120 0.0666667 1
Node 43 31 20.2485
Pkt 23 375 0.0613333 1
Pkt 23 375 0.0613333 1
Node 74 58 25.2982
Pkt 45 750 0.06 1
Pkt 45 750 0.06 1
Node 64 25 28.6531
Pkt 15 250 0.06 1
Pkt 8 125 0.064 1
Node 58 43 10.6301
Pkt 24 400 0.06 1
Pkt 24 400 0.06 1
Rate:122.958
==========
==========11
8 0 2 24000
Node 47 73 23.1948
Pkt 12 200 0.06 1
Pkt 8 120 0.0666667 1
Node 67 30 26.2488
Pkt 18 300 0.06 1
Pkt 29 480 0.0604167 1
Node 66 41 18.3576
Pkt 48 800 0.06 1
Pkt 48 800 0.06 1
Node 32 59 20.1246
Pkt 15 240 0.0625 1
Pkt 6 100 0.06 1
Node 42 56 10
Pkt 23 375 0.0613333 1
Pkt 23 375 0.0613333 1
Node 30 53 20.2237
Pkt 48 800 0.06 1
Pkt 45 750 0.06 1
Node 46 48 4.47214
Pkt 9 150 0.06 1
Pkt 15 240 0.0625 1
Node 65 31 24.2074
Pkt 29 480 0.0604167 1
Pkt 18 300 0.06 1
Rate:121.896
==========
==========12
8 0 2 24000
Node 55 72 22.561
Pkt 8 120 0.0666667 1
Pkt 8 125 0.064 1
Node 44 70 20.8806
Pkt 23 375 0.0613333 1
Pkt 23 375 0.0613333 1
Node 44 58 10
Pkt 45 750 0.06 1
Pkt 48 800 0.06 1
Node 31 32 26.1725
Pkt 6 100 0.06 1
Pkt 6 100 0.06 1
Node 49 59 9.05539
Pkt 18 300 0.06 1
Pkt 24 400 0.06 1
Node 55 53 5.83095
Pkt 45 750 0.06 1
Pkt 45 750 0.06 1
Node 58 58 11.3137
Pkt 12 200 0.06 1
Pkt 8 120 0.0666667 1
Node 40 74 26
Pkt 18 300 0.06 1
Pkt 18 300 0.06 1
Rate:122.5
==========
==========13
8 0 2 24000
Node 60 35 18.0278
Pkt 6 100 0.06 1
Pkt 12 200 0.06 1
Node 40 28 24.1661
Pkt 20 320 0.0625 1
Pkt 20 320 0.0625 1
Node 41 32 20.1246
Pkt 48 800 0.06 1
Pkt 48 800 0.06 1
Node 29 36 25.2389
Pkt 15 250 0.06 1
Pkt 9 150 0.06 1
Node 48 25 25.0799
Pkt 24 400 0.06 1
Pkt 24 400 0.06 1
Node 58 73 24.3516
Pkt 45 750 0.06 1
Pkt 48 800 0.06 1
Node 62 74 26.8328
Pkt 9 150 0.06 1
Pkt 12 200 0.06 1
Node 34 67 23.3452
Pkt 24 400 0.06 1
Pkt 20 320 0.0625 1
Rate:120.938
==========
==========14
8 0 2 24000
Node 48 37 13.1529
Pkt 10 160 0.0625 1
Pkt 10 160 0.0625 1
Node 28 73 31.8277
Pkt 20 320 0.0625 1
Pkt 23 375 0.0613333 1
Node 74 71 31.8904
Pkt 45 750 0.06 1
Pkt 45 750 0.06 1
Node 63 44 14.3178
Pkt 8 125 0.064 1
Pkt 15 240 0.0625 1
Node 34 46 16.4924
Pkt 20 320 0.0625 1
Pkt 20 320 0.0625 1
Node 44 34 17.088
Pkt 45 750 0.06 1
Pkt 45 750 0.06 1
Node 38 60 15.6205
Pkt 12 200 0.06 1
Pkt 12 192 0.0625 1
Node 69 73 29.8329
Pkt 23 375 0.0613333 1
Pkt 18 300 0.06 1
Rate:123.021
==========
==========15
8 0 2 24000
Node 65 50 15
Pkt 8 120 0.0666667 1
Pkt 9 150 0.06 1
Node 56 42 10
Pkt 23 375 0.0613333 1
Pkt 18 300 0.06 1
Node 56 71 21.8403
Pkt 48 800 0.06 1
Pkt 48 800 0.06 1
Node 40 63 16.4012
Pkt 8 125 0.064 1
Pkt 12 200 0.06 1
Node 70 68 26.9072
Pkt 23 375 0.0613333 1
Pkt 24 400 0.06 1
Node 30 65 25
Pkt 45 750 0.06 1
Pkt 45 750 0.06 1
Node 38 70 23.3238
Pkt 15 240 0.0625 1
Pkt 15 250 0.06 1
Node 36 56 15.2315
Pkt 23 375 0.0613333 1
Pkt 20 320 0.0625 1
Rate:122.458
==========
==========16
8 0 2 24000
Node 43 59 11.4018
Pkt 8 125 0.064 1
Pkt 12 200 0.06 1
Node 70 43 21.1896
Pkt 29 480 0.0604167 1
Pkt 24 400 0.06 1
Node 25 28 33.3017
Pkt 45 750 0.06 1
Pkt 45 750 0.06 1
Node 28 34 27.2029
Pkt 9 150 0.06 1
Pkt 15 240 0.0625 1
Node 28 28 31.1127
Pkt 18 300 0.06 1
Pkt 29 480 0.0604167 1
Node 43 55 8.60233
Pkt 45 750 0.06 1
Pkt 45 750 0.06 1
Node 64 34 21.2603
Pkt 8 120 0.0666667 1
Pkt 8 125 0.064 1
Node 34 72 27.2029
Pkt 20 320 0.0625 1
Pkt 18 300 0.06 1
Rate:122.563
==========
==========17
8 0 2 24000
Node 70 34 25.6125
Pkt 12 192 0.0625 1
Pkt 15 250 0.06 1
Node 49 71 21.0238
Pkt 23 375 0.0613333 1
Pkt 24 400 0.06 1
Node 54 55 6.40312
Pkt 45 750 0.06 1
Pkt 45 750 0.06 1
Node 56 33 18.0278
Pkt 8 125 0.064 1
Pkt 8 120 0.0666667 1
Node 69 32 26.1725
Pkt 24 400 0.06 1
Pkt 18 300 0.06 1
Node 45 70 20.6155
Pkt 48 800 0.06 1
Pkt 45 750 0.06 1
Node 34 32 24.0832
Pkt 8 125 0.064 1
Pkt 12 200 0.06 1
Node 69 70 27.5862
Pkt 29 480 0.0604167 1
Pkt 29 480 0.0604167 1
Rate:122.417
==========
==========18
8 0 2 24000
Node 65 62 19.2094
Pkt 15 250 0.06 1
Pkt 6 100 0.06 1
Node 32 37 22.2036
Pkt 20 320 0.0625 1
Pkt 18 300 0.06 1
Node 57 28 23.0868
Pkt 45 750 0.06 1
Pkt 48 800 0.06 1
Node 32 73 29.2062
Pkt 12 200 0.06 1
Pkt 15 250 0.06 1
Node 35 56 16.1555
Pkt 20 320 0.0625 1
Pkt 20 320 0.0625 1
Node 33 51 17.0294
Pkt 48 800 0.06 1
Pkt 45 750 0.06 1
Node 42 50 8
Pkt 8 125 0.064 1
Pkt 8 120 0.0666667 1
Node 28 65 26.6271
Pkt 24 400 0.06 1
Pkt 20 320 0.0625 1
Rate:122.583
==========
==========19
8 0 2 24000
Node 51 27 23.0217
Pkt 12 200 0.06 1
Pkt 12 192 0.0625 1
Node 38 55 13
Pkt 18 300 0.06 1
Pkt 20 320 0.0625 1
Node 72 71 30.4138
Pkt 48 800 0.06 1
Pkt 45 750 0.06 1
Node 55 54 6.40312
Pkt 12 200 0.06 1
Pkt 12 200 0.06 1
Node 37 66 20.6155
Pkt 18 300 0.06 1
Pkt 24 400 0.06 1
Node 60 62 15.6205
Pkt 48 800 0.06 1
Pkt 48 800 0.06 1
Node 27 57 24.0416
Pkt 8 120 0.0666667 1
Pkt 15 240 0.0625 1
Node 27 54 23.3452
Pkt 24 400 0.06 1
Pkt 18 300 0.06 1
Rate:121.771
==========
==========20
8 0 2 24000
Node 59 61 14.2127
Pkt 8 120 0.0666667 1
Pkt 10 160 0.0625 1
Node 58 35 17
Pkt 18 300 0.06 1
Pkt 18 300 0.06 1
Node 71 37 24.6982
Pkt 48 800 0.06 1
Pkt 48 800 0.06 1
Node 48 28 22.0907
Pkt 8 120 0.0666667 1
Pkt 10 160 0.0625 1
Node 66 26 28.8444
Pkt 20 320 0.0625 1
Pkt 20 320 0.0625 1
Node 38 45 13
Pkt 45 750 0.06 1
Pkt 48 800 0.06 1
Node 27 53 23.1948
Pkt 8 120 0.0666667 1
Pkt 12 192 0.0625 1
Node 38 47 12.3693
Pkt 24 400 0.06 1
Pkt 24 400 0.06 1
Rate:124.063
==========
==========21
8 0 2 24000
Node 49 53 3.16228
Pkt 15 250 0.06 1
Pkt 15 250 0.06 1
Node 50 57 7
Pkt 18 300 0.06 1
Pkt 29 480 0.0604167 1
Node 26 55 24.5153
Pkt 48 800 0.06 1
Pkt 48 800 0.06 1
Node 74 54 24.3311
Pkt 10 160 0.0625 1
Pkt 8 125 0.064 1
Node 65 36 20.5183
Pkt 23 375 0.0613333 1
Pkt 23 375 0.0613333 1
Node 58 63 15.2643
Pkt 45 750 0.06 1
Pkt 45 750 0.06 1
Node 48 65 15.1327
Pkt 15 240 0.0625 1
Pkt 6 100 0.06 1
Node 60 62 15.6205
Pkt 20 320 0.0625 1
Pkt 29 480 0.0604167 1
Rate:121.875
==========
==========22
8 0 2 24000
Node 55 55 7.07107
Pkt 8 125 0.064 1
Pkt 12 200 0.06 1
Node 54 66 16.4924
Pkt 23 375 0.0613333 1
Pkt 24 400 0.06 1
Node 58 40 12.8062
Pkt 45 750 0.06 1
Pkt 48 800 0.06 1
Node 64 62 18.4391
Pkt 8 125 0.064 1
Pkt 8 125 0.064 1
Node 69 63 23.0217
Pkt 24 400 0.06 1
Pkt 29 480 0.0604167 1
Node 31 72 29.0689
Pkt 45 750 0.06 1
Pkt 45 750 0.06 1
Node 45 61 12.083
Pkt 8 120 0.0666667 1
Pkt 15 240 0.0625 1
Node 59 67 19.2354
Pkt 24 400 0.06 1
Pkt 18 300 0.06 1
Rate:122.865
==========
==========23
8 0 2 24000
Node 54 30 20.3961
Pkt 15 250 0.06 1
Pkt 6 100 0.06 1
Node 59 43 11.4018
Pkt 24 400 0.06 1
Pkt 29 480 0.0604167 1
Node 73 40 25.0799
Pkt 48 800 0.06 1
Pkt 48 800 0.06 1
Node 40 46 10.7703
Pkt 9 150 0.06 1
Pkt 15 240 0.0625 1
Node 50 49 1
Pkt 20 320 0.0625 1
Pkt 18 300 0.06 1
Node 64 62 18.4391
Pkt 45 750 0.06 1
Pkt 45 750 0.06 1
Node 34 52 16.1245
Pkt 15 240 0.0625 1
Pkt 15 240 0.0625 1
Node 31 39 21.9545
Pkt 29 480 0.0604167 1
Pkt 29 480 0.0604167 1
Rate:121.406
==========
==========24
8 0 2 24000
Node 67 65 22.6716
Pkt 6 100 0.06 1
Pkt 6 100 0.06 1
Node 35 27 27.4591
Pkt 20 320 0.0625 1
Pkt 24 400 0.06 1
Node 34 47 16.2788
Pkt 48 800 0.06 1
Pkt 48 800 0.06 1
Node 27 38 25.9422
Pkt 10 160 0.0625 1
Pkt 8 125 0.064 1
Node 53 65 15.2971
Pkt 24 400 0.06 1
Pkt 24 400 0.06 1
Node 30 67 26.2488
Pkt 45 750 0.06 1
Pkt 45 750 0.06 1
Node 50 40 10
Pkt 8 125 0.064 1
Pkt 8 120 0.0666667 1
Node 64 56 15.2315
Pkt 29 480 0.0604167 1
Pkt 29 480 0.0604167 1
Rate:122.563
==========
==========25
8 0 2 24000
Node 49 56 6.08276
Pkt 12 200 0.06 1
Pkt 12 192 0.0625 1
Node 54 33 17.4642
Pkt 23 375 0.0613333 1
Pkt 20 320 0.0625 1
Node 60 74 26
Pkt 45 750 0.06 1
Pkt 45 750 0.06 1
Node 72 68 28.4253
Pkt 12 192 0.0625 1
Pkt 12 200 0.06 1
Node 29 42 22.4722
Pkt 23 375 0.0613333 1
Pkt 18 300 0.06 1
Node 33 35 22.6716
Pkt 48 800 0.06 1
Pkt 45 750 0.06 1
Node 46 39 11.7047
Pkt 10 160 0.0625 1
Pkt 15 250 0.06 1
Node 56 61 12.53
Pkt 20 320 0.0625 1
Pkt 20 320 0.0625 1
Rate:122.208
==========
==========26
8 0 2 24000
Node 61 32 21.095
Pkt 15 240 0.0625 1
Pkt 15 250 0.06 1
Node 42 67 18.7883
Pkt 18 300 0.06 1
Pkt 23 375 0.0613333 1
Node 40 69 21.4709
Pkt 45 750 0.06 1
Pkt 48 800 0.06 1
Node 60 49 10.0499
Pkt 15 240 0.0625 1
Pkt 15 240 0.0625 1
Node 51 59 9.05539
Pkt 29 480 0.0604167 1
Pkt 20 320 0.0625 1
Node 54 59 9.84886
Pkt 48 800 0.06 1
Pkt 48 800 0.06 1
Node 63 72 25.5539
Pkt 15 240 0.0625 1
Pkt 8 120 0.0666667 1
Node 43 60 12.2066
Pkt 18 300 0.06 1
Pkt 24 400 0.06 1
Rate:122.615
==========
==========27
8 0 2 24000
Node 73 43 24.0416
Pkt 8 125 0.064 1
Pkt 15 250 0.06 1
Node 40 57 12.2066
Pkt 23 375 0.0613333 1
Pkt 24 400 0.06 1
Node 47 40 10.4403
Pkt 48 800 0.06 1
Pkt 45 750 0.06 1
Node 42 51 8.06226
Pkt 15 250 0.06 1
Pkt 12 192 0.0625 1
Node 64 43 15.6525
Pkt 24 400 0.06 1
Pkt 20 320 0.0625 1
Node 51 60 10.0499
Pkt 48 800 0.06 1
Pkt 45 750 0.06 1
Node 73 51 23.0217
Pkt 12 192 0.0625 1
Pkt 10 160 0.0625 1
Node 61 28 24.5967
Pkt 18 300 0.06 1
Pkt 24 400 0.06 1
Rate:121.917
==========
==========28
8 0 2 24000
Node 68 67 24.7588
Pkt 12 192 0.0625 1
Pkt 9 150 0.06 1
Node 47 59 9.48683
Pkt 23 375 0.0613333 1
Pkt 29 480 0.0604167 1
Node 53 58 8.544
Pkt 45 750 0.06 1
Pkt 48 800 0.06 1
Node 36 49 14.0357
Pkt 12 200 0.06 1
Pkt 15 240 0.0625 1
Node 46 71 21.3776
Pkt 20 320 0.0625 1
Pkt 23 375 0.0613333 1
Node 27 48 23.0868
Pkt 45 750 0.06 1
Pkt 48 800 0.06 1
Node 60 32 20.5913
Pkt 8 120 0.0666667 1
Pkt 9 150 0.06 1
Node 28 61 24.5967
Pkt 18 300 0.06 1
Pkt 23 375 0.0613333 1
Rate:122.323
==========
==========29
8 0 2 24000
Node 52 58 8.24621
Pkt 10 160 0.0625 1
Pkt 9 150 0.06 1
Node 52 46 4.47214
Pkt 23 375 0.0613333 1
Pkt 20 320 0.0625 1
Node 50 60 10
Pkt 48 800 0.06 1
Pkt 45 750 0.06 1
Node 46 70 20.3961
Pkt 8 125 0.064 1
Pkt 12 192 0.0625 1
Node 38 52 12.1655
Pkt 23 375 0.0613333 1
Pkt 20 320 0.0625 1
Node 45 53 5.83095
Pkt 45 750 0.06 1
Pkt 45 750 0.06 1
Node 66 29 26.4008
Pkt 8 120 0.0666667 1
Pkt 8 120 0.0666667 1
Node 33 51 17.0294
Pkt 20 320 0.0625 1
Pkt 20 320 0.0625 1
Rate:124.375
==========
==========30
8 0 2 24000
Node 64 59 16.6433
Pkt 15 240 0.0625 1
Pkt 15 240 0.0625 1
Node 55 52 5.38516
Pkt 20 320 0.0625 1
Pkt 24 400 0.06 1
Node 71 28 30.4138
Pkt 48 800 0.06 1
Pkt 45 750 0.06 1
Node 42 71 22.4722
Pkt 12 192 0.0625 1
Pkt 15 240 0.0625 1
Node 49 36 14.0357
Pkt 23 375 0.0613333 1
Pkt 24 400 0.06 1
Node 55 34 16.7631
Pkt 48 800 0.06 1
Pkt 45 750 0.06 1
Node 58 68 19.6977
Pkt 8 125 0.064 1
Pkt 12 200 0.06 1
Node 71 41 22.8473
Pkt 24 400 0.06 1
Pkt 23 375 0.0613333 1
Rate:122.396
==========
==========31
8 0 2 24000
Node 62 56 13.4164
Pkt 15 250 0.06 1
Pkt 9 150 0.06 1
Node 46 27 23.3452
Pkt 18 300 0.06 1
Pkt 23 375 0.0613333 1
Node 58 37 15.2643
Pkt 45 750 0.06 1
Pkt 45 750 0.06 1
Node 68 26 30
Pkt 8 120 0.0666667 1
Pkt 12 192 0.0625 1
Node 32 28 28.4253
Pkt 29 480 0.0604167 1
Pkt 20 320 0.0625 1
Node 52 69 19.105
Pkt 48 800 0.06 1
Pkt 45 750 0.06 1
Node 43 36 15.6525
Pkt 15 250 0.06 1
Pkt 8 125 0.064 1
Node 34 70 25.6125
Pkt 20 320 0.0625 1
Pkt 20 320 0.0625 1
Rate:122.802
==========
==========32
8 0 2 24000
Node 54 59 9.84886
Pkt 9 150 0.06 1
Pkt 10 160 0.0625 1
Node 70 65 25
Pkt 18 300 0.06 1
Pkt 20 320 0.0625 1
Node 33 44 18.0278
Pkt 48 800 0.06 1
Pkt 48 800 0.06 1
Node 49 38 12.0416
Pkt 8 120 0.0666667 1
Pkt 9 150 0.06 1
Node 60 57 12.2066
Pkt 23 375 0.0613333 1
Pkt 29 480 0.0604167 1
Node 57 26 25
Pkt 48 800 0.06 1
Pkt 48 800 0.06 1
Node 36 69 23.6008
Pkt 10 160 0.0625 1
Pkt 12 192 0.0625 1
Node 72 40 24.1661
Pkt 23 375 0.0613333 1
Pkt 23 375 0.0613333 1
Rate:122.635
==========
==========33
8 0 2 24000
Node 61 27 25.4951
Pkt 10 160 0.0625 1
Pkt 15 250 0.06 1
Node 61 47 11.4018
Pkt 20 320 0.0625 1
Pkt 29 480 0.0604167 1
Node 62 74 26.8328
Pkt 48 800 0.06 1
Pkt 45 750 0.06 1
Node 25 64 28.6531
Pkt 6 100 0.06 1
Pkt 6 100 0.06 1
Node 49 28 22.0227
Pkt 18 300 0.06 1
Pkt 24 400 0.06 1
Node 43 59 11.4018
Pkt 48 800 0.06 1
Pkt 45 750 0.06 1
Node 40 38 15.6205
Pkt 15 240 0.0625 1
Pkt 8 120 0.0666667 1
Node 49 32 18.0278
Pkt 23 375 0.0613333 1
Pkt 20 320 0.0625 1
Rate:122.302
==========
==========34
8 0 2 24000
Node 36 46 14.5602
Pkt 10 160 0.0625 1
Pkt 8 125 0.064 1
Node 73 60 25.0799
Pkt 24 400 0.06 1
Pkt 24 400 0.06 1
Node 68 65 23.4307
Pkt 45 750 0.06 1
Pkt 45 750 0.06 1
Node 37 47 13.3417
Pkt 6 100 0.06 1
Pkt 6 100 0.06 1
Node 36 25 28.6531
Pkt 29 480 0.0604167 1
Pkt 24 400 0.06 1
Node 32 69 26.1725
Pkt 45 750 0.06 1
Pkt 45 750 0.06 1
Node 47 58 8.544
Pkt 12 200 0.06 1
Pkt 12 200 0.06 1
Node 34 69 24.8395
Pkt 29 480 0.0604167 1
Pkt 24 400 0.06 1
Rate:120.917
==========
==========35
8 0 2 24000
Node 41 62 15
Pkt 15 240 0.0625 1
Pkt 15 250 0.06 1
Node 25 33 30.2324
Pkt 29 480 0.0604167 1
Pkt 23 375 0.0613333 1
Node 47 58 8.544
Pkt 48 800 0.06 1
Pkt 48 800 0.06 1
Node 72 40 24.1661
Pkt 9 150 0.06 1
Pkt 6 100 0.06 1
Node 68 31 26.1725
Pkt 24 400 0.06 1
Pkt 29 480 0.0604167 1
Node 26 38 26.8328
Pkt 45 750 0.06 1
Pkt 48 800 0.06 1
Node 72 50 22
Pkt 15 240 0.0625 1
Pkt 15 240 0.0625 1
Node 26 53 24.1868
Pkt 29 480 0.0604167 1
Pkt 23 375 0.0613333 1
Rate:121.427
==========
==========36
8 0 2 24000
Node 30 59 21.9317
Pkt 6 100 0.06 1
Pkt 8 120 0.0666667 1
Node 35 35 21.2132
Pkt 23 375 0.0613333 1
Pkt 23 375 0.0613333 1
Node 71 45 21.587
Pkt 45 750 0.06 1
Pkt 48 800 0.06 1
Node 26 50 24
Pkt 12 192 0.0625 1
Pkt 10 160 0.0625 1
Node 36 38 18.4391
Pkt 20 320 0.0625 1
Pkt 29 480 0.0604167 1
Node 58 57 10.6301
Pkt 48 800 0.06 1
Pkt 48 800 0.06 1
Node 40 46 10.7703
Pkt 8 120 0.0666667 1
Pkt 10 160 0.0625 1
Node 62 27 25.9422
Pkt 24 400 0.06 1
Pkt 29 480 0.0604167 1
Rate:123.354
==========
==========37
8 0 2 24000
Node 51 68 18.0278
Pkt 8 125 0.064 1
Pkt 9 150 0.06 1
Node 34 64 21.2603
Pkt 24 400 0.06 1
Pkt 18 300 0.06 1
Node 67 74 29.4109
Pkt 48 800 0.06 1
Pkt 48 800 0.06 1
Node 56 61 12.53
Pkt 12 200 0.06 1
Pkt 15 250 0.06 1
Node 45 35 15.8114
Pkt 18 300 0.06 1
Pkt 20 320 0.0625 1
Node 26 39 26.4008
Pkt 45 750 0.06 1
Pkt 45 750 0.06 1
Node 31 49 19.0263
Pkt 12 192 0.0625 1
Pkt 15 240 0.0625 1
Node 57 30 21.1896
Pkt 29 480 0.0604167 1
Pkt 18 300 0.06 1
Rate:121.49
==========
==========38
8 0 2 24000
Node 28 52 22.0907
Pkt 8 120 0.0666667 1
Pkt 15 250 0.06 1
Node 29 38 24.1868
Pkt 20 320 0.0625 1
Pkt 24 400 0.06 1
Node 72 57 23.0868
Pkt 48 800 0.06 1
Pkt 45 750 0.06 1
Node 60 51 10.0499
Pkt 12 192 0.0625 1
Pkt 8 120 0.0666667 1
Node 40 53 10.4403
Pkt 20 320 0.0625 1
Pkt 23 375 0.0613333 1
Node 72 65 26.6271
Pkt 48 800 0.06 1
Pkt 45 750 0.06 1
Node 71 36 25.2389
Pkt 8 120 0.0666667 1
Pkt 15 240 0.0625 1
Node 31 67 25.4951
Pkt 23 375 0.0613333 1
Pkt 24 400 0.06 1
Rate:124.083
==========
==========39
8 0 2 24000
Node 61 73 25.4951
Pkt 8 125 0.064 1
Pkt 15 250 0.06 1
Node 55 37 13.9284
Pkt 24 400 0.06 1
Pkt 20 320 0.0625 1
Node 52 58 8.24621
Pkt 45 750 0.06 1
Pkt 45 750 0.06 1
Node 40 33 19.7231
Pkt 12 192 0.0625 1
Pkt 12 200 0.06 1
Node 41 58 12.0416
Pkt 29 480 0.0604167 1
Pkt 23 375 0.0613333 1
Node 56 74 24.7386
Pkt 45 750 0.06 1
Pkt 48 800 0.06 1
Node 55 31 19.6469
Pkt 12 192 0.0625 1
Pkt 12 200 0.06 1
Node 49 60 10.0499
Pkt 23 375 0.0613333 1
Pkt 29 480 0.0604167 1
Rate:121.875
==========
==========40
8 0 2 24000
Node 52 73 23.0868
Pkt 9 150 0.06 1
Pkt 12 192 0.0625 1
Node 35 52 15.1327
Pkt 20 320 0.0625 1
Pkt 29 480 0.0604167 1
Node 36 74 27.7849
Pkt 45 750 0.06 1
Pkt 48 800 0.06 1
Node 42 38 14.4222
Pkt 8 120 0.0666667 1
Pkt 15 240 0.0625 1
Node 27 36 26.9258
Pkt 23 375 0.0613333 1
Pkt 24 400 0.06 1
Node 66 48 16.1245
Pkt 48 800 0.06 1
Pkt 48 800 0.06 1
Node 64 64 19.799
Pkt 12 200 0.06 1
Pkt 8 120 0.0666667 1
Node 55 71 21.587
Pkt 20 320 0.0625 1
Pkt 18 300 0.06 1
Rate:123.135
==========
==========41
8 0 2 24000
Node 62 29 24.1868
Pkt 10 160 0.0625 1
Pkt 12 200 0.06 1
Node 44 35 16.1555
Pkt 24 400 0.06 1
Pkt 29 480 0.0604167 1
Node 32 66 24.0832
Pkt 48 800 0.06 1
Pkt 45 750 0.06 1
Node 43 60 12.2066
Pkt 6 100 0.06 1
Pkt 10 160 0.0625 1
Node 70 66 25.6125
Pkt 20 320 0.0625 1
Pkt 18 300 0.06 1
Node 71 34 26.4008
Pkt 48 800 0.06 1
Pkt 45 750 0.06 1
Node 36 33 22.0227
Pkt 8 125 0.064 1
Pkt 12 200 0.06 1
Node 61 53 11.4018
Pkt 29 480 0.0604167 1
Pkt 29 480 0.0604167 1
Rate:121.594
==========
==========42
8 0 2 24000
Node 58 25 26.2488
Pkt 12 192 0.0625 1
Pkt 12 200 0.06 1
Node 66 73 28.0179
Pkt 18 300 0.06 1
Pkt 24 400 0.06 1
Node 54 34 16.4924
Pkt 45 750 0.06 1
Pkt 48 800 0.06 1
Node 63 25 28.178
Pkt 12 200 0.06 1
Pkt 10 160 0.0625 1
Node 52 29 21.095
Pkt 23 375 0.0613333 1
Pkt 24 400 0.06 1
Node 57 61 13.0384
Pkt 48 800 0.06 1
Pkt 45 750 0.06 1
Node 42 50 8
Pkt 15 240 0.0625 1
Pkt 6 100 0.06 1
Node 57 30 21.1896
Pkt 20 320 0.0625 1
Pkt 18 300 0.06 1
Rate:121.417
==========
==========43
8 0 2 24000
Node 56 70 20.8806
Pkt 8 125 0.064 1
Pkt 10 160 0.0625 1
Node 39 62 16.2788
Pkt 24 400 0.06 1
Pkt 23 375 0.0613333 1
Node 74 29 31.8904
Pkt 48 800 0.06 1
Pkt 45 750 0.06 1
Node 27 35 27.4591
Pkt 12 192 0.0625 1
Pkt 8 120 0.0666667 1
Node 56 55 7.81025
Pkt 24 400 0.06 1
Pkt 23 375 0.0613333 1
Node 52 55 5.38516
Pkt 48 800 0.06 1
Pkt 45 750 0.06 1
Node 56 43 9.21954
Pkt 15 240 0.0625 1
Pkt 10 160 0.0625 1
Node 27 32 29.2062
Pkt 23 375 0.0613333 1
Pkt 24 400 0.06 1
Rate:123.083
==========
==========44
8 0 2 24000
Node 40 52 10.198
Pkt 15 250 0.06 1
Pkt 12 200 0.06 1
Node 27 73 32.5269
Pkt 18 300 0.06 1
Pkt 23 375 0.0613333 1
Node 70 63 23.8537
Pkt 45 750 0.06 1
Pkt 48 800 0.06 1
Node 52 58 8.24621
Pkt 15 250 0.06 1
Pkt 12 192 0.0625 1
Node 37 42 15.2643
Pkt 24 400 0.06 1
Pkt 29 480 0.0604167 1
Node 39 63 17.0294
Pkt 45 750 0.06 1
Pkt 48 800 0.06 1
Node 66 26 28.8444
Pkt 8 120 0.0666667 1
Pkt 15 250 0.06 1
Node 62 71 24.1868
Pkt 20 320 0.0625 1
Pkt 23 375 0.0613333 1
Rate:121.844
==========
==========45
8 0 2 24000
Node 31 48 19.105
Pkt 9 150 0.06 1
Pkt 12 192 0.0625 1
Node 69 25 31.4006
Pkt 29 480 0.0604167 1
Pkt 18 300 0.06 1
Node 70 56 20.8806
Pkt 45 750 0.06 1
Pkt 45 750 0.06 1
Node 41 73 24.6982
Pkt 15 240 0.0625 1
Pkt 8 125 0.064 1
Node 63 46 13.6015
Pkt 24 400 0.06 1
Pkt 23 375 0.0613333 1
Node 48 71 21.095
Pkt 45 750 0.06 1
Pkt 48 800 0.06 1
Node 73 63 26.4197
Pkt 8 125 0.064 1
Pkt 10 160 0.0625 1
Node 65 39 18.6011
Pkt 20 320 0.0625 1
Pkt 24 400 0.06 1
Rate:122.469
==========
==========46
8 0 2 24000
Node 51 70 20.025
Pkt 15 250 0.06 1
Pkt 9 150 0.06 1
Node 43 41 11.4018
Pkt 23 375 0.0613333 1
Pkt 20 320 0.0625 1
Node 57 42 10.6301
Pkt 45 750 0.06 1
Pkt 45 750 0.06 1
Node 58 59 12.0416
Pkt 10 160 0.0625 1
Pkt 9 150 0.06 1
Node 31 38 22.4722
Pkt 18 300 0.06 1
Pkt 18 300 0.06 1
Node 67 52 17.1172
Pkt 45 750 0.06 1
Pkt 48 800 0.06 1
Node 37 40 16.4012
Pkt 6 100 0.06 1
Pkt 12 192 0.0625 1
Node 62 41 15
Pkt 18 300 0.06 1
Pkt 20 320 0.0625 1
Rate:121.417
==========
==========47
8 0 2 24000
Node 56 65 16.1555
Pkt 9 150 0.06 1
Pkt 6 100 0.06 1
Node 71 74 31.8904
Pkt 20 320 0.0625 1
Pkt 20 320 0.0625 1
Node 59 31 21.0238
Pkt 45 750 0.06 1
Pkt 45 750 0.06 1
Node 33 38 20.8087
Pkt 12 192 0.0625 1
Pkt 8 125 0.064 1
Node 74 54 24.3311
Pkt 24 400 0.06 1
Pkt 23 375 0.0613333 1
Node 25 68 30.8058
Pkt 48 800 0.06 1
Pkt 45 750 0.06 1
Node 55 46 6.40312
Pkt 15 250 0.06 1
Pkt 12 192 0.0625 1
Node 26 51 24.0208
Pkt 20 320 0.0625 1
Pkt 20 320 0.0625 1
Rate:122.542
==========
==========48
8 0 2 24000
Node 57 59 11.4018
Pkt 8 120 0.0666667 1
Pkt 12 192 0.0625 1
Node 57 44 9.21954
Pkt 23 375 0.0613333 1
Pkt 24 400 0.06 1
Node 42 50 8
Pkt 48 800 0.06 1
Pkt 48 800 0.06 1
Node 44 38 13.4164
Pkt 8 120 0.0666667 1
Pkt 8 125 0.064 1
Node 27 38 25.9422
Pkt 18 300 0.06 1
Pkt 18 300 0.06 1
Node 29 42 22.4722
Pkt 45 750 0.06 1
Pkt 45 750 0.06 1
Node 57 45 8.60233
Pkt 8 125 0.064 1
Pkt 8 125 0.064 1
Node 25 51 25.02
Pkt 20 320 0.0625 1
Pkt 20 320 0.0625 1
Rate:124.271
==========
==========49
8 0 2 24000
Node 67 26 29.4109
Pkt 15 240 0.0625 1
Pkt 9 150 0.06 1
Node 27 28 31.8277
Pkt 20 320 0.0625 1
Pkt 29 480 0.0604167 1
Node 60 69 21.4709
Pkt 48 800 0.06 1
Pkt 48 800 0.06 1
Node 45 48 5.38516
Pkt 12 192 0.0625 1
Pkt 15 250 0.06 1
Node 64 60 17.2047
Pkt 24 400 0.06 1
Pkt 20 320 0.0625 1
Node 74 55 24.5153
Pkt 45 750 0.06 1
Pkt 48 800 0.06 1
Node 42 59 12.0416
Pkt 15 240 0.0625 1
Pkt 12 192 0.0625 1
Node 46 53 5
Pkt 23 375 0.0613333 1
Pkt 23 375 0.0613333 1
Rate:122.26
==========
==========50
8 0 2 24000
Node 67 40 19.7231
Pkt 12 200 0.06 1
Pkt 8 125 0.064 1
Node 33 54 17.4642
Pkt 24 400 0.06 1
Pkt 20 320 0.0625 1
Node 45 46 6.40312
Pkt 45 750 0.06 1
Pkt 45 750 0.06 1
Node 69 42 20.6155
Pkt 10 160 0.0625 1
Pkt 8 125 0.064 1
Node 66 68 24.0832
Pkt 20 320 0.0625 1
Pkt 23 375 0.0613333 1
Node 63 59 15.8114
Pkt 45 750 0.06 1
Pkt 48 800 0.06 1
Node 42 29 22.4722
Pkt 8 125 0.064 1
Pkt 8 120 0.0666667 1
Node 44 46 7.2111
Pkt 18 300 0.06 1
Pkt 29 480 0.0604167 1
Rate:123.49
==========
==========51
8 0 2 24000
Node 35 27 27.4591
Pkt 12 200 0.06 1
Pkt 8 120 0.0666667 1
Node 34 36 21.2603
Pkt 18 300 0.06 1
Pkt 20 320 0.0625 1
Node 43 50 7
Pkt 45 750 0.06 1
Pkt 48 800 0.06 1
Node 71 39 23.7065
Pkt 10 160 0.0625 1
Pkt 12 192 0.0625 1
Node 51 74 24.0208
Pkt 20 320 0.0625 1
Pkt 24 400 0.06 1
Node 53 56 6.7082
Pkt 48 800 0.06 1
Pkt 48 800 0.06 1
Node 29 61 23.7065
Pkt 6 100 0.06 1
Pkt 9 150 0.06 1
Node 32 51 18.0278
Pkt 23 375 0.0613333 1
Pkt 29 480 0.0604167 1
Rate:122.302
==========
==========52
8 0 2 24000
Node 63 59 15.8114
Pkt 12 200 0.06 1
Pkt 12 200 0.06 1
Node 42 29 22.4722
Pkt 24 400 0.06 1
Pkt 24 400 0.06 1
Node 30 63 23.8537
Pkt 45 750 0.06 1
Pkt 45 750 0.06 1
Node 48 56 6.32456
Pkt 12 192 0.0625 1
Pkt 10 160 0.0625 1
Node 62 64 18.4391
Pkt 29 480 0.0604167 1
Pkt 29 480 0.0604167 1
Node 69 41 21.0238
Pkt 45 750 0.06 1
Pkt 45 750 0.06 1
Node 61 58 13.6015
Pkt 6 100 0.06 1
Pkt 15 240 0.0625 1
Node 40 40 14.1421
Pkt 20 320 0.0625 1
Pkt 23 375 0.0613333 1
Rate:121.521
==========
==========53
8 0 2 24000
Node 61 70 22.8254
Pkt 6 100 0.06 1
Pkt 9 150 0.06 1
Node 29 57 22.1359
Pkt 23 375 0.0613333 1
Pkt 18 300 0.06 1
Node 70 46 20.3961
Pkt 45 750 0.06 1
Pkt 45 750 0.06 1
Node 46 65 15.5242
Pkt 12 192 0.0625 1
Pkt 8 120 0.0666667 1
Node 66 34 22.6274
Pkt 18 300 0.06 1
Pkt 18 300 0.06 1
Node 64 35 20.5183
Pkt 48 800 0.06 1
Pkt 45 750 0.06 1
Node 34 38 20
Pkt 15 240 0.0625 1
Pkt 12 192 0.0625 1
Node 52 33 17.1172
Pkt 29 480 0.0604167 1
Pkt 29 480 0.0604167 1
Rate:122.042
==========
==========54
8 0 2 24000
Node 36 71 25.2389
Pkt 8 120 0.0666667 1
Pkt 6 100 0.06 1
Node 70 30 28.2843
Pkt 29 480 0.0604167 1
Pkt 18 300 0.06 1
Node 40 28 24.1661
Pkt 48 800 0.06 1
Pkt 45 750 0.06 1
Node 38 73 25.9422
Pkt 10 160 0.0625 1
Pkt 8 120 0.0666667 1
Node 29 42 22.4722
Pkt 20 320 0.0625 1
Pkt 24 400 0.06 1
Node 64 65 20.5183
Pkt 48 800 0.06 1
Pkt 45 750 0.06 1
Node 65 61 18.6011
Pkt 6 100 0.06 1
Pkt 6 100 0.06 1
Node 65 47 15.2971
Pkt 23 375 0.0613333 1
Pkt 18 300 0.06 1
Rate:122.51
==========
==========55
8 0 2 24000
Node 40 36 17.2047
Pkt 15 240 0.0625 1
Pkt 10 160 0.0625 1
Node 65 68 23.4307
Pkt 23 375 0.0613333 1
Pkt 29 480 0.0604167 1
Node 45 35 15.8114
Pkt 48 800 0.06 1
Pkt 48 800 0.06 1
Node 53 73 23.1948
Pkt 6 100 0.06 1
Pkt 9 150 0.06 1
Node 74 62 26.8328
Pkt 18 300 0.06 1
Pkt 29 480 0.0604167 1
Node 74 60 26
Pkt 48 800 0.06 1
Pkt 45 750 0.06 1
Node 58 72 23.4094
Pkt 10 160 0.0625 1
Pkt 10 160 0.0625 1
Node 41 35 17.4929
Pkt 20 320 0.0625 1
Pkt 18 300 0.06 1
Rate:121.833
==========
==========56
8 0 2 24000
Node 59 42 12.0416
Pkt 12 200 0.06 1
Pkt 15 240 0.0625 1
Node 45 41 10.2956
Pkt 24 400 0.06 1
Pkt 20 320 0.0625 1
Node 31 70 27.5862
Pkt 45 750 0.06 1
Pkt 45 750 0.06 1
Node 71 51 21.0238
Pkt 15 240 0.0625 1
Pkt 8 120 0.0666667 1
Node 53 34 16.2788
Pkt 20 320 0.0625 1
Pkt 20 320 0.0625 1
Node 59 29 22.8473
Pkt 45 750 0.06 1
Pkt 45 750 0.06 1
Node 69 45 19.6469
Pkt 15 250 0.06 1
Pkt 8 125 0.064 1
Node 54 62 12.6491
Pkt 24 400 0.06 1
Pkt 18 300 0.06 1
Rate:122.896
==========
==========57
8 0 2 24000
Node 28 70 29.7321
Pkt 12 192 0.0625 1
Pkt 12 200 0.06 1
Node 71 74 31.8904
Pkt 23 375 0.0613333 1
Pkt 24 400 0.06 1
Node 37 72 25.5539
Pkt 48 800 0.06 1
Pkt 48 800 0.06 1
Node 49 68 18.0278
Pkt 8 125 0.064 1
Pkt 6 100 0.06 1
Node 57 37 14.7648
Pkt 29 480 0.0604167 1
Pkt 23 375 0.0613333 1
Node 39 71 23.7065
Pkt 48 800 0.06 1
Pkt 45 750 0.06 1
Node 71 51 21.0238
Pkt 10 160 0.0625 1
Pkt 8 125 0.064 1
Node 66 69 24.8395
Pkt 18 300 0.06 1
Pkt 23 375 0.0613333 1
Rate:122.177
==========
==========58
8 0 2 24000
Node 54 50 4
Pkt 15 240 0.0625 1
Pkt 15 240 0.0625 1
Node 39 70 22.8254
Pkt 20 320 0.0625 1
Pkt 20 320 0.0625 1
Node 36 67 22.0227
Pkt 48 800 0.06 1
Pkt 48 800 0.06 1
Node 56 68 18.9737
Pkt 10 160 0.0625 1
Pkt 6 100 0.06 1
Node 48 72 22.0907
Pkt 23 375 0.0613333 1
Pkt 29 480 0.0604167 1
Node 31 42 20.6155
Pkt 48 800 0.06 1
Pkt 45 750 0.06 1
Node 25 67 30.2324
Pkt 8 125 0.064 1
Pkt 6 100 0.06 1
Node 32 69 26.1725
Pkt 24 400 0.06 1
Pkt 20 320 0.0625 1
Rate:122.594
==========
==========59
8 0 2 24000
Node 72 30 29.7321
Pkt 15 240 0.0625 1
Pkt 12 192 0.0625 1
Node 73 69 29.8329
Pkt 18 300 0.06 1
Pkt 24 400 0.06 1
Node 43 62 13.8924
Pkt 45 750 0.06 1
Pkt 45 750 0.06 1
Node 46 37 13.6015
Pkt 15 240 0.0625 1
Pkt 15 250 0.06 1
Node 40 65 18.0278
Pkt 23 375 0.0613333 1
Pkt 29 480 0.0604167 1
Node 26 47 24.1868
Pkt 45 750 0.06 1
Pkt 45 750 0.06 1
Node 67 58 18.7883
Pkt 15 250 0.06 1
Pkt 6 100 0.06 1
Node 50 41 9
Pkt 20 320 0.0625 1
Pkt 18 300 0.06 1
Rate:121.469
==========
==========60
8 0 2 24000
Node 54 58 8.94427
Pkt 15 240 0.0625 1
Pkt 6 100 0.06 1
Node 40 43 12.2066
Pkt 18 300 0.06 1
Pkt 18 300 0.06 1
Node 28 62 25.0599
Pkt 48 800 0.06 1
Pkt 48 800 0.06 1
Node 56 66 17.088
Pkt 8 120 0.0666667 1
Pkt 8 125 0.064 1
Node 63 45 13.9284
Pkt 24 400 0.06 1
Pkt 29 480 0.0604167 1
Node 42 41 12.0416
Pkt 48 800 0.06 1
Pkt 48 800 0.06 1
Node 46 40 10.7703
Pkt 8 120 0.0666667 1
Pkt 9 150 0.06 1
Node 72 29 30.4138
Pkt 24 400 0.06 1
Pkt 24 400 0.06 1
Rate:122.531
==========
==========61
8 0 2 24000
Node 38 72 25.0599
Pkt 8 125 0.064 1
Pkt 15 250 0.06 1
Node 62 52 12.1655
Pkt 29 480 0.0604167 1
Pkt 20 320 0.0625 1
Node 27 64 26.9258
Pkt 45 750 0.06 1
Pkt 48 800 0.06 1
Node 48 64 14.1421
Pkt 15 240 0.0625 1
Pkt 8 120 0.0666667 1
Node 38 51 12.0416
Pkt 23 375 0.0613333 1
Pkt 29 480 0.0604167 1
Node 36 35 20.5183
Pkt 45 750 0.06 1
Pkt 48 800 0.06 1
Node 55 63 13.9284
Pkt 15 250 0.06 1
Pkt 12 192 0.0625 1
Node 49 37 13.0384
Pkt 29 480 0.0604167 1
Pkt 18 300 0.06 1
Rate:122.594
==========
==========62
8 0 2 24000
Node 64 54 14.5602
Pkt 10 160 0.0625 1
Pkt 15 250 0.06 1
Node 52 59 9.21954
Pkt 23 375 0.0613333 1
Pkt 18 300 0.06 1
Node 26 55 24.5153
Pkt 45 750 0.06 1
Pkt 48 800 0.06 1
Node 73 36 26.9258
Pkt 12 200 0.06 1
Pkt 12 200 0.06 1
Node 73 55 23.5372
Pkt 23 375 0.0613333 1
Pkt 23 375 0.0613333 1
Node 41 48 9.21954
Pkt 45 750 0.06 1
Pkt 45 750 0.06 1
Node 27 28 31.8277
Pkt 10 160 0.0625 1
Pkt 9 150 0.06 1
Node 58 67 18.7883
Pkt 23 375 0.0613333 1
Pkt 20 320 0.0625 1
Rate:121.604
==========
==========63
8 0 2 24000
Node 57 39 13.0384
Pkt 8 125 0.064 1
Pkt 15 240 0.0625 1
Node 61 62 16.2788
Pkt 18 300 0.06 1
Pkt 24 400 0.06 1
Node 56 63 14.3178
Pkt 45 750 0.06 1
Pkt 45 750 0.06 1
Node 72 36 26.0768
Pkt 8 125 0.064 1
Pkt 15 240 0.0625 1
Node 61 68 21.095
Pkt 23 375 0.0613333 1
Pkt 24 400 0.06 1
Node 48 32 18.1108
Pkt 45 750 0.06 1
Pkt 45 750 0.06 1
Node 69 50 19
Pkt 12 192 0.0625 1
Pkt 15 250 0.06 1
Node 44 26 24.7386
Pkt 24 400 0.06 1
Pkt 23 375 0.0613333 1
Rate:122.271
==========
==========64
8 0 2 24000
Node 36 48 14.1421
Pkt 9 150 0.06 1
Pkt 6 100 0.06 1
Node 74 32 30
Pkt 23 375 0.0613333 1
Pkt 18 300 0.06 1
Node 61 68 21.095
Pkt 45 750 0.06 1
Pkt 48 800 0.06 1
Node 68 43 19.3132
Pkt 9 150 0.06 1
Pkt 8 120 0.0666667 1
Node 55 47 5.83095
Pkt 18 300 0.06 1
Pkt 20 320 0.0625 1
Node 40 29 23.2594
Pkt 48 800 0.06 1
Pkt 45 750 0.06 1
Node 29 68 27.6586
Pkt 6 100 0.06 1
Pkt 8 125 0.064 1
Node 40 41 13.4536
Pkt 20 320 0.0625 1
Pkt 24 400 0.06 1
Rate:122.125
==========
==========65
8 0 2 24000
Node 63 74 27.2947
Pkt 12 200 0.06 1
Pkt 6 100 0.06 1
Node 59 41 12.7279
Pkt 23 375 0.0613333 1
Pkt 20 320 0.0625 1
Node 27 32 29.2062
Pkt 45 750 0.06 1
Pkt 48 800 0.06 1
Node 28 27 31.8277
Pkt 12 200 0.06 1
Pkt 10 160 0.0625 1
Node 64 25 28.6531
Pkt 18 300 0.06 1
Pkt 24 400 0.06 1
Node 49 52 2.23607
Pkt 48 800 0.06 1
Pkt 48 800 0.06 1
Node 72 33 27.8029
Pkt 10 160 0.0625 1
Pkt 12 192 0.0625 1
Node 58 36 16.1245
Pkt 23 375 0.0613333 1
Pkt 24 400 0.06 1
Rate:121.583
==========
==========66
8 0 2 24000
Node 45 52 5.38516
Pkt 12 192 0.0625 1
Pkt 12 192 0.0625 1
Node 41 51 9.05539
Pkt 23 375 0.0613333 1
Pkt 18 300 0.06 1
Node 64 26 27.7849
Pkt 45 750 0.06 1
Pkt 45 750 0.06 1
Node 58 28 23.4094
Pkt 9 150 0.06 1
Pkt 6 100 0.06 1
Node 25 45 25.4951
Pkt 29 480 0.0604167 1
Pkt 18 300 0.06 1
Node 68 37 22.2036
Pkt 48 800 0.06 1
Pkt 48 800 0.06 1
Node 48 33 17.1172
Pkt 15 240 0.0625 1
Pkt 8 125 0.064 1
Node 56 67 18.0278
Pkt 24 400 0.06 1
Pkt 29 480 0.0604167 1
Rate:121.708
==========
==========67
8 0 2 24000
Node 52 54 4.47214
Pkt 10 160 0.0625 1
Pkt 8 120 0.0666667 1
Node 70 41 21.9317
Pkt 18 300 0.06 1
Pkt 29 480 0.0604167 1
Node 43 42 10.6301
Pkt 48 800 0.06 1
Pkt 45 750 0.06 1
Node 43 73 24.0416
Pkt 9 150 0.06 1
Pkt 9 150 0.06 1
Node 51 31 19.0263
Pkt 24 400 0.06 1
Pkt 18 300 0.06 1
Node 35 60 18.0278
Pkt 45 750 0.06 1
Pkt 48 800 0.06 1
Node 56 27 23.7697
Pkt 12 192 0.0625 1
Pkt 8 125 0.064 1
Node 36 64 19.799
Pkt 24 400 0.06 1
Pkt 24 400 0.06 1
Rate:122.01
==========
==========68
8 0 2 24000
Node 68 41 20.1246
Pkt 9 150 0.06 1
Pkt 12 200 0.06 1
Node 36 66 21.2603
Pkt 20 320 0.0625 1
Pkt 20 320 0.0625 1
Node 71 31 28.3196
Pkt 48 800 0.06 1
Pkt 48 800 0.06 1
Node 29 68 27.6586
Pkt 9 150 0.06 1
Pkt 6 100 0.06 1
Node 74 52 24.0832
Pkt 20 320 0.0625 1
Pkt 20 320 0.0625 1
Node 60 31 21.4709
Pkt 48 800 0.06 1
Pkt 45 750 0.06 1
Node 70 42 21.5407
Pkt 8 120 0.0666667 1
Pkt 8 125 0.064 1
Node 46 53 5
Pkt 29 480 0.0604167 1
Pkt 24 400 0.06 1
Rate:122.635
==========
==========69
8 0 2 24000
Node 39 51 11.0454
Pkt 8 125 0.064 1
Pkt 6 100 0.06 1
Node 55 46 6.40312
Pkt 29 480 0.0604167 1
Pkt 20 320 0.0625 1
Node 50 44 6
Pkt 45 750 0.06 1
Pkt 45 750 0.06 1
Node 70 52 20.0998
Pkt 15 240 0.0625 1
Pkt 15 240 0.0625 1
Node 34 37 20.6155
Pkt 20 320 0.0625 1
Pkt 29 480 0.0604167 1
Node 74 39 26.4008
Pkt 48 800 0.06 1
Pkt 48 800 0.06 1
Node 25 42 26.2488
Pkt 8 125 0.064 1
Pkt 15 250 0.06 1
Node 36 36 19.799
Pkt 20 320 0.0625 1
Pkt 23 375 0.0613333 1
Rate:122.833
==========
==========70
8 0 2 24000
Node 35 54 15.5242
Pkt 6 100 0.06 1
Pkt 8 125 0.064 1
Node 36 39 17.8045
Pkt 29 480 0.0604167 1
Pkt 20 320 0.0625 1
Node 41 50 9
Pkt 48 800 0.06 1
Pkt 48 800 0.06 1
Node 47 67 17.2627
Pkt 6 100 0.06 1
Pkt 15 250 0.06 1
Node 31 57 20.2485
Pkt 24 400 0.06 1
Pkt 24 400 0.06 1
Node 72 59 23.7697
Pkt 45 750 0.06 1
Pkt 45 750 0.06 1
Node 56 38 13.4164
Pkt 9 150 0.06 1
Pkt 12 192 0.0625 1
Node 30 60 22.3607
Pkt 29 480 0.0604167 1
Pkt 24 400 0.06 1
Rate:121.229
==========
==========71
8 0 2 24000
Node 37 34 20.6155
Pkt 8 125 0.064 1
Pkt 12 192 0.0625 1
Node 30 33 26.2488
Pkt 29 480 0.0604167 1
Pkt 24 400 0.06 1
Node 54 36 14.5602
Pkt 45 750 0.06 1
Pkt 48 800 0.06 1
Node 43 40 12.2066
Pkt 15 240 0.0625 1
Pkt 8 125 0.064 1
Node 39 52 11.1803
Pkt 20 320 0.0625 1
Pkt 20 320 0.0625 1
Node 51 32 18.0278
Pkt 45 750 0.06 1
Pkt 45 750 0.06 1
Node 37 67 21.4009
Pkt 12 200 0.06 1
Pkt 12 192 0.0625 1
Node 32 33 24.7588
Pkt 24 400 0.06 1
Pkt 23 375 0.0613333 1
Rate:122.781
==========
==========72
8 0 2 24000
Node 51 43 7.07107
Pkt 6 100 0.06 1
Pkt 9 150 0.06 1
Node 31 58 20.6155
Pkt 29 480 0.0604167 1
Pkt 18 300 0.06 1
Node 59 73 24.6982
Pkt 45 750 0.06 1
Pkt 45 750 0.06 1
Node 42 36 16.1245
Pkt 15 250 0.06 1
Pkt 15 240 0.0625 1
Node 46 55 6.40312
Pkt 29 480 0.0604167 1
Pkt 24 400 0.06 1
Node 31 33 25.4951
Pkt 48 800 0.06 1
Pkt 45 750 0.06 1
Node 71 42 22.4722
Pkt 6 100 0.06 1
Pkt 6 100 0.06 1
Node 44 34 17.088
Pkt 24 400 0.06 1
Pkt 20 320 0.0625 1
Rate:120.729
==========
==========73
8 0 2 24000
Node 57 60 12.2066
Pkt 12 192 0.0625 1
Pkt 15 240 0.0625 1
Node 26 51 24.0208
Pkt 18 300 0.06 1
Pkt 20 320 0.0625 1
Node 53 34 16.2788
Pkt 48 800 0.06 1
Pkt 45 750 0.06 1
Node 47 47 4.24264
Pkt 10 160 0.0625 1
Pkt 6 100 0.06 1
Node 74 31 30.6105
Pkt 29 480 0.0604167 1
Pkt 24 400 0.06 1
Node 65 42 17
Pkt 45 750 0.06 1
Pkt 48 800 0.06 1
Node 48 45 5.38516
Pkt 10 160 0.0625 1
Pkt 6 100 0.06 1
Node 27 64 26.9258
Pkt 29 480 0.0604167 1
Pkt 24 400 0.06 1
Rate:121.667
==========
==========74
8 0 2 24000
Node 66 42 17.8885
Pkt 6 100 0.06 1
Pkt 10 160 0.0625 1
Node 44 73 23.7697
Pkt 29 480 0.0604167 1
Pkt 23 375 0.0613333 1
Node 71 45 21.587
Pkt 45 750 0.06 1
Pkt 45 750 0.06 1
Node 64 39 17.8045
Pkt 10 160 0.0625 1
Pkt 12 200 0.06 1
Node 37 30 23.8537
Pkt 29 480 0.0604167 1
Pkt 23 375 0.0613333 1
Node 54 71 21.3776
Pkt 45 750 0.06 1
Pkt 45 750 0.06 1
Node 53 54 5
Pkt 8 125 0.064 1
Pkt 10 160 0.0625 1
Node 72 38 25.0599
Pkt 29 480 0.0604167 1
Pkt 24 400 0.06 1
Rate:121.927
==========
==========75
8 0 2 24000
Node 63 49 13.0384
Pkt 9 150 0.06 1
Pkt 6 100 0.06 1
Node 38 25 27.7308
Pkt 29 480 0.0604167 1
Pkt 23 375 0.0613333 1
Node 66 46 16.4924
Pkt 48 800 0.06 1
Pkt 48 800 0.06 1
Node 73 64 26.9258
Pkt 10 160 0.0625 1
Pkt 15 250 0.06 1
Node 42 38 14.4222
Pkt 23 375 0.0613333 1
Pkt 24 400 0.06 1
Node 70 29 29
Pkt 45 750 0.06 1
Pkt 45 750 0.06 1
Node 35 58 17
Pkt 9 150 0.06 1
Pkt 12 192 0.0625 1
Node 40 48 10.198
Pkt 20 320 0.0625 1
Pkt 18 300 0.06 1
Rate:121.323
==========
==========76
8 0 2 24000
Node 57 29 22.1359
Pkt 15 250 0.06 1
Pkt 12 192 0.0625 1
Node 31 68 26.1725
Pkt 24 400 0.06 1
Pkt 24 400 0.06 1
Node 64 59 16.6433
Pkt 45 750 0.06 1
Pkt 45 750 0.06 1
Node 39 47 11.4018
Pkt 8 125 0.064 1
Pkt 6 100 0.06 1
Node 56 67 18.0278
Pkt 24 400 0.06 1
Pkt 20 320 0.0625 1
Node 66 31 24.8395
Pkt 45 750 0.06 1
Pkt 45 750 0.06 1
Node 30 44 20.8806
Pkt 10 160 0.0625 1
Pkt 8 120 0.0666667 1
Node 26 27 33.2415
Pkt 18 300 0.06 1
Pkt 29 480 0.0604167 1
Rate:122.323
==========
==========77
8 0 2 24000
Node 41 45 10.2956
Pkt 15 250 0.06 1
Pkt 15 250 0.06 1
Node 60 53 10.4403
Pkt 20 320 0.0625 1
Pkt 24 400 0.06 1
Node 49 42 8.06226
Pkt 48 800 0.06 1
Pkt 45 750 0.06 1
Node 43 57 9.89949
Pkt 6 100 0.06 1
Pkt 12 192 0.0625 1
Node 52 64 14.1421
Pkt 18 300 0.06 1
Pkt 18 300 0.06 1
Node 32 58 19.6977
Pkt 48 800 0.06 1
Pkt 48 800 0.06 1
Node 73 32 29.2062
Pkt 12 200 0.06 1
Pkt 12 200 0.06 1
Node 42 46 8.94427
Pkt 24 400 0.06 1
Pkt 18 300 0.06 1
Rate:120.625
==========
==========78
8 0 2 24000
Node 65 31 24.2074
Pkt 9 150 0.06 1
Pkt 10 160 0.0625 1
Node 71 64 25.2389
Pkt 18 300 0.06 1
Pkt 23 375 0.0613333 1
Node 46 25 25.318
Pkt 45 750 0.06 1
Pkt 45 750 0.06 1
Node 33 47 17.2627
Pkt 9 150 0.06 1
Pkt 12 192 0.0625 1
Node 41 72 23.7697
Pkt 24 400 0.06 1
Pkt 29 480 0.0604167 1
Node 61 49 11.0454
Pkt 48 800 0.06 1
Pkt 48 800 0.06 1
Node 38 26 26.8328
Pkt 8 125 0.064 1
Pkt 10 160 0.0625 1
Node 25 25 35.3553
Pkt 23 375 0.0613333 1
Pkt 20 320 0.0625 1
Rate:122.135
==========
==========79
8 0 2 24000
Node 25 39 27.313
Pkt 12 192 0.0625 1
Pkt 15 250 0.06 1
Node 69 57 20.2485
Pkt 20 320 0.0625 1
Pkt 20 320 0.0625 1
Node 74 41 25.632
Pkt 45 750 0.06 1
Pkt 48 800 0.06 1
Node 51 47 3.16228
Pkt 6 100 0.06 1
Pkt 12 192 0.0625 1
Node 58 56 10
Pkt 29 480 0.0604167 1
Pkt 18 300 0.06 1
Node 42 71 22.4722
Pkt 45 750 0.06 1
Pkt 48 800 0.06 1
Node 26 47 24.1868
Pkt 15 240 0.0625 1
Pkt 10 160 0.0625 1
Node 37 72 25.5539
Pkt 20 320 0.0625 1
Pkt 24 400 0.06 1
Rate:122.24
==========
==========80
8 0 2 24000
Node 38 51 12.0416
Pkt 8 120 0.0666667 1
Pkt 8 125 0.064 1
Node 52 32 18.1108
Pkt 29 480 0.0604167 1
Pkt 29 480 0.0604167 1
Node 59 71 22.8473
Pkt 45 750 0.06 1
Pkt 48 800 0.06 1
Node 37 60 16.4012
Pkt 6 100 0.06 1
Pkt 12 192 0.0625 1
Node 30 27 30.4795
Pkt 20 320 0.0625 1
Pkt 24 400 0.06 1
Node 29 35 25.807
Pkt 48 800 0.06 1
Pkt 48 800 0.06 1
Node 60 73 25.0799
Pkt 15 240 0.0625 1
Pkt 6 100 0.06 1
Node 57 71 22.1359
Pkt 20 320 0.0625 1
Pkt 20 320 0.0625 1
Rate:123
==========
==========81
8 0 2 24000
Node 33 52 17.1172
Pkt 12 200 0.06 1
Pkt 9 150 0.06 1
Node 27 37 26.4197
Pkt 20 320 0.0625 1
Pkt 18 300 0.06 1
Node 59 65 17.4929
Pkt 45 750 0.06 1
Pkt 45 750 0.06 1
Node 26 26 33.9411
Pkt 8 125 0.064 1
Pkt 15 240 0.0625 1
Node 60 72 24.1661
Pkt 24 400 0.06 1
Pkt 20 320 0.0625 1
Node 25 33 30.2324
Pkt 48 800 0.06 1
Pkt 48 800 0.06 1
Node 32 60 20.5913
Pkt 8 125 0.064 1
Pkt 12 192 0.0625 1
Node 27 70 30.4795
Pkt 24 400 0.06 1
Pkt 23 375 0.0613333 1
Rate:122.417
==========
==========82
8 0 2 24000
Node 53 38 12.3693
Pkt 10 160 0.0625 1
Pkt 15 250 0.06 1
Node 33 50 17
Pkt 23 375 0.0613333 1
Pkt 20 320 0.0625 1
Node 65 58 17
Pkt 45 750 0.06 1
Pkt 48 800 0.06 1
Node 66 36 21.2603
Pkt 8 120 0.0666667 1
Pkt 9 150 0.06 1
Node 28 25 33.3017
Pkt 18 300 0.06 1
Pkt 20 320 0.0625 1
Node 68 43 19.3132
Pkt 45 750 0.06 1
Pkt 48 800 0.06 1
Node 33 71 27.0185
Pkt 8 125 0.064 1
Pkt 15 240 0.0625 1
Node 26 71 31.8904
Pkt 23 375 0.0613333 1
Pkt 23 375 0.0613333 1
Rate:123.083
==========
==========83
8 0 2 24000
Node 59 45 10.2956
Pkt 12 200 0.06 1
Pkt 9 150 0.06 1
Node 25 33 30.2324
Pkt 18 300 0.06 1
Pkt 23 375 0.0613333 1
Node 74 60 26
Pkt 45 750 0.06 1
Pkt 45 750 0.06 1
Node 57 40 12.2066
Pkt 9 150 0.06 1
Pkt 10 160 0.0625 1
Node 33 55 17.72
Pkt 20 320 0.0625 1
Pkt 18 300 0.06 1
Node 34 51 16.0312
Pkt 45 750 0.06 1
Pkt 45 750 0.06 1
Node 66 61 19.4165
Pkt 8 120 0.0666667 1
Pkt 8 125 0.064 1
Node 47 27 23.1948
Pkt 20 320 0.0625 1
Pkt 29 480 0.0604167 1
Rate:122.49
==========
==========84
8 0 2 24000
Node 26 48 24.0832
Pkt 8 125 0.064 1
Pkt 8 120 0.0666667 1
Node 61 46 11.7047
Pkt 20 320 0.0625 1
Pkt 20 320 0.0625 1
Node 55 73 23.5372
Pkt 48 800 0.06 1
Pkt 45 750 0.06 1
Node 61 66 19.4165
Pkt 8 125 0.064 1
Pkt 8 120 0.0666667 1
Node 51 67 17.0294
Pkt 29 480 0.0604167 1
Pkt 23 375 0.0613333 1
Node 63 62 17.6918
Pkt 48 800 0.06 1
Pkt 48 800 0.06 1
Node 35 40 18.0278
Pkt 15 250 0.06 1
Pkt 10 160 0.0625 1
Node 32 40 20.5913
Pkt 18 300 0.06 1
Pkt 29 480 0.0604167 1
Rate:123.875
==========
==========85
8 0 2 24000
Node 50 73 23
Pkt 15 240 0.0625 1
Pkt 8 125 0.064 1
Node 25 63 28.178
Pkt 23 375 0.0613333 1
Pkt 23 375 0.0613333 1
Node 54 37 13.6015
Pkt 48 800 0.06 1
Pkt 48 800 0.06 1
Node 39 67 20.2485
Pkt 12 200 0.06 1
Pkt 12 200 0.06 1
Node 62 54 12.6491
Pkt 24 400 0.06 1
Pkt 18 300 0.06 1
Node 70 65 25
Pkt 48 800 0.06 1
Pkt 45 750 0.06 1
Node 56 26 24.7386
Pkt 12 192 0.0625 1
Pkt 6 100 0.06 1
Node 65 53 15.2971
Pkt 24 400 0.06 1
Pkt 24 400 0.06 1
Rate:121.458
==========
==========86
8 0 2 24000
Node 48 56 6.32456
Pkt 12 192 0.0625 1
Pkt 15 250 0.06 1
Node 36 74 27.7849
Pkt 24 400 0.06 1
Pkt 23 375 0.0613333 1
Node 65 49 15.0333
Pkt 48 800 0.06 1
Pkt 45 750 0.06 1
Node 73 43 24.0416
Pkt 10 160 0.0625 1
Pkt 9 150 0.06 1
Node 48 48 2.82843
Pkt 29 480 0.0604167 1
Pkt 24 400 0.06 1
Node 49 73 23.0217
Pkt 48 800 0.06 1
Pkt 45 750 0.06 1
Node 58 36 16.1245
Pkt 9 150 0.06 1
Pkt 6 100 0.06 1
Node 64 27 26.9258
Pkt 24 400 0.06 1
Pkt 29 480 0.0604167 1
Rate:120.896
==========
==========87
8 0 2 24000
Node 58 68 19.6977
Pkt 8 120 0.0666667 1
Pkt 12 200 0.06 1
Node 63 43 14.7648
Pkt 24 400 0.06 1
Pkt 20 320 0.0625 1
Node 52 72 22.0907
Pkt 48 800 0.06 1
Pkt 45 750 0.06 1
Node 61 63 17.0294
Pkt 12 200 0.06 1
Pkt 10 160 0.0625 1
Node 27 72 31.8277
Pkt 23 375 0.0613333 1
Pkt 20 320 0.0625 1
Node 70 38 23.3238
Pkt 45 750 0.06 1
Pkt 48 800 0.06 1
Node 53 40 10.4403
Pkt 15 240 0.0625 1
Pkt 10 160 0.0625 1
Node 56 35 16.1555
Pkt 20 320 0.0625 1
Pkt 23 375 0.0613333 1
Rate:123.042
==========
==========88
8 0 2 24000
Node 63 65 19.8494
Pkt 8 125 0.064 1
Pkt 10 160 0.0625 1
Node 46 59 9.84886
Pkt 24 400 0.06 1
Pkt 23 375 0.0613333 1
Node 25 54 25.318
Pkt 48 800 0.06 1
Pkt 45 750 0.06 1
Node 58 65 17
Pkt 10 160 0.0625 1
Pkt 8 120 0.0666667 1
Node 33 43 18.3848
Pkt 20 320 0.0625 1
Pkt 20 320 0.0625 1
Node 42 60 12.8062
Pkt 45 750 0.06 1
Pkt 48 800 0.06 1
Node 32 54 18.4391
Pkt 8 125 0.064 1
Pkt 15 250 0.06 1
Node 27 37 26.4197
Pkt 18 300 0.06 1
Pkt 20 320 0.0625 1
Rate:123.563
==========
==========89
8 0 2 24000
Node 72 72 31.1127
Pkt 9 150 0.06 1
Pkt 15 240 0.0625 1
Node 31 37 23.0217
Pkt 18 300 0.06 1
Pkt 20 320 0.0625 1
Node 30 63 23.8537
Pkt 45 750 0.06 1
Pkt 48 800 0.06 1
Node 51 74 24.0208
Pkt 6 100 0.06 1
Pkt 9 150 0.06 1
Node 53 46 5
Pkt 23 375 0.0613333 1
Pkt 23 375 0.0613333 1
Node 70 69 27.5862
Pkt 45 750 0.06 1
Pkt 45 750 0.06 1
Node 44 71 21.8403
Pkt 8 120 0.0666667 1
Pkt 15 250 0.06 1
Node 71 53 21.2132
Pkt 29 480 0.0604167 1
Pkt 29 480 0.0604167 1
Rate:121.896
==========
==========90
8 0 2 24000
Node 34 59 18.3576
Pkt 9 150 0.06 1
Pkt 10 160 0.0625 1
Node 70 40 22.3607
Pkt 18 300 0.06 1
Pkt 24 400 0.06 1
Node 40 64 17.2047
Pkt 45 750 0.06 1
Pkt 48 800 0.06 1
Node 67 50 17
Pkt 12 192 0.0625 1
Pkt 12 200 0.06 1
Node 62 27 25.9422
Pkt 29 480 0.0604167 1
Pkt 18 300 0.06 1
Node 74 62 26.8328
Pkt 48 800 0.06 1
Pkt 45 750 0.06 1
Node 66 54 16.4924
Pkt 6 100 0.06 1
Pkt 15 250 0.06 1
Node 70 28 29.7321
Pkt 24 400 0.06 1
Pkt 18 300 0.06 1
Rate:120.677
==========
==========91
8 0 2 24000
Node 53 53 4.24264
Pkt 8 120 0.0666667 1
Pkt 9 150 0.06 1
Node 29 38 24.1868
Pkt 24 400 0.06 1
Pkt 20 320 0.0625 1
Node 38 37 17.6918
Pkt 48 800 0.06 1
Pkt 45 750 0.06 1
Node 47 52 3.60555
Pkt 8 125 0.064 1
Pkt 15 240 0.0625 1
Node 31 44 19.9249
Pkt 20 320 0.0625 1
Pkt 24 400 0.06 1
Node 31 64 23.6008
Pkt 45 750 0.06 1
Pkt 48 800 0.06 1
Node 38 73 25.9422
Pkt 12 200 0.06 1
Pkt 12 192 0.0625 1
Node 69 51 19.0263
Pkt 29 480 0.0604167 1
Pkt 24 400 0.06 1
Rate:122.635
==========
==========92
8 0 2 24000
Node 32 42 19.6977
Pkt 9 150 0.06 1
Pkt 9 150 0.06 1
Node 32 63 22.2036
Pkt 29 480 0.0604167 1
Pkt 23 375 0.0613333 1
Node 34 63 20.6155
Pkt 45 750 0.06 1
Pkt 45 750 0.06 1
Node 45 66 16.7631
Pkt 15 250 0.06 1
Pkt 6 100 0.06 1
Node 34 37 20.6155
Pkt 29 480 0.0604167 1
Pkt 20 320 0.0625 1
Node 25 34 29.6816
Pkt 48 800 0.06 1
Pkt 48 800 0.06 1
Node 49 63 13.0384
Pkt 8 120 0.0666667 1
Pkt 8 120 0.0666667 1
Node 55 25 25.4951
Pkt 18 300 0.06 1
Pkt 20 320 0.0625 1
Rate:122.562
==========
==========93
8 0 2 24000
Node 33 27 28.6007
Pkt 9 150 0.06 1
Pkt 15 240 0.0625 1
Node 52 65 15.1327
Pkt 18 300 0.06 1
Pkt 23 375 0.0613333 1
Node 33 35 22.6716
Pkt 48 800 0.06 1
Pkt 45 750 0.06 1
Node 58 56 10
Pkt 12 192 0.0625 1
Pkt 9 150 0.06 1
Node 68 49 18.0278
Pkt 23 375 0.0613333 1
Pkt 29 480 0.0604167 1
Node 54 40 10.7703
Pkt 48 800 0.06 1
Pkt 45 750 0.06 1
Node 30 46 20.3961
Pkt 9 150 0.06 1
Pkt 8 125 0.064 1
Node 39 55 12.083
Pkt 18 300 0.06 1
Pkt 18 300 0.06 1
Rate:121.51
==========
==========94
8 0 2 24000
Node 34 45 16.7631
Pkt 10 160 0.0625 1
Pkt 12 200 0.06 1
Node 41 71 22.8473
Pkt 29 480 0.0604167 1
Pkt 20 320 0.0625 1
Node 32 31 26.1725
Pkt 45 750 0.06 1
Pkt 48 800 0.06 1
Node 33 39 20.2485
Pkt 15 240 0.0625 1
Pkt 9 150 0.06 1
Node 59 69 21.0238
Pkt 23 375 0.0613333 1
Pkt 23 375 0.0613333 1
Node 64 41 16.6433
Pkt 45 750 0.06 1
Pkt 45 750 0.06 1
Node 40 63 16.4012
Pkt 9 150 0.06 1
Pkt 8 120 0.0666667 1
Node 74 38 26.8328
Pkt 18 300 0.06 1
Pkt 23 375 0.0613333 1
Rate:122.323
==========
==========95
8 0 2 24000
Node 58 57 10.6301
Pkt 8 125 0.064 1
Pkt 9 150 0.06 1
Node 45 44 7.81025
Pkt 29 480 0.0604167 1
Pkt 18 300 0.06 1
Node 69 37 23.0217
Pkt 45 750 0.06 1
Pkt 48 800 0.06 1
Node 44 62 13.4164
Pkt 8 125 0.064 1
Pkt 8 120 0.0666667 1
Node 74 71 31.8904
Pkt 18 300 0.06 1
Pkt 24 400 0.06 1
Node 53 68 18.2483
Pkt 48 800 0.06 1
Pkt 45 750 0.06 1
Node 68 65 23.4307
Pkt 12 192 0.0625 1
Pkt 12 200 0.06 1
Node 33 37 21.4009
Pkt 29 480 0.0604167 1
Pkt 23 375 0.0613333 1
Rate:122.417
==========
==========96
8 0 2 24000
Node 69 49 19.0263
Pkt 15 250 0.06 1
Pkt 6 100 0.06 1
Node 64 38 18.4391
Pkt 29 480 0.0604167 1
Pkt 20 320 0.0625 1
Node 70 42 21.5407
Pkt 45 750 0.06 1
Pkt 45 750 0.06 1
Node 47 47 4.24264
Pkt 12 192 0.0625 1
Pkt 15 250 0.06 1
Node 58 66 17.8885
Pkt 18 300 0.06 1
Pkt 18 300 0.06 1
Node 32 31 26.1725
Pkt 45 750 0.06 1
Pkt 45 750 0.06 1
Node 30 58 21.5407
Pkt 12 200 0.06 1
Pkt 10 160 0.0625 1
Node 41 47 9.48683
Pkt 29 480 0.0604167 1
Pkt 23 375 0.0613333 1
Rate:121.208
==========
==========97
8 0 2 24000
Node 48 51 2.23607
Pkt 8 125 0.064 1
Pkt 6 100 0.06 1
Node 49 39 11.0454
Pkt 29 480 0.0604167 1
Pkt 20 320 0.0625 1
Node 32 46 18.4391
Pkt 48 800 0.06 1
Pkt 45 750 0.06 1
Node 43 58 10.6301
Pkt 8 120 0.0666667 1
Pkt 6 100 0.06 1
Node 67 46 17.4642
Pkt 24 400 0.06 1
Pkt 29 480 0.0604167 1
Node 64 74 27.7849
Pkt 48 800 0.06 1
Pkt 45 750 0.06 1
Node 52 30 20.0998
Pkt 9 150 0.06 1
Pkt 12 192 0.0625 1
Node 71 33 27.0185
Pkt 29 480 0.0604167 1
Pkt 20 320 0.0625 1
Rate:122.427
==========
==========98
8 0 2 24000
Node 71 74 31.8904
Pkt 12 200 0.06 1
Pkt 15 240 0.0625 1
Node 72 26 32.5576
Pkt 20 320 0.0625 1
Pkt 18 300 0.06 1
Node 72 47 22.2036
Pkt 48 800 0.06 1
Pkt 48 800 0.06 1
Node 68 35 23.4307
Pkt 8 125 0.064 1
Pkt 8 120 0.0666667 1
Node 29 39 23.7065
Pkt 29 480 0.0604167 1
Pkt 24 400 0.06 1
Node 59 28 23.7697
Pkt 48 800 0.06 1
Pkt 45 750 0.06 1
Node 41 65 17.4929
Pkt 15 240 0.0625 1
Pkt 15 240 0.0625 1
Node 37 30 23.8537
Pkt 23 375 0.0613333 1
Pkt 29 480 0.0604167 1
Rate:122.854
==========
==========99
