8 0 2 24000
Node 42 61 13.6015
Pkt 6 150 0.04 1
Pkt 5 120 0.0416667 1
Node 74 65 28.3019
Pkt 15 375 0.04 1
Pkt 12 300 0.04 1
Node 26 32 30
Pkt 32 800 0.04 1
Pkt 30 750 0.04 1
Node 31 60 21.4709
Pkt 7 160 0.04375 1
Pkt 5 120 0.0416667 1
Node 43 71 22.1359
Pkt 15 375 0.04 1
Pkt 12 300 0.04 1
Node 46 48 4.47214
Pkt 32 800 0.04 1
Pkt 32 800 0.04 1
Node 50 31 19
Pkt 8 192 0.0416667 1
Pkt 4 100 0.04 1
Node 49 70 20.025
Pkt 16 400 0.04 1
Pkt 15 375 0.04 1
Rate:81.0938
==========
==========0
8 0 2 24000
Node 67 33 24.0416
Pkt 6 150 0.04 1
Pkt 5 125 0.04 1
Node 35 45 15.8114
Pkt 12 300 0.04 1
Pkt 13 320 0.040625 1
Node 42 25 26.2488
Pkt 30 750 0.04 1
Pkt 32 800 0.04 1
Node 68 62 21.6333
Pkt 5 125 0.04 1
Pkt 8 200 0.04 1
Node 31 49 19.0263
Pkt 15 375 0.04 1
Pkt 15 375 0.04 1
Node 63 55 13.9284
Pkt 30 750 0.04 1
Pkt 32 800 0.04 1
Node 68 28 28.4253
Pkt 8 200 0.04 1
Pkt 10 250 0.04 1
Node 45 51 5.09902
Pkt 12 300 0.04 1
Pkt 16 400 0.04 1
Rate:80.0781
==========
==========1
8 0 2 24000
Node 58 52 8.24621
Pkt 10 240 0.0416667 1
Pkt 7 160 0.04375 1
Node 36 40 17.2047
Pkt 15 375 0.04 1
Pkt 16 400 0.04 1
Node 53 49 3.16228
Pkt 30 750 0.04 1
Pkt 30 750 0.04 1
Node 54 36 14.5602
Pkt 8 192 0.0416667 1
Pkt 7 160 0.04375 1
Node 61 55 12.083
Pkt 15 375 0.04 1
Pkt 20 480 0.0416667 1
Node 52 33 17.1172
Pkt 32 800 0.04 1
Pkt 32 800 0.04 1
Node 32 56 18.9737
Pkt 10 250 0.04 1
Pkt 10 250 0.04 1
Node 54 32 18.4391
Pkt 20 480 0.0416667 1
Pkt 12 300 0.04 1
Rate:81.7708
==========
==========2
8 0 2 24000
Node 34 49 16.0312
Pkt 5 125 0.04 1
Pkt 10 250 0.04 1
Node 46 27 23.3452
Pkt 15 375 0.04 1
Pkt 16 400 0.04 1
Node 52 56 6.32456
Pkt 32 800 0.04 1
Pkt 32 800 0.04 1
Node 32 69 26.1725
Pkt 8 200 0.04 1
Pkt 5 125 0.04 1
Node 51 42 8.06226
Pkt 12 300 0.04 1
Pkt 13 320 0.040625 1
Node 57 46 8.06226
Pkt 32 800 0.04 1
Pkt 30 750 0.04 1
Node 58 43 10.6301
Pkt 10 240 0.0416667 1
Pkt 8 192 0.0416667 1
Node 53 62 12.3693
Pkt 15 375 0.04 1
Pkt 16 400 0.04 1
Rate:80.4948
==========
==========3
8 0 2 24000
Node 35 40 18.0278
Pkt 7 160 0.04375 1
Pkt 6 150 0.04 1
Node 34 61 19.4165
Pkt 15 375 0.04 1
Pkt 20 480 0.0416667 1
Node 33 41 19.2354
Pkt 30 750 0.04 1
Pkt 30 750 0.04 1
Node 37 26 27.2947
Pkt 7 160 0.04375 1
Pkt 4 100 0.04 1
Node 40 58 12.8062
Pkt 12 300 0.04 1
Pkt 20 480 0.0416667 1
Node 71 33 27.0185
Pkt 30 750 0.04 1
Pkt 30 750 0.04 1
Node 61 49 11.0454
Pkt 4 100 0.04 1
Pkt 8 200 0.04 1
Node 33 50 17
Pkt 15 375 0.04 1
Pkt 15 375 0.04 1
Rate:81.3542
==========
==========4
8 0 2 24000
Node 63 33 21.4009
Pkt 10 250 0.04 1
Pkt 10 240 0.0416667 1
Node 42 40 12.8062
Pkt 13 320 0.040625 1
Pkt 15 375 0.04 1
Node 57 69 20.2485
Pkt 32 800 0.04 1
Pkt 30 750 0.04 1
Node 71 47 21.2132
Pkt 8 200 0.04 1
Pkt 4 100 0.04 1
Node 28 34 27.2029
Pkt 15 375 0.04 1
Pkt 13 320 0.040625 1
Node 25 28 33.3017
Pkt 30 750 0.04 1
Pkt 32 800 0.04 1
Node 27 43 24.0416
Pkt 5 120 0.0416667 1
Pkt 5 125 0.04 1
Node 32 39 21.095
Pkt 20 480 0.0416667 1
Pkt 15 375 0.04 1
Rate:80.7813
==========
==========5
8 0 2 24000
Node 28 59 23.7697
Pkt 7 160 0.04375 1
Pkt 5 120 0.0416667 1
Node 36 36 19.799
Pkt 20 480 0.0416667 1
Pkt 13 320 0.040625 1
Node 59 67 19.2354
Pkt 30 750 0.04 1
Pkt 30 750 0.04 1
Node 35 73 27.4591
Pkt 5 125 0.04 1
Pkt 7 160 0.04375 1
Node 53 47 4.24264
Pkt 13 320 0.040625 1
Pkt 15 375 0.04 1
Node 28 66 27.2029
Pkt 32 800 0.04 1
Pkt 32 800 0.04 1
Node 54 35 15.5242
Pkt 10 240 0.0416667 1
Pkt 10 250 0.04 1
Node 51 38 12.0416
Pkt 16 400 0.04 1
Pkt 20 480 0.0416667 1
Rate:81.9271
==========
==========6
8 0 2 24000
Node 61 57 13.0384
Pkt 6 150 0.04 1
Pkt 8 200 0.04 1
Node 74 25 34.6554
Pkt 12 300 0.04 1
Pkt 20 480 0.0416667 1
Node 30 64 24.4131
Pkt 30 750 0.04 1
Pkt 30 750 0.04 1
Node 57 69 20.2485
Pkt 5 120 0.0416667 1
Pkt 10 240 0.0416667 1
Node 26 38 26.8328
Pkt 16 400 0.04 1
Pkt 13 320 0.040625 1
Node 27 42 24.3516
Pkt 32 800 0.04 1
Pkt 32 800 0.04 1
Node 35 40 18.0278
Pkt 5 120 0.0416667 1
Pkt 10 250 0.04 1
Node 53 62 12.3693
Pkt 16 400 0.04 1
Pkt 16 400 0.04 1
Rate:80.9115
==========
==========7
8 0 2 24000
Node 73 34 28.0179
Pkt 8 200 0.04 1
Pkt 10 240 0.0416667 1
Node 54 57 8.06226
Pkt 13 320 0.040625 1
Pkt 13 320 0.040625 1
Node 60 40 14.1421
Pkt 30 750 0.04 1
Pkt 30 750 0.04 1
Node 28 74 32.5576
Pkt 10 250 0.04 1
Pkt 8 192 0.0416667 1
Node 57 46 8.06226
Pkt 13 320 0.040625 1
Pkt 15 375 0.04 1
Node 47 52 3.60555
Pkt 32 800 0.04 1
Pkt 32 800 0.04 1
Node 25 63 28.178
Pkt 8 200 0.04 1
Pkt 10 250 0.04 1
Node 50 42 8
Pkt 16 400 0.04 1
Pkt 15 375 0.04 1
Rate:80.651
==========
==========8
8 0 2 24000
Node 57 30 21.1896
Pkt 5 125 0.04 1
Pkt 6 150 0.04 1
Node 74 36 27.7849
Pkt 20 480 0.0416667 1
Pkt 13 320 0.040625 1
Node 39 70 22.8254
Pkt 32 800 0.04 1
Pkt 30 750 0.04 1
Node 70 71 29
Pkt 8 200 0.04 1
Pkt 7 160 0.04375 1
Node 36 72 26.0768
Pkt 20 480 0.0416667 1
Pkt 16 400 0.04 1
Node 37 34 20.6155
Pkt 32 800 0.04 1
Pkt 30 750 0.04 1
Node 43 26 25
Pkt 7 160 0.04375 1
Pkt 7 160 0.04375 1
Node 38 38 16.9706
Pkt 16 400 0.04 1
Pkt 12 300 0.04 1
Rate:81.901
==========
==========9
8 0 2 24000
Node 53 60 10.4403
Pkt 8 192 0.0416667 1
Pkt 7 160 0.04375 1
Node 44 74 24.7386
Pkt 12 300 0.04 1
Pkt 13 320 0.040625 1
Node 36 72 26.0768
Pkt 30 750 0.04 1
Pkt 32 800 0.04 1
Node 63 48 13.1529
Pkt 7 160 0.04375 1
Pkt 4 100 0.04 1
Node 41 62 15
Pkt 12 300 0.04 1
Pkt 15 375 0.04 1
Node 73 47 23.1948
Pkt 30 750 0.04 1
Pkt 30 750 0.04 1
Node 37 41 15.8114
Pkt 10 250 0.04 1
Pkt 8 192 0.0416667 1
Node 39 32 21.095
Pkt 16 400 0.04 1
Pkt 12 300 0.04 1
Rate:81.4323
==========
==========10
8 0 2 24000
Node 26 30 31.241
Pkt 6 150 0.04 1
Pkt 5 120 0.0416667 1
Node 54 33 17.4642
Pkt 16 400 0.04 1
Pkt 12 300 0.04 1
Node 48 39 11.1803
Pkt 32 800 0.04 1
Pkt 32 800 0.04 1
Node 28 45 22.561
Pkt 7 160 0.04375 1
Pkt 7 160 0.04375 1
Node 46 66 16.4924
Pkt 20 480 0.0416667 1
Pkt 20 480 0.0416667 1
Node 51 43 7.07107
Pkt 32 800 0.04 1
Pkt 30 750 0.04 1
Node 65 72 26.6271
Pkt 8 192 0.0416667 1
Pkt 10 250 0.04 1
Node 45 40 11.1803
Pkt 15 375 0.04 1
Pkt 12 300 0.04 1
Rate:81.7708
==========
==========11
8 0 2 24000
Node 62 63 17.6918
Pkt 10 240 0.0416667 1
Pkt 10 250 0.04 1
Node 26 53 24.1868
Pkt 15 375 0.04 1
Pkt 15 375 0.04 1
Node 49 68 18.0278
Pkt 32 800 0.04 1
Pkt 30 750 0.04 1
Node 29 64 25.2389
Pkt 10 250 0.04 1
Pkt 5 120 0.0416667 1
Node 27 42 24.3516
Pkt 13 320 0.040625 1
Pkt 12 300 0.04 1
Node 71 74 31.8904
Pkt 32 800 0.04 1
Pkt 30 750 0.04 1
Node 30 40 22.3607
Pkt 7 160 0.04375 1
Pkt 6 150 0.04 1
Node 60 36 17.2047
Pkt 13 320 0.040625 1
Pkt 12 300 0.04 1
Rate:81.0417
==========
==========12
8 0 2 24000
Node 43 71 22.1359
Pkt 7 160 0.04375 1
Pkt 7 160 0.04375 1
Node 72 61 24.5967
Pkt 12 300 0.04 1
Pkt 16 400 0.04 1
Node 45 27 23.5372
Pkt 30 750 0.04 1
Pkt 30 750 0.04 1
Node 58 59 12.0416
Pkt 8 200 0.04 1
Pkt 4 100 0.04 1
Node 45 28 22.561
Pkt 15 375 0.04 1
Pkt 12 300 0.04 1
Node 44 74 24.7386
Pkt 32 800 0.04 1
Pkt 32 800 0.04 1
Node 47 28 22.2036
Pkt 4 100 0.04 1
Pkt 10 240 0.0416667 1
Node 68 66 24.0832
Pkt 16 400 0.04 1
Pkt 20 480 0.0416667 1
Rate:81.3542
==========
==========13
8 0 2 24000
Node 64 74 27.7849
Pkt 6 150 0.04 1
Pkt 4 100 0.04 1
Node 57 60 12.2066
Pkt 16 400 0.04 1
Pkt 15 375 0.04 1
Node 63 53 13.3417
Pkt 30 750 0.04 1
Pkt 30 750 0.04 1
Node 46 63 13.6015
Pkt 5 120 0.0416667 1
Pkt 8 200 0.04 1
Node 31 38 22.4722
Pkt 13 320 0.040625 1
Pkt 15 375 0.04 1
Node 48 50 2
Pkt 30 750 0.04 1
Pkt 32 800 0.04 1
Node 69 70 27.5862
Pkt 5 120 0.0416667 1
Pkt 10 240 0.0416667 1
Node 45 39 12.083
Pkt 20 480 0.0416667 1
Pkt 12 300 0.04 1
Rate:80.9115
==========
==========14
8 0 2 24000
Node 29 52 21.095
Pkt 4 100 0.04 1
Pkt 8 192 0.0416667 1
Node 42 36 16.1245
Pkt 13 320 0.040625 1
Pkt 15 375 0.04 1
Node 36 45 14.8661
Pkt 32 800 0.04 1
Pkt 30 750 0.04 1
Node 55 32 18.6815
Pkt 7 160 0.04375 1
Pkt 10 250 0.04 1
Node 55 49 5.09902
Pkt 16 400 0.04 1
Pkt 16 400 0.04 1
Node 49 69 19.0263
Pkt 30 750 0.04 1
Pkt 32 800 0.04 1
Node 31 41 21.0238
Pkt 8 200 0.04 1
Pkt 8 192 0.0416667 1
Node 58 28 23.4094
Pkt 13 320 0.040625 1
Pkt 13 320 0.040625 1
Rate:81.1198
==========
==========15
8 0 2 24000
Node 26 73 33.2415
Pkt 8 200 0.04 1
Pkt 6 150 0.04 1
Node 36 37 19.105
Pkt 16 400 0.04 1
Pkt 13 320 0.040625 1
Node 46 73 23.3452
Pkt 32 800 0.04 1
Pkt 30 750 0.04 1
Node 39 42 13.6015
Pkt 5 125 0.04 1
Pkt 7 160 0.04375 1
Node 64 61 17.8045
Pkt 15 375 0.04 1
Pkt 20 480 0.0416667 1
Node 46 59 9.84886
Pkt 30 750 0.04 1
Pkt 32 800 0.04 1
Node 64 69 23.6008
Pkt 10 250 0.04 1
Pkt 4 100 0.04 1
Node 34 69 24.8395
Pkt 15 375 0.04 1
Pkt 15 375 0.04 1
Rate:80.7552
==========
==========16
8 0 2 24000
Node 72 39 24.5967
Pkt 5 120 0.0416667 1
Pkt 8 192 0.0416667 1
Node 25 49 25.02
Pkt 20 480 0.0416667 1
Pkt 12 300 0.04 1
Node 70 61 22.8254
Pkt 32 800 0.04 1
Pkt 30 750 0.04 1
Node 40 58 12.8062
Pkt 8 192 0.0416667 1
Pkt 6 150 0.04 1
Node 41 61 14.2127
Pkt 13 320 0.040625 1
Pkt 15 375 0.04 1
Node 71 72 30.4138
Pkt 32 800 0.04 1
Pkt 30 750 0.04 1
Node 57 43 9.89949
Pkt 5 125 0.04 1
Pkt 5 125 0.04 1
Node 31 53 19.2354
Pkt 20 480 0.0416667 1
Pkt 13 320 0.040625 1
Rate:81.1979
==========
==========17
8 0 2 24000
Node 31 31 26.8701
Pkt 7 160 0.04375 1
Pkt 10 240 0.0416667 1
Node 27 71 31.1448
Pkt 20 480 0.0416667 1
Pkt 16 400 0.04 1
Node 67 72 27.8029
Pkt 30 750 0.04 1
Pkt 32 800 0.04 1
Node 53 53 4.24264
Pkt 6 150 0.04 1
Pkt 10 250 0.04 1
Node 27 63 26.4197
Pkt 13 320 0.040625 1
Pkt 15 375 0.04 1
Node 61 51 11.0454
Pkt 30 750 0.04 1
Pkt 32 800 0.04 1
Node 28 62 25.0599
Pkt 10 240 0.0416667 1
Pkt 10 240 0.0416667 1
Node 49 55 5.09902
Pkt 13 320 0.040625 1
Pkt 13 320 0.040625 1
Rate:81.5365
==========
==========18
8 0 2 24000
Node 72 30 29.7321
Pkt 4 100 0.04 1
Pkt 10 250 0.04 1
Node 52 71 21.095
Pkt 13 320 0.040625 1
Pkt 20 480 0.0416667 1
Node 54 63 13.6015
Pkt 32 800 0.04 1
Pkt 30 750 0.04 1
Node 39 62 16.2788
Pkt 7 160 0.04375 1
Pkt 8 192 0.0416667 1
Node 56 37 14.3178
Pkt 15 375 0.04 1
Pkt 20 480 0.0416667 1
Node 35 55 15.8114
Pkt 30 750 0.04 1
Pkt 32 800 0.04 1
Node 70 48 20.0998
Pkt 4 100 0.04 1
Pkt 6 150 0.04 1
Node 64 43 15.6525
Pkt 20 480 0.0416667 1
Pkt 12 300 0.04 1
Rate:81.3802
==========
==========19
8 0 2 24000
Node 62 43 13.8924
Pkt 4 100 0.04 1
Pkt 8 192 0.0416667 1
Node 56 45 7.81025
Pkt 15 375 0.04 1
Pkt 12 300 0.04 1
Node 28 33 27.8029
Pkt 32 800 0.04 1
Pkt 32 800 0.04 1
Node 57 58 10.6301
Pkt 10 240 0.0416667 1
Pkt 6 150 0.04 1
Node 31 69 26.8701
Pkt 13 320 0.040625 1
Pkt 13 320 0.040625 1
Node 54 70 20.3961
Pkt 30 750 0.04 1
Pkt 30 750 0.04 1
Node 33 38 20.8087
Pkt 5 125 0.04 1
Pkt 8 192 0.0416667 1
Node 61 58 13.6015
Pkt 15 375 0.04 1
Pkt 15 375 0.04 1
Rate:80.7813
==========
==========20
8 0 2 24000
Node 74 63 27.2947
Pkt 8 192 0.0416667 1
Pkt 5 120 0.0416667 1
Node 35 56 16.1555
Pkt 12 300 0.04 1
Pkt 16 400 0.04 1
Node 60 65 18.0278
Pkt 32 800 0.04 1
Pkt 32 800 0.04 1
Node 30 38 23.3238
Pkt 4 100 0.04 1
Pkt 4 100 0.04 1
Node 49 26 24.0208
Pkt 16 400 0.04 1
Pkt 15 375 0.04 1
Node 57 66 17.4642
Pkt 32 800 0.04 1
Pkt 30 750 0.04 1
Node 34 37 20.6155
Pkt 6 150 0.04 1
Pkt 10 250 0.04 1
Node 63 65 19.8494
Pkt 20 480 0.0416667 1
Pkt 12 300 0.04 1
Rate:80.625
==========
==========21
8 0 2 24000
Node 43 73 24.0416
Pkt 10 250 0.04 1
Pkt 5 125 0.04 1
Node 47 58 8.544
Pkt 12 300 0.04 1
Pkt 12 300 0.04 1
Node 64 73 26.9258
Pkt 32 800 0.04 1
Pkt 32 800 0.04 1
Node 68 42 19.6977
Pkt 5 120 0.0416667 1
Pkt 10 240 0.0416667 1
Node 49 63 13.0384
Pkt 12 300 0.04 1
Pkt 20 480 0.0416667 1
Node 55 34 16.7631
Pkt 30 750 0.04 1
Pkt 30 750 0.04 1
Node 55 45 7.07107
Pkt 8 192 0.0416667 1
Pkt 10 240 0.0416667 1
Node 43 72 23.0868
Pkt 12 300 0.04 1
Pkt 12 300 0.04 1
Rate:81.0417
==========
==========22
8 0 2 24000
Node 26 59 25.632
Pkt 4 100 0.04 1
Pkt 8 200 0.04 1
Node 73 47 23.1948
Pkt 20 480 0.0416667 1
Pkt 20 480 0.0416667 1
Node 48 40 10.198
Pkt 32 800 0.04 1
Pkt 30 750 0.04 1
Node 56 37 14.3178
Pkt 8 192 0.0416667 1
Pkt 8 192 0.0416667 1
Node 73 25 33.9706
Pkt 15 375 0.04 1
Pkt 12 300 0.04 1
Node 51 54 4.12311
Pkt 32 800 0.04 1
Pkt 32 800 0.04 1
Node 68 51 18.0278
Pkt 4 100 0.04 1
Pkt 6 150 0.04 1
Node 64 68 22.8035
Pkt 15 375 0.04 1
Pkt 12 300 0.04 1
Rate:80.8333
==========
==========23
8 0 2 24000
Node 29 71 29.6985
Pkt 10 250 0.04 1
Pkt 8 192 0.0416667 1
Node 40 72 24.1661
Pkt 13 320 0.040625 1
Pkt 12 300 0.04 1
Node 25 45 25.4951
Pkt 32 800 0.04 1
Pkt 32 800 0.04 1
Node 72 28 31.1127
Pkt 7 160 0.04375 1
Pkt 5 125 0.04 1
Node 30 52 20.0998
Pkt 15 375 0.04 1
Pkt 20 480 0.0416667 1
Node 32 43 19.3132
Pkt 30 750 0.04 1
Pkt 32 800 0.04 1
Node 63 56 14.3178
Pkt 5 120 0.0416667 1
Pkt 10 250 0.04 1
Node 37 50 13
Pkt 12 300 0.04 1
Pkt 15 375 0.04 1
Rate:81.1719
==========
==========24
8 0 2 24000
Node 61 51 11.0454
Pkt 8 192 0.0416667 1
Pkt 8 200 0.04 1
Node 53 55 5.83095
Pkt 20 480 0.0416667 1
Pkt 16 400 0.04 1
Node 47 38 12.3693
Pkt 32 800 0.04 1
Pkt 32 800 0.04 1
Node 58 71 22.4722
Pkt 6 150 0.04 1
Pkt 8 200 0.04 1
Node 40 36 17.2047
Pkt 16 400 0.04 1
Pkt 13 320 0.040625 1
Node 44 31 19.9249
Pkt 30 750 0.04 1
Pkt 32 800 0.04 1
Node 33 62 20.8087
Pkt 8 200 0.04 1
Pkt 5 125 0.04 1
Node 64 29 25.2389
Pkt 15 375 0.04 1
Pkt 13 320 0.040625 1
Rate:80.5729
==========
==========25
8 0 2 24000
Node 29 53 21.2132
Pkt 5 120 0.0416667 1
Pkt 8 192 0.0416667 1
Node 36 37 19.105
Pkt 12 300 0.04 1
Pkt 12 300 0.04 1
Node 54 36 14.5602
Pkt 30 750 0.04 1
Pkt 32 800 0.04 1
Node 29 35 25.807
Pkt 4 100 0.04 1
Pkt 6 150 0.04 1
Node 74 36 27.7849
Pkt 12 300 0.04 1
Pkt 20 480 0.0416667 1
Node 43 40 12.2066
Pkt 32 800 0.04 1
Pkt 32 800 0.04 1
Node 41 34 18.3576
Pkt 4 100 0.04 1
Pkt 4 100 0.04 1
Node 56 56 8.48528
Pkt 20 480 0.0416667 1
Pkt 20 480 0.0416667 1
Rate:81.0417
==========
==========26
8 0 2 24000
Node 74 70 31.241
Pkt 5 120 0.0416667 1
Pkt 8 200 0.04 1
Node 46 47 5
Pkt 20 480 0.0416667 1
Pkt 15 375 0.04 1
Node 42 54 8.94427
Pkt 32 800 0.04 1
Pkt 30 750 0.04 1
Node 34 60 18.868
Pkt 10 250 0.04 1
Pkt 7 160 0.04375 1
Node 28 41 23.7697
Pkt 20 480 0.0416667 1
Pkt 12 300 0.04 1
Node 70 46 20.3961
Pkt 30 750 0.04 1
Pkt 32 800 0.04 1
Node 67 46 17.4642
Pkt 5 125 0.04 1
Pkt 5 125 0.04 1
Node 55 52 5.38516
Pkt 12 300 0.04 1
Pkt 16 400 0.04 1
Rate:81.0938
==========
==========27
8 0 2 24000
Node 59 40 13.4536
Pkt 5 120 0.0416667 1
Pkt 6 150 0.04 1
Node 47 60 10.4403
Pkt 12 300 0.04 1
Pkt 15 375 0.04 1
Node 29 69 28.3196
Pkt 32 800 0.04 1
Pkt 30 750 0.04 1
Node 47 26 24.1868
Pkt 10 240 0.0416667 1
Pkt 10 240 0.0416667 1
Node 67 48 17.1172
Pkt 20 480 0.0416667 1
Pkt 12 300 0.04 1
Node 54 33 17.4642
Pkt 30 750 0.04 1
Pkt 30 750 0.04 1
Node 39 56 12.53
Pkt 8 200 0.04 1
Pkt 10 240 0.0416667 1
Node 48 41 9.21954
Pkt 20 480 0.0416667 1
Pkt 16 400 0.04 1
Rate:81.25
==========
==========28
8 0 2 24000
Node 63 41 15.8114
Pkt 8 200 0.04 1
Pkt 5 125 0.04 1
Node 48 49 2.23607
Pkt 15 375 0.04 1
Pkt 20 480 0.0416667 1
Node 56 71 21.8403
Pkt 32 800 0.04 1
Pkt 30 750 0.04 1
Node 58 29 22.4722
Pkt 5 120 0.0416667 1
Pkt 7 160 0.04375 1
Node 47 67 17.2627
Pkt 12 300 0.04 1
Pkt 12 300 0.04 1
Node 46 68 18.4391
Pkt 32 800 0.04 1
Pkt 30 750 0.04 1
Node 34 26 28.8444
Pkt 8 192 0.0416667 1
Pkt 8 192 0.0416667 1
Node 28 65 26.6271
Pkt 16 400 0.04 1
Pkt 15 375 0.04 1
Rate:81.3021
==========
==========29
8 0 2 24000
Node 25 72 33.3017
Pkt 8 200 0.04 1
Pkt 10 250 0.04 1
Node 47 55 5.83095
Pkt 20 480 0.0416667 1
Pkt 16 400 0.04 1
Node 38 30 23.3238
Pkt 32 800 0.04 1
Pkt 32 800 0.04 1
Node 50 37 13
Pkt 10 240 0.0416667 1
Pkt 5 125 0.04 1
Node 72 28 31.1127
Pkt 20 480 0.0416667 1
Pkt 15 375 0.04 1
Node 50 68 18
Pkt 32 800 0.04 1
Pkt 30 750 0.04 1
Node 64 29 25.2389
Pkt 8 192 0.0416667 1
Pkt 8 192 0.0416667 1
Node 26 27 33.2415
Pkt 15 375 0.04 1
Pkt 15 375 0.04 1
Rate:81.0417
==========
==========30
8 0 2 24000
Node 69 59 21.0238
Pkt 10 240 0.0416667 1
Pkt 5 120 0.0416667 1
Node 41 52 9.21954
Pkt 15 375 0.04 1
Pkt 20 480 0.0416667 1
Node 73 43 24.0416
Pkt 30 750 0.04 1
Pkt 30 750 0.04 1
Node 44 41 10.8167
Pkt 7 160 0.04375 1
Pkt 4 100 0.04 1
Node 59 71 22.8473
Pkt 13 320 0.040625 1
Pkt 20 480 0.0416667 1
Node 41 47 9.48683
Pkt 32 800 0.04 1
Pkt 32 800 0.04 1
Node 36 56 15.2315
Pkt 5 125 0.04 1
Pkt 10 250 0.04 1
Node 59 29 22.8473
Pkt 13 320 0.040625 1
Pkt 12 300 0.04 1
Rate:81.4583
==========
==========31
8 0 2 24000
Node 70 54 20.3961
Pkt 8 200 0.04 1
Pkt 10 240 0.0416667 1
Node 42 46 8.94427
Pkt 15 375 0.04 1
Pkt 12 300 0.04 1
Node 74 52 24.0832
Pkt 30 750 0.04 1
Pkt 30 750 0.04 1
Node 39 25 27.313
Pkt 5 125 0.04 1
Pkt 5 120 0.0416667 1
Node 39 25 27.313
Pkt 13 320 0.040625 1
Pkt 20 480 0.0416667 1
Node 34 49 16.0312
Pkt 32 800 0.04 1
Pkt 30 750 0.04 1
Node 31 53 19.2354
Pkt 10 240 0.0416667 1
Pkt 5 125 0.04 1
Node 74 36 27.7849
Pkt 15 375 0.04 1
Pkt 16 400 0.04 1
Rate:80.9115
==========
==========32
8 0 2 24000
Node 55 55 7.07107
Pkt 10 250 0.04 1
Pkt 7 160 0.04375 1
Node 44 72 22.8035
Pkt 15 375 0.04 1
Pkt 16 400 0.04 1
Node 30 52 20.0998
Pkt 32 800 0.04 1
Pkt 30 750 0.04 1
Node 55 29 21.587
Pkt 5 125 0.04 1
Pkt 8 200 0.04 1
Node 71 29 29.6985
Pkt 12 300 0.04 1
Pkt 12 300 0.04 1
Node 43 38 13.8924
Pkt 30 750 0.04 1
Pkt 32 800 0.04 1
Node 55 62 13
Pkt 5 120 0.0416667 1
Pkt 5 120 0.0416667 1
Node 29 60 23.2594
Pkt 12 300 0.04 1
Pkt 15 375 0.04 1
Rate:80.8854
==========
==========33
8 0 2 24000
Node 55 26 24.5153
Pkt 6 150 0.04 1
Pkt 8 200 0.04 1
Node 34 68 24.0832
Pkt 20 480 0.0416667 1
Pkt 16 400 0.04 1
Node 54 39 11.7047
Pkt 32 800 0.04 1
Pkt 32 800 0.04 1
Node 32 58 19.6977
Pkt 8 192 0.0416667 1
Pkt 4 100 0.04 1
Node 50 73 23
Pkt 20 480 0.0416667 1
Pkt 15 375 0.04 1
Node 43 54 8.06226
Pkt 32 800 0.04 1
Pkt 30 750 0.04 1
Node 32 26 30
Pkt 8 200 0.04 1
Pkt 5 125 0.04 1
Node 56 63 14.3178
Pkt 16 400 0.04 1
Pkt 12 300 0.04 1
Rate:80.625
==========
==========34
8 0 2 24000
Node 52 67 17.1172
Pkt 5 125 0.04 1
Pkt 10 240 0.0416667 1
Node 72 40 24.1661
Pkt 16 400 0.04 1
Pkt 12 300 0.04 1
Node 56 47 6.7082
Pkt 30 750 0.04 1
Pkt 30 750 0.04 1
Node 28 69 29.0689
Pkt 8 192 0.0416667 1
Pkt 7 160 0.04375 1
Node 71 62 24.1868
Pkt 12 300 0.04 1
Pkt 13 320 0.040625 1
Node 39 50 11
Pkt 32 800 0.04 1
Pkt 30 750 0.04 1
Node 58 41 12.0416
Pkt 10 240 0.0416667 1
Pkt 8 200 0.04 1
Node 44 73 23.7697
Pkt 15 375 0.04 1
Pkt 15 375 0.04 1
Rate:81.1719
==========
==========35
8 0 2 24000
Node 63 40 16.4012
Pkt 5 125 0.04 1
Pkt 5 125 0.04 1
Node 69 62 22.4722
Pkt 16 400 0.04 1
Pkt 13 320 0.040625 1
Node 32 68 25.4558
Pkt 30 750 0.04 1
Pkt 32 800 0.04 1
Node 68 58 19.6977
Pkt 6 150 0.04 1
Pkt 10 250 0.04 1
Node 70 68 26.9072
Pkt 15 375 0.04 1
Pkt 15 375 0.04 1
Node 44 41 10.8167
Pkt 32 800 0.04 1
Pkt 30 750 0.04 1
Node 65 29 25.807
Pkt 10 240 0.0416667 1
Pkt 5 125 0.04 1
Node 74 44 24.7386
Pkt 20 480 0.0416667 1
Pkt 12 300 0.04 1
Rate:80.4948
==========
==========36
8 0 2 24000
Node 25 28 33.3017
Pkt 4 100 0.04 1
Pkt 4 100 0.04 1
Node 74 54 24.3311
Pkt 16 400 0.04 1
Pkt 13 320 0.040625 1
Node 47 60 10.4403
Pkt 30 750 0.04 1
Pkt 30 750 0.04 1
Node 63 60 16.4012
Pkt 8 200 0.04 1
Pkt 4 100 0.04 1
Node 39 26 26.4008
Pkt 20 480 0.0416667 1
Pkt 16 400 0.04 1
Node 27 39 25.4951
Pkt 32 800 0.04 1
Pkt 32 800 0.04 1
Node 58 39 13.6015
Pkt 8 200 0.04 1
Pkt 10 250 0.04 1
Node 60 65 18.0278
Pkt 20 480 0.0416667 1
Pkt 15 375 0.04 1
Rate:80.4948
==========
==========37
8 0 2 24000
Node 54 32 18.4391
Pkt 8 200 0.04 1
Pkt 7 160 0.04375 1
Node 54 40 10.7703
Pkt 15 375 0.04 1
Pkt 20 480 0.0416667 1
Node 70 69 27.5862
Pkt 32 800 0.04 1
Pkt 30 750 0.04 1
Node 42 58 11.3137
Pkt 7 160 0.04375 1
Pkt 5 125 0.04 1
Node 57 61 13.0384
Pkt 20 480 0.0416667 1
Pkt 20 480 0.0416667 1
Node 64 26 27.7849
Pkt 30 750 0.04 1
Pkt 30 750 0.04 1
Node 67 36 22.0227
Pkt 5 120 0.0416667 1
Pkt 8 200 0.04 1
Node 27 69 29.8329
Pkt 12 300 0.04 1
Pkt 20 480 0.0416667 1
Rate:81.9792
==========
==========38
8 0 2 24000
Node 35 34 21.9317
Pkt 8 200 0.04 1
Pkt 8 192 0.0416667 1
Node 67 57 18.3848
Pkt 20 480 0.0416667 1
Pkt 16 400 0.04 1
Node 37 47 13.3417
Pkt 30 750 0.04 1
Pkt 30 750 0.04 1
Node 66 58 17.8885
Pkt 4 100 0.04 1
Pkt 5 125 0.04 1
Node 68 46 18.4391
Pkt 15 375 0.04 1
Pkt 16 400 0.04 1
Node 33 48 17.1172
Pkt 30 750 0.04 1
Pkt 32 800 0.04 1
Node 35 44 16.1555
Pkt 6 150 0.04 1
Pkt 5 120 0.0416667 1
Node 66 46 16.4924
Pkt 16 400 0.04 1
Pkt 12 300 0.04 1
Rate:80.625
==========
==========39
8 0 2 24000
Node 65 29 25.807
Pkt 7 160 0.04375 1
Pkt 5 120 0.0416667 1
Node 63 62 17.6918
Pkt 13 320 0.040625 1
Pkt 15 375 0.04 1
Node 25 31 31.4006
Pkt 30 750 0.04 1
Pkt 30 750 0.04 1
Node 51 71 21.0238
Pkt 8 200 0.04 1
Pkt 7 160 0.04375 1
Node 42 66 17.8885
Pkt 20 480 0.0416667 1
Pkt 20 480 0.0416667 1
Node 58 30 21.5407
Pkt 30 750 0.04 1
Pkt 30 750 0.04 1
Node 57 43 9.89949
Pkt 10 240 0.0416667 1
Pkt 8 200 0.04 1
Node 35 31 24.2074
Pkt 20 480 0.0416667 1
Pkt 12 300 0.04 1
Rate:82.0573
==========
==========40
8 0 2 24000
Node 67 48 17.1172
Pkt 6 150 0.04 1
Pkt 5 125 0.04 1
Node 30 28 29.7321
Pkt 15 375 0.04 1
Pkt 13 320 0.040625 1
Node 73 43 24.0416
Pkt 32 800 0.04 1
Pkt 32 800 0.04 1
Node 26 35 28.3019
Pkt 8 200 0.04 1
Pkt 6 150 0.04 1
Node 52 56 6.32456
Pkt 16 400 0.04 1
Pkt 15 375 0.04 1
Node 41 65 17.4929
Pkt 32 800 0.04 1
Pkt 32 800 0.04 1
Node 36 34 21.2603
Pkt 7 160 0.04375 1
Pkt 4 100 0.04 1
Node 39 59 14.2127
Pkt 13 320 0.040625 1
Pkt 13 320 0.040625 1
Rate:80.7031
==========
==========41
8 0 2 24000
Node 59 28 23.7697
Pkt 7 160 0.04375 1
Pkt 10 240 0.0416667 1
Node 29 74 31.8904
Pkt 16 400 0.04 1
Pkt 20 480 0.0416667 1
Node 37 29 24.6982
Pkt 30 750 0.04 1
Pkt 30 750 0.04 1
Node 62 34 20
Pkt 8 192 0.0416667 1
Pkt 8 200 0.04 1
Node 29 69 28.3196
Pkt 16 400 0.04 1
Pkt 13 320 0.040625 1
Node 35 40 18.0278
Pkt 32 800 0.04 1
Pkt 32 800 0.04 1
Node 54 27 23.3452
Pkt 4 100 0.04 1
Pkt 8 200 0.04 1
Node 26 27 33.2415
Pkt 16 400 0.04 1
Pkt 12 300 0.04 1
Rate:81.1719
==========
==========42
8 0 2 24000
Node 66 58 17.8885
Pkt 4 100 0.04 1
Pkt 5 120 0.0416667 1
Node 29 66 26.4008
Pkt 12 300 0.04 1
Pkt 15 375 0.04 1
Node 40 49 10.0499
Pkt 30 750 0.04 1
Pkt 32 800 0.04 1
Node 48 51 2.23607
Pkt 8 200 0.04 1
Pkt 10 250 0.04 1
Node 35 30 25
Pkt 20 480 0.0416667 1
Pkt 16 400 0.04 1
Node 64 38 18.4391
Pkt 30 750 0.04 1
Pkt 30 750 0.04 1
Node 68 27 29.2062
Pkt 7 160 0.04375 1
Pkt 8 192 0.0416667 1
Node 60 37 16.4012
Pkt 16 400 0.04 1
Pkt 12 300 0.04 1
Rate:81.0937
==========
==========43
8 0 2 24000
Node 34 53 16.2788
Pkt 4 100 0.04 1
Pkt 10 240 0.0416667 1
Node 73 47 23.1948
Pkt 13 320 0.040625 1
Pkt 20 480 0.0416667 1
Node 32 48 18.1108
Pkt 30 750 0.04 1
Pkt 30 750 0.04 1
Node 72 49 22.0227
Pkt 5 120 0.0416667 1
Pkt 8 192 0.0416667 1
Node 58 60 12.8062
Pkt 20 480 0.0416667 1
Pkt 13 320 0.040625 1
Node 25 64 28.6531
Pkt 30 750 0.04 1
Pkt 32 800 0.04 1
Node 67 71 27.0185
Pkt 5 120 0.0416667 1
Pkt 8 200 0.04 1
Node 65 62 19.2094
Pkt 12 300 0.04 1
Pkt 15 375 0.04 1
Rate:81.4063
==========
==========44
8 0 2 24000
Node 53 56 6.7082
Pkt 10 250 0.04 1
Pkt 6 150 0.04 1
Node 35 28 26.6271
Pkt 13 320 0.040625 1
Pkt 16 400 0.04 1
Node 58 51 8.06226
Pkt 32 800 0.04 1
Pkt 32 800 0.04 1
Node 61 47 11.4018
Pkt 7 160 0.04375 1
Pkt 5 125 0.04 1
Node 28 72 31.1127
Pkt 13 320 0.040625 1
Pkt 16 400 0.04 1
Node 33 35 22.6716
Pkt 32 800 0.04 1
Pkt 32 800 0.04 1
Node 61 34 19.4165
Pkt 5 120 0.0416667 1
Pkt 5 125 0.04 1
Node 67 27 28.6007
Pkt 12 300 0.04 1
Pkt 16 400 0.04 1
Rate:80.8333
==========
==========45
8 0 2 24000
Node 49 65 15.0333
Pkt 5 120 0.0416667 1
Pkt 5 125 0.04 1
Node 67 66 23.3452
Pkt 13 320 0.040625 1
Pkt 12 300 0.04 1
Node 48 62 12.1655
Pkt 30 750 0.04 1
Pkt 32 800 0.04 1
Node 33 70 26.2488
Pkt 7 160 0.04375 1
Pkt 8 200 0.04 1
Node 58 49 8.06226
Pkt 12 300 0.04 1
Pkt 16 400 0.04 1
Node 46 27 23.3452
Pkt 30 750 0.04 1
Pkt 30 750 0.04 1
Node 36 54 14.5602
Pkt 10 240 0.0416667 1
Pkt 5 120 0.0416667 1
Node 51 67 17.0294
Pkt 20 480 0.0416667 1
Pkt 12 300 0.04 1
Rate:81.3802
==========
==========46
8 0 2 24000
Node 73 58 24.3516
Pkt 5 125 0.04 1
Pkt 8 192 0.0416667 1
Node 52 55 5.38516
Pkt 20 480 0.0416667 1
Pkt 20 480 0.0416667 1
Node 47 73 23.1948
Pkt 32 800 0.04 1
Pkt 30 750 0.04 1
Node 50 65 15
Pkt 10 250 0.04 1
Pkt 10 250 0.04 1
Node 37 51 13.0384
Pkt 16 400 0.04 1
Pkt 12 300 0.04 1
Node 28 59 23.7697
Pkt 30 750 0.04 1
Pkt 30 750 0.04 1
Node 31 39 21.9545
Pkt 5 125 0.04 1
Pkt 5 120 0.0416667 1
Node 52 25 25.0799
Pkt 15 375 0.04 1
Pkt 16 400 0.04 1
Rate:80.8333
==========
==========47
8 0 2 24000
Node 42 60 12.8062
Pkt 10 240 0.0416667 1
Pkt 10 240 0.0416667 1
Node 40 25 26.9258
Pkt 15 375 0.04 1
Pkt 13 320 0.040625 1
Node 56 72 22.8035
Pkt 30 750 0.04 1
Pkt 30 750 0.04 1
Node 53 38 12.3693
Pkt 5 120 0.0416667 1
Pkt 7 160 0.04375 1
Node 54 34 16.4924
Pkt 16 400 0.04 1
Pkt 15 375 0.04 1
Node 41 46 9.84886
Pkt 32 800 0.04 1
Pkt 30 750 0.04 1
Node 74 73 33.2415
Pkt 6 150 0.04 1
Pkt 8 192 0.0416667 1
Node 37 57 14.7648
Pkt 15 375 0.04 1
Pkt 20 480 0.0416667 1
Rate:81.5885
==========
==========48
8 0 2 24000
Node 38 69 22.4722
Pkt 5 120 0.0416667 1
Pkt 10 250 0.04 1
Node 26 61 26.4008
Pkt 16 400 0.04 1
Pkt 20 480 0.0416667 1
Node 65 39 18.6011
Pkt 32 800 0.04 1
Pkt 30 750 0.04 1
Node 31 62 22.4722
Pkt 7 160 0.04375 1
Pkt 8 200 0.04 1
Node 59 61 14.2127
Pkt 12 300 0.04 1
Pkt 12 300 0.04 1
Node 38 66 20
Pkt 32 800 0.04 1
Pkt 30 750 0.04 1
Node 53 55 5.83095
Pkt 7 160 0.04375 1
Pkt 5 125 0.04 1
Node 37 62 17.6918
Pkt 15 375 0.04 1
Pkt 20 480 0.0416667 1
Rate:81.5625
==========
==========49
8 0 2 24000
Node 61 42 13.6015
Pkt 5 120 0.0416667 1
Pkt 8 200 0.04 1
Node 40 31 21.4709
Pkt 13 320 0.040625 1
Pkt 16 400 0.04 1
Node 36 36 19.799
Pkt 30 750 0.04 1
Pkt 30 750 0.04 1
Node 26 46 24.3311
Pkt 7 160 0.04375 1
Pkt 8 200 0.04 1
Node 39 33 20.2485
Pkt 15 375 0.04 1
Pkt 12 300 0.04 1
Node 41 27 24.6982
Pkt 32 800 0.04 1
Pkt 32 800 0.04 1
Node 43 44 9.21954
Pkt 4 100 0.04 1
Pkt 5 120 0.0416667 1
Node 55 49 5.09902
Pkt 15 375 0.04 1
Pkt 15 375 0.04 1
Rate:80.9635
==========
==========50
8 0 2 24000
Node 39 64 17.8045
Pkt 8 200 0.04 1
Pkt 10 250 0.04 1
Node 62 62 16.9706
Pkt 15 375 0.04 1
Pkt 20 480 0.0416667 1
Node 35 72 26.6271
Pkt 30 750 0.04 1
Pkt 32 800 0.04 1
Node 53 27 23.1948
Pkt 7 160 0.04375 1
Pkt 6 150 0.04 1
Node 74 35 28.3019
Pkt 20 480 0.0416667 1
Pkt 20 480 0.0416667 1
Node 67 54 17.4642
Pkt 30 750 0.04 1
Pkt 30 750 0.04 1
Node 30 38 23.3238
Pkt 7 160 0.04375 1
Pkt 8 192 0.0416667 1
Node 47 35 15.2971
Pkt 12 300 0.04 1
Pkt 12 300 0.04 1
Rate:81.7708
==========
==========51
8 0 2 24000
Node 33 55 17.72
Pkt 7 160 0.04375 1
Pkt 5 125 0.04 1
Node 71 72 30.4138
Pkt 12 300 0.04 1
Pkt 12 300 0.04 1
Node 34 51 16.0312
Pkt 32 800 0.04 1
Pkt 30 750 0.04 1
Node 74 52 24.0832
Pkt 10 250 0.04 1
Pkt 8 192 0.0416667 1
Node 25 49 25.02
Pkt 13 320 0.040625 1
Pkt 16 400 0.04 1
Node 31 73 29.8329
Pkt 32 800 0.04 1
Pkt 30 750 0.04 1
Node 51 49 1.41421
Pkt 7 160 0.04375 1
Pkt 8 192 0.0416667 1
Node 33 71 27.0185
Pkt 12 300 0.04 1
Pkt 15 375 0.04 1
Rate:81.4323
==========
==========52
8 0 2 24000
Node 34 29 26.4008
Pkt 5 125 0.04 1
Pkt 8 200 0.04 1
Node 38 65 19.2094
Pkt 15 375 0.04 1
Pkt 16 400 0.04 1
Node 36 70 24.4131
Pkt 30 750 0.04 1
Pkt 30 750 0.04 1
Node 58 69 20.6155
Pkt 10 250 0.04 1
Pkt 8 192 0.0416667 1
Node 32 44 18.9737
Pkt 12 300 0.04 1
Pkt 13 320 0.040625 1
Node 62 32 21.6333
Pkt 30 750 0.04 1
Pkt 30 750 0.04 1
Node 68 69 26.1725
Pkt 10 240 0.0416667 1
Pkt 10 250 0.04 1
Node 57 68 19.3132
Pkt 20 480 0.0416667 1
Pkt 16 400 0.04 1
Rate:80.7031
==========
==========53
8 0 2 24000
Node 41 71 22.8473
Pkt 5 125 0.04 1
Pkt 7 160 0.04375 1
Node 66 71 26.4008
Pkt 13 320 0.040625 1
Pkt 15 375 0.04 1
Node 71 30 29
Pkt 32 800 0.04 1
Pkt 30 750 0.04 1
Node 52 34 16.1245
Pkt 10 250 0.04 1
Pkt 5 125 0.04 1
Node 66 62 20
Pkt 20 480 0.0416667 1
Pkt 20 480 0.0416667 1
Node 37 44 14.3178
Pkt 30 750 0.04 1
Pkt 30 750 0.04 1
Node 41 44 10.8167
Pkt 10 250 0.04 1
Pkt 10 240 0.0416667 1
Node 58 46 8.94427
Pkt 13 320 0.040625 1
Pkt 20 480 0.0416667 1
Rate:81.4583
==========
==========54
8 0 2 24000
Node 39 49 11.0454
Pkt 4 100 0.04 1
Pkt 8 200 0.04 1
Node 70 38 23.3238
Pkt 16 400 0.04 1
Pkt 15 375 0.04 1
Node 41 50 9
Pkt 32 800 0.04 1
Pkt 30 750 0.04 1
Node 73 62 25.9422
Pkt 10 250 0.04 1
Pkt 6 150 0.04 1
Node 46 38 12.6491
Pkt 12 300 0.04 1
Pkt 16 400 0.04 1
Node 35 72 26.6271
Pkt 32 800 0.04 1
Pkt 30 750 0.04 1
Node 32 61 21.095
Pkt 5 125 0.04 1
Pkt 5 120 0.0416667 1
Node 48 60 10.198
Pkt 15 375 0.04 1
Pkt 12 300 0.04 1
Rate:80.2083
==========
==========55
8 0 2 24000
Node 44 31 19.9249
Pkt 10 250 0.04 1
Pkt 10 240 0.0416667 1
Node 57 70 21.1896
Pkt 16 400 0.04 1
Pkt 16 400 0.04 1
Node 48 58 8.24621
Pkt 30 750 0.04 1
Pkt 32 800 0.04 1
Node 45 45 7.07107
Pkt 7 160 0.04375 1
Pkt 10 240 0.0416667 1
Node 34 62 20
Pkt 13 320 0.040625 1
Pkt 12 300 0.04 1
Node 51 56 6.08276
Pkt 30 750 0.04 1
Pkt 32 800 0.04 1
Node 56 64 15.2315
Pkt 8 192 0.0416667 1
Pkt 8 200 0.04 1
Node 44 44 8.48528
Pkt 15 375 0.04 1
Pkt 15 375 0.04 1
Rate:81.1719
==========
==========56
8 0 2 24000
Node 65 49 15.0333
Pkt 8 192 0.0416667 1
Pkt 5 120 0.0416667 1
Node 66 64 21.2603
Pkt 16 400 0.04 1
Pkt 16 400 0.04 1
Node 34 43 17.4642
Pkt 32 800 0.04 1
Pkt 32 800 0.04 1
Node 65 68 23.4307
Pkt 4 100 0.04 1
Pkt 6 150 0.04 1
Node 52 53 3.60555
Pkt 13 320 0.040625 1
Pkt 16 400 0.04 1
Node 68 33 24.7588
Pkt 32 800 0.04 1
Pkt 30 750 0.04 1
Node 54 35 15.5242
Pkt 4 100 0.04 1
Pkt 5 125 0.04 1
Node 38 43 13.8924
Pkt 16 400 0.04 1
Pkt 15 375 0.04 1
Rate:80.4948
==========
==========57
8 0 2 24000
Node 74 73 33.2415
Pkt 4 100 0.04 1
Pkt 7 160 0.04375 1
Node 55 54 6.40312
Pkt 16 400 0.04 1
Pkt 15 375 0.04 1
Node 34 45 16.7631
Pkt 30 750 0.04 1
Pkt 32 800 0.04 1
Node 67 51 17.0294
Pkt 5 120 0.0416667 1
Pkt 5 125 0.04 1
Node 58 62 14.4222
Pkt 13 320 0.040625 1
Pkt 12 300 0.04 1
Node 28 30 29.7321
Pkt 32 800 0.04 1
Pkt 30 750 0.04 1
Node 57 55 8.60233
Pkt 6 150 0.04 1
Pkt 8 200 0.04 1
Node 44 59 10.8167
Pkt 13 320 0.040625 1
Pkt 12 300 0.04 1
Rate:80.8333
==========
==========58
8 0 2 24000
Node 65 67 22.6716
Pkt 8 192 0.0416667 1
Pkt 5 120 0.0416667 1
Node 62 38 16.9706
Pkt 16 400 0.04 1
Pkt 12 300 0.04 1
Node 54 37 13.6015
Pkt 32 800 0.04 1
Pkt 32 800 0.04 1
Node 30 52 20.0998
Pkt 8 192 0.0416667 1
Pkt 4 100 0.04 1
Node 32 40 20.5913
Pkt 16 400 0.04 1
Pkt 15 375 0.04 1
Node 54 52 4.47214
Pkt 32 800 0.04 1
Pkt 32 800 0.04 1
Node 41 47 9.48683
Pkt 10 250 0.04 1
Pkt 5 125 0.04 1
Node 35 55 15.8114
Pkt 20 480 0.0416667 1
Pkt 15 375 0.04 1
Rate:80.8333
==========
==========59
8 0 2 24000
Node 28 31 29.0689
Pkt 8 200 0.04 1
Pkt 7 160 0.04375 1
Node 49 40 10.0499
Pkt 20 480 0.0416667 1
Pkt 15 375 0.04 1
Node 44 44 8.48528
Pkt 32 800 0.04 1
Pkt 32 800 0.04 1
Node 38 33 20.8087
Pkt 5 120 0.0416667 1
Pkt 8 200 0.04 1
Node 72 73 31.8277
Pkt 20 480 0.0416667 1
Pkt 12 300 0.04 1
Node 72 27 31.8277
Pkt 30 750 0.04 1
Pkt 30 750 0.04 1
Node 72 58 23.4094
Pkt 6 150 0.04 1
Pkt 10 250 0.04 1
Node 59 36 16.6433
Pkt 13 320 0.040625 1
Pkt 13 320 0.040625 1
Rate:81.25
==========
==========60
8 0 2 24000
Node 38 57 13.8924
Pkt 8 192 0.0416667 1
Pkt 5 120 0.0416667 1
Node 60 46 10.7703
Pkt 20 480 0.0416667 1
Pkt 15 375 0.04 1
Node 49 39 11.0454
Pkt 32 800 0.04 1
Pkt 30 750 0.04 1
Node 35 25 29.1548
Pkt 6 150 0.04 1
Pkt 8 192 0.0416667 1
Node 43 53 7.61577
Pkt 16 400 0.04 1
Pkt 12 300 0.04 1
Node 60 38 15.6205
Pkt 30 750 0.04 1
Pkt 32 800 0.04 1
Node 47 74 24.1868
Pkt 4 100 0.04 1
Pkt 8 192 0.0416667 1
Node 49 45 5.09902
Pkt 20 480 0.0416667 1
Pkt 16 400 0.04 1
Rate:81.25
==========
==========61
8 0 2 24000
Node 28 61 24.5967
Pkt 8 192 0.0416667 1
Pkt 4 100 0.04 1
Node 38 47 12.3693
Pkt 12 300 0.04 1
Pkt 20 480 0.0416667 1
Node 30 62 23.3238
Pkt 32 800 0.04 1
Pkt 32 800 0.04 1
Node 58 28 23.4094
Pkt 8 192 0.0416667 1
Pkt 8 192 0.0416667 1
Node 65 73 27.4591
Pkt 13 320 0.040625 1
Pkt 16 400 0.04 1
Node 28 60 24.1661
Pkt 30 750 0.04 1
Pkt 32 800 0.04 1
Node 44 69 19.9249
Pkt 4 100 0.04 1
Pkt 10 240 0.0416667 1
Node 70 69 27.5862
Pkt 20 480 0.0416667 1
Pkt 15 375 0.04 1
Rate:81.3281
==========
==========62
8 0 2 24000
Node 62 55 13
Pkt 10 250 0.04 1
Pkt 5 120 0.0416667 1
Node 45 52 5.38516
Pkt 16 400 0.04 1
Pkt 13 320 0.040625 1
Node 57 27 24.0416
Pkt 30 750 0.04 1
Pkt 30 750 0.04 1
Node 67 69 25.4951
Pkt 7 160 0.04375 1
Pkt 10 250 0.04 1
Node 38 29 24.1868
Pkt 16 400 0.04 1
Pkt 15 375 0.04 1
Node 27 72 31.8277
Pkt 30 750 0.04 1
Pkt 30 750 0.04 1
Node 69 56 19.9249
Pkt 5 125 0.04 1
Pkt 6 150 0.04 1
Node 30 63 23.8537
Pkt 16 400 0.04 1
Pkt 15 375 0.04 1
Rate:80.7552
==========
==========63
8 0 2 24000
Node 47 65 15.2971
Pkt 7 160 0.04375 1
Pkt 10 240 0.0416667 1
Node 64 47 14.3178
Pkt 13 320 0.040625 1
Pkt 12 300 0.04 1
Node 34 45 16.7631
Pkt 32 800 0.04 1
Pkt 30 750 0.04 1
Node 41 62 15
Pkt 5 125 0.04 1
Pkt 6 150 0.04 1
Node 42 43 10.6301
Pkt 13 320 0.040625 1
Pkt 16 400 0.04 1
Node 57 42 10.6301
Pkt 30 750 0.04 1
Pkt 30 750 0.04 1
Node 74 27 33.2415
Pkt 7 160 0.04375 1
Pkt 5 120 0.0416667 1
Node 48 61 11.1803
Pkt 20 480 0.0416667 1
Pkt 20 480 0.0416667 1
Rate:81.9271
==========
==========64
8 0 2 24000
Node 66 63 20.6155
Pkt 8 192 0.0416667 1
Pkt 5 125 0.04 1
Node 42 45 9.43398
Pkt 20 480 0.0416667 1
Pkt 16 400 0.04 1
Node 27 74 33.2415
Pkt 30 750 0.04 1
Pkt 32 800 0.04 1
Node 70 67 26.2488
Pkt 10 250 0.04 1
Pkt 10 240 0.0416667 1
Node 69 25 31.4006
Pkt 13 320 0.040625 1
Pkt 15 375 0.04 1
Node 67 29 27.0185
Pkt 32 800 0.04 1
Pkt 32 800 0.04 1
Node 50 62 12
Pkt 10 250 0.04 1
Pkt 10 250 0.04 1
Node 42 38 14.4222
Pkt 15 375 0.04 1
Pkt 13 320 0.040625 1
Rate:80.7813
==========
==========65
8 0 2 24000
Node 37 42 15.2643
Pkt 10 250 0.04 1
Pkt 8 200 0.04 1
Node 52 30 20.0998
Pkt 20 480 0.0416667 1
Pkt 16 400 0.04 1
Node 54 29 21.3776
Pkt 30 750 0.04 1
Pkt 30 750 0.04 1
Node 42 64 16.1245
Pkt 5 125 0.04 1
Pkt 6 150 0.04 1
Node 43 57 9.89949
Pkt 15 375 0.04 1
Pkt 12 300 0.04 1
Node 36 66 21.2603
Pkt 30 750 0.04 1
Pkt 30 750 0.04 1
Node 46 34 16.4924
Pkt 7 160 0.04375 1
Pkt 10 240 0.0416667 1
Node 28 39 24.5967
Pkt 20 480 0.0416667 1
Pkt 13 320 0.040625 1
Rate:81.1719
==========
==========66
8 0 2 24000
Node 52 69 19.105
Pkt 5 125 0.04 1
Pkt 5 120 0.0416667 1
Node 27 37 26.4197
Pkt 16 400 0.04 1
Pkt 15 375 0.04 1
Node 30 67 26.2488
Pkt 30 750 0.04 1
Pkt 30 750 0.04 1
Node 70 59 21.9317
Pkt 10 240 0.0416667 1
Pkt 7 160 0.04375 1
Node 63 53 13.3417
Pkt 12 300 0.04 1
Pkt 20 480 0.0416667 1
Node 45 66 16.7631
Pkt 30 750 0.04 1
Pkt 32 800 0.04 1
Node 26 69 30.6105
Pkt 7 160 0.04375 1
Pkt 8 200 0.04 1
Node 65 40 18.0278
Pkt 12 300 0.04 1
Pkt 16 400 0.04 1
Rate:81.5625
==========
==========67
8 0 2 24000
Node 71 27 31.1448
Pkt 5 125 0.04 1
Pkt 4 100 0.04 1
Node 63 55 13.9284
Pkt 20 480 0.0416667 1
Pkt 12 300 0.04 1
Node 42 36 16.1245
Pkt 30 750 0.04 1
Pkt 30 750 0.04 1
Node 64 67 22.0227
Pkt 5 120 0.0416667 1
Pkt 7 160 0.04375 1
Node 54 53 5
Pkt 13 320 0.040625 1
Pkt 15 375 0.04 1
Node 54 61 11.7047
Pkt 32 800 0.04 1
Pkt 30 750 0.04 1
Node 64 67 22.0227
Pkt 10 250 0.04 1
Pkt 8 192 0.0416667 1
Node 68 30 26.9072
Pkt 20 480 0.0416667 1
Pkt 20 480 0.0416667 1
Rate:81.5885
==========
==========68
8 0 2 24000
Node 29 32 27.6586
Pkt 6 150 0.04 1
Pkt 5 125 0.04 1
Node 52 63 13.1529
Pkt 15 375 0.04 1
Pkt 20 480 0.0416667 1
Node 31 32 26.1725
Pkt 30 750 0.04 1
Pkt 30 750 0.04 1
Node 34 70 25.6125
Pkt 7 160 0.04375 1
Pkt 10 240 0.0416667 1
Node 58 37 15.2643
Pkt 13 320 0.040625 1
Pkt 16 400 0.04 1
Node 68 53 18.2483
Pkt 30 750 0.04 1
Pkt 30 750 0.04 1
Node 25 42 26.2488
Pkt 6 150 0.04 1
Pkt 4 100 0.04 1
Node 65 45 15.8114
Pkt 13 320 0.040625 1
Pkt 20 480 0.0416667 1
Rate:81.25
==========
==========69
8 0 2 24000
Node 74 28 32.5576
Pkt 4 100 0.04 1
Pkt 5 120 0.0416667 1
Node 57 49 7.07107
Pkt 15 375 0.04 1
Pkt 15 375 0.04 1
Node 27 55 23.5372
Pkt 30 750 0.04 1
Pkt 32 800 0.04 1
Node 35 32 23.4307
Pkt 8 192 0.0416667 1
Pkt 8 200 0.04 1
Node 71 26 31.8904
Pkt 15 375 0.04 1
Pkt 16 400 0.04 1
Node 68 38 21.6333
Pkt 30 750 0.04 1
Pkt 32 800 0.04 1
Node 38 60 15.6205
Pkt 10 250 0.04 1
Pkt 10 240 0.0416667 1
Node 38 42 14.4222
Pkt 20 480 0.0416667 1
Pkt 12 300 0.04 1
Rate:80.8333
==========
==========70
8 0 2 24000
Node 28 43 23.0868
Pkt 10 240 0.0416667 1
Pkt 6 150 0.04 1
Node 74 27 33.2415
Pkt 15 375 0.04 1
Pkt 12 300 0.04 1
Node 47 34 16.2788
Pkt 30 750 0.04 1
Pkt 32 800 0.04 1
Node 65 38 19.2094
Pkt 5 125 0.04 1
Pkt 4 100 0.04 1
Node 57 44 9.21954
Pkt 12 300 0.04 1
Pkt 15 375 0.04 1
Node 63 74 27.2947
Pkt 30 750 0.04 1
Pkt 30 750 0.04 1
Node 53 45 5.83095
Pkt 6 150 0.04 1
Pkt 5 125 0.04 1
Node 40 41 13.4536
Pkt 13 320 0.040625 1
Pkt 20 480 0.0416667 1
Rate:80.4948
==========
==========71
8 0 2 24000
Node 60 41 13.4536
Pkt 5 120 0.0416667 1
Pkt 6 150 0.04 1
Node 73 33 28.6007
Pkt 13 320 0.040625 1
Pkt 16 400 0.04 1
Node 29 26 31.8904
Pkt 30 750 0.04 1
Pkt 30 750 0.04 1
Node 26 30 31.241
Pkt 4 100 0.04 1
Pkt 5 120 0.0416667 1
Node 46 73 23.3452
Pkt 16 400 0.04 1
Pkt 15 375 0.04 1
Node 40 56 11.6619
Pkt 30 750 0.04 1
Pkt 30 750 0.04 1
Node 65 67 22.6716
Pkt 6 150 0.04 1
Pkt 10 250 0.04 1
Node 47 52 3.60555
Pkt 13 320 0.040625 1
Pkt 20 480 0.0416667 1
Rate:80.7813
==========
==========72
8 0 2 24000
Node 70 41 21.9317
Pkt 7 160 0.04375 1
Pkt 5 120 0.0416667 1
Node 48 59 9.21954
Pkt 12 300 0.04 1
Pkt 15 375 0.04 1
Node 48 52 2.82843
Pkt 32 800 0.04 1
Pkt 30 750 0.04 1
Node 69 28 29.0689
Pkt 10 240 0.0416667 1
Pkt 10 240 0.0416667 1
Node 37 60 16.4012
Pkt 20 480 0.0416667 1
Pkt 12 300 0.04 1
Node 44 67 18.0278
Pkt 32 800 0.04 1
Pkt 30 750 0.04 1
Node 51 62 12.0416
Pkt 7 160 0.04375 1
Pkt 10 240 0.0416667 1
Node 31 66 24.8395
Pkt 13 320 0.040625 1
Pkt 20 480 0.0416667 1
Rate:82.2656
==========
==========73
8 0 2 24000
Node 42 38 14.4222
Pkt 5 120 0.0416667 1
Pkt 6 150 0.04 1
Node 31 74 30.6105
Pkt 15 375 0.04 1
Pkt 15 375 0.04 1
Node 47 34 16.2788
Pkt 32 800 0.04 1
Pkt 30 750 0.04 1
Node 47 67 17.2627
Pkt 6 150 0.04 1
Pkt 8 192 0.0416667 1
Node 42 32 19.6977
Pkt 16 400 0.04 1
Pkt 12 300 0.04 1
Node 61 46 11.7047
Pkt 32 800 0.04 1
Pkt 30 750 0.04 1
Node 42 44 10
Pkt 8 192 0.0416667 1
Pkt 5 120 0.0416667 1
Node 33 73 28.6007
Pkt 15 375 0.04 1
Pkt 20 480 0.0416667 1
Rate:81.0417
==========
==========74
8 0 2 24000
Node 50 44 6
Pkt 7 160 0.04375 1
Pkt 5 125 0.04 1
Node 46 66 16.4924
Pkt 16 400 0.04 1
Pkt 15 375 0.04 1
Node 32 63 22.2036
Pkt 30 750 0.04 1
Pkt 30 750 0.04 1
Node 56 59 10.8167
Pkt 10 250 0.04 1
Pkt 7 160 0.04375 1
Node 25 41 26.5707
Pkt 20 480 0.0416667 1
Pkt 12 300 0.04 1
Node 53 69 19.2354
Pkt 32 800 0.04 1
Pkt 30 750 0.04 1
Node 53 48 3.60555
Pkt 4 100 0.04 1
Pkt 4 100 0.04 1
Node 60 68 20.5913
Pkt 12 300 0.04 1
Pkt 15 375 0.04 1
Rate:81.1458
==========
==========75
8 0 2 24000
Node 65 61 18.6011
Pkt 10 250 0.04 1
Pkt 8 192 0.0416667 1
Node 44 48 6.32456
Pkt 13 320 0.040625 1
Pkt 12 300 0.04 1
Node 32 73 29.2062
Pkt 30 750 0.04 1
Pkt 32 800 0.04 1
Node 72 66 27.2029
Pkt 10 250 0.04 1
Pkt 8 192 0.0416667 1
Node 58 68 19.6977
Pkt 12 300 0.04 1
Pkt 16 400 0.04 1
Node 39 63 17.0294
Pkt 30 750 0.04 1
Pkt 32 800 0.04 1
Node 66 65 21.9317
Pkt 7 160 0.04375 1
Pkt 6 150 0.04 1
Node 46 40 10.7703
Pkt 13 320 0.040625 1
Pkt 15 375 0.04 1
Rate:81.0417
==========
==========76
8 0 2 24000
Node 57 59 11.4018
Pkt 6 150 0.04 1
Pkt 7 160 0.04375 1
Node 54 52 4.47214
Pkt 20 480 0.0416667 1
Pkt 12 300 0.04 1
Node 41 65 17.4929
Pkt 30 750 0.04 1
Pkt 30 750 0.04 1
Node 37 48 13.1529
Pkt 6 150 0.04 1
Pkt 8 200 0.04 1
Node 68 42 19.6977
Pkt 16 400 0.04 1
Pkt 20 480 0.0416667 1
Node 29 66 26.4008
Pkt 32 800 0.04 1
Pkt 30 750 0.04 1
Node 25 66 29.6816
Pkt 6 150 0.04 1
Pkt 7 160 0.04375 1
Node 36 51 14.0357
Pkt 12 300 0.04 1
Pkt 13 320 0.040625 1
Rate:81.4323
==========
==========77
8 0 2 24000
Node 74 56 24.7386
Pkt 5 120 0.0416667 1
Pkt 10 240 0.0416667 1
Node 72 43 23.0868
Pkt 20 480 0.0416667 1
Pkt 15 375 0.04 1
Node 28 66 27.2029
Pkt 30 750 0.04 1
Pkt 32 800 0.04 1
Node 38 35 19.2094
Pkt 10 240 0.0416667 1
Pkt 7 160 0.04375 1
Node 38 41 15
Pkt 16 400 0.04 1
Pkt 15 375 0.04 1
Node 54 33 17.4642
Pkt 30 750 0.04 1
Pkt 30 750 0.04 1
Node 37 33 21.4009
Pkt 5 125 0.04 1
Pkt 10 240 0.0416667 1
Node 66 43 17.4642
Pkt 15 375 0.04 1
Pkt 13 320 0.040625 1
Rate:81.5885
==========
==========78
8 0 2 24000
Node 67 28 27.8029
Pkt 7 160 0.04375 1
Pkt 5 120 0.0416667 1
Node 63 66 20.6155
Pkt 13 320 0.040625 1
Pkt 16 400 0.04 1
Node 42 50 8
Pkt 30 750 0.04 1
Pkt 32 800 0.04 1
Node 34 59 18.3576
Pkt 10 240 0.0416667 1
Pkt 6 150 0.04 1
Node 40 26 26
Pkt 12 300 0.04 1
Pkt 13 320 0.040625 1
Node 60 45 11.1803
Pkt 30 750 0.04 1
Pkt 32 800 0.04 1
Node 50 57 7
Pkt 7 160 0.04375 1
Pkt 5 125 0.04 1
Node 53 39 11.4018
Pkt 16 400 0.04 1
Pkt 15 375 0.04 1
Rate:81.5104
==========
==========79
8 0 2 24000
Node 65 41 17.4929
Pkt 4 100 0.04 1
Pkt 5 120 0.0416667 1
Node 25 39 27.313
Pkt 12 300 0.04 1
Pkt 12 300 0.04 1
Node 63 63 18.3848
Pkt 32 800 0.04 1
Pkt 30 750 0.04 1
Node 56 74 24.7386
Pkt 6 150 0.04 1
Pkt 6 150 0.04 1
Node 59 56 10.8167
Pkt 15 375 0.04 1
Pkt 15 375 0.04 1
Node 52 60 10.198
Pkt 30 750 0.04 1
Pkt 30 750 0.04 1
Node 73 34 28.0179
Pkt 4 100 0.04 1
Pkt 7 160 0.04375 1
Node 33 31 25.4951
Pkt 12 300 0.04 1
Pkt 16 400 0.04 1
Rate:80.6771
==========
==========80
8 0 2 24000
Node 67 70 26.2488
Pkt 8 192 0.0416667 1
Pkt 4 100 0.04 1
Node 64 44 15.2315
Pkt 12 300 0.04 1
Pkt 15 375 0.04 1
Node 66 61 19.4165
Pkt 30 750 0.04 1
Pkt 30 750 0.04 1
Node 70 73 30.4795
Pkt 7 160 0.04375 1
Pkt 10 250 0.04 1
Node 62 54 12.6491
Pkt 13 320 0.040625 1
Pkt 16 400 0.04 1
Node 28 60 24.1661
Pkt 32 800 0.04 1
Pkt 30 750 0.04 1
Node 50 37 13
Pkt 8 192 0.0416667 1
Pkt 6 150 0.04 1
Node 50 67 17
Pkt 20 480 0.0416667 1
Pkt 20 480 0.0416667 1
Rate:81.3802
==========
==========81
8 0 2 24000
Node 43 65 16.5529
Pkt 7 160 0.04375 1
Pkt 5 120 0.0416667 1
Node 58 34 17.8885
Pkt 13 320 0.040625 1
Pkt 16 400 0.04 1
Node 69 62 22.4722
Pkt 30 750 0.04 1
Pkt 32 800 0.04 1
Node 42 44 10
Pkt 8 192 0.0416667 1
Pkt 10 240 0.0416667 1
Node 27 38 25.9422
Pkt 12 300 0.04 1
Pkt 15 375 0.04 1
Node 56 61 12.53
Pkt 30 750 0.04 1
Pkt 30 750 0.04 1
Node 25 40 26.9258
Pkt 8 200 0.04 1
Pkt 5 120 0.0416667 1
Node 36 30 24.4131
Pkt 13 320 0.040625 1
Pkt 16 400 0.04 1
Rate:81.4583
==========
==========82
8 0 2 24000
Node 25 27 33.9706
Pkt 8 200 0.04 1
Pkt 4 100 0.04 1
Node 46 68 18.4391
Pkt 12 300 0.04 1
Pkt 16 400 0.04 1
Node 72 50 22
Pkt 30 750 0.04 1
Pkt 32 800 0.04 1
Node 45 74 24.5153
Pkt 8 200 0.04 1
Pkt 8 200 0.04 1
Node 61 52 11.1803
Pkt 13 320 0.040625 1
Pkt 13 320 0.040625 1
Node 45 31 19.6469
Pkt 30 750 0.04 1
Pkt 32 800 0.04 1
Node 64 60 17.2047
Pkt 7 160 0.04375 1
Pkt 10 240 0.0416667 1
Node 40 33 19.7231
Pkt 12 300 0.04 1
Pkt 13 320 0.040625 1
Rate:80.9115
==========
==========83
8 0 2 24000
Node 70 27 30.4795
Pkt 8 200 0.04 1
Pkt 5 120 0.0416667 1
Node 66 25 29.6816
Pkt 13 320 0.040625 1
Pkt 12 300 0.04 1
Node 45 47 5.83095
Pkt 30 750 0.04 1
Pkt 32 800 0.04 1
Node 65 73 27.4591
Pkt 4 100 0.04 1
Pkt 7 160 0.04375 1
Node 46 54 5.65685
Pkt 12 300 0.04 1
Pkt 13 320 0.040625 1
Node 71 31 28.3196
Pkt 30 750 0.04 1
Pkt 32 800 0.04 1
Node 48 67 17.1172
Pkt 10 240 0.0416667 1
Pkt 7 160 0.04375 1
Node 42 73 24.3516
Pkt 15 375 0.04 1
Pkt 12 300 0.04 1
Rate:81.5104
==========
==========84
8 0 2 24000
Node 31 44 19.9249
Pkt 10 240 0.0416667 1
Pkt 10 250 0.04 1
Node 27 39 25.4951
Pkt 20 480 0.0416667 1
Pkt 15 375 0.04 1
Node 70 67 26.2488
Pkt 32 800 0.04 1
Pkt 30 750 0.04 1
Node 73 43 24.0416
Pkt 8 200 0.04 1
Pkt 7 160 0.04375 1
Node 46 41 9.84886
Pkt 15 375 0.04 1
Pkt 20 480 0.0416667 1
Node 53 67 17.2627
Pkt 32 800 0.04 1
Pkt 32 800 0.04 1
Node 37 48 13.1529
Pkt 6 150 0.04 1
Pkt 4 100 0.04 1
Node 56 54 7.2111
Pkt 12 300 0.04 1
Pkt 12 300 0.04 1
Rate:81.0938
==========
==========85
8 0 2 24000
Node 64 63 19.105
Pkt 10 240 0.0416667 1
Pkt 8 192 0.0416667 1
Node 71 45 21.587
Pkt 20 480 0.0416667 1
Pkt 15 375 0.04 1
Node 57 28 23.0868
Pkt 30 750 0.04 1
Pkt 30 750 0.04 1
Node 58 53 8.544
Pkt 10 240 0.0416667 1
Pkt 6 150 0.04 1
Node 69 70 27.5862
Pkt 15 375 0.04 1
Pkt 12 300 0.04 1
Node 48 31 19.105
Pkt 32 800 0.04 1
Pkt 32 800 0.04 1
Node 63 63 18.3848
Pkt 10 240 0.0416667 1
Pkt 4 100 0.04 1
Node 31 44 19.9249
Pkt 15 375 0.04 1
Pkt 16 400 0.04 1
Rate:81.0417
==========
==========86
8 0 2 24000
Node 25 59 26.5707
Pkt 10 250 0.04 1
Pkt 5 125 0.04 1
Node 38 65 19.2094
Pkt 20 480 0.0416667 1
Pkt 12 300 0.04 1
Node 69 58 20.6155
Pkt 32 800 0.04 1
Pkt 32 800 0.04 1
Node 59 66 18.3576
Pkt 6 150 0.04 1
Pkt 6 150 0.04 1
Node 67 41 19.2354
Pkt 16 400 0.04 1
Pkt 13 320 0.040625 1
Node 50 41 9
Pkt 32 800 0.04 1
Pkt 32 800 0.04 1
Node 39 45 12.083
Pkt 8 192 0.0416667 1
Pkt 6 150 0.04 1
Node 46 70 20.3961
Pkt 16 400 0.04 1
Pkt 12 300 0.04 1
Rate:80.4948
==========
==========87
8 0 2 24000
Node 71 57 22.1359
Pkt 5 120 0.0416667 1
Pkt 10 250 0.04 1
Node 59 47 9.48683
Pkt 16 400 0.04 1
Pkt 20 480 0.0416667 1
Node 67 69 25.4951
Pkt 30 750 0.04 1
Pkt 30 750 0.04 1
Node 40 28 24.1661
Pkt 6 150 0.04 1
Pkt 10 250 0.04 1
Node 33 74 29.4109
Pkt 15 375 0.04 1
Pkt 13 320 0.040625 1
Node 61 26 26.4008
Pkt 30 750 0.04 1
Pkt 32 800 0.04 1
Node 67 59 19.2354
Pkt 5 125 0.04 1
Pkt 10 240 0.0416667 1
Node 70 52 20.0998
Pkt 20 480 0.0416667 1
Pkt 12 300 0.04 1
Rate:80.9115
==========
==========88
8 0 2 24000
Node 42 50 8
Pkt 8 200 0.04 1
Pkt 5 120 0.0416667 1
Node 25 31 31.4006
Pkt 12 300 0.04 1
Pkt 13 320 0.040625 1
Node 68 25 30.8058
Pkt 30 750 0.04 1
Pkt 32 800 0.04 1
Node 28 31 29.0689
Pkt 5 120 0.0416667 1
Pkt 10 240 0.0416667 1
Node 73 47 23.1948
Pkt 13 320 0.040625 1
Pkt 15 375 0.04 1
Node 50 38 12
Pkt 32 800 0.04 1
Pkt 30 750 0.04 1
Node 58 57 10.6301
Pkt 8 200 0.04 1
Pkt 8 192 0.0416667 1
Node 74 36 27.7849
Pkt 20 480 0.0416667 1
Pkt 15 375 0.04 1
Rate:81.1979
==========
==========89
8 0 2 24000
Node 27 74 33.2415
Pkt 10 250 0.04 1
Pkt 7 160 0.04375 1
Node 48 55 5.38516
Pkt 16 400 0.04 1
Pkt 20 480 0.0416667 1
Node 67 59 19.2354
Pkt 30 750 0.04 1
Pkt 30 750 0.04 1
Node 70 64 24.4131
Pkt 5 125 0.04 1
Pkt 10 240 0.0416667 1
Node 59 28 23.7697
Pkt 13 320 0.040625 1
Pkt 16 400 0.04 1
Node 25 51 25.02
Pkt 32 800 0.04 1
Pkt 32 800 0.04 1
Node 64 35 20.5183
Pkt 8 200 0.04 1
Pkt 5 125 0.04 1
Node 25 48 25.0799
Pkt 15 375 0.04 1
Pkt 16 400 0.04 1
Rate:80.9635
==========
==========90
8 0 2 24000
Node 27 49 23.0217
Pkt 8 200 0.04 1
Pkt 10 240 0.0416667 1
Node 43 49 7.07107
Pkt 16 400 0.04 1
Pkt 16 400 0.04 1
Node 74 34 28.8444
Pkt 32 800 0.04 1
Pkt 32 800 0.04 1
Node 54 59 9.84886
Pkt 5 120 0.0416667 1
Pkt 7 160 0.04375 1
Node 29 37 24.6982
Pkt 16 400 0.04 1
Pkt 12 300 0.04 1
Node 42 59 12.0416
Pkt 30 750 0.04 1
Pkt 32 800 0.04 1
Node 74 59 25.632
Pkt 10 250 0.04 1
Pkt 10 250 0.04 1
Node 35 60 18.0278
Pkt 20 480 0.0416667 1
Pkt 13 320 0.040625 1
Rate:81.1719
==========
==========91
8 0 2 24000
Node 40 28 24.1661
Pkt 5 120 0.0416667 1
Pkt 5 125 0.04 1
Node 47 50 3
Pkt 15 375 0.04 1
Pkt 15 375 0.04 1
Node 25 57 25.9615
Pkt 30 750 0.04 1
Pkt 32 800 0.04 1
Node 71 58 22.4722
Pkt 5 125 0.04 1
Pkt 7 160 0.04375 1
Node 53 32 18.2483
Pkt 15 375 0.04 1
Pkt 20 480 0.0416667 1
Node 48 28 22.0907
Pkt 32 800 0.04 1
Pkt 32 800 0.04 1
Node 40 58 12.8062
Pkt 10 250 0.04 1
Pkt 6 150 0.04 1
Node 63 38 17.6918
Pkt 13 320 0.040625 1
Pkt 15 375 0.04 1
Rate:80.9635
==========
==========92
8 0 2 24000
Node 70 46 20.3961
Pkt 10 240 0.0416667 1
Pkt 5 125 0.04 1
Node 74 70 31.241
Pkt 20 480 0.0416667 1
Pkt 20 480 0.0416667 1
Node 59 53 9.48683
Pkt 32 800 0.04 1
Pkt 32 800 0.04 1
Node 29 29 29.6985
Pkt 5 120 0.0416667 1
Pkt 4 100 0.04 1
Node 61 71 23.7065
Pkt 20 480 0.0416667 1
Pkt 20 480 0.0416667 1
Node 69 74 30.6105
Pkt 30 750 0.04 1
Pkt 30 750 0.04 1
Node 51 46 4.12311
Pkt 10 250 0.04 1
Pkt 4 100 0.04 1
Node 73 51 23.0217
Pkt 20 480 0.0416667 1
Pkt 16 400 0.04 1
Rate:81.4583
==========
==========93
8 0 2 24000
Node 60 54 10.7703
Pkt 10 240 0.0416667 1
Pkt 10 240 0.0416667 1
Node 33 27 28.6007
Pkt 15 375 0.04 1
Pkt 15 375 0.04 1
Node 25 53 25.1794
Pkt 32 800 0.04 1
Pkt 32 800 0.04 1
Node 41 60 13.4536
Pkt 8 192 0.0416667 1
Pkt 4 100 0.04 1
Node 47 65 15.2971
Pkt 20 480 0.0416667 1
Pkt 20 480 0.0416667 1
Node 34 65 21.9317
Pkt 30 750 0.04 1
Pkt 32 800 0.04 1
Node 70 36 24.4131
Pkt 8 200 0.04 1
Pkt 4 100 0.04 1
Node 57 31 20.2485
Pkt 13 320 0.040625 1
Pkt 20 480 0.0416667 1
Rate:81.3281
==========
==========94
8 0 2 24000
Node 63 71 24.6982
Pkt 4 100 0.04 1
Pkt 6 150 0.04 1
Node 56 35 16.1555
Pkt 13 320 0.040625 1
Pkt 13 320 0.040625 1
Node 67 34 23.3452
Pkt 30 750 0.04 1
Pkt 30 750 0.04 1
Node 69 73 29.8329
Pkt 8 200 0.04 1
Pkt 4 100 0.04 1
Node 31 57 20.2485
Pkt 15 375 0.04 1
Pkt 13 320 0.040625 1
Node 60 63 16.4012
Pkt 30 750 0.04 1
Pkt 30 750 0.04 1
Node 54 26 24.3311
Pkt 5 125 0.04 1
Pkt 8 200 0.04 1
Node 50 72 22
Pkt 13 320 0.040625 1
Pkt 13 320 0.040625 1
Rate:80.3906
==========
==========95
8 0 2 24000
Node 60 25 26.9258
Pkt 10 250 0.04 1
Pkt 7 160 0.04375 1
Node 64 30 24.4131
Pkt 20 480 0.0416667 1
Pkt 15 375 0.04 1
Node 54 74 24.3311
Pkt 32 800 0.04 1
Pkt 30 750 0.04 1
Node 48 58 8.24621
Pkt 7 160 0.04375 1
Pkt 5 120 0.0416667 1
Node 44 46 7.2111
Pkt 20 480 0.0416667 1
Pkt 15 375 0.04 1
Node 59 59 12.7279
Pkt 32 800 0.04 1
Pkt 32 800 0.04 1
Node 39 54 11.7047
Pkt 8 200 0.04 1
Pkt 8 200 0.04 1
Node 70 37 23.8537
Pkt 16 400 0.04 1
Pkt 16 400 0.04 1
Rate:81.5625
==========
==========96
8 0 2 24000
Node 54 54 5.65685
Pkt 8 200 0.04 1
Pkt 5 125 0.04 1
Node 31 73 29.8329
Pkt 15 375 0.04 1
Pkt 20 480 0.0416667 1
Node 49 46 4.12311
Pkt 30 750 0.04 1
Pkt 32 800 0.04 1
Node 55 33 17.72
Pkt 5 125 0.04 1
Pkt 8 192 0.0416667 1
Node 62 67 20.8087
Pkt 16 400 0.04 1
Pkt 13 320 0.040625 1
Node 43 45 8.60233
Pkt 32 800 0.04 1
Pkt 30 750 0.04 1
Node 57 65 16.5529
Pkt 5 120 0.0416667 1
Pkt 5 125 0.04 1
Node 30 45 20.6155
Pkt 15 375 0.04 1
Pkt 12 300 0.04 1
Rate:80.7031
==========
==========97
8 0 2 24000
Node 49 34 16.0312
Pkt 4 100 0.04 1
Pkt 6 150 0.04 1
Node 37 60 16.4012
Pkt 15 375 0.04 1
Pkt 15 375 0.04 1
Node 29 65 25.807
Pkt 30 750 0.04 1
Pkt 30 750 0.04 1
Node 35 64 20.5183
Pkt 6 150 0.04 1
Pkt 5 120 0.0416667 1
Node 69 42 20.6155
Pkt 12 300 0.04 1
Pkt 12 300 0.04 1
Node 66 27 28.0179
Pkt 30 750 0.04 1
Pkt 32 800 0.04 1
Node 57 29 22.1359
Pkt 5 125 0.04 1
Pkt 6 150 0.04 1
Node 57 72 23.0868
Pkt 16 400 0.04 1
Pkt 20 480 0.0416667 1
Rate:80.4167
==========
==========98
8 0 2 24000
Node 58 47 8.544
Pkt 10 250 0.04 1
Pkt 10 240 0.0416667 1
Node 39 45 12.083
Pkt 20 480 0.0416667 1
Pkt 13 320 0.040625 1
Node 62 46 12.6491
Pkt 32 800 0.04 1
Pkt 32 800 0.04 1
Node 38 60 15.6205
Pkt 10 240 0.0416667 1
Pkt 4 100 0.04 1
Node 57 45 8.60233
Pkt 16 400 0.04 1
Pkt 12 300 0.04 1
Node 28 52 22.0907
Pkt 30 750 0.04 1
Pkt 30 750 0.04 1
Node 44 65 16.1555
Pkt 10 250 0.04 1
Pkt 5 120 0.0416667 1
Node 25 29 32.6497
Pkt 13 320 0.040625 1
Pkt 12 300 0.04 1
Rate:80.9896
==========
==========99
