8 0 2 24000
Node 36 70 24.4131
Pkt 68 240 0.283333 1
Pkt 68 240 0.283333 1
Node 55 51 5.09902
Pkt 105 375 0.28 1
Pkt 105 375 0.28 1
Node 60 48 10.198
Pkt 224 800 0.28 1
Pkt 224 800 0.28 1
Node 31 48 19.105
Pkt 70 250 0.28 1
Pkt 34 120 0.283333 1
Node 48 48 2.82843
Pkt 84 300 0.28 1
Pkt 135 480 0.28125 1
Node 58 33 18.7883
Pkt 210 750 0.28 1
Pkt 210 750 0.28 1
Node 28 29 30.4138
Pkt 68 240 0.283333 1
Pkt 70 250 0.28 1
Node 74 71 31.8904
Pkt 105 375 0.28 1
Pkt 105 375 0.28 1
Rate:561.823
==========
==========0
8 0 2 24000
Node 29 26 31.8904
Pkt 70 250 0.28 1
Pkt 56 200 0.28 1
Node 32 26 30
Pkt 105 375 0.28 1
Pkt 135 480 0.28125 1
Node 68 30 26.9072
Pkt 224 800 0.28 1
Pkt 224 800 0.28 1
Node 62 40 15.6205
Pkt 42 150 0.28 1
Pkt 42 150 0.28 1
Node 60 55 11.1803
Pkt 105 375 0.28 1
Pkt 105 375 0.28 1
Node 52 34 16.1245
Pkt 210 750 0.28 1
Pkt 210 750 0.28 1
Node 34 49 16.0312
Pkt 68 240 0.283333 1
Pkt 42 150 0.28 1
Node 33 40 19.7231
Pkt 112 400 0.28 1
Pkt 135 480 0.28125 1
Rate:560.729
==========
==========1
8 0 2 24000
Node 38 55 13
Pkt 70 250 0.28 1
Pkt 68 240 0.283333 1
Node 35 32 23.4307
Pkt 135 480 0.28125 1
Pkt 135 480 0.28125 1
Node 46 49 4.12311
Pkt 210 750 0.28 1
Pkt 224 800 0.28 1
Node 52 68 18.1108
Pkt 42 150 0.28 1
Pkt 34 120 0.283333 1
Node 30 32 26.9072
Pkt 90 320 0.28125 1
Pkt 135 480 0.28125 1
Node 50 63 13
Pkt 224 800 0.28 1
Pkt 210 750 0.28 1
Node 64 48 14.1421
Pkt 35 125 0.28 1
Pkt 68 240 0.283333 1
Node 74 70 31.241
Pkt 112 400 0.28 1
Pkt 135 480 0.28125 1
Rate:562.031
==========
==========2
8 0 2 24000
Node 36 29 25.2389
Pkt 68 240 0.283333 1
Pkt 42 150 0.28 1
Node 59 50 9
Pkt 105 375 0.28 1
Pkt 135 480 0.28125 1
Node 47 53 4.24264
Pkt 224 800 0.28 1
Pkt 210 750 0.28 1
Node 40 67 19.7231
Pkt 70 250 0.28 1
Pkt 54 192 0.28125 1
Node 49 52 2.23607
Pkt 135 480 0.28125 1
Pkt 135 480 0.28125 1
Node 61 57 13.0384
Pkt 210 750 0.28 1
Pkt 224 800 0.28 1
Node 58 72 23.4094
Pkt 54 192 0.28125 1
Pkt 28 100 0.28 1
Node 63 29 24.6982
Pkt 135 480 0.28125 1
Pkt 105 375 0.28 1
Rate:561.354
==========
==========3
8 0 2 24000
Node 34 46 16.4924
Pkt 56 200 0.28 1
Pkt 56 200 0.28 1
Node 39 37 17.0294
Pkt 84 300 0.28 1
Pkt 84 300 0.28 1
Node 53 27 23.1948
Pkt 224 800 0.28 1
Pkt 210 750 0.28 1
Node 29 29 29.6985
Pkt 42 150 0.28 1
Pkt 35 125 0.28 1
Node 56 31 19.9249
Pkt 112 400 0.28 1
Pkt 90 320 0.28125 1
Node 65 50 15
Pkt 210 750 0.28 1
Pkt 224 800 0.28 1
Node 57 32 19.3132
Pkt 45 160 0.28125 1
Pkt 56 200 0.28 1
Node 25 70 32.0156
Pkt 90 320 0.28125 1
Pkt 84 300 0.28 1
Rate:560.469
==========
==========4
8 0 2 24000
Node 63 45 13.9284
Pkt 45 160 0.28125 1
Pkt 42 150 0.28 1
Node 46 57 8.06226
Pkt 112 400 0.28 1
Pkt 90 320 0.28125 1
Node 54 55 6.40312
Pkt 224 800 0.28 1
Pkt 210 750 0.28 1
Node 46 72 22.3607
Pkt 35 125 0.28 1
Pkt 45 160 0.28125 1
Node 65 58 17
Pkt 135 480 0.28125 1
Pkt 84 300 0.28 1
Node 69 61 21.9545
Pkt 224 800 0.28 1
Pkt 224 800 0.28 1
Node 70 49 20.025
Pkt 54 192 0.28125 1
Pkt 34 120 0.283333 1
Node 58 38 14.4222
Pkt 112 400 0.28 1
Pkt 90 320 0.28125 1
Rate:561.354
==========
==========5
8 0 2 24000
Node 25 29 32.6497
Pkt 28 100 0.28 1
Pkt 28 100 0.28 1
Node 69 55 19.6469
Pkt 135 480 0.28125 1
Pkt 105 375 0.28 1
Node 33 43 18.3848
Pkt 224 800 0.28 1
Pkt 210 750 0.28 1
Node 60 46 10.7703
Pkt 68 240 0.283333 1
Pkt 68 240 0.283333 1
Node 54 62 12.6491
Pkt 105 375 0.28 1
Pkt 112 400 0.28 1
Node 35 39 18.6011
Pkt 210 750 0.28 1
Pkt 210 750 0.28 1
Node 34 40 18.868
Pkt 28 100 0.28 1
Pkt 35 125 0.28 1
Node 72 30 29.7321
Pkt 105 375 0.28 1
Pkt 84 300 0.28 1
Rate:560.99
==========
==========6
8 0 2 24000
Node 41 26 25.632
Pkt 56 200 0.28 1
Pkt 45 160 0.28125 1
Node 66 31 24.8395
Pkt 135 480 0.28125 1
Pkt 90 320 0.28125 1
Node 25 35 29.1548
Pkt 224 800 0.28 1
Pkt 224 800 0.28 1
Node 51 49 1.41421
Pkt 35 125 0.28 1
Pkt 45 160 0.28125 1
Node 72 38 25.0599
Pkt 105 375 0.28 1
Pkt 84 300 0.28 1
Node 45 70 20.6155
Pkt 210 750 0.28 1
Pkt 210 750 0.28 1
Node 47 33 17.2627
Pkt 35 125 0.28 1
Pkt 35 125 0.28 1
Node 56 27 23.7697
Pkt 112 400 0.28 1
Pkt 105 375 0.28 1
Rate:560.625
==========
==========7
8 0 2 24000
Node 52 64 14.1421
Pkt 54 192 0.28125 1
Pkt 34 120 0.283333 1
Node 47 69 19.2354
Pkt 84 300 0.28 1
Pkt 112 400 0.28 1
Node 61 42 13.6015
Pkt 210 750 0.28 1
Pkt 210 750 0.28 1
Node 71 29 29.6985
Pkt 35 125 0.28 1
Pkt 45 160 0.28125 1
Node 70 51 20.025
Pkt 84 300 0.28 1
Pkt 105 375 0.28 1
Node 49 72 22.0227
Pkt 224 800 0.28 1
Pkt 210 750 0.28 1
Node 56 56 8.48528
Pkt 68 240 0.283333 1
Pkt 56 200 0.28 1
Node 72 50 22
Pkt 105 375 0.28 1
Pkt 90 320 0.28125 1
Rate:561.302
==========
==========8
8 0 2 24000
Node 28 54 22.3607
Pkt 28 100 0.28 1
Pkt 70 250 0.28 1
Node 31 61 21.9545
Pkt 105 375 0.28 1
Pkt 135 480 0.28125 1
Node 50 55 5
Pkt 210 750 0.28 1
Pkt 210 750 0.28 1
Node 45 27 23.5372
Pkt 54 192 0.28125 1
Pkt 34 120 0.283333 1
Node 46 34 16.4924
Pkt 90 320 0.28125 1
Pkt 84 300 0.28 1
Node 39 49 11.0454
Pkt 224 800 0.28 1
Pkt 210 750 0.28 1
Node 40 30 22.3607
Pkt 35 125 0.28 1
Pkt 56 200 0.28 1
Node 43 42 10.6301
Pkt 84 300 0.28 1
Pkt 84 300 0.28 1
Rate:560.885
==========
==========9
8 0 2 24000
Node 37 40 16.4012
Pkt 54 192 0.28125 1
Pkt 56 200 0.28 1
Node 39 59 14.2127
Pkt 112 400 0.28 1
Pkt 105 375 0.28 1
Node 57 37 14.7648
Pkt 224 800 0.28 1
Pkt 224 800 0.28 1
Node 44 58 10
Pkt 68 240 0.283333 1
Pkt 56 200 0.28 1
Node 51 61 11.0454
Pkt 112 400 0.28 1
Pkt 112 400 0.28 1
Node 29 31 28.3196
Pkt 210 750 0.28 1
Pkt 210 750 0.28 1
Node 61 54 11.7047
Pkt 35 125 0.28 1
Pkt 54 192 0.28125 1
Node 50 29 21
Pkt 90 320 0.28125 1
Pkt 105 375 0.28 1
Rate:560.885
==========
==========10
8 0 2 24000
Node 54 45 6.40312
Pkt 54 192 0.28125 1
Pkt 68 240 0.283333 1
Node 58 27 24.3516
Pkt 135 480 0.28125 1
Pkt 105 375 0.28 1
Node 56 51 6.08276
Pkt 224 800 0.28 1
Pkt 210 750 0.28 1
Node 55 63 13.9284
Pkt 56 200 0.28 1
Pkt 54 192 0.28125 1
Node 35 64 20.5183
Pkt 112 400 0.28 1
Pkt 105 375 0.28 1
Node 36 60 17.2047
Pkt 210 750 0.28 1
Pkt 210 750 0.28 1
Node 64 28 26.0768
Pkt 42 150 0.28 1
Pkt 70 250 0.28 1
Node 52 48 2.82843
Pkt 84 300 0.28 1
Pkt 84 300 0.28 1
Rate:560.885
==========
==========11
8 0 2 24000
Node 67 73 28.6007
Pkt 56 200 0.28 1
Pkt 45 160 0.28125 1
Node 66 31 24.8395
Pkt 90 320 0.28125 1
Pkt 105 375 0.28 1
Node 43 66 17.4642
Pkt 210 750 0.28 1
Pkt 224 800 0.28 1
Node 53 29 21.2132
Pkt 45 160 0.28125 1
Pkt 42 150 0.28 1
Node 62 29 24.1868
Pkt 135 480 0.28125 1
Pkt 112 400 0.28 1
Node 29 60 23.2594
Pkt 224 800 0.28 1
Pkt 210 750 0.28 1
Node 45 31 19.6469
Pkt 45 160 0.28125 1
Pkt 45 160 0.28125 1
Node 70 50 20
Pkt 135 480 0.28125 1
Pkt 135 480 0.28125 1
Rate:561.25
==========
==========12
8 0 2 24000
Node 32 45 18.6815
Pkt 56 200 0.28 1
Pkt 56 200 0.28 1
Node 29 49 21.0238
Pkt 105 375 0.28 1
Pkt 135 480 0.28125 1
Node 43 63 14.7648
Pkt 224 800 0.28 1
Pkt 224 800 0.28 1
Node 51 65 15.0333
Pkt 68 240 0.283333 1
Pkt 56 200 0.28 1
Node 68 48 18.1108
Pkt 90 320 0.28125 1
Pkt 90 320 0.28125 1
Node 38 47 12.3693
Pkt 210 750 0.28 1
Pkt 210 750 0.28 1
Node 46 66 16.4924
Pkt 28 100 0.28 1
Pkt 35 125 0.28 1
Node 48 71 21.095
Pkt 112 400 0.28 1
Pkt 135 480 0.28125 1
Rate:561.042
==========
==========13
8 0 2 24000
Node 38 62 16.9706
Pkt 56 200 0.28 1
Pkt 35 125 0.28 1
Node 33 49 17.0294
Pkt 90 320 0.28125 1
Pkt 105 375 0.28 1
Node 46 55 6.40312
Pkt 210 750 0.28 1
Pkt 224 800 0.28 1
Node 53 40 10.4403
Pkt 34 120 0.283333 1
Pkt 68 240 0.283333 1
Node 29 32 27.6586
Pkt 105 375 0.28 1
Pkt 105 375 0.28 1
Node 73 49 23.0217
Pkt 224 800 0.28 1
Pkt 210 750 0.28 1
Node 35 53 15.2971
Pkt 28 100 0.28 1
Pkt 42 150 0.28 1
Node 52 44 6.32456
Pkt 90 320 0.28125 1
Pkt 112 400 0.28 1
Rate:561.146
==========
==========14
8 0 2 24000
Node 39 49 11.0454
Pkt 28 100 0.28 1
Pkt 70 250 0.28 1
Node 31 46 19.4165
Pkt 105 375 0.28 1
Pkt 105 375 0.28 1
Node 65 71 25.807
Pkt 210 750 0.28 1
Pkt 224 800 0.28 1
Node 74 46 24.3311
Pkt 56 200 0.28 1
Pkt 68 240 0.283333 1
Node 49 53 3.16228
Pkt 135 480 0.28125 1
Pkt 135 480 0.28125 1
Node 72 56 22.8035
Pkt 210 750 0.28 1
Pkt 224 800 0.28 1
Node 56 58 10
Pkt 34 120 0.283333 1
Pkt 70 250 0.28 1
Node 54 29 21.3776
Pkt 90 320 0.28125 1
Pkt 90 320 0.28125 1
Rate:561.458
==========
==========15
8 0 2 24000
Node 26 73 33.2415
Pkt 70 250 0.28 1
Pkt 45 160 0.28125 1
Node 27 28 31.8277
Pkt 84 300 0.28 1
Pkt 90 320 0.28125 1
Node 49 71 21.0238
Pkt 210 750 0.28 1
Pkt 210 750 0.28 1
Node 60 61 14.8661
Pkt 68 240 0.283333 1
Pkt 56 200 0.28 1
Node 26 28 32.5576
Pkt 84 300 0.28 1
Pkt 84 300 0.28 1
Node 28 71 30.4138
Pkt 210 750 0.28 1
Pkt 210 750 0.28 1
Node 32 35 23.4307
Pkt 42 150 0.28 1
Pkt 56 200 0.28 1
Node 27 65 27.4591
Pkt 90 320 0.28125 1
Pkt 112 400 0.28 1
Rate:560.885
==========
==========16
8 0 2 24000
Node 61 55 12.083
Pkt 56 200 0.28 1
Pkt 42 150 0.28 1
Node 40 45 11.1803
Pkt 84 300 0.28 1
Pkt 90 320 0.28125 1
Node 48 61 11.1803
Pkt 210 750 0.28 1
Pkt 224 800 0.28 1
Node 63 58 15.2643
Pkt 56 200 0.28 1
Pkt 70 250 0.28 1
Node 39 51 11.0454
Pkt 135 480 0.28125 1
Pkt 105 375 0.28 1
Node 50 66 16
Pkt 224 800 0.28 1
Pkt 224 800 0.28 1
Node 49 27 23.0217
Pkt 42 150 0.28 1
Pkt 54 192 0.28125 1
Node 41 53 9.48683
Pkt 90 320 0.28125 1
Pkt 112 400 0.28 1
Rate:560.625
==========
==========17
8 0 2 24000
Node 65 30 25
Pkt 35 125 0.28 1
Pkt 54 192 0.28125 1
Node 74 69 30.6105
Pkt 84 300 0.28 1
Pkt 112 400 0.28 1
Node 67 69 25.4951
Pkt 224 800 0.28 1
Pkt 224 800 0.28 1
Node 45 66 16.7631
Pkt 56 200 0.28 1
Pkt 54 192 0.28125 1
Node 56 67 18.0278
Pkt 105 375 0.28 1
Pkt 90 320 0.28125 1
Node 47 65 15.2971
Pkt 224 800 0.28 1
Pkt 210 750 0.28 1
Node 61 40 14.8661
Pkt 42 150 0.28 1
Pkt 28 100 0.28 1
Node 49 27 23.0217
Pkt 90 320 0.28125 1
Pkt 135 480 0.28125 1
Rate:560.781
==========
==========18
8 0 2 24000
Node 62 71 24.1868
Pkt 35 125 0.28 1
Pkt 28 100 0.28 1
Node 42 50 8
Pkt 135 480 0.28125 1
Pkt 112 400 0.28 1
Node 71 25 32.6497
Pkt 224 800 0.28 1
Pkt 224 800 0.28 1
Node 43 44 9.21954
Pkt 45 160 0.28125 1
Pkt 45 160 0.28125 1
Node 25 41 26.5707
Pkt 105 375 0.28 1
Pkt 84 300 0.28 1
Node 37 43 14.7648
Pkt 210 750 0.28 1
Pkt 224 800 0.28 1
Node 37 69 23.0217
Pkt 35 125 0.28 1
Pkt 34 120 0.283333 1
Node 63 59 15.8114
Pkt 90 320 0.28125 1
Pkt 84 300 0.28 1
Rate:561.042
==========
==========19
8 0 2 24000
Node 38 59 15
Pkt 34 120 0.283333 1
Pkt 54 192 0.28125 1
Node 30 27 30.4795
Pkt 112 400 0.28 1
Pkt 105 375 0.28 1
Node 62 40 15.6205
Pkt 210 750 0.28 1
Pkt 224 800 0.28 1
Node 70 31 27.5862
Pkt 54 192 0.28125 1
Pkt 70 250 0.28 1
Node 64 44 15.2315
Pkt 135 480 0.28125 1
Pkt 135 480 0.28125 1
Node 44 72 22.8035
Pkt 210 750 0.28 1
Pkt 210 750 0.28 1
Node 43 42 10.6301
Pkt 34 120 0.283333 1
Pkt 54 192 0.28125 1
Node 67 62 20.8087
Pkt 84 300 0.28 1
Pkt 112 400 0.28 1
Rate:561.615
==========
==========20
8 0 2 24000
Node 50 51 1
Pkt 35 125 0.28 1
Pkt 45 160 0.28125 1
Node 72 25 33.3017
Pkt 105 375 0.28 1
Pkt 90 320 0.28125 1
Node 43 65 16.5529
Pkt 224 800 0.28 1
Pkt 224 800 0.28 1
Node 74 27 33.2415
Pkt 45 160 0.28125 1
Pkt 68 240 0.283333 1
Node 33 57 18.3848
Pkt 112 400 0.28 1
Pkt 90 320 0.28125 1
Node 27 56 23.7697
Pkt 210 750 0.28 1
Pkt 224 800 0.28 1
Node 41 60 13.4536
Pkt 34 120 0.283333 1
Pkt 28 100 0.28 1
Node 40 62 15.6205
Pkt 84 300 0.28 1
Pkt 105 375 0.28 1
Rate:561.458
==========
==========21
8 0 2 24000
Node 31 51 19.0263
Pkt 35 125 0.28 1
Pkt 28 100 0.28 1
Node 37 33 21.4009
Pkt 112 400 0.28 1
Pkt 112 400 0.28 1
Node 58 62 14.4222
Pkt 210 750 0.28 1
Pkt 224 800 0.28 1
Node 39 58 13.6015
Pkt 28 100 0.28 1
Pkt 28 100 0.28 1
Node 57 45 8.60233
Pkt 112 400 0.28 1
Pkt 90 320 0.28125 1
Node 34 29 26.4008
Pkt 210 750 0.28 1
Pkt 224 800 0.28 1
Node 68 45 18.6815
Pkt 35 125 0.28 1
Pkt 35 125 0.28 1
Node 62 49 12.0416
Pkt 112 400 0.28 1
Pkt 112 400 0.28 1
Rate:560.156
==========
==========22
8 0 2 24000
Node 43 70 21.1896
Pkt 42 150 0.28 1
Pkt 70 250 0.28 1
Node 69 50 19
Pkt 105 375 0.28 1
Pkt 112 400 0.28 1
Node 30 28 29.7321
Pkt 210 750 0.28 1
Pkt 224 800 0.28 1
Node 27 48 23.0868
Pkt 34 120 0.283333 1
Pkt 42 150 0.28 1
Node 74 44 24.7386
Pkt 135 480 0.28125 1
Pkt 90 320 0.28125 1
Node 52 46 4.47214
Pkt 210 750 0.28 1
Pkt 224 800 0.28 1
Node 74 30 31.241
Pkt 34 120 0.283333 1
Pkt 45 160 0.28125 1
Node 47 71 21.2132
Pkt 135 480 0.28125 1
Pkt 84 300 0.28 1
Rate:561.458
==========
==========23
8 0 2 24000
Node 63 25 28.178
Pkt 56 200 0.28 1
Pkt 34 120 0.283333 1
Node 53 74 24.1868
Pkt 84 300 0.28 1
Pkt 105 375 0.28 1
Node 37 32 22.2036
Pkt 224 800 0.28 1
Pkt 210 750 0.28 1
Node 44 55 7.81025
Pkt 35 125 0.28 1
Pkt 35 125 0.28 1
Node 42 53 8.544
Pkt 135 480 0.28125 1
Pkt 112 400 0.28 1
Node 64 43 15.6525
Pkt 210 750 0.28 1
Pkt 210 750 0.28 1
Node 65 55 15.8114
Pkt 34 120 0.283333 1
Pkt 34 120 0.283333 1
Node 36 65 20.5183
Pkt 135 480 0.28125 1
Pkt 135 480 0.28125 1
Rate:561.719
==========
==========24
8 0 2 24000
Node 52 74 24.0832
Pkt 42 150 0.28 1
Pkt 35 125 0.28 1
Node 59 39 14.2127
Pkt 90 320 0.28125 1
Pkt 112 400 0.28 1
Node 49 42 8.06226
Pkt 224 800 0.28 1
Pkt 210 750 0.28 1
Node 25 29 32.6497
Pkt 45 160 0.28125 1
Pkt 56 200 0.28 1
Node 37 49 13.0384
Pkt 135 480 0.28125 1
Pkt 84 300 0.28 1
Node 65 74 28.3019
Pkt 224 800 0.28 1
Pkt 224 800 0.28 1
Node 65 72 26.6271
Pkt 70 250 0.28 1
Pkt 45 160 0.28125 1
Node 72 40 24.1661
Pkt 90 320 0.28125 1
Pkt 135 480 0.28125 1
Rate:560.938
==========
==========25
8 0 2 24000
Node 61 39 15.5563
Pkt 54 192 0.28125 1
Pkt 42 150 0.28 1
Node 70 44 20.8806
Pkt 105 375 0.28 1
Pkt 112 400 0.28 1
Node 42 58 11.3137
Pkt 224 800 0.28 1
Pkt 210 750 0.28 1
Node 74 33 29.4109
Pkt 45 160 0.28125 1
Pkt 56 200 0.28 1
Node 59 62 15
Pkt 112 400 0.28 1
Pkt 90 320 0.28125 1
Node 36 36 19.799
Pkt 210 750 0.28 1
Pkt 210 750 0.28 1
Node 57 35 16.5529
Pkt 68 240 0.283333 1
Pkt 35 125 0.28 1
Node 58 31 20.6155
Pkt 90 320 0.28125 1
Pkt 84 300 0.28 1
Rate:561.042
==========
==========26
8 0 2 24000
Node 64 47 14.3178
Pkt 35 125 0.28 1
Pkt 56 200 0.28 1
Node 73 29 31.1448
Pkt 84 300 0.28 1
Pkt 90 320 0.28125 1
Node 46 36 14.5602
Pkt 210 750 0.28 1
Pkt 210 750 0.28 1
Node 45 49 5.09902
Pkt 28 100 0.28 1
Pkt 54 192 0.28125 1
Node 28 68 28.4253
Pkt 90 320 0.28125 1
Pkt 90 320 0.28125 1
Node 63 42 15.2643
Pkt 210 750 0.28 1
Pkt 224 800 0.28 1
Node 58 64 16.1245
Pkt 70 250 0.28 1
Pkt 45 160 0.28125 1
Node 63 73 26.4197
Pkt 135 480 0.28125 1
Pkt 105 375 0.28 1
Rate:560.938
==========
==========27
8 0 2 24000
Node 30 37 23.8537
Pkt 54 192 0.28125 1
Pkt 68 240 0.283333 1
Node 67 60 19.7231
Pkt 105 375 0.28 1
Pkt 90 320 0.28125 1
Node 42 39 13.6015
Pkt 224 800 0.28 1
Pkt 210 750 0.28 1
Node 43 33 18.3848
Pkt 56 200 0.28 1
Pkt 42 150 0.28 1
Node 45 55 7.07107
Pkt 105 375 0.28 1
Pkt 112 400 0.28 1
Node 40 61 14.8661
Pkt 224 800 0.28 1
Pkt 224 800 0.28 1
Node 58 57 10.6301
Pkt 70 250 0.28 1
Pkt 54 192 0.28125 1
Node 48 63 13.1529
Pkt 84 300 0.28 1
Pkt 105 375 0.28 1
Rate:560.885
==========
==========28
8 0 2 24000
Node 59 57 11.4018
Pkt 56 200 0.28 1
Pkt 54 192 0.28125 1
Node 63 41 15.8114
Pkt 135 480 0.28125 1
Pkt 90 320 0.28125 1
Node 64 43 15.6525
Pkt 224 800 0.28 1
Pkt 224 800 0.28 1
Node 46 47 5
Pkt 35 125 0.28 1
Pkt 70 250 0.28 1
Node 50 49 1
Pkt 84 300 0.28 1
Pkt 112 400 0.28 1
Node 65 46 15.5242
Pkt 210 750 0.28 1
Pkt 224 800 0.28 1
Node 63 51 13.0384
Pkt 56 200 0.28 1
Pkt 34 120 0.283333 1
Node 35 70 25
Pkt 105 375 0.28 1
Pkt 112 400 0.28 1
Rate:560.885
==========
==========29
8 0 2 24000
Node 59 36 16.6433
Pkt 56 200 0.28 1
Pkt 56 200 0.28 1
Node 63 31 23.0217
Pkt 90 320 0.28125 1
Pkt 90 320 0.28125 1
Node 61 45 12.083
Pkt 224 800 0.28 1
Pkt 210 750 0.28 1
Node 49 26 24.0208
Pkt 34 120 0.283333 1
Pkt 70 250 0.28 1
Node 33 32 24.7588
Pkt 105 375 0.28 1
Pkt 105 375 0.28 1
Node 61 26 26.4008
Pkt 210 750 0.28 1
Pkt 224 800 0.28 1
Node 36 32 22.8035
Pkt 54 192 0.28125 1
Pkt 54 192 0.28125 1
Node 37 58 15.2643
Pkt 90 320 0.28125 1
Pkt 135 480 0.28125 1
Rate:561.354
==========
==========30
8 0 2 24000
Node 74 67 29.4109
Pkt 28 100 0.28 1
Pkt 34 120 0.283333 1
Node 54 64 14.5602
Pkt 105 375 0.28 1
Pkt 84 300 0.28 1
Node 65 58 17
Pkt 224 800 0.28 1
Pkt 210 750 0.28 1
Node 37 34 20.6155
Pkt 56 200 0.28 1
Pkt 34 120 0.283333 1
Node 49 54 4.12311
Pkt 90 320 0.28125 1
Pkt 105 375 0.28 1
Node 59 74 25.632
Pkt 224 800 0.28 1
Pkt 224 800 0.28 1
Node 65 59 17.4929
Pkt 70 250 0.28 1
Pkt 68 240 0.283333 1
Node 45 73 23.5372
Pkt 105 375 0.28 1
Pkt 105 375 0.28 1
Rate:561.406
==========
==========31
8 0 2 24000
Node 32 39 21.095
Pkt 34 120 0.283333 1
Pkt 42 150 0.28 1
Node 61 26 26.4008
Pkt 84 300 0.28 1
Pkt 84 300 0.28 1
Node 46 58 8.94427
Pkt 210 750 0.28 1
Pkt 224 800 0.28 1
Node 44 73 23.7697
Pkt 42 150 0.28 1
Pkt 45 160 0.28125 1
Node 52 35 15.1327
Pkt 90 320 0.28125 1
Pkt 112 400 0.28 1
Node 58 74 25.2982
Pkt 210 750 0.28 1
Pkt 224 800 0.28 1
Node 43 31 20.2485
Pkt 70 250 0.28 1
Pkt 45 160 0.28125 1
Node 41 44 10.8167
Pkt 90 320 0.28125 1
Pkt 84 300 0.28 1
Rate:561.042
==========
==========32
8 0 2 24000
Node 42 58 11.3137
Pkt 42 150 0.28 1
Pkt 54 192 0.28125 1
Node 55 54 6.40312
Pkt 135 480 0.28125 1
Pkt 112 400 0.28 1
Node 51 60 10.0499
Pkt 224 800 0.28 1
Pkt 210 750 0.28 1
Node 27 44 23.7697
Pkt 70 250 0.28 1
Pkt 42 150 0.28 1
Node 61 63 17.0294
Pkt 112 400 0.28 1
Pkt 105 375 0.28 1
Node 38 71 24.1868
Pkt 224 800 0.28 1
Pkt 210 750 0.28 1
Node 26 25 34.6554
Pkt 45 160 0.28125 1
Pkt 54 192 0.28125 1
Node 38 62 16.9706
Pkt 112 400 0.28 1
Pkt 84 300 0.28 1
Rate:560.625
==========
==========33
8 0 2 24000
Node 69 50 19
Pkt 28 100 0.28 1
Pkt 42 150 0.28 1
Node 51 51 1.41421
Pkt 84 300 0.28 1
Pkt 90 320 0.28125 1
Node 43 42 10.6301
Pkt 210 750 0.28 1
Pkt 224 800 0.28 1
Node 31 49 19.0263
Pkt 56 200 0.28 1
Pkt 45 160 0.28125 1
Node 59 69 21.0238
Pkt 105 375 0.28 1
Pkt 90 320 0.28125 1
Node 35 68 23.4307
Pkt 210 750 0.28 1
Pkt 224 800 0.28 1
Node 26 64 27.7849
Pkt 56 200 0.28 1
Pkt 68 240 0.283333 1
Node 67 56 18.0278
Pkt 135 480 0.28125 1
Pkt 90 320 0.28125 1
Rate:561.198
==========
==========34
8 0 2 24000
Node 46 27 23.3452
Pkt 35 125 0.28 1
Pkt 35 125 0.28 1
Node 53 62 12.3693
Pkt 112 400 0.28 1
Pkt 90 320 0.28125 1
Node 62 33 20.8087
Pkt 224 800 0.28 1
Pkt 224 800 0.28 1
Node 62 26 26.8328
Pkt 35 125 0.28 1
Pkt 54 192 0.28125 1
Node 69 55 19.6469
Pkt 105 375 0.28 1
Pkt 105 375 0.28 1
Node 33 66 23.3452
Pkt 224 800 0.28 1
Pkt 210 750 0.28 1
Node 39 48 11.1803
Pkt 28 100 0.28 1
Pkt 34 120 0.283333 1
Node 55 69 19.6469
Pkt 90 320 0.28125 1
Pkt 105 375 0.28 1
Rate:560.885
==========
==========35
8 0 2 24000
Node 52 55 5.38516
Pkt 35 125 0.28 1
Pkt 54 192 0.28125 1
Node 37 39 17.0294
Pkt 105 375 0.28 1
Pkt 112 400 0.28 1
Node 30 34 25.6125
Pkt 210 750 0.28 1
Pkt 210 750 0.28 1
Node 42 26 25.2982
Pkt 68 240 0.283333 1
Pkt 42 150 0.28 1
Node 59 28 23.7697
Pkt 90 320 0.28125 1
Pkt 135 480 0.28125 1
Node 72 52 22.0907
Pkt 224 800 0.28 1
Pkt 224 800 0.28 1
Node 72 63 25.5539
Pkt 45 160 0.28125 1
Pkt 68 240 0.283333 1
Node 54 42 8.94427
Pkt 84 300 0.28 1
Pkt 84 300 0.28 1
Rate:561.458
==========
==========36
8 0 2 24000
Node 28 56 22.8035
Pkt 34 120 0.283333 1
Pkt 70 250 0.28 1
Node 59 66 18.3576
Pkt 112 400 0.28 1
Pkt 105 375 0.28 1
Node 41 54 9.84886
Pkt 224 800 0.28 1
Pkt 224 800 0.28 1
Node 62 56 13.4164
Pkt 42 150 0.28 1
Pkt 56 200 0.28 1
Node 29 35 25.807
Pkt 112 400 0.28 1
Pkt 84 300 0.28 1
Node 69 41 21.0238
Pkt 210 750 0.28 1
Pkt 224 800 0.28 1
Node 66 47 16.2788
Pkt 54 192 0.28125 1
Pkt 70 250 0.28 1
Node 35 62 19.2094
Pkt 135 480 0.28125 1
Pkt 84 300 0.28 1
Rate:560.729
==========
==========37
8 0 2 24000
Node 59 57 11.4018
Pkt 54 192 0.28125 1
Pkt 35 125 0.28 1
Node 42 53 8.544
Pkt 135 480 0.28125 1
Pkt 135 480 0.28125 1
Node 51 50 1
Pkt 210 750 0.28 1
Pkt 210 750 0.28 1
Node 51 58 8.06226
Pkt 35 125 0.28 1
Pkt 54 192 0.28125 1
Node 69 62 22.4722
Pkt 84 300 0.28 1
Pkt 105 375 0.28 1
Node 38 47 12.3693
Pkt 210 750 0.28 1
Pkt 224 800 0.28 1
Node 43 69 20.2485
Pkt 56 200 0.28 1
Pkt 28 100 0.28 1
Node 40 44 11.6619
Pkt 135 480 0.28125 1
Pkt 90 320 0.28125 1
Rate:560.938
==========
==========38
8 0 2 24000
Node 28 31 29.0689
Pkt 68 240 0.283333 1
Pkt 28 100 0.28 1
Node 48 32 18.1108
Pkt 84 300 0.28 1
Pkt 135 480 0.28125 1
Node 35 28 26.6271
Pkt 210 750 0.28 1
Pkt 210 750 0.28 1
Node 28 74 32.5576
Pkt 54 192 0.28125 1
Pkt 70 250 0.28 1
Node 64 61 17.8045
Pkt 135 480 0.28125 1
Pkt 90 320 0.28125 1
Node 73 31 29.8329
Pkt 224 800 0.28 1
Pkt 224 800 0.28 1
Node 29 49 21.0238
Pkt 68 240 0.283333 1
Pkt 70 250 0.28 1
Node 28 30 29.7321
Pkt 90 320 0.28125 1
Pkt 112 400 0.28 1
Rate:561.615
==========
==========39
8 0 2 24000
Node 42 74 25.2982
Pkt 68 240 0.283333 1
Pkt 68 240 0.283333 1
Node 33 74 29.4109
Pkt 135 480 0.28125 1
Pkt 135 480 0.28125 1
Node 38 43 13.8924
Pkt 210 750 0.28 1
Pkt 224 800 0.28 1
Node 46 70 20.3961
Pkt 68 240 0.283333 1
Pkt 34 120 0.283333 1
Node 40 46 10.7703
Pkt 105 375 0.28 1
Pkt 84 300 0.28 1
Node 49 68 18.0278
Pkt 210 750 0.28 1
Pkt 224 800 0.28 1
Node 26 36 27.7849
Pkt 54 192 0.28125 1
Pkt 42 150 0.28 1
Node 70 26 31.241
Pkt 105 375 0.28 1
Pkt 135 480 0.28125 1
Rate:562.292
==========
==========40
8 0 2 24000
Node 27 44 23.7697
Pkt 34 120 0.283333 1
Pkt 28 100 0.28 1
Node 46 65 15.5242
Pkt 84 300 0.28 1
Pkt 112 400 0.28 1
Node 70 34 25.6125
Pkt 210 750 0.28 1
Pkt 224 800 0.28 1
Node 34 67 23.3452
Pkt 28 100 0.28 1
Pkt 70 250 0.28 1
Node 62 25 27.7308
Pkt 112 400 0.28 1
Pkt 135 480 0.28125 1
Node 61 67 20.2485
Pkt 224 800 0.28 1
Pkt 224 800 0.28 1
Node 61 65 18.6011
Pkt 70 250 0.28 1
Pkt 35 125 0.28 1
Node 66 47 16.2788
Pkt 105 375 0.28 1
Pkt 84 300 0.28 1
Rate:560.573
==========
==========41
8 0 2 24000
Node 70 31 27.5862
Pkt 54 192 0.28125 1
Pkt 28 100 0.28 1
Node 67 59 19.2354
Pkt 112 400 0.28 1
Pkt 112 400 0.28 1
Node 34 35 21.9317
Pkt 224 800 0.28 1
Pkt 210 750 0.28 1
Node 56 73 23.7697
Pkt 45 160 0.28125 1
Pkt 68 240 0.283333 1
Node 64 43 15.6525
Pkt 112 400 0.28 1
Pkt 112 400 0.28 1
Node 28 55 22.561
Pkt 224 800 0.28 1
Pkt 210 750 0.28 1
Node 29 70 29
Pkt 45 160 0.28125 1
Pkt 54 192 0.28125 1
Node 52 41 9.21954
Pkt 112 400 0.28 1
Pkt 105 375 0.28 1
Rate:561.042
==========
==========42
8 0 2 24000
Node 32 38 21.6333
Pkt 35 125 0.28 1
Pkt 28 100 0.28 1
Node 72 30 29.7321
Pkt 84 300 0.28 1
Pkt 90 320 0.28125 1
Node 59 35 17.4929
Pkt 210 750 0.28 1
Pkt 224 800 0.28 1
Node 62 55 13
Pkt 68 240 0.283333 1
Pkt 70 250 0.28 1
Node 25 73 33.9706
Pkt 84 300 0.28 1
Pkt 90 320 0.28125 1
Node 36 61 17.8045
Pkt 224 800 0.28 1
Pkt 224 800 0.28 1
Node 31 52 19.105
Pkt 68 240 0.283333 1
Pkt 42 150 0.28 1
Node 49 60 10.0499
Pkt 105 375 0.28 1
Pkt 90 320 0.28125 1
Rate:561.302
==========
==========43
8 0 2 24000
Node 38 43 13.8924
Pkt 68 240 0.283333 1
Pkt 34 120 0.283333 1
Node 72 30 29.7321
Pkt 135 480 0.28125 1
Pkt 90 320 0.28125 1
Node 33 29 27.0185
Pkt 210 750 0.28 1
Pkt 224 800 0.28 1
Node 37 38 17.6918
Pkt 28 100 0.28 1
Pkt 54 192 0.28125 1
Node 69 45 19.6469
Pkt 84 300 0.28 1
Pkt 84 300 0.28 1
Node 34 46 16.4924
Pkt 224 800 0.28 1
Pkt 224 800 0.28 1
Node 66 63 20.6155
Pkt 42 150 0.28 1
Pkt 70 250 0.28 1
Node 36 31 23.6008
Pkt 135 480 0.28125 1
Pkt 90 320 0.28125 1
Rate:561.615
==========
==========44
8 0 2 24000
Node 36 35 20.5183
Pkt 28 100 0.28 1
Pkt 34 120 0.283333 1
Node 31 69 26.8701
Pkt 112 400 0.28 1
Pkt 105 375 0.28 1
Node 43 62 13.8924
Pkt 224 800 0.28 1
Pkt 210 750 0.28 1
Node 60 34 18.868
Pkt 56 200 0.28 1
Pkt 35 125 0.28 1
Node 31 43 20.2485
Pkt 135 480 0.28125 1
Pkt 135 480 0.28125 1
Node 53 57 7.61577
Pkt 210 750 0.28 1
Pkt 224 800 0.28 1
Node 63 61 17.0294
Pkt 68 240 0.283333 1
Pkt 68 240 0.283333 1
Node 56 37 14.3178
Pkt 90 320 0.28125 1
Pkt 84 300 0.28 1
Rate:561.719
==========
==========45
8 0 2 24000
Node 35 68 23.4307
Pkt 34 120 0.283333 1
Pkt 68 240 0.283333 1
Node 46 50 4
Pkt 90 320 0.28125 1
Pkt 84 300 0.28 1
Node 64 30 24.4131
Pkt 224 800 0.28 1
Pkt 210 750 0.28 1
Node 54 36 14.5602
Pkt 34 120 0.283333 1
Pkt 45 160 0.28125 1
Node 73 57 24.0416
Pkt 90 320 0.28125 1
Pkt 105 375 0.28 1
Node 74 36 27.7849
Pkt 224 800 0.28 1
Pkt 210 750 0.28 1
Node 73 28 31.8277
Pkt 28 100 0.28 1
Pkt 70 250 0.28 1
Node 34 61 19.4165
Pkt 135 480 0.28125 1
Pkt 105 375 0.28 1
Rate:561.875
==========
==========46
8 0 2 24000
Node 44 59 10.8167
Pkt 42 150 0.28 1
Pkt 28 100 0.28 1
Node 32 65 23.4307
Pkt 105 375 0.28 1
Pkt 90 320 0.28125 1
Node 51 65 15.0333
Pkt 210 750 0.28 1
Pkt 224 800 0.28 1
Node 34 28 27.2029
Pkt 45 160 0.28125 1
Pkt 34 120 0.283333 1
Node 44 46 7.2111
Pkt 84 300 0.28 1
Pkt 135 480 0.28125 1
Node 42 28 23.4094
Pkt 210 750 0.28 1
Pkt 210 750 0.28 1
Node 73 72 31.8277
Pkt 34 120 0.283333 1
Pkt 54 192 0.28125 1
Node 57 66 17.4642
Pkt 112 400 0.28 1
Pkt 90 320 0.28125 1
Rate:561.615
==========
==========47
8 0 2 24000
Node 27 33 28.6007
Pkt 34 120 0.283333 1
Pkt 28 100 0.28 1
Node 45 27 23.5372
Pkt 84 300 0.28 1
Pkt 84 300 0.28 1
Node 44 42 10
Pkt 210 750 0.28 1
Pkt 224 800 0.28 1
Node 28 33 27.8029
Pkt 45 160 0.28125 1
Pkt 54 192 0.28125 1
Node 55 50 5
Pkt 84 300 0.28 1
Pkt 90 320 0.28125 1
Node 46 61 11.7047
Pkt 224 800 0.28 1
Pkt 224 800 0.28 1
Node 53 50 3
Pkt 42 150 0.28 1
Pkt 56 200 0.28 1
Node 48 56 6.32456
Pkt 90 320 0.28125 1
Pkt 135 480 0.28125 1
Rate:561.198
==========
==========48
8 0 2 24000
Node 57 58 10.6301
Pkt 56 200 0.28 1
Pkt 34 120 0.283333 1
Node 53 51 3.16228
Pkt 112 400 0.28 1
Pkt 105 375 0.28 1
Node 38 53 12.3693
Pkt 210 750 0.28 1
Pkt 224 800 0.28 1
Node 74 65 28.3019
Pkt 45 160 0.28125 1
Pkt 54 192 0.28125 1
Node 41 54 9.84886
Pkt 112 400 0.28 1
Pkt 84 300 0.28 1
Node 74 34 28.8444
Pkt 224 800 0.28 1
Pkt 210 750 0.28 1
Node 73 62 25.9422
Pkt 54 192 0.28125 1
Pkt 56 200 0.28 1
Node 59 50 9
Pkt 135 480 0.28125 1
Pkt 84 300 0.28 1
Rate:561.042
==========
==========49
8 0 2 24000
Node 74 61 26.4008
Pkt 68 240 0.283333 1
Pkt 70 250 0.28 1
Node 72 65 26.6271
Pkt 90 320 0.28125 1
Pkt 112 400 0.28 1
Node 48 63 13.1529
Pkt 224 800 0.28 1
Pkt 224 800 0.28 1
Node 42 38 14.4222
Pkt 45 160 0.28125 1
Pkt 45 160 0.28125 1
Node 35 50 15
Pkt 84 300 0.28 1
Pkt 90 320 0.28125 1
Node 33 25 30.2324
Pkt 210 750 0.28 1
Pkt 210 750 0.28 1
Node 41 62 15
Pkt 42 150 0.28 1
Pkt 34 120 0.283333 1
Node 70 63 23.8537
Pkt 105 375 0.28 1
Pkt 112 400 0.28 1
Rate:561.458
==========
==========50
8 0 2 24000
Node 37 66 20.6155
Pkt 42 150 0.28 1
Pkt 28 100 0.28 1
Node 30 72 29.7321
Pkt 84 300 0.28 1
Pkt 112 400 0.28 1
Node 57 32 19.3132
Pkt 224 800 0.28 1
Pkt 224 800 0.28 1
Node 72 46 22.3607
Pkt 54 192 0.28125 1
Pkt 42 150 0.28 1
Node 27 42 24.3516
Pkt 135 480 0.28125 1
Pkt 135 480 0.28125 1
Node 52 28 22.0907
Pkt 210 750 0.28 1
Pkt 224 800 0.28 1
Node 55 63 13.9284
Pkt 35 125 0.28 1
Pkt 28 100 0.28 1
Node 45 51 5.09902
Pkt 105 375 0.28 1
Pkt 84 300 0.28 1
Rate:560.469
==========
==========51
8 0 2 24000
Node 29 43 22.1359
Pkt 28 100 0.28 1
Pkt 68 240 0.283333 1
Node 57 40 12.2066
Pkt 90 320 0.28125 1
Pkt 84 300 0.28 1
Node 56 68 18.9737
Pkt 210 750 0.28 1
Pkt 210 750 0.28 1
Node 25 29 32.6497
Pkt 56 200 0.28 1
Pkt 34 120 0.283333 1
Node 33 57 18.3848
Pkt 90 320 0.28125 1
Pkt 135 480 0.28125 1
Node 55 55 7.07107
Pkt 210 750 0.28 1
Pkt 224 800 0.28 1
Node 62 36 18.4391
Pkt 28 100 0.28 1
Pkt 28 100 0.28 1
Node 61 42 13.6015
Pkt 105 375 0.28 1
Pkt 135 480 0.28125 1
Rate:561.458
==========
==========52
8 0 2 24000
Node 55 45 7.07107
Pkt 45 160 0.28125 1
Pkt 28 100 0.28 1
Node 28 69 29.0689
Pkt 90 320 0.28125 1
Pkt 84 300 0.28 1
Node 66 29 26.4008
Pkt 210 750 0.28 1
Pkt 224 800 0.28 1
Node 36 67 22.0227
Pkt 35 125 0.28 1
Pkt 54 192 0.28125 1
Node 58 46 8.94427
Pkt 90 320 0.28125 1
Pkt 84 300 0.28 1
Node 44 74 24.7386
Pkt 210 750 0.28 1
Pkt 224 800 0.28 1
Node 41 35 17.4929
Pkt 28 100 0.28 1
Pkt 68 240 0.283333 1
Node 35 42 17
Pkt 105 375 0.28 1
Pkt 135 480 0.28125 1
Rate:561.198
==========
==========53
8 0 2 24000
Node 43 63 14.7648
Pkt 45 160 0.28125 1
Pkt 70 250 0.28 1
Node 61 27 25.4951
Pkt 112 400 0.28 1
Pkt 112 400 0.28 1
Node 49 36 14.0357
Pkt 210 750 0.28 1
Pkt 224 800 0.28 1
Node 49 38 12.0416
Pkt 34 120 0.283333 1
Pkt 34 120 0.283333 1
Node 42 48 8.24621
Pkt 105 375 0.28 1
Pkt 112 400 0.28 1
Node 54 41 9.84886
Pkt 210 750 0.28 1
Pkt 210 750 0.28 1
Node 70 44 20.8806
Pkt 28 100 0.28 1
Pkt 56 200 0.28 1
Node 60 65 18.0278
Pkt 112 400 0.28 1
Pkt 90 320 0.28125 1
Rate:561.146
==========
==========54
8 0 2 24000
Node 33 50 17
Pkt 68 240 0.283333 1
Pkt 56 200 0.28 1
Node 37 53 13.3417
Pkt 90 320 0.28125 1
Pkt 112 400 0.28 1
Node 40 68 20.5913
Pkt 210 750 0.28 1
Pkt 224 800 0.28 1
Node 49 57 7.07107
Pkt 70 250 0.28 1
Pkt 56 200 0.28 1
Node 44 33 18.0278
Pkt 112 400 0.28 1
Pkt 112 400 0.28 1
Node 59 62 15
Pkt 210 750 0.28 1
Pkt 210 750 0.28 1
Node 53 43 7.61577
Pkt 28 100 0.28 1
Pkt 35 125 0.28 1
Node 53 64 14.3178
Pkt 135 480 0.28125 1
Pkt 90 320 0.28125 1
Rate:560.885
==========
==========55
8 0 2 24000
Node 53 62 12.3693
Pkt 56 200 0.28 1
Pkt 45 160 0.28125 1
Node 72 53 22.2036
Pkt 105 375 0.28 1
Pkt 135 480 0.28125 1
Node 28 66 27.2029
Pkt 224 800 0.28 1
Pkt 210 750 0.28 1
Node 31 26 30.6105
Pkt 70 250 0.28 1
Pkt 54 192 0.28125 1
Node 61 28 24.5967
Pkt 105 375 0.28 1
Pkt 135 480 0.28125 1
Node 67 65 22.6716
Pkt 224 800 0.28 1
Pkt 224 800 0.28 1
Node 69 72 29.0689
Pkt 45 160 0.28125 1
Pkt 35 125 0.28 1
Node 63 40 16.4012
Pkt 90 320 0.28125 1
Pkt 105 375 0.28 1
Rate:560.938
==========
==========56
8 0 2 24000
Node 51 46 4.12311
Pkt 56 200 0.28 1
Pkt 68 240 0.283333 1
Node 59 39 14.2127
Pkt 135 480 0.28125 1
Pkt 84 300 0.28 1
Node 40 54 10.7703
Pkt 224 800 0.28 1
Pkt 224 800 0.28 1
Node 40 48 10.198
Pkt 45 160 0.28125 1
Pkt 35 125 0.28 1
Node 64 57 15.6525
Pkt 112 400 0.28 1
Pkt 105 375 0.28 1
Node 31 44 19.9249
Pkt 224 800 0.28 1
Pkt 210 750 0.28 1
Node 45 70 20.6155
Pkt 68 240 0.283333 1
Pkt 68 240 0.283333 1
Node 60 55 11.1803
Pkt 84 300 0.28 1
Pkt 90 320 0.28125 1
Rate:561.719
==========
==========57
8 0 2 24000
Node 54 37 13.6015
Pkt 35 125 0.28 1
Pkt 56 200 0.28 1
Node 42 62 14.4222
Pkt 135 480 0.28125 1
Pkt 135 480 0.28125 1
Node 67 41 19.2354
Pkt 210 750 0.28 1
Pkt 224 800 0.28 1
Node 61 69 21.9545
Pkt 68 240 0.283333 1
Pkt 28 100 0.28 1
Node 40 54 10.7703
Pkt 105 375 0.28 1
Pkt 105 375 0.28 1
Node 35 46 15.5242
Pkt 210 750 0.28 1
Pkt 224 800 0.28 1
Node 27 71 31.1448
Pkt 28 100 0.28 1
Pkt 42 150 0.28 1
Node 73 51 23.0217
Pkt 135 480 0.28125 1
Pkt 84 300 0.28 1
Rate:560.885
==========
==========58
8 0 2 24000
Node 28 67 27.8029
Pkt 34 120 0.283333 1
Pkt 34 120 0.283333 1
Node 49 73 23.0217
Pkt 112 400 0.28 1
Pkt 135 480 0.28125 1
Node 48 63 13.1529
Pkt 224 800 0.28 1
Pkt 210 750 0.28 1
Node 60 40 14.1421
Pkt 45 160 0.28125 1
Pkt 42 150 0.28 1
Node 37 34 20.6155
Pkt 90 320 0.28125 1
Pkt 135 480 0.28125 1
Node 62 27 25.9422
Pkt 224 800 0.28 1
Pkt 224 800 0.28 1
Node 73 48 23.0868
Pkt 34 120 0.283333 1
Pkt 28 100 0.28 1
Node 74 36 27.7849
Pkt 105 375 0.28 1
Pkt 112 400 0.28 1
Rate:561.875
==========
==========59
8 0 2 24000
Node 33 32 24.7588
Pkt 28 100 0.28 1
Pkt 45 160 0.28125 1
Node 67 68 24.7588
Pkt 84 300 0.28 1
Pkt 135 480 0.28125 1
Node 67 44 18.0278
Pkt 210 750 0.28 1
Pkt 224 800 0.28 1
Node 51 52 2.23607
Pkt 35 125 0.28 1
Pkt 70 250 0.28 1
Node 31 56 19.9249
Pkt 84 300 0.28 1
Pkt 84 300 0.28 1
Node 37 74 27.2947
Pkt 224 800 0.28 1
Pkt 210 750 0.28 1
Node 40 54 10.7703
Pkt 56 200 0.28 1
Pkt 45 160 0.28125 1
Node 56 33 18.0278
Pkt 84 300 0.28 1
Pkt 105 375 0.28 1
Rate:560.469
==========
==========60
8 0 2 24000
Node 30 48 20.0998
Pkt 45 160 0.28125 1
Pkt 56 200 0.28 1
Node 73 61 25.4951
Pkt 105 375 0.28 1
Pkt 84 300 0.28 1
Node 49 27 23.0217
Pkt 210 750 0.28 1
Pkt 224 800 0.28 1
Node 68 57 19.3132
Pkt 54 192 0.28125 1
Pkt 28 100 0.28 1
Node 74 57 25
Pkt 135 480 0.28125 1
Pkt 112 400 0.28 1
Node 27 42 24.3516
Pkt 210 750 0.28 1
Pkt 210 750 0.28 1
Node 68 40 20.5913
Pkt 54 192 0.28125 1
Pkt 34 120 0.283333 1
Node 44 44 8.48528
Pkt 105 375 0.28 1
Pkt 135 480 0.28125 1
Rate:561.198
==========
==========61
8 0 2 24000
Node 46 73 23.3452
Pkt 56 200 0.28 1
Pkt 54 192 0.28125 1
Node 45 67 17.72
Pkt 84 300 0.28 1
Pkt 112 400 0.28 1
Node 38 26 26.8328
Pkt 210 750 0.28 1
Pkt 210 750 0.28 1
Node 31 37 23.0217
Pkt 70 250 0.28 1
Pkt 42 150 0.28 1
Node 36 52 14.1421
Pkt 112 400 0.28 1
Pkt 135 480 0.28125 1
Node 59 57 11.4018
Pkt 224 800 0.28 1
Pkt 224 800 0.28 1
Node 25 44 25.7099
Pkt 54 192 0.28125 1
Pkt 28 100 0.28 1
Node 43 32 19.3132
Pkt 90 320 0.28125 1
Pkt 84 300 0.28 1
Rate:560.625
==========
==========62
8 0 2 24000
Node 60 59 13.4536
Pkt 35 125 0.28 1
Pkt 34 120 0.283333 1
Node 48 67 17.1172
Pkt 90 320 0.28125 1
Pkt 84 300 0.28 1
Node 25 35 29.1548
Pkt 224 800 0.28 1
Pkt 224 800 0.28 1
Node 68 64 22.8035
Pkt 35 125 0.28 1
Pkt 35 125 0.28 1
Node 53 40 10.4403
Pkt 84 300 0.28 1
Pkt 112 400 0.28 1
Node 74 40 26
Pkt 210 750 0.28 1
Pkt 224 800 0.28 1
Node 38 30 23.3238
Pkt 45 160 0.28125 1
Pkt 68 240 0.283333 1
Node 44 57 9.21954
Pkt 90 320 0.28125 1
Pkt 112 400 0.28 1
Rate:561.302
==========
==========63
8 0 2 24000
Node 67 62 20.8087
Pkt 54 192 0.28125 1
Pkt 28 100 0.28 1
Node 67 50 17
Pkt 84 300 0.28 1
Pkt 84 300 0.28 1
Node 71 55 21.587
Pkt 210 750 0.28 1
Pkt 224 800 0.28 1
Node 50 44 6
Pkt 54 192 0.28125 1
Pkt 42 150 0.28 1
Node 56 73 23.7697
Pkt 105 375 0.28 1
Pkt 84 300 0.28 1
Node 39 48 11.1803
Pkt 210 750 0.28 1
Pkt 210 750 0.28 1
Node 35 33 22.6716
Pkt 70 250 0.28 1
Pkt 35 125 0.28 1
Node 47 72 22.2036
Pkt 105 375 0.28 1
Pkt 112 400 0.28 1
Rate:560.313
==========
==========64
8 0 2 24000
Node 43 41 11.4018
Pkt 68 240 0.283333 1
Pkt 68 240 0.283333 1
Node 25 69 31.4006
Pkt 112 400 0.28 1
Pkt 84 300 0.28 1
Node 31 39 21.9545
Pkt 224 800 0.28 1
Pkt 210 750 0.28 1
Node 70 44 20.8806
Pkt 68 240 0.283333 1
Pkt 68 240 0.283333 1
Node 35 37 19.8494
Pkt 135 480 0.28125 1
Pkt 105 375 0.28 1
Node 38 49 12.0416
Pkt 224 800 0.28 1
Pkt 224 800 0.28 1
Node 73 56 23.7697
Pkt 45 160 0.28125 1
Pkt 54 192 0.28125 1
Node 58 59 12.0416
Pkt 135 480 0.28125 1
Pkt 112 400 0.28 1
Rate:562.292
==========
==========65
8 0 2 24000
Node 69 56 19.9249
Pkt 28 100 0.28 1
Pkt 56 200 0.28 1
Node 70 58 21.5407
Pkt 105 375 0.28 1
Pkt 105 375 0.28 1
Node 45 58 9.43398
Pkt 210 750 0.28 1
Pkt 210 750 0.28 1
Node 51 72 22.0227
Pkt 35 125 0.28 1
Pkt 34 120 0.283333 1
Node 47 33 17.2627
Pkt 112 400 0.28 1
Pkt 84 300 0.28 1
Node 64 28 26.0768
Pkt 224 800 0.28 1
Pkt 224 800 0.28 1
Node 65 44 16.1555
Pkt 28 100 0.28 1
Pkt 28 100 0.28 1
Node 31 25 31.4006
Pkt 90 320 0.28125 1
Pkt 112 400 0.28 1
Rate:560.573
==========
==========66
8 0 2 24000
Node 60 73 25.0799
Pkt 34 120 0.283333 1
Pkt 56 200 0.28 1
Node 60 32 20.5913
Pkt 90 320 0.28125 1
Pkt 105 375 0.28 1
Node 25 32 30.8058
Pkt 210 750 0.28 1
Pkt 224 800 0.28 1
Node 60 41 13.4536
Pkt 56 200 0.28 1
Pkt 42 150 0.28 1
Node 64 56 15.2315
Pkt 135 480 0.28125 1
Pkt 84 300 0.28 1
Node 54 37 13.6015
Pkt 210 750 0.28 1
Pkt 210 750 0.28 1
Node 42 64 16.1245
Pkt 28 100 0.28 1
Pkt 70 250 0.28 1
Node 63 64 19.105
Pkt 90 320 0.28125 1
Pkt 90 320 0.28125 1
Rate:561.042
==========
==========67
8 0 2 24000
Node 30 54 20.3961
Pkt 68 240 0.283333 1
Pkt 35 125 0.28 1
Node 50 43 7
Pkt 112 400 0.28 1
Pkt 84 300 0.28 1
Node 64 49 14.0357
Pkt 210 750 0.28 1
Pkt 210 750 0.28 1
Node 52 63 13.1529
Pkt 28 100 0.28 1
Pkt 34 120 0.283333 1
Node 27 71 31.1448
Pkt 90 320 0.28125 1
Pkt 112 400 0.28 1
Node 64 70 24.4131
Pkt 210 750 0.28 1
Pkt 210 750 0.28 1
Node 42 57 10.6301
Pkt 42 150 0.28 1
Pkt 45 160 0.28125 1
Node 47 71 21.2132
Pkt 90 320 0.28125 1
Pkt 112 400 0.28 1
Rate:561.302
==========
==========68
8 0 2 24000
Node 39 40 14.8661
Pkt 28 100 0.28 1
Pkt 34 120 0.283333 1
Node 40 31 21.4709
Pkt 84 300 0.28 1
Pkt 105 375 0.28 1
Node 25 41 26.5707
Pkt 224 800 0.28 1
Pkt 210 750 0.28 1
Node 57 51 7.07107
Pkt 34 120 0.283333 1
Pkt 56 200 0.28 1
Node 28 36 26.0768
Pkt 90 320 0.28125 1
Pkt 135 480 0.28125 1
Node 59 45 10.2956
Pkt 224 800 0.28 1
Pkt 224 800 0.28 1
Node 34 27 28.0179
Pkt 34 120 0.283333 1
Pkt 35 125 0.28 1
Node 57 44 9.21954
Pkt 90 320 0.28125 1
Pkt 84 300 0.28 1
Rate:561.719
==========
==========69
8 0 2 24000
Node 50 59 9
Pkt 42 150 0.28 1
Pkt 56 200 0.28 1
Node 53 63 13.3417
Pkt 112 400 0.28 1
Pkt 135 480 0.28125 1
Node 37 64 19.105
Pkt 224 800 0.28 1
Pkt 210 750 0.28 1
Node 47 62 12.3693
Pkt 28 100 0.28 1
Pkt 56 200 0.28 1
Node 64 51 14.0357
Pkt 112 400 0.28 1
Pkt 112 400 0.28 1
Node 29 28 30.4138
Pkt 224 800 0.28 1
Pkt 224 800 0.28 1
Node 53 40 10.4403
Pkt 34 120 0.283333 1
Pkt 70 250 0.28 1
Node 60 44 11.6619
Pkt 112 400 0.28 1
Pkt 84 300 0.28 1
Rate:560.573
==========
==========70
8 0 2 24000
Node 49 44 6.08276
Pkt 54 192 0.28125 1
Pkt 28 100 0.28 1
Node 68 31 26.1725
Pkt 90 320 0.28125 1
Pkt 105 375 0.28 1
Node 67 25 30.2324
Pkt 210 750 0.28 1
Pkt 210 750 0.28 1
Node 48 60 10.198
Pkt 68 240 0.283333 1
Pkt 45 160 0.28125 1
Node 69 35 24.2074
Pkt 105 375 0.28 1
Pkt 135 480 0.28125 1
Node 33 64 22.0227
Pkt 210 750 0.28 1
Pkt 210 750 0.28 1
Node 57 51 7.07107
Pkt 45 160 0.28125 1
Pkt 34 120 0.283333 1
Node 56 38 13.4164
Pkt 84 300 0.28 1
Pkt 135 480 0.28125 1
Rate:561.771
==========
==========71
8 0 2 24000
Node 62 48 12.1655
Pkt 35 125 0.28 1
Pkt 28 100 0.28 1
Node 26 72 32.5576
Pkt 112 400 0.28 1
Pkt 112 400 0.28 1
Node 40 31 21.4709
Pkt 224 800 0.28 1
Pkt 224 800 0.28 1
Node 59 25 26.5707
Pkt 70 250 0.28 1
Pkt 54 192 0.28125 1
Node 25 63 28.178
Pkt 105 375 0.28 1
Pkt 90 320 0.28125 1
Node 74 35 28.3019
Pkt 210 750 0.28 1
Pkt 210 750 0.28 1
Node 33 42 18.7883
Pkt 28 100 0.28 1
Pkt 70 250 0.28 1
Node 32 71 27.6586
Pkt 112 400 0.28 1
Pkt 84 300 0.28 1
Rate:560.313
==========
==========72
8 0 2 24000
Node 29 65 25.807
Pkt 34 120 0.283333 1
Pkt 68 240 0.283333 1
Node 55 50 5
Pkt 90 320 0.28125 1
Pkt 90 320 0.28125 1
Node 65 35 21.2132
Pkt 224 800 0.28 1
Pkt 210 750 0.28 1
Node 46 56 7.2111
Pkt 42 150 0.28 1
Pkt 54 192 0.28125 1
Node 72 32 28.4253
Pkt 105 375 0.28 1
Pkt 135 480 0.28125 1
Node 25 38 27.7308
Pkt 210 750 0.28 1
Pkt 224 800 0.28 1
Node 67 34 23.3452
Pkt 54 192 0.28125 1
Pkt 34 120 0.283333 1
Node 37 63 18.3848
Pkt 84 300 0.28 1
Pkt 105 375 0.28 1
Rate:562.031
==========
==========73
8 0 2 24000
Node 48 59 9.21954
Pkt 68 240 0.283333 1
Pkt 70 250 0.28 1
Node 66 25 29.6816
Pkt 105 375 0.28 1
Pkt 84 300 0.28 1
Node 31 60 21.4709
Pkt 224 800 0.28 1
Pkt 210 750 0.28 1
Node 43 45 8.60233
Pkt 35 125 0.28 1
Pkt 34 120 0.283333 1
Node 69 37 23.0217
Pkt 105 375 0.28 1
Pkt 84 300 0.28 1
Node 72 72 31.1127
Pkt 210 750 0.28 1
Pkt 224 800 0.28 1
Node 74 68 30
Pkt 68 240 0.283333 1
Pkt 56 200 0.28 1
Node 41 33 19.2354
Pkt 84 300 0.28 1
Pkt 90 320 0.28125 1
Rate:561.406
==========
==========74
8 0 2 24000
Node 30 30 28.2843
Pkt 70 250 0.28 1
Pkt 35 125 0.28 1
Node 59 68 20.1246
Pkt 135 480 0.28125 1
Pkt 105 375 0.28 1
Node 63 34 20.6155
Pkt 210 750 0.28 1
Pkt 210 750 0.28 1
Node 71 44 21.8403
Pkt 42 150 0.28 1
Pkt 68 240 0.283333 1
Node 34 44 17.088
Pkt 84 300 0.28 1
Pkt 105 375 0.28 1
Node 73 28 31.8277
Pkt 210 750 0.28 1
Pkt 210 750 0.28 1
Node 52 55 5.38516
Pkt 70 250 0.28 1
Pkt 42 150 0.28 1
Node 60 50 10
Pkt 90 320 0.28125 1
Pkt 112 400 0.28 1
Rate:560.729
==========
==========75
8 0 2 24000
Node 33 71 27.0185
Pkt 42 150 0.28 1
Pkt 34 120 0.283333 1
Node 74 34 28.8444
Pkt 135 480 0.28125 1
Pkt 84 300 0.28 1
Node 62 71 24.1868
Pkt 210 750 0.28 1
Pkt 224 800 0.28 1
Node 42 50 8
Pkt 28 100 0.28 1
Pkt 45 160 0.28125 1
Node 40 42 12.8062
Pkt 112 400 0.28 1
Pkt 90 320 0.28125 1
Node 27 37 26.4197
Pkt 224 800 0.28 1
Pkt 210 750 0.28 1
Node 55 28 22.561
Pkt 28 100 0.28 1
Pkt 70 250 0.28 1
Node 30 44 20.8806
Pkt 84 300 0.28 1
Pkt 112 400 0.28 1
Rate:560.885
==========
==========76
8 0 2 24000
Node 47 42 8.544
Pkt 70 250 0.28 1
Pkt 54 192 0.28125 1
Node 55 44 7.81025
Pkt 84 300 0.28 1
Pkt 135 480 0.28125 1
Node 61 66 19.4165
Pkt 224 800 0.28 1
Pkt 210 750 0.28 1
Node 69 59 21.0238
Pkt 45 160 0.28125 1
Pkt 35 125 0.28 1
Node 74 38 26.8328
Pkt 84 300 0.28 1
Pkt 135 480 0.28125 1
Node 38 53 12.3693
Pkt 210 750 0.28 1
Pkt 210 750 0.28 1
Node 37 34 20.6155
Pkt 68 240 0.283333 1
Pkt 56 200 0.28 1
Node 69 47 19.2354
Pkt 135 480 0.28125 1
Pkt 135 480 0.28125 1
Rate:561.354
==========
==========77
8 0 2 24000
Node 49 35 15.0333
Pkt 68 240 0.283333 1
Pkt 35 125 0.28 1
Node 40 32 20.5913
Pkt 112 400 0.28 1
Pkt 84 300 0.28 1
Node 31 57 20.2485
Pkt 210 750 0.28 1
Pkt 210 750 0.28 1
Node 26 45 24.5153
Pkt 28 100 0.28 1
Pkt 34 120 0.283333 1
Node 30 73 30.4795
Pkt 105 375 0.28 1
Pkt 105 375 0.28 1
Node 48 73 23.0868
Pkt 224 800 0.28 1
Pkt 224 800 0.28 1
Node 64 69 23.6008
Pkt 28 100 0.28 1
Pkt 54 192 0.28125 1
Node 55 25 25.4951
Pkt 105 375 0.28 1
Pkt 112 400 0.28 1
Rate:560.99
==========
==========78
8 0 2 24000
Node 49 66 16.0312
Pkt 28 100 0.28 1
Pkt 45 160 0.28125 1
Node 33 52 17.1172
Pkt 90 320 0.28125 1
Pkt 105 375 0.28 1
Node 32 33 24.7588
Pkt 210 750 0.28 1
Pkt 224 800 0.28 1
Node 53 42 8.544
Pkt 68 240 0.283333 1
Pkt 68 240 0.283333 1
Node 57 29 22.1359
Pkt 90 320 0.28125 1
Pkt 90 320 0.28125 1
Node 56 58 10
Pkt 224 800 0.28 1
Pkt 224 800 0.28 1
Node 58 37 15.2643
Pkt 34 120 0.283333 1
Pkt 70 250 0.28 1
Node 73 29 31.1448
Pkt 105 375 0.28 1
Pkt 84 300 0.28 1
Rate:561.875
==========
==========79
8 0 2 24000
Node 63 62 17.6918
Pkt 54 192 0.28125 1
Pkt 68 240 0.283333 1
Node 72 53 22.2036
Pkt 84 300 0.28 1
Pkt 84 300 0.28 1
Node 43 41 11.4018
Pkt 210 750 0.28 1
Pkt 224 800 0.28 1
Node 42 59 12.0416
Pkt 45 160 0.28125 1
Pkt 42 150 0.28 1
Node 59 66 18.3576
Pkt 90 320 0.28125 1
Pkt 105 375 0.28 1
Node 56 45 7.81025
Pkt 210 750 0.28 1
Pkt 210 750 0.28 1
Node 61 62 16.2788
Pkt 34 120 0.283333 1
Pkt 35 125 0.28 1
Node 39 34 19.4165
Pkt 90 320 0.28125 1
Pkt 135 480 0.28125 1
Rate:561.615
==========
==========80
8 0 2 24000
Node 68 65 23.4307
Pkt 28 100 0.28 1
Pkt 28 100 0.28 1
Node 55 34 16.7631
Pkt 112 400 0.28 1
Pkt 135 480 0.28125 1
Node 30 51 20.025
Pkt 210 750 0.28 1
Pkt 210 750 0.28 1
Node 73 55 23.5372
Pkt 70 250 0.28 1
Pkt 45 160 0.28125 1
Node 67 62 20.8087
Pkt 112 400 0.28 1
Pkt 90 320 0.28125 1
Node 70 27 30.4795
Pkt 224 800 0.28 1
Pkt 210 750 0.28 1
Node 34 27 28.0179
Pkt 28 100 0.28 1
Pkt 35 125 0.28 1
Node 26 63 27.2947
Pkt 135 480 0.28125 1
Pkt 105 375 0.28 1
Rate:560.625
==========
==========81
8 0 2 24000
Node 29 67 27.0185
Pkt 68 240 0.283333 1
Pkt 56 200 0.28 1
Node 42 54 8.94427
Pkt 112 400 0.28 1
Pkt 105 375 0.28 1
Node 55 36 14.8661
Pkt 224 800 0.28 1
Pkt 224 800 0.28 1
Node 25 36 28.6531
Pkt 54 192 0.28125 1
Pkt 45 160 0.28125 1
Node 73 49 23.0217
Pkt 84 300 0.28 1
Pkt 135 480 0.28125 1
Node 74 46 24.3311
Pkt 210 750 0.28 1
Pkt 224 800 0.28 1
Node 28 31 29.0689
Pkt 35 125 0.28 1
Pkt 54 192 0.28125 1
Node 28 55 22.561
Pkt 135 480 0.28125 1
Pkt 135 480 0.28125 1
Rate:561.354
==========
==========82
8 0 2 24000
Node 41 39 14.2127
Pkt 54 192 0.28125 1
Pkt 54 192 0.28125 1
Node 67 47 17.2627
Pkt 135 480 0.28125 1
Pkt 84 300 0.28 1
Node 31 56 19.9249
Pkt 224 800 0.28 1
Pkt 210 750 0.28 1
Node 45 73 23.5372
Pkt 70 250 0.28 1
Pkt 54 192 0.28125 1
Node 52 47 3.60555
Pkt 105 375 0.28 1
Pkt 90 320 0.28125 1
Node 42 32 19.6977
Pkt 224 800 0.28 1
Pkt 224 800 0.28 1
Node 30 53 20.2237
Pkt 42 150 0.28 1
Pkt 56 200 0.28 1
Node 66 31 24.8395
Pkt 105 375 0.28 1
Pkt 135 480 0.28125 1
Rate:560.938
==========
==========83
8 0 2 24000
Node 49 60 10.0499
Pkt 28 100 0.28 1
Pkt 56 200 0.28 1
Node 57 41 11.4018
Pkt 112 400 0.28 1
Pkt 105 375 0.28 1
Node 37 36 19.105
Pkt 210 750 0.28 1
Pkt 210 750 0.28 1
Node 43 58 10.6301
Pkt 34 120 0.283333 1
Pkt 28 100 0.28 1
Node 33 31 25.4951
Pkt 135 480 0.28125 1
Pkt 135 480 0.28125 1
Node 71 26 31.8904
Pkt 210 750 0.28 1
Pkt 224 800 0.28 1
Node 60 49 10.0499
Pkt 68 240 0.283333 1
Pkt 35 125 0.28 1
Node 57 55 8.60233
Pkt 84 300 0.28 1
Pkt 90 320 0.28125 1
Rate:561.302
==========
==========84
8 0 2 24000
Node 34 51 16.0312
Pkt 45 160 0.28125 1
Pkt 35 125 0.28 1
Node 71 60 23.2594
Pkt 90 320 0.28125 1
Pkt 112 400 0.28 1
Node 60 61 14.8661
Pkt 210 750 0.28 1
Pkt 210 750 0.28 1
Node 42 65 17
Pkt 45 160 0.28125 1
Pkt 45 160 0.28125 1
Node 69 59 21.0238
Pkt 105 375 0.28 1
Pkt 90 320 0.28125 1
Node 74 52 24.0832
Pkt 210 750 0.28 1
Pkt 224 800 0.28 1
Node 34 55 16.7631
Pkt 35 125 0.28 1
Pkt 42 150 0.28 1
Node 29 33 27.0185
Pkt 105 375 0.28 1
Pkt 105 375 0.28 1
Rate:560.781
==========
==========85
8 0 2 24000
Node 66 25 29.6816
Pkt 56 200 0.28 1
Pkt 70 250 0.28 1
Node 73 52 23.0868
Pkt 112 400 0.28 1
Pkt 105 375 0.28 1
Node 37 27 26.4197
Pkt 210 750 0.28 1
Pkt 210 750 0.28 1
Node 48 62 12.1655
Pkt 35 125 0.28 1
Pkt 42 150 0.28 1
Node 29 44 21.8403
Pkt 84 300 0.28 1
Pkt 90 320 0.28125 1
Node 57 64 15.6525
Pkt 210 750 0.28 1
Pkt 224 800 0.28 1
Node 25 52 25.0799
Pkt 56 200 0.28 1
Pkt 70 250 0.28 1
Node 65 55 15.8114
Pkt 90 320 0.28125 1
Pkt 105 375 0.28 1
Rate:560.313
==========
==========86
8 0 2 24000
Node 32 67 24.7588
Pkt 54 192 0.28125 1
Pkt 56 200 0.28 1
Node 58 27 24.3516
Pkt 112 400 0.28 1
Pkt 105 375 0.28 1
Node 36 66 21.2603
Pkt 210 750 0.28 1
Pkt 210 750 0.28 1
Node 43 71 22.1359
Pkt 70 250 0.28 1
Pkt 45 160 0.28125 1
Node 36 39 17.8045
Pkt 105 375 0.28 1
Pkt 90 320 0.28125 1
Node 54 64 14.5602
Pkt 210 750 0.28 1
Pkt 210 750 0.28 1
Node 32 51 18.0278
Pkt 68 240 0.283333 1
Pkt 34 120 0.283333 1
Node 51 47 3.16228
Pkt 84 300 0.28 1
Pkt 84 300 0.28 1
Rate:561.302
==========
==========87
8 0 2 24000
Node 44 68 18.9737
Pkt 68 240 0.283333 1
Pkt 70 250 0.28 1
Node 74 44 24.7386
Pkt 105 375 0.28 1
Pkt 90 320 0.28125 1
Node 69 34 24.8395
Pkt 224 800 0.28 1
Pkt 210 750 0.28 1
Node 28 54 22.3607
Pkt 68 240 0.283333 1
Pkt 70 250 0.28 1
Node 46 57 8.06226
Pkt 90 320 0.28125 1
Pkt 135 480 0.28125 1
Node 60 39 14.8661
Pkt 210 750 0.28 1
Pkt 224 800 0.28 1
Node 30 31 27.5862
Pkt 68 240 0.283333 1
Pkt 35 125 0.28 1
Node 65 26 28.3019
Pkt 90 320 0.28125 1
Pkt 135 480 0.28125 1
Rate:562.031
==========
==========88
8 0 2 24000
Node 51 34 16.0312
Pkt 34 120 0.283333 1
Pkt 28 100 0.28 1
Node 25 46 25.318
Pkt 105 375 0.28 1
Pkt 84 300 0.28 1
Node 32 39 21.095
Pkt 210 750 0.28 1
Pkt 224 800 0.28 1
Node 36 47 14.3178
Pkt 45 160 0.28125 1
Pkt 56 200 0.28 1
Node 54 29 21.3776
Pkt 112 400 0.28 1
Pkt 84 300 0.28 1
Node 62 64 18.4391
Pkt 224 800 0.28 1
Pkt 210 750 0.28 1
Node 57 64 15.6525
Pkt 42 150 0.28 1
Pkt 56 200 0.28 1
Node 40 30 22.3607
Pkt 112 400 0.28 1
Pkt 135 480 0.28125 1
Rate:560.729
==========
==========89
8 0 2 24000
Node 57 67 18.3848
Pkt 42 150 0.28 1
Pkt 68 240 0.283333 1
Node 45 31 19.6469
Pkt 135 480 0.28125 1
Pkt 135 480 0.28125 1
Node 36 49 14.0357
Pkt 224 800 0.28 1
Pkt 210 750 0.28 1
Node 47 54 5
Pkt 28 100 0.28 1
Pkt 56 200 0.28 1
Node 45 27 23.5372
Pkt 135 480 0.28125 1
Pkt 112 400 0.28 1
Node 29 53 21.2132
Pkt 224 800 0.28 1
Pkt 210 750 0.28 1
Node 29 50 21
Pkt 68 240 0.283333 1
Pkt 56 200 0.28 1
Node 47 65 15.2971
Pkt 84 300 0.28 1
Pkt 112 400 0.28 1
Rate:561.302
==========
==========90
8 0 2 24000
Node 67 70 26.2488
Pkt 56 200 0.28 1
Pkt 28 100 0.28 1
Node 46 25 25.318
Pkt 112 400 0.28 1
Pkt 135 480 0.28125 1
Node 73 63 26.4197
Pkt 224 800 0.28 1
Pkt 224 800 0.28 1
Node 69 38 22.4722
Pkt 54 192 0.28125 1
Pkt 70 250 0.28 1
Node 66 28 27.2029
Pkt 135 480 0.28125 1
Pkt 105 375 0.28 1
Node 39 51 11.0454
Pkt 224 800 0.28 1
Pkt 224 800 0.28 1
Node 74 60 26
Pkt 45 160 0.28125 1
Pkt 68 240 0.283333 1
Node 49 26 24.0208
Pkt 84 300 0.28 1
Pkt 105 375 0.28 1
Rate:561.042
==========
==========91
8 0 2 24000
Node 48 58 8.24621
Pkt 56 200 0.28 1
Pkt 56 200 0.28 1
Node 31 44 19.9249
Pkt 135 480 0.28125 1
Pkt 90 320 0.28125 1
Node 54 25 25.318
Pkt 210 750 0.28 1
Pkt 224 800 0.28 1
Node 71 62 24.1868
Pkt 56 200 0.28 1
Pkt 68 240 0.283333 1
Node 46 72 22.3607
Pkt 105 375 0.28 1
Pkt 112 400 0.28 1
Node 39 41 14.2127
Pkt 210 750 0.28 1
Pkt 210 750 0.28 1
Node 35 73 27.4591
Pkt 34 120 0.283333 1
Pkt 56 200 0.28 1
Node 69 27 29.8329
Pkt 112 400 0.28 1
Pkt 112 400 0.28 1
Rate:561.146
==========
==========92
8 0 2 24000
Node 38 63 17.6918
Pkt 45 160 0.28125 1
Pkt 56 200 0.28 1
Node 67 33 24.0416
Pkt 112 400 0.28 1
Pkt 135 480 0.28125 1
Node 43 66 17.4642
Pkt 224 800 0.28 1
Pkt 224 800 0.28 1
Node 55 68 18.6815
Pkt 54 192 0.28125 1
Pkt 70 250 0.28 1
Node 46 58 8.94427
Pkt 90 320 0.28125 1
Pkt 90 320 0.28125 1
Node 63 25 28.178
Pkt 210 750 0.28 1
Pkt 224 800 0.28 1
Node 25 35 29.1548
Pkt 35 125 0.28 1
Pkt 68 240 0.283333 1
Node 40 61 14.8661
Pkt 84 300 0.28 1
Pkt 84 300 0.28 1
Rate:561.198
==========
==========93
8 0 2 24000
Node 70 29 29
Pkt 56 200 0.28 1
Pkt 70 250 0.28 1
Node 39 57 13.0384
Pkt 112 400 0.28 1
Pkt 135 480 0.28125 1
Node 69 61 21.9545
Pkt 210 750 0.28 1
Pkt 210 750 0.28 1
Node 71 35 25.807
Pkt 68 240 0.283333 1
Pkt 45 160 0.28125 1
Node 60 47 10.4403
Pkt 90 320 0.28125 1
Pkt 84 300 0.28 1
Node 49 56 6.08276
Pkt 224 800 0.28 1
Pkt 210 750 0.28 1
Node 74 37 27.2947
Pkt 28 100 0.28 1
Pkt 35 125 0.28 1
Node 54 60 10.7703
Pkt 105 375 0.28 1
Pkt 135 480 0.28125 1
Rate:561.042
==========
==========94
8 0 2 24000
Node 63 63 18.3848
Pkt 68 240 0.283333 1
Pkt 68 240 0.283333 1
Node 46 70 20.3961
Pkt 135 480 0.28125 1
Pkt 112 400 0.28 1
Node 50 29 21
Pkt 210 750 0.28 1
Pkt 224 800 0.28 1
Node 70 52 20.0998
Pkt 68 240 0.283333 1
Pkt 35 125 0.28 1
Node 73 35 27.4591
Pkt 84 300 0.28 1
Pkt 90 320 0.28125 1
Node 44 35 16.1555
Pkt 210 750 0.28 1
Pkt 224 800 0.28 1
Node 57 37 14.7648
Pkt 70 250 0.28 1
Pkt 42 150 0.28 1
Node 30 68 26.9072
Pkt 105 375 0.28 1
Pkt 84 300 0.28 1
Rate:561.563
==========
==========95
8 0 2 24000
Node 49 57 7.07107
Pkt 35 125 0.28 1
Pkt 45 160 0.28125 1
Node 46 58 8.94427
Pkt 90 320 0.28125 1
Pkt 135 480 0.28125 1
Node 57 33 18.3848
Pkt 224 800 0.28 1
Pkt 210 750 0.28 1
Node 31 71 28.3196
Pkt 34 120 0.283333 1
Pkt 34 120 0.283333 1
Node 71 45 21.587
Pkt 105 375 0.28 1
Pkt 84 300 0.28 1
Node 53 28 22.2036
Pkt 224 800 0.28 1
Pkt 224 800 0.28 1
Node 67 30 26.2488
Pkt 70 250 0.28 1
Pkt 56 200 0.28 1
Node 25 41 26.5707
Pkt 105 375 0.28 1
Pkt 84 300 0.28 1
Rate:561.302
==========
==========96
8 0 2 24000
Node 39 58 13.6015
Pkt 35 125 0.28 1
Pkt 45 160 0.28125 1
Node 39 70 22.8254
Pkt 112 400 0.28 1
Pkt 84 300 0.28 1
Node 29 58 22.4722
Pkt 224 800 0.28 1
Pkt 210 750 0.28 1
Node 52 28 22.0907
Pkt 56 200 0.28 1
Pkt 45 160 0.28125 1
Node 25 31 31.4006
Pkt 112 400 0.28 1
Pkt 112 400 0.28 1
Node 53 42 8.544
Pkt 210 750 0.28 1
Pkt 210 750 0.28 1
Node 69 71 28.3196
Pkt 42 150 0.28 1
Pkt 35 125 0.28 1
Node 62 68 21.6333
Pkt 112 400 0.28 1
Pkt 135 480 0.28125 1
Rate:560.469
==========
==========97
8 0 2 24000
Node 51 43 7.07107
Pkt 34 120 0.283333 1
Pkt 70 250 0.28 1
Node 53 57 7.61577
Pkt 90 320 0.28125 1
Pkt 90 320 0.28125 1
Node 42 43 10.6301
Pkt 210 750 0.28 1
Pkt 210 750 0.28 1
Node 36 49 14.0357
Pkt 70 250 0.28 1
Pkt 45 160 0.28125 1
Node 60 40 14.1421
Pkt 90 320 0.28125 1
Pkt 112 400 0.28 1
Node 45 29 21.587
Pkt 224 800 0.28 1
Pkt 210 750 0.28 1
Node 61 74 26.4008
Pkt 35 125 0.28 1
Pkt 45 160 0.28125 1
Node 34 68 24.0832
Pkt 135 480 0.28125 1
Pkt 105 375 0.28 1
Rate:561.354
==========
==========98
8 0 2 24000
Node 43 57 9.89949
Pkt 68 240 0.283333 1
Pkt 42 150 0.28 1
Node 73 43 24.0416
Pkt 84 300 0.28 1
Pkt 105 375 0.28 1
Node 25 43 25.9615
Pkt 210 750 0.28 1
Pkt 210 750 0.28 1
Node 60 36 17.2047
Pkt 34 120 0.283333 1
Pkt 54 192 0.28125 1
Node 72 66 27.2029
Pkt 90 320 0.28125 1
Pkt 105 375 0.28 1
Node 51 66 16.0312
Pkt 210 750 0.28 1
Pkt 224 800 0.28 1
Node 58 68 19.6977
Pkt 35 125 0.28 1
Pkt 56 200 0.28 1
Node 39 33 20.2485
Pkt 105 375 0.28 1
Pkt 90 320 0.28125 1
Rate:561.302
==========
==========99
