8 0 2 24000
Node 46 34 16.4924
Pkt 20 100 0.2 1
Pkt 39 192 0.203125 1
Node 65 47 15.2971
Pkt 80 400 0.2 1
Pkt 75 375 0.2 1
Node 70 50 20
Pkt 150 750 0.2 1
Pkt 160 800 0.2 1
Node 60 55 11.1803
Pkt 25 125 0.2 1
Pkt 24 120 0.2 1
Node 37 42 15.2643
Pkt 80 400 0.2 1
Pkt 60 300 0.2 1
Node 63 44 14.3178
Pkt 150 750 0.2 1
Pkt 150 750 0.2 1
Node 40 57 12.2066
Pkt 32 160 0.2 1
Pkt 40 200 0.2 1
Node 51 26 24.0208
Pkt 96 480 0.2 1
Pkt 60 300 0.2 1
Rate:400.391
==========
==========0
8 0 2 24000
Node 41 33 19.2354
Pkt 48 240 0.2 1
Pkt 20 100 0.2 1
Node 61 50 11
Pkt 80 400 0.2 1
Pkt 60 300 0.2 1
Node 62 38 16.9706
Pkt 150 750 0.2 1
Pkt 160 800 0.2 1
Node 61 29 23.7065
Pkt 24 120 0.2 1
Pkt 32 160 0.2 1
Node 59 31 21.0238
Pkt 75 375 0.2 1
Pkt 75 375 0.2 1
Node 73 57 24.0416
Pkt 160 800 0.2 1
Pkt 160 800 0.2 1
Node 33 42 18.7883
Pkt 50 250 0.2 1
Pkt 50 250 0.2 1
Node 30 61 22.8254
Pkt 64 320 0.2 1
Pkt 96 480 0.2 1
Rate:400
==========
==========1
8 0 2 24000
Node 55 55 7.07107
Pkt 39 192 0.203125 1
Pkt 24 120 0.2 1
Node 46 61 11.7047
Pkt 75 375 0.2 1
Pkt 60 300 0.2 1
Node 28 43 23.0868
Pkt 160 800 0.2 1
Pkt 160 800 0.2 1
Node 59 29 22.8473
Pkt 50 250 0.2 1
Pkt 32 160 0.2 1
Node 47 62 12.3693
Pkt 64 320 0.2 1
Pkt 80 400 0.2 1
Node 52 48 2.82843
Pkt 160 800 0.2 1
Pkt 160 800 0.2 1
Node 68 33 24.7588
Pkt 50 250 0.2 1
Pkt 40 200 0.2 1
Node 47 58 8.544
Pkt 96 480 0.2 1
Pkt 96 480 0.2 1
Rate:400.391
==========
==========2
8 0 2 24000
Node 47 49 3.16228
Pkt 24 120 0.2 1
Pkt 39 192 0.203125 1
Node 30 72 29.7321
Pkt 64 320 0.2 1
Pkt 75 375 0.2 1
Node 40 40 14.1421
Pkt 150 750 0.2 1
Pkt 160 800 0.2 1
Node 32 57 19.3132
Pkt 40 200 0.2 1
Pkt 32 160 0.2 1
Node 53 70 20.2237
Pkt 75 375 0.2 1
Pkt 60 300 0.2 1
Node 70 70 28.2843
Pkt 160 800 0.2 1
Pkt 160 800 0.2 1
Node 40 58 12.8062
Pkt 40 200 0.2 1
Pkt 50 250 0.2 1
Node 29 72 30.4138
Pkt 60 300 0.2 1
Pkt 60 300 0.2 1
Rate:400.391
==========
==========3
8 0 2 24000
Node 41 50 9
Pkt 20 100 0.2 1
Pkt 48 240 0.2 1
Node 47 55 5.83095
Pkt 60 300 0.2 1
Pkt 75 375 0.2 1
Node 74 47 24.1868
Pkt 160 800 0.2 1
Pkt 150 750 0.2 1
Node 46 48 4.47214
Pkt 30 150 0.2 1
Pkt 24 120 0.2 1
Node 42 44 10
Pkt 80 400 0.2 1
Pkt 96 480 0.2 1
Node 74 48 24.0832
Pkt 150 750 0.2 1
Pkt 160 800 0.2 1
Node 36 70 24.4131
Pkt 20 100 0.2 1
Pkt 24 120 0.2 1
Node 65 56 16.1555
Pkt 60 300 0.2 1
Pkt 60 300 0.2 1
Rate:400
==========
==========4
8 0 2 24000
Node 25 57 25.9615
Pkt 48 240 0.2 1
Pkt 20 100 0.2 1
Node 57 25 25.9615
Pkt 80 400 0.2 1
Pkt 80 400 0.2 1
Node 71 59 22.8473
Pkt 160 800 0.2 1
Pkt 150 750 0.2 1
Node 58 62 14.4222
Pkt 40 200 0.2 1
Pkt 32 160 0.2 1
Node 61 40 14.8661
Pkt 64 320 0.2 1
Pkt 75 375 0.2 1
Node 69 70 27.5862
Pkt 150 750 0.2 1
Pkt 160 800 0.2 1
Node 57 63 14.7648
Pkt 48 240 0.2 1
Pkt 25 125 0.2 1
Node 41 45 10.2956
Pkt 80 400 0.2 1
Pkt 64 320 0.2 1
Rate:400
==========
==========5
8 0 2 24000
Node 34 67 23.3452
Pkt 32 160 0.2 1
Pkt 50 250 0.2 1
Node 30 34 25.6125
Pkt 64 320 0.2 1
Pkt 64 320 0.2 1
Node 59 29 22.8473
Pkt 150 750 0.2 1
Pkt 160 800 0.2 1
Node 58 32 19.6977
Pkt 50 250 0.2 1
Pkt 48 240 0.2 1
Node 37 67 21.4009
Pkt 96 480 0.2 1
Pkt 64 320 0.2 1
Node 49 43 7.07107
Pkt 150 750 0.2 1
Pkt 160 800 0.2 1
Node 50 41 9
Pkt 20 100 0.2 1
Pkt 25 125 0.2 1
Node 70 37 23.8537
Pkt 75 375 0.2 1
Pkt 75 375 0.2 1
Rate:400
==========
==========6
8 0 2 24000
Node 34 70 25.6125
Pkt 30 150 0.2 1
Pkt 50 250 0.2 1
Node 71 59 22.8473
Pkt 75 375 0.2 1
Pkt 75 375 0.2 1
Node 60 55 11.1803
Pkt 160 800 0.2 1
Pkt 150 750 0.2 1
Node 54 44 7.2111
Pkt 24 120 0.2 1
Pkt 40 200 0.2 1
Node 60 69 21.4709
Pkt 60 300 0.2 1
Pkt 80 400 0.2 1
Node 71 41 22.8473
Pkt 160 800 0.2 1
Pkt 160 800 0.2 1
Node 70 62 23.3238
Pkt 40 200 0.2 1
Pkt 25 125 0.2 1
Node 62 41 15
Pkt 96 480 0.2 1
Pkt 60 300 0.2 1
Rate:400
==========
==========7
8 0 2 24000
Node 56 48 6.32456
Pkt 40 200 0.2 1
Pkt 32 160 0.2 1
Node 54 27 23.3452
Pkt 96 480 0.2 1
Pkt 80 400 0.2 1
Node 43 30 21.1896
Pkt 160 800 0.2 1
Pkt 160 800 0.2 1
Node 41 31 21.0238
Pkt 39 192 0.203125 1
Pkt 39 192 0.203125 1
Node 73 52 23.0868
Pkt 96 480 0.2 1
Pkt 75 375 0.2 1
Node 32 36 22.8035
Pkt 150 750 0.2 1
Pkt 150 750 0.2 1
Node 33 66 23.3452
Pkt 30 150 0.2 1
Pkt 32 160 0.2 1
Node 50 73 23
Pkt 64 320 0.2 1
Pkt 80 400 0.2 1
Rate:400.781
==========
==========8
8 0 2 24000
Node 62 55 13
Pkt 39 192 0.203125 1
Pkt 48 240 0.2 1
Node 44 43 9.21954
Pkt 80 400 0.2 1
Pkt 96 480 0.2 1
Node 44 59 10.8167
Pkt 160 800 0.2 1
Pkt 160 800 0.2 1
Node 69 53 19.2354
Pkt 20 100 0.2 1
Pkt 40 200 0.2 1
Node 36 58 16.1245
Pkt 80 400 0.2 1
Pkt 60 300 0.2 1
Node 28 68 28.4253
Pkt 150 750 0.2 1
Pkt 160 800 0.2 1
Node 35 39 18.6011
Pkt 24 120 0.2 1
Pkt 20 100 0.2 1
Node 68 44 18.9737
Pkt 96 480 0.2 1
Pkt 75 375 0.2 1
Rate:400.391
==========
==========9
8 0 2 24000
Node 46 36 14.5602
Pkt 25 125 0.2 1
Pkt 39 192 0.203125 1
Node 56 25 25.7099
Pkt 75 375 0.2 1
Pkt 75 375 0.2 1
Node 67 42 18.7883
Pkt 150 750 0.2 1
Pkt 150 750 0.2 1
Node 50 73 23
Pkt 24 120 0.2 1
Pkt 50 250 0.2 1
Node 64 69 23.6008
Pkt 64 320 0.2 1
Pkt 64 320 0.2 1
Node 36 69 23.6008
Pkt 150 750 0.2 1
Pkt 150 750 0.2 1
Node 39 70 22.8254
Pkt 30 150 0.2 1
Pkt 32 160 0.2 1
Node 50 45 5
Pkt 75 375 0.2 1
Pkt 60 300 0.2 1
Rate:400.391
==========
==========10
8 0 2 24000
Node 35 68 23.4307
Pkt 25 125 0.2 1
Pkt 48 240 0.2 1
Node 51 34 16.0312
Pkt 64 320 0.2 1
Pkt 75 375 0.2 1
Node 41 70 21.9317
Pkt 160 800 0.2 1
Pkt 150 750 0.2 1
Node 43 57 9.89949
Pkt 50 250 0.2 1
Pkt 40 200 0.2 1
Node 25 26 34.6554
Pkt 64 320 0.2 1
Pkt 60 300 0.2 1
Node 73 67 28.6007
Pkt 150 750 0.2 1
Pkt 160 800 0.2 1
Node 52 70 20.0998
Pkt 40 200 0.2 1
Pkt 24 120 0.2 1
Node 52 64 14.1421
Pkt 75 375 0.2 1
Pkt 75 375 0.2 1
Rate:400
==========
==========11
8 0 2 24000
Node 55 26 24.5153
Pkt 24 120 0.2 1
Pkt 30 150 0.2 1
Node 70 58 21.5407
Pkt 80 400 0.2 1
Pkt 80 400 0.2 1
Node 60 29 23.2594
Pkt 150 750 0.2 1
Pkt 160 800 0.2 1
Node 44 72 22.8035
Pkt 40 200 0.2 1
Pkt 40 200 0.2 1
Node 61 61 15.5563
Pkt 60 300 0.2 1
Pkt 64 320 0.2 1
Node 53 42 8.544
Pkt 150 750 0.2 1
Pkt 160 800 0.2 1
Node 49 59 9.05539
Pkt 25 125 0.2 1
Pkt 50 250 0.2 1
Node 45 34 16.7631
Pkt 80 400 0.2 1
Pkt 75 375 0.2 1
Rate:400
==========
==========12
8 0 2 24000
Node 70 25 32.0156
Pkt 24 120 0.2 1
Pkt 30 150 0.2 1
Node 54 48 4.47214
Pkt 96 480 0.2 1
Pkt 96 480 0.2 1
Node 39 69 21.9545
Pkt 160 800 0.2 1
Pkt 150 750 0.2 1
Node 69 61 21.9545
Pkt 50 250 0.2 1
Pkt 30 150 0.2 1
Node 32 66 24.0832
Pkt 96 480 0.2 1
Pkt 60 300 0.2 1
Node 57 74 25
Pkt 150 750 0.2 1
Pkt 150 750 0.2 1
Node 43 55 8.60233
Pkt 30 150 0.2 1
Pkt 50 250 0.2 1
Node 72 62 25.0599
Pkt 75 375 0.2 1
Pkt 64 320 0.2 1
Rate:400
==========
==========13
8 0 2 24000
Node 47 30 20.2237
Pkt 39 192 0.203125 1
Pkt 30 150 0.2 1
Node 72 29 30.4138
Pkt 60 300 0.2 1
Pkt 75 375 0.2 1
Node 68 67 24.7588
Pkt 150 750 0.2 1
Pkt 150 750 0.2 1
Node 61 64 17.8045
Pkt 25 125 0.2 1
Pkt 50 250 0.2 1
Node 58 30 21.5407
Pkt 96 480 0.2 1
Pkt 60 300 0.2 1
Node 53 68 18.2483
Pkt 150 750 0.2 1
Pkt 160 800 0.2 1
Node 61 41 14.2127
Pkt 39 192 0.203125 1
Pkt 32 160 0.2 1
Node 50 43 7
Pkt 80 400 0.2 1
Pkt 80 400 0.2 1
Rate:400.781
==========
==========14
8 0 2 24000
Node 29 64 25.2389
Pkt 40 200 0.2 1
Pkt 20 100 0.2 1
Node 30 35 25
Pkt 80 400 0.2 1
Pkt 75 375 0.2 1
Node 49 27 23.0217
Pkt 150 750 0.2 1
Pkt 160 800 0.2 1
Node 61 67 20.2485
Pkt 40 200 0.2 1
Pkt 39 192 0.203125 1
Node 53 61 11.4018
Pkt 64 320 0.2 1
Pkt 64 320 0.2 1
Node 27 65 27.4591
Pkt 150 750 0.2 1
Pkt 160 800 0.2 1
Node 26 71 31.8904
Pkt 32 160 0.2 1
Pkt 50 250 0.2 1
Node 25 33 30.2324
Pkt 60 300 0.2 1
Pkt 96 480 0.2 1
Rate:400.391
==========
==========15
8 0 2 24000
Node 34 33 23.3452
Pkt 39 192 0.203125 1
Pkt 40 200 0.2 1
Node 30 57 21.1896
Pkt 64 320 0.2 1
Pkt 80 400 0.2 1
Node 73 58 24.3516
Pkt 150 750 0.2 1
Pkt 160 800 0.2 1
Node 50 26 24
Pkt 40 200 0.2 1
Pkt 25 125 0.2 1
Node 63 51 13.0384
Pkt 60 300 0.2 1
Pkt 64 320 0.2 1
Node 54 32 18.4391
Pkt 160 800 0.2 1
Pkt 150 750 0.2 1
Node 59 28 23.7697
Pkt 20 100 0.2 1
Pkt 30 150 0.2 1
Node 27 58 24.3516
Pkt 60 300 0.2 1
Pkt 96 480 0.2 1
Rate:400.391
==========
==========16
8 0 2 24000
Node 65 59 17.4929
Pkt 24 120 0.2 1
Pkt 48 240 0.2 1
Node 42 45 9.43398
Pkt 64 320 0.2 1
Pkt 75 375 0.2 1
Node 25 34 29.6816
Pkt 150 750 0.2 1
Pkt 160 800 0.2 1
Node 59 42 12.0416
Pkt 25 125 0.2 1
Pkt 39 192 0.203125 1
Node 55 55 7.07107
Pkt 60 300 0.2 1
Pkt 64 320 0.2 1
Node 67 72 27.8029
Pkt 160 800 0.2 1
Pkt 160 800 0.2 1
Node 56 50 6
Pkt 30 150 0.2 1
Pkt 39 192 0.203125 1
Node 50 69 19
Pkt 60 300 0.2 1
Pkt 80 400 0.2 1
Rate:400.781
==========
==========17
8 0 2 24000
Node 47 39 11.4018
Pkt 25 125 0.2 1
Pkt 39 192 0.203125 1
Node 26 60 26
Pkt 96 480 0.2 1
Pkt 96 480 0.2 1
Node 27 64 26.9258
Pkt 160 800 0.2 1
Pkt 150 750 0.2 1
Node 61 39 15.5563
Pkt 20 100 0.2 1
Pkt 39 192 0.203125 1
Node 44 54 7.2111
Pkt 96 480 0.2 1
Pkt 60 300 0.2 1
Node 73 54 23.3452
Pkt 160 800 0.2 1
Pkt 150 750 0.2 1
Node 34 65 21.9317
Pkt 32 160 0.2 1
Pkt 30 150 0.2 1
Node 67 36 22.0227
Pkt 64 320 0.2 1
Pkt 60 300 0.2 1
Rate:400.781
==========
==========18
8 0 2 24000
Node 61 48 11.1803
Pkt 20 100 0.2 1
Pkt 50 250 0.2 1
Node 69 73 29.8329
Pkt 75 375 0.2 1
Pkt 96 480 0.2 1
Node 54 50 4
Pkt 150 750 0.2 1
Pkt 150 750 0.2 1
Node 48 33 17.1172
Pkt 25 125 0.2 1
Pkt 24 120 0.2 1
Node 27 48 23.0868
Pkt 80 400 0.2 1
Pkt 64 320 0.2 1
Node 67 31 25.4951
Pkt 150 750 0.2 1
Pkt 160 800 0.2 1
Node 35 58 17
Pkt 48 240 0.2 1
Pkt 20 100 0.2 1
Node 31 31 26.8701
Pkt 96 480 0.2 1
Pkt 60 300 0.2 1
Rate:400
==========
==========19
8 0 2 24000
Node 32 28 28.4253
Pkt 25 125 0.2 1
Pkt 32 160 0.2 1
Node 63 44 14.3178
Pkt 75 375 0.2 1
Pkt 64 320 0.2 1
Node 70 40 22.3607
Pkt 150 750 0.2 1
Pkt 160 800 0.2 1
Node 63 57 14.7648
Pkt 25 125 0.2 1
Pkt 48 240 0.2 1
Node 50 25 25
Pkt 64 320 0.2 1
Pkt 75 375 0.2 1
Node 48 65 15.1327
Pkt 160 800 0.2 1
Pkt 150 750 0.2 1
Node 55 65 15.8114
Pkt 39 192 0.203125 1
Pkt 30 150 0.2 1
Node 36 39 17.8045
Pkt 75 375 0.2 1
Pkt 64 320 0.2 1
Rate:400.391
==========
==========20
8 0 2 24000
Node 31 73 29.8329
Pkt 30 150 0.2 1
Pkt 50 250 0.2 1
Node 72 45 22.561
Pkt 96 480 0.2 1
Pkt 75 375 0.2 1
Node 61 38 16.2788
Pkt 150 750 0.2 1
Pkt 160 800 0.2 1
Node 73 61 25.4951
Pkt 20 100 0.2 1
Pkt 20 100 0.2 1
Node 47 26 24.1868
Pkt 80 400 0.2 1
Pkt 96 480 0.2 1
Node 67 36 22.0227
Pkt 160 800 0.2 1
Pkt 150 750 0.2 1
Node 44 58 10
Pkt 24 120 0.2 1
Pkt 30 150 0.2 1
Node 61 28 24.5967
Pkt 64 320 0.2 1
Pkt 60 300 0.2 1
Rate:400
==========
==========21
8 0 2 24000
Node 59 58 12.0416
Pkt 48 240 0.2 1
Pkt 30 150 0.2 1
Node 32 26 30
Pkt 75 375 0.2 1
Pkt 80 400 0.2 1
Node 68 57 19.3132
Pkt 160 800 0.2 1
Pkt 160 800 0.2 1
Node 66 49 16.0312
Pkt 39 192 0.203125 1
Pkt 48 240 0.2 1
Node 70 44 20.8806
Pkt 80 400 0.2 1
Pkt 64 320 0.2 1
Node 73 67 28.6007
Pkt 160 800 0.2 1
Pkt 160 800 0.2 1
Node 55 42 9.43398
Pkt 30 150 0.2 1
Pkt 48 240 0.2 1
Node 47 54 5
Pkt 64 320 0.2 1
Pkt 64 320 0.2 1
Rate:400.391
==========
==========22
8 0 2 24000
Node 58 28 23.4094
Pkt 30 150 0.2 1
Pkt 39 192 0.203125 1
Node 44 34 17.088
Pkt 60 300 0.2 1
Pkt 75 375 0.2 1
Node 65 55 15.8114
Pkt 150 750 0.2 1
Pkt 150 750 0.2 1
Node 58 59 12.0416
Pkt 40 200 0.2 1
Pkt 20 100 0.2 1
Node 42 69 20.6155
Pkt 64 320 0.2 1
Pkt 80 400 0.2 1
Node 59 30 21.9317
Pkt 160 800 0.2 1
Pkt 150 750 0.2 1
Node 39 48 11.1803
Pkt 25 125 0.2 1
Pkt 39 192 0.203125 1
Node 71 63 24.6982
Pkt 75 375 0.2 1
Pkt 80 400 0.2 1
Rate:400.781
==========
==========23
8 0 2 24000
Node 72 72 31.1127
Pkt 32 160 0.2 1
Pkt 32 160 0.2 1
Node 52 35 15.1327
Pkt 64 320 0.2 1
Pkt 96 480 0.2 1
Node 26 53 24.1868
Pkt 150 750 0.2 1
Pkt 150 750 0.2 1
Node 35 37 19.8494
Pkt 24 120 0.2 1
Pkt 24 120 0.2 1
Node 57 63 14.7648
Pkt 75 375 0.2 1
Pkt 80 400 0.2 1
Node 56 62 13.4164
Pkt 150 750 0.2 1
Pkt 160 800 0.2 1
Node 49 25 25.02
Pkt 48 240 0.2 1
Pkt 30 150 0.2 1
Node 50 39 11
Pkt 60 300 0.2 1
Pkt 96 480 0.2 1
Rate:400
==========
==========24
8 0 2 24000
Node 60 27 25.0799
Pkt 40 200 0.2 1
Pkt 32 160 0.2 1
Node 68 60 20.5913
Pkt 60 300 0.2 1
Pkt 64 320 0.2 1
Node 66 47 16.2788
Pkt 160 800 0.2 1
Pkt 150 750 0.2 1
Node 34 26 28.8444
Pkt 48 240 0.2 1
Pkt 20 100 0.2 1
Node 66 52 16.1245
Pkt 75 375 0.2 1
Pkt 60 300 0.2 1
Node 52 55 5.38516
Pkt 160 800 0.2 1
Pkt 150 750 0.2 1
Node 46 25 25.318
Pkt 48 240 0.2 1
Pkt 24 120 0.2 1
Node 54 52 4.47214
Pkt 60 300 0.2 1
Pkt 75 375 0.2 1
Rate:400
==========
==========25
8 0 2 24000
Node 55 68 18.6815
Pkt 25 125 0.2 1
Pkt 48 240 0.2 1
Node 25 66 29.6816
Pkt 96 480 0.2 1
Pkt 64 320 0.2 1
Node 32 35 23.4307
Pkt 150 750 0.2 1
Pkt 150 750 0.2 1
Node 49 54 4.12311
Pkt 30 150 0.2 1
Pkt 32 160 0.2 1
Node 32 52 18.1108
Pkt 64 320 0.2 1
Pkt 75 375 0.2 1
Node 69 43 20.2485
Pkt 160 800 0.2 1
Pkt 150 750 0.2 1
Node 42 64 16.1245
Pkt 40 200 0.2 1
Pkt 30 150 0.2 1
Node 26 70 31.241
Pkt 60 300 0.2 1
Pkt 96 480 0.2 1
Rate:400
==========
==========26
8 0 2 24000
Node 48 35 15.1327
Pkt 30 150 0.2 1
Pkt 20 100 0.2 1
Node 49 50 1
Pkt 60 300 0.2 1
Pkt 80 400 0.2 1
Node 74 54 24.3311
Pkt 150 750 0.2 1
Pkt 160 800 0.2 1
Node 52 44 6.32456
Pkt 30 150 0.2 1
Pkt 40 200 0.2 1
Node 32 48 18.1108
Pkt 60 300 0.2 1
Pkt 96 480 0.2 1
Node 71 35 25.807
Pkt 150 750 0.2 1
Pkt 160 800 0.2 1
Node 73 47 23.1948
Pkt 40 200 0.2 1
Pkt 50 250 0.2 1
Node 44 45 7.81025
Pkt 75 375 0.2 1
Pkt 75 375 0.2 1
Rate:400
==========
==========27
8 0 2 24000
Node 52 53 3.60555
Pkt 24 120 0.2 1
Pkt 48 240 0.2 1
Node 69 72 29.0689
Pkt 96 480 0.2 1
Pkt 75 375 0.2 1
Node 50 74 24
Pkt 160 800 0.2 1
Pkt 160 800 0.2 1
Node 46 47 5
Pkt 20 100 0.2 1
Pkt 20 100 0.2 1
Node 70 35 25
Pkt 80 400 0.2 1
Pkt 75 375 0.2 1
Node 42 42 11.3137
Pkt 160 800 0.2 1
Pkt 160 800 0.2 1
Node 38 53 12.3693
Pkt 39 192 0.203125 1
Pkt 48 240 0.2 1
Node 51 52 2.23607
Pkt 64 320 0.2 1
Pkt 60 300 0.2 1
Rate:400.391
==========
==========28
8 0 2 24000
Node 25 60 26.9258
Pkt 30 150 0.2 1
Pkt 24 120 0.2 1
Node 42 65 17
Pkt 75 375 0.2 1
Pkt 60 300 0.2 1
Node 38 30 23.3238
Pkt 160 800 0.2 1
Pkt 160 800 0.2 1
Node 73 58 24.3516
Pkt 32 160 0.2 1
Pkt 25 125 0.2 1
Node 60 56 11.6619
Pkt 75 375 0.2 1
Pkt 75 375 0.2 1
Node 53 60 10.4403
Pkt 150 750 0.2 1
Pkt 160 800 0.2 1
Node 66 35 21.9317
Pkt 32 160 0.2 1
Pkt 48 240 0.2 1
Node 44 44 8.48528
Pkt 80 400 0.2 1
Pkt 75 375 0.2 1
Rate:400
==========
==========29
8 0 2 24000
Node 66 30 25.6125
Pkt 25 125 0.2 1
Pkt 50 250 0.2 1
Node 39 71 23.7065
Pkt 64 320 0.2 1
Pkt 75 375 0.2 1
Node 58 43 10.6301
Pkt 150 750 0.2 1
Pkt 150 750 0.2 1
Node 64 37 19.105
Pkt 30 150 0.2 1
Pkt 39 192 0.203125 1
Node 56 27 23.7697
Pkt 75 375 0.2 1
Pkt 80 400 0.2 1
Node 31 73 29.8329
Pkt 160 800 0.2 1
Pkt 150 750 0.2 1
Node 27 49 23.0217
Pkt 24 120 0.2 1
Pkt 20 100 0.2 1
Node 26 52 24.0832
Pkt 96 480 0.2 1
Pkt 75 375 0.2 1
Rate:400.391
==========
==========30
8 0 2 24000
Node 67 53 17.2627
Pkt 32 160 0.2 1
Pkt 30 150 0.2 1
Node 56 54 7.2111
Pkt 96 480 0.2 1
Pkt 96 480 0.2 1
Node 25 46 25.318
Pkt 150 750 0.2 1
Pkt 150 750 0.2 1
Node 46 72 22.3607
Pkt 39 192 0.203125 1
Pkt 24 120 0.2 1
Node 54 73 23.3452
Pkt 64 320 0.2 1
Pkt 80 400 0.2 1
Node 53 50 3
Pkt 150 750 0.2 1
Pkt 150 750 0.2 1
Node 64 51 14.0357
Pkt 32 160 0.2 1
Pkt 50 250 0.2 1
Node 43 53 7.61577
Pkt 96 480 0.2 1
Pkt 60 300 0.2 1
Rate:400.391
==========
==========31
8 0 2 24000
Node 49 60 10.0499
Pkt 25 125 0.2 1
Pkt 39 192 0.203125 1
Node 27 34 28.0179
Pkt 60 300 0.2 1
Pkt 64 320 0.2 1
Node 52 74 24.0832
Pkt 150 750 0.2 1
Pkt 160 800 0.2 1
Node 60 44 11.6619
Pkt 48 240 0.2 1
Pkt 32 160 0.2 1
Node 68 46 18.4391
Pkt 96 480 0.2 1
Pkt 64 320 0.2 1
Node 54 41 9.84886
Pkt 150 750 0.2 1
Pkt 150 750 0.2 1
Node 63 46 13.6015
Pkt 50 250 0.2 1
Pkt 24 120 0.2 1
Node 34 29 26.4008
Pkt 75 375 0.2 1
Pkt 75 375 0.2 1
Rate:400.391
==========
==========32
8 0 2 24000
Node 57 72 23.0868
Pkt 20 100 0.2 1
Pkt 25 125 0.2 1
Node 33 27 28.6007
Pkt 64 320 0.2 1
Pkt 75 375 0.2 1
Node 44 65 16.1555
Pkt 150 750 0.2 1
Pkt 150 750 0.2 1
Node 45 40 11.1803
Pkt 20 100 0.2 1
Pkt 48 240 0.2 1
Node 63 25 28.178
Pkt 64 320 0.2 1
Pkt 75 375 0.2 1
Node 50 37 13
Pkt 150 750 0.2 1
Pkt 160 800 0.2 1
Node 56 42 10
Pkt 25 125 0.2 1
Pkt 48 240 0.2 1
Node 68 56 18.9737
Pkt 64 320 0.2 1
Pkt 96 480 0.2 1
Rate:400
==========
==========33
8 0 2 24000
Node 53 64 14.3178
Pkt 50 250 0.2 1
Pkt 32 160 0.2 1
Node 61 53 11.4018
Pkt 80 400 0.2 1
Pkt 96 480 0.2 1
Node 51 74 24.0208
Pkt 160 800 0.2 1
Pkt 150 750 0.2 1
Node 59 31 21.0238
Pkt 39 192 0.203125 1
Pkt 39 192 0.203125 1
Node 55 43 8.60233
Pkt 80 400 0.2 1
Pkt 96 480 0.2 1
Node 72 35 26.6271
Pkt 150 750 0.2 1
Pkt 160 800 0.2 1
Node 58 51 8.06226
Pkt 39 192 0.203125 1
Pkt 39 192 0.203125 1
Node 66 40 18.868
Pkt 75 375 0.2 1
Pkt 60 300 0.2 1
Rate:401.563
==========
==========34
8 0 2 24000
Node 35 36 20.5183
Pkt 20 100 0.2 1
Pkt 48 240 0.2 1
Node 34 74 28.8444
Pkt 75 375 0.2 1
Pkt 96 480 0.2 1
Node 61 68 21.095
Pkt 150 750 0.2 1
Pkt 160 800 0.2 1
Node 36 69 23.6008
Pkt 25 125 0.2 1
Pkt 25 125 0.2 1
Node 59 55 10.2956
Pkt 60 300 0.2 1
Pkt 75 375 0.2 1
Node 51 62 12.0416
Pkt 160 800 0.2 1
Pkt 150 750 0.2 1
Node 27 54 23.3452
Pkt 50 250 0.2 1
Pkt 40 200 0.2 1
Node 71 64 25.2389
Pkt 60 300 0.2 1
Pkt 96 480 0.2 1
Rate:400
==========
==========35
8 0 2 24000
Node 45 40 11.1803
Pkt 32 160 0.2 1
Pkt 32 160 0.2 1
Node 58 54 8.94427
Pkt 80 400 0.2 1
Pkt 75 375 0.2 1
Node 53 48 3.60555
Pkt 160 800 0.2 1
Pkt 160 800 0.2 1
Node 50 29 21
Pkt 24 120 0.2 1
Pkt 25 125 0.2 1
Node 41 32 20.1246
Pkt 96 480 0.2 1
Pkt 64 320 0.2 1
Node 28 47 22.2036
Pkt 150 750 0.2 1
Pkt 150 750 0.2 1
Node 25 46 25.318
Pkt 25 125 0.2 1
Pkt 40 200 0.2 1
Node 35 26 28.3019
Pkt 96 480 0.2 1
Pkt 60 300 0.2 1
Rate:400
==========
==========36
8 0 2 24000
Node 43 65 16.5529
Pkt 39 192 0.203125 1
Pkt 25 125 0.2 1
Node 60 34 18.868
Pkt 96 480 0.2 1
Pkt 80 400 0.2 1
Node 57 50 7
Pkt 150 750 0.2 1
Pkt 150 750 0.2 1
Node 36 49 14.0357
Pkt 48 240 0.2 1
Pkt 32 160 0.2 1
Node 62 41 15
Pkt 80 400 0.2 1
Pkt 96 480 0.2 1
Node 62 65 19.2094
Pkt 150 750 0.2 1
Pkt 150 750 0.2 1
Node 37 25 28.178
Pkt 32 160 0.2 1
Pkt 39 192 0.203125 1
Node 46 49 4.12311
Pkt 75 375 0.2 1
Pkt 80 400 0.2 1
Rate:400.781
==========
==========37
8 0 2 24000
Node 38 34 20
Pkt 39 192 0.203125 1
Pkt 32 160 0.2 1
Node 53 39 11.4018
Pkt 64 320 0.2 1
Pkt 80 400 0.2 1
Node 58 72 23.4094
Pkt 150 750 0.2 1
Pkt 160 800 0.2 1
Node 55 63 13.9284
Pkt 20 100 0.2 1
Pkt 30 150 0.2 1
Node 29 73 31.1448
Pkt 60 300 0.2 1
Pkt 80 400 0.2 1
Node 38 27 25.9422
Pkt 160 800 0.2 1
Pkt 150 750 0.2 1
Node 30 63 23.8537
Pkt 48 240 0.2 1
Pkt 24 120 0.2 1
Node 66 63 20.6155
Pkt 96 480 0.2 1
Pkt 75 375 0.2 1
Rate:400.391
==========
==========38
8 0 2 24000
Node 56 62 13.4164
Pkt 25 125 0.2 1
Pkt 39 192 0.203125 1
Node 27 43 24.0416
Pkt 96 480 0.2 1
Pkt 80 400 0.2 1
Node 31 50 19
Pkt 150 750 0.2 1
Pkt 150 750 0.2 1
Node 71 34 26.4008
Pkt 25 125 0.2 1
Pkt 24 120 0.2 1
Node 46 29 21.3776
Pkt 60 300 0.2 1
Pkt 60 300 0.2 1
Node 42 72 23.4094
Pkt 150 750 0.2 1
Pkt 150 750 0.2 1
Node 55 58 9.43398
Pkt 24 120 0.2 1
Pkt 24 120 0.2 1
Node 37 37 18.3848
Pkt 75 375 0.2 1
Pkt 75 375 0.2 1
Rate:400.391
==========
==========39
8 0 2 24000
Node 27 26 33.2415
Pkt 24 120 0.2 1
Pkt 32 160 0.2 1
Node 48 58 8.24621
Pkt 75 375 0.2 1
Pkt 64 320 0.2 1
Node 29 63 24.6982
Pkt 150 750 0.2 1
Pkt 150 750 0.2 1
Node 53 63 13.3417
Pkt 24 120 0.2 1
Pkt 40 200 0.2 1
Node 62 29 24.1868
Pkt 60 300 0.2 1
Pkt 60 300 0.2 1
Node 48 27 23.0868
Pkt 150 750 0.2 1
Pkt 160 800 0.2 1
Node 71 31 28.3196
Pkt 50 250 0.2 1
Pkt 24 120 0.2 1
Node 70 27 30.4795
Pkt 80 400 0.2 1
Pkt 64 320 0.2 1
Rate:400
==========
==========40
8 0 2 24000
Node 45 31 19.6469
Pkt 20 100 0.2 1
Pkt 50 250 0.2 1
Node 26 43 25
Pkt 75 375 0.2 1
Pkt 80 400 0.2 1
Node 60 72 24.1661
Pkt 150 750 0.2 1
Pkt 160 800 0.2 1
Node 67 53 17.2627
Pkt 48 240 0.2 1
Pkt 24 120 0.2 1
Node 64 29 25.2389
Pkt 96 480 0.2 1
Pkt 75 375 0.2 1
Node 52 71 21.095
Pkt 160 800 0.2 1
Pkt 160 800 0.2 1
Node 66 68 24.0832
Pkt 48 240 0.2 1
Pkt 40 200 0.2 1
Node 27 50 23
Pkt 80 400 0.2 1
Pkt 96 480 0.2 1
Rate:400
==========
==========41
8 0 2 24000
Node 33 47 17.2627
Pkt 32 160 0.2 1
Pkt 30 150 0.2 1
Node 58 42 11.3137
Pkt 80 400 0.2 1
Pkt 80 400 0.2 1
Node 59 45 10.2956
Pkt 150 750 0.2 1
Pkt 160 800 0.2 1
Node 66 55 16.7631
Pkt 32 160 0.2 1
Pkt 30 150 0.2 1
Node 43 46 8.06226
Pkt 64 320 0.2 1
Pkt 60 300 0.2 1
Node 34 69 24.8395
Pkt 160 800 0.2 1
Pkt 160 800 0.2 1
Node 44 62 13.4164
Pkt 24 120 0.2 1
Pkt 48 240 0.2 1
Node 45 37 13.9284
Pkt 64 320 0.2 1
Pkt 60 300 0.2 1
Rate:400
==========
==========42
8 0 2 24000
Node 61 69 21.9545
Pkt 25 125 0.2 1
Pkt 39 192 0.203125 1
Node 41 25 26.5707
Pkt 60 300 0.2 1
Pkt 80 400 0.2 1
Node 38 52 12.1655
Pkt 150 750 0.2 1
Pkt 160 800 0.2 1
Node 29 69 28.3196
Pkt 24 120 0.2 1
Pkt 30 150 0.2 1
Node 50 38 12
Pkt 80 400 0.2 1
Pkt 64 320 0.2 1
Node 39 72 24.5967
Pkt 160 800 0.2 1
Pkt 160 800 0.2 1
Node 51 60 10.0499
Pkt 24 120 0.2 1
Pkt 30 150 0.2 1
Node 27 53 23.1948
Pkt 75 375 0.2 1
Pkt 60 300 0.2 1
Rate:400.391
==========
==========43
8 0 2 24000
Node 31 74 30.6105
Pkt 39 192 0.203125 1
Pkt 25 125 0.2 1
Node 66 64 21.2603
Pkt 96 480 0.2 1
Pkt 80 400 0.2 1
Node 29 46 21.3776
Pkt 150 750 0.2 1
Pkt 150 750 0.2 1
Node 43 50 7
Pkt 50 250 0.2 1
Pkt 32 160 0.2 1
Node 61 31 21.9545
Pkt 60 300 0.2 1
Pkt 60 300 0.2 1
Node 57 33 18.3848
Pkt 160 800 0.2 1
Pkt 150 750 0.2 1
Node 52 28 22.0907
Pkt 39 192 0.203125 1
Pkt 30 150 0.2 1
Node 66 50 16
Pkt 80 400 0.2 1
Pkt 60 300 0.2 1
Rate:400.781
==========
==========44
8 0 2 24000
Node 43 68 19.3132
Pkt 25 125 0.2 1
Pkt 24 120 0.2 1
Node 39 50 11
Pkt 96 480 0.2 1
Pkt 96 480 0.2 1
Node 25 50 25
Pkt 160 800 0.2 1
Pkt 150 750 0.2 1
Node 52 50 2
Pkt 39 192 0.203125 1
Pkt 20 100 0.2 1
Node 44 48 6.32456
Pkt 64 320 0.2 1
Pkt 80 400 0.2 1
Node 72 70 29.7321
Pkt 160 800 0.2 1
Pkt 150 750 0.2 1
Node 53 58 8.544
Pkt 25 125 0.2 1
Pkt 32 160 0.2 1
Node 52 63 13.1529
Pkt 64 320 0.2 1
Pkt 80 400 0.2 1
Rate:400.391
==========
==========45
8 0 2 24000
Node 55 55 7.07107
Pkt 30 150 0.2 1
Pkt 24 120 0.2 1
Node 43 34 17.4642
Pkt 60 300 0.2 1
Pkt 64 320 0.2 1
Node 68 44 18.9737
Pkt 160 800 0.2 1
Pkt 150 750 0.2 1
Node 42 59 12.0416
Pkt 30 150 0.2 1
Pkt 39 192 0.203125 1
Node 61 59 14.2127
Pkt 96 480 0.2 1
Pkt 75 375 0.2 1
Node 66 40 18.868
Pkt 160 800 0.2 1
Pkt 160 800 0.2 1
Node 70 64 24.4131
Pkt 32 160 0.2 1
Pkt 30 150 0.2 1
Node 29 60 23.2594
Pkt 80 400 0.2 1
Pkt 64 320 0.2 1
Rate:400.391
==========
==========46
8 0 2 24000
Node 54 36 14.5602
Pkt 39 192 0.203125 1
Pkt 48 240 0.2 1
Node 48 31 19.105
Pkt 60 300 0.2 1
Pkt 64 320 0.2 1
Node 42 60 12.8062
Pkt 160 800 0.2 1
Pkt 160 800 0.2 1
Node 42 28 23.4094
Pkt 40 200 0.2 1
Pkt 30 150 0.2 1
Node 73 58 24.3516
Pkt 80 400 0.2 1
Pkt 96 480 0.2 1
Node 68 26 30
Pkt 150 750 0.2 1
Pkt 150 750 0.2 1
Node 29 46 21.3776
Pkt 48 240 0.2 1
Pkt 32 160 0.2 1
Node 52 49 2.23607
Pkt 96 480 0.2 1
Pkt 80 400 0.2 1
Rate:400.391
==========
==========47
8 0 2 24000
Node 31 28 29.0689
Pkt 32 160 0.2 1
Pkt 39 192 0.203125 1
Node 52 53 3.60555
Pkt 75 375 0.2 1
Pkt 80 400 0.2 1
Node 29 72 30.4138
Pkt 160 800 0.2 1
Pkt 150 750 0.2 1
Node 55 46 6.40312
Pkt 25 125 0.2 1
Pkt 32 160 0.2 1
Node 69 72 29.0689
Pkt 75 375 0.2 1
Pkt 75 375 0.2 1
Node 36 32 22.8035
Pkt 160 800 0.2 1
Pkt 150 750 0.2 1
Node 54 74 24.3311
Pkt 48 240 0.2 1
Pkt 40 200 0.2 1
Node 66 46 16.4924
Pkt 96 480 0.2 1
Pkt 64 320 0.2 1
Rate:400.391
==========
==========48
8 0 2 24000
Node 57 66 17.4642
Pkt 25 125 0.2 1
Pkt 25 125 0.2 1
Node 73 51 23.0217
Pkt 80 400 0.2 1
Pkt 64 320 0.2 1
Node 59 71 22.8473
Pkt 150 750 0.2 1
Pkt 150 750 0.2 1
Node 66 29 26.4008
Pkt 39 192 0.203125 1
Pkt 24 120 0.2 1
Node 36 70 24.4131
Pkt 80 400 0.2 1
Pkt 96 480 0.2 1
Node 62 65 19.2094
Pkt 160 800 0.2 1
Pkt 160 800 0.2 1
Node 53 60 10.4403
Pkt 32 160 0.2 1
Pkt 48 240 0.2 1
Node 68 40 20.5913
Pkt 80 400 0.2 1
Pkt 96 480 0.2 1
Rate:400.391
==========
==========49
8 0 2 24000
Node 30 52 20.0998
Pkt 32 160 0.2 1
Pkt 50 250 0.2 1
Node 41 33 19.2354
Pkt 80 400 0.2 1
Pkt 60 300 0.2 1
Node 31 48 19.105
Pkt 160 800 0.2 1
Pkt 160 800 0.2 1
Node 73 37 26.4197
Pkt 48 240 0.2 1
Pkt 24 120 0.2 1
Node 38 31 22.4722
Pkt 75 375 0.2 1
Pkt 75 375 0.2 1
Node 48 59 9.21954
Pkt 160 800 0.2 1
Pkt 150 750 0.2 1
Node 43 37 14.7648
Pkt 50 250 0.2 1
Pkt 30 150 0.2 1
Node 50 38 12
Pkt 60 300 0.2 1
Pkt 96 480 0.2 1
Rate:400
==========
==========50
8 0 2 24000
Node 57 61 13.0384
Pkt 39 192 0.203125 1
Pkt 30 150 0.2 1
Node 64 60 17.2047
Pkt 60 300 0.2 1
Pkt 64 320 0.2 1
Node 52 46 4.47214
Pkt 160 800 0.2 1
Pkt 150 750 0.2 1
Node 30 52 20.0998
Pkt 50 250 0.2 1
Pkt 30 150 0.2 1
Node 63 44 14.3178
Pkt 64 320 0.2 1
Pkt 80 400 0.2 1
Node 25 25 35.3553
Pkt 160 800 0.2 1
Pkt 150 750 0.2 1
Node 44 67 18.0278
Pkt 39 192 0.203125 1
Pkt 48 240 0.2 1
Node 43 48 7.28011
Pkt 64 320 0.2 1
Pkt 75 375 0.2 1
Rate:400.781
==========
==========51
8 0 2 24000
Node 47 47 4.24264
Pkt 50 250 0.2 1
Pkt 39 192 0.203125 1
Node 29 71 29.6985
Pkt 64 320 0.2 1
Pkt 80 400 0.2 1
Node 59 44 10.8167
Pkt 160 800 0.2 1
Pkt 150 750 0.2 1
Node 68 42 19.6977
Pkt 48 240 0.2 1
Pkt 30 150 0.2 1
Node 41 38 15
Pkt 75 375 0.2 1
Pkt 60 300 0.2 1
Node 68 41 20.1246
Pkt 160 800 0.2 1
Pkt 150 750 0.2 1
Node 68 65 23.4307
Pkt 30 150 0.2 1
Pkt 39 192 0.203125 1
Node 29 31 28.3196
Pkt 75 375 0.2 1
Pkt 75 375 0.2 1
Rate:400.781
==========
==========52
8 0 2 24000
Node 27 49 23.0217
Pkt 39 192 0.203125 1
Pkt 20 100 0.2 1
Node 26 34 28.8444
Pkt 60 300 0.2 1
Pkt 96 480 0.2 1
Node 46 40 10.7703
Pkt 160 800 0.2 1
Pkt 160 800 0.2 1
Node 25 53 25.1794
Pkt 20 100 0.2 1
Pkt 32 160 0.2 1
Node 49 70 20.025
Pkt 60 300 0.2 1
Pkt 96 480 0.2 1
Node 46 70 20.3961
Pkt 160 800 0.2 1
Pkt 160 800 0.2 1
Node 55 54 6.40312
Pkt 50 250 0.2 1
Pkt 30 150 0.2 1
Node 28 30 29.7321
Pkt 75 375 0.2 1
Pkt 96 480 0.2 1
Rate:400.391
==========
==========53
8 0 2 24000
Node 49 32 18.0278
Pkt 25 125 0.2 1
Pkt 40 200 0.2 1
Node 30 43 21.1896
Pkt 80 400 0.2 1
Pkt 80 400 0.2 1
Node 60 47 10.4403
Pkt 160 800 0.2 1
Pkt 160 800 0.2 1
Node 39 33 20.2485
Pkt 48 240 0.2 1
Pkt 39 192 0.203125 1
Node 64 70 24.4131
Pkt 96 480 0.2 1
Pkt 64 320 0.2 1
Node 64 51 14.0357
Pkt 150 750 0.2 1
Pkt 150 750 0.2 1
Node 67 70 26.2488
Pkt 24 120 0.2 1
Pkt 32 160 0.2 1
Node 55 41 10.2956
Pkt 75 375 0.2 1
Pkt 80 400 0.2 1
Rate:400.391
==========
==========54
8 0 2 24000
Node 56 50 6
Pkt 25 125 0.2 1
Pkt 50 250 0.2 1
Node 37 48 13.1529
Pkt 64 320 0.2 1
Pkt 75 375 0.2 1
Node 30 30 28.2843
Pkt 150 750 0.2 1
Pkt 160 800 0.2 1
Node 46 54 5.65685
Pkt 48 240 0.2 1
Pkt 24 120 0.2 1
Node 40 73 25.0799
Pkt 60 300 0.2 1
Pkt 64 320 0.2 1
Node 71 56 21.8403
Pkt 150 750 0.2 1
Pkt 150 750 0.2 1
Node 51 72 22.0227
Pkt 20 100 0.2 1
Pkt 39 192 0.203125 1
Node 52 72 22.0907
Pkt 64 320 0.2 1
Pkt 64 320 0.2 1
Rate:400.391
==========
==========55
8 0 2 24000
Node 60 25 26.9258
Pkt 25 125 0.2 1
Pkt 39 192 0.203125 1
Node 27 47 23.1948
Pkt 96 480 0.2 1
Pkt 60 300 0.2 1
Node 63 31 23.0217
Pkt 160 800 0.2 1
Pkt 160 800 0.2 1
Node 71 73 31.1448
Pkt 32 160 0.2 1
Pkt 32 160 0.2 1
Node 68 67 24.7588
Pkt 64 320 0.2 1
Pkt 80 400 0.2 1
Node 29 40 23.2594
Pkt 160 800 0.2 1
Pkt 150 750 0.2 1
Node 57 29 22.1359
Pkt 30 150 0.2 1
Pkt 25 125 0.2 1
Node 28 74 32.5576
Pkt 96 480 0.2 1
Pkt 60 300 0.2 1
Rate:400.391
==========
==========56
8 0 2 24000
Node 38 71 24.1868
Pkt 39 192 0.203125 1
Pkt 32 160 0.2 1
Node 54 28 22.3607
Pkt 80 400 0.2 1
Pkt 80 400 0.2 1
Node 39 74 26.4008
Pkt 160 800 0.2 1
Pkt 150 750 0.2 1
Node 64 37 19.105
Pkt 50 250 0.2 1
Pkt 39 192 0.203125 1
Node 58 55 9.43398
Pkt 75 375 0.2 1
Pkt 60 300 0.2 1
Node 64 49 14.0357
Pkt 150 750 0.2 1
Pkt 160 800 0.2 1
Node 61 50 11
Pkt 39 192 0.203125 1
Pkt 48 240 0.2 1
Node 35 50 15
Pkt 96 480 0.2 1
Pkt 60 300 0.2 1
Rate:401.172
==========
==========57
8 0 2 24000
Node 48 35 15.1327
Pkt 39 192 0.203125 1
Pkt 48 240 0.2 1
Node 72 27 31.8277
Pkt 75 375 0.2 1
Pkt 80 400 0.2 1
Node 38 36 18.4391
Pkt 160 800 0.2 1
Pkt 150 750 0.2 1
Node 51 58 8.06226
Pkt 32 160 0.2 1
Pkt 40 200 0.2 1
Node 30 68 26.9072
Pkt 64 320 0.2 1
Pkt 75 375 0.2 1
Node 49 36 14.0357
Pkt 160 800 0.2 1
Pkt 160 800 0.2 1
Node 59 74 25.632
Pkt 32 160 0.2 1
Pkt 20 100 0.2 1
Node 42 31 20.6155
Pkt 96 480 0.2 1
Pkt 80 400 0.2 1
Rate:400.391
==========
==========58
8 0 2 24000
Node 67 50 17
Pkt 24 120 0.2 1
Pkt 25 125 0.2 1
Node 29 37 24.6982
Pkt 64 320 0.2 1
Pkt 96 480 0.2 1
Node 55 46 6.40312
Pkt 150 750 0.2 1
Pkt 160 800 0.2 1
Node 40 40 14.1421
Pkt 20 100 0.2 1
Pkt 32 160 0.2 1
Node 44 37 14.3178
Pkt 80 400 0.2 1
Pkt 64 320 0.2 1
Node 66 68 24.0832
Pkt 160 800 0.2 1
Pkt 150 750 0.2 1
Node 46 48 4.47214
Pkt 48 240 0.2 1
Pkt 39 192 0.203125 1
Node 57 67 18.3848
Pkt 80 400 0.2 1
Pkt 64 320 0.2 1
Rate:400.391
==========
==========59
8 0 2 24000
Node 30 66 25.6125
Pkt 20 100 0.2 1
Pkt 48 240 0.2 1
Node 63 74 27.2947
Pkt 64 320 0.2 1
Pkt 60 300 0.2 1
Node 59 37 15.8114
Pkt 160 800 0.2 1
Pkt 160 800 0.2 1
Node 44 62 13.4164
Pkt 30 150 0.2 1
Pkt 25 125 0.2 1
Node 42 30 21.5407
Pkt 60 300 0.2 1
Pkt 96 480 0.2 1
Node 61 42 13.6015
Pkt 150 750 0.2 1
Pkt 160 800 0.2 1
Node 71 38 24.1868
Pkt 20 100 0.2 1
Pkt 32 160 0.2 1
Node 60 42 12.8062
Pkt 96 480 0.2 1
Pkt 64 320 0.2 1
Rate:400
==========
==========60
8 0 2 24000
Node 68 71 27.6586
Pkt 30 150 0.2 1
Pkt 48 240 0.2 1
Node 40 29 23.2594
Pkt 75 375 0.2 1
Pkt 96 480 0.2 1
Node 26 26 33.9411
Pkt 150 750 0.2 1
Pkt 150 750 0.2 1
Node 53 32 18.2483
Pkt 24 120 0.2 1
Pkt 20 100 0.2 1
Node 53 28 22.2036
Pkt 96 480 0.2 1
Pkt 96 480 0.2 1
Node 42 68 19.6977
Pkt 160 800 0.2 1
Pkt 160 800 0.2 1
Node 63 29 24.6982
Pkt 50 250 0.2 1
Pkt 40 200 0.2 1
Node 72 43 23.0868
Pkt 80 400 0.2 1
Pkt 64 320 0.2 1
Rate:400
==========
==========61
8 0 2 24000
Node 37 60 16.4012
Pkt 24 120 0.2 1
Pkt 40 200 0.2 1
Node 42 39 13.6015
Pkt 80 400 0.2 1
Pkt 96 480 0.2 1
Node 56 57 9.21954
Pkt 160 800 0.2 1
Pkt 160 800 0.2 1
Node 26 51 24.0208
Pkt 24 120 0.2 1
Pkt 20 100 0.2 1
Node 33 32 24.7588
Pkt 60 300 0.2 1
Pkt 64 320 0.2 1
Node 42 53 8.544
Pkt 160 800 0.2 1
Pkt 160 800 0.2 1
Node 57 34 17.4642
Pkt 40 200 0.2 1
Pkt 30 150 0.2 1
Node 70 37 23.8537
Pkt 60 300 0.2 1
Pkt 75 375 0.2 1
Rate:400
==========
==========62
8 0 2 24000
Node 55 32 18.6815
Pkt 39 192 0.203125 1
Pkt 39 192 0.203125 1
Node 39 54 11.7047
Pkt 64 320 0.2 1
Pkt 96 480 0.2 1
Node 54 62 12.6491
Pkt 150 750 0.2 1
Pkt 160 800 0.2 1
Node 61 31 21.9545
Pkt 50 250 0.2 1
Pkt 25 125 0.2 1
Node 65 35 21.2132
Pkt 75 375 0.2 1
Pkt 96 480 0.2 1
Node 51 46 4.12311
Pkt 160 800 0.2 1
Pkt 150 750 0.2 1
Node 35 73 27.4591
Pkt 39 192 0.203125 1
Pkt 48 240 0.2 1
Node 44 70 20.8806
Pkt 60 300 0.2 1
Pkt 64 320 0.2 1
Rate:401.172
==========
==========63
8 0 2 24000
Node 74 68 30
Pkt 25 125 0.2 1
Pkt 24 120 0.2 1
Node 49 44 6.08276
Pkt 96 480 0.2 1
Pkt 60 300 0.2 1
Node 48 64 14.1421
Pkt 160 800 0.2 1
Pkt 150 750 0.2 1
Node 71 73 31.1448
Pkt 32 160 0.2 1
Pkt 30 150 0.2 1
Node 62 61 16.2788
Pkt 96 480 0.2 1
Pkt 96 480 0.2 1
Node 57 32 19.3132
Pkt 160 800 0.2 1
Pkt 160 800 0.2 1
Node 42 58 11.3137
Pkt 32 160 0.2 1
Pkt 32 160 0.2 1
Node 36 67 22.0227
Pkt 96 480 0.2 1
Pkt 96 480 0.2 1
Rate:400
==========
==========64
8 0 2 24000
Node 42 63 15.2643
Pkt 24 120 0.2 1
Pkt 30 150 0.2 1
Node 55 42 9.43398
Pkt 75 375 0.2 1
Pkt 80 400 0.2 1
Node 48 65 15.1327
Pkt 150 750 0.2 1
Pkt 150 750 0.2 1
Node 27 62 25.9422
Pkt 48 240 0.2 1
Pkt 32 160 0.2 1
Node 39 28 24.5967
Pkt 75 375 0.2 1
Pkt 75 375 0.2 1
Node 56 40 11.6619
Pkt 150 750 0.2 1
Pkt 160 800 0.2 1
Node 50 39 11
Pkt 30 150 0.2 1
Pkt 48 240 0.2 1
Node 45 47 5.83095
Pkt 75 375 0.2 1
Pkt 64 320 0.2 1
Rate:400
==========
==========65
8 0 2 24000
Node 48 57 7.28011
Pkt 20 100 0.2 1
Pkt 40 200 0.2 1
Node 69 46 19.4165
Pkt 75 375 0.2 1
Pkt 60 300 0.2 1
Node 34 41 18.3576
Pkt 150 750 0.2 1
Pkt 150 750 0.2 1
Node 72 73 31.8277
Pkt 25 125 0.2 1
Pkt 20 100 0.2 1
Node 38 57 13.8924
Pkt 75 375 0.2 1
Pkt 60 300 0.2 1
Node 63 60 16.4012
Pkt 160 800 0.2 1
Pkt 150 750 0.2 1
Node 69 66 24.8395
Pkt 24 120 0.2 1
Pkt 50 250 0.2 1
Node 50 53 3
Pkt 75 375 0.2 1
Pkt 60 300 0.2 1
Rate:400
==========
==========66
8 0 2 24000
Node 33 55 17.72
Pkt 50 250 0.2 1
Pkt 25 125 0.2 1
Node 48 67 17.1172
Pkt 96 480 0.2 1
Pkt 80 400 0.2 1
Node 29 52 21.095
Pkt 150 750 0.2 1
Pkt 150 750 0.2 1
Node 74 28 32.5576
Pkt 20 100 0.2 1
Pkt 24 120 0.2 1
Node 70 39 22.8254
Pkt 75 375 0.2 1
Pkt 60 300 0.2 1
Node 68 57 19.3132
Pkt 150 750 0.2 1
Pkt 160 800 0.2 1
Node 68 69 26.1725
Pkt 30 150 0.2 1
Pkt 39 192 0.203125 1
Node 68 28 28.4253
Pkt 60 300 0.2 1
Pkt 80 400 0.2 1
Rate:400.391
==========
==========67
8 0 2 24000
Node 28 62 25.0599
Pkt 40 200 0.2 1
Pkt 39 192 0.203125 1
Node 37 57 14.7648
Pkt 60 300 0.2 1
Pkt 96 480 0.2 1
Node 66 56 17.088
Pkt 160 800 0.2 1
Pkt 160 800 0.2 1
Node 47 56 6.7082
Pkt 30 150 0.2 1
Pkt 48 240 0.2 1
Node 38 62 16.9706
Pkt 75 375 0.2 1
Pkt 75 375 0.2 1
Node 43 30 21.1896
Pkt 160 800 0.2 1
Pkt 160 800 0.2 1
Node 62 74 26.8328
Pkt 39 192 0.203125 1
Pkt 20 100 0.2 1
Node 61 44 12.53
Pkt 64 320 0.2 1
Pkt 80 400 0.2 1
Rate:400.781
==========
==========68
8 0 2 24000
Node 50 71 21
Pkt 32 160 0.2 1
Pkt 40 200 0.2 1
Node 70 62 23.3238
Pkt 64 320 0.2 1
Pkt 75 375 0.2 1
Node 27 47 23.1948
Pkt 160 800 0.2 1
Pkt 160 800 0.2 1
Node 27 33 28.6007
Pkt 20 100 0.2 1
Pkt 25 125 0.2 1
Node 61 30 22.8254
Pkt 96 480 0.2 1
Pkt 80 400 0.2 1
Node 28 32 28.4253
Pkt 160 800 0.2 1
Pkt 150 750 0.2 1
Node 38 65 19.2094
Pkt 48 240 0.2 1
Pkt 32 160 0.2 1
Node 47 64 14.3178
Pkt 96 480 0.2 1
Pkt 75 375 0.2 1
Rate:400
==========
==========69
8 0 2 24000
Node 36 70 24.4131
Pkt 50 250 0.2 1
Pkt 20 100 0.2 1
Node 54 63 13.6015
Pkt 75 375 0.2 1
Pkt 75 375 0.2 1
Node 60 53 10.4403
Pkt 150 750 0.2 1
Pkt 150 750 0.2 1
Node 59 57 11.4018
Pkt 32 160 0.2 1
Pkt 25 125 0.2 1
Node 70 29 29
Pkt 64 320 0.2 1
Pkt 64 320 0.2 1
Node 54 48 4.47214
Pkt 150 750 0.2 1
Pkt 160 800 0.2 1
Node 63 71 24.6982
Pkt 39 192 0.203125 1
Pkt 20 100 0.2 1
Node 71 30 29
Pkt 96 480 0.2 1
Pkt 75 375 0.2 1
Rate:400.391
==========
==========70
8 0 2 24000
Node 70 28 29.7321
Pkt 39 192 0.203125 1
Pkt 20 100 0.2 1
Node 44 68 18.9737
Pkt 75 375 0.2 1
Pkt 75 375 0.2 1
Node 57 66 17.4642
Pkt 160 800 0.2 1
Pkt 150 750 0.2 1
Node 64 58 16.1245
Pkt 32 160 0.2 1
Pkt 20 100 0.2 1
Node 39 25 27.313
Pkt 64 320 0.2 1
Pkt 64 320 0.2 1
Node 70 48 20.0998
Pkt 160 800 0.2 1
Pkt 160 800 0.2 1
Node 54 53 5
Pkt 20 100 0.2 1
Pkt 30 150 0.2 1
Node 49 54 4.12311
Pkt 80 400 0.2 1
Pkt 60 300 0.2 1
Rate:400.391
==========
==========71
8 0 2 24000
Node 72 52 22.0907
Pkt 50 250 0.2 1
Pkt 48 240 0.2 1
Node 42 74 25.2982
Pkt 64 320 0.2 1
Pkt 96 480 0.2 1
Node 62 72 25.0599
Pkt 150 750 0.2 1
Pkt 150 750 0.2 1
Node 58 60 12.8062
Pkt 20 100 0.2 1
Pkt 39 192 0.203125 1
Node 39 52 11.1803
Pkt 60 300 0.2 1
Pkt 80 400 0.2 1
Node 61 70 22.8254
Pkt 150 750 0.2 1
Pkt 150 750 0.2 1
Node 66 37 20.6155
Pkt 30 150 0.2 1
Pkt 30 150 0.2 1
Node 40 25 26.9258
Pkt 80 400 0.2 1
Pkt 80 400 0.2 1
Rate:400.391
==========
==========72
8 0 2 24000
Node 51 65 15.0333
Pkt 32 160 0.2 1
Pkt 40 200 0.2 1
Node 31 48 19.105
Pkt 64 320 0.2 1
Pkt 60 300 0.2 1
Node 31 64 23.6008
Pkt 160 800 0.2 1
Pkt 150 750 0.2 1
Node 38 74 26.8328
Pkt 39 192 0.203125 1
Pkt 24 120 0.2 1
Node 34 65 21.9317
Pkt 80 400 0.2 1
Pkt 64 320 0.2 1
Node 47 31 19.2354
Pkt 160 800 0.2 1
Pkt 150 750 0.2 1
Node 72 46 22.3607
Pkt 25 125 0.2 1
Pkt 30 150 0.2 1
Node 50 46 4
Pkt 75 375 0.2 1
Pkt 96 480 0.2 1
Rate:400.391
==========
==========73
8 0 2 24000
Node 48 25 25.0799
Pkt 32 160 0.2 1
Pkt 40 200 0.2 1
Node 74 60 26
Pkt 75 375 0.2 1
Pkt 60 300 0.2 1
Node 30 55 20.6155
Pkt 150 750 0.2 1
Pkt 160 800 0.2 1
Node 47 57 7.61577
Pkt 20 100 0.2 1
Pkt 48 240 0.2 1
Node 34 36 21.2603
Pkt 80 400 0.2 1
Pkt 75 375 0.2 1
Node 67 55 17.72
Pkt 160 800 0.2 1
Pkt 150 750 0.2 1
Node 36 35 20.5183
Pkt 39 192 0.203125 1
Pkt 20 100 0.2 1
Node 56 70 20.8806
Pkt 60 300 0.2 1
Pkt 80 400 0.2 1
Rate:400.391
==========
==========74
8 0 2 24000
Node 47 39 11.4018
Pkt 20 100 0.2 1
Pkt 32 160 0.2 1
Node 47 43 7.61577
Pkt 75 375 0.2 1
Pkt 96 480 0.2 1
Node 36 34 21.2603
Pkt 160 800 0.2 1
Pkt 160 800 0.2 1
Node 57 74 25
Pkt 40 200 0.2 1
Pkt 30 150 0.2 1
Node 56 56 8.48528
Pkt 96 480 0.2 1
Pkt 60 300 0.2 1
Node 68 49 18.0278
Pkt 160 800 0.2 1
Pkt 150 750 0.2 1
Node 62 58 14.4222
Pkt 25 125 0.2 1
Pkt 24 120 0.2 1
Node 56 29 21.8403
Pkt 80 400 0.2 1
Pkt 96 480 0.2 1
Rate:400
==========
==========75
8 0 2 24000
Node 73 71 31.1448
Pkt 50 250 0.2 1
Pkt 50 250 0.2 1
Node 49 41 9.05539
Pkt 60 300 0.2 1
Pkt 75 375 0.2 1
Node 62 52 12.1655
Pkt 160 800 0.2 1
Pkt 160 800 0.2 1
Node 60 61 14.8661
Pkt 39 192 0.203125 1
Pkt 32 160 0.2 1
Node 40 69 21.4709
Pkt 64 320 0.2 1
Pkt 64 320 0.2 1
Node 73 73 32.5269
Pkt 150 750 0.2 1
Pkt 160 800 0.2 1
Node 42 46 8.94427
Pkt 20 100 0.2 1
Pkt 39 192 0.203125 1
Node 43 51 7.07107
Pkt 75 375 0.2 1
Pkt 96 480 0.2 1
Rate:400.781
==========
==========76
8 0 2 24000
Node 30 42 21.5407
Pkt 39 192 0.203125 1
Pkt 48 240 0.2 1
Node 25 43 25.9615
Pkt 60 300 0.2 1
Pkt 60 300 0.2 1
Node 36 36 19.799
Pkt 160 800 0.2 1
Pkt 160 800 0.2 1
Node 62 70 23.3238
Pkt 48 240 0.2 1
Pkt 24 120 0.2 1
Node 62 29 24.1868
Pkt 75 375 0.2 1
Pkt 60 300 0.2 1
Node 68 30 26.9072
Pkt 150 750 0.2 1
Pkt 160 800 0.2 1
Node 44 54 7.2111
Pkt 39 192 0.203125 1
Pkt 48 240 0.2 1
Node 70 61 22.8254
Pkt 60 300 0.2 1
Pkt 80 400 0.2 1
Rate:400.781
==========
==========77
8 0 2 24000
Node 59 40 13.4536
Pkt 48 240 0.2 1
Pkt 48 240 0.2 1
Node 59 69 21.0238
Pkt 64 320 0.2 1
Pkt 64 320 0.2 1
Node 39 64 17.8045
Pkt 150 750 0.2 1
Pkt 160 800 0.2 1
Node 64 51 14.0357
Pkt 20 100 0.2 1
Pkt 24 120 0.2 1
Node 38 69 22.4722
Pkt 96 480 0.2 1
Pkt 64 320 0.2 1
Node 54 35 15.5242
Pkt 150 750 0.2 1
Pkt 160 800 0.2 1
Node 34 27 28.0179
Pkt 48 240 0.2 1
Pkt 20 100 0.2 1
Node 46 32 18.4391
Pkt 96 480 0.2 1
Pkt 60 300 0.2 1
Rate:400
==========
==========78
8 0 2 24000
Node 32 59 20.1246
Pkt 30 150 0.2 1
Pkt 50 250 0.2 1
Node 69 33 25.4951
Pkt 80 400 0.2 1
Pkt 80 400 0.2 1
Node 70 70 28.2843
Pkt 160 800 0.2 1
Pkt 160 800 0.2 1
Node 49 48 2.23607
Pkt 30 150 0.2 1
Pkt 30 150 0.2 1
Node 29 38 24.1868
Pkt 80 400 0.2 1
Pkt 64 320 0.2 1
Node 31 27 29.8329
Pkt 160 800 0.2 1
Pkt 160 800 0.2 1
Node 74 34 28.8444
Pkt 24 120 0.2 1
Pkt 32 160 0.2 1
Node 35 47 15.2971
Pkt 96 480 0.2 1
Pkt 60 300 0.2 1
Rate:400
==========
==========79
8 0 2 24000
Node 28 26 32.5576
Pkt 24 120 0.2 1
Pkt 39 192 0.203125 1
Node 71 43 22.1359
Pkt 80 400 0.2 1
Pkt 96 480 0.2 1
Node 25 53 25.1794
Pkt 150 750 0.2 1
Pkt 160 800 0.2 1
Node 54 35 15.5242
Pkt 24 120 0.2 1
Pkt 25 125 0.2 1
Node 48 55 5.38516
Pkt 64 320 0.2 1
Pkt 75 375 0.2 1
Node 53 60 10.4403
Pkt 160 800 0.2 1
Pkt 160 800 0.2 1
Node 72 43 23.0868
Pkt 50 250 0.2 1
Pkt 20 100 0.2 1
Node 46 31 19.4165
Pkt 64 320 0.2 1
Pkt 96 480 0.2 1
Rate:400.391
==========
==========80
8 0 2 24000
Node 32 58 19.6977
Pkt 25 125 0.2 1
Pkt 40 200 0.2 1
Node 56 64 15.2315
Pkt 60 300 0.2 1
Pkt 64 320 0.2 1
Node 67 58 18.7883
Pkt 160 800 0.2 1
Pkt 160 800 0.2 1
Node 32 25 30.8058
Pkt 25 125 0.2 1
Pkt 40 200 0.2 1
Node 48 36 14.1421
Pkt 96 480 0.2 1
Pkt 96 480 0.2 1
Node 40 43 12.2066
Pkt 160 800 0.2 1
Pkt 160 800 0.2 1
Node 36 62 18.4391
Pkt 20 100 0.2 1
Pkt 30 150 0.2 1
Node 44 45 7.81025
Pkt 64 320 0.2 1
Pkt 75 375 0.2 1
Rate:400
==========
==========81
8 0 2 24000
Node 65 46 15.5242
Pkt 30 150 0.2 1
Pkt 30 150 0.2 1
Node 68 69 26.1725
Pkt 80 400 0.2 1
Pkt 60 300 0.2 1
Node 26 64 27.7849
Pkt 160 800 0.2 1
Pkt 160 800 0.2 1
Node 55 67 17.72
Pkt 30 150 0.2 1
Pkt 39 192 0.203125 1
Node 48 56 6.32456
Pkt 60 300 0.2 1
Pkt 75 375 0.2 1
Node 25 59 26.5707
Pkt 160 800 0.2 1
Pkt 150 750 0.2 1
Node 36 30 24.4131
Pkt 20 100 0.2 1
Pkt 40 200 0.2 1
Node 65 66 21.9317
Pkt 96 480 0.2 1
Pkt 64 320 0.2 1
Rate:400.391
==========
==========82
8 0 2 24000
Node 66 51 16.0312
Pkt 20 100 0.2 1
Pkt 32 160 0.2 1
Node 42 54 8.94427
Pkt 64 320 0.2 1
Pkt 75 375 0.2 1
Node 42 43 10.6301
Pkt 160 800 0.2 1
Pkt 150 750 0.2 1
Node 40 34 18.868
Pkt 25 125 0.2 1
Pkt 25 125 0.2 1
Node 42 47 8.544
Pkt 60 300 0.2 1
Pkt 96 480 0.2 1
Node 31 69 26.8701
Pkt 160 800 0.2 1
Pkt 160 800 0.2 1
Node 64 54 14.5602
Pkt 48 240 0.2 1
Pkt 39 192 0.203125 1
Node 34 41 18.3576
Pkt 64 320 0.2 1
Pkt 75 375 0.2 1
Rate:400.391
==========
==========83
8 0 2 24000
Node 58 69 20.6155
Pkt 39 192 0.203125 1
Pkt 24 120 0.2 1
Node 45 67 17.72
Pkt 80 400 0.2 1
Pkt 75 375 0.2 1
Node 28 50 22
Pkt 160 800 0.2 1
Pkt 160 800 0.2 1
Node 59 74 25.632
Pkt 40 200 0.2 1
Pkt 32 160 0.2 1
Node 26 44 24.7386
Pkt 64 320 0.2 1
Pkt 96 480 0.2 1
Node 58 46 8.94427
Pkt 160 800 0.2 1
Pkt 150 750 0.2 1
Node 29 35 25.807
Pkt 39 192 0.203125 1
Pkt 40 200 0.2 1
Node 41 29 22.8473
Pkt 96 480 0.2 1
Pkt 64 320 0.2 1
Rate:400.781
==========
==========84
8 0 2 24000
Node 57 27 24.0416
Pkt 32 160 0.2 1
Pkt 39 192 0.203125 1
Node 40 38 15.6205
Pkt 80 400 0.2 1
Pkt 75 375 0.2 1
Node 38 72 25.0599
Pkt 160 800 0.2 1
Pkt 160 800 0.2 1
Node 59 74 25.632
Pkt 25 125 0.2 1
Pkt 32 160 0.2 1
Node 44 33 18.0278
Pkt 80 400 0.2 1
Pkt 80 400 0.2 1
Node 67 51 17.0294
Pkt 160 800 0.2 1
Pkt 160 800 0.2 1
Node 46 35 15.5242
Pkt 50 250 0.2 1
Pkt 50 250 0.2 1
Node 47 38 12.3693
Pkt 75 375 0.2 1
Pkt 60 300 0.2 1
Rate:400.391
==========
==========85
8 0 2 24000
Node 52 70 20.0998
Pkt 32 160 0.2 1
Pkt 30 150 0.2 1
Node 34 73 28.0179
Pkt 75 375 0.2 1
Pkt 96 480 0.2 1
Node 41 30 21.9317
Pkt 160 800 0.2 1
Pkt 160 800 0.2 1
Node 68 60 20.5913
Pkt 48 240 0.2 1
Pkt 39 192 0.203125 1
Node 49 26 24.0208
Pkt 80 400 0.2 1
Pkt 96 480 0.2 1
Node 30 38 23.3238
Pkt 150 750 0.2 1
Pkt 160 800 0.2 1
Node 66 36 21.2603
Pkt 20 100 0.2 1
Pkt 30 150 0.2 1
Node 47 42 8.544
Pkt 60 300 0.2 1
Pkt 60 300 0.2 1
Rate:400.391
==========
==========86
8 0 2 24000
Node 30 57 21.1896
Pkt 20 100 0.2 1
Pkt 39 192 0.203125 1
Node 44 69 19.9249
Pkt 60 300 0.2 1
Pkt 75 375 0.2 1
Node 70 56 20.8806
Pkt 160 800 0.2 1
Pkt 150 750 0.2 1
Node 47 73 23.1948
Pkt 50 250 0.2 1
Pkt 40 200 0.2 1
Node 36 30 24.4131
Pkt 60 300 0.2 1
Pkt 64 320 0.2 1
Node 43 54 8.06226
Pkt 160 800 0.2 1
Pkt 160 800 0.2 1
Node 72 27 31.8277
Pkt 24 120 0.2 1
Pkt 25 125 0.2 1
Node 72 42 23.4094
Pkt 60 300 0.2 1
Pkt 80 400 0.2 1
Rate:400.391
==========
==========87
8 0 2 24000
Node 32 34 24.0832
Pkt 20 100 0.2 1
Pkt 32 160 0.2 1
Node 63 46 13.6015
Pkt 96 480 0.2 1
Pkt 96 480 0.2 1
Node 74 26 33.9411
Pkt 150 750 0.2 1
Pkt 150 750 0.2 1
Node 37 63 18.3848
Pkt 40 200 0.2 1
Pkt 50 250 0.2 1
Node 49 46 4.12311
Pkt 80 400 0.2 1
Pkt 80 400 0.2 1
Node 64 42 16.1245
Pkt 150 750 0.2 1
Pkt 150 750 0.2 1
Node 39 53 11.4018
Pkt 25 125 0.2 1
Pkt 25 125 0.2 1
Node 37 66 20.6155
Pkt 60 300 0.2 1
Pkt 80 400 0.2 1
Rate:400
==========
==========88
8 0 2 24000
Node 37 32 22.2036
Pkt 39 192 0.203125 1
Pkt 39 192 0.203125 1
Node 58 59 12.0416
Pkt 80 400 0.2 1
Pkt 80 400 0.2 1
Node 26 35 28.3019
Pkt 160 800 0.2 1
Pkt 160 800 0.2 1
Node 26 35 28.3019
Pkt 39 192 0.203125 1
Pkt 20 100 0.2 1
Node 28 30 29.7321
Pkt 75 375 0.2 1
Pkt 64 320 0.2 1
Node 64 69 23.6008
Pkt 160 800 0.2 1
Pkt 150 750 0.2 1
Node 59 40 13.4536
Pkt 24 120 0.2 1
Pkt 25 125 0.2 1
Node 61 33 20.2485
Pkt 60 300 0.2 1
Pkt 64 320 0.2 1
Rate:401.172
==========
==========89
8 0 2 24000
Node 46 48 4.47214
Pkt 24 120 0.2 1
Pkt 48 240 0.2 1
Node 72 44 22.8035
Pkt 80 400 0.2 1
Pkt 64 320 0.2 1
Node 50 46 4
Pkt 160 800 0.2 1
Pkt 160 800 0.2 1
Node 45 74 24.5153
Pkt 25 125 0.2 1
Pkt 20 100 0.2 1
Node 62 25 27.7308
Pkt 80 400 0.2 1
Pkt 60 300 0.2 1
Node 40 25 26.9258
Pkt 160 800 0.2 1
Pkt 150 750 0.2 1
Node 68 46 18.4391
Pkt 32 160 0.2 1
Pkt 30 150 0.2 1
Node 74 33 29.4109
Pkt 96 480 0.2 1
Pkt 75 375 0.2 1
Rate:400
==========
==========90
8 0 2 24000
Node 48 29 21.095
Pkt 39 192 0.203125 1
Pkt 24 120 0.2 1
Node 33 60 19.7231
Pkt 75 375 0.2 1
Pkt 96 480 0.2 1
Node 53 67 17.2627
Pkt 150 750 0.2 1
Pkt 160 800 0.2 1
Node 55 73 23.5372
Pkt 50 250 0.2 1
Pkt 39 192 0.203125 1
Node 68 53 18.2483
Pkt 75 375 0.2 1
Pkt 60 300 0.2 1
Node 42 44 10
Pkt 160 800 0.2 1
Pkt 150 750 0.2 1
Node 54 60 10.7703
Pkt 32 160 0.2 1
Pkt 25 125 0.2 1
Node 55 49 5.09902
Pkt 60 300 0.2 1
Pkt 60 300 0.2 1
Rate:400.781
==========
==========91
8 0 2 24000
Node 46 52 4.47214
Pkt 50 250 0.2 1
Pkt 39 192 0.203125 1
Node 66 52 16.1245
Pkt 60 300 0.2 1
Pkt 60 300 0.2 1
Node 53 28 22.2036
Pkt 160 800 0.2 1
Pkt 150 750 0.2 1
Node 29 64 25.2389
Pkt 50 250 0.2 1
Pkt 50 250 0.2 1
Node 62 45 13
Pkt 75 375 0.2 1
Pkt 75 375 0.2 1
Node 32 49 18.0278
Pkt 150 750 0.2 1
Pkt 160 800 0.2 1
Node 57 38 13.8924
Pkt 50 250 0.2 1
Pkt 50 250 0.2 1
Node 45 29 21.587
Pkt 80 400 0.2 1
Pkt 64 320 0.2 1
Rate:400.391
==========
==========92
8 0 2 24000
Node 33 69 25.4951
Pkt 40 200 0.2 1
Pkt 40 200 0.2 1
Node 38 60 15.6205
Pkt 80 400 0.2 1
Pkt 60 300 0.2 1
Node 74 49 24.0208
Pkt 150 750 0.2 1
Pkt 160 800 0.2 1
Node 56 40 11.6619
Pkt 50 250 0.2 1
Pkt 39 192 0.203125 1
Node 70 45 20.6155
Pkt 75 375 0.2 1
Pkt 64 320 0.2 1
Node 49 43 7.07107
Pkt 150 750 0.2 1
Pkt 150 750 0.2 1
Node 48 44 6.32456
Pkt 40 200 0.2 1
Pkt 32 160 0.2 1
Node 69 56 19.9249
Pkt 75 375 0.2 1
Pkt 75 375 0.2 1
Rate:400.391
==========
==========93
8 0 2 24000
Node 38 58 14.4222
Pkt 40 200 0.2 1
Pkt 40 200 0.2 1
Node 43 54 8.06226
Pkt 60 300 0.2 1
Pkt 96 480 0.2 1
Node 34 40 18.868
Pkt 150 750 0.2 1
Pkt 150 750 0.2 1
Node 63 42 15.2643
Pkt 20 100 0.2 1
Pkt 50 250 0.2 1
Node 35 42 17
Pkt 75 375 0.2 1
Pkt 75 375 0.2 1
Node 31 45 19.6469
Pkt 160 800 0.2 1
Pkt 150 750 0.2 1
Node 30 43 21.1896
Pkt 30 150 0.2 1
Pkt 50 250 0.2 1
Node 54 28 22.3607
Pkt 80 400 0.2 1
Pkt 96 480 0.2 1
Rate:400
==========
==========94
8 0 2 24000
Node 74 55 24.5153
Pkt 30 150 0.2 1
Pkt 32 160 0.2 1
Node 47 39 11.4018
Pkt 75 375 0.2 1
Pkt 60 300 0.2 1
Node 57 73 24.0416
Pkt 150 750 0.2 1
Pkt 150 750 0.2 1
Node 25 30 32.0156
Pkt 25 125 0.2 1
Pkt 40 200 0.2 1
Node 31 56 19.9249
Pkt 80 400 0.2 1
Pkt 96 480 0.2 1
Node 37 57 14.7648
Pkt 160 800 0.2 1
Pkt 160 800 0.2 1
Node 74 55 24.5153
Pkt 30 150 0.2 1
Pkt 30 150 0.2 1
Node 54 56 7.2111
Pkt 75 375 0.2 1
Pkt 80 400 0.2 1
Rate:400
==========
==========95
8 0 2 24000
Node 54 56 7.2111
Pkt 48 240 0.2 1
Pkt 32 160 0.2 1
Node 38 55 13
Pkt 96 480 0.2 1
Pkt 64 320 0.2 1
Node 34 29 26.4008
Pkt 160 800 0.2 1
Pkt 160 800 0.2 1
Node 72 47 22.2036
Pkt 30 150 0.2 1
Pkt 40 200 0.2 1
Node 28 72 31.1127
Pkt 80 400 0.2 1
Pkt 96 480 0.2 1
Node 37 43 14.7648
Pkt 150 750 0.2 1
Pkt 160 800 0.2 1
Node 27 33 28.6007
Pkt 20 100 0.2 1
Pkt 24 120 0.2 1
Node 46 63 13.6015
Pkt 75 375 0.2 1
Pkt 64 320 0.2 1
Rate:400
==========
==========96
8 0 2 24000
Node 35 25 29.1548
Pkt 24 120 0.2 1
Pkt 20 100 0.2 1
Node 70 68 26.9072
Pkt 60 300 0.2 1
Pkt 96 480 0.2 1
Node 66 56 17.088
Pkt 160 800 0.2 1
Pkt 160 800 0.2 1
Node 71 35 25.807
Pkt 20 100 0.2 1
Pkt 39 192 0.203125 1
Node 53 44 6.7082
Pkt 64 320 0.2 1
Pkt 75 375 0.2 1
Node 69 47 19.2354
Pkt 150 750 0.2 1
Pkt 150 750 0.2 1
Node 48 70 20.0998
Pkt 48 240 0.2 1
Pkt 50 250 0.2 1
Node 53 73 23.1948
Pkt 80 400 0.2 1
Pkt 64 320 0.2 1
Rate:400.391
==========
==========97
8 0 2 24000
Node 66 28 27.2029
Pkt 30 150 0.2 1
Pkt 30 150 0.2 1
Node 60 38 15.6205
Pkt 75 375 0.2 1
Pkt 60 300 0.2 1
Node 32 52 18.1108
Pkt 150 750 0.2 1
Pkt 150 750 0.2 1
Node 67 40 19.7231
Pkt 39 192 0.203125 1
Pkt 24 120 0.2 1
Node 33 63 21.4009
Pkt 80 400 0.2 1
Pkt 96 480 0.2 1
Node 65 49 15.0333
Pkt 150 750 0.2 1
Pkt 160 800 0.2 1
Node 49 43 7.07107
Pkt 32 160 0.2 1
Pkt 39 192 0.203125 1
Node 48 54 4.47214
Pkt 64 320 0.2 1
Pkt 60 300 0.2 1
Rate:400.781
==========
==========98
8 0 2 24000
Node 32 58 19.6977
Pkt 20 100 0.2 1
Pkt 39 192 0.203125 1
Node 68 25 30.8058
Pkt 96 480 0.2 1
Pkt 60 300 0.2 1
Node 45 55 7.07107
Pkt 160 800 0.2 1
Pkt 150 750 0.2 1
Node 54 38 12.6491
Pkt 20 100 0.2 1
Pkt 32 160 0.2 1
Node 65 28 26.6271
Pkt 80 400 0.2 1
Pkt 60 300 0.2 1
Node 59 47 9.48683
Pkt 160 800 0.2 1
Pkt 150 750 0.2 1
Node 34 59 18.3576
Pkt 25 125 0.2 1
Pkt 32 160 0.2 1
Node 72 49 22.0227
Pkt 64 320 0.2 1
Pkt 75 375 0.2 1
Rate:400.391
==========
==========99
