6 0 2 24000
Node 61 39 15.5563
Pkt 40 100 0.4 1
Pkt 80 200 0.4 1
Node 26 26 33.9411
Pkt 150 375 0.4 1
Pkt 120 300 0.4 1
Node 26 63 27.2947
Pkt 300 750 0.4 1
Pkt 320 800 0.4 1
Node 47 62 12.3693
Pkt 100 250 0.4 1
Pkt 50 125 0.4 1
Node 61 55 12.083
Pkt 192 480 0.4 1
Pkt 128 320 0.4 1
Node 56 55 7.81025
Pkt 300 750 0.4 1
Pkt 300 750 0.4 1
Rate:800
==========
==========0
6 0 2 24000
Node 51 64 14.0357
Pkt 96 240 0.4 1
Pkt 80 200 0.4 1
Node 35 45 15.8114
Pkt 160 400 0.4 1
Pkt 192 480 0.4 1
Node 36 57 15.6525
Pkt 320 800 0.4 1
Pkt 300 750 0.4 1
Node 28 62 25.0599
Pkt 77 192 0.401042 1
Pkt 77 192 0.401042 1
Node 50 62 12
Pkt 192 480 0.4 1
Pkt 160 400 0.4 1
Node 40 60 14.1421
Pkt 300 750 0.4 1
Pkt 300 750 0.4 1
Rate:800.347
==========
==========1
6 0 2 24000
Node 54 54 5.65685
Pkt 64 160 0.4 1
Pkt 40 100 0.4 1
Node 33 59 19.2354
Pkt 192 480 0.4 1
Pkt 150 375 0.4 1
Node 56 59 10.8167
Pkt 300 750 0.4 1
Pkt 300 750 0.4 1
Node 27 47 23.1948
Pkt 40 100 0.4 1
Pkt 96 240 0.4 1
Node 58 58 11.3137
Pkt 120 300 0.4 1
Pkt 160 400 0.4 1
Node 49 55 5.09902
Pkt 320 800 0.4 1
Pkt 320 800 0.4 1
Rate:800
==========
==========2
6 0 2 24000
Node 67 51 17.0294
Pkt 80 200 0.4 1
Pkt 60 150 0.4 1
Node 66 25 29.6816
Pkt 192 480 0.4 1
Pkt 120 300 0.4 1
Node 49 59 9.05539
Pkt 300 750 0.4 1
Pkt 320 800 0.4 1
Node 25 60 26.9258
Pkt 60 150 0.4 1
Pkt 40 100 0.4 1
Node 53 55 5.83095
Pkt 150 375 0.4 1
Pkt 120 300 0.4 1
Node 51 62 12.0416
Pkt 320 800 0.4 1
Pkt 320 800 0.4 1
Rate:800
==========
==========3
6 0 2 24000
Node 43 27 24.0416
Pkt 100 250 0.4 1
Pkt 40 100 0.4 1
Node 30 64 24.4131
Pkt 128 320 0.4 1
Pkt 150 375 0.4 1
Node 38 60 15.6205
Pkt 320 800 0.4 1
Pkt 300 750 0.4 1
Node 67 47 17.2627
Pkt 40 100 0.4 1
Pkt 60 150 0.4 1
Node 52 57 7.28011
Pkt 120 300 0.4 1
Pkt 192 480 0.4 1
Node 60 54 10.7703
Pkt 320 800 0.4 1
Pkt 300 750 0.4 1
Rate:800
==========
==========4
6 0 2 24000
Node 38 27 25.9422
Pkt 60 150 0.4 1
Pkt 96 240 0.4 1
Node 29 55 21.587
Pkt 150 375 0.4 1
Pkt 128 320 0.4 1
Node 29 64 25.2389
Pkt 300 750 0.4 1
Pkt 300 750 0.4 1
Node 26 33 29.4109
Pkt 77 192 0.401042 1
Pkt 50 125 0.4 1
Node 53 37 13.3417
Pkt 128 320 0.4 1
Pkt 150 375 0.4 1
Node 61 28 24.5967
Pkt 320 800 0.4 1
Pkt 320 800 0.4 1
Rate:800.174
==========
==========5
6 0 2 24000
Node 56 30 20.8806
Pkt 48 120 0.4 1
Pkt 100 250 0.4 1
Node 26 25 34.6554
Pkt 160 400 0.4 1
Pkt 150 375 0.4 1
Node 73 63 26.4197
Pkt 320 800 0.4 1
Pkt 320 800 0.4 1
Node 28 50 22
Pkt 40 100 0.4 1
Pkt 48 120 0.4 1
Node 35 71 25.807
Pkt 192 480 0.4 1
Pkt 120 300 0.4 1
Node 39 30 22.8254
Pkt 320 800 0.4 1
Pkt 320 800 0.4 1
Rate:800
==========
==========6
6 0 2 24000
Node 46 64 14.5602
Pkt 80 200 0.4 1
Pkt 40 100 0.4 1
Node 64 36 19.799
Pkt 192 480 0.4 1
Pkt 160 400 0.4 1
Node 52 71 21.095
Pkt 300 750 0.4 1
Pkt 320 800 0.4 1
Node 73 61 25.4951
Pkt 100 250 0.4 1
Pkt 100 250 0.4 1
Node 30 71 29
Pkt 120 300 0.4 1
Pkt 160 400 0.4 1
Node 70 57 21.1896
Pkt 320 800 0.4 1
Pkt 300 750 0.4 1
Rate:800
==========
==========7
6 0 2 24000
Node 52 65 15.1327
Pkt 100 250 0.4 1
Pkt 48 120 0.4 1
Node 29 71 29.6985
Pkt 192 480 0.4 1
Pkt 192 480 0.4 1
Node 55 49 5.09902
Pkt 320 800 0.4 1
Pkt 320 800 0.4 1
Node 67 73 28.6007
Pkt 50 125 0.4 1
Pkt 48 120 0.4 1
Node 50 44 6
Pkt 192 480 0.4 1
Pkt 128 320 0.4 1
Node 42 42 11.3137
Pkt 300 750 0.4 1
Pkt 320 800 0.4 1
Rate:800
==========
==========8
6 0 2 24000
Node 71 45 21.587
Pkt 40 100 0.4 1
Pkt 60 150 0.4 1
Node 42 34 17.8885
Pkt 160 400 0.4 1
Pkt 160 400 0.4 1
Node 27 45 23.5372
Pkt 320 800 0.4 1
Pkt 320 800 0.4 1
Node 72 63 25.5539
Pkt 48 120 0.4 1
Pkt 77 192 0.401042 1
Node 74 52 24.0832
Pkt 128 320 0.4 1
Pkt 192 480 0.4 1
Node 40 72 24.1661
Pkt 300 750 0.4 1
Pkt 320 800 0.4 1
Rate:800.174
==========
==========9
6 0 2 24000
Node 49 31 19.0263
Pkt 60 150 0.4 1
Pkt 100 250 0.4 1
Node 25 48 25.0799
Pkt 120 300 0.4 1
Pkt 128 320 0.4 1
Node 67 28 27.8029
Pkt 300 750 0.4 1
Pkt 300 750 0.4 1
Node 33 74 29.4109
Pkt 80 200 0.4 1
Pkt 50 125 0.4 1
Node 45 55 7.07107
Pkt 128 320 0.4 1
Pkt 192 480 0.4 1
Node 46 29 21.3776
Pkt 320 800 0.4 1
Pkt 320 800 0.4 1
Rate:800
==========
==========10
6 0 2 24000
Node 60 44 11.6619
Pkt 77 192 0.401042 1
Pkt 100 250 0.4 1
Node 37 40 16.4012
Pkt 120 300 0.4 1
Pkt 160 400 0.4 1
Node 62 61 16.2788
Pkt 320 800 0.4 1
Pkt 300 750 0.4 1
Node 27 38 25.9422
Pkt 96 240 0.4 1
Pkt 100 250 0.4 1
Node 36 50 14
Pkt 150 375 0.4 1
Pkt 160 400 0.4 1
Node 52 64 14.1421
Pkt 320 800 0.4 1
Pkt 320 800 0.4 1
Rate:800.174
==========
==========11
6 0 2 24000
Node 41 65 17.4929
Pkt 60 150 0.4 1
Pkt 96 240 0.4 1
Node 37 54 13.6015
Pkt 160 400 0.4 1
Pkt 192 480 0.4 1
Node 61 68 21.095
Pkt 300 750 0.4 1
Pkt 320 800 0.4 1
Node 44 48 6.32456
Pkt 64 160 0.4 1
Pkt 40 100 0.4 1
Node 69 43 20.2485
Pkt 128 320 0.4 1
Pkt 160 400 0.4 1
Node 61 41 14.2127
Pkt 300 750 0.4 1
Pkt 320 800 0.4 1
Rate:800
==========
==========12
6 0 2 24000
Node 32 66 24.0832
Pkt 100 250 0.4 1
Pkt 100 250 0.4 1
Node 61 52 11.1803
Pkt 192 480 0.4 1
Pkt 128 320 0.4 1
Node 56 58 10
Pkt 300 750 0.4 1
Pkt 300 750 0.4 1
Node 37 63 18.3848
Pkt 96 240 0.4 1
Pkt 48 120 0.4 1
Node 58 46 8.94427
Pkt 128 320 0.4 1
Pkt 150 375 0.4 1
Node 42 38 14.4222
Pkt 320 800 0.4 1
Pkt 320 800 0.4 1
Rate:800
==========
==========13
6 0 2 24000
Node 68 36 22.8035
Pkt 50 125 0.4 1
Pkt 48 120 0.4 1
Node 46 28 22.3607
Pkt 150 375 0.4 1
Pkt 192 480 0.4 1
Node 32 32 25.4558
Pkt 320 800 0.4 1
Pkt 320 800 0.4 1
Node 34 33 23.3452
Pkt 40 100 0.4 1
Pkt 100 250 0.4 1
Node 37 50 13
Pkt 160 400 0.4 1
Pkt 150 375 0.4 1
Node 36 67 22.0227
Pkt 300 750 0.4 1
Pkt 300 750 0.4 1
Rate:800
==========
==========14
6 0 2 24000
Node 35 57 16.5529
Pkt 40 100 0.4 1
Pkt 40 100 0.4 1
Node 43 58 10.6301
Pkt 160 400 0.4 1
Pkt 128 320 0.4 1
Node 51 62 12.0416
Pkt 300 750 0.4 1
Pkt 300 750 0.4 1
Node 68 45 18.6815
Pkt 77 192 0.401042 1
Pkt 60 150 0.4 1
Node 44 29 21.8403
Pkt 192 480 0.4 1
Pkt 120 300 0.4 1
Node 71 41 22.8473
Pkt 320 800 0.4 1
Pkt 300 750 0.4 1
Rate:800.174
==========
==========15
6 0 2 24000
Node 56 39 12.53
Pkt 50 125 0.4 1
Pkt 50 125 0.4 1
Node 69 40 21.4709
Pkt 160 400 0.4 1
Pkt 160 400 0.4 1
Node 54 26 24.3311
Pkt 320 800 0.4 1
Pkt 320 800 0.4 1
Node 47 58 8.544
Pkt 50 125 0.4 1
Pkt 40 100 0.4 1
Node 47 69 19.2354
Pkt 192 480 0.4 1
Pkt 192 480 0.4 1
Node 49 30 20.025
Pkt 300 750 0.4 1
Pkt 320 800 0.4 1
Rate:800
==========
==========16
6 0 2 24000
Node 33 49 17.0294
Pkt 80 200 0.4 1
Pkt 60 150 0.4 1
Node 50 37 13
Pkt 150 375 0.4 1
Pkt 150 375 0.4 1
Node 42 50 8
Pkt 300 750 0.4 1
Pkt 300 750 0.4 1
Node 34 51 16.0312
Pkt 96 240 0.4 1
Pkt 77 192 0.401042 1
Node 44 72 22.8035
Pkt 128 320 0.4 1
Pkt 128 320 0.4 1
Node 49 31 19.0263
Pkt 300 750 0.4 1
Pkt 300 750 0.4 1
Rate:800.174
==========
==========17
6 0 2 24000
Node 68 29 27.6586
Pkt 40 100 0.4 1
Pkt 64 160 0.4 1
Node 63 48 13.1529
Pkt 120 300 0.4 1
Pkt 160 400 0.4 1
Node 71 55 21.587
Pkt 320 800 0.4 1
Pkt 300 750 0.4 1
Node 65 56 16.1555
Pkt 50 125 0.4 1
Pkt 64 160 0.4 1
Node 40 73 25.0799
Pkt 150 375 0.4 1
Pkt 160 400 0.4 1
Node 36 38 18.4391
Pkt 300 750 0.4 1
Pkt 320 800 0.4 1
Rate:800
==========
==========18
6 0 2 24000
Node 36 32 22.8035
Pkt 80 200 0.4 1
Pkt 48 120 0.4 1
Node 38 64 18.4391
Pkt 160 400 0.4 1
Pkt 150 375 0.4 1
Node 54 58 8.94427
Pkt 320 800 0.4 1
Pkt 300 750 0.4 1
Node 57 49 7.07107
Pkt 77 192 0.401042 1
Pkt 40 100 0.4 1
Node 44 40 11.6619
Pkt 120 300 0.4 1
Pkt 192 480 0.4 1
Node 54 29 21.3776
Pkt 300 750 0.4 1
Pkt 300 750 0.4 1
Rate:800.174
==========
==========19
6 0 2 24000
Node 42 44 10
Pkt 80 200 0.4 1
Pkt 48 120 0.4 1
Node 69 46 19.4165
Pkt 160 400 0.4 1
Pkt 128 320 0.4 1
Node 70 52 20.0998
Pkt 300 750 0.4 1
Pkt 300 750 0.4 1
Node 41 55 10.2956
Pkt 96 240 0.4 1
Pkt 100 250 0.4 1
Node 28 56 22.8035
Pkt 192 480 0.4 1
Pkt 160 400 0.4 1
Node 59 66 18.3576
Pkt 300 750 0.4 1
Pkt 320 800 0.4 1
Rate:800
==========
==========20
6 0 2 24000
Node 44 44 8.48528
Pkt 48 120 0.4 1
Pkt 40 100 0.4 1
Node 60 72 24.1661
Pkt 120 300 0.4 1
Pkt 150 375 0.4 1
Node 27 58 24.3516
Pkt 300 750 0.4 1
Pkt 300 750 0.4 1
Node 68 49 18.0278
Pkt 60 150 0.4 1
Pkt 40 100 0.4 1
Node 68 46 18.4391
Pkt 120 300 0.4 1
Pkt 120 300 0.4 1
Node 38 26 26.8328
Pkt 300 750 0.4 1
Pkt 300 750 0.4 1
Rate:800
==========
==========21
6 0 2 24000
Node 59 35 17.4929
Pkt 60 150 0.4 1
Pkt 64 160 0.4 1
Node 67 26 29.4109
Pkt 150 375 0.4 1
Pkt 192 480 0.4 1
Node 72 64 26.0768
Pkt 300 750 0.4 1
Pkt 300 750 0.4 1
Node 35 30 25
Pkt 40 100 0.4 1
Pkt 77 192 0.401042 1
Node 33 36 22.0227
Pkt 150 375 0.4 1
Pkt 128 320 0.4 1
Node 48 51 2.23607
Pkt 300 750 0.4 1
Pkt 320 800 0.4 1
Rate:800.174
==========
==========22
6 0 2 24000
Node 40 38 15.6205
Pkt 40 100 0.4 1
Pkt 60 150 0.4 1
Node 38 28 25.0599
Pkt 128 320 0.4 1
Pkt 120 300 0.4 1
Node 43 72 23.0868
Pkt 300 750 0.4 1
Pkt 320 800 0.4 1
Node 74 32 30
Pkt 100 250 0.4 1
Pkt 48 120 0.4 1
Node 53 64 14.3178
Pkt 160 400 0.4 1
Pkt 128 320 0.4 1
Node 67 34 23.3452
Pkt 300 750 0.4 1
Pkt 320 800 0.4 1
Rate:800
==========
==========23
6 0 2 24000
Node 49 62 12.0416
Pkt 80 200 0.4 1
Pkt 60 150 0.4 1
Node 31 55 19.6469
Pkt 192 480 0.4 1
Pkt 128 320 0.4 1
Node 44 72 22.8035
Pkt 320 800 0.4 1
Pkt 300 750 0.4 1
Node 49 51 1.41421
Pkt 64 160 0.4 1
Pkt 48 120 0.4 1
Node 44 37 14.3178
Pkt 150 375 0.4 1
Pkt 192 480 0.4 1
Node 68 52 18.1108
Pkt 300 750 0.4 1
Pkt 320 800 0.4 1
Rate:800
==========
==========24
6 0 2 24000
Node 51 63 13.0384
Pkt 80 200 0.4 1
Pkt 48 120 0.4 1
Node 64 42 16.1245
Pkt 150 375 0.4 1
Pkt 120 300 0.4 1
Node 74 66 28.8444
Pkt 300 750 0.4 1
Pkt 320 800 0.4 1
Node 73 69 29.8329
Pkt 64 160 0.4 1
Pkt 40 100 0.4 1
Node 68 55 18.6815
Pkt 192 480 0.4 1
Pkt 150 375 0.4 1
Node 39 49 11.0454
Pkt 320 800 0.4 1
Pkt 320 800 0.4 1
Rate:800
==========
==========25
6 0 2 24000
Node 26 49 24.0208
Pkt 77 192 0.401042 1
Pkt 96 240 0.4 1
Node 31 57 20.2485
Pkt 192 480 0.4 1
Pkt 192 480 0.4 1
Node 52 39 11.1803
Pkt 300 750 0.4 1
Pkt 300 750 0.4 1
Node 64 57 15.6525
Pkt 40 100 0.4 1
Pkt 100 250 0.4 1
Node 60 58 12.8062
Pkt 192 480 0.4 1
Pkt 120 300 0.4 1
Node 54 63 13.6015
Pkt 320 800 0.4 1
Pkt 300 750 0.4 1
Rate:800.174
==========
==========26
6 0 2 24000
Node 45 73 23.5372
Pkt 80 200 0.4 1
Pkt 40 100 0.4 1
Node 49 58 8.06226
Pkt 192 480 0.4 1
Pkt 128 320 0.4 1
Node 27 59 24.6982
Pkt 300 750 0.4 1
Pkt 300 750 0.4 1
Node 54 70 20.3961
Pkt 60 150 0.4 1
Pkt 40 100 0.4 1
Node 48 26 24.0832
Pkt 120 300 0.4 1
Pkt 150 375 0.4 1
Node 54 43 8.06226
Pkt 300 750 0.4 1
Pkt 300 750 0.4 1
Rate:800
==========
==========27
6 0 2 24000
Node 28 62 25.0599
Pkt 77 192 0.401042 1
Pkt 96 240 0.4 1
Node 72 67 27.8029
Pkt 150 375 0.4 1
Pkt 160 400 0.4 1
Node 59 37 15.8114
Pkt 300 750 0.4 1
Pkt 320 800 0.4 1
Node 69 38 22.4722
Pkt 40 100 0.4 1
Pkt 50 125 0.4 1
Node 44 37 14.3178
Pkt 192 480 0.4 1
Pkt 128 320 0.4 1
Node 51 71 21.0238
Pkt 320 800 0.4 1
Pkt 300 750 0.4 1
Rate:800.174
==========
==========28
6 0 2 24000
Node 32 36 22.8035
Pkt 40 100 0.4 1
Pkt 100 250 0.4 1
Node 39 39 15.5563
Pkt 150 375 0.4 1
Pkt 128 320 0.4 1
Node 41 47 9.48683
Pkt 320 800 0.4 1
Pkt 300 750 0.4 1
Node 47 68 18.2483
Pkt 77 192 0.401042 1
Pkt 96 240 0.4 1
Node 67 37 21.4009
Pkt 192 480 0.4 1
Pkt 128 320 0.4 1
Node 58 64 16.1245
Pkt 320 800 0.4 1
Pkt 320 800 0.4 1
Rate:800.174
==========
==========29
6 0 2 24000
Node 33 39 20.2485
Pkt 96 240 0.4 1
Pkt 64 160 0.4 1
Node 41 69 21.0238
Pkt 192 480 0.4 1
Pkt 192 480 0.4 1
Node 67 52 17.1172
Pkt 300 750 0.4 1
Pkt 320 800 0.4 1
Node 57 29 22.1359
Pkt 80 200 0.4 1
Pkt 77 192 0.401042 1
Node 42 68 19.6977
Pkt 150 375 0.4 1
Pkt 128 320 0.4 1
Node 60 30 22.3607
Pkt 320 800 0.4 1
Pkt 320 800 0.4 1
Rate:800.174
==========
==========30
6 0 2 24000
Node 70 66 25.6125
Pkt 50 125 0.4 1
Pkt 100 250 0.4 1
Node 71 52 21.095
Pkt 120 300 0.4 1
Pkt 150 375 0.4 1
Node 60 64 17.2047
Pkt 320 800 0.4 1
Pkt 300 750 0.4 1
Node 39 33 20.2485
Pkt 64 160 0.4 1
Pkt 48 120 0.4 1
Node 39 28 24.5967
Pkt 128 320 0.4 1
Pkt 160 400 0.4 1
Node 38 32 21.6333
Pkt 320 800 0.4 1
Pkt 320 800 0.4 1
Rate:800
==========
==========31
6 0 2 24000
Node 65 38 19.2094
Pkt 77 192 0.401042 1
Pkt 60 150 0.4 1
Node 62 44 13.4164
Pkt 160 400 0.4 1
Pkt 120 300 0.4 1
Node 46 39 11.7047
Pkt 320 800 0.4 1
Pkt 300 750 0.4 1
Node 65 54 15.5242
Pkt 60 150 0.4 1
Pkt 64 160 0.4 1
Node 40 74 26
Pkt 128 320 0.4 1
Pkt 160 400 0.4 1
Node 47 43 7.61577
Pkt 320 800 0.4 1
Pkt 320 800 0.4 1
Rate:800.174
==========
==========32
6 0 2 24000
Node 26 60 26
Pkt 48 120 0.4 1
Pkt 40 100 0.4 1
Node 34 72 27.2029
Pkt 160 400 0.4 1
Pkt 192 480 0.4 1
Node 61 25 27.313
Pkt 320 800 0.4 1
Pkt 320 800 0.4 1
Node 32 56 18.9737
Pkt 64 160 0.4 1
Pkt 100 250 0.4 1
Node 64 70 24.4131
Pkt 160 400 0.4 1
Pkt 160 400 0.4 1
Node 62 67 20.8087
Pkt 300 750 0.4 1
Pkt 300 750 0.4 1
Rate:800
==========
==========33
6 0 2 24000
Node 62 52 12.1655
Pkt 96 240 0.4 1
Pkt 100 250 0.4 1
Node 31 71 28.3196
Pkt 128 320 0.4 1
Pkt 128 320 0.4 1
Node 49 30 20.025
Pkt 300 750 0.4 1
Pkt 320 800 0.4 1
Node 38 61 16.2788
Pkt 50 125 0.4 1
Pkt 77 192 0.401042 1
Node 64 57 15.6525
Pkt 128 320 0.4 1
Pkt 128 320 0.4 1
Node 26 44 24.7386
Pkt 300 750 0.4 1
Pkt 300 750 0.4 1
Rate:800.174
==========
==========34
6 0 2 24000
Node 35 45 15.8114
Pkt 60 150 0.4 1
Pkt 96 240 0.4 1
Node 47 66 16.2788
Pkt 150 375 0.4 1
Pkt 120 300 0.4 1
Node 56 35 16.1555
Pkt 300 750 0.4 1
Pkt 300 750 0.4 1
Node 51 62 12.0416
Pkt 80 200 0.4 1
Pkt 50 125 0.4 1
Node 43 25 25.9615
Pkt 150 375 0.4 1
Pkt 128 320 0.4 1
Node 56 28 22.8035
Pkt 320 800 0.4 1
Pkt 300 750 0.4 1
Rate:800
==========
==========35
6 0 2 24000
Node 29 37 24.6982
Pkt 96 240 0.4 1
Pkt 48 120 0.4 1
Node 42 56 10
Pkt 150 375 0.4 1
Pkt 120 300 0.4 1
Node 37 28 25.5539
Pkt 300 750 0.4 1
Pkt 300 750 0.4 1
Node 61 60 14.8661
Pkt 64 160 0.4 1
Pkt 96 240 0.4 1
Node 57 30 21.1896
Pkt 120 300 0.4 1
Pkt 120 300 0.4 1
Node 42 53 8.544
Pkt 300 750 0.4 1
Pkt 300 750 0.4 1
Rate:800
==========
==========36
6 0 2 24000
Node 42 38 14.4222
Pkt 80 200 0.4 1
Pkt 48 120 0.4 1
Node 62 29 24.1868
Pkt 192 480 0.4 1
Pkt 192 480 0.4 1
Node 68 64 22.8035
Pkt 300 750 0.4 1
Pkt 320 800 0.4 1
Node 73 70 30.4795
Pkt 40 100 0.4 1
Pkt 77 192 0.401042 1
Node 36 58 16.1245
Pkt 192 480 0.4 1
Pkt 120 300 0.4 1
Node 45 36 14.8661
Pkt 320 800 0.4 1
Pkt 320 800 0.4 1
Rate:800.174
==========
==========37
6 0 2 24000
Node 64 74 27.7849
Pkt 60 150 0.4 1
Pkt 64 160 0.4 1
Node 25 25 35.3553
Pkt 160 400 0.4 1
Pkt 160 400 0.4 1
Node 48 69 19.105
Pkt 320 800 0.4 1
Pkt 300 750 0.4 1
Node 29 58 22.4722
Pkt 48 120 0.4 1
Pkt 77 192 0.401042 1
Node 41 40 13.4536
Pkt 150 375 0.4 1
Pkt 128 320 0.4 1
Node 30 42 21.5407
Pkt 300 750 0.4 1
Pkt 300 750 0.4 1
Rate:800.174
==========
==========38
6 0 2 24000
Node 68 67 24.7588
Pkt 80 200 0.4 1
Pkt 96 240 0.4 1
Node 52 48 2.82843
Pkt 150 375 0.4 1
Pkt 120 300 0.4 1
Node 69 61 21.9545
Pkt 300 750 0.4 1
Pkt 300 750 0.4 1
Node 44 50 6
Pkt 77 192 0.401042 1
Pkt 50 125 0.4 1
Node 30 40 22.3607
Pkt 160 400 0.4 1
Pkt 128 320 0.4 1
Node 55 70 20.6155
Pkt 320 800 0.4 1
Pkt 320 800 0.4 1
Rate:800.174
==========
==========39
6 0 2 24000
Node 26 49 24.0208
Pkt 64 160 0.4 1
Pkt 50 125 0.4 1
Node 69 44 19.9249
Pkt 160 400 0.4 1
Pkt 192 480 0.4 1
Node 32 65 23.4307
Pkt 320 800 0.4 1
Pkt 320 800 0.4 1
Node 28 59 23.7697
Pkt 96 240 0.4 1
Pkt 64 160 0.4 1
Node 57 27 24.0416
Pkt 160 400 0.4 1
Pkt 150 375 0.4 1
Node 29 62 24.1868
Pkt 300 750 0.4 1
Pkt 300 750 0.4 1
Rate:800
==========
==========40
6 0 2 24000
Node 52 28 22.0907
Pkt 48 120 0.4 1
Pkt 77 192 0.401042 1
Node 45 51 5.09902
Pkt 120 300 0.4 1
Pkt 192 480 0.4 1
Node 35 58 17
Pkt 300 750 0.4 1
Pkt 300 750 0.4 1
Node 54 29 21.3776
Pkt 40 100 0.4 1
Pkt 96 240 0.4 1
Node 57 50 7
Pkt 192 480 0.4 1
Pkt 128 320 0.4 1
Node 62 53 12.3693
Pkt 300 750 0.4 1
Pkt 320 800 0.4 1
Rate:800.174
==========
==========41
6 0 2 24000
Node 35 66 21.9317
Pkt 100 250 0.4 1
Pkt 80 200 0.4 1
Node 73 49 23.0217
Pkt 128 320 0.4 1
Pkt 120 300 0.4 1
Node 73 47 23.1948
Pkt 300 750 0.4 1
Pkt 320 800 0.4 1
Node 37 29 24.6982
Pkt 77 192 0.401042 1
Pkt 60 150 0.4 1
Node 43 31 20.2485
Pkt 128 320 0.4 1
Pkt 192 480 0.4 1
Node 41 43 11.4018
Pkt 300 750 0.4 1
Pkt 320 800 0.4 1
Rate:800.174
==========
==========42
6 0 2 24000
Node 53 51 3.16228
Pkt 100 250 0.4 1
Pkt 96 240 0.4 1
Node 71 30 29
Pkt 128 320 0.4 1
Pkt 128 320 0.4 1
Node 66 39 19.4165
Pkt 300 750 0.4 1
Pkt 300 750 0.4 1
Node 37 25 28.178
Pkt 40 100 0.4 1
Pkt 96 240 0.4 1
Node 26 54 24.3311
Pkt 128 320 0.4 1
Pkt 192 480 0.4 1
Node 64 65 20.5183
Pkt 300 750 0.4 1
Pkt 320 800 0.4 1
Rate:800
==========
==========43
6 0 2 24000
Node 49 39 11.0454
Pkt 48 120 0.4 1
Pkt 50 125 0.4 1
Node 42 26 25.2982
Pkt 128 320 0.4 1
Pkt 150 375 0.4 1
Node 64 54 14.5602
Pkt 320 800 0.4 1
Pkt 320 800 0.4 1
Node 49 68 18.0278
Pkt 48 120 0.4 1
Pkt 96 240 0.4 1
Node 33 42 18.7883
Pkt 150 375 0.4 1
Pkt 120 300 0.4 1
Node 57 36 15.6525
Pkt 320 800 0.4 1
Pkt 300 750 0.4 1
Rate:800
==========
==========44
6 0 2 24000
Node 50 30 20
Pkt 100 250 0.4 1
Pkt 77 192 0.401042 1
Node 25 32 30.8058
Pkt 160 400 0.4 1
Pkt 192 480 0.4 1
Node 61 37 17.0294
Pkt 300 750 0.4 1
Pkt 320 800 0.4 1
Node 29 51 21.0238
Pkt 96 240 0.4 1
Pkt 77 192 0.401042 1
Node 38 43 13.8924
Pkt 150 375 0.4 1
Pkt 192 480 0.4 1
Node 52 57 7.28011
Pkt 300 750 0.4 1
Pkt 320 800 0.4 1
Rate:800.347
==========
==========45
6 0 2 24000
Node 35 42 17
Pkt 96 240 0.4 1
Pkt 80 200 0.4 1
Node 44 62 13.4164
Pkt 120 300 0.4 1
Pkt 150 375 0.4 1
Node 31 46 19.4165
Pkt 300 750 0.4 1
Pkt 300 750 0.4 1
Node 69 55 19.6469
Pkt 40 100 0.4 1
Pkt 100 250 0.4 1
Node 64 33 22.0227
Pkt 150 375 0.4 1
Pkt 120 300 0.4 1
Node 70 51 20.025
Pkt 320 800 0.4 1
Pkt 320 800 0.4 1
Rate:800
==========
==========46
6 0 2 24000
Node 36 37 19.105
Pkt 64 160 0.4 1
Pkt 48 120 0.4 1
Node 42 60 12.8062
Pkt 128 320 0.4 1
Pkt 120 300 0.4 1
Node 37 68 22.2036
Pkt 320 800 0.4 1
Pkt 300 750 0.4 1
Node 43 61 13.0384
Pkt 40 100 0.4 1
Pkt 60 150 0.4 1
Node 47 29 21.2132
Pkt 150 375 0.4 1
Pkt 128 320 0.4 1
Node 67 44 18.0278
Pkt 320 800 0.4 1
Pkt 320 800 0.4 1
Rate:800
==========
==========47
6 0 2 24000
Node 36 62 18.4391
Pkt 40 100 0.4 1
Pkt 48 120 0.4 1
Node 39 68 21.095
Pkt 160 400 0.4 1
Pkt 128 320 0.4 1
Node 63 70 23.8537
Pkt 320 800 0.4 1
Pkt 320 800 0.4 1
Node 33 65 22.6716
Pkt 50 125 0.4 1
Pkt 64 160 0.4 1
Node 55 37 13.9284
Pkt 192 480 0.4 1
Pkt 192 480 0.4 1
Node 25 38 27.7308
Pkt 300 750 0.4 1
Pkt 300 750 0.4 1
Rate:800
==========
==========48
6 0 2 24000
Node 45 36 14.8661
Pkt 48 120 0.4 1
Pkt 40 100 0.4 1
Node 32 32 25.4558
Pkt 192 480 0.4 1
Pkt 120 300 0.4 1
Node 38 67 20.8087
Pkt 300 750 0.4 1
Pkt 300 750 0.4 1
Node 30 70 28.2843
Pkt 60 150 0.4 1
Pkt 100 250 0.4 1
Node 71 51 21.0238
Pkt 192 480 0.4 1
Pkt 192 480 0.4 1
Node 33 42 18.7883
Pkt 320 800 0.4 1
Pkt 300 750 0.4 1
Rate:800
==========
==========49
6 0 2 24000
Node 40 56 11.6619
Pkt 64 160 0.4 1
Pkt 50 125 0.4 1
Node 62 58 14.4222
Pkt 128 320 0.4 1
Pkt 150 375 0.4 1
Node 47 51 3.16228
Pkt 320 800 0.4 1
Pkt 320 800 0.4 1
Node 59 74 25.632
Pkt 60 150 0.4 1
Pkt 100 250 0.4 1
Node 40 31 21.4709
Pkt 128 320 0.4 1
Pkt 160 400 0.4 1
Node 74 60 26
Pkt 320 800 0.4 1
Pkt 300 750 0.4 1
Rate:800
==========
==========50
6 0 2 24000
Node 35 40 18.0278
Pkt 64 160 0.4 1
Pkt 77 192 0.401042 1
Node 65 59 17.4929
Pkt 120 300 0.4 1
Pkt 150 375 0.4 1
Node 47 48 3.60555
Pkt 300 750 0.4 1
Pkt 320 800 0.4 1
Node 48 37 13.1529
Pkt 40 100 0.4 1
Pkt 48 120 0.4 1
Node 37 36 19.105
Pkt 128 320 0.4 1
Pkt 160 400 0.4 1
Node 55 48 5.38516
Pkt 300 750 0.4 1
Pkt 320 800 0.4 1
Rate:800.174
==========
==========51
6 0 2 24000
Node 49 38 12.0416
Pkt 40 100 0.4 1
Pkt 40 100 0.4 1
Node 49 46 4.12311
Pkt 128 320 0.4 1
Pkt 128 320 0.4 1
Node 31 36 23.6008
Pkt 320 800 0.4 1
Pkt 300 750 0.4 1
Node 51 45 5.09902
Pkt 96 240 0.4 1
Pkt 48 120 0.4 1
Node 50 63 13
Pkt 120 300 0.4 1
Pkt 160 400 0.4 1
Node 53 33 17.2627
Pkt 320 800 0.4 1
Pkt 320 800 0.4 1
Rate:800
==========
==========52
6 0 2 24000
Node 35 31 24.2074
Pkt 60 150 0.4 1
Pkt 60 150 0.4 1
Node 26 43 25
Pkt 150 375 0.4 1
Pkt 128 320 0.4 1
Node 69 40 21.4709
Pkt 300 750 0.4 1
Pkt 320 800 0.4 1
Node 40 63 16.4012
Pkt 100 250 0.4 1
Pkt 77 192 0.401042 1
Node 29 26 31.8904
Pkt 192 480 0.4 1
Pkt 128 320 0.4 1
Node 56 73 23.7697
Pkt 300 750 0.4 1
Pkt 320 800 0.4 1
Rate:800.174
==========
==========53
6 0 2 24000
Node 43 33 18.3848
Pkt 48 120 0.4 1
Pkt 64 160 0.4 1
Node 67 39 20.2485
Pkt 192 480 0.4 1
Pkt 150 375 0.4 1
Node 68 71 27.6586
Pkt 300 750 0.4 1
Pkt 320 800 0.4 1
Node 62 62 16.9706
Pkt 40 100 0.4 1
Pkt 48 120 0.4 1
Node 39 42 13.6015
Pkt 150 375 0.4 1
Pkt 128 320 0.4 1
Node 70 29 29
Pkt 300 750 0.4 1
Pkt 300 750 0.4 1
Rate:800
==========
==========54
6 0 2 24000
Node 55 38 13
Pkt 64 160 0.4 1
Pkt 77 192 0.401042 1
Node 56 50 6
Pkt 150 375 0.4 1
Pkt 120 300 0.4 1
Node 36 62 18.4391
Pkt 320 800 0.4 1
Pkt 320 800 0.4 1
Node 58 36 16.1245
Pkt 80 200 0.4 1
Pkt 48 120 0.4 1
Node 29 65 25.807
Pkt 160 400 0.4 1
Pkt 120 300 0.4 1
Node 37 63 18.3848
Pkt 300 750 0.4 1
Pkt 320 800 0.4 1
Rate:800.174
==========
==========55
6 0 2 24000
Node 50 38 12
Pkt 96 240 0.4 1
Pkt 77 192 0.401042 1
Node 55 41 10.2956
Pkt 160 400 0.4 1
Pkt 160 400 0.4 1
Node 49 69 19.0263
Pkt 320 800 0.4 1
Pkt 320 800 0.4 1
Node 69 33 25.4951
Pkt 60 150 0.4 1
Pkt 77 192 0.401042 1
Node 71 66 26.4008
Pkt 192 480 0.4 1
Pkt 150 375 0.4 1
Node 48 60 10.198
Pkt 320 800 0.4 1
Pkt 300 750 0.4 1
Rate:800.347
==========
==========56
6 0 2 24000
Node 57 71 22.1359
Pkt 80 200 0.4 1
Pkt 96 240 0.4 1
Node 36 31 23.6008
Pkt 128 320 0.4 1
Pkt 192 480 0.4 1
Node 45 48 5.38516
Pkt 320 800 0.4 1
Pkt 320 800 0.4 1
Node 36 40 17.2047
Pkt 64 160 0.4 1
Pkt 60 150 0.4 1
Node 49 46 4.12311
Pkt 192 480 0.4 1
Pkt 160 400 0.4 1
Node 73 41 24.6982
Pkt 300 750 0.4 1
Pkt 300 750 0.4 1
Rate:800
==========
==========57
6 0 2 24000
Node 27 48 23.0868
Pkt 77 192 0.401042 1
Pkt 100 250 0.4 1
Node 73 69 29.8329
Pkt 120 300 0.4 1
Pkt 150 375 0.4 1
Node 41 25 26.5707
Pkt 300 750 0.4 1
Pkt 300 750 0.4 1
Node 67 25 30.2324
Pkt 80 200 0.4 1
Pkt 64 160 0.4 1
Node 74 56 24.7386
Pkt 120 300 0.4 1
Pkt 120 300 0.4 1
Node 68 30 26.9072
Pkt 320 800 0.4 1
Pkt 300 750 0.4 1
Rate:800.174
==========
==========58
6 0 2 24000
Node 68 51 18.0278
Pkt 80 200 0.4 1
Pkt 77 192 0.401042 1
Node 27 57 24.0416
Pkt 192 480 0.4 1
Pkt 128 320 0.4 1
Node 59 43 11.4018
Pkt 320 800 0.4 1
Pkt 300 750 0.4 1
Node 65 40 18.0278
Pkt 77 192 0.401042 1
Pkt 60 150 0.4 1
Node 48 39 11.1803
Pkt 160 400 0.4 1
Pkt 128 320 0.4 1
Node 39 39 15.5563
Pkt 300 750 0.4 1
Pkt 320 800 0.4 1
Rate:800.347
==========
==========59
6 0 2 24000
Node 54 25 25.318
Pkt 64 160 0.4 1
Pkt 40 100 0.4 1
Node 48 48 2.82843
Pkt 120 300 0.4 1
Pkt 128 320 0.4 1
Node 56 29 21.8403
Pkt 320 800 0.4 1
Pkt 320 800 0.4 1
Node 31 69 26.8701
Pkt 96 240 0.4 1
Pkt 64 160 0.4 1
Node 72 43 23.0868
Pkt 160 400 0.4 1
Pkt 192 480 0.4 1
Node 51 26 24.0208
Pkt 320 800 0.4 1
Pkt 300 750 0.4 1
Rate:800
==========
==========60
6 0 2 24000
Node 41 61 14.2127
Pkt 80 200 0.4 1
Pkt 96 240 0.4 1
Node 29 55 21.587
Pkt 150 375 0.4 1
Pkt 192 480 0.4 1
Node 51 40 10.0499
Pkt 300 750 0.4 1
Pkt 300 750 0.4 1
Node 69 42 20.6155
Pkt 60 150 0.4 1
Pkt 77 192 0.401042 1
Node 47 59 9.48683
Pkt 120 300 0.4 1
Pkt 192 480 0.4 1
Node 63 72 25.5539
Pkt 320 800 0.4 1
Pkt 320 800 0.4 1
Rate:800.174
==========
==========61
6 0 2 24000
Node 37 51 13.0384
Pkt 64 160 0.4 1
Pkt 64 160 0.4 1
Node 61 41 14.2127
Pkt 120 300 0.4 1
Pkt 160 400 0.4 1
Node 30 63 23.8537
Pkt 300 750 0.4 1
Pkt 320 800 0.4 1
Node 53 42 8.544
Pkt 50 125 0.4 1
Pkt 48 120 0.4 1
Node 62 44 13.4164
Pkt 160 400 0.4 1
Pkt 160 400 0.4 1
Node 69 54 19.4165
Pkt 320 800 0.4 1
Pkt 300 750 0.4 1
Rate:800
==========
==========62
6 0 2 24000
Node 42 29 22.4722
Pkt 50 125 0.4 1
Pkt 50 125 0.4 1
Node 48 67 17.1172
Pkt 120 300 0.4 1
Pkt 128 320 0.4 1
Node 69 26 30.6105
Pkt 300 750 0.4 1
Pkt 300 750 0.4 1
Node 62 60 15.6205
Pkt 48 120 0.4 1
Pkt 96 240 0.4 1
Node 65 50 15
Pkt 160 400 0.4 1
Pkt 120 300 0.4 1
Node 33 63 21.4009
Pkt 300 750 0.4 1
Pkt 320 800 0.4 1
Rate:800
==========
==========63
6 0 2 24000
Node 50 47 3
Pkt 64 160 0.4 1
Pkt 50 125 0.4 1
Node 60 53 10.4403
Pkt 128 320 0.4 1
Pkt 160 400 0.4 1
Node 59 39 14.2127
Pkt 300 750 0.4 1
Pkt 320 800 0.4 1
Node 41 46 9.84886
Pkt 80 200 0.4 1
Pkt 60 150 0.4 1
Node 37 56 14.3178
Pkt 160 400 0.4 1
Pkt 128 320 0.4 1
Node 73 48 23.0868
Pkt 320 800 0.4 1
Pkt 320 800 0.4 1
Rate:800
==========
==========64
6 0 2 24000
Node 69 70 27.5862
Pkt 50 125 0.4 1
Pkt 77 192 0.401042 1
Node 72 46 22.3607
Pkt 150 375 0.4 1
Pkt 192 480 0.4 1
Node 28 32 28.4253
Pkt 300 750 0.4 1
Pkt 320 800 0.4 1
Node 32 28 28.4253
Pkt 77 192 0.401042 1
Pkt 48 120 0.4 1
Node 63 25 28.178
Pkt 192 480 0.4 1
Pkt 150 375 0.4 1
Node 61 29 23.7065
Pkt 320 800 0.4 1
Pkt 320 800 0.4 1
Rate:800.347
==========
==========65
6 0 2 24000
Node 50 71 21
Pkt 96 240 0.4 1
Pkt 48 120 0.4 1
Node 44 31 19.9249
Pkt 128 320 0.4 1
Pkt 192 480 0.4 1
Node 39 46 11.7047
Pkt 300 750 0.4 1
Pkt 300 750 0.4 1
Node 42 54 8.94427
Pkt 48 120 0.4 1
Pkt 48 120 0.4 1
Node 64 46 14.5602
Pkt 128 320 0.4 1
Pkt 128 320 0.4 1
Node 64 62 18.4391
Pkt 320 800 0.4 1
Pkt 320 800 0.4 1
Rate:800
==========
==========66
6 0 2 24000
Node 62 72 25.0599
Pkt 80 200 0.4 1
Pkt 96 240 0.4 1
Node 34 31 24.8395
Pkt 160 400 0.4 1
Pkt 120 300 0.4 1
Node 69 43 20.2485
Pkt 320 800 0.4 1
Pkt 300 750 0.4 1
Node 47 25 25.1794
Pkt 77 192 0.401042 1
Pkt 48 120 0.4 1
Node 53 56 6.7082
Pkt 160 400 0.4 1
Pkt 120 300 0.4 1
Node 68 63 22.2036
Pkt 300 750 0.4 1
Pkt 300 750 0.4 1
Rate:800.174
==========
==========67
6 0 2 24000
Node 37 62 17.6918
Pkt 48 120 0.4 1
Pkt 64 160 0.4 1
Node 63 68 22.2036
Pkt 150 375 0.4 1
Pkt 120 300 0.4 1
Node 50 35 15
Pkt 320 800 0.4 1
Pkt 300 750 0.4 1
Node 34 48 16.1245
Pkt 80 200 0.4 1
Pkt 40 100 0.4 1
Node 48 61 11.1803
Pkt 160 400 0.4 1
Pkt 192 480 0.4 1
Node 53 57 7.61577
Pkt 300 750 0.4 1
Pkt 320 800 0.4 1
Rate:800
==========
==========68
6 0 2 24000
Node 36 53 14.3178
Pkt 48 120 0.4 1
Pkt 80 200 0.4 1
Node 43 45 8.60233
Pkt 192 480 0.4 1
Pkt 160 400 0.4 1
Node 40 44 11.6619
Pkt 320 800 0.4 1
Pkt 320 800 0.4 1
Node 26 49 24.0208
Pkt 50 125 0.4 1
Pkt 77 192 0.401042 1
Node 44 29 21.8403
Pkt 192 480 0.4 1
Pkt 128 320 0.4 1
Node 67 45 17.72
Pkt 320 800 0.4 1
Pkt 320 800 0.4 1
Rate:800.174
==========
==========69
6 0 2 24000
Node 54 60 10.7703
Pkt 48 120 0.4 1
Pkt 50 125 0.4 1
Node 57 53 7.61577
Pkt 150 375 0.4 1
Pkt 192 480 0.4 1
Node 35 60 18.0278
Pkt 300 750 0.4 1
Pkt 300 750 0.4 1
Node 35 45 15.8114
Pkt 80 200 0.4 1
Pkt 64 160 0.4 1
Node 47 33 17.2627
Pkt 192 480 0.4 1
Pkt 150 375 0.4 1
Node 37 62 17.6918
Pkt 300 750 0.4 1
Pkt 320 800 0.4 1
Rate:800
==========
==========70
6 0 2 24000
Node 36 44 15.2315
Pkt 96 240 0.4 1
Pkt 96 240 0.4 1
Node 25 47 25.1794
Pkt 192 480 0.4 1
Pkt 160 400 0.4 1
Node 58 37 15.2643
Pkt 320 800 0.4 1
Pkt 300 750 0.4 1
Node 44 40 11.6619
Pkt 64 160 0.4 1
Pkt 96 240 0.4 1
Node 46 42 8.94427
Pkt 160 400 0.4 1
Pkt 120 300 0.4 1
Node 27 30 30.4795
Pkt 300 750 0.4 1
Pkt 320 800 0.4 1
Rate:800
==========
==========71
6 0 2 24000
Node 42 39 13.6015
Pkt 40 100 0.4 1
Pkt 64 160 0.4 1
Node 49 28 22.0227
Pkt 150 375 0.4 1
Pkt 128 320 0.4 1
Node 41 73 24.6982
Pkt 320 800 0.4 1
Pkt 300 750 0.4 1
Node 55 44 7.81025
Pkt 50 125 0.4 1
Pkt 96 240 0.4 1
Node 62 56 13.4164
Pkt 192 480 0.4 1
Pkt 192 480 0.4 1
Node 31 41 21.0238
Pkt 300 750 0.4 1
Pkt 320 800 0.4 1
Rate:800
==========
==========72
6 0 2 24000
Node 54 34 16.4924
Pkt 48 120 0.4 1
Pkt 48 120 0.4 1
Node 58 37 15.2643
Pkt 192 480 0.4 1
Pkt 192 480 0.4 1
Node 41 27 24.6982
Pkt 300 750 0.4 1
Pkt 320 800 0.4 1
Node 26 71 31.8904
Pkt 60 150 0.4 1
Pkt 60 150 0.4 1
Node 52 30 20.0998
Pkt 120 300 0.4 1
Pkt 128 320 0.4 1
Node 38 55 13
Pkt 300 750 0.4 1
Pkt 300 750 0.4 1
Rate:800
==========
==========73
6 0 2 24000
Node 31 42 20.6155
Pkt 40 100 0.4 1
Pkt 100 250 0.4 1
Node 73 40 25.0799
Pkt 150 375 0.4 1
Pkt 128 320 0.4 1
Node 50 64 14
Pkt 320 800 0.4 1
Pkt 300 750 0.4 1
Node 38 40 15.6205
Pkt 64 160 0.4 1
Pkt 64 160 0.4 1
Node 62 73 25.9422
Pkt 120 300 0.4 1
Pkt 120 300 0.4 1
Node 29 30 29
Pkt 300 750 0.4 1
Pkt 320 800 0.4 1
Rate:800
==========
==========74
6 0 2 24000
Node 73 42 24.3516
Pkt 100 250 0.4 1
Pkt 60 150 0.4 1
Node 72 58 23.4094
Pkt 128 320 0.4 1
Pkt 192 480 0.4 1
Node 28 59 23.7697
Pkt 300 750 0.4 1
Pkt 300 750 0.4 1
Node 25 32 30.8058
Pkt 48 120 0.4 1
Pkt 60 150 0.4 1
Node 71 49 21.0238
Pkt 120 300 0.4 1
Pkt 128 320 0.4 1
Node 67 57 18.3848
Pkt 300 750 0.4 1
Pkt 320 800 0.4 1
Rate:800
==========
==========75
6 0 2 24000
Node 73 38 25.9422
Pkt 48 120 0.4 1
Pkt 60 150 0.4 1
Node 74 29 31.8904
Pkt 150 375 0.4 1
Pkt 150 375 0.4 1
Node 42 53 8.544
Pkt 300 750 0.4 1
Pkt 300 750 0.4 1
Node 66 35 21.9317
Pkt 96 240 0.4 1
Pkt 60 150 0.4 1
Node 34 54 16.4924
Pkt 150 375 0.4 1
Pkt 192 480 0.4 1
Node 32 40 20.5913
Pkt 300 750 0.4 1
Pkt 300 750 0.4 1
Rate:800
==========
==========76
6 0 2 24000
Node 52 36 14.1421
Pkt 100 250 0.4 1
Pkt 80 200 0.4 1
Node 70 49 20.025
Pkt 120 300 0.4 1
Pkt 120 300 0.4 1
Node 59 47 9.48683
Pkt 300 750 0.4 1
Pkt 300 750 0.4 1
Node 31 66 24.8395
Pkt 40 100 0.4 1
Pkt 60 150 0.4 1
Node 38 28 25.0599
Pkt 150 375 0.4 1
Pkt 192 480 0.4 1
Node 67 62 20.8087
Pkt 300 750 0.4 1
Pkt 320 800 0.4 1
Rate:800
==========
==========77
6 0 2 24000
Node 60 50 10
Pkt 48 120 0.4 1
Pkt 96 240 0.4 1
Node 49 43 7.07107
Pkt 150 375 0.4 1
Pkt 120 300 0.4 1
Node 48 45 5.38516
Pkt 300 750 0.4 1
Pkt 300 750 0.4 1
Node 64 61 17.8045
Pkt 60 150 0.4 1
Pkt 48 120 0.4 1
Node 28 55 22.561
Pkt 120 300 0.4 1
Pkt 150 375 0.4 1
Node 50 32 18
Pkt 300 750 0.4 1
Pkt 320 800 0.4 1
Rate:800
==========
==========78
6 0 2 24000
Node 55 58 9.43398
Pkt 48 120 0.4 1
Pkt 80 200 0.4 1
Node 26 70 31.241
Pkt 192 480 0.4 1
Pkt 192 480 0.4 1
Node 32 59 20.1246
Pkt 320 800 0.4 1
Pkt 320 800 0.4 1
Node 61 49 11.0454
Pkt 100 250 0.4 1
Pkt 96 240 0.4 1
Node 34 44 17.088
Pkt 150 375 0.4 1
Pkt 150 375 0.4 1
Node 71 54 21.3776
Pkt 300 750 0.4 1
Pkt 320 800 0.4 1
Rate:800
==========
==========79
6 0 2 24000
Node 26 55 24.5153
Pkt 50 125 0.4 1
Pkt 96 240 0.4 1
Node 37 25 28.178
Pkt 120 300 0.4 1
Pkt 128 320 0.4 1
Node 33 59 19.2354
Pkt 320 800 0.4 1
Pkt 300 750 0.4 1
Node 38 35 19.2094
Pkt 50 125 0.4 1
Pkt 60 150 0.4 1
Node 40 67 19.7231
Pkt 128 320 0.4 1
Pkt 128 320 0.4 1
Node 73 48 23.0868
Pkt 300 750 0.4 1
Pkt 300 750 0.4 1
Rate:800
==========
==========80
6 0 2 24000
Node 49 71 21.0238
Pkt 100 250 0.4 1
Pkt 60 150 0.4 1
Node 67 60 19.7231
Pkt 120 300 0.4 1
Pkt 160 400 0.4 1
Node 54 31 19.4165
Pkt 320 800 0.4 1
Pkt 320 800 0.4 1
Node 28 55 22.561
Pkt 80 200 0.4 1
Pkt 64 160 0.4 1
Node 44 74 24.7386
Pkt 120 300 0.4 1
Pkt 150 375 0.4 1
Node 67 36 22.0227
Pkt 300 750 0.4 1
Pkt 300 750 0.4 1
Rate:800
==========
==========81
6 0 2 24000
Node 72 71 30.4138
Pkt 60 150 0.4 1
Pkt 96 240 0.4 1
Node 53 29 21.2132
Pkt 192 480 0.4 1
Pkt 160 400 0.4 1
Node 62 53 12.3693
Pkt 320 800 0.4 1
Pkt 320 800 0.4 1
Node 46 25 25.318
Pkt 77 192 0.401042 1
Pkt 60 150 0.4 1
Node 70 29 29
Pkt 120 300 0.4 1
Pkt 192 480 0.4 1
Node 56 51 6.08276
Pkt 320 800 0.4 1
Pkt 320 800 0.4 1
Rate:800.174
==========
==========82
6 0 2 24000
Node 68 27 29.2062
Pkt 40 100 0.4 1
Pkt 80 200 0.4 1
Node 39 73 25.4951
Pkt 192 480 0.4 1
Pkt 128 320 0.4 1
Node 56 66 17.088
Pkt 300 750 0.4 1
Pkt 300 750 0.4 1
Node 62 71 24.1868
Pkt 100 250 0.4 1
Pkt 60 150 0.4 1
Node 48 63 13.1529
Pkt 160 400 0.4 1
Pkt 120 300 0.4 1
Node 39 44 12.53
Pkt 300 750 0.4 1
Pkt 300 750 0.4 1
Rate:800
==========
==========83
6 0 2 24000
Node 40 70 22.3607
Pkt 40 100 0.4 1
Pkt 60 150 0.4 1
Node 32 60 20.5913
Pkt 192 480 0.4 1
Pkt 192 480 0.4 1
Node 31 71 28.3196
Pkt 300 750 0.4 1
Pkt 320 800 0.4 1
Node 60 67 19.7231
Pkt 50 125 0.4 1
Pkt 96 240 0.4 1
Node 60 26 26
Pkt 120 300 0.4 1
Pkt 160 400 0.4 1
Node 41 49 9.05539
Pkt 300 750 0.4 1
Pkt 300 750 0.4 1
Rate:800
==========
==========84
6 0 2 24000
Node 74 36 27.7849
Pkt 50 125 0.4 1
Pkt 48 120 0.4 1
Node 32 34 24.0832
Pkt 128 320 0.4 1
Pkt 120 300 0.4 1
Node 56 47 6.7082
Pkt 320 800 0.4 1
Pkt 320 800 0.4 1
Node 36 38 18.4391
Pkt 64 160 0.4 1
Pkt 96 240 0.4 1
Node 52 70 20.0998
Pkt 192 480 0.4 1
Pkt 150 375 0.4 1
Node 38 50 12
Pkt 300 750 0.4 1
Pkt 320 800 0.4 1
Rate:800
==========
==========85
6 0 2 24000
Node 67 36 22.0227
Pkt 100 250 0.4 1
Pkt 48 120 0.4 1
Node 74 53 24.1868
Pkt 192 480 0.4 1
Pkt 192 480 0.4 1
Node 45 63 13.9284
Pkt 320 800 0.4 1
Pkt 320 800 0.4 1
Node 63 59 15.8114
Pkt 80 200 0.4 1
Pkt 77 192 0.401042 1
Node 38 28 25.0599
Pkt 120 300 0.4 1
Pkt 120 300 0.4 1
Node 49 65 15.0333
Pkt 300 750 0.4 1
Pkt 300 750 0.4 1
Rate:800.174
==========
==========86
6 0 2 24000
Node 62 38 16.9706
Pkt 64 160 0.4 1
Pkt 96 240 0.4 1
Node 52 28 22.0907
Pkt 120 300 0.4 1
Pkt 150 375 0.4 1
Node 49 71 21.0238
Pkt 320 800 0.4 1
Pkt 300 750 0.4 1
Node 54 64 14.5602
Pkt 64 160 0.4 1
Pkt 60 150 0.4 1
Node 61 56 12.53
Pkt 160 400 0.4 1
Pkt 150 375 0.4 1
Node 33 35 22.6716
Pkt 300 750 0.4 1
Pkt 320 800 0.4 1
Rate:800
==========
==========87
6 0 2 24000
Node 51 67 17.0294
Pkt 96 240 0.4 1
Pkt 48 120 0.4 1
Node 44 68 18.9737
Pkt 160 400 0.4 1
Pkt 120 300 0.4 1
Node 65 65 21.2132
Pkt 320 800 0.4 1
Pkt 320 800 0.4 1
Node 29 27 31.1448
Pkt 100 250 0.4 1
Pkt 64 160 0.4 1
Node 41 59 12.7279
Pkt 192 480 0.4 1
Pkt 160 400 0.4 1
Node 69 63 23.0217
Pkt 320 800 0.4 1
Pkt 300 750 0.4 1
Rate:800
==========
==========88
6 0 2 24000
Node 30 44 20.8806
Pkt 100 250 0.4 1
Pkt 40 100 0.4 1
Node 50 49 1
Pkt 120 300 0.4 1
Pkt 150 375 0.4 1
Node 72 44 22.8035
Pkt 300 750 0.4 1
Pkt 300 750 0.4 1
Node 35 27 27.4591
Pkt 40 100 0.4 1
Pkt 50 125 0.4 1
Node 63 27 26.4197
Pkt 150 375 0.4 1
Pkt 160 400 0.4 1
Node 54 31 19.4165
Pkt 300 750 0.4 1
Pkt 300 750 0.4 1
Rate:800
==========
==========89
6 0 2 24000
Node 52 25 25.0799
Pkt 77 192 0.401042 1
Pkt 50 125 0.4 1
Node 47 27 23.1948
Pkt 120 300 0.4 1
Pkt 128 320 0.4 1
Node 41 70 21.9317
Pkt 320 800 0.4 1
Pkt 320 800 0.4 1
Node 69 61 21.9545
Pkt 40 100 0.4 1
Pkt 60 150 0.4 1
Node 45 58 9.43398
Pkt 128 320 0.4 1
Pkt 160 400 0.4 1
Node 65 67 22.6716
Pkt 300 750 0.4 1
Pkt 300 750 0.4 1
Rate:800.174
==========
==========90
6 0 2 24000
Node 55 61 12.083
Pkt 60 150 0.4 1
Pkt 100 250 0.4 1
Node 34 68 24.0832
Pkt 120 300 0.4 1
Pkt 120 300 0.4 1
Node 38 41 15
Pkt 300 750 0.4 1
Pkt 320 800 0.4 1
Node 36 68 22.8035
Pkt 40 100 0.4 1
Pkt 48 120 0.4 1
Node 39 66 19.4165
Pkt 192 480 0.4 1
Pkt 192 480 0.4 1
Node 63 74 27.2947
Pkt 300 750 0.4 1
Pkt 300 750 0.4 1
Rate:800
==========
==========91
6 0 2 24000
Node 52 33 17.1172
Pkt 50 125 0.4 1
Pkt 60 150 0.4 1
Node 51 49 1.41421
Pkt 160 400 0.4 1
Pkt 128 320 0.4 1
Node 54 69 19.4165
Pkt 300 750 0.4 1
Pkt 300 750 0.4 1
Node 47 66 16.2788
Pkt 60 150 0.4 1
Pkt 50 125 0.4 1
Node 41 40 13.4536
Pkt 160 400 0.4 1
Pkt 160 400 0.4 1
Node 39 62 16.2788
Pkt 300 750 0.4 1
Pkt 300 750 0.4 1
Rate:800
==========
==========92
6 0 2 24000
Node 73 62 25.9422
Pkt 40 100 0.4 1
Pkt 96 240 0.4 1
Node 70 68 26.9072
Pkt 192 480 0.4 1
Pkt 150 375 0.4 1
Node 36 26 27.7849
Pkt 300 750 0.4 1
Pkt 320 800 0.4 1
Node 31 51 19.0263
Pkt 40 100 0.4 1
Pkt 64 160 0.4 1
Node 29 46 21.3776
Pkt 120 300 0.4 1
Pkt 192 480 0.4 1
Node 59 40 13.4536
Pkt 300 750 0.4 1
Pkt 320 800 0.4 1
Rate:800
==========
==========93
6 0 2 24000
Node 68 29 27.6586
Pkt 64 160 0.4 1
Pkt 80 200 0.4 1
Node 45 48 5.38516
Pkt 160 400 0.4 1
Pkt 150 375 0.4 1
Node 58 39 13.6015
Pkt 320 800 0.4 1
Pkt 320 800 0.4 1
Node 46 47 5
Pkt 60 150 0.4 1
Pkt 48 120 0.4 1
Node 74 65 28.3019
Pkt 160 400 0.4 1
Pkt 120 300 0.4 1
Node 27 61 25.4951
Pkt 300 750 0.4 1
Pkt 300 750 0.4 1
Rate:800
==========
==========94
6 0 2 24000
Node 56 44 8.48528
Pkt 48 120 0.4 1
Pkt 77 192 0.401042 1
Node 26 64 27.7849
Pkt 192 480 0.4 1
Pkt 192 480 0.4 1
Node 62 71 24.1868
Pkt 320 800 0.4 1
Pkt 300 750 0.4 1
Node 55 68 18.6815
Pkt 50 125 0.4 1
Pkt 48 120 0.4 1
Node 67 42 18.7883
Pkt 192 480 0.4 1
Pkt 150 375 0.4 1
Node 66 64 21.2603
Pkt 300 750 0.4 1
Pkt 320 800 0.4 1
Rate:800.174
==========
==========95
6 0 2 24000
Node 73 55 23.5372
Pkt 48 120 0.4 1
Pkt 40 100 0.4 1
Node 40 43 12.2066
Pkt 128 320 0.4 1
Pkt 120 300 0.4 1
Node 67 63 21.4009
Pkt 320 800 0.4 1
Pkt 300 750 0.4 1
Node 73 37 26.4197
Pkt 50 125 0.4 1
Pkt 50 125 0.4 1
Node 70 54 20.3961
Pkt 150 375 0.4 1
Pkt 150 375 0.4 1
Node 65 37 19.8494
Pkt 300 750 0.4 1
Pkt 300 750 0.4 1
Rate:800
==========
==========96
6 0 2 24000
Node 63 43 14.7648
Pkt 100 250 0.4 1
Pkt 40 100 0.4 1
Node 41 65 17.4929
Pkt 192 480 0.4 1
Pkt 120 300 0.4 1
Node 39 64 17.8045
Pkt 320 800 0.4 1
Pkt 320 800 0.4 1
Node 53 46 5
Pkt 77 192 0.401042 1
Pkt 40 100 0.4 1
Node 69 62 22.4722
Pkt 150 375 0.4 1
Pkt 192 480 0.4 1
Node 64 74 27.7849
Pkt 300 750 0.4 1
Pkt 320 800 0.4 1
Rate:800.174
==========
==========97
6 0 2 24000
Node 61 56 12.53
Pkt 48 120 0.4 1
Pkt 96 240 0.4 1
Node 69 60 21.4709
Pkt 192 480 0.4 1
Pkt 192 480 0.4 1
Node 27 36 26.9258
Pkt 320 800 0.4 1
Pkt 300 750 0.4 1
Node 54 47 5
Pkt 40 100 0.4 1
Pkt 64 160 0.4 1
Node 46 45 6.40312
Pkt 128 320 0.4 1
Pkt 128 320 0.4 1
Node 67 54 17.4642
Pkt 300 750 0.4 1
Pkt 300 750 0.4 1
Rate:800
==========
==========98
6 0 2 24000
Node 27 33 28.6007
Pkt 96 240 0.4 1
Pkt 80 200 0.4 1
Node 45 68 18.6815
Pkt 150 375 0.4 1
Pkt 150 375 0.4 1
Node 32 56 18.9737
Pkt 320 800 0.4 1
Pkt 300 750 0.4 1
Node 62 69 22.4722
Pkt 50 125 0.4 1
Pkt 96 240 0.4 1
Node 52 30 20.0998
Pkt 192 480 0.4 1
Pkt 160 400 0.4 1
Node 40 41 13.4536
Pkt 320 800 0.4 1
Pkt 320 800 0.4 1
Rate:800
==========
==========99
