6 0 2 24000
Node 37 73 26.4197
Pkt 58 192 0.302083 1
Pkt 75 250 0.3 1
Node 67 45 17.72
Pkt 144 480 0.3 1
Pkt 120 400 0.3 1
Node 72 58 23.4094
Pkt 240 800 0.3 1
Pkt 240 800 0.3 1
Node 62 37 17.6918
Pkt 72 240 0.3 1
Pkt 60 200 0.3 1
Node 44 47 6.7082
Pkt 120 400 0.3 1
Pkt 90 300 0.3 1
Node 47 31 19.2354
Pkt 240 800 0.3 1
Pkt 225 750 0.3 1
Rate:600.347
==========
==========0
6 0 2 24000
Node 47 51 3.16228
Pkt 36 120 0.3 1
Pkt 30 100 0.3 1
Node 72 52 22.0907
Pkt 90 300 0.3 1
Pkt 96 320 0.3 1
Node 71 51 21.0238
Pkt 225 750 0.3 1
Pkt 225 750 0.3 1
Node 56 44 8.48528
Pkt 36 120 0.3 1
Pkt 36 120 0.3 1
Node 38 39 16.2788
Pkt 120 400 0.3 1
Pkt 96 320 0.3 1
Node 45 26 24.5153
Pkt 240 800 0.3 1
Pkt 225 750 0.3 1
Rate:600
==========
==========1
6 0 2 24000
Node 63 52 13.1529
Pkt 58 192 0.302083 1
Pkt 72 240 0.3 1
Node 50 63 13
Pkt 113 375 0.301333 1
Pkt 96 320 0.3 1
Node 51 47 3.16228
Pkt 225 750 0.3 1
Pkt 240 800 0.3 1
Node 63 67 21.4009
Pkt 48 160 0.3 1
Pkt 48 160 0.3 1
Node 64 33 22.0227
Pkt 113 375 0.301333 1
Pkt 120 400 0.3 1
Node 62 29 24.1868
Pkt 225 750 0.3 1
Pkt 240 800 0.3 1
Rate:600.792
==========
==========2
6 0 2 24000
Node 51 37 13.0384
Pkt 60 200 0.3 1
Pkt 58 192 0.302083 1
Node 51 49 1.41421
Pkt 144 480 0.3 1
Pkt 144 480 0.3 1
Node 38 57 13.8924
Pkt 225 750 0.3 1
Pkt 240 800 0.3 1
Node 57 70 21.1896
Pkt 48 160 0.3 1
Pkt 60 200 0.3 1
Node 63 51 13.0384
Pkt 144 480 0.3 1
Pkt 96 320 0.3 1
Node 52 65 15.1327
Pkt 240 800 0.3 1
Pkt 225 750 0.3 1
Rate:600.347
==========
==========3
6 0 2 24000
Node 63 35 19.8494
Pkt 60 200 0.3 1
Pkt 48 160 0.3 1
Node 40 73 25.0799
Pkt 144 480 0.3 1
Pkt 90 300 0.3 1
Node 48 63 13.1529
Pkt 225 750 0.3 1
Pkt 240 800 0.3 1
Node 69 59 21.0238
Pkt 30 100 0.3 1
Pkt 48 160 0.3 1
Node 47 30 20.2237
Pkt 144 480 0.3 1
Pkt 144 480 0.3 1
Node 64 41 16.6433
Pkt 240 800 0.3 1
Pkt 225 750 0.3 1
Rate:600
==========
==========4
6 0 2 24000
Node 71 74 31.8904
Pkt 58 192 0.302083 1
Pkt 36 120 0.3 1
Node 51 37 13.0384
Pkt 120 400 0.3 1
Pkt 96 320 0.3 1
Node 37 50 13
Pkt 225 750 0.3 1
Pkt 240 800 0.3 1
Node 46 37 13.6015
Pkt 45 150 0.3 1
Pkt 60 200 0.3 1
Node 49 27 23.0217
Pkt 120 400 0.3 1
Pkt 90 300 0.3 1
Node 53 25 25.1794
Pkt 240 800 0.3 1
Pkt 240 800 0.3 1
Rate:600.347
==========
==========5
6 0 2 24000
Node 44 29 21.8403
Pkt 58 192 0.302083 1
Pkt 38 125 0.304 1
Node 45 30 20.6155
Pkt 96 320 0.3 1
Pkt 90 300 0.3 1
Node 28 32 28.4253
Pkt 240 800 0.3 1
Pkt 225 750 0.3 1
Node 55 34 16.7631
Pkt 30 100 0.3 1
Pkt 38 125 0.304 1
Node 59 49 9.05539
Pkt 113 375 0.301333 1
Pkt 120 400 0.3 1
Node 29 40 23.2594
Pkt 225 750 0.3 1
Pkt 240 800 0.3 1
Rate:601.903
==========
==========6
6 0 2 24000
Node 27 70 30.4795
Pkt 36 120 0.3 1
Pkt 38 125 0.304 1
Node 68 40 20.5913
Pkt 113 375 0.301333 1
Pkt 120 400 0.3 1
Node 27 56 23.7697
Pkt 240 800 0.3 1
Pkt 240 800 0.3 1
Node 48 36 14.1421
Pkt 45 150 0.3 1
Pkt 38 125 0.304 1
Node 53 35 15.2971
Pkt 120 400 0.3 1
Pkt 90 300 0.3 1
Node 27 62 25.9422
Pkt 240 800 0.3 1
Pkt 240 800 0.3 1
Rate:601.556
==========
==========7
6 0 2 24000
Node 39 66 19.4165
Pkt 30 100 0.3 1
Pkt 58 192 0.302083 1
Node 28 59 23.7697
Pkt 120 400 0.3 1
Pkt 96 320 0.3 1
Node 31 42 20.6155
Pkt 225 750 0.3 1
Pkt 225 750 0.3 1
Node 53 39 11.4018
Pkt 30 100 0.3 1
Pkt 36 120 0.3 1
Node 30 25 32.0156
Pkt 144 480 0.3 1
Pkt 90 300 0.3 1
Node 57 41 11.4018
Pkt 225 750 0.3 1
Pkt 240 800 0.3 1
Rate:600.347
==========
==========8
6 0 2 24000
Node 73 49 23.0217
Pkt 75 250 0.3 1
Pkt 36 120 0.3 1
Node 31 28 29.0689
Pkt 90 300 0.3 1
Pkt 120 400 0.3 1
Node 53 57 7.61577
Pkt 240 800 0.3 1
Pkt 225 750 0.3 1
Node 43 74 25
Pkt 60 200 0.3 1
Pkt 30 100 0.3 1
Node 71 56 21.8403
Pkt 90 300 0.3 1
Pkt 144 480 0.3 1
Node 43 50 7
Pkt 240 800 0.3 1
Pkt 240 800 0.3 1
Rate:600
==========
==========9
6 0 2 24000
Node 48 49 2.23607
Pkt 36 120 0.3 1
Pkt 75 250 0.3 1
Node 54 69 19.4165
Pkt 144 480 0.3 1
Pkt 144 480 0.3 1
Node 39 59 14.2127
Pkt 240 800 0.3 1
Pkt 240 800 0.3 1
Node 32 29 27.6586
Pkt 60 200 0.3 1
Pkt 38 125 0.304 1
Node 37 53 13.3417
Pkt 144 480 0.3 1
Pkt 96 320 0.3 1
Node 64 36 19.799
Pkt 225 750 0.3 1
Pkt 225 750 0.3 1
Rate:600.667
==========
==========10
6 0 2 24000
Node 41 72 23.7697
Pkt 38 125 0.304 1
Pkt 72 240 0.3 1
Node 67 34 23.3452
Pkt 113 375 0.301333 1
Pkt 96 320 0.3 1
Node 60 31 21.4709
Pkt 225 750 0.3 1
Pkt 240 800 0.3 1
Node 38 32 21.6333
Pkt 30 100 0.3 1
Pkt 48 160 0.3 1
Node 34 49 16.0312
Pkt 144 480 0.3 1
Pkt 120 400 0.3 1
Node 36 70 24.4131
Pkt 225 750 0.3 1
Pkt 225 750 0.3 1
Rate:600.889
==========
==========11
6 0 2 24000
Node 60 34 18.868
Pkt 38 125 0.304 1
Pkt 72 240 0.3 1
Node 34 31 24.8395
Pkt 90 300 0.3 1
Pkt 96 320 0.3 1
Node 74 27 33.2415
Pkt 240 800 0.3 1
Pkt 225 750 0.3 1
Node 27 69 29.8329
Pkt 36 120 0.3 1
Pkt 36 120 0.3 1
Node 62 73 25.9422
Pkt 90 300 0.3 1
Pkt 113 375 0.301333 1
Node 47 55 5.83095
Pkt 225 750 0.3 1
Pkt 225 750 0.3 1
Rate:600.889
==========
==========12
6 0 2 24000
Node 34 62 20
Pkt 75 250 0.3 1
Pkt 36 120 0.3 1
Node 74 46 24.3311
Pkt 90 300 0.3 1
Pkt 90 300 0.3 1
Node 27 26 33.2415
Pkt 240 800 0.3 1
Pkt 240 800 0.3 1
Node 37 65 19.8494
Pkt 45 150 0.3 1
Pkt 38 125 0.304 1
Node 27 48 23.0868
Pkt 144 480 0.3 1
Pkt 96 320 0.3 1
Node 32 51 18.0278
Pkt 225 750 0.3 1
Pkt 240 800 0.3 1
Rate:600.667
==========
==========13
6 0 2 24000
Node 38 55 13
Pkt 30 100 0.3 1
Pkt 38 125 0.304 1
Node 51 73 23.0217
Pkt 144 480 0.3 1
Pkt 96 320 0.3 1
Node 62 37 17.6918
Pkt 240 800 0.3 1
Pkt 225 750 0.3 1
Node 27 31 29.8329
Pkt 75 250 0.3 1
Pkt 48 160 0.3 1
Node 43 49 7.07107
Pkt 113 375 0.301333 1
Pkt 90 300 0.3 1
Node 55 28 22.561
Pkt 240 800 0.3 1
Pkt 240 800 0.3 1
Rate:600.889
==========
==========14
6 0 2 24000
Node 34 40 18.868
Pkt 30 100 0.3 1
Pkt 36 120 0.3 1
Node 33 66 23.3452
Pkt 113 375 0.301333 1
Pkt 96 320 0.3 1
Node 72 62 25.0599
Pkt 225 750 0.3 1
Pkt 240 800 0.3 1
Node 66 69 24.8395
Pkt 38 125 0.304 1
Pkt 45 150 0.3 1
Node 54 48 4.47214
Pkt 144 480 0.3 1
Pkt 120 400 0.3 1
Node 50 66 16
Pkt 240 800 0.3 1
Pkt 225 750 0.3 1
Rate:600.889
==========
==========15
6 0 2 24000
Node 55 27 23.5372
Pkt 38 125 0.304 1
Pkt 75 250 0.3 1
Node 36 59 16.6433
Pkt 120 400 0.3 1
Pkt 144 480 0.3 1
Node 33 53 17.2627
Pkt 240 800 0.3 1
Pkt 240 800 0.3 1
Node 66 34 22.6274
Pkt 36 120 0.3 1
Pkt 36 120 0.3 1
Node 60 66 18.868
Pkt 96 320 0.3 1
Pkt 120 400 0.3 1
Node 28 37 25.5539
Pkt 240 800 0.3 1
Pkt 240 800 0.3 1
Rate:600.667
==========
==========16
6 0 2 24000
Node 72 37 25.5539
Pkt 48 160 0.3 1
Pkt 36 120 0.3 1
Node 26 71 31.8904
Pkt 113 375 0.301333 1
Pkt 90 300 0.3 1
Node 55 70 20.6155
Pkt 240 800 0.3 1
Pkt 225 750 0.3 1
Node 72 56 22.8035
Pkt 72 240 0.3 1
Pkt 48 160 0.3 1
Node 30 38 23.3238
Pkt 90 300 0.3 1
Pkt 96 320 0.3 1
Node 71 38 24.1868
Pkt 240 800 0.3 1
Pkt 225 750 0.3 1
Rate:600.222
==========
==========17
6 0 2 24000
Node 71 38 24.1868
Pkt 38 125 0.304 1
Pkt 75 250 0.3 1
Node 72 43 23.0868
Pkt 144 480 0.3 1
Pkt 96 320 0.3 1
Node 62 31 22.4722
Pkt 225 750 0.3 1
Pkt 240 800 0.3 1
Node 48 44 6.32456
Pkt 72 240 0.3 1
Pkt 72 240 0.3 1
Node 67 31 25.4951
Pkt 144 480 0.3 1
Pkt 144 480 0.3 1
Node 45 48 5.38516
Pkt 240 800 0.3 1
Pkt 225 750 0.3 1
Rate:600.667
==========
==========18
6 0 2 24000
Node 27 32 29.2062
Pkt 75 250 0.3 1
Pkt 75 250 0.3 1
Node 44 29 21.8403
Pkt 120 400 0.3 1
Pkt 90 300 0.3 1
Node 54 37 13.6015
Pkt 240 800 0.3 1
Pkt 240 800 0.3 1
Node 67 64 22.0227
Pkt 60 200 0.3 1
Pkt 36 120 0.3 1
Node 51 40 10.0499
Pkt 113 375 0.301333 1
Pkt 90 300 0.3 1
Node 54 50 4
Pkt 225 750 0.3 1
Pkt 240 800 0.3 1
Rate:600.222
==========
==========19
6 0 2 24000
Node 25 31 31.4006
Pkt 72 240 0.3 1
Pkt 38 125 0.304 1
Node 63 51 13.0384
Pkt 120 400 0.3 1
Pkt 120 400 0.3 1
Node 61 55 12.083
Pkt 225 750 0.3 1
Pkt 240 800 0.3 1
Node 45 35 15.8114
Pkt 72 240 0.3 1
Pkt 30 100 0.3 1
Node 66 50 16
Pkt 144 480 0.3 1
Pkt 96 320 0.3 1
Node 43 60 12.2066
Pkt 240 800 0.3 1
Pkt 240 800 0.3 1
Rate:600.667
==========
==========20
6 0 2 24000
Node 26 27 33.2415
Pkt 60 200 0.3 1
Pkt 72 240 0.3 1
Node 53 32 18.2483
Pkt 90 300 0.3 1
Pkt 90 300 0.3 1
Node 58 45 9.43398
Pkt 225 750 0.3 1
Pkt 240 800 0.3 1
Node 28 64 26.0768
Pkt 75 250 0.3 1
Pkt 30 100 0.3 1
Node 38 42 14.4222
Pkt 96 320 0.3 1
Pkt 113 375 0.301333 1
Node 50 25 25
Pkt 225 750 0.3 1
Pkt 240 800 0.3 1
Rate:600.222
==========
==========21
6 0 2 24000
Node 39 47 11.4018
Pkt 36 120 0.3 1
Pkt 48 160 0.3 1
Node 70 64 24.4131
Pkt 96 320 0.3 1
Pkt 144 480 0.3 1
Node 63 49 13.0384
Pkt 240 800 0.3 1
Pkt 225 750 0.3 1
Node 30 68 26.9072
Pkt 72 240 0.3 1
Pkt 48 160 0.3 1
Node 46 58 8.94427
Pkt 144 480 0.3 1
Pkt 144 480 0.3 1
Node 38 59 15
Pkt 240 800 0.3 1
Pkt 225 750 0.3 1
Rate:600
==========
==========22
6 0 2 24000
Node 70 34 25.6125
Pkt 45 150 0.3 1
Pkt 45 150 0.3 1
Node 44 34 17.088
Pkt 90 300 0.3 1
Pkt 90 300 0.3 1
Node 29 39 23.7065
Pkt 240 800 0.3 1
Pkt 225 750 0.3 1
Node 62 46 12.6491
Pkt 75 250 0.3 1
Pkt 45 150 0.3 1
Node 30 47 20.2237
Pkt 144 480 0.3 1
Pkt 120 400 0.3 1
Node 72 33 27.8029
Pkt 240 800 0.3 1
Pkt 240 800 0.3 1
Rate:600
==========
==========23
6 0 2 24000
Node 53 47 4.24264
Pkt 75 250 0.3 1
Pkt 30 100 0.3 1
Node 29 36 25.2389
Pkt 113 375 0.301333 1
Pkt 90 300 0.3 1
Node 34 37 20.6155
Pkt 240 800 0.3 1
Pkt 240 800 0.3 1
Node 56 70 20.8806
Pkt 36 120 0.3 1
Pkt 58 192 0.302083 1
Node 41 53 9.48683
Pkt 90 300 0.3 1
Pkt 113 375 0.301333 1
Node 54 61 11.7047
Pkt 240 800 0.3 1
Pkt 225 750 0.3 1
Rate:600.792
==========
==========24
6 0 2 24000
Node 71 52 21.095
Pkt 58 192 0.302083 1
Pkt 36 120 0.3 1
Node 64 32 22.8035
Pkt 96 320 0.3 1
Pkt 90 300 0.3 1
Node 73 34 28.0179
Pkt 225 750 0.3 1
Pkt 240 800 0.3 1
Node 73 43 24.0416
Pkt 45 150 0.3 1
Pkt 38 125 0.304 1
Node 73 25 33.9706
Pkt 120 400 0.3 1
Pkt 113 375 0.301333 1
Node 55 45 7.07107
Pkt 240 800 0.3 1
Pkt 225 750 0.3 1
Rate:601.236
==========
==========25
6 0 2 24000
Node 55 40 11.1803
Pkt 72 240 0.3 1
Pkt 30 100 0.3 1
Node 55 46 6.40312
Pkt 120 400 0.3 1
Pkt 96 320 0.3 1
Node 68 38 21.6333
Pkt 225 750 0.3 1
Pkt 225 750 0.3 1
Node 25 39 27.313
Pkt 58 192 0.302083 1
Pkt 38 125 0.304 1
Node 48 45 5.38516
Pkt 120 400 0.3 1
Pkt 96 320 0.3 1
Node 60 26 26
Pkt 225 750 0.3 1
Pkt 240 800 0.3 1
Rate:601.014
==========
==========26
6 0 2 24000
Node 59 29 22.8473
Pkt 48 160 0.3 1
Pkt 75 250 0.3 1
Node 28 60 24.1661
Pkt 144 480 0.3 1
Pkt 90 300 0.3 1
Node 53 33 17.2627
Pkt 225 750 0.3 1
Pkt 225 750 0.3 1
Node 72 27 31.8277
Pkt 36 120 0.3 1
Pkt 38 125 0.304 1
Node 59 47 9.48683
Pkt 96 320 0.3 1
Pkt 144 480 0.3 1
Node 25 48 25.0799
Pkt 240 800 0.3 1
Pkt 225 750 0.3 1
Rate:600.667
==========
==========27
6 0 2 24000
Node 36 72 26.0768
Pkt 36 120 0.3 1
Pkt 60 200 0.3 1
Node 54 61 11.7047
Pkt 120 400 0.3 1
Pkt 90 300 0.3 1
Node 63 28 25.5539
Pkt 225 750 0.3 1
Pkt 225 750 0.3 1
Node 57 70 21.1896
Pkt 38 125 0.304 1
Pkt 38 125 0.304 1
Node 70 45 20.6155
Pkt 96 320 0.3 1
Pkt 120 400 0.3 1
Node 71 73 31.1448
Pkt 225 750 0.3 1
Pkt 225 750 0.3 1
Rate:601.333
==========
==========28
6 0 2 24000
Node 64 59 16.6433
Pkt 45 150 0.3 1
Pkt 38 125 0.304 1
Node 48 38 12.1655
Pkt 120 400 0.3 1
Pkt 90 300 0.3 1
Node 43 57 9.89949
Pkt 240 800 0.3 1
Pkt 240 800 0.3 1
Node 72 40 24.1661
Pkt 45 150 0.3 1
Pkt 58 192 0.302083 1
Node 50 66 16
Pkt 113 375 0.301333 1
Pkt 96 320 0.3 1
Node 27 47 23.1948
Pkt 240 800 0.3 1
Pkt 225 750 0.3 1
Rate:601.236
==========
==========29
6 0 2 24000
Node 60 54 10.7703
Pkt 30 100 0.3 1
Pkt 30 100 0.3 1
Node 51 28 22.0227
Pkt 96 320 0.3 1
Pkt 90 300 0.3 1
Node 47 66 16.2788
Pkt 240 800 0.3 1
Pkt 240 800 0.3 1
Node 67 60 19.7231
Pkt 75 250 0.3 1
Pkt 36 120 0.3 1
Node 52 26 24.0832
Pkt 90 300 0.3 1
Pkt 113 375 0.301333 1
Node 68 69 26.1725
Pkt 240 800 0.3 1
Pkt 240 800 0.3 1
Rate:600.222
==========
==========30
6 0 2 24000
Node 72 48 22.0907
Pkt 38 125 0.304 1
Pkt 45 150 0.3 1
Node 35 47 15.2971
Pkt 144 480 0.3 1
Pkt 90 300 0.3 1
Node 47 67 17.2627
Pkt 225 750 0.3 1
Pkt 240 800 0.3 1
Node 53 35 15.2971
Pkt 36 120 0.3 1
Pkt 58 192 0.302083 1
Node 42 31 20.6155
Pkt 120 400 0.3 1
Pkt 144 480 0.3 1
Node 67 52 17.1172
Pkt 225 750 0.3 1
Pkt 240 800 0.3 1
Rate:601.014
==========
==========31
6 0 2 24000
Node 47 32 18.2483
Pkt 38 125 0.304 1
Pkt 36 120 0.3 1
Node 71 41 22.8473
Pkt 144 480 0.3 1
Pkt 113 375 0.301333 1
Node 26 37 27.2947
Pkt 225 750 0.3 1
Pkt 225 750 0.3 1
Node 71 33 27.0185
Pkt 48 160 0.3 1
Pkt 36 120 0.3 1
Node 25 41 26.5707
Pkt 113 375 0.301333 1
Pkt 120 400 0.3 1
Node 40 40 14.1421
Pkt 225 750 0.3 1
Pkt 240 800 0.3 1
Rate:601.111
==========
==========32
6 0 2 24000
Node 64 58 16.1245
Pkt 60 200 0.3 1
Pkt 60 200 0.3 1
Node 73 55 23.5372
Pkt 113 375 0.301333 1
Pkt 96 320 0.3 1
Node 50 40 10
Pkt 240 800 0.3 1
Pkt 240 800 0.3 1
Node 68 55 18.6815
Pkt 38 125 0.304 1
Pkt 45 150 0.3 1
Node 59 53 9.48683
Pkt 90 300 0.3 1
Pkt 90 300 0.3 1
Node 74 40 26
Pkt 240 800 0.3 1
Pkt 240 800 0.3 1
Rate:600.889
==========
==========33
6 0 2 24000
Node 36 38 18.4391
Pkt 58 192 0.302083 1
Pkt 30 100 0.3 1
Node 27 51 23.0217
Pkt 144 480 0.3 1
Pkt 144 480 0.3 1
Node 37 39 17.0294
Pkt 240 800 0.3 1
Pkt 225 750 0.3 1
Node 55 50 5
Pkt 45 150 0.3 1
Pkt 36 120 0.3 1
Node 28 63 25.5539
Pkt 120 400 0.3 1
Pkt 144 480 0.3 1
Node 38 64 18.4391
Pkt 240 800 0.3 1
Pkt 240 800 0.3 1
Rate:600.347
==========
==========34
6 0 2 24000
Node 54 46 5.65685
Pkt 45 150 0.3 1
Pkt 60 200 0.3 1
Node 49 74 24.0208
Pkt 144 480 0.3 1
Pkt 90 300 0.3 1
Node 45 46 6.40312
Pkt 225 750 0.3 1
Pkt 225 750 0.3 1
Node 46 60 10.7703
Pkt 38 125 0.304 1
Pkt 60 200 0.3 1
Node 41 65 17.4929
Pkt 144 480 0.3 1
Pkt 90 300 0.3 1
Node 52 27 23.0868
Pkt 240 800 0.3 1
Pkt 240 800 0.3 1
Rate:600.667
==========
==========35
6 0 2 24000
Node 56 27 23.7697
Pkt 30 100 0.3 1
Pkt 48 160 0.3 1
Node 26 74 33.9411
Pkt 113 375 0.301333 1
Pkt 113 375 0.301333 1
Node 35 60 18.0278
Pkt 225 750 0.3 1
Pkt 225 750 0.3 1
Node 57 44 9.21954
Pkt 75 250 0.3 1
Pkt 58 192 0.302083 1
Node 32 29 27.6586
Pkt 120 400 0.3 1
Pkt 120 400 0.3 1
Node 66 57 17.4642
Pkt 225 750 0.3 1
Pkt 240 800 0.3 1
Rate:600.792
==========
==========36
6 0 2 24000
Node 50 55 5
Pkt 48 160 0.3 1
Pkt 38 125 0.304 1
Node 61 46 11.7047
Pkt 90 300 0.3 1
Pkt 90 300 0.3 1
Node 63 44 14.3178
Pkt 240 800 0.3 1
Pkt 225 750 0.3 1
Node 50 58 8
Pkt 36 120 0.3 1
Pkt 48 160 0.3 1
Node 28 38 25.0599
Pkt 144 480 0.3 1
Pkt 113 375 0.301333 1
Node 72 65 26.6271
Pkt 240 800 0.3 1
Pkt 240 800 0.3 1
Rate:600.889
==========
==========37
6 0 2 24000
Node 73 74 33.2415
Pkt 60 200 0.3 1
Pkt 36 120 0.3 1
Node 53 63 13.3417
Pkt 96 320 0.3 1
Pkt 113 375 0.301333 1
Node 40 69 21.4709
Pkt 240 800 0.3 1
Pkt 225 750 0.3 1
Node 60 28 24.1661
Pkt 45 150 0.3 1
Pkt 45 150 0.3 1
Node 63 67 21.4009
Pkt 96 320 0.3 1
Pkt 96 320 0.3 1
Node 53 71 21.2132
Pkt 240 800 0.3 1
Pkt 225 750 0.3 1
Rate:600.222
==========
==========38
6 0 2 24000
Node 31 69 26.8701
Pkt 45 150 0.3 1
Pkt 30 100 0.3 1
Node 26 28 32.5576
Pkt 96 320 0.3 1
Pkt 90 300 0.3 1
Node 47 64 14.3178
Pkt 240 800 0.3 1
Pkt 240 800 0.3 1
Node 57 25 25.9615
Pkt 58 192 0.302083 1
Pkt 45 150 0.3 1
Node 44 59 10.8167
Pkt 90 300 0.3 1
Pkt 120 400 0.3 1
Node 70 29 29
Pkt 225 750 0.3 1
Pkt 225 750 0.3 1
Rate:600.347
==========
==========39
6 0 2 24000
Node 54 39 11.7047
Pkt 75 250 0.3 1
Pkt 75 250 0.3 1
Node 36 59 16.6433
Pkt 144 480 0.3 1
Pkt 144 480 0.3 1
Node 51 31 19.0263
Pkt 225 750 0.3 1
Pkt 240 800 0.3 1
Node 33 57 18.3848
Pkt 45 150 0.3 1
Pkt 75 250 0.3 1
Node 31 74 30.6105
Pkt 144 480 0.3 1
Pkt 120 400 0.3 1
Node 40 49 10.0499
Pkt 225 750 0.3 1
Pkt 225 750 0.3 1
Rate:600
==========
==========40
6 0 2 24000
Node 26 32 30
Pkt 58 192 0.302083 1
Pkt 58 192 0.302083 1
Node 74 25 34.6554
Pkt 144 480 0.3 1
Pkt 120 400 0.3 1
Node 45 46 6.40312
Pkt 225 750 0.3 1
Pkt 240 800 0.3 1
Node 59 34 18.3576
Pkt 75 250 0.3 1
Pkt 45 150 0.3 1
Node 43 38 13.8924
Pkt 90 300 0.3 1
Pkt 144 480 0.3 1
Node 56 32 18.9737
Pkt 240 800 0.3 1
Pkt 240 800 0.3 1
Rate:600.694
==========
==========41
6 0 2 24000
Node 36 52 14.1421
Pkt 48 160 0.3 1
Pkt 75 250 0.3 1
Node 55 69 19.6469
Pkt 113 375 0.301333 1
Pkt 144 480 0.3 1
Node 47 46 5
Pkt 240 800 0.3 1
Pkt 240 800 0.3 1
Node 72 58 23.4094
Pkt 72 240 0.3 1
Pkt 30 100 0.3 1
Node 38 37 17.6918
Pkt 144 480 0.3 1
Pkt 120 400 0.3 1
Node 33 42 18.7883
Pkt 240 800 0.3 1
Pkt 240 800 0.3 1
Rate:600.222
==========
==========42
6 0 2 24000
Node 26 29 31.8904
Pkt 36 120 0.3 1
Pkt 60 200 0.3 1
Node 56 65 16.1555
Pkt 113 375 0.301333 1
Pkt 120 400 0.3 1
Node 30 40 22.3607
Pkt 240 800 0.3 1
Pkt 240 800 0.3 1
Node 65 28 26.6271
Pkt 60 200 0.3 1
Pkt 38 125 0.304 1
Node 39 34 19.4165
Pkt 144 480 0.3 1
Pkt 90 300 0.3 1
Node 41 40 13.4536
Pkt 225 750 0.3 1
Pkt 225 750 0.3 1
Rate:600.889
==========
==========43
6 0 2 24000
Node 66 55 16.7631
Pkt 30 100 0.3 1
Pkt 30 100 0.3 1
Node 43 73 24.0416
Pkt 120 400 0.3 1
Pkt 90 300 0.3 1
Node 26 34 28.8444
Pkt 240 800 0.3 1
Pkt 225 750 0.3 1
Node 35 52 15.1327
Pkt 45 150 0.3 1
Pkt 30 100 0.3 1
Node 51 25 25.02
Pkt 113 375 0.301333 1
Pkt 90 300 0.3 1
Node 73 55 23.5372
Pkt 240 800 0.3 1
Pkt 225 750 0.3 1
Rate:600.222
==========
==========44
6 0 2 24000
Node 39 69 21.9545
Pkt 72 240 0.3 1
Pkt 60 200 0.3 1
Node 26 65 28.3019
Pkt 113 375 0.301333 1
Pkt 90 300 0.3 1
Node 55 55 7.07107
Pkt 225 750 0.3 1
Pkt 225 750 0.3 1
Node 73 58 24.3516
Pkt 30 100 0.3 1
Pkt 30 100 0.3 1
Node 66 26 28.8444
Pkt 96 320 0.3 1
Pkt 144 480 0.3 1
Node 74 49 24.0208
Pkt 225 750 0.3 1
Pkt 240 800 0.3 1
Rate:600.222
==========
==========45
6 0 2 24000
Node 63 41 15.8114
Pkt 45 150 0.3 1
Pkt 75 250 0.3 1
Node 59 32 20.1246
Pkt 90 300 0.3 1
Pkt 113 375 0.301333 1
Node 33 73 28.6007
Pkt 225 750 0.3 1
Pkt 240 800 0.3 1
Node 58 70 21.5407
Pkt 48 160 0.3 1
Pkt 60 200 0.3 1
Node 48 47 3.60555
Pkt 113 375 0.301333 1
Pkt 113 375 0.301333 1
Node 45 50 5
Pkt 225 750 0.3 1
Pkt 225 750 0.3 1
Rate:600.667
==========
==========46
6 0 2 24000
Node 50 48 2
Pkt 48 160 0.3 1
Pkt 36 120 0.3 1
Node 73 54 23.3452
Pkt 96 320 0.3 1
Pkt 144 480 0.3 1
Node 74 58 25.2982
Pkt 225 750 0.3 1
Pkt 225 750 0.3 1
Node 47 61 11.4018
Pkt 72 240 0.3 1
Pkt 30 100 0.3 1
Node 64 58 16.1245
Pkt 144 480 0.3 1
Pkt 144 480 0.3 1
Node 62 70 23.3238
Pkt 240 800 0.3 1
Pkt 225 750 0.3 1
Rate:600
==========
==========47
6 0 2 24000
Node 74 43 25
Pkt 36 120 0.3 1
Pkt 45 150 0.3 1
Node 73 51 23.0217
Pkt 113 375 0.301333 1
Pkt 120 400 0.3 1
Node 63 27 26.4197
Pkt 240 800 0.3 1
Pkt 240 800 0.3 1
Node 68 48 18.1108
Pkt 45 150 0.3 1
Pkt 72 240 0.3 1
Node 61 56 12.53
Pkt 120 400 0.3 1
Pkt 90 300 0.3 1
Node 36 73 26.9258
Pkt 225 750 0.3 1
Pkt 240 800 0.3 1
Rate:600.222
==========
==========48
6 0 2 24000
Node 50 57 7
Pkt 72 240 0.3 1
Pkt 30 100 0.3 1
Node 46 52 4.47214
Pkt 90 300 0.3 1
Pkt 96 320 0.3 1
Node 41 45 10.2956
Pkt 240 800 0.3 1
Pkt 225 750 0.3 1
Node 35 26 28.3019
Pkt 38 125 0.304 1
Pkt 30 100 0.3 1
Node 35 63 19.8494
Pkt 113 375 0.301333 1
Pkt 144 480 0.3 1
Node 64 74 27.7849
Pkt 225 750 0.3 1
Pkt 240 800 0.3 1
Rate:600.889
==========
==========49
6 0 2 24000
Node 66 71 26.4008
Pkt 45 150 0.3 1
Pkt 30 100 0.3 1
Node 47 69 19.2354
Pkt 113 375 0.301333 1
Pkt 144 480 0.3 1
Node 73 30 30.4795
Pkt 225 750 0.3 1
Pkt 240 800 0.3 1
Node 62 25 27.7308
Pkt 36 120 0.3 1
Pkt 72 240 0.3 1
Node 73 25 33.9706
Pkt 113 375 0.301333 1
Pkt 144 480 0.3 1
Node 43 35 16.5529
Pkt 225 750 0.3 1
Pkt 225 750 0.3 1
Rate:600.444
==========
==========50
6 0 2 24000
Node 55 64 14.8661
Pkt 36 120 0.3 1
Pkt 75 250 0.3 1
Node 47 74 24.1868
Pkt 144 480 0.3 1
Pkt 113 375 0.301333 1
Node 59 59 12.7279
Pkt 225 750 0.3 1
Pkt 225 750 0.3 1
Node 30 36 24.4131
Pkt 45 150 0.3 1
Pkt 45 150 0.3 1
Node 33 27 28.6007
Pkt 90 300 0.3 1
Pkt 113 375 0.301333 1
Node 43 67 18.3848
Pkt 240 800 0.3 1
Pkt 240 800 0.3 1
Rate:600.444
==========
==========51
6 0 2 24000
Node 45 68 18.6815
Pkt 45 150 0.3 1
Pkt 72 240 0.3 1
Node 34 56 17.088
Pkt 90 300 0.3 1
Pkt 144 480 0.3 1
Node 37 39 17.0294
Pkt 225 750 0.3 1
Pkt 240 800 0.3 1
Node 44 26 24.7386
Pkt 45 150 0.3 1
Pkt 58 192 0.302083 1
Node 37 53 13.3417
Pkt 120 400 0.3 1
Pkt 144 480 0.3 1
Node 54 60 10.7703
Pkt 240 800 0.3 1
Pkt 225 750 0.3 1
Rate:600.347
==========
==========52
6 0 2 24000
Node 64 35 20.5183
Pkt 30 100 0.3 1
Pkt 30 100 0.3 1
Node 48 29 21.095
Pkt 96 320 0.3 1
Pkt 144 480 0.3 1
Node 36 67 22.0227
Pkt 225 750 0.3 1
Pkt 240 800 0.3 1
Node 49 45 5.09902
Pkt 48 160 0.3 1
Pkt 38 125 0.304 1
Node 31 43 20.2485
Pkt 144 480 0.3 1
Pkt 90 300 0.3 1
Node 60 46 10.7703
Pkt 240 800 0.3 1
Pkt 240 800 0.3 1
Rate:600.667
==========
==========53
6 0 2 24000
Node 48 44 6.32456
Pkt 72 240 0.3 1
Pkt 30 100 0.3 1
Node 47 58 8.544
Pkt 90 300 0.3 1
Pkt 144 480 0.3 1
Node 41 40 13.4536
Pkt 225 750 0.3 1
Pkt 225 750 0.3 1
Node 64 59 16.6433
Pkt 38 125 0.304 1
Pkt 30 100 0.3 1
Node 71 34 26.4008
Pkt 96 320 0.3 1
Pkt 96 320 0.3 1
Node 74 52 24.0832
Pkt 240 800 0.3 1
Pkt 240 800 0.3 1
Rate:600.667
==========
==========54
6 0 2 24000
Node 51 59 9.05539
Pkt 45 150 0.3 1
Pkt 58 192 0.302083 1
Node 52 72 22.0907
Pkt 96 320 0.3 1
Pkt 120 400 0.3 1
Node 67 30 26.2488
Pkt 225 750 0.3 1
Pkt 240 800 0.3 1
Node 33 58 18.7883
Pkt 36 120 0.3 1
Pkt 38 125 0.304 1
Node 28 49 22.0227
Pkt 90 300 0.3 1
Pkt 144 480 0.3 1
Node 52 47 3.60555
Pkt 225 750 0.3 1
Pkt 240 800 0.3 1
Rate:601.014
==========
==========55
6 0 2 24000
Node 58 72 23.4094
Pkt 38 125 0.304 1
Pkt 30 100 0.3 1
Node 65 62 19.2094
Pkt 90 300 0.3 1
Pkt 90 300 0.3 1
Node 25 34 29.6816
Pkt 225 750 0.3 1
Pkt 225 750 0.3 1
Node 74 73 33.2415
Pkt 58 192 0.302083 1
Pkt 60 200 0.3 1
Node 51 52 2.23607
Pkt 120 400 0.3 1
Pkt 113 375 0.301333 1
Node 33 42 18.7883
Pkt 240 800 0.3 1
Pkt 225 750 0.3 1
Rate:601.236
==========
==========56
6 0 2 24000
Node 34 72 27.2029
Pkt 30 100 0.3 1
Pkt 60 200 0.3 1
Node 43 26 25
Pkt 90 300 0.3 1
Pkt 90 300 0.3 1
Node 33 60 19.7231
Pkt 225 750 0.3 1
Pkt 240 800 0.3 1
Node 61 34 19.4165
Pkt 30 100 0.3 1
Pkt 45 150 0.3 1
Node 59 70 21.9317
Pkt 144 480 0.3 1
Pkt 90 300 0.3 1
Node 44 64 15.2315
Pkt 225 750 0.3 1
Pkt 225 750 0.3 1
Rate:600
==========
==========57
6 0 2 24000
Node 39 43 13.0384
Pkt 48 160 0.3 1
Pkt 48 160 0.3 1
Node 28 70 29.7321
Pkt 144 480 0.3 1
Pkt 120 400 0.3 1
Node 49 70 20.025
Pkt 240 800 0.3 1
Pkt 240 800 0.3 1
Node 52 46 4.47214
Pkt 38 125 0.304 1
Pkt 36 120 0.3 1
Node 49 25 25.02
Pkt 144 480 0.3 1
Pkt 96 320 0.3 1
Node 64 68 22.8035
Pkt 240 800 0.3 1
Pkt 225 750 0.3 1
Rate:600.667
==========
==========58
6 0 2 24000
Node 33 49 17.0294
Pkt 45 150 0.3 1
Pkt 45 150 0.3 1
Node 36 32 22.8035
Pkt 113 375 0.301333 1
Pkt 144 480 0.3 1
Node 44 31 19.9249
Pkt 240 800 0.3 1
Pkt 240 800 0.3 1
Node 26 37 27.2947
Pkt 38 125 0.304 1
Pkt 60 200 0.3 1
Node 34 66 22.6274
Pkt 90 300 0.3 1
Pkt 113 375 0.301333 1
Node 47 34 16.2788
Pkt 225 750 0.3 1
Pkt 225 750 0.3 1
Rate:601.111
==========
==========59
6 0 2 24000
Node 33 25 30.2324
Pkt 72 240 0.3 1
Pkt 45 150 0.3 1
Node 57 39 13.0384
Pkt 113 375 0.301333 1
Pkt 96 320 0.3 1
Node 38 63 17.6918
Pkt 225 750 0.3 1
Pkt 225 750 0.3 1
Node 53 50 3
Pkt 30 100 0.3 1
Pkt 30 100 0.3 1
Node 58 65 17
Pkt 144 480 0.3 1
Pkt 144 480 0.3 1
Node 62 63 17.6918
Pkt 240 800 0.3 1
Pkt 240 800 0.3 1
Rate:600.222
==========
==========60
6 0 2 24000
Node 40 43 12.2066
Pkt 36 120 0.3 1
Pkt 45 150 0.3 1
Node 70 71 29
Pkt 96 320 0.3 1
Pkt 90 300 0.3 1
Node 26 52 24.0832
Pkt 225 750 0.3 1
Pkt 240 800 0.3 1
Node 39 62 16.2788
Pkt 38 125 0.304 1
Pkt 45 150 0.3 1
Node 61 36 17.8045
Pkt 120 400 0.3 1
Pkt 120 400 0.3 1
Node 47 50 3
Pkt 240 800 0.3 1
Pkt 240 800 0.3 1
Rate:600.667
==========
==========61
6 0 2 24000
Node 26 67 29.4109
Pkt 45 150 0.3 1
Pkt 38 125 0.304 1
Node 31 64 23.6008
Pkt 113 375 0.301333 1
Pkt 96 320 0.3 1
Node 61 44 12.53
Pkt 240 800 0.3 1
Pkt 225 750 0.3 1
Node 72 57 23.0868
Pkt 60 200 0.3 1
Pkt 58 192 0.302083 1
Node 46 51 4.12311
Pkt 144 480 0.3 1
Pkt 96 320 0.3 1
Node 42 53 8.544
Pkt 225 750 0.3 1
Pkt 225 750 0.3 1
Rate:601.236
==========
==========62
6 0 2 24000
Node 68 33 24.7588
Pkt 60 200 0.3 1
Pkt 72 240 0.3 1
Node 38 30 23.3238
Pkt 90 300 0.3 1
Pkt 113 375 0.301333 1
Node 26 38 26.8328
Pkt 240 800 0.3 1
Pkt 240 800 0.3 1
Node 38 40 15.6205
Pkt 58 192 0.302083 1
Pkt 58 192 0.302083 1
Node 27 31 29.8329
Pkt 96 320 0.3 1
Pkt 120 400 0.3 1
Node 63 43 14.7648
Pkt 225 750 0.3 1
Pkt 240 800 0.3 1
Rate:600.917
==========
==========63
6 0 2 24000
Node 71 35 25.807
Pkt 30 100 0.3 1
Pkt 75 250 0.3 1
Node 51 26 24.0208
Pkt 120 400 0.3 1
Pkt 144 480 0.3 1
Node 57 57 9.89949
Pkt 225 750 0.3 1
Pkt 240 800 0.3 1
Node 69 30 27.5862
Pkt 58 192 0.302083 1
Pkt 38 125 0.304 1
Node 54 53 5
Pkt 113 375 0.301333 1
Pkt 113 375 0.301333 1
Node 53 25 25.1794
Pkt 225 750 0.3 1
Pkt 225 750 0.3 1
Rate:601.458
==========
==========64
6 0 2 24000
Node 59 39 14.2127
Pkt 72 240 0.3 1
Pkt 72 240 0.3 1
Node 39 67 20.2485
Pkt 144 480 0.3 1
Pkt 96 320 0.3 1
Node 54 68 18.4391
Pkt 240 800 0.3 1
Pkt 240 800 0.3 1
Node 66 62 20
Pkt 75 250 0.3 1
Pkt 72 240 0.3 1
Node 33 50 17
Pkt 96 320 0.3 1
Pkt 144 480 0.3 1
Node 39 54 11.7047
Pkt 240 800 0.3 1
Pkt 240 800 0.3 1
Rate:600
==========
==========65
6 0 2 24000
Node 73 34 28.0179
Pkt 72 240 0.3 1
Pkt 30 100 0.3 1
Node 66 55 16.7631
Pkt 120 400 0.3 1
Pkt 144 480 0.3 1
Node 31 66 24.8395
Pkt 225 750 0.3 1
Pkt 225 750 0.3 1
Node 57 66 17.4642
Pkt 75 250 0.3 1
Pkt 75 250 0.3 1
Node 64 31 23.6008
Pkt 90 300 0.3 1
Pkt 120 400 0.3 1
Node 54 71 21.3776
Pkt 240 800 0.3 1
Pkt 240 800 0.3 1
Rate:600
==========
==========66
6 0 2 24000
Node 45 39 12.083
Pkt 38 125 0.304 1
Pkt 45 150 0.3 1
Node 32 49 18.0278
Pkt 96 320 0.3 1
Pkt 144 480 0.3 1
Node 42 31 20.6155
Pkt 225 750 0.3 1
Pkt 225 750 0.3 1
Node 40 68 20.5913
Pkt 38 125 0.304 1
Pkt 58 192 0.302083 1
Node 25 31 31.4006
Pkt 113 375 0.301333 1
Pkt 120 400 0.3 1
Node 39 71 23.7065
Pkt 225 750 0.3 1
Pkt 225 750 0.3 1
Rate:601.903
==========
==========67
6 0 2 24000
Node 49 30 20.025
Pkt 36 120 0.3 1
Pkt 45 150 0.3 1
Node 38 73 25.9422
Pkt 120 400 0.3 1
Pkt 120 400 0.3 1
Node 40 60 14.1421
Pkt 225 750 0.3 1
Pkt 225 750 0.3 1
Node 31 67 25.4951
Pkt 75 250 0.3 1
Pkt 30 100 0.3 1
Node 50 51 1
Pkt 144 480 0.3 1
Pkt 90 300 0.3 1
Node 29 51 21.0238
Pkt 225 750 0.3 1
Pkt 240 800 0.3 1
Rate:600
==========
==========68
6 0 2 24000
Node 44 37 14.3178
Pkt 75 250 0.3 1
Pkt 48 160 0.3 1
Node 48 58 8.24621
Pkt 144 480 0.3 1
Pkt 144 480 0.3 1
Node 72 38 25.0599
Pkt 225 750 0.3 1
Pkt 225 750 0.3 1
Node 40 74 26
Pkt 38 125 0.304 1
Pkt 72 240 0.3 1
Node 52 67 17.1172
Pkt 96 320 0.3 1
Pkt 144 480 0.3 1
Node 26 32 30
Pkt 240 800 0.3 1
Pkt 240 800 0.3 1
Rate:600.667
==========
==========69
6 0 2 24000
Node 51 65 15.0333
Pkt 72 240 0.3 1
Pkt 30 100 0.3 1
Node 62 41 15
Pkt 144 480 0.3 1
Pkt 90 300 0.3 1
Node 39 38 16.2788
Pkt 240 800 0.3 1
Pkt 240 800 0.3 1
Node 60 25 26.9258
Pkt 48 160 0.3 1
Pkt 36 120 0.3 1
Node 49 44 6.08276
Pkt 113 375 0.301333 1
Pkt 113 375 0.301333 1
Node 64 26 27.7849
Pkt 225 750 0.3 1
Pkt 240 800 0.3 1
Rate:600.444
==========
==========70
6 0 2 24000
Node 31 52 19.105
Pkt 36 120 0.3 1
Pkt 38 125 0.304 1
Node 62 47 12.3693
Pkt 144 480 0.3 1
Pkt 120 400 0.3 1
Node 40 68 20.5913
Pkt 240 800 0.3 1
Pkt 225 750 0.3 1
Node 42 40 12.8062
Pkt 72 240 0.3 1
Pkt 75 250 0.3 1
Node 29 71 29.6985
Pkt 120 400 0.3 1
Pkt 144 480 0.3 1
Node 42 66 17.8885
Pkt 240 800 0.3 1
Pkt 240 800 0.3 1
Rate:600.667
==========
==========71
6 0 2 24000
Node 56 47 6.7082
Pkt 38 125 0.304 1
Pkt 38 125 0.304 1
Node 27 50 23
Pkt 120 400 0.3 1
Pkt 144 480 0.3 1
Node 47 64 14.3178
Pkt 225 750 0.3 1
Pkt 240 800 0.3 1
Node 48 43 7.28011
Pkt 58 192 0.302083 1
Pkt 72 240 0.3 1
Node 35 41 17.4929
Pkt 96 320 0.3 1
Pkt 96 320 0.3 1
Node 43 35 16.5529
Pkt 240 800 0.3 1
Pkt 225 750 0.3 1
Rate:601.681
==========
==========72
6 0 2 24000
Node 51 59 9.05539
Pkt 58 192 0.302083 1
Pkt 75 250 0.3 1
Node 49 62 12.0416
Pkt 144 480 0.3 1
Pkt 96 320 0.3 1
Node 66 28 27.2029
Pkt 240 800 0.3 1
Pkt 225 750 0.3 1
Node 60 65 18.0278
Pkt 72 240 0.3 1
Pkt 72 240 0.3 1
Node 69 51 19.0263
Pkt 144 480 0.3 1
Pkt 144 480 0.3 1
Node 32 49 18.0278
Pkt 225 750 0.3 1
Pkt 225 750 0.3 1
Rate:600.347
==========
==========73
6 0 2 24000
Node 40 40 14.1421
Pkt 36 120 0.3 1
Pkt 30 100 0.3 1
Node 26 36 27.7849
Pkt 120 400 0.3 1
Pkt 96 320 0.3 1
Node 68 67 24.7588
Pkt 240 800 0.3 1
Pkt 225 750 0.3 1
Node 34 60 18.868
Pkt 38 125 0.304 1
Pkt 60 200 0.3 1
Node 32 37 22.2036
Pkt 96 320 0.3 1
Pkt 144 480 0.3 1
Node 36 31 23.6008
Pkt 225 750 0.3 1
Pkt 225 750 0.3 1
Rate:600.667
==========
==========74
6 0 2 24000
Node 49 56 6.08276
Pkt 45 150 0.3 1
Pkt 72 240 0.3 1
Node 33 46 17.4642
Pkt 96 320 0.3 1
Pkt 144 480 0.3 1
Node 26 68 30
Pkt 240 800 0.3 1
Pkt 240 800 0.3 1
Node 32 31 26.1725
Pkt 48 160 0.3 1
Pkt 60 200 0.3 1
Node 73 35 27.4591
Pkt 120 400 0.3 1
Pkt 96 320 0.3 1
Node 69 71 28.3196
Pkt 225 750 0.3 1
Pkt 225 750 0.3 1
Rate:600
==========
==========75
6 0 2 24000
Node 68 25 30.8058
Pkt 75 250 0.3 1
Pkt 48 160 0.3 1
Node 41 56 10.8167
Pkt 90 300 0.3 1
Pkt 144 480 0.3 1
Node 41 67 19.2354
Pkt 225 750 0.3 1
Pkt 240 800 0.3 1
Node 46 47 5
Pkt 36 120 0.3 1
Pkt 72 240 0.3 1
Node 29 50 21
Pkt 90 300 0.3 1
Pkt 144 480 0.3 1
Node 40 52 10.198
Pkt 225 750 0.3 1
Pkt 240 800 0.3 1
Rate:600
==========
==========76
6 0 2 24000
Node 41 58 12.0416
Pkt 48 160 0.3 1
Pkt 36 120 0.3 1
Node 45 72 22.561
Pkt 113 375 0.301333 1
Pkt 113 375 0.301333 1
Node 66 70 25.6125
Pkt 240 800 0.3 1
Pkt 225 750 0.3 1
Node 51 51 1.41421
Pkt 60 200 0.3 1
Pkt 30 100 0.3 1
Node 67 48 17.1172
Pkt 144 480 0.3 1
Pkt 120 400 0.3 1
Node 48 42 8.24621
Pkt 225 750 0.3 1
Pkt 225 750 0.3 1
Rate:600.444
==========
==========77
6 0 2 24000
Node 25 37 28.178
Pkt 48 160 0.3 1
Pkt 36 120 0.3 1
Node 61 58 13.6015
Pkt 90 300 0.3 1
Pkt 90 300 0.3 1
Node 48 37 13.1529
Pkt 225 750 0.3 1
Pkt 225 750 0.3 1
Node 25 43 25.9615
Pkt 60 200 0.3 1
Pkt 58 192 0.302083 1
Node 30 42 21.5407
Pkt 120 400 0.3 1
Pkt 113 375 0.301333 1
Node 57 39 13.0384
Pkt 225 750 0.3 1
Pkt 225 750 0.3 1
Rate:600.569
==========
==========78
6 0 2 24000
Node 45 41 10.2956
Pkt 36 120 0.3 1
Pkt 45 150 0.3 1
Node 25 52 25.0799
Pkt 90 300 0.3 1
Pkt 113 375 0.301333 1
Node 29 65 25.807
Pkt 225 750 0.3 1
Pkt 240 800 0.3 1
Node 73 55 23.5372
Pkt 58 192 0.302083 1
Pkt 60 200 0.3 1
Node 67 55 17.72
Pkt 96 320 0.3 1
Pkt 144 480 0.3 1
Node 48 45 5.38516
Pkt 240 800 0.3 1
Pkt 240 800 0.3 1
Rate:600.569
==========
==========79
6 0 2 24000
Node 57 52 7.28011
Pkt 36 120 0.3 1
Pkt 72 240 0.3 1
Node 58 68 19.6977
Pkt 113 375 0.301333 1
Pkt 90 300 0.3 1
Node 54 48 4.47214
Pkt 225 750 0.3 1
Pkt 240 800 0.3 1
Node 63 65 19.8494
Pkt 38 125 0.304 1
Pkt 72 240 0.3 1
Node 40 58 12.8062
Pkt 113 375 0.301333 1
Pkt 120 400 0.3 1
Node 28 32 28.4253
Pkt 225 750 0.3 1
Pkt 240 800 0.3 1
Rate:601.111
==========
==========80
6 0 2 24000
Node 37 48 13.1529
Pkt 72 240 0.3 1
Pkt 60 200 0.3 1
Node 73 25 33.9706
Pkt 113 375 0.301333 1
Pkt 96 320 0.3 1
Node 62 48 12.1655
Pkt 240 800 0.3 1
Pkt 240 800 0.3 1
Node 54 40 10.7703
Pkt 36 120 0.3 1
Pkt 60 200 0.3 1
Node 64 66 21.2603
Pkt 96 320 0.3 1
Pkt 113 375 0.301333 1
Node 59 68 20.1246
Pkt 240 800 0.3 1
Pkt 240 800 0.3 1
Rate:600.444
==========
==========81
6 0 2 24000
Node 48 54 4.47214
Pkt 48 160 0.3 1
Pkt 75 250 0.3 1
Node 71 39 23.7065
Pkt 144 480 0.3 1
Pkt 144 480 0.3 1
Node 59 70 21.9317
Pkt 225 750 0.3 1
Pkt 240 800 0.3 1
Node 28 25 33.3017
Pkt 38 125 0.304 1
Pkt 72 240 0.3 1
Node 58 46 8.94427
Pkt 120 400 0.3 1
Pkt 96 320 0.3 1
Node 68 67 24.7588
Pkt 225 750 0.3 1
Pkt 240 800 0.3 1
Rate:600.667
==========
==========82
6 0 2 24000
Node 47 45 5.83095
Pkt 60 200 0.3 1
Pkt 58 192 0.302083 1
Node 66 28 27.2029
Pkt 144 480 0.3 1
Pkt 96 320 0.3 1
Node 40 68 20.5913
Pkt 240 800 0.3 1
Pkt 240 800 0.3 1
Node 28 55 22.561
Pkt 60 200 0.3 1
Pkt 48 160 0.3 1
Node 40 65 18.0278
Pkt 144 480 0.3 1
Pkt 96 320 0.3 1
Node 34 27 28.0179
Pkt 240 800 0.3 1
Pkt 225 750 0.3 1
Rate:600.347
==========
==========83
6 0 2 24000
Node 58 59 12.0416
Pkt 30 100 0.3 1
Pkt 75 250 0.3 1
Node 69 61 21.9545
Pkt 113 375 0.301333 1
Pkt 90 300 0.3 1
Node 39 27 25.4951
Pkt 240 800 0.3 1
Pkt 240 800 0.3 1
Node 67 66 23.3452
Pkt 58 192 0.302083 1
Pkt 30 100 0.3 1
Node 49 38 12.0416
Pkt 144 480 0.3 1
Pkt 90 300 0.3 1
Node 41 30 21.9317
Pkt 240 800 0.3 1
Pkt 225 750 0.3 1
Rate:600.569
==========
==========84
6 0 2 24000
Node 25 52 25.0799
Pkt 72 240 0.3 1
Pkt 48 160 0.3 1
Node 25 64 28.6531
Pkt 90 300 0.3 1
Pkt 144 480 0.3 1
Node 64 35 20.5183
Pkt 225 750 0.3 1
Pkt 225 750 0.3 1
Node 69 46 19.4165
Pkt 60 200 0.3 1
Pkt 38 125 0.304 1
Node 62 25 27.7308
Pkt 96 320 0.3 1
Pkt 90 300 0.3 1
Node 47 42 8.544
Pkt 240 800 0.3 1
Pkt 240 800 0.3 1
Rate:600.667
==========
==========85
6 0 2 24000
Node 51 40 10.0499
Pkt 75 250 0.3 1
Pkt 45 150 0.3 1
Node 39 26 26.4008
Pkt 144 480 0.3 1
Pkt 120 400 0.3 1
Node 63 43 14.7648
Pkt 225 750 0.3 1
Pkt 240 800 0.3 1
Node 71 52 21.095
Pkt 30 100 0.3 1
Pkt 30 100 0.3 1
Node 73 70 30.4795
Pkt 96 320 0.3 1
Pkt 144 480 0.3 1
Node 66 28 27.2029
Pkt 240 800 0.3 1
Pkt 225 750 0.3 1
Rate:600
==========
==========86
6 0 2 24000
Node 68 58 19.6977
Pkt 75 250 0.3 1
Pkt 58 192 0.302083 1
Node 52 62 12.1655
Pkt 120 400 0.3 1
Pkt 120 400 0.3 1
Node 71 44 21.8403
Pkt 240 800 0.3 1
Pkt 240 800 0.3 1
Node 52 67 17.1172
Pkt 45 150 0.3 1
Pkt 58 192 0.302083 1
Node 33 25 30.2324
Pkt 120 400 0.3 1
Pkt 96 320 0.3 1
Node 74 36 27.7849
Pkt 225 750 0.3 1
Pkt 240 800 0.3 1
Rate:600.694
==========
==========87
6 0 2 24000
Node 36 56 15.2315
Pkt 72 240 0.3 1
Pkt 75 250 0.3 1
Node 27 26 33.2415
Pkt 144 480 0.3 1
Pkt 90 300 0.3 1
Node 40 73 25.0799
Pkt 225 750 0.3 1
Pkt 225 750 0.3 1
Node 28 48 22.0907
Pkt 48 160 0.3 1
Pkt 75 250 0.3 1
Node 25 46 25.318
Pkt 113 375 0.301333 1
Pkt 120 400 0.3 1
Node 73 55 23.5372
Pkt 240 800 0.3 1
Pkt 240 800 0.3 1
Rate:600.222
==========
==========88
6 0 2 24000
Node 69 38 22.4722
Pkt 60 200 0.3 1
Pkt 45 150 0.3 1
Node 51 69 19.0263
Pkt 144 480 0.3 1
Pkt 96 320 0.3 1
Node 33 35 22.6716
Pkt 240 800 0.3 1
Pkt 225 750 0.3 1
Node 69 42 20.6155
Pkt 58 192 0.302083 1
Pkt 58 192 0.302083 1
Node 36 49 14.0357
Pkt 90 300 0.3 1
Pkt 113 375 0.301333 1
Node 52 52 2.82843
Pkt 225 750 0.3 1
Pkt 240 800 0.3 1
Rate:600.917
==========
==========89
6 0 2 24000
Node 47 73 23.1948
Pkt 38 125 0.304 1
Pkt 60 200 0.3 1
Node 38 73 25.9422
Pkt 90 300 0.3 1
Pkt 113 375 0.301333 1
Node 52 57 7.28011
Pkt 240 800 0.3 1
Pkt 225 750 0.3 1
Node 50 48 2
Pkt 72 240 0.3 1
Pkt 48 160 0.3 1
Node 59 65 17.4929
Pkt 96 320 0.3 1
Pkt 96 320 0.3 1
Node 29 39 23.7065
Pkt 240 800 0.3 1
Pkt 240 800 0.3 1
Rate:600.889
==========
==========90
6 0 2 24000
Node 39 59 14.2127
Pkt 36 120 0.3 1
Pkt 36 120 0.3 1
Node 42 38 14.4222
Pkt 144 480 0.3 1
Pkt 113 375 0.301333 1
Node 72 25 33.3017
Pkt 225 750 0.3 1
Pkt 240 800 0.3 1
Node 26 60 26
Pkt 48 160 0.3 1
Pkt 36 120 0.3 1
Node 32 48 18.1108
Pkt 113 375 0.301333 1
Pkt 90 300 0.3 1
Node 27 39 25.4951
Pkt 225 750 0.3 1
Pkt 225 750 0.3 1
Rate:600.444
==========
==========91
6 0 2 24000
Node 39 39 15.5563
Pkt 75 250 0.3 1
Pkt 60 200 0.3 1
Node 47 47 4.24264
Pkt 90 300 0.3 1
Pkt 144 480 0.3 1
Node 55 38 13
Pkt 225 750 0.3 1
Pkt 240 800 0.3 1
Node 48 68 18.1108
Pkt 72 240 0.3 1
Pkt 45 150 0.3 1
Node 36 54 14.5602
Pkt 90 300 0.3 1
Pkt 96 320 0.3 1
Node 49 31 19.0263
Pkt 240 800 0.3 1
Pkt 225 750 0.3 1
Rate:600
==========
==========92
6 0 2 24000
Node 47 37 13.3417
Pkt 38 125 0.304 1
Pkt 38 125 0.304 1
Node 51 51 1.41421
Pkt 96 320 0.3 1
Pkt 144 480 0.3 1
Node 25 42 26.2488
Pkt 240 800 0.3 1
Pkt 240 800 0.3 1
Node 46 51 4.12311
Pkt 60 200 0.3 1
Pkt 36 120 0.3 1
Node 31 60 21.4709
Pkt 90 300 0.3 1
Pkt 120 400 0.3 1
Node 26 63 27.2947
Pkt 225 750 0.3 1
Pkt 225 750 0.3 1
Rate:601.333
==========
==========93
6 0 2 24000
Node 44 58 10
Pkt 38 125 0.304 1
Pkt 45 150 0.3 1
Node 64 74 27.7849
Pkt 113 375 0.301333 1
Pkt 96 320 0.3 1
Node 46 58 8.94427
Pkt 225 750 0.3 1
Pkt 240 800 0.3 1
Node 56 35 16.1555
Pkt 30 100 0.3 1
Pkt 60 200 0.3 1
Node 40 39 14.8661
Pkt 113 375 0.301333 1
Pkt 96 320 0.3 1
Node 44 39 12.53
Pkt 225 750 0.3 1
Pkt 240 800 0.3 1
Rate:601.111
==========
==========94
6 0 2 24000
Node 65 46 15.5242
Pkt 48 160 0.3 1
Pkt 60 200 0.3 1
Node 37 37 18.3848
Pkt 144 480 0.3 1
Pkt 113 375 0.301333 1
Node 30 35 25
Pkt 225 750 0.3 1
Pkt 240 800 0.3 1
Node 28 61 24.5967
Pkt 60 200 0.3 1
Pkt 72 240 0.3 1
Node 47 62 12.3693
Pkt 96 320 0.3 1
Pkt 144 480 0.3 1
Node 56 55 7.81025
Pkt 240 800 0.3 1
Pkt 225 750 0.3 1
Rate:600.222
==========
==========95
6 0 2 24000
Node 55 72 22.561
Pkt 30 100 0.3 1
Pkt 45 150 0.3 1
Node 57 47 7.61577
Pkt 144 480 0.3 1
Pkt 96 320 0.3 1
Node 74 53 24.1868
Pkt 225 750 0.3 1
Pkt 240 800 0.3 1
Node 32 66 24.0832
Pkt 30 100 0.3 1
Pkt 60 200 0.3 1
Node 47 57 7.61577
Pkt 113 375 0.301333 1
Pkt 120 400 0.3 1
Node 54 69 19.4165
Pkt 225 750 0.3 1
Pkt 225 750 0.3 1
Rate:600.222
==========
==========96
6 0 2 24000
Node 29 37 24.6982
Pkt 38 125 0.304 1
Pkt 30 100 0.3 1
Node 49 56 6.08276
Pkt 90 300 0.3 1
Pkt 120 400 0.3 1
Node 66 66 22.6274
Pkt 225 750 0.3 1
Pkt 225 750 0.3 1
Node 53 74 24.1868
Pkt 58 192 0.302083 1
Pkt 60 200 0.3 1
Node 46 74 24.3311
Pkt 96 320 0.3 1
Pkt 120 400 0.3 1
Node 71 25 32.6497
Pkt 240 800 0.3 1
Pkt 240 800 0.3 1
Rate:601.014
==========
==========97
6 0 2 24000
Node 45 38 13
Pkt 75 250 0.3 1
Pkt 36 120 0.3 1
Node 67 62 20.8087
Pkt 96 320 0.3 1
Pkt 120 400 0.3 1
Node 41 61 14.2127
Pkt 225 750 0.3 1
Pkt 240 800 0.3 1
Node 44 59 10.8167
Pkt 45 150 0.3 1
Pkt 72 240 0.3 1
Node 57 31 20.2485
Pkt 120 400 0.3 1
Pkt 120 400 0.3 1
Node 74 54 24.3311
Pkt 240 800 0.3 1
Pkt 240 800 0.3 1
Rate:600
==========
==========98
6 0 2 24000
Node 63 38 17.6918
Pkt 60 200 0.3 1
Pkt 48 160 0.3 1
Node 72 34 27.2029
Pkt 144 480 0.3 1
Pkt 120 400 0.3 1
Node 69 47 19.2354
Pkt 240 800 0.3 1
Pkt 240 800 0.3 1
Node 65 67 22.6716
Pkt 45 150 0.3 1
Pkt 72 240 0.3 1
Node 69 68 26.1725
Pkt 120 400 0.3 1
Pkt 144 480 0.3 1
Node 33 74 29.4109
Pkt 225 750 0.3 1
Pkt 225 750 0.3 1
Rate:600
==========
==========99
