6 0 2 24000
Node 60 48 10.198
Pkt 15 125 0.12 1
Pkt 24 200 0.12 1
Node 69 28 29.0689
Pkt 45 375 0.12 1
Pkt 48 400 0.12 1
Node 53 73 23.1948
Pkt 90 750 0.12 1
Pkt 90 750 0.12 1
Node 38 61 16.2788
Pkt 24 192 0.125 1
Pkt 30 250 0.12 1
Node 62 37 17.6918
Pkt 45 375 0.12 1
Pkt 45 375 0.12 1
Node 40 60 14.1421
Pkt 96 800 0.12 1
Pkt 90 750 0.12 1
Rate:240.833
==========
==========0
6 0 2 24000
Node 60 68 20.5913
Pkt 18 150 0.12 1
Pkt 30 250 0.12 1
Node 73 45 23.5372
Pkt 36 300 0.12 1
Pkt 39 320 0.121875 1
Node 28 64 26.0768
Pkt 96 800 0.12 1
Pkt 90 750 0.12 1
Node 73 65 27.4591
Pkt 15 125 0.12 1
Pkt 12 100 0.12 1
Node 29 44 21.8403
Pkt 58 480 0.120833 1
Pkt 36 300 0.12 1
Node 61 48 11.1803
Pkt 90 750 0.12 1
Pkt 96 800 0.12 1
Rate:240.451
==========
==========1
6 0 2 24000
Node 42 46 8.94427
Pkt 12 100 0.12 1
Pkt 15 120 0.125 1
Node 45 58 9.43398
Pkt 48 400 0.12 1
Pkt 58 480 0.120833 1
Node 53 52 3.60555
Pkt 96 800 0.12 1
Pkt 96 800 0.12 1
Node 37 31 23.0217
Pkt 20 160 0.125 1
Pkt 12 100 0.12 1
Node 36 58 16.1245
Pkt 58 480 0.120833 1
Pkt 58 480 0.120833 1
Node 54 60 10.7703
Pkt 96 800 0.12 1
Pkt 96 800 0.12 1
Rate:242.083
==========
==========2
6 0 2 24000
Node 74 71 31.8904
Pkt 20 160 0.125 1
Pkt 24 192 0.125 1
Node 67 51 17.0294
Pkt 36 300 0.12 1
Pkt 36 300 0.12 1
Node 44 54 7.2111
Pkt 96 800 0.12 1
Pkt 90 750 0.12 1
Node 70 31 27.5862
Pkt 15 125 0.12 1
Pkt 15 125 0.12 1
Node 44 40 11.6619
Pkt 58 480 0.120833 1
Pkt 48 400 0.12 1
Node 29 49 21.0238
Pkt 90 750 0.12 1
Pkt 96 800 0.12 1
Rate:241.806
==========
==========3
6 0 2 24000
Node 41 54 9.84886
Pkt 15 120 0.125 1
Pkt 20 160 0.125 1
Node 55 34 16.7631
Pkt 45 375 0.12 1
Pkt 45 375 0.12 1
Node 71 44 21.8403
Pkt 96 800 0.12 1
Pkt 90 750 0.12 1
Node 38 30 23.3238
Pkt 24 192 0.125 1
Pkt 24 192 0.125 1
Node 74 37 27.2947
Pkt 58 480 0.120833 1
Pkt 48 400 0.12 1
Node 28 55 22.561
Pkt 96 800 0.12 1
Pkt 96 800 0.12 1
Rate:243.472
==========
==========4
6 0 2 24000
Node 69 69 26.8701
Pkt 29 240 0.120833 1
Pkt 18 150 0.12 1
Node 39 73 25.4951
Pkt 45 375 0.12 1
Pkt 45 375 0.12 1
Node 67 60 19.7231
Pkt 90 750 0.12 1
Pkt 90 750 0.12 1
Node 42 71 22.4722
Pkt 15 120 0.125 1
Pkt 30 250 0.12 1
Node 69 39 21.9545
Pkt 39 320 0.121875 1
Pkt 39 320 0.121875 1
Node 47 36 14.3178
Pkt 96 800 0.12 1
Pkt 96 800 0.12 1
Rate:241.597
==========
==========5
6 0 2 24000
Node 47 60 10.4403
Pkt 30 250 0.12 1
Pkt 15 125 0.12 1
Node 42 69 20.6155
Pkt 39 320 0.121875 1
Pkt 58 480 0.120833 1
Node 38 55 13
Pkt 96 800 0.12 1
Pkt 96 800 0.12 1
Node 62 26 26.8328
Pkt 15 120 0.125 1
Pkt 24 192 0.125 1
Node 37 69 23.0217
Pkt 39 320 0.121875 1
Pkt 39 320 0.121875 1
Node 59 47 9.48683
Pkt 96 800 0.12 1
Pkt 96 800 0.12 1
Rate:242.743
==========
==========6
6 0 2 24000
Node 55 33 17.72
Pkt 24 200 0.12 1
Pkt 24 192 0.125 1
Node 32 55 18.6815
Pkt 48 400 0.12 1
Pkt 58 480 0.120833 1
Node 52 72 22.0907
Pkt 90 750 0.12 1
Pkt 90 750 0.12 1
Node 52 59 9.21954
Pkt 29 240 0.120833 1
Pkt 30 250 0.12 1
Node 29 36 25.2389
Pkt 39 320 0.121875 1
Pkt 58 480 0.120833 1
Node 32 73 29.2062
Pkt 90 750 0.12 1
Pkt 96 800 0.12 1
Rate:241.563
==========
==========7
6 0 2 24000
Node 61 74 26.4008
Pkt 24 192 0.125 1
Pkt 15 125 0.12 1
Node 64 74 27.7849
Pkt 45 375 0.12 1
Pkt 36 300 0.12 1
Node 59 53 9.48683
Pkt 96 800 0.12 1
Pkt 96 800 0.12 1
Node 42 60 12.8062
Pkt 30 250 0.12 1
Pkt 18 150 0.12 1
Node 70 38 23.3238
Pkt 45 375 0.12 1
Pkt 39 320 0.121875 1
Node 28 42 23.4094
Pkt 90 750 0.12 1
Pkt 90 750 0.12 1
Rate:241.146
==========
==========8
6 0 2 24000
Node 45 34 16.7631
Pkt 29 240 0.120833 1
Pkt 18 150 0.12 1
Node 26 31 30.6105
Pkt 39 320 0.121875 1
Pkt 39 320 0.121875 1
Node 62 74 26.8328
Pkt 96 800 0.12 1
Pkt 96 800 0.12 1
Node 42 74 25.2982
Pkt 15 120 0.125 1
Pkt 24 200 0.12 1
Node 46 61 11.7047
Pkt 36 300 0.12 1
Pkt 48 400 0.12 1
Node 50 31 19
Pkt 96 800 0.12 1
Pkt 90 750 0.12 1
Rate:241.597
==========
==========9
6 0 2 24000
Node 42 31 20.6155
Pkt 15 125 0.12 1
Pkt 15 125 0.12 1
Node 73 69 29.8329
Pkt 39 320 0.121875 1
Pkt 39 320 0.121875 1
Node 51 58 8.06226
Pkt 90 750 0.12 1
Pkt 90 750 0.12 1
Node 66 44 17.088
Pkt 30 250 0.12 1
Pkt 29 240 0.120833 1
Node 66 40 18.868
Pkt 48 400 0.12 1
Pkt 36 300 0.12 1
Node 61 58 13.6015
Pkt 90 750 0.12 1
Pkt 90 750 0.12 1
Rate:240.764
==========
==========10
6 0 2 24000
Node 35 43 16.5529
Pkt 24 192 0.125 1
Pkt 15 125 0.12 1
Node 43 37 14.7648
Pkt 36 300 0.12 1
Pkt 45 375 0.12 1
Node 31 38 22.4722
Pkt 90 750 0.12 1
Pkt 90 750 0.12 1
Node 30 34 25.6125
Pkt 30 250 0.12 1
Pkt 15 125 0.12 1
Node 47 29 21.2132
Pkt 58 480 0.120833 1
Pkt 48 400 0.12 1
Node 34 67 23.3452
Pkt 96 800 0.12 1
Pkt 90 750 0.12 1
Rate:240.972
==========
==========11
6 0 2 24000
Node 38 33 20.8087
Pkt 15 120 0.125 1
Pkt 15 125 0.12 1
Node 28 25 33.3017
Pkt 45 375 0.12 1
Pkt 36 300 0.12 1
Node 56 49 6.08276
Pkt 96 800 0.12 1
Pkt 96 800 0.12 1
Node 57 68 19.3132
Pkt 18 150 0.12 1
Pkt 24 192 0.125 1
Node 39 39 15.5563
Pkt 58 480 0.120833 1
Pkt 58 480 0.120833 1
Node 61 58 13.6015
Pkt 96 800 0.12 1
Pkt 96 800 0.12 1
Rate:241.944
==========
==========12
6 0 2 24000
Node 52 60 10.198
Pkt 15 125 0.12 1
Pkt 29 240 0.120833 1
Node 52 67 17.1172
Pkt 39 320 0.121875 1
Pkt 58 480 0.120833 1
Node 54 47 5
Pkt 96 800 0.12 1
Pkt 96 800 0.12 1
Node 39 28 24.5967
Pkt 18 150 0.12 1
Pkt 24 192 0.125 1
Node 45 63 13.9284
Pkt 36 300 0.12 1
Pkt 39 320 0.121875 1
Node 52 68 18.1108
Pkt 90 750 0.12 1
Pkt 90 750 0.12 1
Rate:241.736
==========
==========13
6 0 2 24000
Node 29 44 21.8403
Pkt 12 100 0.12 1
Pkt 24 192 0.125 1
Node 48 35 15.1327
Pkt 39 320 0.121875 1
Pkt 36 300 0.12 1
Node 58 47 8.544
Pkt 96 800 0.12 1
Pkt 96 800 0.12 1
Node 45 64 14.8661
Pkt 12 100 0.12 1
Pkt 29 240 0.120833 1
Node 74 67 29.4109
Pkt 36 300 0.12 1
Pkt 39 320 0.121875 1
Node 27 32 29.2062
Pkt 96 800 0.12 1
Pkt 96 800 0.12 1
Rate:241.597
==========
==========14
6 0 2 24000
Node 55 30 20.6155
Pkt 12 100 0.12 1
Pkt 15 125 0.12 1
Node 56 41 10.8167
Pkt 45 375 0.12 1
Pkt 45 375 0.12 1
Node 27 61 25.4951
Pkt 96 800 0.12 1
Pkt 96 800 0.12 1
Node 38 49 12.0416
Pkt 24 200 0.12 1
Pkt 15 125 0.12 1
Node 44 70 20.8806
Pkt 48 400 0.12 1
Pkt 58 480 0.120833 1
Node 72 39 24.5967
Pkt 96 800 0.12 1
Pkt 96 800 0.12 1
Rate:240.139
==========
==========15
6 0 2 24000
Node 57 71 22.1359
Pkt 29 240 0.120833 1
Pkt 24 192 0.125 1
Node 48 56 6.32456
Pkt 39 320 0.121875 1
Pkt 36 300 0.12 1
Node 37 39 17.0294
Pkt 96 800 0.12 1
Pkt 96 800 0.12 1
Node 60 64 17.2047
Pkt 24 200 0.12 1
Pkt 20 160 0.125 1
Node 46 72 22.3607
Pkt 45 375 0.12 1
Pkt 45 375 0.12 1
Node 66 64 21.2603
Pkt 90 750 0.12 1
Pkt 96 800 0.12 1
Rate:242.118
==========
==========16
6 0 2 24000
Node 56 54 7.2111
Pkt 18 150 0.12 1
Pkt 20 160 0.125 1
Node 55 37 13.9284
Pkt 39 320 0.121875 1
Pkt 45 375 0.12 1
Node 67 68 24.7588
Pkt 96 800 0.12 1
Pkt 90 750 0.12 1
Node 69 48 19.105
Pkt 12 100 0.12 1
Pkt 29 240 0.120833 1
Node 47 57 7.61577
Pkt 45 375 0.12 1
Pkt 48 400 0.12 1
Node 56 42 10
Pkt 90 750 0.12 1
Pkt 90 750 0.12 1
Rate:241.285
==========
==========17
6 0 2 24000
Node 49 59 9.05539
Pkt 29 240 0.120833 1
Pkt 15 125 0.12 1
Node 33 67 24.0416
Pkt 36 300 0.12 1
Pkt 58 480 0.120833 1
Node 33 33 24.0416
Pkt 96 800 0.12 1
Pkt 90 750 0.12 1
Node 37 50 13
Pkt 20 160 0.125 1
Pkt 24 192 0.125 1
Node 32 52 18.1108
Pkt 58 480 0.120833 1
Pkt 45 375 0.12 1
Node 61 38 16.2788
Pkt 96 800 0.12 1
Pkt 90 750 0.12 1
Rate:242.083
==========
==========18
6 0 2 24000
Node 35 44 16.1555
Pkt 29 240 0.120833 1
Pkt 30 250 0.12 1
Node 54 53 5
Pkt 36 300 0.12 1
Pkt 36 300 0.12 1
Node 55 25 25.4951
Pkt 96 800 0.12 1
Pkt 90 750 0.12 1
Node 58 57 10.6301
Pkt 20 160 0.125 1
Pkt 30 250 0.12 1
Node 61 38 16.2788
Pkt 45 375 0.12 1
Pkt 45 375 0.12 1
Node 53 68 18.2483
Pkt 96 800 0.12 1
Pkt 90 750 0.12 1
Rate:240.972
==========
==========19
6 0 2 24000
Node 52 39 11.1803
Pkt 12 100 0.12 1
Pkt 18 150 0.12 1
Node 31 73 29.8329
Pkt 45 375 0.12 1
Pkt 45 375 0.12 1
Node 46 64 14.5602
Pkt 90 750 0.12 1
Pkt 96 800 0.12 1
Node 52 51 2.23607
Pkt 20 160 0.125 1
Pkt 18 150 0.12 1
Node 63 67 21.4009
Pkt 36 300 0.12 1
Pkt 58 480 0.120833 1
Node 66 42 17.8885
Pkt 90 750 0.12 1
Pkt 90 750 0.12 1
Rate:240.972
==========
==========20
6 0 2 24000
Node 70 38 23.3238
Pkt 24 200 0.12 1
Pkt 12 100 0.12 1
Node 47 73 23.1948
Pkt 45 375 0.12 1
Pkt 58 480 0.120833 1
Node 50 31 19
Pkt 96 800 0.12 1
Pkt 90 750 0.12 1
Node 69 64 23.6008
Pkt 24 200 0.12 1
Pkt 15 120 0.125 1
Node 72 31 29.0689
Pkt 58 480 0.120833 1
Pkt 58 480 0.120833 1
Node 38 59 15
Pkt 96 800 0.12 1
Pkt 96 800 0.12 1
Rate:241.25
==========
==========21
6 0 2 24000
Node 55 52 5.38516
Pkt 20 160 0.125 1
Pkt 15 120 0.125 1
Node 25 42 26.2488
Pkt 45 375 0.12 1
Pkt 36 300 0.12 1
Node 29 36 25.2389
Pkt 90 750 0.12 1
Pkt 96 800 0.12 1
Node 28 42 23.4094
Pkt 24 200 0.12 1
Pkt 12 100 0.12 1
Node 35 43 16.5529
Pkt 45 375 0.12 1
Pkt 36 300 0.12 1
Node 53 29 21.2132
Pkt 96 800 0.12 1
Pkt 90 750 0.12 1
Rate:241.667
==========
==========22
6 0 2 24000
Node 60 48 10.198
Pkt 29 240 0.120833 1
Pkt 15 120 0.125 1
Node 37 34 20.6155
Pkt 39 320 0.121875 1
Pkt 36 300 0.12 1
Node 54 61 11.7047
Pkt 90 750 0.12 1
Pkt 96 800 0.12 1
Node 51 66 16.0312
Pkt 20 160 0.125 1
Pkt 30 250 0.12 1
Node 40 61 14.8661
Pkt 45 375 0.12 1
Pkt 36 300 0.12 1
Node 61 63 17.0294
Pkt 96 800 0.12 1
Pkt 90 750 0.12 1
Rate:242.118
==========
==========23
6 0 2 24000
Node 49 55 5.09902
Pkt 18 150 0.12 1
Pkt 24 200 0.12 1
Node 31 51 19.0263
Pkt 58 480 0.120833 1
Pkt 58 480 0.120833 1
Node 29 48 21.095
Pkt 90 750 0.12 1
Pkt 96 800 0.12 1
Node 52 47 3.60555
Pkt 20 160 0.125 1
Pkt 30 250 0.12 1
Node 61 51 11.0454
Pkt 36 300 0.12 1
Pkt 45 375 0.12 1
Node 57 59 11.4018
Pkt 90 750 0.12 1
Pkt 90 750 0.12 1
Rate:241.111
==========
==========24
6 0 2 24000
Node 36 44 15.2315
Pkt 12 100 0.12 1
Pkt 12 100 0.12 1
Node 57 40 12.2066
Pkt 45 375 0.12 1
Pkt 36 300 0.12 1
Node 30 60 22.3607
Pkt 90 750 0.12 1
Pkt 96 800 0.12 1
Node 46 60 10.7703
Pkt 24 200 0.12 1
Pkt 12 100 0.12 1
Node 71 73 31.1448
Pkt 39 320 0.121875 1
Pkt 58 480 0.120833 1
Node 29 25 32.6497
Pkt 96 800 0.12 1
Pkt 90 750 0.12 1
Rate:240.451
==========
==========25
6 0 2 24000
Node 61 52 11.1803
Pkt 15 125 0.12 1
Pkt 20 160 0.125 1
Node 53 59 9.48683
Pkt 36 300 0.12 1
Pkt 45 375 0.12 1
Node 48 55 5.38516
Pkt 96 800 0.12 1
Pkt 96 800 0.12 1
Node 26 31 30.6105
Pkt 18 150 0.12 1
Pkt 24 200 0.12 1
Node 74 58 25.2982
Pkt 58 480 0.120833 1
Pkt 39 320 0.121875 1
Node 64 59 16.6433
Pkt 90 750 0.12 1
Pkt 90 750 0.12 1
Rate:241.285
==========
==========26
6 0 2 24000
Node 35 33 22.6716
Pkt 12 100 0.12 1
Pkt 15 125 0.12 1
Node 52 54 4.47214
Pkt 36 300 0.12 1
Pkt 45 375 0.12 1
Node 48 53 3.60555
Pkt 90 750 0.12 1
Pkt 96 800 0.12 1
Node 43 61 13.0384
Pkt 30 250 0.12 1
Pkt 12 100 0.12 1
Node 47 68 18.2483
Pkt 36 300 0.12 1
Pkt 48 400 0.12 1
Node 43 54 8.06226
Pkt 90 750 0.12 1
Pkt 96 800 0.12 1
Rate:240
==========
==========27
6 0 2 24000
Node 30 49 20.025
Pkt 18 150 0.12 1
Pkt 24 200 0.12 1
Node 70 53 20.2237
Pkt 36 300 0.12 1
Pkt 45 375 0.12 1
Node 61 51 11.0454
Pkt 90 750 0.12 1
Pkt 96 800 0.12 1
Node 32 52 18.1108
Pkt 29 240 0.120833 1
Pkt 30 250 0.12 1
Node 38 37 17.6918
Pkt 45 375 0.12 1
Pkt 58 480 0.120833 1
Node 56 54 7.2111
Pkt 90 750 0.12 1
Pkt 90 750 0.12 1
Rate:240.278
==========
==========28
6 0 2 24000
Node 33 31 25.4951
Pkt 15 120 0.125 1
Pkt 24 192 0.125 1
Node 68 66 24.0832
Pkt 48 400 0.12 1
Pkt 58 480 0.120833 1
Node 50 66 16
Pkt 96 800 0.12 1
Pkt 90 750 0.12 1
Node 41 45 10.2956
Pkt 15 120 0.125 1
Pkt 18 150 0.12 1
Node 30 26 31.241
Pkt 36 300 0.12 1
Pkt 45 375 0.12 1
Node 25 30 32.0156
Pkt 90 750 0.12 1
Pkt 90 750 0.12 1
Rate:242.639
==========
==========29
6 0 2 24000
Node 49 37 13.0384
Pkt 15 125 0.12 1
Pkt 18 150 0.12 1
Node 67 35 22.6716
Pkt 36 300 0.12 1
Pkt 48 400 0.12 1
Node 34 47 16.2788
Pkt 90 750 0.12 1
Pkt 90 750 0.12 1
Node 35 32 23.4307
Pkt 24 200 0.12 1
Pkt 18 150 0.12 1
Node 44 50 6
Pkt 45 375 0.12 1
Pkt 45 375 0.12 1
Node 40 37 16.4012
Pkt 96 800 0.12 1
Pkt 90 750 0.12 1
Rate:240
==========
==========30
6 0 2 24000
Node 57 53 7.61577
Pkt 24 192 0.125 1
Pkt 24 192 0.125 1
Node 74 27 33.2415
Pkt 36 300 0.12 1
Pkt 36 300 0.12 1
Node 65 63 19.8494
Pkt 96 800 0.12 1
Pkt 90 750 0.12 1
Node 71 70 29
Pkt 20 160 0.125 1
Pkt 30 250 0.12 1
Node 45 58 9.43398
Pkt 36 300 0.12 1
Pkt 36 300 0.12 1
Node 38 74 26.8328
Pkt 90 750 0.12 1
Pkt 90 750 0.12 1
Rate:242.5
==========
==========31
6 0 2 24000
Node 26 70 31.241
Pkt 24 192 0.125 1
Pkt 18 150 0.12 1
Node 70 67 26.2488
Pkt 58 480 0.120833 1
Pkt 36 300 0.12 1
Node 32 27 29.2062
Pkt 96 800 0.12 1
Pkt 90 750 0.12 1
Node 42 64 16.1245
Pkt 24 192 0.125 1
Pkt 24 200 0.12 1
Node 64 42 16.1245
Pkt 36 300 0.12 1
Pkt 48 400 0.12 1
Node 32 43 19.3132
Pkt 90 750 0.12 1
Pkt 90 750 0.12 1
Rate:241.806
==========
==========32
6 0 2 24000
Node 25 72 33.3017
Pkt 15 120 0.125 1
Pkt 15 120 0.125 1
Node 62 52 12.1655
Pkt 36 300 0.12 1
Pkt 58 480 0.120833 1
Node 26 71 31.8904
Pkt 96 800 0.12 1
Pkt 96 800 0.12 1
Node 49 63 13.0384
Pkt 24 200 0.12 1
Pkt 12 100 0.12 1
Node 73 59 24.6982
Pkt 45 375 0.12 1
Pkt 45 375 0.12 1
Node 51 37 13.0384
Pkt 90 750 0.12 1
Pkt 90 750 0.12 1
Rate:241.806
==========
==========33
6 0 2 24000
Node 69 60 21.4709
Pkt 18 150 0.12 1
Pkt 30 250 0.12 1
Node 58 44 10
Pkt 36 300 0.12 1
Pkt 45 375 0.12 1
Node 60 33 19.7231
Pkt 90 750 0.12 1
Pkt 90 750 0.12 1
Node 37 38 17.6918
Pkt 20 160 0.125 1
Pkt 30 250 0.12 1
Node 67 72 27.8029
Pkt 45 375 0.12 1
Pkt 45 375 0.12 1
Node 71 30 29
Pkt 90 750 0.12 1
Pkt 96 800 0.12 1
Rate:240.833
==========
==========34
6 0 2 24000
Node 26 34 28.8444
Pkt 24 200 0.12 1
Pkt 15 120 0.125 1
Node 56 37 14.3178
Pkt 48 400 0.12 1
Pkt 58 480 0.120833 1
Node 27 46 23.3452
Pkt 90 750 0.12 1
Pkt 96 800 0.12 1
Node 51 64 14.0357
Pkt 18 150 0.12 1
Pkt 29 240 0.120833 1
Node 27 44 23.7697
Pkt 39 320 0.121875 1
Pkt 48 400 0.12 1
Node 63 73 26.4197
Pkt 90 750 0.12 1
Pkt 96 800 0.12 1
Rate:241.424
==========
==========35
6 0 2 24000
Node 28 31 29.0689
Pkt 15 125 0.12 1
Pkt 29 240 0.120833 1
Node 38 69 22.4722
Pkt 39 320 0.121875 1
Pkt 36 300 0.12 1
Node 26 54 24.3311
Pkt 96 800 0.12 1
Pkt 90 750 0.12 1
Node 48 65 15.1327
Pkt 30 250 0.12 1
Pkt 12 100 0.12 1
Node 66 66 22.6274
Pkt 45 375 0.12 1
Pkt 45 375 0.12 1
Node 55 56 7.81025
Pkt 96 800 0.12 1
Pkt 96 800 0.12 1
Rate:240.451
==========
==========36
6 0 2 24000
Node 44 70 20.8806
Pkt 24 192 0.125 1
Pkt 15 120 0.125 1
Node 57 60 12.2066
Pkt 58 480 0.120833 1
Pkt 39 320 0.121875 1
Node 56 69 19.9249
Pkt 90 750 0.12 1
Pkt 90 750 0.12 1
Node 66 27 28.0179
Pkt 24 192 0.125 1
Pkt 30 250 0.12 1
Node 45 55 7.07107
Pkt 48 400 0.12 1
Pkt 36 300 0.12 1
Node 63 71 24.6982
Pkt 96 800 0.12 1
Pkt 96 800 0.12 1
Rate:242.951
==========
==========37
6 0 2 24000
Node 35 48 15.1327
Pkt 24 200 0.12 1
Pkt 24 192 0.125 1
Node 68 38 21.6333
Pkt 45 375 0.12 1
Pkt 39 320 0.121875 1
Node 74 64 27.7849
Pkt 90 750 0.12 1
Pkt 90 750 0.12 1
Node 42 72 23.4094
Pkt 20 160 0.125 1
Pkt 12 100 0.12 1
Node 64 39 17.8045
Pkt 58 480 0.120833 1
Pkt 48 400 0.12 1
Node 31 72 29.0689
Pkt 96 800 0.12 1
Pkt 96 800 0.12 1
Rate:242.118
==========
==========38
6 0 2 24000
Node 49 34 16.0312
Pkt 15 125 0.12 1
Pkt 18 150 0.12 1
Node 25 32 30.8058
Pkt 48 400 0.12 1
Pkt 45 375 0.12 1
Node 51 30 20.025
Pkt 96 800 0.12 1
Pkt 96 800 0.12 1
Node 59 42 12.0416
Pkt 15 125 0.12 1
Pkt 24 192 0.125 1
Node 62 56 13.4164
Pkt 36 300 0.12 1
Pkt 36 300 0.12 1
Node 44 71 21.8403
Pkt 96 800 0.12 1
Pkt 90 750 0.12 1
Rate:240.833
==========
==========39
6 0 2 24000
Node 73 25 33.9706
Pkt 29 240 0.120833 1
Pkt 24 200 0.12 1
Node 34 66 22.6274
Pkt 48 400 0.12 1
Pkt 39 320 0.121875 1
Node 55 38 13
Pkt 96 800 0.12 1
Pkt 90 750 0.12 1
Node 32 60 20.5913
Pkt 30 250 0.12 1
Pkt 12 100 0.12 1
Node 66 59 18.3576
Pkt 58 480 0.120833 1
Pkt 36 300 0.12 1
Node 74 57 25
Pkt 90 750 0.12 1
Pkt 96 800 0.12 1
Rate:240.59
==========
==========40
6 0 2 24000
Node 41 47 9.48683
Pkt 29 240 0.120833 1
Pkt 18 150 0.12 1
Node 57 27 24.0416
Pkt 39 320 0.121875 1
Pkt 48 400 0.12 1
Node 60 70 22.3607
Pkt 90 750 0.12 1
Pkt 90 750 0.12 1
Node 42 25 26.2488
Pkt 18 150 0.12 1
Pkt 18 150 0.12 1
Node 36 59 16.6433
Pkt 45 375 0.12 1
Pkt 39 320 0.121875 1
Node 42 42 11.3137
Pkt 90 750 0.12 1
Pkt 90 750 0.12 1
Rate:240.764
==========
==========41
6 0 2 24000
Node 54 39 11.7047
Pkt 12 100 0.12 1
Pkt 15 125 0.12 1
Node 37 68 22.2036
Pkt 58 480 0.120833 1
Pkt 36 300 0.12 1
Node 65 63 19.8494
Pkt 96 800 0.12 1
Pkt 96 800 0.12 1
Node 63 66 20.6155
Pkt 30 250 0.12 1
Pkt 30 250 0.12 1
Node 29 46 21.3776
Pkt 45 375 0.12 1
Pkt 45 375 0.12 1
Node 53 25 25.1794
Pkt 90 750 0.12 1
Pkt 96 800 0.12 1
Rate:240.139
==========
==========42
6 0 2 24000
Node 36 35 20.5183
Pkt 18 150 0.12 1
Pkt 29 240 0.120833 1
Node 30 34 25.6125
Pkt 58 480 0.120833 1
Pkt 48 400 0.12 1
Node 40 55 11.1803
Pkt 90 750 0.12 1
Pkt 96 800 0.12 1
Node 49 55 5.09902
Pkt 30 250 0.12 1
Pkt 20 160 0.125 1
Node 39 61 15.5563
Pkt 45 375 0.12 1
Pkt 36 300 0.12 1
Node 28 46 22.3607
Pkt 90 750 0.12 1
Pkt 90 750 0.12 1
Rate:241.111
==========
==========43
6 0 2 24000
Node 29 48 21.095
Pkt 15 120 0.125 1
Pkt 15 125 0.12 1
Node 59 59 12.7279
Pkt 58 480 0.120833 1
Pkt 58 480 0.120833 1
Node 46 44 7.2111
Pkt 96 800 0.12 1
Pkt 96 800 0.12 1
Node 29 53 21.2132
Pkt 18 150 0.12 1
Pkt 30 250 0.12 1
Node 36 39 17.8045
Pkt 58 480 0.120833 1
Pkt 58 480 0.120833 1
Node 66 47 16.2788
Pkt 96 800 0.12 1
Pkt 90 750 0.12 1
Rate:241.389
==========
==========44
6 0 2 24000
Node 57 72 23.0868
Pkt 24 200 0.12 1
Pkt 20 160 0.125 1
Node 54 26 24.3311
Pkt 36 300 0.12 1
Pkt 36 300 0.12 1
Node 37 48 13.1529
Pkt 90 750 0.12 1
Pkt 96 800 0.12 1
Node 29 57 22.1359
Pkt 30 250 0.12 1
Pkt 18 150 0.12 1
Node 46 47 5
Pkt 36 300 0.12 1
Pkt 48 400 0.12 1
Node 42 72 23.4094
Pkt 90 750 0.12 1
Pkt 90 750 0.12 1
Rate:240.833
==========
==========45
6 0 2 24000
Node 37 68 22.2036
Pkt 20 160 0.125 1
Pkt 24 200 0.12 1
Node 68 44 18.9737
Pkt 45 375 0.12 1
Pkt 45 375 0.12 1
Node 41 50 9
Pkt 90 750 0.12 1
Pkt 96 800 0.12 1
Node 57 67 18.3848
Pkt 12 100 0.12 1
Pkt 24 200 0.12 1
Node 33 26 29.4109
Pkt 45 375 0.12 1
Pkt 45 375 0.12 1
Node 47 38 12.3693
Pkt 90 750 0.12 1
Pkt 90 750 0.12 1
Rate:240.833
==========
==========46
6 0 2 24000
Node 65 46 15.5242
Pkt 24 192 0.125 1
Pkt 24 192 0.125 1
Node 58 53 8.544
Pkt 36 300 0.12 1
Pkt 39 320 0.121875 1
Node 47 74 24.1868
Pkt 96 800 0.12 1
Pkt 96 800 0.12 1
Node 25 28 33.3017
Pkt 20 160 0.125 1
Pkt 29 240 0.120833 1
Node 49 29 21.0238
Pkt 39 320 0.121875 1
Pkt 48 400 0.12 1
Node 73 57 24.0416
Pkt 96 800 0.12 1
Pkt 96 800 0.12 1
Rate:243.264
==========
==========47
6 0 2 24000
Node 70 56 20.8806
Pkt 24 200 0.12 1
Pkt 20 160 0.125 1
Node 65 73 27.4591
Pkt 36 300 0.12 1
Pkt 36 300 0.12 1
Node 38 65 19.2094
Pkt 90 750 0.12 1
Pkt 90 750 0.12 1
Node 66 53 16.2788
Pkt 15 125 0.12 1
Pkt 15 125 0.12 1
Node 53 71 21.2132
Pkt 58 480 0.120833 1
Pkt 36 300 0.12 1
Node 47 27 23.1948
Pkt 90 750 0.12 1
Pkt 96 800 0.12 1
Rate:240.972
==========
==========48
6 0 2 24000
Node 32 42 19.6977
Pkt 12 100 0.12 1
Pkt 20 160 0.125 1
Node 63 29 24.6982
Pkt 48 400 0.12 1
Pkt 48 400 0.12 1
Node 30 31 27.5862
Pkt 96 800 0.12 1
Pkt 96 800 0.12 1
Node 70 64 24.4131
Pkt 24 192 0.125 1
Pkt 30 250 0.12 1
Node 30 61 22.8254
Pkt 58 480 0.120833 1
Pkt 58 480 0.120833 1
Node 64 37 19.105
Pkt 96 800 0.12 1
Pkt 90 750 0.12 1
Rate:241.944
==========
==========49
6 0 2 24000
Node 62 37 17.6918
Pkt 12 100 0.12 1
Pkt 24 200 0.12 1
Node 41 56 10.8167
Pkt 45 375 0.12 1
Pkt 36 300 0.12 1
Node 36 39 17.8045
Pkt 96 800 0.12 1
Pkt 96 800 0.12 1
Node 53 41 9.48683
Pkt 15 120 0.125 1
Pkt 12 100 0.12 1
Node 25 44 25.7099
Pkt 45 375 0.12 1
Pkt 36 300 0.12 1
Node 35 55 15.8114
Pkt 96 800 0.12 1
Pkt 96 800 0.12 1
Rate:240.833
==========
==========50
6 0 2 24000
Node 70 68 26.9072
Pkt 18 150 0.12 1
Pkt 12 100 0.12 1
Node 63 66 20.6155
Pkt 36 300 0.12 1
Pkt 48 400 0.12 1
Node 55 64 14.8661
Pkt 96 800 0.12 1
Pkt 90 750 0.12 1
Node 57 60 12.2066
Pkt 20 160 0.125 1
Pkt 18 150 0.12 1
Node 71 28 30.4138
Pkt 39 320 0.121875 1
Pkt 58 480 0.120833 1
Node 28 37 25.5539
Pkt 96 800 0.12 1
Pkt 96 800 0.12 1
Rate:241.285
==========
==========51
6 0 2 24000
Node 27 58 24.3516
Pkt 30 250 0.12 1
Pkt 30 250 0.12 1
Node 73 38 25.9422
Pkt 45 375 0.12 1
Pkt 39 320 0.121875 1
Node 49 64 14.0357
Pkt 96 800 0.12 1
Pkt 90 750 0.12 1
Node 27 65 27.4591
Pkt 20 160 0.125 1
Pkt 24 200 0.12 1
Node 67 42 18.7883
Pkt 58 480 0.120833 1
Pkt 36 300 0.12 1
Node 56 32 18.9737
Pkt 90 750 0.12 1
Pkt 96 800 0.12 1
Rate:241.285
==========
==========52
6 0 2 24000
Node 47 58 8.544
Pkt 24 200 0.12 1
Pkt 20 160 0.125 1
Node 37 38 17.6918
Pkt 39 320 0.121875 1
Pkt 48 400 0.12 1
Node 59 68 20.1246
Pkt 96 800 0.12 1
Pkt 96 800 0.12 1
Node 33 49 17.0294
Pkt 12 100 0.12 1
Pkt 15 125 0.12 1
Node 60 49 10.0499
Pkt 45 375 0.12 1
Pkt 39 320 0.121875 1
Node 61 29 23.7065
Pkt 96 800 0.12 1
Pkt 90 750 0.12 1
Rate:241.458
==========
==========53
6 0 2 24000
Node 69 41 21.0238
Pkt 29 240 0.120833 1
Pkt 15 125 0.12 1
Node 46 72 22.3607
Pkt 58 480 0.120833 1
Pkt 39 320 0.121875 1
Node 61 50 11
Pkt 90 750 0.12 1
Pkt 96 800 0.12 1
Node 46 65 15.5242
Pkt 12 100 0.12 1
Pkt 18 150 0.12 1
Node 55 25 25.4951
Pkt 39 320 0.121875 1
Pkt 58 480 0.120833 1
Node 57 44 9.21954
Pkt 90 750 0.12 1
Pkt 96 800 0.12 1
Rate:241.042
==========
==========54
6 0 2 24000
Node 73 39 25.4951
Pkt 15 125 0.12 1
Pkt 20 160 0.125 1
Node 63 34 20.6155
Pkt 45 375 0.12 1
Pkt 58 480 0.120833 1
Node 53 40 10.4403
Pkt 90 750 0.12 1
Pkt 90 750 0.12 1
Node 52 26 24.0832
Pkt 30 250 0.12 1
Pkt 12 100 0.12 1
Node 47 61 11.4018
Pkt 36 300 0.12 1
Pkt 39 320 0.121875 1
Node 42 39 13.6015
Pkt 96 800 0.12 1
Pkt 96 800 0.12 1
Rate:241.285
==========
==========55
6 0 2 24000
Node 67 33 24.0416
Pkt 18 150 0.12 1
Pkt 30 250 0.12 1
Node 65 46 15.5242
Pkt 39 320 0.121875 1
Pkt 45 375 0.12 1
Node 48 35 15.1327
Pkt 96 800 0.12 1
Pkt 96 800 0.12 1
Node 29 41 22.8473
Pkt 15 125 0.12 1
Pkt 18 150 0.12 1
Node 39 52 11.1803
Pkt 39 320 0.121875 1
Pkt 45 375 0.12 1
Node 44 72 22.8035
Pkt 90 750 0.12 1
Pkt 90 750 0.12 1
Rate:240.625
==========
==========56
6 0 2 24000
Node 53 33 17.2627
Pkt 29 240 0.120833 1
Pkt 24 192 0.125 1
Node 38 41 15
Pkt 45 375 0.12 1
Pkt 45 375 0.12 1
Node 32 61 21.095
Pkt 90 750 0.12 1
Pkt 90 750 0.12 1
Node 58 25 26.2488
Pkt 30 250 0.12 1
Pkt 15 120 0.125 1
Node 62 45 13
Pkt 36 300 0.12 1
Pkt 58 480 0.120833 1
Node 63 63 18.3848
Pkt 90 750 0.12 1
Pkt 90 750 0.12 1
Rate:241.944
==========
==========57
6 0 2 24000
Node 34 63 20.6155
Pkt 20 160 0.125 1
Pkt 24 192 0.125 1
Node 50 32 18
Pkt 36 300 0.12 1
Pkt 36 300 0.12 1
Node 46 47 5
Pkt 96 800 0.12 1
Pkt 96 800 0.12 1
Node 44 41 10.8167
Pkt 15 125 0.12 1
Pkt 12 100 0.12 1
Node 59 40 13.4536
Pkt 39 320 0.121875 1
Pkt 45 375 0.12 1
Node 48 70 20.0998
Pkt 90 750 0.12 1
Pkt 96 800 0.12 1
Rate:241.979
==========
==========58
6 0 2 24000
Node 48 69 19.105
Pkt 15 125 0.12 1
Pkt 29 240 0.120833 1
Node 67 73 28.6007
Pkt 45 375 0.12 1
Pkt 48 400 0.12 1
Node 46 55 6.40312
Pkt 96 800 0.12 1
Pkt 96 800 0.12 1
Node 42 50 8
Pkt 29 240 0.120833 1
Pkt 18 150 0.12 1
Node 59 35 17.4929
Pkt 45 375 0.12 1
Pkt 48 400 0.12 1
Node 33 41 19.2354
Pkt 90 750 0.12 1
Pkt 96 800 0.12 1
Rate:240.278
==========
==========59
6 0 2 24000
Node 56 47 6.7082
Pkt 24 200 0.12 1
Pkt 24 192 0.125 1
Node 69 44 19.9249
Pkt 45 375 0.12 1
Pkt 39 320 0.121875 1
Node 40 63 16.4012
Pkt 90 750 0.12 1
Pkt 90 750 0.12 1
Node 37 69 23.0217
Pkt 30 250 0.12 1
Pkt 30 250 0.12 1
Node 73 38 25.9422
Pkt 58 480 0.120833 1
Pkt 36 300 0.12 1
Node 60 60 14.1421
Pkt 96 800 0.12 1
Pkt 90 750 0.12 1
Rate:241.285
==========
==========60
6 0 2 24000
Node 53 33 17.2627
Pkt 12 100 0.12 1
Pkt 30 250 0.12 1
Node 38 41 15
Pkt 36 300 0.12 1
Pkt 58 480 0.120833 1
Node 31 46 19.4165
Pkt 96 800 0.12 1
Pkt 96 800 0.12 1
Node 29 45 21.587
Pkt 18 150 0.12 1
Pkt 29 240 0.120833 1
Node 25 58 26.2488
Pkt 39 320 0.121875 1
Pkt 39 320 0.121875 1
Node 48 49 2.23607
Pkt 90 750 0.12 1
Pkt 96 800 0.12 1
Rate:240.903
==========
==========61
6 0 2 24000
Node 31 57 20.2485
Pkt 15 120 0.125 1
Pkt 29 240 0.120833 1
Node 65 39 18.6011
Pkt 36 300 0.12 1
Pkt 36 300 0.12 1
Node 72 38 25.0599
Pkt 90 750 0.12 1
Pkt 90 750 0.12 1
Node 73 67 28.6007
Pkt 30 250 0.12 1
Pkt 24 200 0.12 1
Node 56 41 10.8167
Pkt 36 300 0.12 1
Pkt 39 320 0.121875 1
Node 52 59 9.21954
Pkt 96 800 0.12 1
Pkt 96 800 0.12 1
Rate:241.285
==========
==========62
6 0 2 24000
Node 42 65 17
Pkt 24 192 0.125 1
Pkt 20 160 0.125 1
Node 68 71 27.6586
Pkt 36 300 0.12 1
Pkt 48 400 0.12 1
Node 48 67 17.1172
Pkt 96 800 0.12 1
Pkt 96 800 0.12 1
Node 30 59 21.9317
Pkt 24 200 0.12 1
Pkt 18 150 0.12 1
Node 43 60 12.2066
Pkt 36 300 0.12 1
Pkt 36 300 0.12 1
Node 60 61 14.8661
Pkt 90 750 0.12 1
Pkt 90 750 0.12 1
Rate:241.667
==========
==========63
6 0 2 24000
Node 72 54 22.3607
Pkt 30 250 0.12 1
Pkt 18 150 0.12 1
Node 48 65 15.1327
Pkt 48 400 0.12 1
Pkt 36 300 0.12 1
Node 59 33 19.2354
Pkt 90 750 0.12 1
Pkt 90 750 0.12 1
Node 35 65 21.2132
Pkt 29 240 0.120833 1
Pkt 20 160 0.125 1
Node 46 71 21.3776
Pkt 45 375 0.12 1
Pkt 48 400 0.12 1
Node 73 46 23.3452
Pkt 96 800 0.12 1
Pkt 96 800 0.12 1
Rate:240.972
==========
==========64
6 0 2 24000
Node 65 43 16.5529
Pkt 15 120 0.125 1
Pkt 30 250 0.12 1
Node 50 62 12
Pkt 45 375 0.12 1
Pkt 58 480 0.120833 1
Node 41 25 26.5707
Pkt 96 800 0.12 1
Pkt 90 750 0.12 1
Node 52 47 3.60555
Pkt 24 192 0.125 1
Pkt 20 160 0.125 1
Node 73 46 23.3452
Pkt 39 320 0.121875 1
Pkt 39 320 0.121875 1
Node 32 50 18
Pkt 96 800 0.12 1
Pkt 96 800 0.12 1
Rate:243.264
==========
==========65
6 0 2 24000
Node 59 41 12.7279
Pkt 18 150 0.12 1
Pkt 15 120 0.125 1
Node 53 34 16.2788
Pkt 58 480 0.120833 1
Pkt 58 480 0.120833 1
Node 28 33 27.8029
Pkt 90 750 0.12 1
Pkt 90 750 0.12 1
Node 66 27 28.0179
Pkt 12 100 0.12 1
Pkt 15 125 0.12 1
Node 32 59 20.1246
Pkt 39 320 0.121875 1
Pkt 45 375 0.12 1
Node 47 37 13.3417
Pkt 90 750 0.12 1
Pkt 96 800 0.12 1
Rate:241.424
==========
==========66
6 0 2 24000
Node 64 66 21.2603
Pkt 29 240 0.120833 1
Pkt 29 240 0.120833 1
Node 35 64 20.5183
Pkt 45 375 0.12 1
Pkt 36 300 0.12 1
Node 51 31 19.0263
Pkt 90 750 0.12 1
Pkt 96 800 0.12 1
Node 48 47 3.60555
Pkt 29 240 0.120833 1
Pkt 20 160 0.125 1
Node 47 46 5
Pkt 58 480 0.120833 1
Pkt 45 375 0.12 1
Node 64 45 14.8661
Pkt 90 750 0.12 1
Pkt 90 750 0.12 1
Rate:241.389
==========
==========67
6 0 2 24000
Node 71 49 21.0238
Pkt 24 192 0.125 1
Pkt 15 125 0.12 1
Node 27 52 23.0868
Pkt 48 400 0.12 1
Pkt 48 400 0.12 1
Node 25 34 29.6816
Pkt 96 800 0.12 1
Pkt 96 800 0.12 1
Node 46 46 5.65685
Pkt 12 100 0.12 1
Pkt 15 125 0.12 1
Node 58 32 19.6977
Pkt 39 320 0.121875 1
Pkt 39 320 0.121875 1
Node 56 27 23.7697
Pkt 96 800 0.12 1
Pkt 90 750 0.12 1
Rate:241.458
==========
==========68
6 0 2 24000
Node 32 35 23.4307
Pkt 12 100 0.12 1
Pkt 29 240 0.120833 1
Node 57 36 15.6525
Pkt 36 300 0.12 1
Pkt 58 480 0.120833 1
Node 59 54 9.84886
Pkt 96 800 0.12 1
Pkt 96 800 0.12 1
Node 68 60 20.5913
Pkt 15 125 0.12 1
Pkt 18 150 0.12 1
Node 51 30 20.025
Pkt 36 300 0.12 1
Pkt 58 480 0.120833 1
Node 51 68 18.0278
Pkt 90 750 0.12 1
Pkt 96 800 0.12 1
Rate:240.417
==========
==========69
6 0 2 24000
Node 25 50 25
Pkt 15 120 0.125 1
Pkt 24 192 0.125 1
Node 69 55 19.6469
Pkt 39 320 0.121875 1
Pkt 48 400 0.12 1
Node 55 39 12.083
Pkt 96 800 0.12 1
Pkt 90 750 0.12 1
Node 66 36 21.2603
Pkt 24 192 0.125 1
Pkt 15 120 0.125 1
Node 69 27 29.8329
Pkt 45 375 0.12 1
Pkt 36 300 0.12 1
Node 36 32 22.8035
Pkt 96 800 0.12 1
Pkt 90 750 0.12 1
Rate:243.646
==========
==========70
6 0 2 24000
Node 51 55 5.09902
Pkt 24 192 0.125 1
Pkt 30 250 0.12 1
Node 40 65 18.0278
Pkt 45 375 0.12 1
Pkt 45 375 0.12 1
Node 66 62 20
Pkt 96 800 0.12 1
Pkt 90 750 0.12 1
Node 63 55 13.9284
Pkt 30 250 0.12 1
Pkt 29 240 0.120833 1
Node 43 61 13.0384
Pkt 48 400 0.12 1
Pkt 58 480 0.120833 1
Node 36 73 26.9258
Pkt 96 800 0.12 1
Pkt 90 750 0.12 1
Rate:241.111
==========
==========71
6 0 2 24000
Node 54 40 10.7703
Pkt 15 120 0.125 1
Pkt 30 250 0.12 1
Node 33 61 20.2485
Pkt 36 300 0.12 1
Pkt 36 300 0.12 1
Node 57 38 13.8924
Pkt 96 800 0.12 1
Pkt 96 800 0.12 1
Node 56 65 16.1555
Pkt 24 192 0.125 1
Pkt 18 150 0.12 1
Node 32 74 30
Pkt 48 400 0.12 1
Pkt 45 375 0.12 1
Node 62 53 12.3693
Pkt 96 800 0.12 1
Pkt 96 800 0.12 1
Rate:241.667
==========
==========72
6 0 2 24000
Node 63 67 21.4009
Pkt 18 150 0.12 1
Pkt 24 192 0.125 1
Node 69 25 31.4006
Pkt 48 400 0.12 1
Pkt 45 375 0.12 1
Node 65 29 25.807
Pkt 96 800 0.12 1
Pkt 96 800 0.12 1
Node 54 59 9.84886
Pkt 24 192 0.125 1
Pkt 24 192 0.125 1
Node 71 42 22.4722
Pkt 39 320 0.121875 1
Pkt 48 400 0.12 1
Node 55 60 11.1803
Pkt 96 800 0.12 1
Pkt 96 800 0.12 1
Rate:242.813
==========
==========73
6 0 2 24000
Node 70 71 29
Pkt 24 192 0.125 1
Pkt 30 250 0.12 1
Node 52 72 22.0907
Pkt 58 480 0.120833 1
Pkt 39 320 0.121875 1
Node 60 49 10.0499
Pkt 96 800 0.12 1
Pkt 96 800 0.12 1
Node 33 68 24.7588
Pkt 30 250 0.12 1
Pkt 24 200 0.12 1
Node 26 61 26.4008
Pkt 39 320 0.121875 1
Pkt 58 480 0.120833 1
Node 31 50 19
Pkt 90 750 0.12 1
Pkt 96 800 0.12 1
Rate:241.736
==========
==========74
6 0 2 24000
Node 37 58 15.2643
Pkt 18 150 0.12 1
Pkt 15 120 0.125 1
Node 70 63 23.8537
Pkt 39 320 0.121875 1
Pkt 48 400 0.12 1
Node 67 30 26.2488
Pkt 96 800 0.12 1
Pkt 96 800 0.12 1
Node 70 53 20.2237
Pkt 15 120 0.125 1
Pkt 24 192 0.125 1
Node 50 43 7
Pkt 36 300 0.12 1
Pkt 58 480 0.120833 1
Node 58 40 12.8062
Pkt 90 750 0.12 1
Pkt 90 750 0.12 1
Rate:242.951
==========
==========75
6 0 2 24000
Node 67 53 17.2627
Pkt 20 160 0.125 1
Pkt 20 160 0.125 1
Node 35 61 18.6011
Pkt 58 480 0.120833 1
Pkt 39 320 0.121875 1
Node 43 69 20.2485
Pkt 90 750 0.12 1
Pkt 96 800 0.12 1
Node 31 68 26.1725
Pkt 15 120 0.125 1
Pkt 15 120 0.125 1
Node 32 64 22.8035
Pkt 48 400 0.12 1
Pkt 39 320 0.121875 1
Node 40 67 19.7231
Pkt 90 750 0.12 1
Pkt 90 750 0.12 1
Rate:244.097
==========
==========76
6 0 2 24000
Node 44 39 12.53
Pkt 24 200 0.12 1
Pkt 30 250 0.12 1
Node 43 29 22.1359
Pkt 58 480 0.120833 1
Pkt 36 300 0.12 1
Node 65 72 26.6271
Pkt 96 800 0.12 1
Pkt 90 750 0.12 1
Node 54 56 7.2111
Pkt 12 100 0.12 1
Pkt 12 100 0.12 1
Node 64 25 28.6531
Pkt 48 400 0.12 1
Pkt 36 300 0.12 1
Node 46 60 10.7703
Pkt 90 750 0.12 1
Pkt 90 750 0.12 1
Rate:240.139
==========
==========77
6 0 2 24000
Node 31 36 23.6008
Pkt 29 240 0.120833 1
Pkt 18 150 0.12 1
Node 52 51 2.23607
Pkt 45 375 0.12 1
Pkt 45 375 0.12 1
Node 33 61 20.2485
Pkt 90 750 0.12 1
Pkt 96 800 0.12 1
Node 39 35 18.6011
Pkt 12 100 0.12 1
Pkt 20 160 0.125 1
Node 55 40 11.1803
Pkt 48 400 0.12 1
Pkt 58 480 0.120833 1
Node 37 42 15.2643
Pkt 90 750 0.12 1
Pkt 96 800 0.12 1
Rate:241.111
==========
==========78
6 0 2 24000
Node 49 38 12.0416
Pkt 15 120 0.125 1
Pkt 12 100 0.12 1
Node 54 68 18.4391
Pkt 39 320 0.121875 1
Pkt 45 375 0.12 1
Node 35 63 19.8494
Pkt 90 750 0.12 1
Pkt 90 750 0.12 1
Node 58 38 14.4222
Pkt 12 100 0.12 1
Pkt 29 240 0.120833 1
Node 60 39 14.8661
Pkt 36 300 0.12 1
Pkt 58 480 0.120833 1
Node 66 44 17.088
Pkt 96 800 0.12 1
Pkt 90 750 0.12 1
Rate:241.424
==========
==========79
6 0 2 24000
Node 49 67 17.0294
Pkt 15 125 0.12 1
Pkt 18 150 0.12 1
Node 35 30 25
Pkt 48 400 0.12 1
Pkt 36 300 0.12 1
Node 28 58 23.4094
Pkt 90 750 0.12 1
Pkt 90 750 0.12 1
Node 64 52 14.1421
Pkt 24 192 0.125 1
Pkt 30 250 0.12 1
Node 74 61 26.4008
Pkt 36 300 0.12 1
Pkt 36 300 0.12 1
Node 74 33 29.4109
Pkt 90 750 0.12 1
Pkt 96 800 0.12 1
Rate:240.833
==========
==========80
6 0 2 24000
Node 27 57 24.0416
Pkt 30 250 0.12 1
Pkt 20 160 0.125 1
Node 64 64 19.799
Pkt 58 480 0.120833 1
Pkt 36 300 0.12 1
Node 35 62 19.2094
Pkt 90 750 0.12 1
Pkt 90 750 0.12 1
Node 47 35 15.2971
Pkt 20 160 0.125 1
Pkt 12 100 0.12 1
Node 46 28 22.3607
Pkt 58 480 0.120833 1
Pkt 58 480 0.120833 1
Node 59 66 18.3576
Pkt 90 750 0.12 1
Pkt 96 800 0.12 1
Rate:242.083
==========
==========81
6 0 2 24000
Node 44 66 17.088
Pkt 15 120 0.125 1
Pkt 24 200 0.12 1
Node 25 43 25.9615
Pkt 36 300 0.12 1
Pkt 48 400 0.12 1
Node 32 51 18.0278
Pkt 90 750 0.12 1
Pkt 96 800 0.12 1
Node 73 28 31.8277
Pkt 29 240 0.120833 1
Pkt 15 120 0.125 1
Node 44 50 6
Pkt 45 375 0.12 1
Pkt 45 375 0.12 1
Node 49 58 8.06226
Pkt 96 800 0.12 1
Pkt 90 750 0.12 1
Rate:241.806
==========
==========82
6 0 2 24000
Node 43 41 11.4018
Pkt 12 100 0.12 1
Pkt 15 125 0.12 1
Node 50 30 20
Pkt 48 400 0.12 1
Pkt 48 400 0.12 1
Node 28 53 22.2036
Pkt 90 750 0.12 1
Pkt 90 750 0.12 1
Node 36 57 15.6525
Pkt 20 160 0.125 1
Pkt 24 200 0.12 1
Node 26 32 30
Pkt 45 375 0.12 1
Pkt 36 300 0.12 1
Node 69 39 21.9545
Pkt 90 750 0.12 1
Pkt 90 750 0.12 1
Rate:240.833
==========
==========83
6 0 2 24000
Node 73 32 29.2062
Pkt 18 150 0.12 1
Pkt 30 250 0.12 1
Node 64 36 19.799
Pkt 39 320 0.121875 1
Pkt 36 300 0.12 1
Node 49 68 18.0278
Pkt 96 800 0.12 1
Pkt 96 800 0.12 1
Node 57 69 20.2485
Pkt 18 150 0.12 1
Pkt 29 240 0.120833 1
Node 65 72 26.6271
Pkt 45 375 0.12 1
Pkt 36 300 0.12 1
Node 55 44 7.81025
Pkt 96 800 0.12 1
Pkt 96 800 0.12 1
Rate:240.451
==========
==========84
6 0 2 24000
Node 51 60 10.0499
Pkt 29 240 0.120833 1
Pkt 29 240 0.120833 1
Node 61 42 13.6015
Pkt 45 375 0.12 1
Pkt 48 400 0.12 1
Node 31 60 21.4709
Pkt 90 750 0.12 1
Pkt 90 750 0.12 1
Node 72 44 22.8035
Pkt 24 200 0.12 1
Pkt 15 125 0.12 1
Node 64 40 17.2047
Pkt 58 480 0.120833 1
Pkt 39 320 0.121875 1
Node 26 68 30
Pkt 96 800 0.12 1
Pkt 90 750 0.12 1
Rate:240.729
==========
==========85
6 0 2 24000
Node 58 61 13.6015
Pkt 20 160 0.125 1
Pkt 15 125 0.12 1
Node 47 54 5
Pkt 39 320 0.121875 1
Pkt 39 320 0.121875 1
Node 62 36 18.4391
Pkt 90 750 0.12 1
Pkt 90 750 0.12 1
Node 54 46 5.65685
Pkt 24 200 0.12 1
Pkt 20 160 0.125 1
Node 51 35 15.0333
Pkt 48 400 0.12 1
Pkt 45 375 0.12 1
Node 39 37 17.0294
Pkt 96 800 0.12 1
Pkt 90 750 0.12 1
Rate:242.292
==========
==========86
6 0 2 24000
Node 61 45 12.083
Pkt 15 125 0.12 1
Pkt 20 160 0.125 1
Node 62 58 14.4222
Pkt 39 320 0.121875 1
Pkt 45 375 0.12 1
Node 70 74 31.241
Pkt 96 800 0.12 1
Pkt 90 750 0.12 1
Node 35 30 25
Pkt 20 160 0.125 1
Pkt 15 125 0.12 1
Node 71 42 22.4722
Pkt 39 320 0.121875 1
Pkt 39 320 0.121875 1
Node 27 45 23.5372
Pkt 90 750 0.12 1
Pkt 96 800 0.12 1
Rate:242.604
==========
==========87
6 0 2 24000
Node 56 31 19.9249
Pkt 24 192 0.125 1
Pkt 15 125 0.12 1
Node 43 64 15.6525
Pkt 45 375 0.12 1
Pkt 45 375 0.12 1
Node 56 51 6.08276
Pkt 90 750 0.12 1
Pkt 96 800 0.12 1
Node 41 59 12.7279
Pkt 30 250 0.12 1
Pkt 29 240 0.120833 1
Node 53 44 6.7082
Pkt 45 375 0.12 1
Pkt 36 300 0.12 1
Node 66 62 20
Pkt 96 800 0.12 1
Pkt 96 800 0.12 1
Rate:240.972
==========
==========88
6 0 2 24000
Node 26 50 24
Pkt 15 125 0.12 1
Pkt 15 125 0.12 1
Node 26 63 27.2947
Pkt 58 480 0.120833 1
Pkt 36 300 0.12 1
Node 62 67 20.8087
Pkt 90 750 0.12 1
Pkt 90 750 0.12 1
Node 40 72 24.1661
Pkt 24 192 0.125 1
Pkt 18 150 0.12 1
Node 70 60 22.3607
Pkt 58 480 0.120833 1
Pkt 45 375 0.12 1
Node 31 44 19.9249
Pkt 90 750 0.12 1
Pkt 90 750 0.12 1
Rate:241.111
==========
==========89
6 0 2 24000
Node 54 72 22.3607
Pkt 15 120 0.125 1
Pkt 24 200 0.12 1
Node 49 59 9.05539
Pkt 45 375 0.12 1
Pkt 45 375 0.12 1
Node 73 58 24.3516
Pkt 96 800 0.12 1
Pkt 96 800 0.12 1
Node 56 27 23.7697
Pkt 20 160 0.125 1
Pkt 24 200 0.12 1
Node 48 41 9.21954
Pkt 58 480 0.120833 1
Pkt 58 480 0.120833 1
Node 69 33 25.4951
Pkt 96 800 0.12 1
Pkt 90 750 0.12 1
Rate:241.944
==========
==========90
6 0 2 24000
Node 29 32 27.6586
Pkt 29 240 0.120833 1
Pkt 15 125 0.12 1
Node 69 40 21.4709
Pkt 39 320 0.121875 1
Pkt 48 400 0.12 1
Node 40 30 22.3607
Pkt 96 800 0.12 1
Pkt 90 750 0.12 1
Node 56 28 22.8035
Pkt 24 192 0.125 1
Pkt 24 200 0.12 1
Node 51 39 11.0454
Pkt 48 400 0.12 1
Pkt 58 480 0.120833 1
Node 53 27 23.1948
Pkt 90 750 0.12 1
Pkt 96 800 0.12 1
Rate:241.424
==========
==========91
6 0 2 24000
Node 55 58 9.43398
Pkt 30 250 0.12 1
Pkt 15 120 0.125 1
Node 51 61 11.0454
Pkt 39 320 0.121875 1
Pkt 48 400 0.12 1
Node 67 40 19.7231
Pkt 90 750 0.12 1
Pkt 96 800 0.12 1
Node 39 26 26.4008
Pkt 18 150 0.12 1
Pkt 12 100 0.12 1
Node 72 50 22
Pkt 45 375 0.12 1
Pkt 45 375 0.12 1
Node 40 25 26.9258
Pkt 90 750 0.12 1
Pkt 90 750 0.12 1
Rate:241.146
==========
==========92
6 0 2 24000
Node 63 58 15.2643
Pkt 24 192 0.125 1
Pkt 18 150 0.12 1
Node 48 65 15.1327
Pkt 58 480 0.120833 1
Pkt 58 480 0.120833 1
Node 36 43 15.6525
Pkt 96 800 0.12 1
Pkt 96 800 0.12 1
Node 72 72 31.1127
Pkt 20 160 0.125 1
Pkt 24 192 0.125 1
Node 70 38 23.3238
Pkt 45 375 0.12 1
Pkt 45 375 0.12 1
Node 53 35 15.2971
Pkt 96 800 0.12 1
Pkt 90 750 0.12 1
Rate:242.778
==========
==========93
6 0 2 24000
Node 67 27 28.6007
Pkt 18 150 0.12 1
Pkt 20 160 0.125 1
Node 34 56 17.088
Pkt 36 300 0.12 1
Pkt 48 400 0.12 1
Node 65 35 21.2132
Pkt 90 750 0.12 1
Pkt 96 800 0.12 1
Node 45 51 5.09902
Pkt 15 125 0.12 1
Pkt 30 250 0.12 1
Node 30 41 21.9317
Pkt 36 300 0.12 1
Pkt 58 480 0.120833 1
Node 48 66 16.1245
Pkt 96 800 0.12 1
Pkt 90 750 0.12 1
Rate:240.972
==========
==========94
6 0 2 24000
Node 28 38 25.0599
Pkt 29 240 0.120833 1
Pkt 12 100 0.12 1
Node 39 25 27.313
Pkt 58 480 0.120833 1
Pkt 45 375 0.12 1
Node 45 49 5.09902
Pkt 90 750 0.12 1
Pkt 90 750 0.12 1
Node 30 58 21.5407
Pkt 30 250 0.12 1
Pkt 20 160 0.125 1
Node 46 37 13.6015
Pkt 39 320 0.121875 1
Pkt 48 400 0.12 1
Node 31 28 29.0689
Pkt 90 750 0.12 1
Pkt 96 800 0.12 1
Rate:241.424
==========
==========95
6 0 2 24000
Node 32 60 20.5913
Pkt 12 100 0.12 1
Pkt 12 100 0.12 1
Node 54 50 4
Pkt 36 300 0.12 1
Pkt 39 320 0.121875 1
Node 60 26 26
Pkt 96 800 0.12 1
Pkt 96 800 0.12 1
Node 71 56 21.8403
Pkt 24 200 0.12 1
Pkt 30 250 0.12 1
Node 31 45 19.6469
Pkt 48 400 0.12 1
Pkt 36 300 0.12 1
Node 58 32 19.6977
Pkt 90 750 0.12 1
Pkt 96 800 0.12 1
Rate:240.313
==========
==========96
6 0 2 24000
Node 43 70 21.1896
Pkt 29 240 0.120833 1
Pkt 29 240 0.120833 1
Node 30 43 21.1896
Pkt 36 300 0.12 1
Pkt 45 375 0.12 1
Node 54 42 8.94427
Pkt 90 750 0.12 1
Pkt 96 800 0.12 1
Node 38 33 20.8087
Pkt 15 125 0.12 1
Pkt 15 120 0.125 1
Node 70 38 23.3238
Pkt 36 300 0.12 1
Pkt 58 480 0.120833 1
Node 40 49 10.0499
Pkt 96 800 0.12 1
Pkt 90 750 0.12 1
Rate:241.25
==========
==========97
6 0 2 24000
Node 42 57 10.6301
Pkt 20 160 0.125 1
Pkt 18 150 0.12 1
Node 43 74 25
Pkt 36 300 0.12 1
Pkt 45 375 0.12 1
Node 72 71 30.4138
Pkt 96 800 0.12 1
Pkt 90 750 0.12 1
Node 43 25 25.9615
Pkt 29 240 0.120833 1
Pkt 18 150 0.12 1
Node 73 44 23.7697
Pkt 58 480 0.120833 1
Pkt 58 480 0.120833 1
Node 45 41 10.2956
Pkt 90 750 0.12 1
Pkt 96 800 0.12 1
Rate:241.25
==========
==========98
6 0 2 24000
Node 37 65 19.8494
Pkt 15 120 0.125 1
Pkt 12 100 0.12 1
Node 39 67 20.2485
Pkt 48 400 0.12 1
Pkt 39 320 0.121875 1
Node 58 59 12.0416
Pkt 96 800 0.12 1
Pkt 96 800 0.12 1
Node 70 51 20.025
Pkt 20 160 0.125 1
Pkt 24 192 0.125 1
Node 43 62 13.8924
Pkt 36 300 0.12 1
Pkt 58 480 0.120833 1
Node 28 58 23.4094
Pkt 90 750 0.12 1
Pkt 96 800 0.12 1
Rate:242.951
==========
==========99
