6 0 2 24000
Node 74 61 26.4008
Pkt 92 240 0.383333 1
Pkt 76 200 0.38 1
Node 57 74 25
Pkt 122 320 0.38125 1
Pkt 114 300 0.38 1
Node 64 41 16.6433
Pkt 285 750 0.38 1
Pkt 304 800 0.38 1
Node 46 46 5.65685
Pkt 38 100 0.38 1
Pkt 73 192 0.380208 1
Node 62 57 13.8924
Pkt 114 300 0.38 1
Pkt 143 375 0.381333 1
Node 39 45 12.083
Pkt 285 750 0.38 1
Pkt 285 750 0.38 1
Rate:761.021
==========
==========0
6 0 2 24000
Node 65 43 16.5529
Pkt 38 100 0.38 1
Pkt 95 250 0.38 1
Node 47 37 13.3417
Pkt 114 300 0.38 1
Pkt 183 480 0.38125 1
Node 39 43 13.0384
Pkt 304 800 0.38 1
Pkt 285 750 0.38 1
Node 52 55 5.38516
Pkt 48 125 0.384 1
Pkt 95 250 0.38 1
Node 28 25 33.3017
Pkt 183 480 0.38125 1
Pkt 183 480 0.38125 1
Node 70 51 20.025
Pkt 285 750 0.38 1
Pkt 304 800 0.38 1
Rate:761.292
==========
==========1
6 0 2 24000
Node 45 35 15.8114
Pkt 92 240 0.383333 1
Pkt 76 200 0.38 1
Node 61 25 27.313
Pkt 122 320 0.38125 1
Pkt 143 375 0.381333 1
Node 28 53 22.2036
Pkt 285 750 0.38 1
Pkt 304 800 0.38 1
Node 40 64 17.2047
Pkt 92 240 0.383333 1
Pkt 95 250 0.38 1
Node 47 58 8.544
Pkt 183 480 0.38125 1
Pkt 122 320 0.38125 1
Node 39 66 19.4165
Pkt 304 800 0.38 1
Pkt 285 750 0.38 1
Rate:761.958
==========
==========2
6 0 2 24000
Node 50 49 1
Pkt 73 192 0.380208 1
Pkt 73 192 0.380208 1
Node 36 27 26.9258
Pkt 183 480 0.38125 1
Pkt 114 300 0.38 1
Node 42 64 16.1245
Pkt 304 800 0.38 1
Pkt 304 800 0.38 1
Node 28 69 29.0689
Pkt 92 240 0.383333 1
Pkt 61 160 0.38125 1
Node 27 37 26.4197
Pkt 114 300 0.38 1
Pkt 152 400 0.38 1
Node 44 71 21.8403
Pkt 285 750 0.38 1
Pkt 304 800 0.38 1
Rate:761.042
==========
==========3
6 0 2 24000
Node 48 27 23.0868
Pkt 38 100 0.38 1
Pkt 76 200 0.38 1
Node 55 58 9.43398
Pkt 122 320 0.38125 1
Pkt 152 400 0.38 1
Node 68 49 18.0278
Pkt 285 750 0.38 1
Pkt 285 750 0.38 1
Node 60 73 25.0799
Pkt 57 150 0.38 1
Pkt 73 192 0.380208 1
Node 67 43 18.3848
Pkt 122 320 0.38125 1
Pkt 183 480 0.38125 1
Node 68 27 29.2062
Pkt 304 800 0.38 1
Pkt 304 800 0.38 1
Rate:760.66
==========
==========4
6 0 2 24000
Node 38 56 13.4164
Pkt 46 120 0.383333 1
Pkt 73 192 0.380208 1
Node 46 64 14.5602
Pkt 114 300 0.38 1
Pkt 143 375 0.381333 1
Node 65 64 20.5183
Pkt 304 800 0.38 1
Pkt 285 750 0.38 1
Node 45 33 17.72
Pkt 38 100 0.38 1
Pkt 48 125 0.384 1
Node 73 74 33.2415
Pkt 114 300 0.38 1
Pkt 122 320 0.38125 1
Node 27 48 23.0868
Pkt 304 800 0.38 1
Pkt 304 800 0.38 1
Rate:761.688
==========
==========5
6 0 2 24000
Node 57 51 7.07107
Pkt 95 250 0.38 1
Pkt 95 250 0.38 1
Node 72 66 27.2029
Pkt 152 400 0.38 1
Pkt 143 375 0.381333 1
Node 67 53 17.2627
Pkt 285 750 0.38 1
Pkt 304 800 0.38 1
Node 36 38 18.4391
Pkt 92 240 0.383333 1
Pkt 73 192 0.380208 1
Node 71 30 29
Pkt 143 375 0.381333 1
Pkt 114 300 0.38 1
Node 56 55 7.81025
Pkt 304 800 0.38 1
Pkt 304 800 0.38 1
Rate:761.035
==========
==========6
6 0 2 24000
Node 42 39 13.6015
Pkt 61 160 0.38125 1
Pkt 38 100 0.38 1
Node 33 47 17.2627
Pkt 183 480 0.38125 1
Pkt 143 375 0.381333 1
Node 51 48 2.23607
Pkt 285 750 0.38 1
Pkt 285 750 0.38 1
Node 55 48 5.38516
Pkt 73 192 0.380208 1
Pkt 92 240 0.383333 1
Node 50 34 16
Pkt 114 300 0.38 1
Pkt 114 300 0.38 1
Node 27 34 28.0179
Pkt 285 750 0.38 1
Pkt 285 750 0.38 1
Rate:761.229
==========
==========7
6 0 2 24000
Node 66 37 20.6155
Pkt 95 250 0.38 1
Pkt 92 240 0.383333 1
Node 64 51 14.0357
Pkt 122 320 0.38125 1
Pkt 143 375 0.381333 1
Node 69 47 19.2354
Pkt 304 800 0.38 1
Pkt 304 800 0.38 1
Node 59 28 23.7697
Pkt 92 240 0.383333 1
Pkt 38 100 0.38 1
Node 40 38 15.6205
Pkt 122 320 0.38125 1
Pkt 114 300 0.38 1
Node 49 68 18.0278
Pkt 285 750 0.38 1
Pkt 285 750 0.38 1
Rate:761.75
==========
==========8
6 0 2 24000
Node 70 40 22.3607
Pkt 95 250 0.38 1
Pkt 61 160 0.38125 1
Node 62 62 16.9706
Pkt 143 375 0.381333 1
Pkt 114 300 0.38 1
Node 39 53 11.4018
Pkt 304 800 0.38 1
Pkt 304 800 0.38 1
Node 59 71 22.8473
Pkt 48 125 0.384 1
Pkt 92 240 0.383333 1
Node 32 49 18.0278
Pkt 183 480 0.38125 1
Pkt 183 480 0.38125 1
Node 43 37 14.7648
Pkt 285 750 0.38 1
Pkt 285 750 0.38 1
Rate:762.069
==========
==========9
6 0 2 24000
Node 31 52 19.105
Pkt 73 192 0.380208 1
Pkt 48 125 0.384 1
Node 52 58 8.24621
Pkt 122 320 0.38125 1
Pkt 122 320 0.38125 1
Node 38 62 16.9706
Pkt 304 800 0.38 1
Pkt 304 800 0.38 1
Node 26 71 31.8904
Pkt 57 150 0.38 1
Pkt 61 160 0.38125 1
Node 63 73 26.4197
Pkt 122 320 0.38125 1
Pkt 183 480 0.38125 1
Node 29 28 30.4138
Pkt 304 800 0.38 1
Pkt 304 800 0.38 1
Rate:761.743
==========
==========10
6 0 2 24000
Node 26 35 28.3019
Pkt 73 192 0.380208 1
Pkt 92 240 0.383333 1
Node 67 72 27.8029
Pkt 152 400 0.38 1
Pkt 114 300 0.38 1
Node 48 35 15.1327
Pkt 285 750 0.38 1
Pkt 285 750 0.38 1
Node 26 69 30.6105
Pkt 76 200 0.38 1
Pkt 95 250 0.38 1
Node 40 64 17.2047
Pkt 152 400 0.38 1
Pkt 152 400 0.38 1
Node 60 55 11.1803
Pkt 304 800 0.38 1
Pkt 304 800 0.38 1
Rate:760.59
==========
==========11
6 0 2 24000
Node 74 32 30
Pkt 73 192 0.380208 1
Pkt 92 240 0.383333 1
Node 72 56 22.8035
Pkt 122 320 0.38125 1
Pkt 143 375 0.381333 1
Node 46 62 12.6491
Pkt 304 800 0.38 1
Pkt 304 800 0.38 1
Node 60 48 10.198
Pkt 38 100 0.38 1
Pkt 61 160 0.38125 1
Node 68 53 18.2483
Pkt 152 400 0.38 1
Pkt 122 320 0.38125 1
Node 50 41 9
Pkt 285 750 0.38 1
Pkt 285 750 0.38 1
Rate:761.438
==========
==========12
6 0 2 24000
Node 38 42 14.4222
Pkt 61 160 0.38125 1
Pkt 61 160 0.38125 1
Node 25 26 34.6554
Pkt 114 300 0.38 1
Pkt 122 320 0.38125 1
Node 49 34 16.0312
Pkt 304 800 0.38 1
Pkt 285 750 0.38 1
Node 36 27 26.9258
Pkt 92 240 0.383333 1
Pkt 61 160 0.38125 1
Node 55 68 18.6815
Pkt 143 375 0.381333 1
Pkt 183 480 0.38125 1
Node 31 28 29.0689
Pkt 304 800 0.38 1
Pkt 285 750 0.38 1
Rate:761.819
==========
==========13
6 0 2 24000
Node 59 49 9.05539
Pkt 48 125 0.384 1
Pkt 57 150 0.38 1
Node 34 46 16.4924
Pkt 183 480 0.38125 1
Pkt 143 375 0.381333 1
Node 63 33 21.4009
Pkt 304 800 0.38 1
Pkt 304 800 0.38 1
Node 33 61 20.2485
Pkt 76 200 0.38 1
Pkt 73 192 0.380208 1
Node 40 68 20.5913
Pkt 183 480 0.38125 1
Pkt 143 375 0.381333 1
Node 63 43 14.7648
Pkt 304 800 0.38 1
Pkt 304 800 0.38 1
Rate:761.563
==========
==========14
6 0 2 24000
Node 66 44 17.088
Pkt 92 240 0.383333 1
Pkt 73 192 0.380208 1
Node 59 29 22.8473
Pkt 122 320 0.38125 1
Pkt 143 375 0.381333 1
Node 44 57 9.21954
Pkt 285 750 0.38 1
Pkt 285 750 0.38 1
Node 65 54 15.5242
Pkt 73 192 0.380208 1
Pkt 38 100 0.38 1
Node 46 44 7.2111
Pkt 114 300 0.38 1
Pkt 143 375 0.381333 1
Node 43 27 24.0416
Pkt 304 800 0.38 1
Pkt 285 750 0.38 1
Rate:761.278
==========
==========15
6 0 2 24000
Node 57 69 20.2485
Pkt 76 200 0.38 1
Pkt 76 200 0.38 1
Node 35 27 27.4591
Pkt 122 320 0.38125 1
Pkt 152 400 0.38 1
Node 65 40 18.0278
Pkt 285 750 0.38 1
Pkt 304 800 0.38 1
Node 27 36 26.9258
Pkt 73 192 0.380208 1
Pkt 61 160 0.38125 1
Node 34 26 28.8444
Pkt 143 375 0.381333 1
Pkt 152 400 0.38 1
Node 46 44 7.2111
Pkt 304 800 0.38 1
Pkt 285 750 0.38 1
Rate:760.674
==========
==========16
6 0 2 24000
Node 42 31 20.6155
Pkt 61 160 0.38125 1
Pkt 46 120 0.383333 1
Node 48 37 13.1529
Pkt 114 300 0.38 1
Pkt 152 400 0.38 1
Node 45 42 9.43398
Pkt 304 800 0.38 1
Pkt 285 750 0.38 1
Node 47 49 3.16228
Pkt 73 192 0.380208 1
Pkt 48 125 0.384 1
Node 25 49 25.02
Pkt 183 480 0.38125 1
Pkt 114 300 0.38 1
Node 56 46 7.2111
Pkt 304 800 0.38 1
Pkt 285 750 0.38 1
Rate:761.674
==========
==========17
6 0 2 24000
Node 71 30 29
Pkt 38 100 0.38 1
Pkt 48 125 0.384 1
Node 40 34 18.868
Pkt 143 375 0.381333 1
Pkt 152 400 0.38 1
Node 69 61 21.9545
Pkt 285 750 0.38 1
Pkt 285 750 0.38 1
Node 73 56 23.7697
Pkt 57 150 0.38 1
Pkt 73 192 0.380208 1
Node 53 32 18.2483
Pkt 183 480 0.38125 1
Pkt 152 400 0.38 1
Node 42 33 18.7883
Pkt 285 750 0.38 1
Pkt 285 750 0.38 1
Rate:761.132
==========
==========18
6 0 2 24000
Node 74 29 31.8904
Pkt 73 192 0.380208 1
Pkt 38 100 0.38 1
Node 45 51 5.09902
Pkt 122 320 0.38125 1
Pkt 183 480 0.38125 1
Node 30 29 29
Pkt 285 750 0.38 1
Pkt 285 750 0.38 1
Node 40 47 10.4403
Pkt 48 125 0.384 1
Pkt 95 250 0.38 1
Node 40 50 10
Pkt 114 300 0.38 1
Pkt 152 400 0.38 1
Node 42 73 24.3516
Pkt 285 750 0.38 1
Pkt 304 800 0.38 1
Rate:761.118
==========
==========19
6 0 2 24000
Node 46 29 21.3776
Pkt 38 100 0.38 1
Pkt 76 200 0.38 1
Node 72 44 22.8035
Pkt 143 375 0.381333 1
Pkt 114 300 0.38 1
Node 57 49 7.07107
Pkt 304 800 0.38 1
Pkt 304 800 0.38 1
Node 38 28 25.0599
Pkt 73 192 0.380208 1
Pkt 92 240 0.383333 1
Node 69 58 20.6155
Pkt 143 375 0.381333 1
Pkt 114 300 0.38 1
Node 38 33 20.8087
Pkt 285 750 0.38 1
Pkt 285 750 0.38 1
Rate:761.035
==========
==========20
6 0 2 24000
Node 65 40 18.0278
Pkt 76 200 0.38 1
Pkt 76 200 0.38 1
Node 58 44 10
Pkt 143 375 0.381333 1
Pkt 122 320 0.38125 1
Node 43 30 21.1896
Pkt 285 750 0.38 1
Pkt 285 750 0.38 1
Node 58 74 25.2982
Pkt 57 150 0.38 1
Pkt 95 250 0.38 1
Node 53 62 12.3693
Pkt 183 480 0.38125 1
Pkt 122 320 0.38125 1
Node 34 71 26.4008
Pkt 285 750 0.38 1
Pkt 304 800 0.38 1
Rate:760.847
==========
==========21
6 0 2 24000
Node 48 44 6.32456
Pkt 61 160 0.38125 1
Pkt 38 100 0.38 1
Node 74 34 28.8444
Pkt 114 300 0.38 1
Pkt 122 320 0.38125 1
Node 39 57 13.0384
Pkt 285 750 0.38 1
Pkt 285 750 0.38 1
Node 38 65 19.2094
Pkt 95 250 0.38 1
Pkt 73 192 0.380208 1
Node 62 73 25.9422
Pkt 114 300 0.38 1
Pkt 122 320 0.38125 1
Node 41 32 20.1246
Pkt 285 750 0.38 1
Pkt 304 800 0.38 1
Rate:760.66
==========
==========22
6 0 2 24000
Node 52 47 3.60555
Pkt 57 150 0.38 1
Pkt 73 192 0.380208 1
Node 27 27 32.5269
Pkt 143 375 0.381333 1
Pkt 122 320 0.38125 1
Node 58 36 16.1245
Pkt 304 800 0.38 1
Pkt 304 800 0.38 1
Node 66 39 19.4165
Pkt 38 100 0.38 1
Pkt 57 150 0.38 1
Node 39 47 11.4018
Pkt 143 375 0.381333 1
Pkt 122 320 0.38125 1
Node 45 33 17.72
Pkt 304 800 0.38 1
Pkt 285 750 0.38 1
Rate:760.896
==========
==========23
6 0 2 24000
Node 45 32 18.6815
Pkt 57 150 0.38 1
Pkt 48 125 0.384 1
Node 68 67 24.7588
Pkt 122 320 0.38125 1
Pkt 122 320 0.38125 1
Node 42 26 25.2982
Pkt 285 750 0.38 1
Pkt 304 800 0.38 1
Node 60 62 15.6205
Pkt 76 200 0.38 1
Pkt 38 100 0.38 1
Node 47 49 3.16228
Pkt 143 375 0.381333 1
Pkt 122 320 0.38125 1
Node 59 31 21.0238
Pkt 304 800 0.38 1
Pkt 304 800 0.38 1
Rate:761.514
==========
==========24
6 0 2 24000
Node 54 34 16.4924
Pkt 76 200 0.38 1
Pkt 38 100 0.38 1
Node 43 46 8.06226
Pkt 122 320 0.38125 1
Pkt 114 300 0.38 1
Node 25 73 33.9706
Pkt 304 800 0.38 1
Pkt 304 800 0.38 1
Node 74 62 26.8328
Pkt 46 120 0.383333 1
Pkt 73 192 0.380208 1
Node 33 59 19.2354
Pkt 143 375 0.381333 1
Pkt 122 320 0.38125 1
Node 49 41 9.05539
Pkt 285 750 0.38 1
Pkt 304 800 0.38 1
Rate:761.229
==========
==========25
6 0 2 24000
Node 62 44 13.4164
Pkt 92 240 0.383333 1
Pkt 48 125 0.384 1
Node 71 73 31.1448
Pkt 122 320 0.38125 1
Pkt 183 480 0.38125 1
Node 33 28 27.8029
Pkt 285 750 0.38 1
Pkt 304 800 0.38 1
Node 63 43 14.7648
Pkt 73 192 0.380208 1
Pkt 95 250 0.38 1
Node 65 70 25
Pkt 152 400 0.38 1
Pkt 122 320 0.38125 1
Node 55 72 22.561
Pkt 304 800 0.38 1
Pkt 304 800 0.38 1
Rate:761.882
==========
==========26
6 0 2 24000
Node 54 72 22.3607
Pkt 95 250 0.38 1
Pkt 73 192 0.380208 1
Node 63 46 13.6015
Pkt 114 300 0.38 1
Pkt 152 400 0.38 1
Node 45 26 24.5153
Pkt 285 750 0.38 1
Pkt 285 750 0.38 1
Node 58 39 13.6015
Pkt 92 240 0.383333 1
Pkt 57 150 0.38 1
Node 59 55 10.2956
Pkt 152 400 0.38 1
Pkt 152 400 0.38 1
Node 60 59 13.4536
Pkt 285 750 0.38 1
Pkt 285 750 0.38 1
Rate:760.59
==========
==========27
6 0 2 24000
Node 63 66 20.6155
Pkt 76 200 0.38 1
Pkt 48 125 0.384 1
Node 26 29 31.8904
Pkt 152 400 0.38 1
Pkt 122 320 0.38125 1
Node 29 61 23.7065
Pkt 304 800 0.38 1
Pkt 304 800 0.38 1
Node 54 56 7.2111
Pkt 61 160 0.38125 1
Pkt 57 150 0.38 1
Node 32 51 18.0278
Pkt 143 375 0.381333 1
Pkt 122 320 0.38125 1
Node 59 57 11.4018
Pkt 285 750 0.38 1
Pkt 304 800 0.38 1
Rate:761.514
==========
==========28
6 0 2 24000
Node 48 69 19.105
Pkt 48 125 0.384 1
Pkt 95 250 0.38 1
Node 43 58 10.6301
Pkt 152 400 0.38 1
Pkt 183 480 0.38125 1
Node 49 49 1.41421
Pkt 285 750 0.38 1
Pkt 285 750 0.38 1
Node 72 73 31.8277
Pkt 61 160 0.38125 1
Pkt 61 160 0.38125 1
Node 32 48 18.1108
Pkt 122 320 0.38125 1
Pkt 183 480 0.38125 1
Node 59 74 25.632
Pkt 304 800 0.38 1
Pkt 304 800 0.38 1
Rate:761.708
==========
==========29
6 0 2 24000
Node 48 46 4.47214
Pkt 95 250 0.38 1
Pkt 73 192 0.380208 1
Node 35 33 22.6716
Pkt 122 320 0.38125 1
Pkt 152 400 0.38 1
Node 65 65 21.2132
Pkt 285 750 0.38 1
Pkt 285 750 0.38 1
Node 37 36 19.105
Pkt 46 120 0.383333 1
Pkt 57 150 0.38 1
Node 49 52 2.23607
Pkt 152 400 0.38 1
Pkt 114 300 0.38 1
Node 56 27 23.7697
Pkt 304 800 0.38 1
Pkt 304 800 0.38 1
Rate:760.799
==========
==========30
6 0 2 24000
Node 31 54 19.4165
Pkt 92 240 0.383333 1
Pkt 48 125 0.384 1
Node 61 61 15.5563
Pkt 152 400 0.38 1
Pkt 152 400 0.38 1
Node 58 32 19.6977
Pkt 285 750 0.38 1
Pkt 304 800 0.38 1
Node 33 56 18.0278
Pkt 38 100 0.38 1
Pkt 46 120 0.383333 1
Node 39 50 11
Pkt 143 375 0.381333 1
Pkt 152 400 0.38 1
Node 51 34 16.0312
Pkt 304 800 0.38 1
Pkt 304 800 0.38 1
Rate:762
==========
==========31
6 0 2 24000
Node 70 61 22.8254
Pkt 57 150 0.38 1
Pkt 61 160 0.38125 1
Node 33 46 17.4642
Pkt 143 375 0.381333 1
Pkt 114 300 0.38 1
Node 56 47 6.7082
Pkt 304 800 0.38 1
Pkt 285 750 0.38 1
Node 31 58 20.6155
Pkt 57 150 0.38 1
Pkt 95 250 0.38 1
Node 25 48 25.0799
Pkt 122 320 0.38125 1
Pkt 114 300 0.38 1
Node 34 72 27.2029
Pkt 285 750 0.38 1
Pkt 285 750 0.38 1
Rate:760.639
==========
==========32
6 0 2 24000
Node 32 62 21.6333
Pkt 57 150 0.38 1
Pkt 61 160 0.38125 1
Node 46 65 15.5242
Pkt 122 320 0.38125 1
Pkt 152 400 0.38 1
Node 66 66 22.6274
Pkt 285 750 0.38 1
Pkt 304 800 0.38 1
Node 52 72 22.0907
Pkt 76 200 0.38 1
Pkt 95 250 0.38 1
Node 53 28 22.2036
Pkt 143 375 0.381333 1
Pkt 183 480 0.38125 1
Node 46 42 8.94427
Pkt 304 800 0.38 1
Pkt 285 750 0.38 1
Rate:760.847
==========
==========33
6 0 2 24000
Node 34 39 19.4165
Pkt 61 160 0.38125 1
Pkt 38 100 0.38 1
Node 61 62 16.2788
Pkt 152 400 0.38 1
Pkt 183 480 0.38125 1
Node 30 38 23.3238
Pkt 304 800 0.38 1
Pkt 285 750 0.38 1
Node 66 42 17.8885
Pkt 38 100 0.38 1
Pkt 61 160 0.38125 1
Node 70 73 30.4795
Pkt 114 300 0.38 1
Pkt 114 300 0.38 1
Node 25 69 31.4006
Pkt 285 750 0.38 1
Pkt 285 750 0.38 1
Rate:760.625
==========
==========34
6 0 2 24000
Node 48 37 13.1529
Pkt 73 192 0.380208 1
Pkt 57 150 0.38 1
Node 50 37 13
Pkt 143 375 0.381333 1
Pkt 122 320 0.38125 1
Node 39 41 14.2127
Pkt 285 750 0.38 1
Pkt 304 800 0.38 1
Node 73 41 24.6982
Pkt 92 240 0.383333 1
Pkt 76 200 0.38 1
Node 63 28 25.5539
Pkt 114 300 0.38 1
Pkt 122 320 0.38125 1
Node 39 54 11.7047
Pkt 304 800 0.38 1
Pkt 304 800 0.38 1
Rate:761.229
==========
==========35
6 0 2 24000
Node 44 71 21.8403
Pkt 46 120 0.383333 1
Pkt 48 125 0.384 1
Node 45 65 15.8114
Pkt 114 300 0.38 1
Pkt 114 300 0.38 1
Node 58 60 12.8062
Pkt 304 800 0.38 1
Pkt 304 800 0.38 1
Node 26 65 28.3019
Pkt 57 150 0.38 1
Pkt 46 120 0.383333 1
Node 40 25 26.9258
Pkt 143 375 0.381333 1
Pkt 122 320 0.38125 1
Node 40 68 20.5913
Pkt 285 750 0.38 1
Pkt 304 800 0.38 1
Rate:762.208
==========
==========36
6 0 2 24000
Node 33 62 20.8087
Pkt 46 120 0.383333 1
Pkt 61 160 0.38125 1
Node 32 69 26.1725
Pkt 143 375 0.381333 1
Pkt 143 375 0.381333 1
Node 58 39 13.6015
Pkt 304 800 0.38 1
Pkt 304 800 0.38 1
Node 39 30 22.8254
Pkt 48 125 0.384 1
Pkt 95 250 0.38 1
Node 66 41 18.3576
Pkt 122 320 0.38125 1
Pkt 183 480 0.38125 1
Node 27 68 29.2062
Pkt 304 800 0.38 1
Pkt 304 800 0.38 1
Rate:762.292
==========
==========37
6 0 2 24000
Node 48 29 21.095
Pkt 95 250 0.38 1
Pkt 73 192 0.380208 1
Node 55 67 17.72
Pkt 183 480 0.38125 1
Pkt 143 375 0.381333 1
Node 55 54 6.40312
Pkt 285 750 0.38 1
Pkt 285 750 0.38 1
Node 52 70 20.0998
Pkt 92 240 0.383333 1
Pkt 95 250 0.38 1
Node 57 60 12.2066
Pkt 152 400 0.38 1
Pkt 143 375 0.381333 1
Node 52 45 5.38516
Pkt 285 750 0.38 1
Pkt 285 750 0.38 1
Rate:761.243
==========
==========38
6 0 2 24000
Node 64 65 20.5183
Pkt 48 125 0.384 1
Pkt 46 120 0.383333 1
Node 67 42 18.7883
Pkt 114 300 0.38 1
Pkt 143 375 0.381333 1
Node 34 39 19.4165
Pkt 285 750 0.38 1
Pkt 304 800 0.38 1
Node 53 60 10.4403
Pkt 95 250 0.38 1
Pkt 92 240 0.383333 1
Node 65 68 23.4307
Pkt 143 375 0.381333 1
Pkt 152 400 0.38 1
Node 35 47 15.2971
Pkt 304 800 0.38 1
Pkt 304 800 0.38 1
Rate:762.222
==========
==========39
6 0 2 24000
Node 58 53 8.544
Pkt 92 240 0.383333 1
Pkt 57 150 0.38 1
Node 55 47 5.83095
Pkt 114 300 0.38 1
Pkt 114 300 0.38 1
Node 74 67 29.4109
Pkt 304 800 0.38 1
Pkt 285 750 0.38 1
Node 49 74 24.0208
Pkt 61 160 0.38125 1
Pkt 57 150 0.38 1
Node 41 69 21.0238
Pkt 143 375 0.381333 1
Pkt 143 375 0.381333 1
Node 54 34 16.4924
Pkt 304 800 0.38 1
Pkt 285 750 0.38 1
Rate:761.208
==========
==========40
6 0 2 24000
Node 52 55 5.38516
Pkt 73 192 0.380208 1
Pkt 61 160 0.38125 1
Node 63 57 14.7648
Pkt 114 300 0.38 1
Pkt 152 400 0.38 1
Node 67 70 26.2488
Pkt 285 750 0.38 1
Pkt 285 750 0.38 1
Node 49 59 9.05539
Pkt 61 160 0.38125 1
Pkt 73 192 0.380208 1
Node 29 27 31.1448
Pkt 122 320 0.38125 1
Pkt 122 320 0.38125 1
Node 38 70 23.3238
Pkt 285 750 0.38 1
Pkt 285 750 0.38 1
Rate:760.903
==========
==========41
6 0 2 24000
Node 47 62 12.3693
Pkt 61 160 0.38125 1
Pkt 48 125 0.384 1
Node 73 43 24.0416
Pkt 183 480 0.38125 1
Pkt 143 375 0.381333 1
Node 74 39 26.4008
Pkt 285 750 0.38 1
Pkt 304 800 0.38 1
Node 38 58 14.4222
Pkt 92 240 0.383333 1
Pkt 76 200 0.38 1
Node 54 51 4.12311
Pkt 114 300 0.38 1
Pkt 183 480 0.38125 1
Node 51 40 10.0499
Pkt 285 750 0.38 1
Pkt 304 800 0.38 1
Rate:762.069
==========
==========42
6 0 2 24000
Node 48 58 8.24621
Pkt 38 100 0.38 1
Pkt 73 192 0.380208 1
Node 44 60 11.6619
Pkt 143 375 0.381333 1
Pkt 183 480 0.38125 1
Node 53 26 24.1868
Pkt 285 750 0.38 1
Pkt 285 750 0.38 1
Node 46 29 21.3776
Pkt 61 160 0.38125 1
Pkt 95 250 0.38 1
Node 45 60 11.1803
Pkt 114 300 0.38 1
Pkt 122 320 0.38125 1
Node 59 33 19.2354
Pkt 285 750 0.38 1
Pkt 285 750 0.38 1
Rate:760.882
==========
==========43
6 0 2 24000
Node 25 42 26.2488
Pkt 57 150 0.38 1
Pkt 48 125 0.384 1
Node 47 26 24.1868
Pkt 114 300 0.38 1
Pkt 152 400 0.38 1
Node 47 33 17.2627
Pkt 285 750 0.38 1
Pkt 304 800 0.38 1
Node 60 27 25.0799
Pkt 48 125 0.384 1
Pkt 46 120 0.383333 1
Node 58 74 25.2982
Pkt 143 375 0.381333 1
Pkt 143 375 0.381333 1
Node 56 47 6.7082
Pkt 285 750 0.38 1
Pkt 304 800 0.38 1
Rate:762.333
==========
==========44
6 0 2 24000
Node 31 69 26.8701
Pkt 57 150 0.38 1
Pkt 46 120 0.383333 1
Node 37 66 20.6155
Pkt 183 480 0.38125 1
Pkt 183 480 0.38125 1
Node 45 40 11.1803
Pkt 304 800 0.38 1
Pkt 285 750 0.38 1
Node 46 70 20.3961
Pkt 73 192 0.380208 1
Pkt 92 240 0.383333 1
Node 27 56 23.7697
Pkt 143 375 0.381333 1
Pkt 143 375 0.381333 1
Node 54 37 13.6015
Pkt 304 800 0.38 1
Pkt 304 800 0.38 1
Rate:762.007
==========
==========45
6 0 2 24000
Node 60 30 22.3607
Pkt 92 240 0.383333 1
Pkt 95 250 0.38 1
Node 45 43 8.60233
Pkt 122 320 0.38125 1
Pkt 183 480 0.38125 1
Node 58 50 8
Pkt 285 750 0.38 1
Pkt 285 750 0.38 1
Node 47 55 5.83095
Pkt 48 125 0.384 1
Pkt 76 200 0.38 1
Node 29 50 21
Pkt 152 400 0.38 1
Pkt 143 375 0.381333 1
Node 61 36 17.8045
Pkt 285 750 0.38 1
Pkt 285 750 0.38 1
Rate:761.861
==========
==========46
6 0 2 24000
Node 25 69 31.4006
Pkt 92 240 0.383333 1
Pkt 61 160 0.38125 1
Node 68 74 30
Pkt 183 480 0.38125 1
Pkt 114 300 0.38 1
Node 54 63 13.6015
Pkt 304 800 0.38 1
Pkt 304 800 0.38 1
Node 25 27 33.9706
Pkt 46 120 0.383333 1
Pkt 92 240 0.383333 1
Node 34 42 17.8885
Pkt 183 480 0.38125 1
Pkt 183 480 0.38125 1
Node 57 53 7.61577
Pkt 304 800 0.38 1
Pkt 285 750 0.38 1
Rate:762.5
==========
==========47
6 0 2 24000
Node 54 52 4.47214
Pkt 76 200 0.38 1
Pkt 61 160 0.38125 1
Node 44 61 12.53
Pkt 122 320 0.38125 1
Pkt 143 375 0.381333 1
Node 46 45 6.40312
Pkt 285 750 0.38 1
Pkt 285 750 0.38 1
Node 48 55 5.38516
Pkt 95 250 0.38 1
Pkt 61 160 0.38125 1
Node 27 62 25.9422
Pkt 143 375 0.381333 1
Pkt 114 300 0.38 1
Node 59 70 21.9317
Pkt 304 800 0.38 1
Pkt 285 750 0.38 1
Rate:761.069
==========
==========48
6 0 2 24000
Node 33 32 24.7588
Pkt 48 125 0.384 1
Pkt 92 240 0.383333 1
Node 67 47 17.2627
Pkt 183 480 0.38125 1
Pkt 122 320 0.38125 1
Node 40 27 25.0799
Pkt 304 800 0.38 1
Pkt 285 750 0.38 1
Node 40 36 17.2047
Pkt 73 192 0.380208 1
Pkt 76 200 0.38 1
Node 42 28 23.4094
Pkt 122 320 0.38125 1
Pkt 122 320 0.38125 1
Node 38 49 12.0416
Pkt 304 800 0.38 1
Pkt 285 750 0.38 1
Rate:762.09
==========
==========49
6 0 2 24000
Node 46 48 4.47214
Pkt 57 150 0.38 1
Pkt 92 240 0.383333 1
Node 30 63 23.8537
Pkt 152 400 0.38 1
Pkt 152 400 0.38 1
Node 29 72 30.4138
Pkt 285 750 0.38 1
Pkt 304 800 0.38 1
Node 37 71 24.6982
Pkt 73 192 0.380208 1
Pkt 38 100 0.38 1
Node 67 53 17.2627
Pkt 143 375 0.381333 1
Pkt 183 480 0.38125 1
Node 57 47 7.61577
Pkt 304 800 0.38 1
Pkt 285 750 0.38 1
Rate:761.021
==========
==========50
6 0 2 24000
Node 53 36 14.3178
Pkt 73 192 0.380208 1
Pkt 95 250 0.38 1
Node 45 53 5.83095
Pkt 114 300 0.38 1
Pkt 143 375 0.381333 1
Node 47 32 18.2483
Pkt 304 800 0.38 1
Pkt 285 750 0.38 1
Node 47 55 5.83095
Pkt 95 250 0.38 1
Pkt 38 100 0.38 1
Node 51 26 24.0208
Pkt 183 480 0.38125 1
Pkt 183 480 0.38125 1
Node 56 28 22.8035
Pkt 285 750 0.38 1
Pkt 304 800 0.38 1
Rate:760.674
==========
==========51
6 0 2 24000
Node 29 50 21
Pkt 76 200 0.38 1
Pkt 92 240 0.383333 1
Node 71 35 25.807
Pkt 122 320 0.38125 1
Pkt 183 480 0.38125 1
Node 43 56 9.21954
Pkt 285 750 0.38 1
Pkt 285 750 0.38 1
Node 40 54 10.7703
Pkt 95 250 0.38 1
Pkt 57 150 0.38 1
Node 42 54 8.94427
Pkt 114 300 0.38 1
Pkt 114 300 0.38 1
Node 37 41 15.8114
Pkt 285 750 0.38 1
Pkt 304 800 0.38 1
Rate:760.972
==========
==========52
6 0 2 24000
Node 66 57 17.4642
Pkt 46 120 0.383333 1
Pkt 61 160 0.38125 1
Node 27 28 31.8277
Pkt 152 400 0.38 1
Pkt 143 375 0.381333 1
Node 66 25 29.6816
Pkt 285 750 0.38 1
Pkt 304 800 0.38 1
Node 73 56 23.7697
Pkt 48 125 0.384 1
Pkt 73 192 0.380208 1
Node 71 60 23.2594
Pkt 183 480 0.38125 1
Pkt 114 300 0.38 1
Node 35 70 25
Pkt 304 800 0.38 1
Pkt 304 800 0.38 1
Rate:761.896
==========
==========53
6 0 2 24000
Node 74 39 26.4008
Pkt 61 160 0.38125 1
Pkt 46 120 0.383333 1
Node 74 30 31.241
Pkt 122 320 0.38125 1
Pkt 114 300 0.38 1
Node 44 25 25.7099
Pkt 285 750 0.38 1
Pkt 304 800 0.38 1
Node 67 41 19.2354
Pkt 92 240 0.383333 1
Pkt 61 160 0.38125 1
Node 69 29 28.3196
Pkt 122 320 0.38125 1
Pkt 183 480 0.38125 1
Node 43 50 7
Pkt 304 800 0.38 1
Pkt 285 750 0.38 1
Rate:762.153
==========
==========54
6 0 2 24000
Node 69 73 29.8329
Pkt 61 160 0.38125 1
Pkt 57 150 0.38 1
Node 59 41 12.7279
Pkt 122 320 0.38125 1
Pkt 152 400 0.38 1
Node 31 74 30.6105
Pkt 285 750 0.38 1
Pkt 285 750 0.38 1
Node 65 43 16.5529
Pkt 46 120 0.383333 1
Pkt 48 125 0.384 1
Node 65 61 18.6011
Pkt 143 375 0.381333 1
Pkt 114 300 0.38 1
Node 60 54 10.7703
Pkt 285 750 0.38 1
Pkt 304 800 0.38 1
Rate:761.861
==========
==========55
6 0 2 24000
Node 27 43 24.0416
Pkt 92 240 0.383333 1
Pkt 46 120 0.383333 1
Node 29 60 23.2594
Pkt 143 375 0.381333 1
Pkt 114 300 0.38 1
Node 37 58 15.2643
Pkt 304 800 0.38 1
Pkt 304 800 0.38 1
Node 53 47 4.24264
Pkt 76 200 0.38 1
Pkt 95 250 0.38 1
Node 31 25 31.4006
Pkt 143 375 0.381333 1
Pkt 114 300 0.38 1
Node 48 35 15.1327
Pkt 304 800 0.38 1
Pkt 285 750 0.38 1
Rate:761.556
==========
==========56
6 0 2 24000
Node 44 67 18.0278
Pkt 73 192 0.380208 1
Pkt 76 200 0.38 1
Node 25 39 27.313
Pkt 183 480 0.38125 1
Pkt 152 400 0.38 1
Node 36 43 15.6525
Pkt 304 800 0.38 1
Pkt 304 800 0.38 1
Node 50 38 12
Pkt 61 160 0.38125 1
Pkt 61 160 0.38125 1
Node 71 34 26.4008
Pkt 152 400 0.38 1
Pkt 152 400 0.38 1
Node 35 66 21.9317
Pkt 285 750 0.38 1
Pkt 285 750 0.38 1
Rate:760.66
==========
==========57
6 0 2 24000
Node 29 29 29.6985
Pkt 61 160 0.38125 1
Pkt 46 120 0.383333 1
Node 63 43 14.7648
Pkt 183 480 0.38125 1
Pkt 114 300 0.38 1
Node 58 62 14.4222
Pkt 285 750 0.38 1
Pkt 285 750 0.38 1
Node 50 35 15
Pkt 95 250 0.38 1
Pkt 57 150 0.38 1
Node 43 32 19.3132
Pkt 183 480 0.38125 1
Pkt 183 480 0.38125 1
Node 28 37 25.5539
Pkt 285 750 0.38 1
Pkt 285 750 0.38 1
Rate:761.389
==========
==========58
6 0 2 24000
Node 50 33 17
Pkt 46 120 0.383333 1
Pkt 38 100 0.38 1
Node 57 63 14.7648
Pkt 114 300 0.38 1
Pkt 152 400 0.38 1
Node 73 37 26.4197
Pkt 304 800 0.38 1
Pkt 304 800 0.38 1
Node 62 42 14.4222
Pkt 57 150 0.38 1
Pkt 92 240 0.383333 1
Node 51 70 20.025
Pkt 114 300 0.38 1
Pkt 143 375 0.381333 1
Node 65 49 15.0333
Pkt 304 800 0.38 1
Pkt 304 800 0.38 1
Rate:761.333
==========
==========59
6 0 2 24000
Node 64 52 14.1421
Pkt 92 240 0.383333 1
Pkt 92 240 0.383333 1
Node 62 48 12.1655
Pkt 143 375 0.381333 1
Pkt 183 480 0.38125 1
Node 56 28 22.8035
Pkt 304 800 0.38 1
Pkt 304 800 0.38 1
Node 26 28 32.5576
Pkt 57 150 0.38 1
Pkt 76 200 0.38 1
Node 64 37 19.105
Pkt 152 400 0.38 1
Pkt 143 375 0.381333 1
Node 56 67 18.0278
Pkt 304 800 0.38 1
Pkt 304 800 0.38 1
Rate:761.764
==========
==========60
6 0 2 24000
Node 39 26 26.4008
Pkt 61 160 0.38125 1
Pkt 76 200 0.38 1
Node 68 26 30
Pkt 122 320 0.38125 1
Pkt 122 320 0.38125 1
Node 32 32 25.4558
Pkt 304 800 0.38 1
Pkt 304 800 0.38 1
Node 56 68 18.9737
Pkt 73 192 0.380208 1
Pkt 61 160 0.38125 1
Node 29 42 22.4722
Pkt 122 320 0.38125 1
Pkt 152 400 0.38 1
Node 43 55 8.60233
Pkt 304 800 0.38 1
Pkt 304 800 0.38 1
Rate:761.076
==========
==========61
6 0 2 24000
Node 42 35 17
Pkt 92 240 0.383333 1
Pkt 73 192 0.380208 1
Node 26 57 25
Pkt 183 480 0.38125 1
Pkt 183 480 0.38125 1
Node 55 58 9.43398
Pkt 285 750 0.38 1
Pkt 285 750 0.38 1
Node 50 47 3
Pkt 61 160 0.38125 1
Pkt 48 125 0.384 1
Node 64 37 19.105
Pkt 152 400 0.38 1
Pkt 122 320 0.38125 1
Node 51 54 4.12311
Pkt 285 750 0.38 1
Pkt 285 750 0.38 1
Rate:762.09
==========
==========62
6 0 2 24000
Node 35 40 18.0278
Pkt 95 250 0.38 1
Pkt 61 160 0.38125 1
Node 25 31 31.4006
Pkt 152 400 0.38 1
Pkt 152 400 0.38 1
Node 52 40 10.198
Pkt 285 750 0.38 1
Pkt 285 750 0.38 1
Node 46 74 24.3311
Pkt 92 240 0.383333 1
Pkt 46 120 0.383333 1
Node 29 25 32.6497
Pkt 122 320 0.38125 1
Pkt 152 400 0.38 1
Node 74 39 26.4008
Pkt 285 750 0.38 1
Pkt 285 750 0.38 1
Rate:761.528
==========
==========63
6 0 2 24000
Node 47 64 14.3178
Pkt 57 150 0.38 1
Pkt 61 160 0.38125 1
Node 33 44 18.0278
Pkt 152 400 0.38 1
Pkt 183 480 0.38125 1
Node 28 55 22.561
Pkt 285 750 0.38 1
Pkt 304 800 0.38 1
Node 45 62 13
Pkt 38 100 0.38 1
Pkt 61 160 0.38125 1
Node 45 35 15.8114
Pkt 143 375 0.381333 1
Pkt 183 480 0.38125 1
Node 31 56 19.9249
Pkt 285 750 0.38 1
Pkt 285 750 0.38 1
Rate:761.056
==========
==========64
6 0 2 24000
Node 57 32 19.3132
Pkt 76 200 0.38 1
Pkt 61 160 0.38125 1
Node 60 36 17.2047
Pkt 114 300 0.38 1
Pkt 114 300 0.38 1
Node 51 69 19.0263
Pkt 304 800 0.38 1
Pkt 304 800 0.38 1
Node 59 42 12.0416
Pkt 38 100 0.38 1
Pkt 46 120 0.383333 1
Node 33 39 20.2485
Pkt 143 375 0.381333 1
Pkt 122 320 0.38125 1
Node 43 42 10.6301
Pkt 304 800 0.38 1
Pkt 285 750 0.38 1
Rate:761.194
==========
==========65
6 0 2 24000
Node 26 43 25
Pkt 38 100 0.38 1
Pkt 57 150 0.38 1
Node 37 59 15.8114
Pkt 143 375 0.381333 1
Pkt 114 300 0.38 1
Node 42 28 23.4094
Pkt 285 750 0.38 1
Pkt 304 800 0.38 1
Node 44 58 10
Pkt 61 160 0.38125 1
Pkt 95 250 0.38 1
Node 37 67 21.4009
Pkt 143 375 0.381333 1
Pkt 143 375 0.381333 1
Node 66 34 22.6274
Pkt 304 800 0.38 1
Pkt 285 750 0.38 1
Rate:760.875
==========
==========66
6 0 2 24000
Node 68 59 20.1246
Pkt 61 160 0.38125 1
Pkt 73 192 0.380208 1
Node 29 66 26.4008
Pkt 152 400 0.38 1
Pkt 114 300 0.38 1
Node 26 60 26
Pkt 304 800 0.38 1
Pkt 285 750 0.38 1
Node 42 42 11.3137
Pkt 48 125 0.384 1
Pkt 38 100 0.38 1
Node 58 27 24.3516
Pkt 183 480 0.38125 1
Pkt 183 480 0.38125 1
Node 40 27 25.0799
Pkt 304 800 0.38 1
Pkt 304 800 0.38 1
Rate:761.326
==========
==========67
6 0 2 24000
Node 65 68 23.4307
Pkt 73 192 0.380208 1
Pkt 48 125 0.384 1
Node 59 26 25.632
Pkt 152 400 0.38 1
Pkt 183 480 0.38125 1
Node 71 72 30.4138
Pkt 304 800 0.38 1
Pkt 304 800 0.38 1
Node 34 32 24.0832
Pkt 46 120 0.383333 1
Pkt 46 120 0.383333 1
Node 38 32 21.6333
Pkt 143 375 0.381333 1
Pkt 143 375 0.381333 1
Node 32 31 26.1725
Pkt 285 750 0.38 1
Pkt 285 750 0.38 1
Rate:762.465
==========
==========68
6 0 2 24000
Node 31 39 21.9545
Pkt 76 200 0.38 1
Pkt 95 250 0.38 1
Node 29 39 23.7065
Pkt 143 375 0.381333 1
Pkt 114 300 0.38 1
Node 47 39 11.4018
Pkt 304 800 0.38 1
Pkt 304 800 0.38 1
Node 64 39 17.8045
Pkt 95 250 0.38 1
Pkt 73 192 0.380208 1
Node 56 37 14.3178
Pkt 114 300 0.38 1
Pkt 114 300 0.38 1
Node 35 35 21.2132
Pkt 304 800 0.38 1
Pkt 285 750 0.38 1
Rate:760.257
==========
==========69
6 0 2 24000
Node 52 66 16.1245
Pkt 46 120 0.383333 1
Pkt 95 250 0.38 1
Node 53 45 5.83095
Pkt 114 300 0.38 1
Pkt 143 375 0.381333 1
Node 62 46 12.6491
Pkt 304 800 0.38 1
Pkt 304 800 0.38 1
Node 25 34 29.6816
Pkt 61 160 0.38125 1
Pkt 73 192 0.380208 1
Node 63 61 17.0294
Pkt 114 300 0.38 1
Pkt 114 300 0.38 1
Node 53 57 7.61577
Pkt 285 750 0.38 1
Pkt 304 800 0.38 1
Rate:761.021
==========
==========70
6 0 2 24000
Node 32 72 28.4253
Pkt 38 100 0.38 1
Pkt 46 120 0.383333 1
Node 33 61 20.2485
Pkt 183 480 0.38125 1
Pkt 114 300 0.38 1
Node 65 72 26.6271
Pkt 285 750 0.38 1
Pkt 304 800 0.38 1
Node 43 47 7.61577
Pkt 61 160 0.38125 1
Pkt 57 150 0.38 1
Node 68 67 24.7588
Pkt 143 375 0.381333 1
Pkt 122 320 0.38125 1
Node 31 63 23.0217
Pkt 304 800 0.38 1
Pkt 304 800 0.38 1
Rate:761.403
==========
==========71
6 0 2 24000
Node 63 74 27.2947
Pkt 95 250 0.38 1
Pkt 95 250 0.38 1
Node 30 70 28.2843
Pkt 143 375 0.381333 1
Pkt 183 480 0.38125 1
Node 32 25 30.8058
Pkt 304 800 0.38 1
Pkt 304 800 0.38 1
Node 69 57 20.2485
Pkt 76 200 0.38 1
Pkt 61 160 0.38125 1
Node 41 31 21.0238
Pkt 183 480 0.38125 1
Pkt 152 400 0.38 1
Node 71 67 27.0185
Pkt 285 750 0.38 1
Pkt 304 800 0.38 1
Rate:760.847
==========
==========72
6 0 2 24000
Node 57 27 24.0416
Pkt 95 250 0.38 1
Pkt 38 100 0.38 1
Node 58 40 12.8062
Pkt 143 375 0.381333 1
Pkt 152 400 0.38 1
Node 66 60 18.868
Pkt 304 800 0.38 1
Pkt 304 800 0.38 1
Node 44 29 21.8403
Pkt 57 150 0.38 1
Pkt 48 125 0.384 1
Node 25 32 30.8058
Pkt 152 400 0.38 1
Pkt 143 375 0.381333 1
Node 28 70 29.7321
Pkt 304 800 0.38 1
Pkt 285 750 0.38 1
Rate:761.111
==========
==========73
6 0 2 24000
Node 35 43 16.5529
Pkt 92 240 0.383333 1
Pkt 95 250 0.38 1
Node 74 40 26
Pkt 122 320 0.38125 1
Pkt 122 320 0.38125 1
Node 43 44 9.21954
Pkt 285 750 0.38 1
Pkt 304 800 0.38 1
Node 34 41 18.3576
Pkt 76 200 0.38 1
Pkt 48 125 0.384 1
Node 32 66 24.0832
Pkt 183 480 0.38125 1
Pkt 143 375 0.381333 1
Node 37 29 24.6982
Pkt 285 750 0.38 1
Pkt 285 750 0.38 1
Rate:762.069
==========
==========74
6 0 2 24000
Node 39 63 17.0294
Pkt 92 240 0.383333 1
Pkt 73 192 0.380208 1
Node 56 64 15.2315
Pkt 122 320 0.38125 1
Pkt 143 375 0.381333 1
Node 51 72 22.0227
Pkt 285 750 0.38 1
Pkt 285 750 0.38 1
Node 51 65 15.0333
Pkt 46 120 0.383333 1
Pkt 48 125 0.384 1
Node 73 47 23.1948
Pkt 114 300 0.38 1
Pkt 152 400 0.38 1
Node 33 40 19.7231
Pkt 304 800 0.38 1
Pkt 304 800 0.38 1
Rate:762.243
==========
==========75
6 0 2 24000
Node 73 49 23.0217
Pkt 46 120 0.383333 1
Pkt 38 100 0.38 1
Node 30 71 29
Pkt 183 480 0.38125 1
Pkt 152 400 0.38 1
Node 40 71 23.2594
Pkt 285 750 0.38 1
Pkt 285 750 0.38 1
Node 51 46 4.12311
Pkt 73 192 0.380208 1
Pkt 76 200 0.38 1
Node 26 55 24.5153
Pkt 143 375 0.381333 1
Pkt 152 400 0.38 1
Node 74 42 25.2982
Pkt 285 750 0.38 1
Pkt 285 750 0.38 1
Rate:761.021
==========
==========76
6 0 2 24000
Node 31 42 20.6155
Pkt 46 120 0.383333 1
Pkt 48 125 0.384 1
Node 37 52 13.1529
Pkt 114 300 0.38 1
Pkt 143 375 0.381333 1
Node 63 69 23.0217
Pkt 285 750 0.38 1
Pkt 285 750 0.38 1
Node 30 26 31.241
Pkt 73 192 0.380208 1
Pkt 38 100 0.38 1
Node 27 32 29.2062
Pkt 122 320 0.38125 1
Pkt 152 400 0.38 1
Node 58 58 11.3137
Pkt 285 750 0.38 1
Pkt 285 750 0.38 1
Rate:761.688
==========
==========77
6 0 2 24000
Node 48 72 22.0907
Pkt 92 240 0.383333 1
Pkt 76 200 0.38 1
Node 48 48 2.82843
Pkt 143 375 0.381333 1
Pkt 122 320 0.38125 1
Node 55 40 11.1803
Pkt 304 800 0.38 1
Pkt 285 750 0.38 1
Node 69 49 19.0263
Pkt 57 150 0.38 1
Pkt 48 125 0.384 1
Node 54 52 4.47214
Pkt 152 400 0.38 1
Pkt 152 400 0.38 1
Node 65 58 17
Pkt 285 750 0.38 1
Pkt 285 750 0.38 1
Rate:761.653
==========
==========78
6 0 2 24000
Node 40 36 17.2047
Pkt 38 100 0.38 1
Pkt 46 120 0.383333 1
Node 55 64 14.8661
Pkt 183 480 0.38125 1
Pkt 183 480 0.38125 1
Node 32 26 30
Pkt 304 800 0.38 1
Pkt 304 800 0.38 1
Node 40 58 12.8062
Pkt 46 120 0.383333 1
Pkt 61 160 0.38125 1
Node 72 42 23.4094
Pkt 152 400 0.38 1
Pkt 152 400 0.38 1
Node 55 47 5.83095
Pkt 285 750 0.38 1
Pkt 304 800 0.38 1
Rate:761.736
==========
==========79
6 0 2 24000
Node 61 50 11
Pkt 48 125 0.384 1
Pkt 95 250 0.38 1
Node 29 49 21.0238
Pkt 122 320 0.38125 1
Pkt 143 375 0.381333 1
Node 45 42 9.43398
Pkt 304 800 0.38 1
Pkt 285 750 0.38 1
Node 45 56 7.81025
Pkt 46 120 0.383333 1
Pkt 95 250 0.38 1
Node 55 72 22.561
Pkt 122 320 0.38125 1
Pkt 143 375 0.381333 1
Node 40 41 13.4536
Pkt 304 800 0.38 1
Pkt 285 750 0.38 1
Rate:762.083
==========
==========80
6 0 2 24000
Node 71 71 29.6985
Pkt 46 120 0.383333 1
Pkt 48 125 0.384 1
Node 70 36 24.4131
Pkt 114 300 0.38 1
Pkt 152 400 0.38 1
Node 40 63 16.4012
Pkt 285 750 0.38 1
Pkt 304 800 0.38 1
Node 29 44 21.8403
Pkt 46 120 0.383333 1
Pkt 92 240 0.383333 1
Node 73 67 28.6007
Pkt 122 320 0.38125 1
Pkt 122 320 0.38125 1
Node 43 53 7.61577
Pkt 304 800 0.38 1
Pkt 304 800 0.38 1
Rate:762.75
==========
==========81
6 0 2 24000
Node 72 63 25.5539
Pkt 61 160 0.38125 1
Pkt 61 160 0.38125 1
Node 62 66 20
Pkt 152 400 0.38 1
Pkt 152 400 0.38 1
Node 50 37 13
Pkt 285 750 0.38 1
Pkt 285 750 0.38 1
Node 48 30 20.0998
Pkt 73 192 0.380208 1
Pkt 76 200 0.38 1
Node 45 46 6.40312
Pkt 152 400 0.38 1
Pkt 114 300 0.38 1
Node 57 44 9.21954
Pkt 285 750 0.38 1
Pkt 304 800 0.38 1
Rate:760.451
==========
==========82
6 0 2 24000
Node 62 68 21.6333
Pkt 76 200 0.38 1
Pkt 48 125 0.384 1
Node 38 51 12.0416
Pkt 152 400 0.38 1
Pkt 183 480 0.38125 1
Node 31 58 20.6155
Pkt 285 750 0.38 1
Pkt 285 750 0.38 1
Node 28 61 24.5967
Pkt 73 192 0.380208 1
Pkt 73 192 0.380208 1
Node 33 47 17.2627
Pkt 152 400 0.38 1
Pkt 122 320 0.38125 1
Node 66 48 16.1245
Pkt 285 750 0.38 1
Pkt 304 800 0.38 1
Rate:761.153
==========
==========83
6 0 2 24000
Node 25 64 28.6531
Pkt 95 250 0.38 1
Pkt 92 240 0.383333 1
Node 43 43 9.89949
Pkt 183 480 0.38125 1
Pkt 143 375 0.381333 1
Node 50 47 3
Pkt 304 800 0.38 1
Pkt 285 750 0.38 1
Node 68 46 18.4391
Pkt 95 250 0.38 1
Pkt 38 100 0.38 1
Node 43 25 25.9615
Pkt 143 375 0.381333 1
Pkt 183 480 0.38125 1
Node 25 71 32.6497
Pkt 285 750 0.38 1
Pkt 285 750 0.38 1
Rate:761.417
==========
==========84
6 0 2 24000
Node 60 44 11.6619
Pkt 38 100 0.38 1
Pkt 57 150 0.38 1
Node 67 45 17.72
Pkt 122 320 0.38125 1
Pkt 143 375 0.381333 1
Node 52 38 12.1655
Pkt 285 750 0.38 1
Pkt 304 800 0.38 1
Node 71 60 23.2594
Pkt 95 250 0.38 1
Pkt 95 250 0.38 1
Node 48 26 24.0832
Pkt 114 300 0.38 1
Pkt 143 375 0.381333 1
Node 66 46 16.4924
Pkt 304 800 0.38 1
Pkt 285 750 0.38 1
Rate:760.653
==========
==========85
6 0 2 24000
Node 47 57 7.61577
Pkt 57 150 0.38 1
Pkt 48 125 0.384 1
Node 31 53 19.2354
Pkt 143 375 0.381333 1
Pkt 152 400 0.38 1
Node 32 43 19.3132
Pkt 285 750 0.38 1
Pkt 285 750 0.38 1
Node 39 35 18.6011
Pkt 92 240 0.383333 1
Pkt 38 100 0.38 1
Node 39 27 25.4951
Pkt 122 320 0.38125 1
Pkt 183 480 0.38125 1
Node 51 50 1
Pkt 304 800 0.38 1
Pkt 304 800 0.38 1
Rate:761.861
==========
==========86
6 0 2 24000
Node 58 58 11.3137
Pkt 92 240 0.383333 1
Pkt 46 120 0.383333 1
Node 56 62 13.4164
Pkt 114 300 0.38 1
Pkt 143 375 0.381333 1
Node 70 56 20.8806
Pkt 304 800 0.38 1
Pkt 304 800 0.38 1
Node 34 57 17.4642
Pkt 95 250 0.38 1
Pkt 57 150 0.38 1
Node 29 41 22.8473
Pkt 143 375 0.381333 1
Pkt 114 300 0.38 1
Node 60 53 10.4403
Pkt 285 750 0.38 1
Pkt 304 800 0.38 1
Rate:761.556
==========
==========87
6 0 2 24000
Node 54 37 13.6015
Pkt 48 125 0.384 1
Pkt 95 250 0.38 1
Node 65 57 16.5529
Pkt 122 320 0.38125 1
Pkt 152 400 0.38 1
Node 38 52 12.1655
Pkt 285 750 0.38 1
Pkt 285 750 0.38 1
Node 42 36 16.1245
Pkt 92 240 0.383333 1
Pkt 48 125 0.384 1
Node 67 57 18.3848
Pkt 122 320 0.38125 1
Pkt 114 300 0.38 1
Node 25 45 25.4951
Pkt 285 750 0.38 1
Pkt 285 750 0.38 1
Rate:762.306
==========
==========88
6 0 2 24000
Node 45 41 10.2956
Pkt 57 150 0.38 1
Pkt 92 240 0.383333 1
Node 41 65 17.4929
Pkt 114 300 0.38 1
Pkt 143 375 0.381333 1
Node 53 37 13.3417
Pkt 285 750 0.38 1
Pkt 285 750 0.38 1
Node 44 52 6.32456
Pkt 46 120 0.383333 1
Pkt 95 250 0.38 1
Node 63 55 13.9284
Pkt 114 300 0.38 1
Pkt 114 300 0.38 1
Node 50 57 7
Pkt 285 750 0.38 1
Pkt 304 800 0.38 1
Rate:761.333
==========
==========89
6 0 2 24000
Node 74 41 25.632
Pkt 95 250 0.38 1
Pkt 76 200 0.38 1
Node 30 70 28.2843
Pkt 183 480 0.38125 1
Pkt 122 320 0.38125 1
Node 67 40 19.7231
Pkt 285 750 0.38 1
Pkt 304 800 0.38 1
Node 45 26 24.5153
Pkt 46 120 0.383333 1
Pkt 73 192 0.380208 1
Node 67 42 18.7883
Pkt 122 320 0.38125 1
Pkt 183 480 0.38125 1
Node 74 69 30.6105
Pkt 285 750 0.38 1
Pkt 285 750 0.38 1
Rate:761.424
==========
==========90
6 0 2 24000
Node 62 26 26.8328
Pkt 61 160 0.38125 1
Pkt 57 150 0.38 1
Node 68 32 25.4558
Pkt 143 375 0.381333 1
Pkt 183 480 0.38125 1
Node 67 74 29.4109
Pkt 285 750 0.38 1
Pkt 285 750 0.38 1
Node 52 73 23.0868
Pkt 92 240 0.383333 1
Pkt 61 160 0.38125 1
Node 71 45 21.587
Pkt 183 480 0.38125 1
Pkt 152 400 0.38 1
Node 52 74 24.0832
Pkt 304 800 0.38 1
Pkt 304 800 0.38 1
Rate:761.611
==========
==========91
6 0 2 24000
Node 45 39 12.083
Pkt 76 200 0.38 1
Pkt 57 150 0.38 1
Node 27 37 26.4197
Pkt 122 320 0.38125 1
Pkt 152 400 0.38 1
Node 45 60 11.1803
Pkt 304 800 0.38 1
Pkt 285 750 0.38 1
Node 30 25 32.0156
Pkt 95 250 0.38 1
Pkt 76 200 0.38 1
Node 32 62 21.6333
Pkt 183 480 0.38125 1
Pkt 114 300 0.38 1
Node 41 62 15
Pkt 304 800 0.38 1
Pkt 304 800 0.38 1
Rate:760.417
==========
==========92
6 0 2 24000
Node 41 34 18.3576
Pkt 76 200 0.38 1
Pkt 46 120 0.383333 1
Node 47 68 18.2483
Pkt 152 400 0.38 1
Pkt 114 300 0.38 1
Node 55 55 7.07107
Pkt 304 800 0.38 1
Pkt 285 750 0.38 1
Node 46 45 6.40312
Pkt 46 120 0.383333 1
Pkt 76 200 0.38 1
Node 28 72 31.1127
Pkt 114 300 0.38 1
Pkt 183 480 0.38125 1
Node 32 56 18.9737
Pkt 285 750 0.38 1
Pkt 304 800 0.38 1
Rate:761.319
==========
==========93
6 0 2 24000
Node 69 72 29.0689
Pkt 92 240 0.383333 1
Pkt 73 192 0.380208 1
Node 46 26 24.3311
Pkt 114 300 0.38 1
Pkt 122 320 0.38125 1
Node 51 31 19.0263
Pkt 285 750 0.38 1
Pkt 285 750 0.38 1
Node 70 59 21.9317
Pkt 61 160 0.38125 1
Pkt 95 250 0.38 1
Node 61 41 14.2127
Pkt 183 480 0.38125 1
Pkt 183 480 0.38125 1
Node 64 49 14.0357
Pkt 304 800 0.38 1
Pkt 285 750 0.38 1
Rate:761.424
==========
==========94
6 0 2 24000
Node 73 59 24.6982
Pkt 73 192 0.380208 1
Pkt 95 250 0.38 1
Node 68 61 21.095
Pkt 183 480 0.38125 1
Pkt 122 320 0.38125 1
Node 46 40 10.7703
Pkt 285 750 0.38 1
Pkt 285 750 0.38 1
Node 33 40 19.7231
Pkt 38 100 0.38 1
Pkt 48 125 0.384 1
Node 28 67 27.8029
Pkt 114 300 0.38 1
Pkt 114 300 0.38 1
Node 55 27 23.5372
Pkt 285 750 0.38 1
Pkt 304 800 0.38 1
Rate:761.118
==========
==========95
6 0 2 24000
Node 63 54 13.6015
Pkt 76 200 0.38 1
Pkt 76 200 0.38 1
Node 59 53 9.48683
Pkt 183 480 0.38125 1
Pkt 152 400 0.38 1
Node 39 65 18.6011
Pkt 285 750 0.38 1
Pkt 304 800 0.38 1
Node 58 28 23.4094
Pkt 57 150 0.38 1
Pkt 76 200 0.38 1
Node 58 27 24.3516
Pkt 143 375 0.381333 1
Pkt 143 375 0.381333 1
Node 70 38 23.3238
Pkt 304 800 0.38 1
Pkt 304 800 0.38 1
Rate:760.653
==========
==========96
6 0 2 24000
Node 44 58 10
Pkt 73 192 0.380208 1
Pkt 95 250 0.38 1
Node 46 49 4.12311
Pkt 143 375 0.381333 1
Pkt 122 320 0.38125 1
Node 50 27 23
Pkt 304 800 0.38 1
Pkt 304 800 0.38 1
Node 62 30 23.3238
Pkt 73 192 0.380208 1
Pkt 76 200 0.38 1
Node 36 58 16.1245
Pkt 143 375 0.381333 1
Pkt 183 480 0.38125 1
Node 64 25 28.6531
Pkt 285 750 0.38 1
Pkt 285 750 0.38 1
Rate:760.931
==========
==========97
6 0 2 24000
Node 39 57 13.0384
Pkt 76 200 0.38 1
Pkt 38 100 0.38 1
Node 74 43 25
Pkt 114 300 0.38 1
Pkt 183 480 0.38125 1
Node 36 38 18.4391
Pkt 304 800 0.38 1
Pkt 285 750 0.38 1
Node 65 25 29.1548
Pkt 38 100 0.38 1
Pkt 57 150 0.38 1
Node 49 43 7.07107
Pkt 122 320 0.38125 1
Pkt 152 400 0.38 1
Node 65 38 19.2094
Pkt 285 750 0.38 1
Pkt 304 800 0.38 1
Rate:760.417
==========
==========98
6 0 2 24000
Node 31 34 24.8395
Pkt 57 150 0.38 1
Pkt 61 160 0.38125 1
Node 59 27 24.6982
Pkt 122 320 0.38125 1
Pkt 114 300 0.38 1
Node 69 58 20.6155
Pkt 304 800 0.38 1
Pkt 304 800 0.38 1
Node 48 39 11.1803
Pkt 73 192 0.380208 1
Pkt 46 120 0.383333 1
Node 50 26 24
Pkt 183 480 0.38125 1
Pkt 122 320 0.38125 1
Node 43 48 7.28011
Pkt 304 800 0.38 1
Pkt 285 750 0.38 1
Rate:761.424
==========
==========99
