6 0 2 24000
Node 33 72 27.8029
Pkt 45 125 0.36 1
Pkt 44 120 0.366667 1
Node 70 49 20.025
Pkt 135 375 0.36 1
Pkt 116 320 0.3625 1
Node 33 41 19.2354
Pkt 270 750 0.36 1
Pkt 270 750 0.36 1
Node 28 65 26.6271
Pkt 45 125 0.36 1
Pkt 72 200 0.36 1
Node 28 39 24.5967
Pkt 108 300 0.36 1
Pkt 144 400 0.36 1
Node 56 58 10
Pkt 288 800 0.36 1
Pkt 288 800 0.36 1
Rate:721.528
==========
==========0
6 0 2 24000
Node 34 59 18.3576
Pkt 45 125 0.36 1
Pkt 70 192 0.364583 1
Node 48 44 6.32456
Pkt 144 400 0.36 1
Pkt 144 400 0.36 1
Node 31 64 23.6008
Pkt 270 750 0.36 1
Pkt 288 800 0.36 1
Node 59 38 15
Pkt 45 125 0.36 1
Pkt 70 192 0.364583 1
Node 49 66 16.0312
Pkt 173 480 0.360417 1
Pkt 135 375 0.36 1
Node 37 39 17.0294
Pkt 288 800 0.36 1
Pkt 270 750 0.36 1
Rate:721.597
==========
==========1
6 0 2 24000
Node 25 69 31.4006
Pkt 44 120 0.366667 1
Pkt 58 160 0.3625 1
Node 31 51 19.0263
Pkt 108 300 0.36 1
Pkt 173 480 0.360417 1
Node 46 36 14.5602
Pkt 288 800 0.36 1
Pkt 270 750 0.36 1
Node 56 39 12.53
Pkt 54 150 0.36 1
Pkt 45 125 0.36 1
Node 30 63 23.8537
Pkt 135 375 0.36 1
Pkt 173 480 0.360417 1
Node 71 65 25.807
Pkt 288 800 0.36 1
Pkt 270 750 0.36 1
Rate:721.667
==========
==========2
6 0 2 24000
Node 68 50 18
Pkt 72 200 0.36 1
Pkt 90 250 0.36 1
Node 52 60 10.198
Pkt 144 400 0.36 1
Pkt 108 300 0.36 1
Node 28 25 33.3017
Pkt 288 800 0.36 1
Pkt 288 800 0.36 1
Node 60 38 15.6205
Pkt 72 200 0.36 1
Pkt 36 100 0.36 1
Node 73 72 31.8277
Pkt 173 480 0.360417 1
Pkt 173 480 0.360417 1
Node 31 50 19
Pkt 288 800 0.36 1
Pkt 270 750 0.36 1
Rate:720.139
==========
==========3
6 0 2 24000
Node 33 35 22.6716
Pkt 36 100 0.36 1
Pkt 72 200 0.36 1
Node 72 59 23.7697
Pkt 144 400 0.36 1
Pkt 173 480 0.360417 1
Node 38 70 23.3238
Pkt 270 750 0.36 1
Pkt 288 800 0.36 1
Node 47 60 10.4403
Pkt 54 150 0.36 1
Pkt 36 100 0.36 1
Node 74 29 31.8904
Pkt 116 320 0.3625 1
Pkt 116 320 0.3625 1
Node 70 63 23.8537
Pkt 270 750 0.36 1
Pkt 288 800 0.36 1
Rate:720.903
==========
==========4
6 0 2 24000
Node 57 54 8.06226
Pkt 36 100 0.36 1
Pkt 72 200 0.36 1
Node 35 55 15.8114
Pkt 116 320 0.3625 1
Pkt 135 375 0.36 1
Node 38 71 24.1868
Pkt 288 800 0.36 1
Pkt 288 800 0.36 1
Node 49 36 14.0357
Pkt 45 125 0.36 1
Pkt 45 125 0.36 1
Node 69 65 24.2074
Pkt 173 480 0.360417 1
Pkt 144 400 0.36 1
Node 46 31 19.4165
Pkt 288 800 0.36 1
Pkt 270 750 0.36 1
Rate:720.486
==========
==========5
6 0 2 24000
Node 74 64 27.7849
Pkt 70 192 0.364583 1
Pkt 58 160 0.3625 1
Node 48 41 9.21954
Pkt 144 400 0.36 1
Pkt 116 320 0.3625 1
Node 54 56 7.2111
Pkt 270 750 0.36 1
Pkt 288 800 0.36 1
Node 52 71 21.095
Pkt 90 250 0.36 1
Pkt 72 200 0.36 1
Node 70 73 30.4795
Pkt 144 400 0.36 1
Pkt 173 480 0.360417 1
Node 63 49 13.0384
Pkt 270 750 0.36 1
Pkt 288 800 0.36 1
Rate:721.667
==========
==========6
6 0 2 24000
Node 64 29 25.2389
Pkt 70 192 0.364583 1
Pkt 70 192 0.364583 1
Node 36 71 25.2389
Pkt 108 300 0.36 1
Pkt 116 320 0.3625 1
Node 42 36 16.1245
Pkt 288 800 0.36 1
Pkt 288 800 0.36 1
Node 71 49 21.0238
Pkt 90 250 0.36 1
Pkt 90 250 0.36 1
Node 65 57 16.5529
Pkt 144 400 0.36 1
Pkt 108 300 0.36 1
Node 55 59 10.2956
Pkt 270 750 0.36 1
Pkt 270 750 0.36 1
Rate:721.944
==========
==========7
6 0 2 24000
Node 40 48 10.198
Pkt 70 192 0.364583 1
Pkt 54 150 0.36 1
Node 55 57 8.60233
Pkt 108 300 0.36 1
Pkt 135 375 0.36 1
Node 60 66 18.868
Pkt 270 750 0.36 1
Pkt 270 750 0.36 1
Node 48 63 13.1529
Pkt 70 192 0.364583 1
Pkt 44 120 0.366667 1
Node 50 48 2
Pkt 108 300 0.36 1
Pkt 116 320 0.3625 1
Node 67 74 29.4109
Pkt 270 750 0.36 1
Pkt 270 750 0.36 1
Rate:723.056
==========
==========8
6 0 2 24000
Node 29 60 23.2594
Pkt 44 120 0.366667 1
Pkt 36 100 0.36 1
Node 41 27 24.6982
Pkt 173 480 0.360417 1
Pkt 135 375 0.36 1
Node 29 44 21.8403
Pkt 288 800 0.36 1
Pkt 288 800 0.36 1
Node 28 33 27.8029
Pkt 45 125 0.36 1
Pkt 90 250 0.36 1
Node 25 59 26.5707
Pkt 116 320 0.3625 1
Pkt 135 375 0.36 1
Node 52 52 2.82843
Pkt 270 750 0.36 1
Pkt 288 800 0.36 1
Rate:721.597
==========
==========9
6 0 2 24000
Node 60 47 10.4403
Pkt 70 192 0.364583 1
Pkt 58 160 0.3625 1
Node 45 58 9.43398
Pkt 108 300 0.36 1
Pkt 108 300 0.36 1
Node 48 33 17.1172
Pkt 270 750 0.36 1
Pkt 270 750 0.36 1
Node 43 47 7.61577
Pkt 58 160 0.3625 1
Pkt 87 240 0.3625 1
Node 74 62 26.8328
Pkt 108 300 0.36 1
Pkt 135 375 0.36 1
Node 44 30 20.8806
Pkt 288 800 0.36 1
Pkt 270 750 0.36 1
Rate:722.014
==========
==========10
6 0 2 24000
Node 55 65 15.8114
Pkt 72 200 0.36 1
Pkt 70 192 0.364583 1
Node 33 74 29.4109
Pkt 116 320 0.3625 1
Pkt 116 320 0.3625 1
Node 35 49 15.0333
Pkt 288 800 0.36 1
Pkt 270 750 0.36 1
Node 67 47 17.2627
Pkt 87 240 0.3625 1
Pkt 54 150 0.36 1
Node 62 74 26.8328
Pkt 108 300 0.36 1
Pkt 108 300 0.36 1
Node 44 25 25.7099
Pkt 288 800 0.36 1
Pkt 270 750 0.36 1
Rate:722.014
==========
==========11
6 0 2 24000
Node 25 37 28.178
Pkt 87 240 0.3625 1
Pkt 44 120 0.366667 1
Node 54 55 6.40312
Pkt 144 400 0.36 1
Pkt 108 300 0.36 1
Node 44 49 6.08276
Pkt 288 800 0.36 1
Pkt 270 750 0.36 1
Node 58 33 18.7883
Pkt 87 240 0.3625 1
Pkt 58 160 0.3625 1
Node 53 35 15.2971
Pkt 135 375 0.36 1
Pkt 144 400 0.36 1
Node 51 56 6.08276
Pkt 270 750 0.36 1
Pkt 270 750 0.36 1
Rate:722.361
==========
==========12
6 0 2 24000
Node 37 59 15.8114
Pkt 45 125 0.36 1
Pkt 44 120 0.366667 1
Node 70 45 20.6155
Pkt 144 400 0.36 1
Pkt 144 400 0.36 1
Node 60 49 10.0499
Pkt 270 750 0.36 1
Pkt 270 750 0.36 1
Node 30 35 25
Pkt 36 100 0.36 1
Pkt 45 125 0.36 1
Node 42 62 14.4222
Pkt 144 400 0.36 1
Pkt 135 375 0.36 1
Node 53 41 9.48683
Pkt 270 750 0.36 1
Pkt 270 750 0.36 1
Rate:721.111
==========
==========13
6 0 2 24000
Node 42 60 12.8062
Pkt 70 192 0.364583 1
Pkt 72 200 0.36 1
Node 31 30 27.5862
Pkt 108 300 0.36 1
Pkt 173 480 0.360417 1
Node 58 56 10
Pkt 270 750 0.36 1
Pkt 270 750 0.36 1
Node 54 39 11.7047
Pkt 58 160 0.3625 1
Pkt 58 160 0.3625 1
Node 67 69 25.4951
Pkt 135 375 0.36 1
Pkt 173 480 0.360417 1
Node 31 33 25.4951
Pkt 288 800 0.36 1
Pkt 288 800 0.36 1
Rate:721.736
==========
==========14
6 0 2 24000
Node 51 52 2.23607
Pkt 87 240 0.3625 1
Pkt 87 240 0.3625 1
Node 50 49 1
Pkt 116 320 0.3625 1
Pkt 116 320 0.3625 1
Node 72 66 27.2029
Pkt 288 800 0.36 1
Pkt 270 750 0.36 1
Node 47 45 5.83095
Pkt 36 100 0.36 1
Pkt 87 240 0.3625 1
Node 57 67 18.3848
Pkt 108 300 0.36 1
Pkt 108 300 0.36 1
Node 40 59 13.4536
Pkt 270 750 0.36 1
Pkt 288 800 0.36 1
Rate:722.083
==========
==========15
6 0 2 24000
Node 38 64 18.4391
Pkt 54 150 0.36 1
Pkt 44 120 0.366667 1
Node 49 56 6.08276
Pkt 116 320 0.3625 1
Pkt 135 375 0.36 1
Node 25 54 25.318
Pkt 288 800 0.36 1
Pkt 288 800 0.36 1
Node 56 27 23.7697
Pkt 72 200 0.36 1
Pkt 70 192 0.364583 1
Node 62 56 13.4164
Pkt 144 400 0.36 1
Pkt 116 320 0.3625 1
Node 70 25 32.0156
Pkt 270 750 0.36 1
Pkt 288 800 0.36 1
Rate:722.708
==========
==========16
6 0 2 24000
Node 48 43 7.28011
Pkt 58 160 0.3625 1
Pkt 44 120 0.366667 1
Node 29 43 22.1359
Pkt 173 480 0.360417 1
Pkt 144 400 0.36 1
Node 47 31 19.2354
Pkt 270 750 0.36 1
Pkt 270 750 0.36 1
Node 33 51 17.0294
Pkt 70 192 0.364583 1
Pkt 45 125 0.36 1
Node 39 42 13.6015
Pkt 116 320 0.3625 1
Pkt 144 400 0.36 1
Node 60 52 10.198
Pkt 270 750 0.36 1
Pkt 288 800 0.36 1
Rate:722.778
==========
==========17
6 0 2 24000
Node 71 28 30.4138
Pkt 54 150 0.36 1
Pkt 72 200 0.36 1
Node 27 69 29.8329
Pkt 173 480 0.360417 1
Pkt 144 400 0.36 1
Node 25 61 27.313
Pkt 288 800 0.36 1
Pkt 270 750 0.36 1
Node 32 72 28.4253
Pkt 90 250 0.36 1
Pkt 58 160 0.3625 1
Node 27 59 24.6982
Pkt 135 375 0.36 1
Pkt 116 320 0.3625 1
Node 57 40 12.2066
Pkt 270 750 0.36 1
Pkt 270 750 0.36 1
Rate:720.903
==========
==========18
6 0 2 24000
Node 44 49 6.08276
Pkt 45 125 0.36 1
Pkt 36 100 0.36 1
Node 30 34 25.6125
Pkt 108 300 0.36 1
Pkt 116 320 0.3625 1
Node 53 29 21.2132
Pkt 270 750 0.36 1
Pkt 270 750 0.36 1
Node 65 37 19.8494
Pkt 58 160 0.3625 1
Pkt 58 160 0.3625 1
Node 36 57 15.6525
Pkt 108 300 0.36 1
Pkt 173 480 0.360417 1
Node 44 43 9.21954
Pkt 270 750 0.36 1
Pkt 270 750 0.36 1
Rate:721.319
==========
==========19
6 0 2 24000
Node 55 25 25.4951
Pkt 36 100 0.36 1
Pkt 45 125 0.36 1
Node 31 38 22.4722
Pkt 173 480 0.360417 1
Pkt 135 375 0.36 1
Node 46 39 11.7047
Pkt 270 750 0.36 1
Pkt 288 800 0.36 1
Node 27 60 25.0799
Pkt 87 240 0.3625 1
Pkt 45 125 0.36 1
Node 46 74 24.3311
Pkt 108 300 0.36 1
Pkt 116 320 0.3625 1
Node 26 42 25.2982
Pkt 270 750 0.36 1
Pkt 288 800 0.36 1
Rate:720.903
==========
==========20
6 0 2 24000
Node 38 36 18.4391
Pkt 45 125 0.36 1
Pkt 90 250 0.36 1
Node 46 30 20.3961
Pkt 135 375 0.36 1
Pkt 108 300 0.36 1
Node 61 67 20.2485
Pkt 288 800 0.36 1
Pkt 288 800 0.36 1
Node 28 63 25.5539
Pkt 72 200 0.36 1
Pkt 72 200 0.36 1
Node 53 28 22.2036
Pkt 108 300 0.36 1
Pkt 116 320 0.3625 1
Node 72 74 32.5576
Pkt 270 750 0.36 1
Pkt 270 750 0.36 1
Rate:720.417
==========
==========21
6 0 2 24000
Node 57 34 17.4642
Pkt 70 192 0.364583 1
Pkt 90 250 0.36 1
Node 46 62 12.6491
Pkt 144 400 0.36 1
Pkt 108 300 0.36 1
Node 41 40 13.4536
Pkt 288 800 0.36 1
Pkt 288 800 0.36 1
Node 32 56 18.9737
Pkt 58 160 0.3625 1
Pkt 58 160 0.3625 1
Node 46 67 17.4642
Pkt 135 375 0.36 1
Pkt 144 400 0.36 1
Node 39 51 11.0454
Pkt 288 800 0.36 1
Pkt 288 800 0.36 1
Rate:721.597
==========
==========22
6 0 2 24000
Node 59 40 13.4536
Pkt 70 192 0.364583 1
Pkt 54 150 0.36 1
Node 71 25 32.6497
Pkt 108 300 0.36 1
Pkt 108 300 0.36 1
Node 67 34 23.3452
Pkt 270 750 0.36 1
Pkt 288 800 0.36 1
Node 48 42 8.24621
Pkt 45 125 0.36 1
Pkt 36 100 0.36 1
Node 62 71 24.1868
Pkt 173 480 0.360417 1
Pkt 135 375 0.36 1
Node 38 41 15
Pkt 288 800 0.36 1
Pkt 288 800 0.36 1
Rate:720.833
==========
==========23
6 0 2 24000
Node 26 56 24.7386
Pkt 87 240 0.3625 1
Pkt 87 240 0.3625 1
Node 54 27 23.3452
Pkt 135 375 0.36 1
Pkt 135 375 0.36 1
Node 68 48 18.1108
Pkt 288 800 0.36 1
Pkt 270 750 0.36 1
Node 52 37 13.1529
Pkt 58 160 0.3625 1
Pkt 54 150 0.36 1
Node 74 29 31.8904
Pkt 173 480 0.360417 1
Pkt 108 300 0.36 1
Node 26 51 24.0208
Pkt 288 800 0.36 1
Pkt 270 750 0.36 1
Rate:721.319
==========
==========24
6 0 2 24000
Node 74 67 29.4109
Pkt 45 125 0.36 1
Pkt 54 150 0.36 1
Node 49 46 4.12311
Pkt 173 480 0.360417 1
Pkt 173 480 0.360417 1
Node 51 35 15.0333
Pkt 288 800 0.36 1
Pkt 288 800 0.36 1
Node 30 32 26.9072
Pkt 58 160 0.3625 1
Pkt 54 150 0.36 1
Node 62 63 17.6918
Pkt 173 480 0.360417 1
Pkt 144 400 0.36 1
Node 66 58 17.8885
Pkt 288 800 0.36 1
Pkt 288 800 0.36 1
Rate:720.625
==========
==========25
6 0 2 24000
Node 57 69 20.2485
Pkt 90 250 0.36 1
Pkt 54 150 0.36 1
Node 33 31 25.4951
Pkt 108 300 0.36 1
Pkt 108 300 0.36 1
Node 44 38 13.4164
Pkt 270 750 0.36 1
Pkt 288 800 0.36 1
Node 64 56 15.2315
Pkt 90 250 0.36 1
Pkt 58 160 0.3625 1
Node 71 52 21.095
Pkt 144 400 0.36 1
Pkt 116 320 0.3625 1
Node 74 49 24.0208
Pkt 288 800 0.36 1
Pkt 288 800 0.36 1
Rate:720.833
==========
==========26
6 0 2 24000
Node 26 34 28.8444
Pkt 87 240 0.3625 1
Pkt 45 125 0.36 1
Node 40 57 12.2066
Pkt 116 320 0.3625 1
Pkt 108 300 0.36 1
Node 69 51 19.0263
Pkt 270 750 0.36 1
Pkt 270 750 0.36 1
Node 66 30 25.6125
Pkt 58 160 0.3625 1
Pkt 44 120 0.366667 1
Node 27 36 26.9258
Pkt 116 320 0.3625 1
Pkt 116 320 0.3625 1
Node 44 43 9.21954
Pkt 270 750 0.36 1
Pkt 270 750 0.36 1
Rate:723.194
==========
==========27
6 0 2 24000
Node 36 64 19.799
Pkt 58 160 0.3625 1
Pkt 70 192 0.364583 1
Node 68 60 20.5913
Pkt 108 300 0.36 1
Pkt 108 300 0.36 1
Node 52 41 9.21954
Pkt 270 750 0.36 1
Pkt 270 750 0.36 1
Node 49 48 2.23607
Pkt 36 100 0.36 1
Pkt 58 160 0.3625 1
Node 61 60 14.8661
Pkt 116 320 0.3625 1
Pkt 173 480 0.360417 1
Node 57 37 14.7648
Pkt 270 750 0.36 1
Pkt 270 750 0.36 1
Rate:722.083
==========
==========28
6 0 2 24000
Node 25 67 30.2324
Pkt 70 192 0.364583 1
Pkt 36 100 0.36 1
Node 29 60 23.2594
Pkt 135 375 0.36 1
Pkt 144 400 0.36 1
Node 74 69 30.6105
Pkt 288 800 0.36 1
Pkt 288 800 0.36 1
Node 45 62 13
Pkt 72 200 0.36 1
Pkt 45 125 0.36 1
Node 58 26 25.2982
Pkt 116 320 0.3625 1
Pkt 173 480 0.360417 1
Node 32 49 18.0278
Pkt 270 750 0.36 1
Pkt 288 800 0.36 1
Rate:721.25
==========
==========29
6 0 2 24000
Node 50 65 15
Pkt 87 240 0.3625 1
Pkt 36 100 0.36 1
Node 45 52 5.38516
Pkt 116 320 0.3625 1
Pkt 116 320 0.3625 1
Node 51 55 5.09902
Pkt 270 750 0.36 1
Pkt 270 750 0.36 1
Node 55 70 20.6155
Pkt 87 240 0.3625 1
Pkt 72 200 0.36 1
Node 37 35 19.8494
Pkt 135 375 0.36 1
Pkt 144 400 0.36 1
Node 52 48 2.82843
Pkt 270 750 0.36 1
Pkt 270 750 0.36 1
Rate:721.667
==========
==========30
6 0 2 24000
Node 33 42 18.7883
Pkt 70 192 0.364583 1
Pkt 54 150 0.36 1
Node 48 61 11.1803
Pkt 116 320 0.3625 1
Pkt 135 375 0.36 1
Node 31 46 19.4165
Pkt 270 750 0.36 1
Pkt 288 800 0.36 1
Node 26 47 24.1868
Pkt 45 125 0.36 1
Pkt 70 192 0.364583 1
Node 49 66 16.0312
Pkt 144 400 0.36 1
Pkt 144 400 0.36 1
Node 37 58 15.2643
Pkt 288 800 0.36 1
Pkt 288 800 0.36 1
Rate:721.944
==========
==========31
6 0 2 24000
Node 44 72 22.8035
Pkt 45 125 0.36 1
Pkt 90 250 0.36 1
Node 73 25 33.9706
Pkt 116 320 0.3625 1
Pkt 108 300 0.36 1
Node 52 50 2
Pkt 270 750 0.36 1
Pkt 288 800 0.36 1
Node 27 49 23.0217
Pkt 70 192 0.364583 1
Pkt 87 240 0.3625 1
Node 63 60 16.4012
Pkt 116 320 0.3625 1
Pkt 108 300 0.36 1
Node 57 68 19.3132
Pkt 288 800 0.36 1
Pkt 288 800 0.36 1
Rate:722.014
==========
==========32
6 0 2 24000
Node 30 59 21.9317
Pkt 70 192 0.364583 1
Pkt 90 250 0.36 1
Node 70 38 23.3238
Pkt 116 320 0.3625 1
Pkt 173 480 0.360417 1
Node 68 54 18.4391
Pkt 270 750 0.36 1
Pkt 288 800 0.36 1
Node 56 55 7.81025
Pkt 87 240 0.3625 1
Pkt 70 192 0.364583 1
Node 29 54 21.3776
Pkt 135 375 0.36 1
Pkt 135 375 0.36 1
Node 74 64 27.7849
Pkt 270 750 0.36 1
Pkt 288 800 0.36 1
Rate:722.431
==========
==========33
6 0 2 24000
Node 42 62 14.4222
Pkt 70 192 0.364583 1
Pkt 58 160 0.3625 1
Node 58 37 15.2643
Pkt 116 320 0.3625 1
Pkt 135 375 0.36 1
Node 32 34 24.0832
Pkt 288 800 0.36 1
Pkt 288 800 0.36 1
Node 62 60 15.6205
Pkt 58 160 0.3625 1
Pkt 36 100 0.36 1
Node 68 58 19.6977
Pkt 144 400 0.36 1
Pkt 135 375 0.36 1
Node 32 26 30
Pkt 270 750 0.36 1
Pkt 288 800 0.36 1
Rate:722.014
==========
==========34
6 0 2 24000
Node 54 70 20.3961
Pkt 54 150 0.36 1
Pkt 44 120 0.366667 1
Node 28 71 30.4138
Pkt 173 480 0.360417 1
Pkt 116 320 0.3625 1
Node 65 55 15.8114
Pkt 288 800 0.36 1
Pkt 288 800 0.36 1
Node 37 39 17.0294
Pkt 58 160 0.3625 1
Pkt 72 200 0.36 1
Node 70 38 23.3238
Pkt 135 375 0.36 1
Pkt 108 300 0.36 1
Node 47 38 12.3693
Pkt 288 800 0.36 1
Pkt 270 750 0.36 1
Rate:722.014
==========
==========35
6 0 2 24000
Node 65 39 18.6011
Pkt 54 150 0.36 1
Pkt 54 150 0.36 1
Node 28 63 25.5539
Pkt 173 480 0.360417 1
Pkt 116 320 0.3625 1
Node 29 36 25.2389
Pkt 270 750 0.36 1
Pkt 270 750 0.36 1
Node 46 37 13.6015
Pkt 58 160 0.3625 1
Pkt 70 192 0.364583 1
Node 32 25 30.8058
Pkt 173 480 0.360417 1
Pkt 108 300 0.36 1
Node 34 52 16.1245
Pkt 270 750 0.36 1
Pkt 270 750 0.36 1
Rate:721.736
==========
==========36
6 0 2 24000
Node 44 73 23.7697
Pkt 87 240 0.3625 1
Pkt 54 150 0.36 1
Node 66 33 23.3452
Pkt 144 400 0.36 1
Pkt 108 300 0.36 1
Node 39 70 22.8254
Pkt 270 750 0.36 1
Pkt 288 800 0.36 1
Node 54 25 25.318
Pkt 87 240 0.3625 1
Pkt 87 240 0.3625 1
Node 63 72 25.5539
Pkt 173 480 0.360417 1
Pkt 108 300 0.36 1
Node 30 28 29.7321
Pkt 270 750 0.36 1
Pkt 270 750 0.36 1
Rate:721.319
==========
==========37
6 0 2 24000
Node 39 45 12.083
Pkt 72 200 0.36 1
Pkt 45 125 0.36 1
Node 46 33 17.4642
Pkt 144 400 0.36 1
Pkt 116 320 0.3625 1
Node 48 68 18.1108
Pkt 270 750 0.36 1
Pkt 288 800 0.36 1
Node 56 36 15.2315
Pkt 72 200 0.36 1
Pkt 54 150 0.36 1
Node 45 73 23.5372
Pkt 144 400 0.36 1
Pkt 173 480 0.360417 1
Node 65 31 24.2074
Pkt 288 800 0.36 1
Pkt 270 750 0.36 1
Rate:720.486
==========
==========38
6 0 2 24000
Node 30 49 20.025
Pkt 87 240 0.3625 1
Pkt 44 120 0.366667 1
Node 70 30 28.2843
Pkt 108 300 0.36 1
Pkt 116 320 0.3625 1
Node 64 29 25.2389
Pkt 270 750 0.36 1
Pkt 270 750 0.36 1
Node 40 46 10.7703
Pkt 54 150 0.36 1
Pkt 44 120 0.366667 1
Node 27 34 28.0179
Pkt 144 400 0.36 1
Pkt 144 400 0.36 1
Node 39 38 16.2788
Pkt 270 750 0.36 1
Pkt 270 750 0.36 1
Rate:723.056
==========
==========39
6 0 2 24000
Node 34 72 27.2029
Pkt 87 240 0.3625 1
Pkt 70 192 0.364583 1
Node 25 70 32.0156
Pkt 173 480 0.360417 1
Pkt 173 480 0.360417 1
Node 51 74 24.0208
Pkt 270 750 0.36 1
Pkt 288 800 0.36 1
Node 67 56 18.0278
Pkt 90 250 0.36 1
Pkt 45 125 0.36 1
Node 32 35 23.4307
Pkt 135 375 0.36 1
Pkt 135 375 0.36 1
Node 36 66 21.2603
Pkt 288 800 0.36 1
Pkt 270 750 0.36 1
Rate:721.319
==========
==========40
6 0 2 24000
Node 31 43 20.2485
Pkt 54 150 0.36 1
Pkt 58 160 0.3625 1
Node 69 25 31.4006
Pkt 135 375 0.36 1
Pkt 108 300 0.36 1
Node 41 69 21.0238
Pkt 288 800 0.36 1
Pkt 288 800 0.36 1
Node 41 40 13.4536
Pkt 44 120 0.366667 1
Pkt 72 200 0.36 1
Node 66 40 18.868
Pkt 135 375 0.36 1
Pkt 116 320 0.3625 1
Node 66 60 18.868
Pkt 288 800 0.36 1
Pkt 270 750 0.36 1
Rate:721.944
==========
==========41
6 0 2 24000
Node 45 30 20.6155
Pkt 44 120 0.366667 1
Pkt 54 150 0.36 1
Node 64 67 22.0227
Pkt 116 320 0.3625 1
Pkt 144 400 0.36 1
Node 53 39 11.4018
Pkt 288 800 0.36 1
Pkt 288 800 0.36 1
Node 70 43 21.1896
Pkt 54 150 0.36 1
Pkt 72 200 0.36 1
Node 28 54 22.3607
Pkt 116 320 0.3625 1
Pkt 144 400 0.36 1
Node 37 27 26.4197
Pkt 270 750 0.36 1
Pkt 270 750 0.36 1
Rate:721.944
==========
==========42
6 0 2 24000
Node 72 71 30.4138
Pkt 70 192 0.364583 1
Pkt 58 160 0.3625 1
Node 30 71 29
Pkt 135 375 0.36 1
Pkt 108 300 0.36 1
Node 27 57 24.0416
Pkt 288 800 0.36 1
Pkt 288 800 0.36 1
Node 29 71 29.6985
Pkt 70 192 0.364583 1
Pkt 72 200 0.36 1
Node 48 55 5.38516
Pkt 116 320 0.3625 1
Pkt 116 320 0.3625 1
Node 52 41 9.21954
Pkt 270 750 0.36 1
Pkt 288 800 0.36 1
Rate:722.778
==========
==========43
6 0 2 24000
Node 42 31 20.6155
Pkt 90 250 0.36 1
Pkt 44 120 0.366667 1
Node 27 52 23.0868
Pkt 173 480 0.360417 1
Pkt 173 480 0.360417 1
Node 36 52 14.1421
Pkt 270 750 0.36 1
Pkt 270 750 0.36 1
Node 49 31 19.0263
Pkt 87 240 0.3625 1
Pkt 44 120 0.366667 1
Node 31 50 19
Pkt 108 300 0.36 1
Pkt 116 320 0.3625 1
Node 58 31 20.6155
Pkt 270 750 0.36 1
Pkt 288 800 0.36 1
Rate:723.194
==========
==========44
6 0 2 24000
Node 51 42 8.06226
Pkt 58 160 0.3625 1
Pkt 58 160 0.3625 1
Node 58 59 12.0416
Pkt 116 320 0.3625 1
Pkt 108 300 0.36 1
Node 56 43 9.21954
Pkt 288 800 0.36 1
Pkt 270 750 0.36 1
Node 36 38 18.4391
Pkt 45 125 0.36 1
Pkt 45 125 0.36 1
Node 30 35 25
Pkt 108 300 0.36 1
Pkt 116 320 0.3625 1
Node 58 39 13.6015
Pkt 270 750 0.36 1
Pkt 270 750 0.36 1
Rate:721.667
==========
==========45
6 0 2 24000
Node 50 61 11
Pkt 87 240 0.3625 1
Pkt 45 125 0.36 1
Node 52 34 16.1245
Pkt 116 320 0.3625 1
Pkt 108 300 0.36 1
Node 67 69 25.4951
Pkt 288 800 0.36 1
Pkt 288 800 0.36 1
Node 32 67 24.7588
Pkt 90 250 0.36 1
Pkt 36 100 0.36 1
Node 68 62 21.6333
Pkt 173 480 0.360417 1
Pkt 144 400 0.36 1
Node 57 48 7.28011
Pkt 288 800 0.36 1
Pkt 270 750 0.36 1
Rate:720.903
==========
==========46
6 0 2 24000
Node 49 57 7.07107
Pkt 70 192 0.364583 1
Pkt 54 150 0.36 1
Node 74 26 33.9411
Pkt 135 375 0.36 1
Pkt 116 320 0.3625 1
Node 32 71 27.6586
Pkt 270 750 0.36 1
Pkt 288 800 0.36 1
Node 70 38 23.3238
Pkt 87 240 0.3625 1
Pkt 70 192 0.364583 1
Node 68 40 20.5913
Pkt 135 375 0.36 1
Pkt 116 320 0.3625 1
Node 65 33 22.6716
Pkt 288 800 0.36 1
Pkt 270 750 0.36 1
Rate:722.778
==========
==========47
6 0 2 24000
Node 72 35 26.6271
Pkt 45 125 0.36 1
Pkt 45 125 0.36 1
Node 30 71 29
Pkt 135 375 0.36 1
Pkt 173 480 0.360417 1
Node 57 56 9.21954
Pkt 270 750 0.36 1
Pkt 270 750 0.36 1
Node 57 30 21.1896
Pkt 36 100 0.36 1
Pkt 87 240 0.3625 1
Node 71 44 21.8403
Pkt 173 480 0.360417 1
Pkt 116 320 0.3625 1
Node 56 35 16.1555
Pkt 288 800 0.36 1
Pkt 270 750 0.36 1
Rate:720.972
==========
==========48
6 0 2 24000
Node 43 42 10.6301
Pkt 70 192 0.364583 1
Pkt 44 120 0.366667 1
Node 61 53 11.4018
Pkt 173 480 0.360417 1
Pkt 135 375 0.36 1
Node 45 50 5
Pkt 288 800 0.36 1
Pkt 288 800 0.36 1
Node 59 56 10.8167
Pkt 87 240 0.3625 1
Pkt 87 240 0.3625 1
Node 68 34 24.0832
Pkt 144 400 0.36 1
Pkt 135 375 0.36 1
Node 50 64 14
Pkt 288 800 0.36 1
Pkt 288 800 0.36 1
Rate:722.778
==========
==========49
6 0 2 24000
Node 38 63 17.6918
Pkt 36 100 0.36 1
Pkt 90 250 0.36 1
Node 53 28 22.2036
Pkt 173 480 0.360417 1
Pkt 108 300 0.36 1
Node 50 63 13
Pkt 288 800 0.36 1
Pkt 270 750 0.36 1
Node 50 68 18
Pkt 54 150 0.36 1
Pkt 87 240 0.3625 1
Node 44 67 18.0278
Pkt 173 480 0.360417 1
Pkt 135 375 0.36 1
Node 54 51 4.12311
Pkt 288 800 0.36 1
Pkt 288 800 0.36 1
Rate:720.556
==========
==========50
6 0 2 24000
Node 42 61 13.6015
Pkt 87 240 0.3625 1
Pkt 72 200 0.36 1
Node 40 61 14.8661
Pkt 173 480 0.360417 1
Pkt 135 375 0.36 1
Node 55 65 15.8114
Pkt 288 800 0.36 1
Pkt 288 800 0.36 1
Node 58 54 8.94427
Pkt 72 200 0.36 1
Pkt 44 120 0.366667 1
Node 46 69 19.4165
Pkt 144 400 0.36 1
Pkt 144 400 0.36 1
Node 39 60 14.8661
Pkt 288 800 0.36 1
Pkt 270 750 0.36 1
Rate:721.597
==========
==========51
6 0 2 24000
Node 46 42 8.94427
Pkt 72 200 0.36 1
Pkt 90 250 0.36 1
Node 47 31 19.2354
Pkt 135 375 0.36 1
Pkt 116 320 0.3625 1
Node 31 39 21.9545
Pkt 288 800 0.36 1
Pkt 288 800 0.36 1
Node 40 63 16.4012
Pkt 70 192 0.364583 1
Pkt 36 100 0.36 1
Node 32 72 28.4253
Pkt 116 320 0.3625 1
Pkt 116 320 0.3625 1
Node 25 50 25
Pkt 270 750 0.36 1
Pkt 288 800 0.36 1
Rate:722.014
==========
==========52
6 0 2 24000
Node 74 65 28.3019
Pkt 90 250 0.36 1
Pkt 90 250 0.36 1
Node 34 36 21.2603
Pkt 116 320 0.3625 1
Pkt 173 480 0.360417 1
Node 73 37 26.4197
Pkt 270 750 0.36 1
Pkt 288 800 0.36 1
Node 70 65 25
Pkt 45 125 0.36 1
Pkt 90 250 0.36 1
Node 47 60 10.4403
Pkt 116 320 0.3625 1
Pkt 116 320 0.3625 1
Node 58 74 25.2982
Pkt 270 750 0.36 1
Pkt 270 750 0.36 1
Rate:721.319
==========
==========53
6 0 2 24000
Node 38 54 12.6491
Pkt 54 150 0.36 1
Pkt 54 150 0.36 1
Node 30 40 22.3607
Pkt 108 300 0.36 1
Pkt 173 480 0.360417 1
Node 70 64 24.4131
Pkt 288 800 0.36 1
Pkt 288 800 0.36 1
Node 46 51 4.12311
Pkt 54 150 0.36 1
Pkt 58 160 0.3625 1
Node 44 28 22.8035
Pkt 144 400 0.36 1
Pkt 144 400 0.36 1
Node 42 44 10
Pkt 288 800 0.36 1
Pkt 288 800 0.36 1
Rate:720.486
==========
==========54
6 0 2 24000
Node 28 51 22.0227
Pkt 90 250 0.36 1
Pkt 70 192 0.364583 1
Node 40 39 14.8661
Pkt 135 375 0.36 1
Pkt 144 400 0.36 1
Node 46 56 7.2111
Pkt 288 800 0.36 1
Pkt 288 800 0.36 1
Node 57 52 7.28011
Pkt 58 160 0.3625 1
Pkt 44 120 0.366667 1
Node 28 29 30.4138
Pkt 108 300 0.36 1
Pkt 135 375 0.36 1
Node 44 72 22.8035
Pkt 288 800 0.36 1
Pkt 288 800 0.36 1
Rate:722.292
==========
==========55
6 0 2 24000
Node 29 59 22.8473
Pkt 36 100 0.36 1
Pkt 72 200 0.36 1
Node 67 30 26.2488
Pkt 173 480 0.360417 1
Pkt 116 320 0.3625 1
Node 58 31 20.6155
Pkt 270 750 0.36 1
Pkt 270 750 0.36 1
Node 51 26 24.0208
Pkt 70 192 0.364583 1
Pkt 45 125 0.36 1
Node 62 33 20.8087
Pkt 116 320 0.3625 1
Pkt 144 400 0.36 1
Node 41 60 13.4536
Pkt 270 750 0.36 1
Pkt 270 750 0.36 1
Rate:721.667
==========
==========56
6 0 2 24000
Node 55 54 6.40312
Pkt 58 160 0.3625 1
Pkt 72 200 0.36 1
Node 41 68 20.1246
Pkt 116 320 0.3625 1
Pkt 135 375 0.36 1
Node 60 40 14.1421
Pkt 288 800 0.36 1
Pkt 288 800 0.36 1
Node 25 31 31.4006
Pkt 44 120 0.366667 1
Pkt 45 125 0.36 1
Node 53 54 5
Pkt 108 300 0.36 1
Pkt 135 375 0.36 1
Node 27 74 33.2415
Pkt 270 750 0.36 1
Pkt 270 750 0.36 1
Rate:721.944
==========
==========57
6 0 2 24000
Node 67 43 18.3848
Pkt 90 250 0.36 1
Pkt 72 200 0.36 1
Node 34 28 27.2029
Pkt 135 375 0.36 1
Pkt 116 320 0.3625 1
Node 58 33 18.7883
Pkt 270 750 0.36 1
Pkt 270 750 0.36 1
Node 52 52 2.82843
Pkt 87 240 0.3625 1
Pkt 54 150 0.36 1
Node 53 55 5.83095
Pkt 108 300 0.36 1
Pkt 135 375 0.36 1
Node 30 54 20.3961
Pkt 270 750 0.36 1
Pkt 288 800 0.36 1
Rate:720.833
==========
==========58
6 0 2 24000
Node 48 38 12.1655
Pkt 70 192 0.364583 1
Pkt 87 240 0.3625 1
Node 45 53 5.83095
Pkt 144 400 0.36 1
Pkt 135 375 0.36 1
Node 31 51 19.0263
Pkt 270 750 0.36 1
Pkt 270 750 0.36 1
Node 64 73 26.9258
Pkt 45 125 0.36 1
Pkt 90 250 0.36 1
Node 62 66 20
Pkt 144 400 0.36 1
Pkt 116 320 0.3625 1
Node 31 61 21.9545
Pkt 270 750 0.36 1
Pkt 288 800 0.36 1
Rate:721.597
==========
==========59
6 0 2 24000
Node 54 53 5
Pkt 45 125 0.36 1
Pkt 54 150 0.36 1
Node 65 51 15.0333
Pkt 144 400 0.36 1
Pkt 108 300 0.36 1
Node 63 34 20.6155
Pkt 270 750 0.36 1
Pkt 270 750 0.36 1
Node 57 42 10.6301
Pkt 44 120 0.366667 1
Pkt 54 150 0.36 1
Node 70 73 30.4795
Pkt 144 400 0.36 1
Pkt 144 400 0.36 1
Node 31 67 25.4951
Pkt 270 750 0.36 1
Pkt 270 750 0.36 1
Rate:721.111
==========
==========60
6 0 2 24000
Node 35 27 27.4591
Pkt 87 240 0.3625 1
Pkt 70 192 0.364583 1
Node 35 32 23.4307
Pkt 173 480 0.360417 1
Pkt 116 320 0.3625 1
Node 32 54 18.4391
Pkt 270 750 0.36 1
Pkt 288 800 0.36 1
Node 62 39 16.2788
Pkt 87 240 0.3625 1
Pkt 45 125 0.36 1
Node 63 28 25.5539
Pkt 116 320 0.3625 1
Pkt 116 320 0.3625 1
Node 50 43 7
Pkt 288 800 0.36 1
Pkt 270 750 0.36 1
Rate:722.917
==========
==========61
6 0 2 24000
Node 70 52 20.0998
Pkt 90 250 0.36 1
Pkt 54 150 0.36 1
Node 42 42 11.3137
Pkt 135 375 0.36 1
Pkt 144 400 0.36 1
Node 45 34 16.7631
Pkt 270 750 0.36 1
Pkt 288 800 0.36 1
Node 51 68 18.0278
Pkt 70 192 0.364583 1
Pkt 70 192 0.364583 1
Node 37 69 23.0217
Pkt 144 400 0.36 1
Pkt 144 400 0.36 1
Node 34 65 21.9317
Pkt 270 750 0.36 1
Pkt 270 750 0.36 1
Rate:721.528
==========
==========62
6 0 2 24000
Node 30 50 20
Pkt 54 150 0.36 1
Pkt 36 100 0.36 1
Node 38 52 12.1655
Pkt 135 375 0.36 1
Pkt 173 480 0.360417 1
Node 64 59 16.6433
Pkt 288 800 0.36 1
Pkt 270 750 0.36 1
Node 60 44 11.6619
Pkt 45 125 0.36 1
Pkt 90 250 0.36 1
Node 71 70 29
Pkt 116 320 0.3625 1
Pkt 116 320 0.3625 1
Node 56 66 17.088
Pkt 270 750 0.36 1
Pkt 288 800 0.36 1
Rate:720.903
==========
==========63
6 0 2 24000
Node 70 30 28.2843
Pkt 58 160 0.3625 1
Pkt 87 240 0.3625 1
Node 43 34 17.4642
Pkt 116 320 0.3625 1
Pkt 108 300 0.36 1
Node 34 57 17.4642
Pkt 270 750 0.36 1
Pkt 270 750 0.36 1
Node 48 57 7.28011
Pkt 70 192 0.364583 1
Pkt 58 160 0.3625 1
Node 58 54 8.94427
Pkt 116 320 0.3625 1
Pkt 173 480 0.360417 1
Node 30 39 22.8254
Pkt 270 750 0.36 1
Pkt 288 800 0.36 1
Rate:722.917
==========
==========64
6 0 2 24000
Node 28 42 23.4094
Pkt 44 120 0.366667 1
Pkt 72 200 0.36 1
Node 35 68 23.4307
Pkt 116 320 0.3625 1
Pkt 144 400 0.36 1
Node 26 51 24.0208
Pkt 270 750 0.36 1
Pkt 270 750 0.36 1
Node 52 45 5.38516
Pkt 45 125 0.36 1
Pkt 45 125 0.36 1
Node 61 60 14.8661
Pkt 144 400 0.36 1
Pkt 108 300 0.36 1
Node 45 34 16.7631
Pkt 270 750 0.36 1
Pkt 270 750 0.36 1
Rate:721.528
==========
==========65
6 0 2 24000
Node 31 46 19.4165
Pkt 44 120 0.366667 1
Pkt 58 160 0.3625 1
Node 30 73 30.4795
Pkt 135 375 0.36 1
Pkt 173 480 0.360417 1
Node 74 71 31.8904
Pkt 270 750 0.36 1
Pkt 288 800 0.36 1
Node 73 28 31.8277
Pkt 87 240 0.3625 1
Pkt 87 240 0.3625 1
Node 57 46 8.06226
Pkt 144 400 0.36 1
Pkt 144 400 0.36 1
Node 28 26 32.5576
Pkt 270 750 0.36 1
Pkt 288 800 0.36 1
Rate:722.431
==========
==========66
6 0 2 24000
Node 45 29 21.587
Pkt 36 100 0.36 1
Pkt 70 192 0.364583 1
Node 54 59 9.84886
Pkt 116 320 0.3625 1
Pkt 173 480 0.360417 1
Node 48 27 23.0868
Pkt 270 750 0.36 1
Pkt 270 750 0.36 1
Node 44 45 7.81025
Pkt 44 120 0.366667 1
Pkt 90 250 0.36 1
Node 51 36 14.0357
Pkt 173 480 0.360417 1
Pkt 144 400 0.36 1
Node 34 43 17.4642
Pkt 270 750 0.36 1
Pkt 288 800 0.36 1
Rate:722.431
==========
==========67
6 0 2 24000
Node 33 25 30.2324
Pkt 87 240 0.3625 1
Pkt 58 160 0.3625 1
Node 37 30 23.8537
Pkt 135 375 0.36 1
Pkt 173 480 0.360417 1
Node 50 56 6
Pkt 288 800 0.36 1
Pkt 270 750 0.36 1
Node 62 74 26.8328
Pkt 72 200 0.36 1
Pkt 87 240 0.3625 1
Node 53 37 13.3417
Pkt 144 400 0.36 1
Pkt 135 375 0.36 1
Node 36 39 17.8045
Pkt 288 800 0.36 1
Pkt 270 750 0.36 1
Rate:721.319
==========
==========68
6 0 2 24000
Node 39 64 17.8045
Pkt 36 100 0.36 1
Pkt 54 150 0.36 1
Node 44 34 17.088
Pkt 116 320 0.3625 1
Pkt 144 400 0.36 1
Node 70 66 25.6125
Pkt 288 800 0.36 1
Pkt 270 750 0.36 1
Node 64 38 18.4391
Pkt 44 120 0.366667 1
Pkt 45 125 0.36 1
Node 66 73 28.0179
Pkt 116 320 0.3625 1
Pkt 173 480 0.360417 1
Node 36 30 24.4131
Pkt 288 800 0.36 1
Pkt 288 800 0.36 1
Rate:722.014
==========
==========69
6 0 2 24000
Node 65 70 25
Pkt 90 250 0.36 1
Pkt 72 200 0.36 1
Node 69 67 25.4951
Pkt 144 400 0.36 1
Pkt 108 300 0.36 1
Node 55 57 8.60233
Pkt 288 800 0.36 1
Pkt 288 800 0.36 1
Node 30 53 20.2237
Pkt 44 120 0.366667 1
Pkt 58 160 0.3625 1
Node 57 54 8.06226
Pkt 135 375 0.36 1
Pkt 144 400 0.36 1
Node 33 26 29.4109
Pkt 270 750 0.36 1
Pkt 270 750 0.36 1
Rate:721.528
==========
==========70
6 0 2 24000
Node 51 46 4.12311
Pkt 58 160 0.3625 1
Pkt 70 192 0.364583 1
Node 48 29 21.095
Pkt 135 375 0.36 1
Pkt 135 375 0.36 1
Node 58 46 8.94427
Pkt 270 750 0.36 1
Pkt 270 750 0.36 1
Node 53 48 3.60555
Pkt 87 240 0.3625 1
Pkt 72 200 0.36 1
Node 59 67 19.2354
Pkt 108 300 0.36 1
Pkt 135 375 0.36 1
Node 66 72 27.2029
Pkt 270 750 0.36 1
Pkt 288 800 0.36 1
Rate:721.597
==========
==========71
6 0 2 24000
Node 39 55 12.083
Pkt 58 160 0.3625 1
Pkt 44 120 0.366667 1
Node 66 51 16.0312
Pkt 116 320 0.3625 1
Pkt 108 300 0.36 1
Node 51 36 14.0357
Pkt 288 800 0.36 1
Pkt 270 750 0.36 1
Node 52 52 2.82843
Pkt 44 120 0.366667 1
Pkt 87 240 0.3625 1
Node 69 66 24.8395
Pkt 173 480 0.360417 1
Pkt 135 375 0.36 1
Node 63 27 26.4197
Pkt 288 800 0.36 1
Pkt 288 800 0.36 1
Rate:723.542
==========
==========72
6 0 2 24000
Node 40 64 17.2047
Pkt 72 200 0.36 1
Pkt 36 100 0.36 1
Node 56 45 7.81025
Pkt 173 480 0.360417 1
Pkt 173 480 0.360417 1
Node 26 67 29.4109
Pkt 270 750 0.36 1
Pkt 270 750 0.36 1
Node 33 48 17.1172
Pkt 44 120 0.366667 1
Pkt 87 240 0.3625 1
Node 48 65 15.1327
Pkt 144 400 0.36 1
Pkt 173 480 0.360417 1
Node 69 46 19.4165
Pkt 270 750 0.36 1
Pkt 270 750 0.36 1
Rate:721.736
==========
==========73
6 0 2 24000
Node 31 47 19.2354
Pkt 87 240 0.3625 1
Pkt 54 150 0.36 1
Node 56 49 6.08276
Pkt 135 375 0.36 1
Pkt 108 300 0.36 1
Node 37 43 14.7648
Pkt 270 750 0.36 1
Pkt 288 800 0.36 1
Node 49 30 20.025
Pkt 90 250 0.36 1
Pkt 90 250 0.36 1
Node 65 65 21.2132
Pkt 116 320 0.3625 1
Pkt 144 400 0.36 1
Node 45 51 5.09902
Pkt 288 800 0.36 1
Pkt 288 800 0.36 1
Rate:720.833
==========
==========74
6 0 2 24000
Node 29 33 27.0185
Pkt 36 100 0.36 1
Pkt 72 200 0.36 1
Node 55 63 13.9284
Pkt 116 320 0.3625 1
Pkt 116 320 0.3625 1
Node 70 63 23.8537
Pkt 270 750 0.36 1
Pkt 270 750 0.36 1
Node 34 67 23.3452
Pkt 90 250 0.36 1
Pkt 72 200 0.36 1
Node 72 62 25.0599
Pkt 173 480 0.360417 1
Pkt 108 300 0.36 1
Node 57 53 7.61577
Pkt 270 750 0.36 1
Pkt 288 800 0.36 1
Rate:720.903
==========
==========75
6 0 2 24000
Node 61 28 24.5967
Pkt 72 200 0.36 1
Pkt 70 192 0.364583 1
Node 39 38 16.2788
Pkt 144 400 0.36 1
Pkt 144 400 0.36 1
Node 52 74 24.0832
Pkt 270 750 0.36 1
Pkt 288 800 0.36 1
Node 37 34 20.6155
Pkt 54 150 0.36 1
Pkt 70 192 0.364583 1
Node 32 43 19.3132
Pkt 135 375 0.36 1
Pkt 116 320 0.3625 1
Node 29 47 21.2132
Pkt 288 800 0.36 1
Pkt 270 750 0.36 1
Rate:721.944
==========
==========76
6 0 2 24000
Node 68 73 29.2062
Pkt 72 200 0.36 1
Pkt 70 192 0.364583 1
Node 42 25 26.2488
Pkt 108 300 0.36 1
Pkt 108 300 0.36 1
Node 26 67 29.4109
Pkt 288 800 0.36 1
Pkt 288 800 0.36 1
Node 70 57 21.1896
Pkt 72 200 0.36 1
Pkt 90 250 0.36 1
Node 35 34 21.9317
Pkt 135 375 0.36 1
Pkt 108 300 0.36 1
Node 73 63 26.4197
Pkt 270 750 0.36 1
Pkt 270 750 0.36 1
Rate:720.764
==========
==========77
6 0 2 24000
Node 62 56 13.4164
Pkt 44 120 0.366667 1
Pkt 45 125 0.36 1
Node 63 57 14.7648
Pkt 116 320 0.3625 1
Pkt 116 320 0.3625 1
Node 41 48 9.21954
Pkt 288 800 0.36 1
Pkt 288 800 0.36 1
Node 33 52 17.1172
Pkt 70 192 0.364583 1
Pkt 54 150 0.36 1
Node 45 65 15.8114
Pkt 144 400 0.36 1
Pkt 144 400 0.36 1
Node 45 35 15.8114
Pkt 270 750 0.36 1
Pkt 270 750 0.36 1
Rate:722.708
==========
==========78
6 0 2 24000
Node 46 52 4.47214
Pkt 58 160 0.3625 1
Pkt 45 125 0.36 1
Node 38 35 19.2094
Pkt 116 320 0.3625 1
Pkt 173 480 0.360417 1
Node 39 52 11.1803
Pkt 270 750 0.36 1
Pkt 288 800 0.36 1
Node 31 30 27.5862
Pkt 58 160 0.3625 1
Pkt 45 125 0.36 1
Node 64 53 14.3178
Pkt 116 320 0.3625 1
Pkt 135 375 0.36 1
Node 64 41 16.6433
Pkt 288 800 0.36 1
Pkt 270 750 0.36 1
Rate:721.736
==========
==========79
6 0 2 24000
Node 44 54 7.2111
Pkt 44 120 0.366667 1
Pkt 44 120 0.366667 1
Node 71 73 31.1448
Pkt 144 400 0.36 1
Pkt 135 375 0.36 1
Node 32 47 18.2483
Pkt 270 750 0.36 1
Pkt 270 750 0.36 1
Node 71 55 21.587
Pkt 36 100 0.36 1
Pkt 54 150 0.36 1
Node 37 70 23.8537
Pkt 144 400 0.36 1
Pkt 108 300 0.36 1
Node 47 53 4.24264
Pkt 288 800 0.36 1
Pkt 270 750 0.36 1
Rate:722.222
==========
==========80
6 0 2 24000
Node 51 73 23.0217
Pkt 58 160 0.3625 1
Pkt 36 100 0.36 1
Node 69 50 19
Pkt 173 480 0.360417 1
Pkt 108 300 0.36 1
Node 59 74 25.632
Pkt 288 800 0.36 1
Pkt 270 750 0.36 1
Node 53 29 21.2132
Pkt 54 150 0.36 1
Pkt 72 200 0.36 1
Node 63 52 13.1529
Pkt 173 480 0.360417 1
Pkt 144 400 0.36 1
Node 45 51 5.09902
Pkt 288 800 0.36 1
Pkt 288 800 0.36 1
Rate:720.556
==========
==========81
6 0 2 24000
Node 33 62 20.8087
Pkt 54 150 0.36 1
Pkt 36 100 0.36 1
Node 68 27 29.2062
Pkt 135 375 0.36 1
Pkt 108 300 0.36 1
Node 70 71 29
Pkt 270 750 0.36 1
Pkt 270 750 0.36 1
Node 52 46 4.47214
Pkt 36 100 0.36 1
Pkt 36 100 0.36 1
Node 61 63 17.0294
Pkt 108 300 0.36 1
Pkt 108 300 0.36 1
Node 71 69 28.3196
Pkt 288 800 0.36 1
Pkt 288 800 0.36 1
Rate:720
==========
==========82
6 0 2 24000
Node 38 25 27.7308
Pkt 36 100 0.36 1
Pkt 58 160 0.3625 1
Node 53 47 4.24264
Pkt 108 300 0.36 1
Pkt 173 480 0.360417 1
Node 66 50 16
Pkt 270 750 0.36 1
Pkt 288 800 0.36 1
Node 42 64 16.1245
Pkt 70 192 0.364583 1
Pkt 45 125 0.36 1
Node 55 47 5.83095
Pkt 144 400 0.36 1
Pkt 108 300 0.36 1
Node 28 44 22.8035
Pkt 288 800 0.36 1
Pkt 270 750 0.36 1
Rate:721.25
==========
==========83
6 0 2 24000
Node 35 71 25.807
Pkt 44 120 0.366667 1
Pkt 54 150 0.36 1
Node 42 57 10.6301
Pkt 173 480 0.360417 1
Pkt 135 375 0.36 1
Node 33 44 18.0278
Pkt 270 750 0.36 1
Pkt 288 800 0.36 1
Node 33 57 18.3848
Pkt 87 240 0.3625 1
Pkt 58 160 0.3625 1
Node 37 36 19.105
Pkt 135 375 0.36 1
Pkt 108 300 0.36 1
Node 50 55 5
Pkt 270 750 0.36 1
Pkt 270 750 0.36 1
Rate:722.014
==========
==========84
6 0 2 24000
Node 36 48 14.1421
Pkt 90 250 0.36 1
Pkt 45 125 0.36 1
Node 53 38 12.3693
Pkt 116 320 0.3625 1
Pkt 135 375 0.36 1
Node 63 41 15.8114
Pkt 288 800 0.36 1
Pkt 270 750 0.36 1
Node 57 58 10.6301
Pkt 54 150 0.36 1
Pkt 54 150 0.36 1
Node 25 41 26.5707
Pkt 144 400 0.36 1
Pkt 144 400 0.36 1
Node 45 49 5.09902
Pkt 270 750 0.36 1
Pkt 270 750 0.36 1
Rate:720.417
==========
==========85
6 0 2 24000
Node 49 62 12.0416
Pkt 54 150 0.36 1
Pkt 87 240 0.3625 1
Node 33 65 22.6716
Pkt 135 375 0.36 1
Pkt 144 400 0.36 1
Node 47 62 12.3693
Pkt 270 750 0.36 1
Pkt 288 800 0.36 1
Node 25 72 33.3017
Pkt 72 200 0.36 1
Pkt 70 192 0.364583 1
Node 61 42 13.6015
Pkt 108 300 0.36 1
Pkt 108 300 0.36 1
Node 74 55 24.5153
Pkt 270 750 0.36 1
Pkt 288 800 0.36 1
Rate:721.181
==========
==========86
6 0 2 24000
Node 27 48 23.0868
Pkt 45 125 0.36 1
Pkt 90 250 0.36 1
Node 50 43 7
Pkt 135 375 0.36 1
Pkt 108 300 0.36 1
Node 38 41 15
Pkt 288 800 0.36 1
Pkt 270 750 0.36 1
Node 36 65 20.5183
Pkt 87 240 0.3625 1
Pkt 44 120 0.366667 1
Node 57 32 19.3132
Pkt 144 400 0.36 1
Pkt 108 300 0.36 1
Node 30 30 28.2843
Pkt 288 800 0.36 1
Pkt 288 800 0.36 1
Rate:721.528
==========
==========87
6 0 2 24000
Node 63 25 28.178
Pkt 70 192 0.364583 1
Pkt 44 120 0.366667 1
Node 44 67 18.0278
Pkt 116 320 0.3625 1
Pkt 173 480 0.360417 1
Node 71 58 22.4722
Pkt 288 800 0.36 1
Pkt 288 800 0.36 1
Node 49 57 7.07107
Pkt 44 120 0.366667 1
Pkt 90 250 0.36 1
Node 42 71 22.4722
Pkt 116 320 0.3625 1
Pkt 144 400 0.36 1
Node 33 50 17
Pkt 270 750 0.36 1
Pkt 270 750 0.36 1
Rate:723.889
==========
==========88
6 0 2 24000
Node 30 74 31.241
Pkt 87 240 0.3625 1
Pkt 36 100 0.36 1
Node 48 26 24.0832
Pkt 108 300 0.36 1
Pkt 108 300 0.36 1
Node 34 73 28.0179
Pkt 288 800 0.36 1
Pkt 288 800 0.36 1
Node 63 46 13.6015
Pkt 54 150 0.36 1
Pkt 54 150 0.36 1
Node 72 69 29.0689
Pkt 135 375 0.36 1
Pkt 144 400 0.36 1
Node 42 39 13.6015
Pkt 288 800 0.36 1
Pkt 288 800 0.36 1
Rate:720.417
==========
==========89
6 0 2 24000
Node 52 67 17.1172
Pkt 90 250 0.36 1
Pkt 45 125 0.36 1
Node 31 46 19.4165
Pkt 108 300 0.36 1
Pkt 108 300 0.36 1
Node 43 47 7.61577
Pkt 270 750 0.36 1
Pkt 270 750 0.36 1
Node 74 66 28.8444
Pkt 44 120 0.366667 1
Pkt 58 160 0.3625 1
Node 34 50 16
Pkt 173 480 0.360417 1
Pkt 116 320 0.3625 1
Node 36 26 27.7849
Pkt 270 750 0.36 1
Pkt 270 750 0.36 1
Rate:722.014
==========
==========90
6 0 2 24000
Node 72 44 22.8035
Pkt 54 150 0.36 1
Pkt 36 100 0.36 1
Node 35 36 20.5183
Pkt 135 375 0.36 1
Pkt 116 320 0.3625 1
Node 32 49 18.0278
Pkt 270 750 0.36 1
Pkt 270 750 0.36 1
Node 45 62 13
Pkt 36 100 0.36 1
Pkt 45 125 0.36 1
Node 44 69 19.9249
Pkt 173 480 0.360417 1
Pkt 173 480 0.360417 1
Node 37 33 21.4009
Pkt 270 750 0.36 1
Pkt 270 750 0.36 1
Rate:720.556
==========
==========91
6 0 2 24000
Node 69 70 27.5862
Pkt 58 160 0.3625 1
Pkt 87 240 0.3625 1
Node 56 42 10
Pkt 116 320 0.3625 1
Pkt 144 400 0.36 1
Node 68 67 24.7588
Pkt 270 750 0.36 1
Pkt 270 750 0.36 1
Node 68 49 18.0278
Pkt 36 100 0.36 1
Pkt 54 150 0.36 1
Node 58 31 20.6155
Pkt 108 300 0.36 1
Pkt 108 300 0.36 1
Node 67 37 21.4009
Pkt 270 750 0.36 1
Pkt 270 750 0.36 1
Rate:721.25
==========
==========92
6 0 2 24000
Node 32 47 18.2483
Pkt 90 250 0.36 1
Pkt 36 100 0.36 1
Node 41 36 16.6433
Pkt 173 480 0.360417 1
Pkt 135 375 0.36 1
Node 52 63 13.1529
Pkt 270 750 0.36 1
Pkt 270 750 0.36 1
Node 70 29 29
Pkt 54 150 0.36 1
Pkt 44 120 0.366667 1
Node 68 44 18.9737
Pkt 135 375 0.36 1
Pkt 135 375 0.36 1
Node 65 29 25.807
Pkt 288 800 0.36 1
Pkt 270 750 0.36 1
Rate:721.181
==========
==========93
6 0 2 24000
Node 30 50 20
Pkt 72 200 0.36 1
Pkt 45 125 0.36 1
Node 58 60 12.8062
Pkt 144 400 0.36 1
Pkt 116 320 0.3625 1
Node 35 38 19.2094
Pkt 288 800 0.36 1
Pkt 288 800 0.36 1
Node 59 32 20.1246
Pkt 45 125 0.36 1
Pkt 44 120 0.366667 1
Node 53 40 10.4403
Pkt 144 400 0.36 1
Pkt 108 300 0.36 1
Node 71 70 29
Pkt 288 800 0.36 1
Pkt 270 750 0.36 1
Rate:721.528
==========
==========94
6 0 2 24000
Node 32 61 21.095
Pkt 90 250 0.36 1
Pkt 72 200 0.36 1
Node 47 42 8.544
Pkt 116 320 0.3625 1
Pkt 108 300 0.36 1
Node 48 42 8.24621
Pkt 288 800 0.36 1
Pkt 270 750 0.36 1
Node 38 39 16.2788
Pkt 87 240 0.3625 1
Pkt 70 192 0.364583 1
Node 33 42 18.7883
Pkt 116 320 0.3625 1
Pkt 116 320 0.3625 1
Node 39 25 27.313
Pkt 288 800 0.36 1
Pkt 270 750 0.36 1
Rate:722.431
==========
==========95
6 0 2 24000
Node 74 54 24.3311
Pkt 90 250 0.36 1
Pkt 70 192 0.364583 1
Node 66 33 23.3452
Pkt 144 400 0.36 1
Pkt 144 400 0.36 1
Node 44 31 19.9249
Pkt 270 750 0.36 1
Pkt 288 800 0.36 1
Node 61 54 11.7047
Pkt 36 100 0.36 1
Pkt 45 125 0.36 1
Node 38 36 18.4391
Pkt 116 320 0.3625 1
Pkt 135 375 0.36 1
Node 69 49 19.0263
Pkt 270 750 0.36 1
Pkt 270 750 0.36 1
Rate:721.181
==========
==========96
6 0 2 24000
Node 54 40 10.7703
Pkt 44 120 0.366667 1
Pkt 72 200 0.36 1
Node 62 74 26.8328
Pkt 173 480 0.360417 1
Pkt 173 480 0.360417 1
Node 28 74 32.5576
Pkt 288 800 0.36 1
Pkt 288 800 0.36 1
Node 28 59 23.7697
Pkt 54 150 0.36 1
Pkt 44 120 0.366667 1
Node 33 28 27.8029
Pkt 116 320 0.3625 1
Pkt 173 480 0.360417 1
Node 65 34 21.9317
Pkt 270 750 0.36 1
Pkt 270 750 0.36 1
Rate:722.847
==========
==========97
6 0 2 24000
Node 39 45 12.083
Pkt 36 100 0.36 1
Pkt 45 125 0.36 1
Node 54 44 7.2111
Pkt 116 320 0.3625 1
Pkt 135 375 0.36 1
Node 55 35 15.8114
Pkt 288 800 0.36 1
Pkt 288 800 0.36 1
Node 50 60 10
Pkt 58 160 0.3625 1
Pkt 54 150 0.36 1
Node 25 48 25.0799
Pkt 135 375 0.36 1
Pkt 135 375 0.36 1
Node 32 44 18.9737
Pkt 270 750 0.36 1
Pkt 270 750 0.36 1
Rate:720.833
==========
==========98
6 0 2 24000
Node 28 34 27.2029
Pkt 90 250 0.36 1
Pkt 44 120 0.366667 1
Node 53 69 19.2354
Pkt 135 375 0.36 1
Pkt 116 320 0.3625 1
Node 40 48 10.198
Pkt 270 750 0.36 1
Pkt 288 800 0.36 1
Node 45 31 19.6469
Pkt 87 240 0.3625 1
Pkt 45 125 0.36 1
Node 42 42 11.3137
Pkt 108 300 0.36 1
Pkt 135 375 0.36 1
Node 47 35 15.2971
Pkt 270 750 0.36 1
Pkt 288 800 0.36 1
Rate:721.944
==========
==========99
