6 0 2 24000
Node 38 48 12.1655
Pkt 27 192 0.140625 1
Pkt 28 200 0.14 1
Node 63 55 13.9284
Pkt 56 400 0.14 1
Pkt 45 320 0.140625 1
Node 33 31 25.4951
Pkt 112 800 0.14 1
Pkt 105 750 0.14 1
Node 67 37 21.4009
Pkt 17 120 0.141667 1
Pkt 35 250 0.14 1
Node 58 40 12.8062
Pkt 42 300 0.14 1
Pkt 42 300 0.14 1
Node 27 65 27.4591
Pkt 105 750 0.14 1
Pkt 112 800 0.14 1
Rate:280.486
==========
==========0
6 0 2 24000
Node 73 60 25.0799
Pkt 28 200 0.14 1
Pkt 21 150 0.14 1
Node 55 47 5.83095
Pkt 53 375 0.141333 1
Pkt 56 400 0.14 1
Node 32 73 29.2062
Pkt 112 800 0.14 1
Pkt 112 800 0.14 1
Node 48 49 2.23607
Pkt 34 240 0.141667 1
Pkt 28 200 0.14 1
Node 44 32 18.9737
Pkt 42 300 0.14 1
Pkt 45 320 0.140625 1
Node 49 62 12.0416
Pkt 105 750 0.14 1
Pkt 105 750 0.14 1
Rate:280.604
==========
==========1
6 0 2 24000
Node 44 46 7.2111
Pkt 34 240 0.141667 1
Pkt 21 150 0.14 1
Node 64 71 25.2389
Pkt 68 480 0.141667 1
Pkt 45 320 0.140625 1
Node 32 42 19.6977
Pkt 112 800 0.14 1
Pkt 112 800 0.14 1
Node 55 46 6.40312
Pkt 17 120 0.141667 1
Pkt 14 100 0.14 1
Node 25 33 30.2324
Pkt 68 480 0.141667 1
Pkt 56 400 0.14 1
Node 63 46 13.6015
Pkt 105 750 0.14 1
Pkt 112 800 0.14 1
Rate:281.215
==========
==========2
6 0 2 24000
Node 33 41 19.2354
Pkt 18 125 0.144 1
Pkt 27 192 0.140625 1
Node 53 57 7.61577
Pkt 53 375 0.141333 1
Pkt 45 320 0.140625 1
Node 28 34 27.2029
Pkt 112 800 0.14 1
Pkt 105 750 0.14 1
Node 36 71 25.2389
Pkt 34 240 0.141667 1
Pkt 18 125 0.144 1
Node 64 61 17.8045
Pkt 56 400 0.14 1
Pkt 53 375 0.141333 1
Node 44 55 7.81025
Pkt 105 750 0.14 1
Pkt 112 800 0.14 1
Rate:282.264
==========
==========3
6 0 2 24000
Node 44 67 18.0278
Pkt 23 160 0.14375 1
Pkt 21 150 0.14 1
Node 39 56 12.53
Pkt 53 375 0.141333 1
Pkt 53 375 0.141333 1
Node 60 42 12.8062
Pkt 112 800 0.14 1
Pkt 105 750 0.14 1
Node 62 37 17.6918
Pkt 18 125 0.144 1
Pkt 35 250 0.14 1
Node 37 56 14.3178
Pkt 42 300 0.14 1
Pkt 53 375 0.141333 1
Node 57 71 22.1359
Pkt 105 750 0.14 1
Pkt 105 750 0.14 1
Rate:281.958
==========
==========4
6 0 2 24000
Node 26 66 28.8444
Pkt 27 192 0.140625 1
Pkt 34 240 0.141667 1
Node 36 45 14.8661
Pkt 42 300 0.14 1
Pkt 68 480 0.141667 1
Node 72 60 24.1661
Pkt 105 750 0.14 1
Pkt 112 800 0.14 1
Node 30 32 26.9072
Pkt 27 192 0.140625 1
Pkt 27 192 0.140625 1
Node 30 49 20.025
Pkt 42 300 0.14 1
Pkt 45 320 0.140625 1
Node 35 36 20.5183
Pkt 105 750 0.14 1
Pkt 105 750 0.14 1
Rate:280.972
==========
==========5
6 0 2 24000
Node 63 49 13.0384
Pkt 18 125 0.144 1
Pkt 35 250 0.14 1
Node 51 44 6.08276
Pkt 45 320 0.140625 1
Pkt 42 300 0.14 1
Node 68 56 18.9737
Pkt 112 800 0.14 1
Pkt 112 800 0.14 1
Node 69 35 24.2074
Pkt 34 240 0.141667 1
Pkt 23 160 0.14375 1
Node 65 32 23.4307
Pkt 68 480 0.141667 1
Pkt 56 400 0.14 1
Node 40 27 25.0799
Pkt 105 750 0.14 1
Pkt 105 750 0.14 1
Rate:281.951
==========
==========6
6 0 2 24000
Node 27 40 25.0799
Pkt 28 200 0.14 1
Pkt 14 100 0.14 1
Node 35 71 25.807
Pkt 53 375 0.141333 1
Pkt 56 400 0.14 1
Node 38 67 20.8087
Pkt 112 800 0.14 1
Pkt 105 750 0.14 1
Node 42 74 25.2982
Pkt 23 160 0.14375 1
Pkt 14 100 0.14 1
Node 47 39 11.4018
Pkt 68 480 0.141667 1
Pkt 68 480 0.141667 1
Node 69 68 26.1725
Pkt 105 750 0.14 1
Pkt 112 800 0.14 1
Rate:281.403
==========
==========7
6 0 2 24000
Node 65 52 15.1327
Pkt 18 125 0.144 1
Pkt 18 125 0.144 1
Node 50 44 6
Pkt 56 400 0.14 1
Pkt 53 375 0.141333 1
Node 44 63 14.3178
Pkt 105 750 0.14 1
Pkt 105 750 0.14 1
Node 50 65 15
Pkt 18 125 0.144 1
Pkt 14 100 0.14 1
Node 47 28 22.2036
Pkt 68 480 0.141667 1
Pkt 56 400 0.14 1
Node 41 49 9.05539
Pkt 112 800 0.14 1
Pkt 112 800 0.14 1
Rate:282.5
==========
==========8
6 0 2 24000
Node 69 58 20.6155
Pkt 35 250 0.14 1
Pkt 18 125 0.144 1
Node 27 60 25.0799
Pkt 42 300 0.14 1
Pkt 68 480 0.141667 1
Node 52 54 4.47214
Pkt 105 750 0.14 1
Pkt 112 800 0.14 1
Node 30 70 28.2843
Pkt 34 240 0.141667 1
Pkt 14 100 0.14 1
Node 31 36 23.6008
Pkt 56 400 0.14 1
Pkt 42 300 0.14 1
Node 32 68 25.4558
Pkt 112 800 0.14 1
Pkt 112 800 0.14 1
Rate:281.222
==========
==========9
6 0 2 24000
Node 70 40 22.3607
Pkt 34 240 0.141667 1
Pkt 27 192 0.140625 1
Node 73 27 32.5269
Pkt 42 300 0.14 1
Pkt 68 480 0.141667 1
Node 66 28 27.2029
Pkt 112 800 0.14 1
Pkt 112 800 0.14 1
Node 47 50 3
Pkt 14 100 0.14 1
Pkt 18 125 0.144 1
Node 53 57 7.61577
Pkt 42 300 0.14 1
Pkt 53 375 0.141333 1
Node 73 40 25.0799
Pkt 112 800 0.14 1
Pkt 105 750 0.14 1
Rate:281.549
==========
==========10
6 0 2 24000
Node 52 54 4.47214
Pkt 17 120 0.141667 1
Pkt 14 100 0.14 1
Node 71 61 23.7065
Pkt 42 300 0.14 1
Pkt 68 480 0.141667 1
Node 45 71 21.587
Pkt 112 800 0.14 1
Pkt 112 800 0.14 1
Node 64 65 20.5183
Pkt 34 240 0.141667 1
Pkt 18 125 0.144 1
Node 60 49 10.0499
Pkt 53 375 0.141333 1
Pkt 53 375 0.141333 1
Node 39 58 13.6015
Pkt 105 750 0.14 1
Pkt 105 750 0.14 1
Rate:281.944
==========
==========11
6 0 2 24000
Node 71 74 31.8904
Pkt 23 160 0.14375 1
Pkt 18 125 0.144 1
Node 59 45 10.2956
Pkt 56 400 0.14 1
Pkt 56 400 0.14 1
Node 55 61 12.083
Pkt 105 750 0.14 1
Pkt 112 800 0.14 1
Node 39 28 24.5967
Pkt 18 125 0.144 1
Pkt 27 192 0.140625 1
Node 25 38 27.7308
Pkt 53 375 0.141333 1
Pkt 45 320 0.140625 1
Node 51 27 23.0217
Pkt 105 750 0.14 1
Pkt 105 750 0.14 1
Rate:282.389
==========
==========12
6 0 2 24000
Node 26 62 26.8328
Pkt 17 120 0.141667 1
Pkt 34 240 0.141667 1
Node 42 51 8.06226
Pkt 53 375 0.141333 1
Pkt 68 480 0.141667 1
Node 30 58 21.5407
Pkt 112 800 0.14 1
Pkt 112 800 0.14 1
Node 52 38 12.1655
Pkt 14 100 0.14 1
Pkt 28 200 0.14 1
Node 71 53 21.2132
Pkt 68 480 0.141667 1
Pkt 68 480 0.141667 1
Node 41 73 24.6982
Pkt 105 750 0.14 1
Pkt 105 750 0.14 1
Rate:281.611
==========
==========13
6 0 2 24000
Node 43 49 7.07107
Pkt 35 250 0.14 1
Pkt 27 192 0.140625 1
Node 68 47 18.2483
Pkt 56 400 0.14 1
Pkt 42 300 0.14 1
Node 60 27 25.0799
Pkt 112 800 0.14 1
Pkt 112 800 0.14 1
Node 38 43 13.8924
Pkt 18 125 0.144 1
Pkt 14 100 0.14 1
Node 72 72 31.1127
Pkt 68 480 0.141667 1
Pkt 56 400 0.14 1
Node 29 73 31.1448
Pkt 112 800 0.14 1
Pkt 112 800 0.14 1
Rate:281.049
==========
==========14
6 0 2 24000
Node 72 53 22.2036
Pkt 14 100 0.14 1
Pkt 21 150 0.14 1
Node 49 25 25.02
Pkt 42 300 0.14 1
Pkt 42 300 0.14 1
Node 58 72 23.4094
Pkt 112 800 0.14 1
Pkt 112 800 0.14 1
Node 50 72 22
Pkt 35 250 0.14 1
Pkt 35 250 0.14 1
Node 62 42 14.4222
Pkt 42 300 0.14 1
Pkt 42 300 0.14 1
Node 56 35 16.1555
Pkt 112 800 0.14 1
Pkt 112 800 0.14 1
Rate:280
==========
==========15
6 0 2 24000
Node 57 58 10.6301
Pkt 35 250 0.14 1
Pkt 28 200 0.14 1
Node 69 44 19.9249
Pkt 56 400 0.14 1
Pkt 42 300 0.14 1
Node 48 58 8.24621
Pkt 105 750 0.14 1
Pkt 105 750 0.14 1
Node 66 37 20.6155
Pkt 21 150 0.14 1
Pkt 14 100 0.14 1
Node 31 70 27.5862
Pkt 68 480 0.141667 1
Pkt 42 300 0.14 1
Node 27 40 25.0799
Pkt 112 800 0.14 1
Pkt 112 800 0.14 1
Rate:280.278
==========
==========16
6 0 2 24000
Node 28 74 32.5576
Pkt 18 125 0.144 1
Pkt 17 120 0.141667 1
Node 30 51 20.025
Pkt 68 480 0.141667 1
Pkt 53 375 0.141333 1
Node 44 60 11.6619
Pkt 112 800 0.14 1
Pkt 112 800 0.14 1
Node 66 55 16.7631
Pkt 18 125 0.144 1
Pkt 23 160 0.14375 1
Node 45 57 8.60233
Pkt 68 480 0.141667 1
Pkt 53 375 0.141333 1
Node 66 25 29.6816
Pkt 105 750 0.14 1
Pkt 105 750 0.14 1
Rate:283.236
==========
==========17
6 0 2 24000
Node 25 44 25.7099
Pkt 21 150 0.14 1
Pkt 14 100 0.14 1
Node 59 57 11.4018
Pkt 53 375 0.141333 1
Pkt 56 400 0.14 1
Node 50 68 18
Pkt 112 800 0.14 1
Pkt 105 750 0.14 1
Node 61 30 22.8254
Pkt 17 120 0.141667 1
Pkt 27 192 0.140625 1
Node 50 63 13
Pkt 42 300 0.14 1
Pkt 45 320 0.140625 1
Node 50 33 17
Pkt 112 800 0.14 1
Pkt 112 800 0.14 1
Rate:280.708
==========
==========18
6 0 2 24000
Node 38 63 17.6918
Pkt 18 125 0.144 1
Pkt 34 240 0.141667 1
Node 35 27 27.4591
Pkt 56 400 0.14 1
Pkt 45 320 0.140625 1
Node 60 35 18.0278
Pkt 105 750 0.14 1
Pkt 105 750 0.14 1
Node 26 37 27.2947
Pkt 34 240 0.141667 1
Pkt 35 250 0.14 1
Node 70 56 20.8806
Pkt 56 400 0.14 1
Pkt 56 400 0.14 1
Node 67 68 24.7588
Pkt 112 800 0.14 1
Pkt 112 800 0.14 1
Rate:281.326
==========
==========19
6 0 2 24000
Node 33 53 17.2627
Pkt 35 250 0.14 1
Pkt 28 200 0.14 1
Node 42 45 9.43398
Pkt 45 320 0.140625 1
Pkt 42 300 0.14 1
Node 69 59 21.0238
Pkt 105 750 0.14 1
Pkt 112 800 0.14 1
Node 68 35 23.4307
Pkt 28 200 0.14 1
Pkt 27 192 0.140625 1
Node 59 74 25.632
Pkt 42 300 0.14 1
Pkt 56 400 0.14 1
Node 39 48 11.1803
Pkt 112 800 0.14 1
Pkt 105 750 0.14 1
Rate:280.208
==========
==========20
6 0 2 24000
Node 52 29 21.095
Pkt 14 100 0.14 1
Pkt 18 125 0.144 1
Node 68 60 20.5913
Pkt 45 320 0.140625 1
Pkt 42 300 0.14 1
Node 31 49 19.0263
Pkt 105 750 0.14 1
Pkt 105 750 0.14 1
Node 70 40 22.3607
Pkt 35 250 0.14 1
Pkt 17 120 0.141667 1
Node 51 73 23.0217
Pkt 68 480 0.141667 1
Pkt 45 320 0.140625 1
Node 69 73 29.8329
Pkt 105 750 0.14 1
Pkt 112 800 0.14 1
Rate:281.431
==========
==========21
6 0 2 24000
Node 43 54 8.06226
Pkt 18 125 0.144 1
Pkt 18 125 0.144 1
Node 57 47 7.61577
Pkt 53 375 0.141333 1
Pkt 45 320 0.140625 1
Node 31 34 24.8395
Pkt 105 750 0.14 1
Pkt 112 800 0.14 1
Node 73 67 28.6007
Pkt 14 100 0.14 1
Pkt 21 150 0.14 1
Node 35 69 24.2074
Pkt 45 320 0.140625 1
Pkt 42 300 0.14 1
Node 54 69 19.4165
Pkt 112 800 0.14 1
Pkt 112 800 0.14 1
Rate:281.764
==========
==========22
6 0 2 24000
Node 67 68 24.7588
Pkt 27 192 0.140625 1
Pkt 35 250 0.14 1
Node 73 52 23.0868
Pkt 68 480 0.141667 1
Pkt 56 400 0.14 1
Node 60 50 10
Pkt 112 800 0.14 1
Pkt 105 750 0.14 1
Node 56 27 23.7697
Pkt 27 192 0.140625 1
Pkt 34 240 0.141667 1
Node 64 59 16.6433
Pkt 45 320 0.140625 1
Pkt 68 480 0.141667 1
Node 44 73 23.7697
Pkt 105 750 0.14 1
Pkt 112 800 0.14 1
Rate:281.146
==========
==========23
6 0 2 24000
Node 35 70 25
Pkt 28 200 0.14 1
Pkt 14 100 0.14 1
Node 43 63 14.7648
Pkt 42 300 0.14 1
Pkt 53 375 0.141333 1
Node 27 55 23.5372
Pkt 105 750 0.14 1
Pkt 105 750 0.14 1
Node 51 71 21.0238
Pkt 28 200 0.14 1
Pkt 27 192 0.140625 1
Node 48 30 20.0998
Pkt 45 320 0.140625 1
Pkt 68 480 0.141667 1
Node 34 62 20
Pkt 105 750 0.14 1
Pkt 105 750 0.14 1
Rate:280.708
==========
==========24
6 0 2 24000
Node 57 38 13.8924
Pkt 34 240 0.141667 1
Pkt 21 150 0.14 1
Node 72 41 23.7697
Pkt 68 480 0.141667 1
Pkt 45 320 0.140625 1
Node 68 44 18.9737
Pkt 105 750 0.14 1
Pkt 105 750 0.14 1
Node 28 62 25.0599
Pkt 28 200 0.14 1
Pkt 18 125 0.144 1
Node 29 31 28.3196
Pkt 68 480 0.141667 1
Pkt 45 320 0.140625 1
Node 44 65 16.1555
Pkt 105 750 0.14 1
Pkt 112 800 0.14 1
Rate:281.708
==========
==========25
6 0 2 24000
Node 62 25 27.7308
Pkt 17 120 0.141667 1
Pkt 21 150 0.14 1
Node 54 49 4.12311
Pkt 68 480 0.141667 1
Pkt 42 300 0.14 1
Node 29 43 22.1359
Pkt 112 800 0.14 1
Pkt 105 750 0.14 1
Node 37 74 27.2947
Pkt 34 240 0.141667 1
Pkt 18 125 0.144 1
Node 26 51 24.0208
Pkt 42 300 0.14 1
Pkt 56 400 0.14 1
Node 42 44 10
Pkt 112 800 0.14 1
Pkt 105 750 0.14 1
Rate:281.5
==========
==========26
6 0 2 24000
Node 31 68 26.1725
Pkt 21 150 0.14 1
Pkt 18 125 0.144 1
Node 55 56 7.81025
Pkt 56 400 0.14 1
Pkt 68 480 0.141667 1
Node 46 40 10.7703
Pkt 105 750 0.14 1
Pkt 112 800 0.14 1
Node 65 47 15.2971
Pkt 18 125 0.144 1
Pkt 28 200 0.14 1
Node 72 30 29.7321
Pkt 42 300 0.14 1
Pkt 56 400 0.14 1
Node 38 56 13.4164
Pkt 105 750 0.14 1
Pkt 105 750 0.14 1
Rate:281.611
==========
==========27
6 0 2 24000
Node 25 38 27.7308
Pkt 28 200 0.14 1
Pkt 23 160 0.14375 1
Node 73 44 23.7697
Pkt 45 320 0.140625 1
Pkt 68 480 0.141667 1
Node 68 59 20.1246
Pkt 105 750 0.14 1
Pkt 105 750 0.14 1
Node 58 71 22.4722
Pkt 28 200 0.14 1
Pkt 14 100 0.14 1
Node 58 25 26.2488
Pkt 53 375 0.141333 1
Pkt 68 480 0.141667 1
Node 60 29 23.2594
Pkt 112 800 0.14 1
Pkt 105 750 0.14 1
Rate:281.507
==========
==========28
6 0 2 24000
Node 62 60 15.6205
Pkt 34 240 0.141667 1
Pkt 14 100 0.14 1
Node 60 42 12.8062
Pkt 68 480 0.141667 1
Pkt 42 300 0.14 1
Node 64 45 14.8661
Pkt 105 750 0.14 1
Pkt 112 800 0.14 1
Node 44 46 7.2111
Pkt 23 160 0.14375 1
Pkt 18 125 0.144 1
Node 50 56 6
Pkt 53 375 0.141333 1
Pkt 53 375 0.141333 1
Node 44 42 10
Pkt 105 750 0.14 1
Pkt 112 800 0.14 1
Rate:282.292
==========
==========29
6 0 2 24000
Node 72 58 23.4094
Pkt 35 250 0.14 1
Pkt 34 240 0.141667 1
Node 26 57 25
Pkt 45 320 0.140625 1
Pkt 68 480 0.141667 1
Node 54 57 8.06226
Pkt 105 750 0.14 1
Pkt 105 750 0.14 1
Node 42 66 17.8885
Pkt 21 150 0.14 1
Pkt 14 100 0.14 1
Node 31 65 24.2074
Pkt 56 400 0.14 1
Pkt 53 375 0.141333 1
Node 58 66 17.8885
Pkt 105 750 0.14 1
Pkt 105 750 0.14 1
Rate:280.882
==========
==========30
6 0 2 24000
Node 47 34 16.2788
Pkt 17 120 0.141667 1
Pkt 34 240 0.141667 1
Node 37 33 21.4009
Pkt 53 375 0.141333 1
Pkt 45 320 0.140625 1
Node 52 47 3.60555
Pkt 112 800 0.14 1
Pkt 112 800 0.14 1
Node 63 41 15.8114
Pkt 27 192 0.140625 1
Pkt 21 150 0.14 1
Node 69 25 31.4006
Pkt 45 320 0.140625 1
Pkt 45 320 0.140625 1
Node 30 63 23.8537
Pkt 105 750 0.14 1
Pkt 112 800 0.14 1
Rate:281.194
==========
==========31
6 0 2 24000
Node 50 45 5
Pkt 27 192 0.140625 1
Pkt 18 125 0.144 1
Node 38 34 20
Pkt 56 400 0.14 1
Pkt 45 320 0.140625 1
Node 53 71 21.2132
Pkt 112 800 0.14 1
Pkt 105 750 0.14 1
Node 36 29 25.2389
Pkt 18 125 0.144 1
Pkt 34 240 0.141667 1
Node 68 73 29.2062
Pkt 45 320 0.140625 1
Pkt 68 480 0.141667 1
Node 63 38 17.6918
Pkt 105 750 0.14 1
Pkt 105 750 0.14 1
Rate:282.201
==========
==========32
6 0 2 24000
Node 38 32 21.6333
Pkt 28 200 0.14 1
Pkt 23 160 0.14375 1
Node 42 56 10
Pkt 53 375 0.141333 1
Pkt 56 400 0.14 1
Node 46 31 19.4165
Pkt 105 750 0.14 1
Pkt 112 800 0.14 1
Node 25 48 25.0799
Pkt 27 192 0.140625 1
Pkt 14 100 0.14 1
Node 67 27 28.6007
Pkt 42 300 0.14 1
Pkt 56 400 0.14 1
Node 34 69 24.8395
Pkt 112 800 0.14 1
Pkt 105 750 0.14 1
Rate:280.951
==========
==========33
6 0 2 24000
Node 51 28 22.0227
Pkt 23 160 0.14375 1
Pkt 18 125 0.144 1
Node 73 37 26.4197
Pkt 42 300 0.14 1
Pkt 53 375 0.141333 1
Node 49 64 14.0357
Pkt 112 800 0.14 1
Pkt 112 800 0.14 1
Node 66 64 21.2603
Pkt 28 200 0.14 1
Pkt 18 125 0.144 1
Node 25 56 25.7099
Pkt 45 320 0.140625 1
Pkt 68 480 0.141667 1
Node 56 41 10.8167
Pkt 112 800 0.14 1
Pkt 112 800 0.14 1
Rate:282.563
==========
==========34
6 0 2 24000
Node 44 40 11.6619
Pkt 23 160 0.14375 1
Pkt 17 120 0.141667 1
Node 40 73 25.0799
Pkt 53 375 0.141333 1
Pkt 42 300 0.14 1
Node 38 67 20.8087
Pkt 105 750 0.14 1
Pkt 105 750 0.14 1
Node 39 36 17.8045
Pkt 28 200 0.14 1
Pkt 23 160 0.14375 1
Node 64 27 26.9258
Pkt 42 300 0.14 1
Pkt 45 320 0.140625 1
Node 48 32 18.1108
Pkt 105 750 0.14 1
Pkt 105 750 0.14 1
Rate:281.854
==========
==========35
6 0 2 24000
Node 71 65 25.807
Pkt 35 250 0.14 1
Pkt 18 125 0.144 1
Node 31 70 27.5862
Pkt 42 300 0.14 1
Pkt 42 300 0.14 1
Node 37 34 20.6155
Pkt 105 750 0.14 1
Pkt 105 750 0.14 1
Node 27 26 33.2415
Pkt 21 150 0.14 1
Pkt 35 250 0.14 1
Node 72 37 25.5539
Pkt 42 300 0.14 1
Pkt 56 400 0.14 1
Node 25 52 25.0799
Pkt 105 750 0.14 1
Pkt 105 750 0.14 1
Rate:280.667
==========
==========36
6 0 2 24000
Node 36 38 18.4391
Pkt 18 125 0.144 1
Pkt 23 160 0.14375 1
Node 29 41 22.8473
Pkt 42 300 0.14 1
Pkt 56 400 0.14 1
Node 40 52 10.198
Pkt 105 750 0.14 1
Pkt 112 800 0.14 1
Node 51 29 21.0238
Pkt 17 120 0.141667 1
Pkt 23 160 0.14375 1
Node 28 27 31.8277
Pkt 56 400 0.14 1
Pkt 68 480 0.141667 1
Node 32 42 19.6977
Pkt 112 800 0.14 1
Pkt 112 800 0.14 1
Rate:282.472
==========
==========37
6 0 2 24000
Node 69 63 23.0217
Pkt 35 250 0.14 1
Pkt 34 240 0.141667 1
Node 61 74 26.4008
Pkt 68 480 0.141667 1
Pkt 68 480 0.141667 1
Node 73 31 29.8329
Pkt 112 800 0.14 1
Pkt 112 800 0.14 1
Node 29 38 24.1868
Pkt 27 192 0.140625 1
Pkt 34 240 0.141667 1
Node 72 43 23.0868
Pkt 53 375 0.141333 1
Pkt 42 300 0.14 1
Node 54 63 13.6015
Pkt 105 750 0.14 1
Pkt 112 800 0.14 1
Rate:281.438
==========
==========38
6 0 2 24000
Node 34 66 22.6274
Pkt 14 100 0.14 1
Pkt 23 160 0.14375 1
Node 64 48 14.1421
Pkt 42 300 0.14 1
Pkt 53 375 0.141333 1
Node 67 62 20.8087
Pkt 112 800 0.14 1
Pkt 112 800 0.14 1
Node 32 51 18.0278
Pkt 23 160 0.14375 1
Pkt 27 192 0.140625 1
Node 64 44 15.2315
Pkt 68 480 0.141667 1
Pkt 68 480 0.141667 1
Node 43 33 18.3848
Pkt 105 750 0.14 1
Pkt 105 750 0.14 1
Rate:282.132
==========
==========39
6 0 2 24000
Node 28 43 23.0868
Pkt 17 120 0.141667 1
Pkt 21 150 0.14 1
Node 54 64 14.5602
Pkt 68 480 0.141667 1
Pkt 45 320 0.140625 1
Node 54 43 8.06226
Pkt 105 750 0.14 1
Pkt 112 800 0.14 1
Node 48 74 24.0832
Pkt 34 240 0.141667 1
Pkt 27 192 0.140625 1
Node 38 67 20.8087
Pkt 56 400 0.14 1
Pkt 53 375 0.141333 1
Node 61 61 15.5563
Pkt 105 750 0.14 1
Pkt 112 800 0.14 1
Rate:281.264
==========
==========40
6 0 2 24000
Node 32 37 22.2036
Pkt 14 100 0.14 1
Pkt 28 200 0.14 1
Node 30 64 24.4131
Pkt 68 480 0.141667 1
Pkt 45 320 0.140625 1
Node 37 61 17.0294
Pkt 112 800 0.14 1
Pkt 105 750 0.14 1
Node 43 28 23.0868
Pkt 27 192 0.140625 1
Pkt 14 100 0.14 1
Node 71 71 29.6985
Pkt 68 480 0.141667 1
Pkt 42 300 0.14 1
Node 62 73 25.9422
Pkt 112 800 0.14 1
Pkt 105 750 0.14 1
Rate:280.764
==========
==========41
6 0 2 24000
Node 26 72 32.5576
Pkt 21 150 0.14 1
Pkt 23 160 0.14375 1
Node 31 74 30.6105
Pkt 68 480 0.141667 1
Pkt 56 400 0.14 1
Node 52 35 15.1327
Pkt 105 750 0.14 1
Pkt 105 750 0.14 1
Node 68 32 25.4558
Pkt 18 125 0.144 1
Pkt 17 120 0.141667 1
Node 67 38 20.8087
Pkt 42 300 0.14 1
Pkt 68 480 0.141667 1
Node 31 48 19.105
Pkt 112 800 0.14 1
Pkt 112 800 0.14 1
Rate:282.125
==========
==========42
6 0 2 24000
Node 65 48 15.1327
Pkt 27 192 0.140625 1
Pkt 28 200 0.14 1
Node 28 51 22.0227
Pkt 45 320 0.140625 1
Pkt 53 375 0.141333 1
Node 39 31 21.9545
Pkt 112 800 0.14 1
Pkt 112 800 0.14 1
Node 69 46 19.4165
Pkt 18 125 0.144 1
Pkt 35 250 0.14 1
Node 47 46 5
Pkt 53 375 0.141333 1
Pkt 45 320 0.140625 1
Node 67 66 23.3452
Pkt 112 800 0.14 1
Pkt 112 800 0.14 1
Rate:281.424
==========
==========43
6 0 2 24000
Node 31 25 31.4006
Pkt 35 250 0.14 1
Pkt 35 250 0.14 1
Node 31 65 24.2074
Pkt 56 400 0.14 1
Pkt 68 480 0.141667 1
Node 52 57 7.28011
Pkt 105 750 0.14 1
Pkt 112 800 0.14 1
Node 32 64 22.8035
Pkt 27 192 0.140625 1
Pkt 17 120 0.141667 1
Node 53 54 5
Pkt 56 400 0.14 1
Pkt 42 300 0.14 1
Node 43 40 12.2066
Pkt 105 750 0.14 1
Pkt 112 800 0.14 1
Rate:280.66
==========
==========44
6 0 2 24000
Node 74 69 30.6105
Pkt 23 160 0.14375 1
Pkt 35 250 0.14 1
Node 68 54 18.4391
Pkt 53 375 0.141333 1
Pkt 53 375 0.141333 1
Node 68 63 22.2036
Pkt 112 800 0.14 1
Pkt 112 800 0.14 1
Node 67 30 26.2488
Pkt 17 120 0.141667 1
Pkt 34 240 0.141667 1
Node 60 31 21.4709
Pkt 53 375 0.141333 1
Pkt 56 400 0.14 1
Node 43 65 16.5529
Pkt 112 800 0.14 1
Pkt 112 800 0.14 1
Rate:281.847
==========
==========45
6 0 2 24000
Node 64 67 22.0227
Pkt 17 120 0.141667 1
Pkt 35 250 0.14 1
Node 58 47 8.544
Pkt 53 375 0.141333 1
Pkt 56 400 0.14 1
Node 45 56 7.81025
Pkt 112 800 0.14 1
Pkt 105 750 0.14 1
Node 68 28 28.4253
Pkt 14 100 0.14 1
Pkt 28 200 0.14 1
Node 65 34 21.9317
Pkt 42 300 0.14 1
Pkt 56 400 0.14 1
Node 27 46 23.3452
Pkt 105 750 0.14 1
Pkt 112 800 0.14 1
Rate:280.5
==========
==========46
6 0 2 24000
Node 70 51 20.025
Pkt 28 200 0.14 1
Pkt 35 250 0.14 1
Node 44 38 13.4164
Pkt 56 400 0.14 1
Pkt 42 300 0.14 1
Node 32 40 20.5913
Pkt 105 750 0.14 1
Pkt 112 800 0.14 1
Node 70 44 20.8806
Pkt 17 120 0.141667 1
Pkt 28 200 0.14 1
Node 72 58 23.4094
Pkt 53 375 0.141333 1
Pkt 56 400 0.14 1
Node 28 41 23.7697
Pkt 105 750 0.14 1
Pkt 112 800 0.14 1
Rate:280.5
==========
==========47
6 0 2 24000
Node 51 53 3.16228
Pkt 17 120 0.141667 1
Pkt 21 150 0.14 1
Node 56 65 16.1555
Pkt 68 480 0.141667 1
Pkt 68 480 0.141667 1
Node 44 27 23.7697
Pkt 112 800 0.14 1
Pkt 112 800 0.14 1
Node 29 35 25.807
Pkt 34 240 0.141667 1
Pkt 21 150 0.14 1
Node 25 45 25.4951
Pkt 56 400 0.14 1
Pkt 53 375 0.141333 1
Node 54 57 8.06226
Pkt 112 800 0.14 1
Pkt 105 750 0.14 1
Rate:281.333
==========
==========48
6 0 2 24000
Node 39 57 13.0384
Pkt 23 160 0.14375 1
Pkt 21 150 0.14 1
Node 34 26 28.8444
Pkt 56 400 0.14 1
Pkt 53 375 0.141333 1
Node 64 38 18.4391
Pkt 112 800 0.14 1
Pkt 112 800 0.14 1
Node 49 29 21.0238
Pkt 34 240 0.141667 1
Pkt 27 192 0.140625 1
Node 65 73 27.4591
Pkt 45 320 0.140625 1
Pkt 53 375 0.141333 1
Node 69 68 26.1725
Pkt 112 800 0.14 1
Pkt 112 800 0.14 1
Rate:281.556
==========
==========49
6 0 2 24000
Node 43 29 22.1359
Pkt 28 200 0.14 1
Pkt 18 125 0.144 1
Node 40 46 10.7703
Pkt 53 375 0.141333 1
Pkt 53 375 0.141333 1
Node 44 34 17.088
Pkt 105 750 0.14 1
Pkt 112 800 0.14 1
Node 65 49 15.0333
Pkt 35 250 0.14 1
Pkt 34 240 0.141667 1
Node 53 74 24.1868
Pkt 42 300 0.14 1
Pkt 56 400 0.14 1
Node 25 48 25.0799
Pkt 112 800 0.14 1
Pkt 105 750 0.14 1
Rate:281.389
==========
==========50
6 0 2 24000
Node 32 39 21.095
Pkt 18 125 0.144 1
Pkt 28 200 0.14 1
Node 25 63 28.178
Pkt 53 375 0.141333 1
Pkt 53 375 0.141333 1
Node 57 48 7.28011
Pkt 105 750 0.14 1
Pkt 105 750 0.14 1
Node 47 42 8.544
Pkt 17 120 0.141667 1
Pkt 28 200 0.14 1
Node 36 35 20.5183
Pkt 56 400 0.14 1
Pkt 56 400 0.14 1
Node 50 68 18
Pkt 112 800 0.14 1
Pkt 112 800 0.14 1
Rate:281.389
==========
==========51
6 0 2 24000
Node 56 73 23.7697
Pkt 34 240 0.141667 1
Pkt 34 240 0.141667 1
Node 56 74 24.7386
Pkt 42 300 0.14 1
Pkt 56 400 0.14 1
Node 48 68 18.1108
Pkt 105 750 0.14 1
Pkt 112 800 0.14 1
Node 50 52 2
Pkt 21 150 0.14 1
Pkt 17 120 0.141667 1
Node 34 51 16.0312
Pkt 53 375 0.141333 1
Pkt 45 320 0.140625 1
Node 58 57 10.6301
Pkt 105 750 0.14 1
Pkt 112 800 0.14 1
Rate:281.16
==========
==========52
6 0 2 24000
Node 28 48 22.0907
Pkt 27 192 0.140625 1
Pkt 27 192 0.140625 1
Node 46 28 22.3607
Pkt 53 375 0.141333 1
Pkt 53 375 0.141333 1
Node 36 44 15.2315
Pkt 105 750 0.14 1
Pkt 112 800 0.14 1
Node 32 29 27.6586
Pkt 14 100 0.14 1
Pkt 23 160 0.14375 1
Node 39 73 25.4951
Pkt 45 320 0.140625 1
Pkt 53 375 0.141333 1
Node 44 38 13.4164
Pkt 105 750 0.14 1
Pkt 112 800 0.14 1
Rate:281.604
==========
==========53
6 0 2 24000
Node 54 43 8.06226
Pkt 17 120 0.141667 1
Pkt 23 160 0.14375 1
Node 61 26 26.4008
Pkt 56 400 0.14 1
Pkt 45 320 0.140625 1
Node 35 32 23.4307
Pkt 105 750 0.14 1
Pkt 105 750 0.14 1
Node 52 69 19.105
Pkt 21 150 0.14 1
Pkt 23 160 0.14375 1
Node 60 53 10.4403
Pkt 68 480 0.141667 1
Pkt 56 400 0.14 1
Node 61 42 13.6015
Pkt 105 750 0.14 1
Pkt 105 750 0.14 1
Rate:281.91
==========
==========54
6 0 2 24000
Node 65 35 21.2132
Pkt 18 125 0.144 1
Pkt 28 200 0.14 1
Node 72 34 27.2029
Pkt 53 375 0.141333 1
Pkt 45 320 0.140625 1
Node 71 61 23.7065
Pkt 112 800 0.14 1
Pkt 112 800 0.14 1
Node 34 68 24.0832
Pkt 28 200 0.14 1
Pkt 23 160 0.14375 1
Node 53 28 22.2036
Pkt 56 400 0.14 1
Pkt 53 375 0.141333 1
Node 27 33 28.6007
Pkt 105 750 0.14 1
Pkt 105 750 0.14 1
Rate:281.84
==========
==========55
6 0 2 24000
Node 54 54 5.65685
Pkt 27 192 0.140625 1
Pkt 28 200 0.14 1
Node 67 31 25.4951
Pkt 56 400 0.14 1
Pkt 53 375 0.141333 1
Node 74 71 31.8904
Pkt 112 800 0.14 1
Pkt 112 800 0.14 1
Node 66 69 24.8395
Pkt 28 200 0.14 1
Pkt 28 200 0.14 1
Node 37 73 26.4197
Pkt 45 320 0.140625 1
Pkt 53 375 0.141333 1
Node 34 46 16.4924
Pkt 105 750 0.14 1
Pkt 105 750 0.14 1
Rate:280.653
==========
==========56
6 0 2 24000
Node 71 56 21.8403
Pkt 14 100 0.14 1
Pkt 17 120 0.141667 1
Node 60 43 12.2066
Pkt 45 320 0.140625 1
Pkt 68 480 0.141667 1
Node 66 42 17.8885
Pkt 112 800 0.14 1
Pkt 112 800 0.14 1
Node 38 37 17.6918
Pkt 35 250 0.14 1
Pkt 23 160 0.14375 1
Node 61 28 24.5967
Pkt 45 320 0.140625 1
Pkt 42 300 0.14 1
Node 51 25 25.02
Pkt 105 750 0.14 1
Pkt 105 750 0.14 1
Rate:281.389
==========
==========57
6 0 2 24000
Node 73 43 24.0416
Pkt 17 120 0.141667 1
Pkt 14 100 0.14 1
Node 28 54 22.3607
Pkt 45 320 0.140625 1
Pkt 68 480 0.141667 1
Node 44 27 23.7697
Pkt 112 800 0.14 1
Pkt 112 800 0.14 1
Node 30 53 20.2237
Pkt 14 100 0.14 1
Pkt 35 250 0.14 1
Node 29 64 25.2389
Pkt 56 400 0.14 1
Pkt 45 320 0.140625 1
Node 27 63 26.4197
Pkt 105 750 0.14 1
Pkt 112 800 0.14 1
Rate:280.764
==========
==========58
6 0 2 24000
Node 70 37 23.8537
Pkt 21 150 0.14 1
Pkt 21 150 0.14 1
Node 64 37 19.105
Pkt 53 375 0.141333 1
Pkt 68 480 0.141667 1
Node 33 38 20.8087
Pkt 105 750 0.14 1
Pkt 105 750 0.14 1
Node 57 50 7
Pkt 23 160 0.14375 1
Pkt 34 240 0.141667 1
Node 61 69 21.9545
Pkt 68 480 0.141667 1
Pkt 68 480 0.141667 1
Node 30 43 21.1896
Pkt 112 800 0.14 1
Pkt 112 800 0.14 1
Rate:281.958
==========
==========59
6 0 2 24000
Node 58 43 10.6301
Pkt 35 250 0.14 1
Pkt 17 120 0.141667 1
Node 43 56 9.21954
Pkt 56 400 0.14 1
Pkt 45 320 0.140625 1
Node 26 32 30
Pkt 112 800 0.14 1
Pkt 112 800 0.14 1
Node 30 30 28.2843
Pkt 34 240 0.141667 1
Pkt 28 200 0.14 1
Node 60 42 12.8062
Pkt 56 400 0.14 1
Pkt 53 375 0.141333 1
Node 46 28 22.3607
Pkt 105 750 0.14 1
Pkt 105 750 0.14 1
Rate:280.882
==========
==========60
6 0 2 24000
Node 69 45 19.6469
Pkt 28 200 0.14 1
Pkt 21 150 0.14 1
Node 41 38 15
Pkt 45 320 0.140625 1
Pkt 53 375 0.141333 1
Node 39 28 24.5967
Pkt 105 750 0.14 1
Pkt 112 800 0.14 1
Node 26 38 26.8328
Pkt 35 250 0.14 1
Pkt 21 150 0.14 1
Node 55 59 10.2956
Pkt 42 300 0.14 1
Pkt 45 320 0.140625 1
Node 48 61 11.1803
Pkt 105 750 0.14 1
Pkt 105 750 0.14 1
Rate:280.431
==========
==========61
6 0 2 24000
Node 31 32 26.1725
Pkt 18 125 0.144 1
Pkt 14 100 0.14 1
Node 44 37 14.3178
Pkt 56 400 0.14 1
Pkt 53 375 0.141333 1
Node 43 60 12.2066
Pkt 112 800 0.14 1
Pkt 105 750 0.14 1
Node 65 60 18.0278
Pkt 27 192 0.140625 1
Pkt 18 125 0.144 1
Node 25 30 32.0156
Pkt 56 400 0.14 1
Pkt 42 300 0.14 1
Node 50 27 23
Pkt 112 800 0.14 1
Pkt 112 800 0.14 1
Rate:281.66
==========
==========62
6 0 2 24000
Node 32 25 30.8058
Pkt 17 120 0.141667 1
Pkt 18 125 0.144 1
Node 56 64 15.2315
Pkt 45 320 0.140625 1
Pkt 53 375 0.141333 1
Node 48 56 6.32456
Pkt 105 750 0.14 1
Pkt 112 800 0.14 1
Node 70 42 21.5407
Pkt 21 150 0.14 1
Pkt 21 150 0.14 1
Node 54 59 9.84886
Pkt 56 400 0.14 1
Pkt 68 480 0.141667 1
Node 67 35 22.6716
Pkt 112 800 0.14 1
Pkt 112 800 0.14 1
Rate:281.549
==========
==========63
6 0 2 24000
Node 45 57 8.60233
Pkt 23 160 0.14375 1
Pkt 21 150 0.14 1
Node 34 25 29.6816
Pkt 45 320 0.140625 1
Pkt 42 300 0.14 1
Node 70 50 20
Pkt 105 750 0.14 1
Pkt 105 750 0.14 1
Node 37 32 22.2036
Pkt 17 120 0.141667 1
Pkt 17 120 0.141667 1
Node 37 61 17.0294
Pkt 53 375 0.141333 1
Pkt 53 375 0.141333 1
Node 60 58 12.8062
Pkt 112 800 0.14 1
Pkt 112 800 0.14 1
Rate:281.729
==========
==========64
6 0 2 24000
Node 66 59 18.3576
Pkt 35 250 0.14 1
Pkt 21 150 0.14 1
Node 72 36 26.0768
Pkt 42 300 0.14 1
Pkt 53 375 0.141333 1
Node 56 34 17.088
Pkt 105 750 0.14 1
Pkt 105 750 0.14 1
Node 46 44 7.2111
Pkt 21 150 0.14 1
Pkt 34 240 0.141667 1
Node 70 71 29
Pkt 68 480 0.141667 1
Pkt 42 300 0.14 1
Node 40 34 18.868
Pkt 112 800 0.14 1
Pkt 105 750 0.14 1
Rate:280.778
==========
==========65
6 0 2 24000
Node 42 40 12.8062
Pkt 21 150 0.14 1
Pkt 23 160 0.14375 1
Node 59 42 12.0416
Pkt 56 400 0.14 1
Pkt 56 400 0.14 1
Node 72 63 25.5539
Pkt 112 800 0.14 1
Pkt 112 800 0.14 1
Node 30 71 29
Pkt 17 120 0.141667 1
Pkt 21 150 0.14 1
Node 38 27 25.9422
Pkt 68 480 0.141667 1
Pkt 56 400 0.14 1
Node 26 66 28.8444
Pkt 105 750 0.14 1
Pkt 105 750 0.14 1
Rate:281.181
==========
==========66
6 0 2 24000
Node 45 64 14.8661
Pkt 23 160 0.14375 1
Pkt 34 240 0.141667 1
Node 59 65 17.4929
Pkt 45 320 0.140625 1
Pkt 45 320 0.140625 1
Node 28 59 23.7697
Pkt 112 800 0.14 1
Pkt 105 750 0.14 1
Node 59 52 9.21954
Pkt 27 192 0.140625 1
Pkt 28 200 0.14 1
Node 55 62 13
Pkt 56 400 0.14 1
Pkt 53 375 0.141333 1
Node 59 48 9.21954
Pkt 105 750 0.14 1
Pkt 112 800 0.14 1
Rate:281.438
==========
==========67
6 0 2 24000
Node 26 70 31.241
Pkt 34 240 0.141667 1
Pkt 35 250 0.14 1
Node 68 25 30.8058
Pkt 45 320 0.140625 1
Pkt 68 480 0.141667 1
Node 73 31 29.8329
Pkt 105 750 0.14 1
Pkt 105 750 0.14 1
Node 60 55 11.1803
Pkt 35 250 0.14 1
Pkt 34 240 0.141667 1
Node 41 25 26.5707
Pkt 53 375 0.141333 1
Pkt 53 375 0.141333 1
Node 47 53 4.24264
Pkt 105 750 0.14 1
Pkt 105 750 0.14 1
Rate:281.382
==========
==========68
6 0 2 24000
Node 55 55 7.07107
Pkt 28 200 0.14 1
Pkt 28 200 0.14 1
Node 67 43 18.3848
Pkt 68 480 0.141667 1
Pkt 56 400 0.14 1
Node 53 63 13.3417
Pkt 105 750 0.14 1
Pkt 112 800 0.14 1
Node 27 56 23.7697
Pkt 21 150 0.14 1
Pkt 14 100 0.14 1
Node 25 45 25.4951
Pkt 56 400 0.14 1
Pkt 68 480 0.141667 1
Node 45 39 12.083
Pkt 105 750 0.14 1
Pkt 105 750 0.14 1
Rate:280.556
==========
==========69
6 0 2 24000
Node 38 67 20.8087
Pkt 21 150 0.14 1
Pkt 17 120 0.141667 1
Node 25 44 25.7099
Pkt 56 400 0.14 1
Pkt 42 300 0.14 1
Node 38 67 20.8087
Pkt 105 750 0.14 1
Pkt 105 750 0.14 1
Node 54 60 10.7703
Pkt 21 150 0.14 1
Pkt 21 150 0.14 1
Node 25 50 25
Pkt 45 320 0.140625 1
Pkt 56 400 0.14 1
Node 74 74 33.9411
Pkt 105 750 0.14 1
Pkt 112 800 0.14 1
Rate:280.382
==========
==========70
6 0 2 24000
Node 72 36 26.0768
Pkt 28 200 0.14 1
Pkt 17 120 0.141667 1
Node 69 69 26.8701
Pkt 68 480 0.141667 1
Pkt 68 480 0.141667 1
Node 43 28 23.0868
Pkt 105 750 0.14 1
Pkt 105 750 0.14 1
Node 55 67 17.72
Pkt 27 192 0.140625 1
Pkt 34 240 0.141667 1
Node 32 44 18.9737
Pkt 53 375 0.141333 1
Pkt 53 375 0.141333 1
Node 57 70 21.1896
Pkt 112 800 0.14 1
Pkt 112 800 0.14 1
Rate:281.66
==========
==========71
6 0 2 24000
Node 66 61 19.4165
Pkt 18 125 0.144 1
Pkt 34 240 0.141667 1
Node 50 25 25
Pkt 42 300 0.14 1
Pkt 53 375 0.141333 1
Node 60 49 10.0499
Pkt 112 800 0.14 1
Pkt 105 750 0.14 1
Node 42 51 8.06226
Pkt 27 192 0.140625 1
Pkt 34 240 0.141667 1
Node 49 29 21.0238
Pkt 68 480 0.141667 1
Pkt 45 320 0.140625 1
Node 58 29 22.4722
Pkt 112 800 0.14 1
Pkt 105 750 0.14 1
Rate:281.931
==========
==========72
6 0 2 24000
Node 25 69 31.4006
Pkt 21 150 0.14 1
Pkt 23 160 0.14375 1
Node 70 42 21.5407
Pkt 45 320 0.140625 1
Pkt 45 320 0.140625 1
Node 52 59 9.21954
Pkt 112 800 0.14 1
Pkt 112 800 0.14 1
Node 38 38 16.9706
Pkt 27 192 0.140625 1
Pkt 28 200 0.14 1
Node 73 44 23.7697
Pkt 68 480 0.141667 1
Pkt 42 300 0.14 1
Node 43 38 13.8924
Pkt 112 800 0.14 1
Pkt 112 800 0.14 1
Rate:281.215
==========
==========73
6 0 2 24000
Node 42 65 17
Pkt 14 100 0.14 1
Pkt 17 120 0.141667 1
Node 72 32 28.4253
Pkt 45 320 0.140625 1
Pkt 42 300 0.14 1
Node 35 42 17
Pkt 105 750 0.14 1
Pkt 105 750 0.14 1
Node 25 51 25.02
Pkt 14 100 0.14 1
Pkt 35 250 0.14 1
Node 52 49 2.23607
Pkt 56 400 0.14 1
Pkt 45 320 0.140625 1
Node 62 45 13
Pkt 112 800 0.14 1
Pkt 112 800 0.14 1
Rate:280.486
==========
==========74
6 0 2 24000
Node 45 59 10.2956
Pkt 23 160 0.14375 1
Pkt 18 125 0.144 1
Node 39 71 23.7065
Pkt 45 320 0.140625 1
Pkt 53 375 0.141333 1
Node 43 61 13.0384
Pkt 112 800 0.14 1
Pkt 105 750 0.14 1
Node 44 30 20.8806
Pkt 14 100 0.14 1
Pkt 27 192 0.140625 1
Node 59 46 9.84886
Pkt 45 320 0.140625 1
Pkt 53 375 0.141333 1
Node 34 47 16.2788
Pkt 112 800 0.14 1
Pkt 105 750 0.14 1
Rate:282.049
==========
==========75
6 0 2 24000
Node 26 46 24.3311
Pkt 27 192 0.140625 1
Pkt 23 160 0.14375 1
Node 69 69 26.8701
Pkt 45 320 0.140625 1
Pkt 42 300 0.14 1
Node 25 52 25.0799
Pkt 105 750 0.14 1
Pkt 112 800 0.14 1
Node 38 61 16.2788
Pkt 35 250 0.14 1
Pkt 17 120 0.141667 1
Node 29 59 22.8473
Pkt 68 480 0.141667 1
Pkt 56 400 0.14 1
Node 66 32 24.0832
Pkt 112 800 0.14 1
Pkt 112 800 0.14 1
Rate:281.389
==========
==========76
6 0 2 24000
Node 45 69 19.6469
Pkt 21 150 0.14 1
Pkt 35 250 0.14 1
Node 50 25 25
Pkt 68 480 0.141667 1
Pkt 45 320 0.140625 1
Node 34 48 16.1245
Pkt 105 750 0.14 1
Pkt 105 750 0.14 1
Node 36 42 16.1245
Pkt 27 192 0.140625 1
Pkt 28 200 0.14 1
Node 30 41 21.9317
Pkt 68 480 0.141667 1
Pkt 42 300 0.14 1
Node 43 44 9.21954
Pkt 112 800 0.14 1
Pkt 112 800 0.14 1
Rate:280.764
==========
==========77
6 0 2 24000
Node 39 59 14.2127
Pkt 21 150 0.14 1
Pkt 34 240 0.141667 1
Node 26 59 25.632
Pkt 45 320 0.140625 1
Pkt 45 320 0.140625 1
Node 45 73 23.5372
Pkt 105 750 0.14 1
Pkt 105 750 0.14 1
Node 69 28 29.0689
Pkt 23 160 0.14375 1
Pkt 28 200 0.14 1
Node 31 58 20.6155
Pkt 45 320 0.140625 1
Pkt 53 375 0.141333 1
Node 28 27 31.8277
Pkt 105 750 0.14 1
Pkt 105 750 0.14 1
Rate:281.438
==========
==========78
6 0 2 24000
Node 68 51 18.0278
Pkt 14 100 0.14 1
Pkt 35 250 0.14 1
Node 70 52 20.0998
Pkt 42 300 0.14 1
Pkt 68 480 0.141667 1
Node 52 56 6.32456
Pkt 112 800 0.14 1
Pkt 112 800 0.14 1
Node 54 66 16.4924
Pkt 27 192 0.140625 1
Pkt 21 150 0.14 1
Node 68 57 19.3132
Pkt 56 400 0.14 1
Pkt 45 320 0.140625 1
Node 40 63 16.4012
Pkt 105 750 0.14 1
Pkt 105 750 0.14 1
Rate:280.486
==========
==========79
6 0 2 24000
Node 31 31 26.8701
Pkt 23 160 0.14375 1
Pkt 34 240 0.141667 1
Node 60 25 26.9258
Pkt 42 300 0.14 1
Pkt 56 400 0.14 1
Node 53 50 3
Pkt 105 750 0.14 1
Pkt 112 800 0.14 1
Node 26 36 27.7849
Pkt 14 100 0.14 1
Pkt 28 200 0.14 1
Node 66 52 16.1245
Pkt 53 375 0.141333 1
Pkt 42 300 0.14 1
Node 55 43 8.60233
Pkt 112 800 0.14 1
Pkt 112 800 0.14 1
Rate:281.125
==========
==========80
6 0 2 24000
Node 63 37 18.3848
Pkt 21 150 0.14 1
Pkt 28 200 0.14 1
Node 37 31 23.0217
Pkt 42 300 0.14 1
Pkt 68 480 0.141667 1
Node 47 35 15.2971
Pkt 112 800 0.14 1
Pkt 112 800 0.14 1
Node 39 51 11.0454
Pkt 28 200 0.14 1
Pkt 14 100 0.14 1
Node 62 62 16.9706
Pkt 53 375 0.141333 1
Pkt 68 480 0.141667 1
Node 70 71 29
Pkt 112 800 0.14 1
Pkt 105 750 0.14 1
Rate:280.778
==========
==========81
6 0 2 24000
Node 70 58 21.5407
Pkt 23 160 0.14375 1
Pkt 35 250 0.14 1
Node 58 48 8.24621
Pkt 53 375 0.141333 1
Pkt 68 480 0.141667 1
Node 57 41 11.4018
Pkt 112 800 0.14 1
Pkt 112 800 0.14 1
Node 74 66 28.8444
Pkt 28 200 0.14 1
Pkt 35 250 0.14 1
Node 44 48 6.32456
Pkt 53 375 0.141333 1
Pkt 56 400 0.14 1
Node 43 55 8.60233
Pkt 112 800 0.14 1
Pkt 105 750 0.14 1
Rate:281.347
==========
==========82
6 0 2 24000
Node 62 66 20
Pkt 34 240 0.141667 1
Pkt 18 125 0.144 1
Node 40 50 10
Pkt 68 480 0.141667 1
Pkt 53 375 0.141333 1
Node 41 44 10.8167
Pkt 112 800 0.14 1
Pkt 112 800 0.14 1
Node 61 60 14.8661
Pkt 21 150 0.14 1
Pkt 18 125 0.144 1
Node 46 26 24.3311
Pkt 68 480 0.141667 1
Pkt 45 320 0.140625 1
Node 55 51 5.09902
Pkt 105 750 0.14 1
Pkt 105 750 0.14 1
Rate:282.493
==========
==========83
6 0 2 24000
Node 43 33 18.3848
Pkt 23 160 0.14375 1
Pkt 23 160 0.14375 1
Node 74 45 24.5153
Pkt 45 320 0.140625 1
Pkt 42 300 0.14 1
Node 63 53 13.3417
Pkt 105 750 0.14 1
Pkt 105 750 0.14 1
Node 62 71 24.1868
Pkt 18 125 0.144 1
Pkt 23 160 0.14375 1
Node 55 67 17.72
Pkt 68 480 0.141667 1
Pkt 56 400 0.14 1
Node 61 29 23.7065
Pkt 105 750 0.14 1
Pkt 112 800 0.14 1
Rate:282.924
==========
==========84
6 0 2 24000
Node 33 67 24.0416
Pkt 17 120 0.141667 1
Pkt 35 250 0.14 1
Node 36 29 25.2389
Pkt 68 480 0.141667 1
Pkt 42 300 0.14 1
Node 30 45 20.6155
Pkt 112 800 0.14 1
Pkt 105 750 0.14 1
Node 39 47 11.4018
Pkt 28 200 0.14 1
Pkt 18 125 0.144 1
Node 54 37 13.6015
Pkt 53 375 0.141333 1
Pkt 68 480 0.141667 1
Node 49 29 21.0238
Pkt 112 800 0.14 1
Pkt 105 750 0.14 1
Rate:281.722
==========
==========85
6 0 2 24000
Node 53 38 12.3693
Pkt 14 100 0.14 1
Pkt 27 192 0.140625 1
Node 44 72 22.8035
Pkt 53 375 0.141333 1
Pkt 68 480 0.141667 1
Node 60 47 10.4403
Pkt 112 800 0.14 1
Pkt 105 750 0.14 1
Node 47 61 11.4018
Pkt 27 192 0.140625 1
Pkt 35 250 0.14 1
Node 44 49 6.08276
Pkt 68 480 0.141667 1
Pkt 68 480 0.141667 1
Node 50 74 24
Pkt 112 800 0.14 1
Pkt 112 800 0.14 1
Rate:281.264
==========
==========86
6 0 2 24000
Node 65 52 15.1327
Pkt 35 250 0.14 1
Pkt 18 125 0.144 1
Node 54 67 17.4642
Pkt 68 480 0.141667 1
Pkt 68 480 0.141667 1
Node 27 51 23.0217
Pkt 112 800 0.14 1
Pkt 105 750 0.14 1
Node 54 62 12.6491
Pkt 35 250 0.14 1
Pkt 34 240 0.141667 1
Node 40 40 14.1421
Pkt 56 400 0.14 1
Pkt 56 400 0.14 1
Node 49 61 11.0454
Pkt 112 800 0.14 1
Pkt 105 750 0.14 1
Rate:281.5
==========
==========87
6 0 2 24000
Node 61 55 12.083
Pkt 17 120 0.141667 1
Pkt 21 150 0.14 1
Node 72 33 27.8029
Pkt 68 480 0.141667 1
Pkt 56 400 0.14 1
Node 60 66 18.868
Pkt 105 750 0.14 1
Pkt 105 750 0.14 1
Node 38 31 22.4722
Pkt 17 120 0.141667 1
Pkt 21 150 0.14 1
Node 34 61 19.4165
Pkt 45 320 0.140625 1
Pkt 53 375 0.141333 1
Node 55 30 20.6155
Pkt 105 750 0.14 1
Pkt 105 750 0.14 1
Rate:281.16
==========
==========88
6 0 2 24000
Node 69 68 26.1725
Pkt 28 200 0.14 1
Pkt 14 100 0.14 1
Node 41 68 20.1246
Pkt 42 300 0.14 1
Pkt 45 320 0.140625 1
Node 70 44 20.8806
Pkt 105 750 0.14 1
Pkt 105 750 0.14 1
Node 65 35 21.2132
Pkt 35 250 0.14 1
Pkt 18 125 0.144 1
Node 41 59 12.7279
Pkt 45 320 0.140625 1
Pkt 42 300 0.14 1
Node 40 73 25.0799
Pkt 105 750 0.14 1
Pkt 105 750 0.14 1
Rate:280.875
==========
==========89
6 0 2 24000
Node 57 60 12.2066
Pkt 21 150 0.14 1
Pkt 27 192 0.140625 1
Node 68 73 29.2062
Pkt 42 300 0.14 1
Pkt 56 400 0.14 1
Node 62 59 15
Pkt 112 800 0.14 1
Pkt 112 800 0.14 1
Node 26 31 30.6105
Pkt 28 200 0.14 1
Pkt 34 240 0.141667 1
Node 26 49 24.0208
Pkt 68 480 0.141667 1
Pkt 53 375 0.141333 1
Node 47 50 3
Pkt 105 750 0.14 1
Pkt 105 750 0.14 1
Rate:280.882
==========
==========90
6 0 2 24000
Node 54 30 20.3961
Pkt 28 200 0.14 1
Pkt 23 160 0.14375 1
Node 65 40 18.0278
Pkt 53 375 0.141333 1
Pkt 45 320 0.140625 1
Node 39 52 11.1803
Pkt 112 800 0.14 1
Pkt 105 750 0.14 1
Node 41 29 22.8473
Pkt 27 192 0.140625 1
Pkt 35 250 0.14 1
Node 50 54 4
Pkt 56 400 0.14 1
Pkt 42 300 0.14 1
Node 33 71 27.0185
Pkt 105 750 0.14 1
Pkt 112 800 0.14 1
Rate:281.056
==========
==========91
6 0 2 24000
Node 48 33 17.1172
Pkt 17 120 0.141667 1
Pkt 21 150 0.14 1
Node 40 47 10.4403
Pkt 56 400 0.14 1
Pkt 45 320 0.140625 1
Node 43 68 19.3132
Pkt 112 800 0.14 1
Pkt 105 750 0.14 1
Node 61 46 11.7047
Pkt 23 160 0.14375 1
Pkt 21 150 0.14 1
Node 57 65 16.5529
Pkt 42 300 0.14 1
Pkt 42 300 0.14 1
Node 37 32 22.2036
Pkt 105 750 0.14 1
Pkt 105 750 0.14 1
Rate:281.007
==========
==========92
6 0 2 24000
Node 65 49 15.0333
Pkt 35 250 0.14 1
Pkt 18 125 0.144 1
Node 45 73 23.5372
Pkt 42 300 0.14 1
Pkt 68 480 0.141667 1
Node 34 66 22.6274
Pkt 112 800 0.14 1
Pkt 112 800 0.14 1
Node 49 64 14.0357
Pkt 27 192 0.140625 1
Pkt 14 100 0.14 1
Node 42 58 11.3137
Pkt 56 400 0.14 1
Pkt 68 480 0.141667 1
Node 58 62 14.4222
Pkt 105 750 0.14 1
Pkt 105 750 0.14 1
Rate:281.326
==========
==========93
6 0 2 24000
Node 72 46 22.3607
Pkt 28 200 0.14 1
Pkt 28 200 0.14 1
Node 42 46 8.94427
Pkt 68 480 0.141667 1
Pkt 45 320 0.140625 1
Node 38 73 25.9422
Pkt 112 800 0.14 1
Pkt 112 800 0.14 1
Node 51 50 1
Pkt 35 250 0.14 1
Pkt 34 240 0.141667 1
Node 41 26 25.632
Pkt 68 480 0.141667 1
Pkt 53 375 0.141333 1
Node 64 35 20.5183
Pkt 112 800 0.14 1
Pkt 105 750 0.14 1
Rate:281.16
==========
==========94
6 0 2 24000
Node 64 33 22.0227
Pkt 34 240 0.141667 1
Pkt 34 240 0.141667 1
Node 56 32 18.9737
Pkt 42 300 0.14 1
Pkt 45 320 0.140625 1
Node 71 30 29
Pkt 112 800 0.14 1
Pkt 112 800 0.14 1
Node 52 59 9.21954
Pkt 18 125 0.144 1
Pkt 34 240 0.141667 1
Node 72 42 23.4094
Pkt 45 320 0.140625 1
Pkt 56 400 0.14 1
Node 74 44 24.7386
Pkt 105 750 0.14 1
Pkt 105 750 0.14 1
Rate:281.708
==========
==========95
6 0 2 24000
Node 45 58 9.43398
Pkt 34 240 0.141667 1
Pkt 35 250 0.14 1
Node 53 68 18.2483
Pkt 68 480 0.141667 1
Pkt 42 300 0.14 1
Node 43 68 19.3132
Pkt 112 800 0.14 1
Pkt 105 750 0.14 1
Node 55 51 5.09902
Pkt 27 192 0.140625 1
Pkt 17 120 0.141667 1
Node 56 62 13.4164
Pkt 56 400 0.14 1
Pkt 53 375 0.141333 1
Node 63 37 18.3848
Pkt 105 750 0.14 1
Pkt 112 800 0.14 1
Rate:281.16
==========
==========96
6 0 2 24000
Node 70 62 23.3238
Pkt 27 192 0.140625 1
Pkt 17 120 0.141667 1
Node 36 72 26.0768
Pkt 68 480 0.141667 1
Pkt 53 375 0.141333 1
Node 31 44 19.9249
Pkt 112 800 0.14 1
Pkt 105 750 0.14 1
Node 34 69 24.8395
Pkt 35 250 0.14 1
Pkt 18 125 0.144 1
Node 32 57 19.3132
Pkt 45 320 0.140625 1
Pkt 68 480 0.141667 1
Node 34 44 17.088
Pkt 105 750 0.14 1
Pkt 112 800 0.14 1
Rate:281.931
==========
==========97
6 0 2 24000
Node 55 27 23.5372
Pkt 21 150 0.14 1
Pkt 35 250 0.14 1
Node 63 68 22.2036
Pkt 68 480 0.141667 1
Pkt 42 300 0.14 1
Node 41 63 15.8114
Pkt 112 800 0.14 1
Pkt 112 800 0.14 1
Node 38 55 13
Pkt 28 200 0.14 1
Pkt 27 192 0.140625 1
Node 27 25 33.9706
Pkt 45 320 0.140625 1
Pkt 53 375 0.141333 1
Node 73 73 32.5269
Pkt 105 750 0.14 1
Pkt 112 800 0.14 1
Rate:280.708
==========
==========98
6 0 2 24000
Node 26 37 27.2947
Pkt 18 125 0.144 1
Pkt 23 160 0.14375 1
Node 33 27 28.6007
Pkt 56 400 0.14 1
Pkt 53 375 0.141333 1
Node 28 36 26.0768
Pkt 105 750 0.14 1
Pkt 105 750 0.14 1
Node 39 60 14.8661
Pkt 35 250 0.14 1
Pkt 17 120 0.141667 1
Node 59 48 9.21954
Pkt 42 300 0.14 1
Pkt 53 375 0.141333 1
Node 46 54 5.65685
Pkt 105 750 0.14 1
Pkt 112 800 0.14 1
Rate:282.014
==========
==========99
