6 0 2 24000
Node 71 44 21.8403
Pkt 85 250 0.34 1
Pkt 66 192 0.34375 1
Node 47 71 21.2132
Pkt 164 480 0.341667 1
Pkt 109 320 0.340625 1
Node 33 62 20.8087
Pkt 272 800 0.34 1
Pkt 255 750 0.34 1
Node 49 46 4.12311
Pkt 68 200 0.34 1
Pkt 82 240 0.341667 1
Node 40 27 25.0799
Pkt 109 320 0.340625 1
Pkt 164 480 0.341667 1
Node 66 58 17.8885
Pkt 272 800 0.34 1
Pkt 272 800 0.34 1
Rate:681.667
==========
==========0
6 0 2 24000
Node 32 55 18.6815
Pkt 41 120 0.341667 1
Pkt 34 100 0.34 1
Node 74 33 29.4109
Pkt 136 400 0.34 1
Pkt 164 480 0.341667 1
Node 25 49 25.02
Pkt 272 800 0.34 1
Pkt 272 800 0.34 1
Node 47 61 11.4018
Pkt 85 250 0.34 1
Pkt 41 120 0.341667 1
Node 27 42 24.3516
Pkt 164 480 0.341667 1
Pkt 102 300 0.34 1
Node 32 26 30
Pkt 272 800 0.34 1
Pkt 255 750 0.34 1
Rate:681.111
==========
==========1
6 0 2 24000
Node 41 58 12.0416
Pkt 51 150 0.34 1
Pkt 85 250 0.34 1
Node 61 39 15.5563
Pkt 109 320 0.340625 1
Pkt 136 400 0.34 1
Node 60 62 15.6205
Pkt 255 750 0.34 1
Pkt 272 800 0.34 1
Node 42 68 19.6977
Pkt 43 125 0.344 1
Pkt 43 125 0.344 1
Node 29 25 32.6497
Pkt 109 320 0.340625 1
Pkt 102 300 0.34 1
Node 25 72 33.3017
Pkt 255 750 0.34 1
Pkt 255 750 0.34 1
Rate:681.542
==========
==========2
6 0 2 24000
Node 72 50 22
Pkt 41 120 0.341667 1
Pkt 43 125 0.344 1
Node 57 25 25.9615
Pkt 128 375 0.341333 1
Pkt 109 320 0.340625 1
Node 29 46 21.3776
Pkt 255 750 0.34 1
Pkt 272 800 0.34 1
Node 66 55 16.7631
Pkt 51 150 0.34 1
Pkt 55 160 0.34375 1
Node 37 59 15.8114
Pkt 164 480 0.341667 1
Pkt 164 480 0.341667 1
Node 73 69 29.8329
Pkt 255 750 0.34 1
Pkt 272 800 0.34 1
Rate:682.451
==========
==========3
6 0 2 24000
Node 25 47 25.1794
Pkt 34 100 0.34 1
Pkt 68 200 0.34 1
Node 70 69 27.5862
Pkt 164 480 0.341667 1
Pkt 164 480 0.341667 1
Node 29 46 21.3776
Pkt 272 800 0.34 1
Pkt 272 800 0.34 1
Node 44 49 6.08276
Pkt 41 120 0.341667 1
Pkt 82 240 0.341667 1
Node 57 52 7.28011
Pkt 109 320 0.340625 1
Pkt 109 320 0.340625 1
Node 64 62 18.4391
Pkt 272 800 0.34 1
Pkt 255 750 0.34 1
Rate:681.319
==========
==========4
6 0 2 24000
Node 27 30 30.4795
Pkt 41 120 0.341667 1
Pkt 66 192 0.34375 1
Node 29 60 23.2594
Pkt 128 375 0.341333 1
Pkt 109 320 0.340625 1
Node 62 34 20
Pkt 272 800 0.34 1
Pkt 272 800 0.34 1
Node 71 73 31.1448
Pkt 82 240 0.341667 1
Pkt 51 150 0.34 1
Node 55 67 17.72
Pkt 102 300 0.34 1
Pkt 128 375 0.341333 1
Node 40 72 24.1661
Pkt 272 800 0.34 1
Pkt 255 750 0.34 1
Rate:681.729
==========
==========5
6 0 2 24000
Node 36 49 14.0357
Pkt 82 240 0.341667 1
Pkt 51 150 0.34 1
Node 46 46 5.65685
Pkt 102 300 0.34 1
Pkt 102 300 0.34 1
Node 44 34 17.088
Pkt 272 800 0.34 1
Pkt 255 750 0.34 1
Node 34 65 21.9317
Pkt 55 160 0.34375 1
Pkt 85 250 0.34 1
Node 32 45 18.6815
Pkt 164 480 0.341667 1
Pkt 128 375 0.341333 1
Node 65 69 24.2074
Pkt 255 750 0.34 1
Pkt 255 750 0.34 1
Rate:681.403
==========
==========6
6 0 2 24000
Node 25 59 26.5707
Pkt 41 120 0.341667 1
Pkt 66 192 0.34375 1
Node 25 62 27.7308
Pkt 102 300 0.34 1
Pkt 102 300 0.34 1
Node 46 55 6.40312
Pkt 272 800 0.34 1
Pkt 255 750 0.34 1
Node 68 64 22.8035
Pkt 82 240 0.341667 1
Pkt 43 125 0.344 1
Node 60 58 12.8062
Pkt 136 400 0.34 1
Pkt 102 300 0.34 1
Node 59 37 15.8114
Pkt 255 750 0.34 1
Pkt 255 750 0.34 1
Rate:681.847
==========
==========7
6 0 2 24000
Node 36 50 14
Pkt 34 100 0.34 1
Pkt 85 250 0.34 1
Node 65 38 19.2094
Pkt 109 320 0.340625 1
Pkt 164 480 0.341667 1
Node 26 53 24.1868
Pkt 255 750 0.34 1
Pkt 255 750 0.34 1
Node 65 57 16.5529
Pkt 68 200 0.34 1
Pkt 85 250 0.34 1
Node 26 55 24.5153
Pkt 164 480 0.341667 1
Pkt 109 320 0.340625 1
Node 41 31 21.0238
Pkt 272 800 0.34 1
Pkt 255 750 0.34 1
Rate:680.764
==========
==========8
6 0 2 24000
Node 73 65 27.4591
Pkt 43 125 0.344 1
Pkt 85 250 0.34 1
Node 62 74 26.8328
Pkt 128 375 0.341333 1
Pkt 128 375 0.341333 1
Node 62 36 18.4391
Pkt 255 750 0.34 1
Pkt 272 800 0.34 1
Node 65 72 26.6271
Pkt 68 200 0.34 1
Pkt 34 100 0.34 1
Node 26 26 33.9411
Pkt 164 480 0.341667 1
Pkt 102 300 0.34 1
Node 38 56 13.4164
Pkt 272 800 0.34 1
Pkt 255 750 0.34 1
Rate:681.389
==========
==========9
6 0 2 24000
Node 46 43 8.06226
Pkt 41 120 0.341667 1
Pkt 66 192 0.34375 1
Node 58 62 14.4222
Pkt 102 300 0.34 1
Pkt 128 375 0.341333 1
Node 53 48 3.60555
Pkt 272 800 0.34 1
Pkt 255 750 0.34 1
Node 63 28 25.5539
Pkt 43 125 0.344 1
Pkt 55 160 0.34375 1
Node 64 49 14.0357
Pkt 102 300 0.34 1
Pkt 102 300 0.34 1
Node 31 42 20.6155
Pkt 272 800 0.34 1
Pkt 255 750 0.34 1
Rate:682.417
==========
==========10
6 0 2 24000
Node 60 46 10.7703
Pkt 43 125 0.344 1
Pkt 43 125 0.344 1
Node 50 65 15
Pkt 128 375 0.341333 1
Pkt 128 375 0.341333 1
Node 36 42 16.1245
Pkt 272 800 0.34 1
Pkt 255 750 0.34 1
Node 51 25 25.02
Pkt 51 150 0.34 1
Pkt 82 240 0.341667 1
Node 65 32 23.4307
Pkt 109 320 0.340625 1
Pkt 136 400 0.34 1
Node 25 53 25.1794
Pkt 272 800 0.34 1
Pkt 272 800 0.34 1
Rate:682.16
==========
==========11
6 0 2 24000
Node 58 61 13.6015
Pkt 82 240 0.341667 1
Pkt 82 240 0.341667 1
Node 57 31 20.2485
Pkt 136 400 0.34 1
Pkt 128 375 0.341333 1
Node 34 72 27.2029
Pkt 272 800 0.34 1
Pkt 272 800 0.34 1
Node 70 72 29.7321
Pkt 51 150 0.34 1
Pkt 85 250 0.34 1
Node 31 71 28.3196
Pkt 136 400 0.34 1
Pkt 164 480 0.341667 1
Node 38 50 12
Pkt 272 800 0.34 1
Pkt 272 800 0.34 1
Rate:681.056
==========
==========12
6 0 2 24000
Node 48 59 9.21954
Pkt 43 125 0.344 1
Pkt 82 240 0.341667 1
Node 73 70 30.4795
Pkt 109 320 0.340625 1
Pkt 109 320 0.340625 1
Node 46 62 12.6491
Pkt 255 750 0.34 1
Pkt 255 750 0.34 1
Node 66 33 23.3452
Pkt 43 125 0.344 1
Pkt 68 200 0.34 1
Node 56 52 6.32456
Pkt 164 480 0.341667 1
Pkt 102 300 0.34 1
Node 33 68 24.7588
Pkt 272 800 0.34 1
Pkt 272 800 0.34 1
Rate:682.097
==========
==========13
6 0 2 24000
Node 62 56 13.4164
Pkt 55 160 0.34375 1
Pkt 85 250 0.34 1
Node 58 31 20.6155
Pkt 136 400 0.34 1
Pkt 109 320 0.340625 1
Node 29 54 21.3776
Pkt 255 750 0.34 1
Pkt 272 800 0.34 1
Node 53 31 19.2354
Pkt 85 250 0.34 1
Pkt 43 125 0.344 1
Node 64 72 26.0768
Pkt 109 320 0.340625 1
Pkt 109 320 0.340625 1
Node 56 50 6
Pkt 272 800 0.34 1
Pkt 255 750 0.34 1
Rate:681.604
==========
==========14
6 0 2 24000
Node 43 41 11.4018
Pkt 85 250 0.34 1
Pkt 66 192 0.34375 1
Node 26 72 32.5576
Pkt 102 300 0.34 1
Pkt 109 320 0.340625 1
Node 26 42 25.2982
Pkt 272 800 0.34 1
Pkt 272 800 0.34 1
Node 43 67 18.3848
Pkt 43 125 0.344 1
Pkt 68 200 0.34 1
Node 66 55 16.7631
Pkt 128 375 0.341333 1
Pkt 164 480 0.341667 1
Node 71 37 24.6982
Pkt 272 800 0.34 1
Pkt 272 800 0.34 1
Rate:681.896
==========
==========15
6 0 2 24000
Node 41 62 15
Pkt 68 200 0.34 1
Pkt 82 240 0.341667 1
Node 42 69 20.6155
Pkt 164 480 0.341667 1
Pkt 136 400 0.34 1
Node 38 38 16.9706
Pkt 272 800 0.34 1
Pkt 272 800 0.34 1
Node 45 31 19.6469
Pkt 51 150 0.34 1
Pkt 66 192 0.34375 1
Node 68 60 20.5913
Pkt 102 300 0.34 1
Pkt 102 300 0.34 1
Node 55 62 13
Pkt 255 750 0.34 1
Pkt 255 750 0.34 1
Rate:681.181
==========
==========16
6 0 2 24000
Node 65 44 16.1555
Pkt 68 200 0.34 1
Pkt 51 150 0.34 1
Node 28 45 22.561
Pkt 164 480 0.341667 1
Pkt 164 480 0.341667 1
Node 41 61 14.2127
Pkt 255 750 0.34 1
Pkt 255 750 0.34 1
Node 46 47 5
Pkt 82 240 0.341667 1
Pkt 82 240 0.341667 1
Node 44 25 25.7099
Pkt 102 300 0.34 1
Pkt 109 320 0.340625 1
Node 43 63 14.7648
Pkt 272 800 0.34 1
Pkt 272 800 0.34 1
Rate:681.215
==========
==========17
6 0 2 24000
Node 53 29 21.2132
Pkt 68 200 0.34 1
Pkt 41 120 0.341667 1
Node 52 72 22.0907
Pkt 128 375 0.341333 1
Pkt 136 400 0.34 1
Node 66 45 16.7631
Pkt 272 800 0.34 1
Pkt 272 800 0.34 1
Node 60 42 12.8062
Pkt 41 120 0.341667 1
Pkt 51 150 0.34 1
Node 54 34 16.4924
Pkt 128 375 0.341333 1
Pkt 128 375 0.341333 1
Node 70 62 23.3238
Pkt 272 800 0.34 1
Pkt 272 800 0.34 1
Rate:681.222
==========
==========18
6 0 2 24000
Node 69 35 24.2074
Pkt 68 200 0.34 1
Pkt 55 160 0.34375 1
Node 31 70 27.5862
Pkt 128 375 0.341333 1
Pkt 128 375 0.341333 1
Node 40 35 18.0278
Pkt 255 750 0.34 1
Pkt 255 750 0.34 1
Node 72 55 22.561
Pkt 66 192 0.34375 1
Pkt 41 120 0.341667 1
Node 71 72 30.4138
Pkt 136 400 0.34 1
Pkt 102 300 0.34 1
Node 50 25 25
Pkt 272 800 0.34 1
Pkt 272 800 0.34 1
Rate:681.972
==========
==========19
6 0 2 24000
Node 38 28 25.0599
Pkt 68 200 0.34 1
Pkt 55 160 0.34375 1
Node 33 42 18.7883
Pkt 128 375 0.341333 1
Pkt 136 400 0.34 1
Node 30 34 25.6125
Pkt 255 750 0.34 1
Pkt 255 750 0.34 1
Node 48 57 7.28011
Pkt 51 150 0.34 1
Pkt 51 150 0.34 1
Node 54 49 4.12311
Pkt 109 320 0.340625 1
Pkt 128 375 0.341333 1
Node 39 45 12.083
Pkt 255 750 0.34 1
Pkt 272 800 0.34 1
Rate:681.174
==========
==========20
6 0 2 24000
Node 29 57 22.1359
Pkt 41 120 0.341667 1
Pkt 34 100 0.34 1
Node 71 46 21.3776
Pkt 136 400 0.34 1
Pkt 102 300 0.34 1
Node 60 71 23.2594
Pkt 255 750 0.34 1
Pkt 255 750 0.34 1
Node 43 34 17.4642
Pkt 34 100 0.34 1
Pkt 85 250 0.34 1
Node 39 65 18.6011
Pkt 128 375 0.341333 1
Pkt 109 320 0.340625 1
Node 73 73 32.5269
Pkt 272 800 0.34 1
Pkt 255 750 0.34 1
Rate:680.604
==========
==========21
6 0 2 24000
Node 52 64 14.1421
Pkt 66 192 0.34375 1
Pkt 34 100 0.34 1
Node 53 45 5.83095
Pkt 109 320 0.340625 1
Pkt 102 300 0.34 1
Node 41 28 23.7697
Pkt 272 800 0.34 1
Pkt 255 750 0.34 1
Node 72 31 29.0689
Pkt 55 160 0.34375 1
Pkt 82 240 0.341667 1
Node 54 65 15.5242
Pkt 109 320 0.340625 1
Pkt 109 320 0.340625 1
Node 69 61 21.9545
Pkt 272 800 0.34 1
Pkt 255 750 0.34 1
Rate:681.84
==========
==========22
6 0 2 24000
Node 67 46 17.4642
Pkt 55 160 0.34375 1
Pkt 51 150 0.34 1
Node 45 39 12.083
Pkt 136 400 0.34 1
Pkt 109 320 0.340625 1
Node 71 64 25.2389
Pkt 272 800 0.34 1
Pkt 272 800 0.34 1
Node 40 65 18.0278
Pkt 68 200 0.34 1
Pkt 43 125 0.344 1
Node 64 31 23.6008
Pkt 102 300 0.34 1
Pkt 109 320 0.340625 1
Node 49 53 3.16228
Pkt 255 750 0.34 1
Pkt 272 800 0.34 1
Rate:681.5
==========
==========23
6 0 2 24000
Node 47 70 20.2237
Pkt 85 250 0.34 1
Pkt 82 240 0.341667 1
Node 55 48 5.38516
Pkt 109 320 0.340625 1
Pkt 102 300 0.34 1
Node 68 53 18.2483
Pkt 272 800 0.34 1
Pkt 255 750 0.34 1
Node 58 29 22.4722
Pkt 43 125 0.344 1
Pkt 82 240 0.341667 1
Node 29 48 21.095
Pkt 128 375 0.341333 1
Pkt 128 375 0.341333 1
Node 66 27 28.0179
Pkt 255 750 0.34 1
Pkt 255 750 0.34 1
Rate:681.771
==========
==========24
6 0 2 24000
Node 61 59 14.2127
Pkt 51 150 0.34 1
Pkt 41 120 0.341667 1
Node 71 52 21.095
Pkt 136 400 0.34 1
Pkt 128 375 0.341333 1
Node 43 28 23.0868
Pkt 255 750 0.34 1
Pkt 255 750 0.34 1
Node 33 38 20.8087
Pkt 66 192 0.34375 1
Pkt 66 192 0.34375 1
Node 47 49 3.16228
Pkt 136 400 0.34 1
Pkt 102 300 0.34 1
Node 45 27 23.5372
Pkt 255 750 0.34 1
Pkt 272 800 0.34 1
Rate:681.75
==========
==========25
6 0 2 24000
Node 71 51 21.0238
Pkt 68 200 0.34 1
Pkt 41 120 0.341667 1
Node 32 58 19.6977
Pkt 109 320 0.340625 1
Pkt 136 400 0.34 1
Node 55 66 16.7631
Pkt 272 800 0.34 1
Pkt 272 800 0.34 1
Node 38 31 22.4722
Pkt 43 125 0.344 1
Pkt 66 192 0.34375 1
Node 31 68 26.1725
Pkt 164 480 0.341667 1
Pkt 109 320 0.340625 1
Node 27 56 23.7697
Pkt 272 800 0.34 1
Pkt 255 750 0.34 1
Rate:682.056
==========
==========26
6 0 2 24000
Node 47 56 6.7082
Pkt 82 240 0.341667 1
Pkt 51 150 0.34 1
Node 41 27 24.6982
Pkt 164 480 0.341667 1
Pkt 136 400 0.34 1
Node 30 63 23.8537
Pkt 272 800 0.34 1
Pkt 272 800 0.34 1
Node 29 73 31.1448
Pkt 43 125 0.344 1
Pkt 34 100 0.34 1
Node 38 62 16.9706
Pkt 102 300 0.34 1
Pkt 128 375 0.341333 1
Node 34 72 27.2029
Pkt 272 800 0.34 1
Pkt 272 800 0.34 1
Rate:681.444
==========
==========27
6 0 2 24000
Node 42 73 24.3516
Pkt 41 120 0.341667 1
Pkt 82 240 0.341667 1
Node 47 42 8.544
Pkt 109 320 0.340625 1
Pkt 136 400 0.34 1
Node 46 35 15.5242
Pkt 255 750 0.34 1
Pkt 255 750 0.34 1
Node 69 61 21.9545
Pkt 34 100 0.34 1
Pkt 43 125 0.344 1
Node 52 53 3.60555
Pkt 164 480 0.341667 1
Pkt 164 480 0.341667 1
Node 38 36 18.4391
Pkt 255 750 0.34 1
Pkt 255 750 0.34 1
Rate:681.882
==========
==========28
6 0 2 24000
Node 31 60 21.4709
Pkt 85 250 0.34 1
Pkt 82 240 0.341667 1
Node 62 40 15.6205
Pkt 102 300 0.34 1
Pkt 136 400 0.34 1
Node 45 60 11.1803
Pkt 255 750 0.34 1
Pkt 255 750 0.34 1
Node 44 50 6
Pkt 66 192 0.34375 1
Pkt 85 250 0.34 1
Node 63 43 14.7648
Pkt 102 300 0.34 1
Pkt 136 400 0.34 1
Node 27 52 23.0868
Pkt 255 750 0.34 1
Pkt 255 750 0.34 1
Rate:680.903
==========
==========29
6 0 2 24000
Node 74 31 30.6105
Pkt 41 120 0.341667 1
Pkt 85 250 0.34 1
Node 48 44 6.32456
Pkt 109 320 0.340625 1
Pkt 164 480 0.341667 1
Node 26 35 28.3019
Pkt 272 800 0.34 1
Pkt 272 800 0.34 1
Node 29 26 31.8904
Pkt 55 160 0.34375 1
Pkt 68 200 0.34 1
Node 56 36 15.2315
Pkt 164 480 0.341667 1
Pkt 136 400 0.34 1
Node 51 70 20.025
Pkt 255 750 0.34 1
Pkt 272 800 0.34 1
Rate:681.563
==========
==========30
6 0 2 24000
Node 55 60 11.1803
Pkt 51 150 0.34 1
Pkt 66 192 0.34375 1
Node 47 65 15.2971
Pkt 102 300 0.34 1
Pkt 128 375 0.341333 1
Node 55 61 12.083
Pkt 272 800 0.34 1
Pkt 272 800 0.34 1
Node 33 33 24.0416
Pkt 55 160 0.34375 1
Pkt 41 120 0.341667 1
Node 56 72 22.8035
Pkt 109 320 0.340625 1
Pkt 128 375 0.341333 1
Node 50 42 8
Pkt 272 800 0.34 1
Pkt 272 800 0.34 1
Rate:682.076
==========
==========31
6 0 2 24000
Node 64 54 14.5602
Pkt 51 150 0.34 1
Pkt 66 192 0.34375 1
Node 42 43 10.6301
Pkt 128 375 0.341333 1
Pkt 128 375 0.341333 1
Node 60 58 12.8062
Pkt 255 750 0.34 1
Pkt 255 750 0.34 1
Node 31 33 25.4951
Pkt 85 250 0.34 1
Pkt 68 200 0.34 1
Node 59 63 15.8114
Pkt 136 400 0.34 1
Pkt 109 320 0.340625 1
Node 69 40 21.4709
Pkt 272 800 0.34 1
Pkt 272 800 0.34 1
Rate:681.174
==========
==========32
6 0 2 24000
Node 51 25 25.02
Pkt 68 200 0.34 1
Pkt 82 240 0.341667 1
Node 41 56 10.8167
Pkt 136 400 0.34 1
Pkt 102 300 0.34 1
Node 35 66 21.9317
Pkt 272 800 0.34 1
Pkt 272 800 0.34 1
Node 29 40 23.2594
Pkt 34 100 0.34 1
Pkt 43 125 0.344 1
Node 59 53 9.48683
Pkt 128 375 0.341333 1
Pkt 109 320 0.340625 1
Node 66 45 16.7631
Pkt 272 800 0.34 1
Pkt 255 750 0.34 1
Rate:681.271
==========
==========33
6 0 2 24000
Node 56 52 6.32456
Pkt 43 125 0.344 1
Pkt 85 250 0.34 1
Node 42 46 8.94427
Pkt 164 480 0.341667 1
Pkt 102 300 0.34 1
Node 56 44 8.48528
Pkt 255 750 0.34 1
Pkt 272 800 0.34 1
Node 32 65 23.4307
Pkt 51 150 0.34 1
Pkt 43 125 0.344 1
Node 60 47 10.4403
Pkt 164 480 0.341667 1
Pkt 128 375 0.341333 1
Node 32 45 18.6815
Pkt 255 750 0.34 1
Pkt 255 750 0.34 1
Rate:682.111
==========
==========34
6 0 2 24000
Node 29 60 23.2594
Pkt 82 240 0.341667 1
Pkt 51 150 0.34 1
Node 66 51 16.0312
Pkt 102 300 0.34 1
Pkt 102 300 0.34 1
Node 34 57 17.4642
Pkt 272 800 0.34 1
Pkt 272 800 0.34 1
Node 69 51 19.0263
Pkt 41 120 0.341667 1
Pkt 51 150 0.34 1
Node 36 50 14
Pkt 136 400 0.34 1
Pkt 136 400 0.34 1
Node 61 35 18.6011
Pkt 255 750 0.34 1
Pkt 255 750 0.34 1
Rate:680.556
==========
==========35
6 0 2 24000
Node 29 70 29
Pkt 51 150 0.34 1
Pkt 82 240 0.341667 1
Node 35 55 15.8114
Pkt 109 320 0.340625 1
Pkt 164 480 0.341667 1
Node 62 35 19.2094
Pkt 272 800 0.34 1
Pkt 255 750 0.34 1
Node 49 41 9.05539
Pkt 66 192 0.34375 1
Pkt 66 192 0.34375 1
Node 37 53 13.3417
Pkt 136 400 0.34 1
Pkt 164 480 0.341667 1
Node 49 53 3.16228
Pkt 255 750 0.34 1
Pkt 272 800 0.34 1
Rate:682.188
==========
==========36
6 0 2 24000
Node 60 44 11.6619
Pkt 43 125 0.344 1
Pkt 82 240 0.341667 1
Node 46 52 4.47214
Pkt 102 300 0.34 1
Pkt 164 480 0.341667 1
Node 49 64 14.0357
Pkt 255 750 0.34 1
Pkt 255 750 0.34 1
Node 28 59 23.7697
Pkt 41 120 0.341667 1
Pkt 51 150 0.34 1
Node 63 64 19.105
Pkt 164 480 0.341667 1
Pkt 102 300 0.34 1
Node 46 72 22.3607
Pkt 272 800 0.34 1
Pkt 272 800 0.34 1
Rate:681.778
==========
==========37
6 0 2 24000
Node 64 47 14.3178
Pkt 82 240 0.341667 1
Pkt 55 160 0.34375 1
Node 51 32 18.0278
Pkt 102 300 0.34 1
Pkt 128 375 0.341333 1
Node 66 55 16.7631
Pkt 255 750 0.34 1
Pkt 272 800 0.34 1
Node 40 66 18.868
Pkt 66 192 0.34375 1
Pkt 41 120 0.341667 1
Node 30 72 29.7321
Pkt 102 300 0.34 1
Pkt 136 400 0.34 1
Node 58 63 15.2643
Pkt 255 750 0.34 1
Pkt 255 750 0.34 1
Rate:682.028
==========
==========38
6 0 2 24000
Node 48 65 15.1327
Pkt 51 150 0.34 1
Pkt 68 200 0.34 1
Node 32 67 24.7588
Pkt 102 300 0.34 1
Pkt 102 300 0.34 1
Node 38 56 13.4164
Pkt 272 800 0.34 1
Pkt 255 750 0.34 1
Node 50 62 12
Pkt 68 200 0.34 1
Pkt 82 240 0.341667 1
Node 26 31 30.6105
Pkt 109 320 0.340625 1
Pkt 164 480 0.341667 1
Node 65 72 26.6271
Pkt 272 800 0.34 1
Pkt 272 800 0.34 1
Rate:680.66
==========
==========39
6 0 2 24000
Node 53 74 24.1868
Pkt 43 125 0.344 1
Pkt 51 150 0.34 1
Node 53 74 24.1868
Pkt 109 320 0.340625 1
Pkt 164 480 0.341667 1
Node 58 68 19.6977
Pkt 255 750 0.34 1
Pkt 272 800 0.34 1
Node 27 65 27.4591
Pkt 41 120 0.341667 1
Pkt 82 240 0.341667 1
Node 35 50 15
Pkt 164 480 0.341667 1
Pkt 102 300 0.34 1
Node 43 39 13.0384
Pkt 272 800 0.34 1
Pkt 255 750 0.34 1
Rate:681.882
==========
==========40
6 0 2 24000
Node 59 40 13.4536
Pkt 34 100 0.34 1
Pkt 51 150 0.34 1
Node 72 57 23.0868
Pkt 128 375 0.341333 1
Pkt 136 400 0.34 1
Node 64 64 19.799
Pkt 272 800 0.34 1
Pkt 255 750 0.34 1
Node 60 52 10.198
Pkt 66 192 0.34375 1
Pkt 43 125 0.344 1
Node 61 28 24.5967
Pkt 102 300 0.34 1
Pkt 109 320 0.340625 1
Node 48 55 5.38516
Pkt 255 750 0.34 1
Pkt 255 750 0.34 1
Rate:681.618
==========
==========41
6 0 2 24000
Node 51 58 8.06226
Pkt 85 250 0.34 1
Pkt 68 200 0.34 1
Node 71 72 30.4138
Pkt 128 375 0.341333 1
Pkt 164 480 0.341667 1
Node 30 41 21.9317
Pkt 272 800 0.34 1
Pkt 272 800 0.34 1
Node 68 44 18.9737
Pkt 41 120 0.341667 1
Pkt 41 120 0.341667 1
Node 36 38 18.4391
Pkt 136 400 0.34 1
Pkt 109 320 0.340625 1
Node 31 65 24.2074
Pkt 255 750 0.34 1
Pkt 272 800 0.34 1
Rate:681.16
==========
==========42
6 0 2 24000
Node 37 53 13.3417
Pkt 68 200 0.34 1
Pkt 85 250 0.34 1
Node 44 47 6.7082
Pkt 102 300 0.34 1
Pkt 102 300 0.34 1
Node 39 45 12.083
Pkt 272 800 0.34 1
Pkt 255 750 0.34 1
Node 56 40 11.6619
Pkt 82 240 0.341667 1
Pkt 51 150 0.34 1
Node 55 67 17.72
Pkt 164 480 0.341667 1
Pkt 109 320 0.340625 1
Node 55 65 15.8114
Pkt 255 750 0.34 1
Pkt 272 800 0.34 1
Rate:680.66
==========
==========43
6 0 2 24000
Node 67 32 24.7588
Pkt 66 192 0.34375 1
Pkt 43 125 0.344 1
Node 45 63 13.9284
Pkt 102 300 0.34 1
Pkt 128 375 0.341333 1
Node 28 44 22.8035
Pkt 272 800 0.34 1
Pkt 272 800 0.34 1
Node 66 54 16.4924
Pkt 66 192 0.34375 1
Pkt 41 120 0.341667 1
Node 57 46 8.06226
Pkt 136 400 0.34 1
Pkt 102 300 0.34 1
Node 73 27 32.5269
Pkt 272 800 0.34 1
Pkt 255 750 0.34 1
Rate:682.417
==========
==========44
6 0 2 24000
Node 55 51 5.09902
Pkt 34 100 0.34 1
Pkt 82 240 0.341667 1
Node 41 50 9
Pkt 136 400 0.34 1
Pkt 128 375 0.341333 1
Node 30 40 22.3607
Pkt 272 800 0.34 1
Pkt 255 750 0.34 1
Node 32 71 27.6586
Pkt 66 192 0.34375 1
Pkt 34 100 0.34 1
Node 39 37 17.0294
Pkt 109 320 0.340625 1
Pkt 102 300 0.34 1
Node 39 42 13.6015
Pkt 272 800 0.34 1
Pkt 272 800 0.34 1
Rate:681.229
==========
==========45
6 0 2 24000
Node 66 46 16.4924
Pkt 51 150 0.34 1
Pkt 34 100 0.34 1
Node 62 35 19.2094
Pkt 128 375 0.341333 1
Pkt 109 320 0.340625 1
Node 44 35 16.1555
Pkt 272 800 0.34 1
Pkt 255 750 0.34 1
Node 73 72 31.8277
Pkt 85 250 0.34 1
Pkt 82 240 0.341667 1
Node 29 73 31.1448
Pkt 128 375 0.341333 1
Pkt 128 375 0.341333 1
Node 29 67 27.0185
Pkt 255 750 0.34 1
Pkt 255 750 0.34 1
Rate:681.049
==========
==========46
6 0 2 24000
Node 28 57 23.0868
Pkt 82 240 0.341667 1
Pkt 66 192 0.34375 1
Node 35 58 17
Pkt 164 480 0.341667 1
Pkt 109 320 0.340625 1
Node 46 61 11.7047
Pkt 272 800 0.34 1
Pkt 255 750 0.34 1
Node 74 59 25.632
Pkt 68 200 0.34 1
Pkt 82 240 0.341667 1
Node 43 45 8.60233
Pkt 128 375 0.341333 1
Pkt 136 400 0.34 1
Node 62 62 16.9706
Pkt 272 800 0.34 1
Pkt 272 800 0.34 1
Rate:681.785
==========
==========47
6 0 2 24000
Node 45 37 13.9284
Pkt 51 150 0.34 1
Pkt 41 120 0.341667 1
Node 71 50 21
Pkt 102 300 0.34 1
Pkt 109 320 0.340625 1
Node 69 58 20.6155
Pkt 272 800 0.34 1
Pkt 255 750 0.34 1
Node 67 30 26.2488
Pkt 41 120 0.341667 1
Pkt 51 150 0.34 1
Node 70 27 30.4795
Pkt 109 320 0.340625 1
Pkt 102 300 0.34 1
Node 30 69 27.5862
Pkt 272 800 0.34 1
Pkt 272 800 0.34 1
Rate:680.764
==========
==========48
6 0 2 24000
Node 37 30 23.8537
Pkt 82 240 0.341667 1
Pkt 85 250 0.34 1
Node 46 73 23.3452
Pkt 109 320 0.340625 1
Pkt 164 480 0.341667 1
Node 38 49 12.0416
Pkt 255 750 0.34 1
Pkt 255 750 0.34 1
Node 48 73 23.0868
Pkt 66 192 0.34375 1
Pkt 51 150 0.34 1
Node 35 63 19.8494
Pkt 128 375 0.341333 1
Pkt 164 480 0.341667 1
Node 63 48 13.1529
Pkt 272 800 0.34 1
Pkt 255 750 0.34 1
Rate:681.785
==========
==========49
6 0 2 24000
Node 50 61 11
Pkt 68 200 0.34 1
Pkt 41 120 0.341667 1
Node 34 73 28.0179
Pkt 164 480 0.341667 1
Pkt 109 320 0.340625 1
Node 51 26 24.0208
Pkt 272 800 0.34 1
Pkt 272 800 0.34 1
Node 39 33 20.2485
Pkt 43 125 0.344 1
Pkt 43 125 0.344 1
Node 33 71 27.0185
Pkt 109 320 0.340625 1
Pkt 102 300 0.34 1
Node 53 25 25.1794
Pkt 255 750 0.34 1
Pkt 272 800 0.34 1
Rate:682.097
==========
==========50
6 0 2 24000
Node 49 58 8.06226
Pkt 51 150 0.34 1
Pkt 85 250 0.34 1
Node 60 59 13.4536
Pkt 109 320 0.340625 1
Pkt 109 320 0.340625 1
Node 58 43 10.6301
Pkt 255 750 0.34 1
Pkt 255 750 0.34 1
Node 25 72 33.3017
Pkt 66 192 0.34375 1
Pkt 51 150 0.34 1
Node 28 52 22.0907
Pkt 164 480 0.341667 1
Pkt 136 400 0.34 1
Node 51 64 14.0357
Pkt 272 800 0.34 1
Pkt 255 750 0.34 1
Rate:681.111
==========
==========51
6 0 2 24000
Node 35 71 25.807
Pkt 41 120 0.341667 1
Pkt 41 120 0.341667 1
Node 47 31 19.2354
Pkt 128 375 0.341333 1
Pkt 109 320 0.340625 1
Node 68 45 18.6815
Pkt 272 800 0.34 1
Pkt 272 800 0.34 1
Node 35 66 21.9317
Pkt 41 120 0.341667 1
Pkt 85 250 0.34 1
Node 39 73 25.4951
Pkt 109 320 0.340625 1
Pkt 128 375 0.341333 1
Node 36 29 25.2389
Pkt 255 750 0.34 1
Pkt 255 750 0.34 1
Rate:681.486
==========
==========52
6 0 2 24000
Node 44 49 6.08276
Pkt 34 100 0.34 1
Pkt 85 250 0.34 1
Node 65 62 19.2094
Pkt 109 320 0.340625 1
Pkt 109 320 0.340625 1
Node 46 28 22.3607
Pkt 272 800 0.34 1
Pkt 272 800 0.34 1
Node 55 61 12.083
Pkt 55 160 0.34375 1
Pkt 41 120 0.341667 1
Node 55 55 7.07107
Pkt 164 480 0.341667 1
Pkt 164 480 0.341667 1
Node 49 40 10.0499
Pkt 255 750 0.34 1
Pkt 255 750 0.34 1
Rate:681.667
==========
==========53
6 0 2 24000
Node 25 72 33.3017
Pkt 85 250 0.34 1
Pkt 34 100 0.34 1
Node 30 30 28.2843
Pkt 102 300 0.34 1
Pkt 164 480 0.341667 1
Node 34 39 19.4165
Pkt 255 750 0.34 1
Pkt 255 750 0.34 1
Node 32 35 23.4307
Pkt 34 100 0.34 1
Pkt 82 240 0.341667 1
Node 56 64 15.2315
Pkt 128 375 0.341333 1
Pkt 102 300 0.34 1
Node 53 34 16.2788
Pkt 255 750 0.34 1
Pkt 255 750 0.34 1
Rate:680.778
==========
==========54
6 0 2 24000
Node 67 55 17.72
Pkt 41 120 0.341667 1
Pkt 85 250 0.34 1
Node 56 35 16.1555
Pkt 136 400 0.34 1
Pkt 109 320 0.340625 1
Node 32 60 20.5913
Pkt 272 800 0.34 1
Pkt 255 750 0.34 1
Node 69 57 20.2485
Pkt 51 150 0.34 1
Pkt 34 100 0.34 1
Node 44 37 14.3178
Pkt 164 480 0.341667 1
Pkt 164 480 0.341667 1
Node 28 50 22
Pkt 272 800 0.34 1
Pkt 255 750 0.34 1
Rate:680.938
==========
==========55
6 0 2 24000
Node 45 62 13
Pkt 55 160 0.34375 1
Pkt 82 240 0.341667 1
Node 68 56 18.9737
Pkt 109 320 0.340625 1
Pkt 102 300 0.34 1
Node 71 42 22.4722
Pkt 255 750 0.34 1
Pkt 255 750 0.34 1
Node 58 40 12.8062
Pkt 82 240 0.341667 1
Pkt 66 192 0.34375 1
Node 58 46 8.94427
Pkt 128 375 0.341333 1
Pkt 109 320 0.340625 1
Node 25 72 33.3017
Pkt 255 750 0.34 1
Pkt 272 800 0.34 1
Rate:682.236
==========
==========56
6 0 2 24000
Node 28 69 29.0689
Pkt 82 240 0.341667 1
Pkt 82 240 0.341667 1
Node 30 39 22.8254
Pkt 109 320 0.340625 1
Pkt 128 375 0.341333 1
Node 33 48 17.1172
Pkt 272 800 0.34 1
Pkt 255 750 0.34 1
Node 33 25 30.2324
Pkt 51 150 0.34 1
Pkt 51 150 0.34 1
Node 65 29 25.807
Pkt 109 320 0.340625 1
Pkt 109 320 0.340625 1
Node 28 72 31.1127
Pkt 272 800 0.34 1
Pkt 255 750 0.34 1
Rate:681.09
==========
==========57
6 0 2 24000
Node 36 55 14.8661
Pkt 66 192 0.34375 1
Pkt 68 200 0.34 1
Node 43 49 7.07107
Pkt 109 320 0.340625 1
Pkt 102 300 0.34 1
Node 53 27 23.1948
Pkt 272 800 0.34 1
Pkt 255 750 0.34 1
Node 50 58 8
Pkt 82 240 0.341667 1
Pkt 41 120 0.341667 1
Node 70 59 21.9317
Pkt 164 480 0.341667 1
Pkt 102 300 0.34 1
Node 47 54 5
Pkt 255 750 0.34 1
Pkt 255 750 0.34 1
Rate:681.563
==========
==========58
6 0 2 24000
Node 45 55 7.07107
Pkt 34 100 0.34 1
Pkt 85 250 0.34 1
Node 53 58 8.544
Pkt 109 320 0.340625 1
Pkt 136 400 0.34 1
Node 29 61 23.7065
Pkt 255 750 0.34 1
Pkt 255 750 0.34 1
Node 68 73 29.2062
Pkt 82 240 0.341667 1
Pkt 34 100 0.34 1
Node 36 71 25.2389
Pkt 136 400 0.34 1
Pkt 102 300 0.34 1
Node 47 38 12.3693
Pkt 272 800 0.34 1
Pkt 272 800 0.34 1
Rate:680.382
==========
==========59
6 0 2 24000
Node 30 60 22.3607
Pkt 82 240 0.341667 1
Pkt 55 160 0.34375 1
Node 66 25 29.6816
Pkt 128 375 0.341333 1
Pkt 102 300 0.34 1
Node 67 64 22.0227
Pkt 255 750 0.34 1
Pkt 272 800 0.34 1
Node 48 74 24.0832
Pkt 82 240 0.341667 1
Pkt 43 125 0.344 1
Node 41 49 9.05539
Pkt 102 300 0.34 1
Pkt 109 320 0.340625 1
Node 47 31 19.2354
Pkt 272 800 0.34 1
Pkt 255 750 0.34 1
Rate:682.174
==========
==========60
6 0 2 24000
Node 62 70 23.3238
Pkt 82 240 0.341667 1
Pkt 66 192 0.34375 1
Node 49 44 6.08276
Pkt 164 480 0.341667 1
Pkt 164 480 0.341667 1
Node 33 53 17.2627
Pkt 272 800 0.34 1
Pkt 255 750 0.34 1
Node 36 35 20.5183
Pkt 85 250 0.34 1
Pkt 41 120 0.341667 1
Node 57 49 7.07107
Pkt 102 300 0.34 1
Pkt 164 480 0.341667 1
Node 47 49 3.16228
Pkt 255 750 0.34 1
Pkt 272 800 0.34 1
Rate:682.014
==========
==========61
6 0 2 24000
Node 36 25 28.6531
Pkt 51 150 0.34 1
Pkt 68 200 0.34 1
Node 28 48 22.0907
Pkt 109 320 0.340625 1
Pkt 164 480 0.341667 1
Node 66 51 16.0312
Pkt 272 800 0.34 1
Pkt 272 800 0.34 1
Node 69 48 19.105
Pkt 66 192 0.34375 1
Pkt 34 100 0.34 1
Node 49 37 13.0384
Pkt 128 375 0.341333 1
Pkt 109 320 0.340625 1
Node 41 31 21.0238
Pkt 272 800 0.34 1
Pkt 255 750 0.34 1
Rate:681.333
==========
==========62
6 0 2 24000
Node 32 67 24.7588
Pkt 51 150 0.34 1
Pkt 41 120 0.341667 1
Node 66 45 16.7631
Pkt 128 375 0.341333 1
Pkt 109 320 0.340625 1
Node 29 60 23.2594
Pkt 272 800 0.34 1
Pkt 255 750 0.34 1
Node 42 55 9.43398
Pkt 43 125 0.344 1
Pkt 55 160 0.34375 1
Node 34 51 16.0312
Pkt 136 400 0.34 1
Pkt 164 480 0.341667 1
Node 25 36 28.6531
Pkt 272 800 0.34 1
Pkt 255 750 0.34 1
Rate:682.174
==========
==========63
6 0 2 24000
Node 60 40 14.1421
Pkt 41 120 0.341667 1
Pkt 82 240 0.341667 1
Node 65 38 19.2094
Pkt 136 400 0.34 1
Pkt 136 400 0.34 1
Node 44 68 18.9737
Pkt 272 800 0.34 1
Pkt 255 750 0.34 1
Node 52 35 15.1327
Pkt 66 192 0.34375 1
Pkt 51 150 0.34 1
Node 42 54 8.94427
Pkt 128 375 0.341333 1
Pkt 102 300 0.34 1
Node 53 32 18.2483
Pkt 272 800 0.34 1
Pkt 272 800 0.34 1
Rate:681.403
==========
==========64
6 0 2 24000
Node 55 51 5.09902
Pkt 55 160 0.34375 1
Pkt 55 160 0.34375 1
Node 69 51 19.0263
Pkt 136 400 0.34 1
Pkt 136 400 0.34 1
Node 69 72 29.0689
Pkt 255 750 0.34 1
Pkt 272 800 0.34 1
Node 43 29 22.1359
Pkt 34 100 0.34 1
Pkt 34 100 0.34 1
Node 59 38 15
Pkt 102 300 0.34 1
Pkt 102 300 0.34 1
Node 38 58 14.4222
Pkt 272 800 0.34 1
Pkt 255 750 0.34 1
Rate:681.25
==========
==========65
6 0 2 24000
Node 28 44 22.8035
Pkt 82 240 0.341667 1
Pkt 82 240 0.341667 1
Node 51 32 18.0278
Pkt 136 400 0.34 1
Pkt 128 375 0.341333 1
Node 70 25 32.0156
Pkt 272 800 0.34 1
Pkt 255 750 0.34 1
Node 59 61 14.2127
Pkt 66 192 0.34375 1
Pkt 55 160 0.34375 1
Node 43 25 25.9615
Pkt 102 300 0.34 1
Pkt 136 400 0.34 1
Node 70 59 21.9317
Pkt 272 800 0.34 1
Pkt 255 750 0.34 1
Rate:682.028
==========
==========66
6 0 2 24000
Node 37 57 14.7648
Pkt 51 150 0.34 1
Pkt 41 120 0.341667 1
Node 25 59 26.5707
Pkt 128 375 0.341333 1
Pkt 136 400 0.34 1
Node 46 42 8.94427
Pkt 272 800 0.34 1
Pkt 255 750 0.34 1
Node 68 55 18.6815
Pkt 66 192 0.34375 1
Pkt 85 250 0.34 1
Node 42 50 8
Pkt 109 320 0.340625 1
Pkt 164 480 0.341667 1
Node 40 37 16.4012
Pkt 272 800 0.34 1
Pkt 255 750 0.34 1
Rate:681.507
==========
==========67
6 0 2 24000
Node 61 29 23.7065
Pkt 51 150 0.34 1
Pkt 85 250 0.34 1
Node 38 50 12
Pkt 109 320 0.340625 1
Pkt 109 320 0.340625 1
Node 55 28 22.561
Pkt 255 750 0.34 1
Pkt 255 750 0.34 1
Node 43 50 7
Pkt 34 100 0.34 1
Pkt 82 240 0.341667 1
Node 72 44 22.8035
Pkt 102 300 0.34 1
Pkt 102 300 0.34 1
Node 36 67 22.0227
Pkt 272 800 0.34 1
Pkt 272 800 0.34 1
Rate:680.486
==========
==========68
6 0 2 24000
Node 64 50 14
Pkt 82 240 0.341667 1
Pkt 51 150 0.34 1
Node 29 61 23.7065
Pkt 102 300 0.34 1
Pkt 136 400 0.34 1
Node 28 42 23.4094
Pkt 272 800 0.34 1
Pkt 272 800 0.34 1
Node 37 49 13.0384
Pkt 55 160 0.34375 1
Pkt 82 240 0.341667 1
Node 51 58 8.06226
Pkt 136 400 0.34 1
Pkt 102 300 0.34 1
Node 26 59 25.632
Pkt 272 800 0.34 1
Pkt 255 750 0.34 1
Rate:681.181
==========
==========69
6 0 2 24000
Node 57 54 8.06226
Pkt 66 192 0.34375 1
Pkt 41 120 0.341667 1
Node 71 34 26.4008
Pkt 109 320 0.340625 1
Pkt 109 320 0.340625 1
Node 67 61 20.2485
Pkt 272 800 0.34 1
Pkt 255 750 0.34 1
Node 38 48 12.1655
Pkt 51 150 0.34 1
Pkt 51 150 0.34 1
Node 49 38 12.0416
Pkt 136 400 0.34 1
Pkt 128 375 0.341333 1
Node 25 56 25.7099
Pkt 255 750 0.34 1
Pkt 272 800 0.34 1
Rate:681.333
==========
==========70
6 0 2 24000
Node 70 70 28.2843
Pkt 68 200 0.34 1
Pkt 68 200 0.34 1
Node 41 35 17.4929
Pkt 128 375 0.341333 1
Pkt 102 300 0.34 1
Node 71 43 22.1359
Pkt 272 800 0.34 1
Pkt 272 800 0.34 1
Node 25 69 31.4006
Pkt 43 125 0.344 1
Pkt 82 240 0.341667 1
Node 37 43 14.7648
Pkt 109 320 0.340625 1
Pkt 136 400 0.34 1
Node 58 37 15.2643
Pkt 272 800 0.34 1
Pkt 255 750 0.34 1
Rate:681.271
==========
==========71
6 0 2 24000
Node 71 38 24.1868
Pkt 85 250 0.34 1
Pkt 41 120 0.341667 1
Node 51 57 7.07107
Pkt 128 375 0.341333 1
Pkt 136 400 0.34 1
Node 50 70 20
Pkt 255 750 0.34 1
Pkt 255 750 0.34 1
Node 35 56 16.1555
Pkt 41 120 0.341667 1
Pkt 51 150 0.34 1
Node 34 48 16.1245
Pkt 102 300 0.34 1
Pkt 109 320 0.340625 1
Node 27 71 31.1448
Pkt 255 750 0.34 1
Pkt 255 750 0.34 1
Rate:680.882
==========
==========72
6 0 2 24000
Node 51 42 8.06226
Pkt 51 150 0.34 1
Pkt 85 250 0.34 1
Node 29 49 21.0238
Pkt 164 480 0.341667 1
Pkt 109 320 0.340625 1
Node 56 72 22.8035
Pkt 272 800 0.34 1
Pkt 255 750 0.34 1
Node 62 44 13.4164
Pkt 82 240 0.341667 1
Pkt 34 100 0.34 1
Node 46 67 17.4642
Pkt 109 320 0.340625 1
Pkt 109 320 0.340625 1
Node 68 53 18.2483
Pkt 255 750 0.34 1
Pkt 255 750 0.34 1
Rate:680.868
==========
==========73
6 0 2 24000
Node 55 67 17.72
Pkt 51 150 0.34 1
Pkt 82 240 0.341667 1
Node 58 38 14.4222
Pkt 102 300 0.34 1
Pkt 128 375 0.341333 1
Node 50 28 22
Pkt 255 750 0.34 1
Pkt 255 750 0.34 1
Node 69 53 19.2354
Pkt 66 192 0.34375 1
Pkt 41 120 0.341667 1
Node 71 59 22.8473
Pkt 109 320 0.340625 1
Pkt 136 400 0.34 1
Node 35 69 24.2074
Pkt 272 800 0.34 1
Pkt 272 800 0.34 1
Rate:681.507
==========
==========74
6 0 2 24000
Node 45 37 13.9284
Pkt 55 160 0.34375 1
Pkt 68 200 0.34 1
Node 39 61 15.5563
Pkt 136 400 0.34 1
Pkt 136 400 0.34 1
Node 27 50 23
Pkt 255 750 0.34 1
Pkt 272 800 0.34 1
Node 38 74 26.8328
Pkt 82 240 0.341667 1
Pkt 85 250 0.34 1
Node 31 32 26.1725
Pkt 136 400 0.34 1
Pkt 136 400 0.34 1
Node 50 62 12
Pkt 272 800 0.34 1
Pkt 255 750 0.34 1
Rate:680.903
==========
==========75
6 0 2 24000
Node 46 27 23.3452
Pkt 68 200 0.34 1
Pkt 55 160 0.34375 1
Node 28 64 26.0768
Pkt 128 375 0.341333 1
Pkt 109 320 0.340625 1
Node 47 37 13.3417
Pkt 272 800 0.34 1
Pkt 272 800 0.34 1
Node 25 51 25.02
Pkt 43 125 0.344 1
Pkt 34 100 0.34 1
Node 46 63 13.6015
Pkt 102 300 0.34 1
Pkt 109 320 0.340625 1
Node 58 39 13.6015
Pkt 272 800 0.34 1
Pkt 255 750 0.34 1
Rate:681.722
==========
==========76
6 0 2 24000
Node 48 38 12.1655
Pkt 66 192 0.34375 1
Pkt 51 150 0.34 1
Node 26 39 26.4008
Pkt 109 320 0.340625 1
Pkt 136 400 0.34 1
Node 30 28 29.7321
Pkt 255 750 0.34 1
Pkt 272 800 0.34 1
Node 36 63 19.105
Pkt 55 160 0.34375 1
Pkt 85 250 0.34 1
Node 27 67 28.6007
Pkt 136 400 0.34 1
Pkt 128 375 0.341333 1
Node 59 49 9.05539
Pkt 272 800 0.34 1
Pkt 272 800 0.34 1
Rate:681.576
==========
==========77
6 0 2 24000
Node 40 71 23.2594
Pkt 43 125 0.344 1
Pkt 82 240 0.341667 1
Node 61 31 21.9545
Pkt 164 480 0.341667 1
Pkt 128 375 0.341333 1
Node 44 71 21.8403
Pkt 255 750 0.34 1
Pkt 255 750 0.34 1
Node 47 50 3
Pkt 55 160 0.34375 1
Pkt 82 240 0.341667 1
Node 36 56 15.2315
Pkt 109 320 0.340625 1
Pkt 109 320 0.340625 1
Node 38 58 14.4222
Pkt 272 800 0.34 1
Pkt 272 800 0.34 1
Rate:682.556
==========
==========78
6 0 2 24000
Node 52 45 5.38516
Pkt 43 125 0.344 1
Pkt 66 192 0.34375 1
Node 46 49 4.12311
Pkt 109 320 0.340625 1
Pkt 128 375 0.341333 1
Node 64 52 14.1421
Pkt 255 750 0.34 1
Pkt 255 750 0.34 1
Node 46 58 8.94427
Pkt 55 160 0.34375 1
Pkt 85 250 0.34 1
Node 65 71 25.807
Pkt 136 400 0.34 1
Pkt 164 480 0.341667 1
Node 65 69 24.2074
Pkt 272 800 0.34 1
Pkt 272 800 0.34 1
Rate:682.521
==========
==========79
6 0 2 24000
Node 72 39 24.5967
Pkt 41 120 0.341667 1
Pkt 85 250 0.34 1
Node 32 39 21.095
Pkt 128 375 0.341333 1
Pkt 164 480 0.341667 1
Node 45 42 9.43398
Pkt 272 800 0.34 1
Pkt 255 750 0.34 1
Node 32 27 29.2062
Pkt 34 100 0.34 1
Pkt 55 160 0.34375 1
Node 32 63 22.2036
Pkt 109 320 0.340625 1
Pkt 109 320 0.340625 1
Node 73 70 30.4795
Pkt 272 800 0.34 1
Pkt 272 800 0.34 1
Rate:681.611
==========
==========80
6 0 2 24000
Node 60 34 18.868
Pkt 55 160 0.34375 1
Pkt 43 125 0.344 1
Node 45 36 14.8661
Pkt 102 300 0.34 1
Pkt 128 375 0.341333 1
Node 45 61 12.083
Pkt 272 800 0.34 1
Pkt 272 800 0.34 1
Node 41 42 12.0416
Pkt 82 240 0.341667 1
Pkt 43 125 0.344 1
Node 35 71 25.807
Pkt 128 375 0.341333 1
Pkt 109 320 0.340625 1
Node 55 61 12.083
Pkt 272 800 0.34 1
Pkt 272 800 0.34 1
Rate:682.785
==========
==========81
6 0 2 24000
Node 60 59 13.4536
Pkt 82 240 0.341667 1
Pkt 66 192 0.34375 1
Node 36 40 17.2047
Pkt 128 375 0.341333 1
Pkt 136 400 0.34 1
Node 62 65 19.2094
Pkt 255 750 0.34 1
Pkt 272 800 0.34 1
Node 35 58 17
Pkt 51 150 0.34 1
Pkt 85 250 0.34 1
Node 68 69 26.1725
Pkt 164 480 0.341667 1
Pkt 128 375 0.341333 1
Node 69 46 19.4165
Pkt 272 800 0.34 1
Pkt 255 750 0.34 1
Rate:681.625
==========
==========82
6 0 2 24000
Node 71 42 22.4722
Pkt 82 240 0.341667 1
Pkt 66 192 0.34375 1
Node 73 71 31.1448
Pkt 164 480 0.341667 1
Pkt 128 375 0.341333 1
Node 65 46 15.5242
Pkt 272 800 0.34 1
Pkt 272 800 0.34 1
Node 72 65 26.6271
Pkt 55 160 0.34375 1
Pkt 34 100 0.34 1
Node 43 51 7.07107
Pkt 136 400 0.34 1
Pkt 136 400 0.34 1
Node 45 27 23.5372
Pkt 255 750 0.34 1
Pkt 255 750 0.34 1
Rate:682.028
==========
==========83
6 0 2 24000
Node 74 32 30
Pkt 68 200 0.34 1
Pkt 82 240 0.341667 1
Node 27 41 24.6982
Pkt 136 400 0.34 1
Pkt 109 320 0.340625 1
Node 39 74 26.4008
Pkt 272 800 0.34 1
Pkt 272 800 0.34 1
Node 33 40 19.7231
Pkt 68 200 0.34 1
Pkt 85 250 0.34 1
Node 47 56 6.7082
Pkt 109 320 0.340625 1
Pkt 164 480 0.341667 1
Node 68 62 21.6333
Pkt 272 800 0.34 1
Pkt 272 800 0.34 1
Rate:680.764
==========
==========84
6 0 2 24000
Node 44 65 16.1555
Pkt 66 192 0.34375 1
Pkt 41 120 0.341667 1
Node 31 29 28.3196
Pkt 164 480 0.341667 1
Pkt 109 320 0.340625 1
Node 34 36 21.2603
Pkt 272 800 0.34 1
Pkt 255 750 0.34 1
Node 66 28 27.2029
Pkt 66 192 0.34375 1
Pkt 34 100 0.34 1
Node 53 43 7.61577
Pkt 136 400 0.34 1
Pkt 128 375 0.341333 1
Node 36 30 24.4131
Pkt 272 800 0.34 1
Pkt 272 800 0.34 1
Rate:682.132
==========
==========85
6 0 2 24000
Node 30 50 20
Pkt 51 150 0.34 1
Pkt 85 250 0.34 1
Node 61 72 24.5967
Pkt 109 320 0.340625 1
Pkt 109 320 0.340625 1
Node 35 28 26.6271
Pkt 272 800 0.34 1
Pkt 255 750 0.34 1
Node 32 68 25.4558
Pkt 34 100 0.34 1
Pkt 43 125 0.344 1
Node 32 69 26.1725
Pkt 102 300 0.34 1
Pkt 136 400 0.34 1
Node 48 51 2.23607
Pkt 255 750 0.34 1
Pkt 272 800 0.34 1
Rate:680.875
==========
==========86
6 0 2 24000
Node 33 45 17.72
Pkt 55 160 0.34375 1
Pkt 82 240 0.341667 1
Node 54 67 17.4642
Pkt 128 375 0.341333 1
Pkt 136 400 0.34 1
Node 32 54 18.4391
Pkt 255 750 0.34 1
Pkt 255 750 0.34 1
Node 63 60 16.4012
Pkt 82 240 0.341667 1
Pkt 55 160 0.34375 1
Node 47 64 14.3178
Pkt 102 300 0.34 1
Pkt 128 375 0.341333 1
Node 54 29 21.3776
Pkt 255 750 0.34 1
Pkt 255 750 0.34 1
Rate:682.25
==========
==========87
6 0 2 24000
Node 70 37 23.8537
Pkt 34 100 0.34 1
Pkt 43 125 0.344 1
Node 38 39 16.2788
Pkt 136 400 0.34 1
Pkt 128 375 0.341333 1
Node 51 25 25.02
Pkt 272 800 0.34 1
Pkt 272 800 0.34 1
Node 66 63 20.6155
Pkt 43 125 0.344 1
Pkt 43 125 0.344 1
Node 43 53 7.61577
Pkt 109 320 0.340625 1
Pkt 102 300 0.34 1
Node 58 59 12.0416
Pkt 272 800 0.34 1
Pkt 255 750 0.34 1
Rate:682.326
==========
==========88
6 0 2 24000
Node 48 42 8.24621
Pkt 68 200 0.34 1
Pkt 66 192 0.34375 1
Node 59 48 9.21954
Pkt 109 320 0.340625 1
Pkt 136 400 0.34 1
Node 69 68 26.1725
Pkt 272 800 0.34 1
Pkt 272 800 0.34 1
Node 39 49 11.0454
Pkt 68 200 0.34 1
Pkt 51 150 0.34 1
Node 36 35 20.5183
Pkt 109 320 0.340625 1
Pkt 109 320 0.340625 1
Node 30 60 22.3607
Pkt 255 750 0.34 1
Pkt 255 750 0.34 1
Rate:680.938
==========
==========89
6 0 2 24000
Node 28 67 27.8029
Pkt 51 150 0.34 1
Pkt 68 200 0.34 1
Node 57 37 14.7648
Pkt 109 320 0.340625 1
Pkt 102 300 0.34 1
Node 28 66 27.2029
Pkt 255 750 0.34 1
Pkt 255 750 0.34 1
Node 48 63 13.1529
Pkt 82 240 0.341667 1
Pkt 34 100 0.34 1
Node 47 37 13.3417
Pkt 102 300 0.34 1
Pkt 102 300 0.34 1
Node 55 45 7.07107
Pkt 255 750 0.34 1
Pkt 272 800 0.34 1
Rate:680.382
==========
==========90
6 0 2 24000
Node 49 74 24.0208
Pkt 34 100 0.34 1
Pkt 66 192 0.34375 1
Node 53 44 6.7082
Pkt 164 480 0.341667 1
Pkt 102 300 0.34 1
Node 37 27 26.4197
Pkt 272 800 0.34 1
Pkt 272 800 0.34 1
Node 63 70 23.8537
Pkt 41 120 0.341667 1
Pkt 51 150 0.34 1
Node 39 51 11.0454
Pkt 128 375 0.341333 1
Pkt 136 400 0.34 1
Node 57 39 13.0384
Pkt 272 800 0.34 1
Pkt 255 750 0.34 1
Rate:681.403
==========
==========91
6 0 2 24000
Node 74 58 25.2982
Pkt 66 192 0.34375 1
Pkt 55 160 0.34375 1
Node 69 62 22.4722
Pkt 102 300 0.34 1
Pkt 109 320 0.340625 1
Node 42 35 17
Pkt 272 800 0.34 1
Pkt 255 750 0.34 1
Node 34 51 16.0312
Pkt 55 160 0.34375 1
Pkt 66 192 0.34375 1
Node 50 53 3
Pkt 128 375 0.341333 1
Pkt 109 320 0.340625 1
Node 45 59 10.2956
Pkt 272 800 0.34 1
Pkt 255 750 0.34 1
Rate:682.931
==========
==========92
6 0 2 24000
Node 29 56 21.8403
Pkt 66 192 0.34375 1
Pkt 68 200 0.34 1
Node 51 36 14.0357
Pkt 128 375 0.341333 1
Pkt 164 480 0.341667 1
Node 48 43 7.28011
Pkt 255 750 0.34 1
Pkt 272 800 0.34 1
Node 41 41 12.7279
Pkt 51 150 0.34 1
Pkt 51 150 0.34 1
Node 61 61 15.5563
Pkt 102 300 0.34 1
Pkt 102 300 0.34 1
Node 56 36 15.2315
Pkt 255 750 0.34 1
Pkt 272 800 0.34 1
Rate:681.125
==========
==========93
6 0 2 24000
Node 68 52 18.1108
Pkt 34 100 0.34 1
Pkt 55 160 0.34375 1
Node 69 66 24.8395
Pkt 128 375 0.341333 1
Pkt 102 300 0.34 1
Node 47 71 21.2132
Pkt 255 750 0.34 1
Pkt 272 800 0.34 1
Node 57 49 7.07107
Pkt 41 120 0.341667 1
Pkt 43 125 0.344 1
Node 35 62 19.2094
Pkt 164 480 0.341667 1
Pkt 128 375 0.341333 1
Node 61 29 23.7065
Pkt 272 800 0.34 1
Pkt 255 750 0.34 1
Rate:682.292
==========
==========94
6 0 2 24000
Node 47 50 3
Pkt 41 120 0.341667 1
Pkt 82 240 0.341667 1
Node 65 26 28.3019
Pkt 109 320 0.340625 1
Pkt 164 480 0.341667 1
Node 26 71 31.8904
Pkt 255 750 0.34 1
Pkt 255 750 0.34 1
Node 52 60 10.198
Pkt 41 120 0.341667 1
Pkt 43 125 0.344 1
Node 40 36 17.2047
Pkt 164 480 0.341667 1
Pkt 102 300 0.34 1
Node 56 51 6.08276
Pkt 255 750 0.34 1
Pkt 272 800 0.34 1
Rate:682.16
==========
==========95
6 0 2 24000
Node 25 27 33.9706
Pkt 34 100 0.34 1
Pkt 68 200 0.34 1
Node 69 74 30.6105
Pkt 128 375 0.341333 1
Pkt 102 300 0.34 1
Node 55 72 22.561
Pkt 272 800 0.34 1
Pkt 255 750 0.34 1
Node 67 57 18.3848
Pkt 68 200 0.34 1
Pkt 82 240 0.341667 1
Node 60 69 21.4709
Pkt 136 400 0.34 1
Pkt 164 480 0.341667 1
Node 36 69 23.6008
Pkt 255 750 0.34 1
Pkt 272 800 0.34 1
Rate:680.778
==========
==========96
6 0 2 24000
Node 63 39 17.0294
Pkt 82 240 0.341667 1
Pkt 85 250 0.34 1
Node 51 52 2.23607
Pkt 164 480 0.341667 1
Pkt 164 480 0.341667 1
Node 61 39 15.5563
Pkt 255 750 0.34 1
Pkt 255 750 0.34 1
Node 63 71 24.6982
Pkt 51 150 0.34 1
Pkt 55 160 0.34375 1
Node 34 55 16.7631
Pkt 128 375 0.341333 1
Pkt 136 400 0.34 1
Node 74 26 33.9411
Pkt 255 750 0.34 1
Pkt 272 800 0.34 1
Rate:681.681
==========
==========97
6 0 2 24000
Node 43 59 11.4018
Pkt 43 125 0.344 1
Pkt 68 200 0.34 1
Node 48 58 8.24621
Pkt 109 320 0.340625 1
Pkt 164 480 0.341667 1
Node 45 47 5.83095
Pkt 255 750 0.34 1
Pkt 272 800 0.34 1
Node 28 46 22.3607
Pkt 68 200 0.34 1
Pkt 43 125 0.344 1
Node 30 71 29
Pkt 109 320 0.340625 1
Pkt 102 300 0.34 1
Node 48 42 8.24621
Pkt 255 750 0.34 1
Pkt 272 800 0.34 1
Rate:681.819
==========
==========98
6 0 2 24000
Node 73 62 25.9422
Pkt 85 250 0.34 1
Pkt 34 100 0.34 1
Node 27 46 23.3452
Pkt 109 320 0.340625 1
Pkt 109 320 0.340625 1
Node 56 33 18.0278
Pkt 272 800 0.34 1
Pkt 272 800 0.34 1
Node 37 71 24.6982
Pkt 55 160 0.34375 1
Pkt 68 200 0.34 1
Node 63 48 13.1529
Pkt 109 320 0.340625 1
Pkt 109 320 0.340625 1
Node 30 44 20.8806
Pkt 255 750 0.34 1
Pkt 272 800 0.34 1
Rate:681.042
==========
==========99
