6 0 2 24000
Node 56 68 18.9737
Pkt 32 120 0.266667 1
Pkt 50 192 0.260417 1
Node 34 43 17.4642
Pkt 98 375 0.261333 1
Pkt 125 480 0.260417 1
Node 54 66 16.4924
Pkt 195 750 0.26 1
Pkt 208 800 0.26 1
Node 25 67 30.2324
Pkt 26 100 0.26 1
Pkt 42 160 0.2625 1
Node 35 67 22.6716
Pkt 78 300 0.26 1
Pkt 84 320 0.2625 1
Node 73 35 27.4591
Pkt 208 800 0.26 1
Pkt 195 750 0.26 1
Rate:522.306
==========
==========0
6 0 2 24000
Node 37 60 16.4012
Pkt 42 160 0.2625 1
Pkt 26 100 0.26 1
Node 66 51 16.0312
Pkt 78 300 0.26 1
Pkt 104 400 0.26 1
Node 67 37 21.4009
Pkt 208 800 0.26 1
Pkt 195 750 0.26 1
Node 55 48 5.38516
Pkt 52 200 0.26 1
Pkt 42 160 0.2625 1
Node 59 48 9.21954
Pkt 98 375 0.261333 1
Pkt 98 375 0.261333 1
Node 70 25 32.0156
Pkt 208 800 0.26 1
Pkt 195 750 0.26 1
Rate:521.278
==========
==========1
6 0 2 24000
Node 64 70 24.4131
Pkt 33 125 0.264 1
Pkt 33 125 0.264 1
Node 26 47 24.1868
Pkt 125 480 0.260417 1
Pkt 78 300 0.26 1
Node 66 27 28.0179
Pkt 195 750 0.26 1
Pkt 195 750 0.26 1
Node 35 49 15.0333
Pkt 65 250 0.26 1
Pkt 32 120 0.266667 1
Node 56 59 10.8167
Pkt 104 400 0.26 1
Pkt 98 375 0.261333 1
Node 35 40 18.0278
Pkt 195 750 0.26 1
Pkt 195 750 0.26 1
Rate:522.736
==========
==========2
6 0 2 24000
Node 50 37 13
Pkt 42 160 0.2625 1
Pkt 50 192 0.260417 1
Node 48 54 4.47214
Pkt 98 375 0.261333 1
Pkt 78 300 0.26 1
Node 38 44 13.4164
Pkt 208 800 0.26 1
Pkt 208 800 0.26 1
Node 48 62 12.1655
Pkt 32 120 0.266667 1
Pkt 63 240 0.2625 1
Node 52 57 7.28011
Pkt 78 300 0.26 1
Pkt 125 480 0.260417 1
Node 26 57 25
Pkt 208 800 0.26 1
Pkt 195 750 0.26 1
Rate:522.306
==========
==========3
6 0 2 24000
Node 52 31 19.105
Pkt 39 150 0.26 1
Pkt 26 100 0.26 1
Node 70 63 23.8537
Pkt 78 300 0.26 1
Pkt 84 320 0.2625 1
Node 35 70 25
Pkt 195 750 0.26 1
Pkt 195 750 0.26 1
Node 35 67 22.6716
Pkt 50 192 0.260417 1
Pkt 26 100 0.26 1
Node 46 56 7.2111
Pkt 78 300 0.26 1
Pkt 78 300 0.26 1
Node 55 73 23.5372
Pkt 208 800 0.26 1
Pkt 195 750 0.26 1
Rate:520.486
==========
==========4
6 0 2 24000
Node 50 38 12
Pkt 50 192 0.260417 1
Pkt 63 240 0.2625 1
Node 46 63 13.6015
Pkt 125 480 0.260417 1
Pkt 78 300 0.26 1
Node 60 32 20.5913
Pkt 208 800 0.26 1
Pkt 195 750 0.26 1
Node 68 61 21.095
Pkt 52 200 0.26 1
Pkt 63 240 0.2625 1
Node 58 68 19.6977
Pkt 104 400 0.26 1
Pkt 125 480 0.260417 1
Node 42 73 24.3516
Pkt 195 750 0.26 1
Pkt 195 750 0.26 1
Rate:521.042
==========
==========5
6 0 2 24000
Node 53 74 24.1868
Pkt 50 192 0.260417 1
Pkt 50 192 0.260417 1
Node 74 53 24.1868
Pkt 84 320 0.2625 1
Pkt 98 375 0.261333 1
Node 32 67 24.7588
Pkt 195 750 0.26 1
Pkt 208 800 0.26 1
Node 42 54 8.94427
Pkt 39 150 0.26 1
Pkt 52 200 0.26 1
Node 49 46 4.12311
Pkt 125 480 0.260417 1
Pkt 104 400 0.26 1
Node 69 53 19.2354
Pkt 195 750 0.26 1
Pkt 208 800 0.26 1
Rate:520.847
==========
==========6
6 0 2 24000
Node 49 44 6.08276
Pkt 42 160 0.2625 1
Pkt 52 200 0.26 1
Node 69 60 21.4709
Pkt 78 300 0.26 1
Pkt 84 320 0.2625 1
Node 31 41 21.0238
Pkt 208 800 0.26 1
Pkt 195 750 0.26 1
Node 64 62 18.4391
Pkt 65 250 0.26 1
Pkt 39 150 0.26 1
Node 47 30 20.2237
Pkt 125 480 0.260417 1
Pkt 84 320 0.2625 1
Node 47 41 9.48683
Pkt 195 750 0.26 1
Pkt 208 800 0.26 1
Rate:521.319
==========
==========7
6 0 2 24000
Node 60 73 25.0799
Pkt 42 160 0.2625 1
Pkt 50 192 0.260417 1
Node 70 39 22.8254
Pkt 84 320 0.2625 1
Pkt 125 480 0.260417 1
Node 60 49 10.0499
Pkt 195 750 0.26 1
Pkt 195 750 0.26 1
Node 41 57 11.4018
Pkt 52 200 0.26 1
Pkt 65 250 0.26 1
Node 69 47 19.2354
Pkt 98 375 0.261333 1
Pkt 78 300 0.26 1
Node 41 43 11.4018
Pkt 195 750 0.26 1
Pkt 208 800 0.26 1
Rate:521.194
==========
==========8
6 0 2 24000
Node 42 60 12.8062
Pkt 39 150 0.26 1
Pkt 33 125 0.264 1
Node 50 26 24
Pkt 98 375 0.261333 1
Pkt 125 480 0.260417 1
Node 53 32 18.2483
Pkt 208 800 0.26 1
Pkt 208 800 0.26 1
Node 67 59 19.2354
Pkt 33 125 0.264 1
Pkt 26 100 0.26 1
Node 26 74 33.9411
Pkt 98 375 0.261333 1
Pkt 84 320 0.2625 1
Node 54 57 8.06226
Pkt 195 750 0.26 1
Pkt 208 800 0.26 1
Rate:522.264
==========
==========9
6 0 2 24000
Node 52 54 4.47214
Pkt 26 100 0.26 1
Pkt 65 250 0.26 1
Node 41 30 21.9317
Pkt 125 480 0.260417 1
Pkt 104 400 0.26 1
Node 73 61 25.4951
Pkt 208 800 0.26 1
Pkt 195 750 0.26 1
Node 68 53 18.2483
Pkt 50 192 0.260417 1
Pkt 32 120 0.266667 1
Node 54 51 4.12311
Pkt 125 480 0.260417 1
Pkt 78 300 0.26 1
Node 70 74 31.241
Pkt 195 750 0.26 1
Pkt 195 750 0.26 1
Rate:521.319
==========
==========10
6 0 2 24000
Node 50 38 12
Pkt 52 200 0.26 1
Pkt 33 125 0.264 1
Node 32 29 27.6586
Pkt 98 375 0.261333 1
Pkt 84 320 0.2625 1
Node 54 46 5.65685
Pkt 208 800 0.26 1
Pkt 195 750 0.26 1
Node 64 69 23.6008
Pkt 50 192 0.260417 1
Pkt 65 250 0.26 1
Node 29 33 27.0185
Pkt 84 320 0.2625 1
Pkt 104 400 0.26 1
Node 32 63 22.2036
Pkt 208 800 0.26 1
Pkt 208 800 0.26 1
Rate:521.792
==========
==========11
6 0 2 24000
Node 53 52 3.60555
Pkt 52 200 0.26 1
Pkt 32 120 0.266667 1
Node 25 39 27.313
Pkt 84 320 0.2625 1
Pkt 104 400 0.26 1
Node 67 41 19.2354
Pkt 195 750 0.26 1
Pkt 195 750 0.26 1
Node 37 64 19.105
Pkt 63 240 0.2625 1
Pkt 42 160 0.2625 1
Node 48 71 21.095
Pkt 125 480 0.260417 1
Pkt 125 480 0.260417 1
Node 35 66 21.9317
Pkt 195 750 0.26 1
Pkt 195 750 0.26 1
Rate:522.5
==========
==========12
6 0 2 24000
Node 73 53 23.1948
Pkt 63 240 0.2625 1
Pkt 65 250 0.26 1
Node 62 57 13.8924
Pkt 125 480 0.260417 1
Pkt 98 375 0.261333 1
Node 31 34 24.8395
Pkt 208 800 0.26 1
Pkt 208 800 0.26 1
Node 42 30 21.5407
Pkt 63 240 0.2625 1
Pkt 26 100 0.26 1
Node 45 56 7.81025
Pkt 104 400 0.26 1
Pkt 84 320 0.2625 1
Node 67 41 19.2354
Pkt 208 800 0.26 1
Pkt 195 750 0.26 1
Rate:521.542
==========
==========13
6 0 2 24000
Node 63 53 13.3417
Pkt 65 250 0.26 1
Pkt 50 192 0.260417 1
Node 52 51 2.23607
Pkt 78 300 0.26 1
Pkt 98 375 0.261333 1
Node 28 53 22.2036
Pkt 195 750 0.26 1
Pkt 195 750 0.26 1
Node 55 69 19.6469
Pkt 52 200 0.26 1
Pkt 26 100 0.26 1
Node 72 29 30.4138
Pkt 98 375 0.261333 1
Pkt 78 300 0.26 1
Node 69 54 19.4165
Pkt 208 800 0.26 1
Pkt 208 800 0.26 1
Rate:520.514
==========
==========14
6 0 2 24000
Node 42 36 16.1245
Pkt 33 125 0.264 1
Pkt 32 120 0.266667 1
Node 50 49 1
Pkt 98 375 0.261333 1
Pkt 104 400 0.26 1
Node 33 31 25.4951
Pkt 208 800 0.26 1
Pkt 195 750 0.26 1
Node 25 39 27.313
Pkt 32 120 0.266667 1
Pkt 42 160 0.2625 1
Node 31 37 23.0217
Pkt 78 300 0.26 1
Pkt 78 300 0.26 1
Node 41 25 26.5707
Pkt 208 800 0.26 1
Pkt 208 800 0.26 1
Rate:523.528
==========
==========15
6 0 2 24000
Node 44 45 7.81025
Pkt 39 150 0.26 1
Pkt 32 120 0.266667 1
Node 29 68 27.6586
Pkt 78 300 0.26 1
Pkt 78 300 0.26 1
Node 68 46 18.4391
Pkt 195 750 0.26 1
Pkt 208 800 0.26 1
Node 61 44 12.53
Pkt 39 150 0.26 1
Pkt 63 240 0.2625 1
Node 39 50 11
Pkt 98 375 0.261333 1
Pkt 104 400 0.26 1
Node 37 53 13.3417
Pkt 195 750 0.26 1
Pkt 195 750 0.26 1
Rate:521.75
==========
==========16
6 0 2 24000
Node 61 37 17.0294
Pkt 42 160 0.2625 1
Pkt 65 250 0.26 1
Node 29 73 31.1448
Pkt 125 480 0.260417 1
Pkt 104 400 0.26 1
Node 61 72 24.5967
Pkt 195 750 0.26 1
Pkt 208 800 0.26 1
Node 25 74 34.6554
Pkt 63 240 0.2625 1
Pkt 33 125 0.264 1
Node 52 69 19.105
Pkt 125 480 0.260417 1
Pkt 125 480 0.260417 1
Node 42 26 25.2982
Pkt 195 750 0.26 1
Pkt 208 800 0.26 1
Rate:521.708
==========
==========17
6 0 2 24000
Node 58 73 24.3516
Pkt 32 120 0.266667 1
Pkt 63 240 0.2625 1
Node 73 71 31.1448
Pkt 78 300 0.26 1
Pkt 98 375 0.261333 1
Node 60 52 10.198
Pkt 195 750 0.26 1
Pkt 208 800 0.26 1
Node 26 70 31.241
Pkt 52 200 0.26 1
Pkt 39 150 0.26 1
Node 66 27 28.0179
Pkt 125 480 0.260417 1
Pkt 125 480 0.260417 1
Node 47 59 9.48683
Pkt 195 750 0.26 1
Pkt 195 750 0.26 1
Rate:521.889
==========
==========18
6 0 2 24000
Node 60 47 10.4403
Pkt 52 200 0.26 1
Pkt 50 192 0.260417 1
Node 72 49 22.0227
Pkt 78 300 0.26 1
Pkt 78 300 0.26 1
Node 46 41 9.84886
Pkt 195 750 0.26 1
Pkt 195 750 0.26 1
Node 33 52 17.1172
Pkt 26 100 0.26 1
Pkt 33 125 0.264 1
Node 52 74 24.0832
Pkt 78 300 0.26 1
Pkt 78 300 0.26 1
Node 66 26 28.8444
Pkt 208 800 0.26 1
Pkt 208 800 0.26 1
Rate:520.736
==========
==========19
6 0 2 24000
Node 48 25 25.0799
Pkt 42 160 0.2625 1
Pkt 63 240 0.2625 1
Node 37 35 19.8494
Pkt 104 400 0.26 1
Pkt 125 480 0.260417 1
Node 42 65 17
Pkt 195 750 0.26 1
Pkt 195 750 0.26 1
Node 64 67 22.0227
Pkt 39 150 0.26 1
Pkt 39 150 0.26 1
Node 53 44 6.7082
Pkt 98 375 0.261333 1
Pkt 125 480 0.260417 1
Node 26 28 32.5576
Pkt 208 800 0.26 1
Pkt 208 800 0.26 1
Rate:521.194
==========
==========20
6 0 2 24000
Node 42 40 12.8062
Pkt 42 160 0.2625 1
Pkt 33 125 0.264 1
Node 31 53 19.2354
Pkt 98 375 0.261333 1
Pkt 78 300 0.26 1
Node 38 60 15.6205
Pkt 195 750 0.26 1
Pkt 208 800 0.26 1
Node 53 53 4.24264
Pkt 42 160 0.2625 1
Pkt 39 150 0.26 1
Node 74 29 31.8904
Pkt 104 400 0.26 1
Pkt 78 300 0.26 1
Node 30 70 28.2843
Pkt 195 750 0.26 1
Pkt 195 750 0.26 1
Rate:521.722
==========
==========21
6 0 2 24000
Node 47 43 7.61577
Pkt 63 240 0.2625 1
Pkt 39 150 0.26 1
Node 43 54 8.06226
Pkt 98 375 0.261333 1
Pkt 125 480 0.260417 1
Node 71 48 21.095
Pkt 208 800 0.26 1
Pkt 208 800 0.26 1
Node 65 30 25
Pkt 42 160 0.2625 1
Pkt 52 200 0.26 1
Node 68 59 20.1246
Pkt 78 300 0.26 1
Pkt 125 480 0.260417 1
Node 57 27 24.0416
Pkt 208 800 0.26 1
Pkt 195 750 0.26 1
Rate:521.194
==========
==========22
6 0 2 24000
Node 50 58 8
Pkt 63 240 0.2625 1
Pkt 50 192 0.260417 1
Node 29 39 23.7065
Pkt 78 300 0.26 1
Pkt 104 400 0.26 1
Node 71 42 22.4722
Pkt 195 750 0.26 1
Pkt 195 750 0.26 1
Node 70 29 29
Pkt 50 192 0.260417 1
Pkt 42 160 0.2625 1
Node 42 26 25.2982
Pkt 84 320 0.2625 1
Pkt 125 480 0.260417 1
Node 29 73 31.1448
Pkt 208 800 0.26 1
Pkt 208 800 0.26 1
Rate:521.458
==========
==========23
6 0 2 24000
Node 69 44 19.9249
Pkt 42 160 0.2625 1
Pkt 65 250 0.26 1
Node 63 41 15.8114
Pkt 84 320 0.2625 1
Pkt 78 300 0.26 1
Node 50 53 3
Pkt 208 800 0.26 1
Pkt 208 800 0.26 1
Node 33 56 18.0278
Pkt 63 240 0.2625 1
Pkt 33 125 0.264 1
Node 51 25 25.02
Pkt 78 300 0.26 1
Pkt 78 300 0.26 1
Node 33 47 17.2627
Pkt 208 800 0.26 1
Pkt 208 800 0.26 1
Rate:521.917
==========
==========24
6 0 2 24000
Node 65 29 25.807
Pkt 33 125 0.264 1
Pkt 32 120 0.266667 1
Node 73 71 31.1448
Pkt 78 300 0.26 1
Pkt 84 320 0.2625 1
Node 51 50 1
Pkt 208 800 0.26 1
Pkt 208 800 0.26 1
Node 73 74 33.2415
Pkt 63 240 0.2625 1
Pkt 39 150 0.26 1
Node 73 74 33.2415
Pkt 104 400 0.26 1
Pkt 125 480 0.260417 1
Node 41 25 26.5707
Pkt 195 750 0.26 1
Pkt 208 800 0.26 1
Rate:522.681
==========
==========25
6 0 2 24000
Node 56 70 20.8806
Pkt 50 192 0.260417 1
Pkt 32 120 0.266667 1
Node 65 33 22.6716
Pkt 98 375 0.261333 1
Pkt 125 480 0.260417 1
Node 43 35 16.5529
Pkt 195 750 0.26 1
Pkt 195 750 0.26 1
Node 55 42 9.43398
Pkt 63 240 0.2625 1
Pkt 42 160 0.2625 1
Node 52 38 12.1655
Pkt 98 375 0.261333 1
Pkt 78 300 0.26 1
Node 27 66 28.0179
Pkt 208 800 0.26 1
Pkt 195 750 0.26 1
Rate:522.528
==========
==========26
6 0 2 24000
Node 28 47 22.2036
Pkt 63 240 0.2625 1
Pkt 26 100 0.26 1
Node 27 66 28.0179
Pkt 84 320 0.2625 1
Pkt 104 400 0.26 1
Node 67 53 17.2627
Pkt 195 750 0.26 1
Pkt 208 800 0.26 1
Node 62 50 12
Pkt 52 200 0.26 1
Pkt 33 125 0.264 1
Node 35 58 17
Pkt 125 480 0.260417 1
Pkt 125 480 0.260417 1
Node 48 33 17.1172
Pkt 208 800 0.26 1
Pkt 195 750 0.26 1
Rate:521.639
==========
==========27
6 0 2 24000
Node 73 67 28.6007
Pkt 32 120 0.266667 1
Pkt 32 120 0.266667 1
Node 35 25 29.1548
Pkt 125 480 0.260417 1
Pkt 125 480 0.260417 1
Node 62 40 15.6205
Pkt 195 750 0.26 1
Pkt 208 800 0.26 1
Node 61 29 23.7065
Pkt 26 100 0.26 1
Pkt 65 250 0.26 1
Node 30 39 22.8254
Pkt 125 480 0.260417 1
Pkt 78 300 0.26 1
Node 39 59 14.2127
Pkt 195 750 0.26 1
Pkt 208 800 0.26 1
Rate:522.431
==========
==========28
6 0 2 24000
Node 36 50 14
Pkt 52 200 0.26 1
Pkt 65 250 0.26 1
Node 58 59 12.0416
Pkt 78 300 0.26 1
Pkt 78 300 0.26 1
Node 59 38 15
Pkt 208 800 0.26 1
Pkt 195 750 0.26 1
Node 49 59 9.05539
Pkt 52 200 0.26 1
Pkt 65 250 0.26 1
Node 50 28 22
Pkt 84 320 0.2625 1
Pkt 125 480 0.260417 1
Node 74 46 24.3311
Pkt 208 800 0.26 1
Pkt 195 750 0.26 1
Rate:520.486
==========
==========29
6 0 2 24000
Node 54 68 18.4391
Pkt 65 250 0.26 1
Pkt 50 192 0.260417 1
Node 47 27 23.1948
Pkt 104 400 0.26 1
Pkt 98 375 0.261333 1
Node 61 46 11.7047
Pkt 208 800 0.26 1
Pkt 208 800 0.26 1
Node 58 61 13.6015
Pkt 33 125 0.264 1
Pkt 39 150 0.26 1
Node 44 56 8.48528
Pkt 84 320 0.2625 1
Pkt 125 480 0.260417 1
Node 26 26 33.9411
Pkt 195 750 0.26 1
Pkt 195 750 0.26 1
Rate:521.444
==========
==========30
6 0 2 24000
Node 47 52 3.60555
Pkt 42 160 0.2625 1
Pkt 32 120 0.266667 1
Node 33 54 17.4642
Pkt 98 375 0.261333 1
Pkt 125 480 0.260417 1
Node 51 42 8.06226
Pkt 195 750 0.26 1
Pkt 195 750 0.26 1
Node 66 25 29.6816
Pkt 63 240 0.2625 1
Pkt 63 240 0.2625 1
Node 59 47 9.48683
Pkt 84 320 0.2625 1
Pkt 125 480 0.260417 1
Node 63 31 23.0217
Pkt 195 750 0.26 1
Pkt 208 800 0.26 1
Rate:523.139
==========
==========31
6 0 2 24000
Node 50 27 23
Pkt 63 240 0.2625 1
Pkt 50 192 0.260417 1
Node 58 51 8.06226
Pkt 104 400 0.26 1
Pkt 98 375 0.261333 1
Node 71 35 25.807
Pkt 195 750 0.26 1
Pkt 208 800 0.26 1
Node 53 28 22.2036
Pkt 26 100 0.26 1
Pkt 39 150 0.26 1
Node 43 37 14.7648
Pkt 104 400 0.26 1
Pkt 104 400 0.26 1
Node 28 68 28.4253
Pkt 208 800 0.26 1
Pkt 195 750 0.26 1
Rate:520.708
==========
==========32
6 0 2 24000
Node 46 73 23.3452
Pkt 26 100 0.26 1
Pkt 33 125 0.264 1
Node 65 43 16.5529
Pkt 84 320 0.2625 1
Pkt 84 320 0.2625 1
Node 64 34 21.2603
Pkt 195 750 0.26 1
Pkt 195 750 0.26 1
Node 45 38 13
Pkt 50 192 0.260417 1
Pkt 32 120 0.266667 1
Node 46 37 13.6015
Pkt 98 375 0.261333 1
Pkt 104 400 0.26 1
Node 74 55 24.5153
Pkt 208 800 0.26 1
Pkt 195 750 0.26 1
Rate:522.903
==========
==========33
6 0 2 24000
Node 45 51 5.09902
Pkt 52 200 0.26 1
Pkt 42 160 0.2625 1
Node 56 67 18.0278
Pkt 98 375 0.261333 1
Pkt 84 320 0.2625 1
Node 72 32 28.4253
Pkt 195 750 0.26 1
Pkt 208 800 0.26 1
Node 48 59 9.21954
Pkt 63 240 0.2625 1
Pkt 33 125 0.264 1
Node 27 33 28.6007
Pkt 78 300 0.26 1
Pkt 125 480 0.260417 1
Node 72 35 26.6271
Pkt 195 750 0.26 1
Pkt 208 800 0.26 1
Rate:522.208
==========
==========34
6 0 2 24000
Node 38 62 16.9706
Pkt 42 160 0.2625 1
Pkt 26 100 0.26 1
Node 35 37 19.8494
Pkt 125 480 0.260417 1
Pkt 104 400 0.26 1
Node 67 68 24.7588
Pkt 208 800 0.26 1
Pkt 195 750 0.26 1
Node 66 35 21.9317
Pkt 32 120 0.266667 1
Pkt 65 250 0.26 1
Node 65 40 18.0278
Pkt 98 375 0.261333 1
Pkt 125 480 0.260417 1
Node 59 69 21.0238
Pkt 208 800 0.26 1
Pkt 195 750 0.26 1
Rate:521.889
==========
==========35
6 0 2 24000
Node 56 72 22.8035
Pkt 26 100 0.26 1
Pkt 52 200 0.26 1
Node 41 65 17.4929
Pkt 125 480 0.260417 1
Pkt 84 320 0.2625 1
Node 37 66 20.6155
Pkt 208 800 0.26 1
Pkt 208 800 0.26 1
Node 35 27 27.4591
Pkt 63 240 0.2625 1
Pkt 52 200 0.26 1
Node 57 61 13.0384
Pkt 78 300 0.26 1
Pkt 104 400 0.26 1
Node 39 47 11.4018
Pkt 195 750 0.26 1
Pkt 208 800 0.26 1
Rate:520.903
==========
==========36
6 0 2 24000
Node 44 64 15.2315
Pkt 26 100 0.26 1
Pkt 50 192 0.260417 1
Node 59 43 11.4018
Pkt 98 375 0.261333 1
Pkt 98 375 0.261333 1
Node 60 67 19.7231
Pkt 195 750 0.26 1
Pkt 195 750 0.26 1
Node 27 48 23.0868
Pkt 52 200 0.26 1
Pkt 42 160 0.2625 1
Node 26 43 25
Pkt 125 480 0.260417 1
Pkt 104 400 0.26 1
Node 35 67 22.6716
Pkt 195 750 0.26 1
Pkt 195 750 0.26 1
Rate:521
==========
==========37
6 0 2 24000
Node 28 60 24.1661
Pkt 52 200 0.26 1
Pkt 52 200 0.26 1
Node 29 43 22.1359
Pkt 84 320 0.2625 1
Pkt 78 300 0.26 1
Node 39 28 24.5967
Pkt 208 800 0.26 1
Pkt 195 750 0.26 1
Node 47 69 19.2354
Pkt 26 100 0.26 1
Pkt 32 120 0.266667 1
Node 65 38 19.2094
Pkt 84 320 0.2625 1
Pkt 125 480 0.260417 1
Node 51 72 22.0227
Pkt 195 750 0.26 1
Pkt 195 750 0.26 1
Rate:522.014
==========
==========38
6 0 2 24000
Node 29 56 21.8403
Pkt 65 250 0.26 1
Pkt 63 240 0.2625 1
Node 44 59 10.8167
Pkt 78 300 0.26 1
Pkt 78 300 0.26 1
Node 28 64 26.0768
Pkt 195 750 0.26 1
Pkt 195 750 0.26 1
Node 58 34 17.8885
Pkt 33 125 0.264 1
Pkt 50 192 0.260417 1
Node 56 38 13.4164
Pkt 84 320 0.2625 1
Pkt 78 300 0.26 1
Node 40 29 23.2594
Pkt 195 750 0.26 1
Pkt 195 750 0.26 1
Rate:521.569
==========
==========39
6 0 2 24000
Node 38 67 20.8087
Pkt 52 200 0.26 1
Pkt 50 192 0.260417 1
Node 42 52 8.24621
Pkt 125 480 0.260417 1
Pkt 125 480 0.260417 1
Node 46 52 4.47214
Pkt 208 800 0.26 1
Pkt 208 800 0.26 1
Node 66 43 17.4642
Pkt 63 240 0.2625 1
Pkt 42 160 0.2625 1
Node 38 59 15
Pkt 98 375 0.261333 1
Pkt 98 375 0.261333 1
Node 50 30 20
Pkt 195 750 0.26 1
Pkt 208 800 0.26 1
Rate:521.486
==========
==========40
6 0 2 24000
Node 67 40 19.7231
Pkt 26 100 0.26 1
Pkt 39 150 0.26 1
Node 47 63 13.3417
Pkt 84 320 0.2625 1
Pkt 104 400 0.26 1
Node 61 47 11.4018
Pkt 208 800 0.26 1
Pkt 195 750 0.26 1
Node 45 30 20.6155
Pkt 26 100 0.26 1
Pkt 65 250 0.26 1
Node 48 38 12.1655
Pkt 84 320 0.2625 1
Pkt 104 400 0.26 1
Node 56 26 24.7386
Pkt 195 750 0.26 1
Pkt 195 750 0.26 1
Rate:520.833
==========
==========41
6 0 2 24000
Node 67 35 22.6716
Pkt 50 192 0.260417 1
Pkt 33 125 0.264 1
Node 46 30 20.3961
Pkt 84 320 0.2625 1
Pkt 84 320 0.2625 1
Node 69 72 29.0689
Pkt 208 800 0.26 1
Pkt 208 800 0.26 1
Node 28 33 27.8029
Pkt 39 150 0.26 1
Pkt 65 250 0.26 1
Node 59 51 9.05539
Pkt 84 320 0.2625 1
Pkt 84 320 0.2625 1
Node 49 71 21.0238
Pkt 208 800 0.26 1
Pkt 195 750 0.26 1
Rate:522.403
==========
==========42
6 0 2 24000
Node 37 64 19.105
Pkt 65 250 0.26 1
Pkt 33 125 0.264 1
Node 61 51 11.0454
Pkt 78 300 0.26 1
Pkt 98 375 0.261333 1
Node 54 42 8.94427
Pkt 208 800 0.26 1
Pkt 208 800 0.26 1
Node 64 72 26.0768
Pkt 50 192 0.260417 1
Pkt 33 125 0.264 1
Node 63 65 19.8494
Pkt 78 300 0.26 1
Pkt 125 480 0.260417 1
Node 26 50 24
Pkt 208 800 0.26 1
Pkt 208 800 0.26 1
Rate:521.694
==========
==========43
6 0 2 24000
Node 53 55 5.83095
Pkt 42 160 0.2625 1
Pkt 26 100 0.26 1
Node 38 42 14.4222
Pkt 104 400 0.26 1
Pkt 125 480 0.260417 1
Node 53 58 8.544
Pkt 195 750 0.26 1
Pkt 208 800 0.26 1
Node 70 48 20.0998
Pkt 52 200 0.26 1
Pkt 50 192 0.260417 1
Node 56 73 23.7697
Pkt 125 480 0.260417 1
Pkt 78 300 0.26 1
Node 60 68 20.5913
Pkt 195 750 0.26 1
Pkt 208 800 0.26 1
Rate:520.625
==========
==========44
6 0 2 24000
Node 38 58 14.4222
Pkt 52 200 0.26 1
Pkt 39 150 0.26 1
Node 74 50 24
Pkt 98 375 0.261333 1
Pkt 98 375 0.261333 1
Node 64 33 22.0227
Pkt 208 800 0.26 1
Pkt 208 800 0.26 1
Node 61 50 11
Pkt 26 100 0.26 1
Pkt 63 240 0.2625 1
Node 26 73 33.2415
Pkt 104 400 0.26 1
Pkt 84 320 0.2625 1
Node 62 40 15.6205
Pkt 208 800 0.26 1
Pkt 208 800 0.26 1
Rate:521.278
==========
==========45
6 0 2 24000
Node 46 63 13.6015
Pkt 63 240 0.2625 1
Pkt 39 150 0.26 1
Node 57 67 18.3848
Pkt 98 375 0.261333 1
Pkt 98 375 0.261333 1
Node 37 59 15.8114
Pkt 195 750 0.26 1
Pkt 208 800 0.26 1
Node 26 72 32.5576
Pkt 39 150 0.26 1
Pkt 65 250 0.26 1
Node 68 26 30
Pkt 98 375 0.261333 1
Pkt 78 300 0.26 1
Node 36 32 22.8035
Pkt 195 750 0.26 1
Pkt 208 800 0.26 1
Rate:521.083
==========
==========46
6 0 2 24000
Node 58 63 15.2643
Pkt 65 250 0.26 1
Pkt 65 250 0.26 1
Node 72 30 29.7321
Pkt 78 300 0.26 1
Pkt 104 400 0.26 1
Node 47 60 10.4403
Pkt 208 800 0.26 1
Pkt 195 750 0.26 1
Node 45 63 13.9284
Pkt 33 125 0.264 1
Pkt 32 120 0.266667 1
Node 35 56 16.1555
Pkt 78 300 0.26 1
Pkt 125 480 0.260417 1
Node 71 32 27.6586
Pkt 195 750 0.26 1
Pkt 208 800 0.26 1
Rate:521.847
==========
==========47
6 0 2 24000
Node 42 35 17
Pkt 65 250 0.26 1
Pkt 32 120 0.266667 1
Node 25 42 26.2488
Pkt 104 400 0.26 1
Pkt 104 400 0.26 1
Node 74 46 24.3311
Pkt 195 750 0.26 1
Pkt 208 800 0.26 1
Node 44 64 15.2315
Pkt 50 192 0.260417 1
Pkt 32 120 0.266667 1
Node 39 34 19.4165
Pkt 78 300 0.26 1
Pkt 78 300 0.26 1
Node 67 70 26.2488
Pkt 195 750 0.26 1
Pkt 195 750 0.26 1
Rate:522.292
==========
==========48
6 0 2 24000
Node 66 58 17.8885
Pkt 32 120 0.266667 1
Pkt 26 100 0.26 1
Node 59 44 10.8167
Pkt 125 480 0.260417 1
Pkt 125 480 0.260417 1
Node 72 32 28.4253
Pkt 195 750 0.26 1
Pkt 195 750 0.26 1
Node 65 44 16.1555
Pkt 63 240 0.2625 1
Pkt 65 250 0.26 1
Node 60 68 20.5913
Pkt 78 300 0.26 1
Pkt 84 320 0.2625 1
Node 44 73 23.7697
Pkt 195 750 0.26 1
Pkt 195 750 0.26 1
Rate:522.083
==========
==========49
6 0 2 24000
Node 35 59 17.4929
Pkt 26 100 0.26 1
Pkt 63 240 0.2625 1
Node 29 74 31.8904
Pkt 78 300 0.26 1
Pkt 78 300 0.26 1
Node 52 61 11.1803
Pkt 195 750 0.26 1
Pkt 208 800 0.26 1
Node 28 55 22.561
Pkt 65 250 0.26 1
Pkt 52 200 0.26 1
Node 50 64 14
Pkt 84 320 0.2625 1
Pkt 125 480 0.260417 1
Node 29 50 21
Pkt 208 800 0.26 1
Pkt 195 750 0.26 1
Rate:520.903
==========
==========50
6 0 2 24000
Node 64 60 17.2047
Pkt 26 100 0.26 1
Pkt 32 120 0.266667 1
Node 37 74 27.2947
Pkt 78 300 0.26 1
Pkt 84 320 0.2625 1
Node 65 32 23.4307
Pkt 208 800 0.26 1
Pkt 208 800 0.26 1
Node 72 30 29.7321
Pkt 50 192 0.260417 1
Pkt 39 150 0.26 1
Node 59 39 14.2127
Pkt 98 375 0.261333 1
Pkt 104 400 0.26 1
Node 56 42 10
Pkt 208 800 0.26 1
Pkt 195 750 0.26 1
Rate:521.819
==========
==========51
6 0 2 24000
Node 33 36 22.0227
Pkt 65 250 0.26 1
Pkt 65 250 0.26 1
Node 35 68 23.4307
Pkt 84 320 0.2625 1
Pkt 104 400 0.26 1
Node 39 31 21.9545
Pkt 208 800 0.26 1
Pkt 208 800 0.26 1
Node 36 59 16.6433
Pkt 26 100 0.26 1
Pkt 33 125 0.264 1
Node 63 56 14.3178
Pkt 104 400 0.26 1
Pkt 98 375 0.261333 1
Node 47 31 19.2354
Pkt 195 750 0.26 1
Pkt 208 800 0.26 1
Rate:521.306
==========
==========52
6 0 2 24000
Node 65 48 15.1327
Pkt 63 240 0.2625 1
Pkt 39 150 0.26 1
Node 68 29 27.6586
Pkt 98 375 0.261333 1
Pkt 84 320 0.2625 1
Node 72 55 22.561
Pkt 208 800 0.26 1
Pkt 208 800 0.26 1
Node 30 72 29.7321
Pkt 52 200 0.26 1
Pkt 39 150 0.26 1
Node 39 56 12.53
Pkt 98 375 0.261333 1
Pkt 125 480 0.260417 1
Node 53 27 23.1948
Pkt 195 750 0.26 1
Pkt 195 750 0.26 1
Rate:521.347
==========
==========53
6 0 2 24000
Node 42 45 9.43398
Pkt 52 200 0.26 1
Pkt 26 100 0.26 1
Node 71 39 23.7065
Pkt 84 320 0.2625 1
Pkt 104 400 0.26 1
Node 58 48 8.24621
Pkt 208 800 0.26 1
Pkt 208 800 0.26 1
Node 48 56 6.32456
Pkt 52 200 0.26 1
Pkt 39 150 0.26 1
Node 36 74 27.7849
Pkt 84 320 0.2625 1
Pkt 104 400 0.26 1
Node 42 45 9.43398
Pkt 208 800 0.26 1
Pkt 208 800 0.26 1
Rate:520.833
==========
==========54
6 0 2 24000
Node 62 44 13.4164
Pkt 39 150 0.26 1
Pkt 26 100 0.26 1
Node 39 59 14.2127
Pkt 78 300 0.26 1
Pkt 98 375 0.261333 1
Node 36 50 14
Pkt 195 750 0.26 1
Pkt 195 750 0.26 1
Node 60 34 18.868
Pkt 63 240 0.2625 1
Pkt 32 120 0.266667 1
Node 61 31 21.9545
Pkt 84 320 0.2625 1
Pkt 84 320 0.2625 1
Node 35 60 18.0278
Pkt 195 750 0.26 1
Pkt 195 750 0.26 1
Rate:522.583
==========
==========55
6 0 2 24000
Node 44 50 6
Pkt 32 120 0.266667 1
Pkt 33 125 0.264 1
Node 54 67 17.4642
Pkt 104 400 0.26 1
Pkt 98 375 0.261333 1
Node 47 27 23.1948
Pkt 208 800 0.26 1
Pkt 195 750 0.26 1
Node 40 70 22.3607
Pkt 52 200 0.26 1
Pkt 52 200 0.26 1
Node 47 49 3.16228
Pkt 78 300 0.26 1
Pkt 98 375 0.261333 1
Node 60 57 12.2066
Pkt 208 800 0.26 1
Pkt 195 750 0.26 1
Rate:522.222
==========
==========56
6 0 2 24000
Node 40 37 16.4012
Pkt 39 150 0.26 1
Pkt 50 192 0.260417 1
Node 57 38 13.8924
Pkt 104 400 0.26 1
Pkt 84 320 0.2625 1
Node 57 42 10.6301
Pkt 208 800 0.26 1
Pkt 208 800 0.26 1
Node 65 52 15.1327
Pkt 52 200 0.26 1
Pkt 33 125 0.264 1
Node 71 60 23.2594
Pkt 98 375 0.261333 1
Pkt 104 400 0.26 1
Node 51 40 10.0499
Pkt 208 800 0.26 1
Pkt 208 800 0.26 1
Rate:521.375
==========
==========57
6 0 2 24000
Node 35 55 15.8114
Pkt 26 100 0.26 1
Pkt 50 192 0.260417 1
Node 63 65 19.8494
Pkt 98 375 0.261333 1
Pkt 84 320 0.2625 1
Node 46 31 19.4165
Pkt 208 800 0.26 1
Pkt 195 750 0.26 1
Node 25 41 26.5707
Pkt 65 250 0.26 1
Pkt 26 100 0.26 1
Node 25 28 33.3017
Pkt 84 320 0.2625 1
Pkt 125 480 0.260417 1
Node 71 45 21.587
Pkt 208 800 0.26 1
Pkt 208 800 0.26 1
Rate:521.194
==========
==========58
6 0 2 24000
Node 31 55 19.6469
Pkt 42 160 0.2625 1
Pkt 26 100 0.26 1
Node 33 30 26.2488
Pkt 84 320 0.2625 1
Pkt 104 400 0.26 1
Node 54 56 7.2111
Pkt 208 800 0.26 1
Pkt 208 800 0.26 1
Node 37 26 27.2947
Pkt 63 240 0.2625 1
Pkt 42 160 0.2625 1
Node 38 69 22.4722
Pkt 125 480 0.260417 1
Pkt 84 320 0.2625 1
Node 44 58 10
Pkt 208 800 0.26 1
Pkt 195 750 0.26 1
Rate:522.153
==========
==========59
6 0 2 24000
Node 56 50 6
Pkt 63 240 0.2625 1
Pkt 32 120 0.266667 1
Node 74 35 28.3019
Pkt 78 300 0.26 1
Pkt 98 375 0.261333 1
Node 28 34 27.2029
Pkt 195 750 0.26 1
Pkt 208 800 0.26 1
Node 26 69 30.6105
Pkt 63 240 0.2625 1
Pkt 63 240 0.2625 1
Node 54 67 17.4642
Pkt 78 300 0.26 1
Pkt 84 320 0.2625 1
Node 32 26 30
Pkt 195 750 0.26 1
Pkt 195 750 0.26 1
Rate:523
==========
==========60
6 0 2 24000
Node 48 50 2
Pkt 32 120 0.266667 1
Pkt 42 160 0.2625 1
Node 66 67 23.3452
Pkt 98 375 0.261333 1
Pkt 78 300 0.26 1
Node 35 72 26.6271
Pkt 195 750 0.26 1
Pkt 208 800 0.26 1
Node 27 56 23.7697
Pkt 65 250 0.26 1
Pkt 63 240 0.2625 1
Node 34 34 22.6274
Pkt 84 320 0.2625 1
Pkt 78 300 0.26 1
Node 63 49 13.0384
Pkt 208 800 0.26 1
Pkt 208 800 0.26 1
Rate:522.583
==========
==========61
6 0 2 24000
Node 68 47 18.2483
Pkt 32 120 0.266667 1
Pkt 52 200 0.26 1
Node 56 71 21.8403
Pkt 78 300 0.26 1
Pkt 125 480 0.260417 1
Node 56 25 25.7099
Pkt 195 750 0.26 1
Pkt 195 750 0.26 1
Node 33 29 27.0185
Pkt 26 100 0.26 1
Pkt 50 192 0.260417 1
Node 66 39 19.4165
Pkt 125 480 0.260417 1
Pkt 104 400 0.26 1
Node 41 48 9.21954
Pkt 208 800 0.26 1
Pkt 208 800 0.26 1
Rate:521.319
==========
==========62
6 0 2 24000
Node 27 47 23.1948
Pkt 33 125 0.264 1
Pkt 33 125 0.264 1
Node 42 62 14.4222
Pkt 78 300 0.26 1
Pkt 78 300 0.26 1
Node 34 59 18.3576
Pkt 195 750 0.26 1
Pkt 208 800 0.26 1
Node 64 72 26.0768
Pkt 50 192 0.260417 1
Pkt 50 192 0.260417 1
Node 67 52 17.1172
Pkt 78 300 0.26 1
Pkt 98 375 0.261333 1
Node 38 60 15.6205
Pkt 208 800 0.26 1
Pkt 208 800 0.26 1
Rate:521.694
==========
==========63
6 0 2 24000
Node 59 39 14.2127
Pkt 52 200 0.26 1
Pkt 26 100 0.26 1
Node 71 30 29
Pkt 84 320 0.2625 1
Pkt 98 375 0.261333 1
Node 27 48 23.0868
Pkt 208 800 0.26 1
Pkt 195 750 0.26 1
Node 67 69 25.4951
Pkt 32 120 0.266667 1
Pkt 63 240 0.2625 1
Node 38 45 13
Pkt 125 480 0.260417 1
Pkt 98 375 0.261333 1
Node 32 48 18.1108
Pkt 208 800 0.26 1
Pkt 208 800 0.26 1
Rate:522.458
==========
==========64
6 0 2 24000
Node 44 26 24.7386
Pkt 65 250 0.26 1
Pkt 33 125 0.264 1
Node 58 37 15.2643
Pkt 78 300 0.26 1
Pkt 98 375 0.261333 1
Node 31 44 19.9249
Pkt 195 750 0.26 1
Pkt 195 750 0.26 1
Node 46 26 24.3311
Pkt 33 125 0.264 1
Pkt 63 240 0.2625 1
Node 30 41 21.9317
Pkt 78 300 0.26 1
Pkt 104 400 0.26 1
Node 26 68 30
Pkt 195 750 0.26 1
Pkt 208 800 0.26 1
Rate:521.972
==========
==========65
6 0 2 24000
Node 28 56 22.8035
Pkt 42 160 0.2625 1
Pkt 50 192 0.260417 1
Node 25 55 25.4951
Pkt 78 300 0.26 1
Pkt 104 400 0.26 1
Node 66 35 21.9317
Pkt 195 750 0.26 1
Pkt 195 750 0.26 1
Node 28 64 26.0768
Pkt 33 125 0.264 1
Pkt 52 200 0.26 1
Node 35 27 27.4591
Pkt 84 320 0.2625 1
Pkt 98 375 0.261333 1
Node 57 51 7.07107
Pkt 208 800 0.26 1
Pkt 208 800 0.26 1
Rate:521.792
==========
==========66
6 0 2 24000
Node 47 54 5
Pkt 50 192 0.260417 1
Pkt 42 160 0.2625 1
Node 27 31 29.8329
Pkt 125 480 0.260417 1
Pkt 84 320 0.2625 1
Node 48 72 22.0907
Pkt 195 750 0.26 1
Pkt 195 750 0.26 1
Node 59 25 26.5707
Pkt 65 250 0.26 1
Pkt 65 250 0.26 1
Node 70 47 20.2237
Pkt 98 375 0.261333 1
Pkt 125 480 0.260417 1
Node 74 53 24.1868
Pkt 208 800 0.26 1
Pkt 208 800 0.26 1
Rate:521.264
==========
==========67
6 0 2 24000
Node 59 33 19.2354
Pkt 39 150 0.26 1
Pkt 65 250 0.26 1
Node 68 58 19.6977
Pkt 104 400 0.26 1
Pkt 84 320 0.2625 1
Node 30 63 23.8537
Pkt 195 750 0.26 1
Pkt 195 750 0.26 1
Node 36 47 14.3178
Pkt 39 150 0.26 1
Pkt 33 125 0.264 1
Node 63 71 24.6982
Pkt 78 300 0.26 1
Pkt 78 300 0.26 1
Node 33 40 19.7231
Pkt 208 800 0.26 1
Pkt 208 800 0.26 1
Rate:521.083
==========
==========68
6 0 2 24000
Node 69 50 19
Pkt 50 192 0.260417 1
Pkt 33 125 0.264 1
Node 63 42 15.2643
Pkt 84 320 0.2625 1
Pkt 104 400 0.26 1
Node 56 64 15.2315
Pkt 208 800 0.26 1
Pkt 195 750 0.26 1
Node 72 49 22.0227
Pkt 50 192 0.260417 1
Pkt 26 100 0.26 1
Node 27 44 23.7697
Pkt 125 480 0.260417 1
Pkt 78 300 0.26 1
Node 65 25 29.1548
Pkt 195 750 0.26 1
Pkt 208 800 0.26 1
Rate:521.292
==========
==========69
6 0 2 24000
Node 71 71 29.6985
Pkt 32 120 0.266667 1
Pkt 52 200 0.26 1
Node 74 47 24.1868
Pkt 78 300 0.26 1
Pkt 98 375 0.261333 1
Node 53 34 16.2788
Pkt 195 750 0.26 1
Pkt 195 750 0.26 1
Node 34 62 20
Pkt 32 120 0.266667 1
Pkt 33 125 0.264 1
Node 34 72 27.2029
Pkt 104 400 0.26 1
Pkt 84 320 0.2625 1
Node 71 70 29
Pkt 208 800 0.26 1
Pkt 195 750 0.26 1
Rate:523.528
==========
==========70
6 0 2 24000
Node 39 42 13.6015
Pkt 26 100 0.26 1
Pkt 32 120 0.266667 1
Node 68 41 20.1246
Pkt 125 480 0.260417 1
Pkt 78 300 0.26 1
Node 36 69 23.6008
Pkt 195 750 0.26 1
Pkt 208 800 0.26 1
Node 58 31 20.6155
Pkt 33 125 0.264 1
Pkt 50 192 0.260417 1
Node 52 45 5.38516
Pkt 98 375 0.261333 1
Pkt 84 320 0.2625 1
Node 55 48 5.38516
Pkt 195 750 0.26 1
Pkt 195 750 0.26 1
Rate:522.556
==========
==========71
6 0 2 24000
Node 62 74 26.8328
Pkt 50 192 0.260417 1
Pkt 42 160 0.2625 1
Node 25 71 32.6497
Pkt 98 375 0.261333 1
Pkt 104 400 0.26 1
Node 38 67 20.8087
Pkt 208 800 0.26 1
Pkt 208 800 0.26 1
Node 32 74 30
Pkt 63 240 0.2625 1
Pkt 26 100 0.26 1
Node 62 68 21.6333
Pkt 125 480 0.260417 1
Pkt 125 480 0.260417 1
Node 36 32 22.8035
Pkt 208 800 0.26 1
Pkt 195 750 0.26 1
Rate:521.264
==========
==========72
6 0 2 24000
Node 45 70 20.6155
Pkt 39 150 0.26 1
Pkt 65 250 0.26 1
Node 30 48 20.0998
Pkt 104 400 0.26 1
Pkt 84 320 0.2625 1
Node 37 44 14.3178
Pkt 208 800 0.26 1
Pkt 195 750 0.26 1
Node 70 49 20.025
Pkt 32 120 0.266667 1
Pkt 63 240 0.2625 1
Node 50 38 12
Pkt 84 320 0.2625 1
Pkt 84 320 0.2625 1
Node 39 45 12.083
Pkt 195 750 0.26 1
Pkt 195 750 0.26 1
Rate:522.778
==========
==========73
6 0 2 24000
Node 32 47 18.2483
Pkt 50 192 0.260417 1
Pkt 39 150 0.26 1
Node 36 32 22.8035
Pkt 84 320 0.2625 1
Pkt 84 320 0.2625 1
Node 69 40 21.4709
Pkt 208 800 0.26 1
Pkt 195 750 0.26 1
Node 26 59 25.632
Pkt 39 150 0.26 1
Pkt 50 192 0.260417 1
Node 36 34 21.2603
Pkt 78 300 0.26 1
Pkt 84 320 0.2625 1
Node 59 34 18.3576
Pkt 208 800 0.26 1
Pkt 195 750 0.26 1
Rate:521.389
==========
==========74
6 0 2 24000
Node 39 74 26.4008
Pkt 32 120 0.266667 1
Pkt 65 250 0.26 1
Node 51 49 1.41421
Pkt 125 480 0.260417 1
Pkt 98 375 0.261333 1
Node 69 27 29.8329
Pkt 208 800 0.26 1
Pkt 195 750 0.26 1
Node 34 57 17.4642
Pkt 42 160 0.2625 1
Pkt 42 160 0.2625 1
Node 73 51 23.0217
Pkt 104 400 0.26 1
Pkt 104 400 0.26 1
Node 27 69 29.8329
Pkt 208 800 0.26 1
Pkt 195 750 0.26 1
Rate:522.236
==========
==========75
6 0 2 24000
Node 45 25 25.4951
Pkt 50 192 0.260417 1
Pkt 26 100 0.26 1
Node 64 40 17.2047
Pkt 104 400 0.26 1
Pkt 78 300 0.26 1
Node 59 42 12.0416
Pkt 208 800 0.26 1
Pkt 195 750 0.26 1
Node 45 62 13
Pkt 26 100 0.26 1
Pkt 33 125 0.264 1
Node 37 67 21.4009
Pkt 125 480 0.260417 1
Pkt 98 375 0.261333 1
Node 50 40 10
Pkt 208 800 0.26 1
Pkt 208 800 0.26 1
Rate:521.028
==========
==========76
6 0 2 24000
Node 50 49 1
Pkt 50 192 0.260417 1
Pkt 52 200 0.26 1
Node 57 71 22.1359
Pkt 84 320 0.2625 1
Pkt 125 480 0.260417 1
Node 55 70 20.6155
Pkt 208 800 0.26 1
Pkt 208 800 0.26 1
Node 32 71 27.6586
Pkt 32 120 0.266667 1
Pkt 39 150 0.26 1
Node 38 72 25.0599
Pkt 84 320 0.2625 1
Pkt 125 480 0.260417 1
Node 66 28 27.2029
Pkt 208 800 0.26 1
Pkt 195 750 0.26 1
Rate:522.153
==========
==========77
6 0 2 24000
Node 28 36 26.0768
Pkt 65 250 0.26 1
Pkt 39 150 0.26 1
Node 70 50 20
Pkt 78 300 0.26 1
Pkt 125 480 0.260417 1
Node 47 30 20.2237
Pkt 195 750 0.26 1
Pkt 208 800 0.26 1
Node 65 43 16.5529
Pkt 52 200 0.26 1
Pkt 39 150 0.26 1
Node 53 49 3.16228
Pkt 98 375 0.261333 1
Pkt 84 320 0.2625 1
Node 64 30 24.4131
Pkt 195 750 0.26 1
Pkt 195 750 0.26 1
Rate:520.708
==========
==========78
6 0 2 24000
Node 33 61 20.2485
Pkt 52 200 0.26 1
Pkt 32 120 0.266667 1
Node 27 71 31.1448
Pkt 78 300 0.26 1
Pkt 125 480 0.260417 1
Node 31 40 21.4709
Pkt 195 750 0.26 1
Pkt 208 800 0.26 1
Node 54 74 24.3311
Pkt 52 200 0.26 1
Pkt 32 120 0.266667 1
Node 38 33 20.8087
Pkt 98 375 0.261333 1
Pkt 104 400 0.26 1
Node 36 47 14.3178
Pkt 195 750 0.26 1
Pkt 208 800 0.26 1
Rate:522.514
==========
==========79
6 0 2 24000
Node 33 74 29.4109
Pkt 39 150 0.26 1
Pkt 42 160 0.2625 1
Node 54 51 4.12311
Pkt 98 375 0.261333 1
Pkt 78 300 0.26 1
Node 58 53 8.544
Pkt 195 750 0.26 1
Pkt 208 800 0.26 1
Node 44 34 17.088
Pkt 39 150 0.26 1
Pkt 50 192 0.260417 1
Node 51 64 14.0357
Pkt 125 480 0.260417 1
Pkt 104 400 0.26 1
Node 64 55 14.8661
Pkt 195 750 0.26 1
Pkt 208 800 0.26 1
Rate:520.778
==========
==========80
6 0 2 24000
Node 73 32 29.2062
Pkt 42 160 0.2625 1
Pkt 52 200 0.26 1
Node 65 25 29.1548
Pkt 84 320 0.2625 1
Pkt 125 480 0.260417 1
Node 55 51 5.09902
Pkt 195 750 0.26 1
Pkt 195 750 0.26 1
Node 56 27 23.7697
Pkt 63 240 0.2625 1
Pkt 63 240 0.2625 1
Node 57 65 16.5529
Pkt 84 320 0.2625 1
Pkt 104 400 0.26 1
Node 55 68 18.6815
Pkt 208 800 0.26 1
Pkt 208 800 0.26 1
Rate:522.153
==========
==========81
6 0 2 24000
Node 61 73 25.4951
Pkt 33 125 0.264 1
Pkt 50 192 0.260417 1
Node 46 64 14.5602
Pkt 125 480 0.260417 1
Pkt 98 375 0.261333 1
Node 26 66 28.8444
Pkt 195 750 0.26 1
Pkt 208 800 0.26 1
Node 27 31 29.8329
Pkt 65 250 0.26 1
Pkt 33 125 0.264 1
Node 33 46 17.4642
Pkt 125 480 0.260417 1
Pkt 84 320 0.2625 1
Node 65 50 15
Pkt 195 750 0.26 1
Pkt 208 800 0.26 1
Rate:522.181
==========
==========82
6 0 2 24000
Node 71 28 30.4138
Pkt 33 125 0.264 1
Pkt 32 120 0.266667 1
Node 71 48 21.095
Pkt 125 480 0.260417 1
Pkt 84 320 0.2625 1
Node 67 26 29.4109
Pkt 208 800 0.26 1
Pkt 208 800 0.26 1
Node 48 40 10.198
Pkt 65 250 0.26 1
Pkt 63 240 0.2625 1
Node 35 30 25
Pkt 104 400 0.26 1
Pkt 125 480 0.260417 1
Node 26 73 33.2415
Pkt 195 750 0.26 1
Pkt 208 800 0.26 1
Rate:522.75
==========
==========83
6 0 2 24000
Node 41 60 13.4536
Pkt 26 100 0.26 1
Pkt 26 100 0.26 1
Node 32 53 18.2483
Pkt 125 480 0.260417 1
Pkt 98 375 0.261333 1
Node 60 67 19.7231
Pkt 195 750 0.26 1
Pkt 195 750 0.26 1
Node 68 26 30
Pkt 42 160 0.2625 1
Pkt 63 240 0.2625 1
Node 43 63 14.7648
Pkt 78 300 0.26 1
Pkt 78 300 0.26 1
Node 59 30 21.9317
Pkt 208 800 0.26 1
Pkt 195 750 0.26 1
Rate:521.125
==========
==========84
6 0 2 24000
Node 56 49 6.08276
Pkt 32 120 0.266667 1
Pkt 65 250 0.26 1
Node 37 60 16.4012
Pkt 84 320 0.2625 1
Pkt 104 400 0.26 1
Node 62 33 20.8087
Pkt 195 750 0.26 1
Pkt 208 800 0.26 1
Node 67 58 18.7883
Pkt 26 100 0.26 1
Pkt 39 150 0.26 1
Node 55 71 21.587
Pkt 84 320 0.2625 1
Pkt 78 300 0.26 1
Node 69 47 19.2354
Pkt 208 800 0.26 1
Pkt 208 800 0.26 1
Rate:521.944
==========
==========85
6 0 2 24000
Node 34 64 21.2603
Pkt 33 125 0.264 1
Pkt 65 250 0.26 1
Node 65 39 18.6011
Pkt 84 320 0.2625 1
Pkt 84 320 0.2625 1
Node 48 55 5.38516
Pkt 195 750 0.26 1
Pkt 208 800 0.26 1
Node 44 55 7.81025
Pkt 65 250 0.26 1
Pkt 50 192 0.260417 1
Node 44 28 22.8035
Pkt 125 480 0.260417 1
Pkt 78 300 0.26 1
Node 70 64 24.4131
Pkt 208 800 0.26 1
Pkt 195 750 0.26 1
Rate:521.639
==========
==========86
6 0 2 24000
Node 65 28 26.6271
Pkt 63 240 0.2625 1
Pkt 39 150 0.26 1
Node 47 54 5
Pkt 98 375 0.261333 1
Pkt 104 400 0.26 1
Node 36 56 15.2315
Pkt 208 800 0.26 1
Pkt 208 800 0.26 1
Node 59 52 9.21954
Pkt 42 160 0.2625 1
Pkt 63 240 0.2625 1
Node 70 37 23.8537
Pkt 78 300 0.26 1
Pkt 98 375 0.261333 1
Node 58 61 13.6015
Pkt 208 800 0.26 1
Pkt 195 750 0.26 1
Rate:521.694
==========
==========87
6 0 2 24000
Node 62 71 24.1868
Pkt 32 120 0.266667 1
Pkt 39 150 0.26 1
Node 58 65 17
Pkt 78 300 0.26 1
Pkt 125 480 0.260417 1
Node 46 54 5.65685
Pkt 195 750 0.26 1
Pkt 195 750 0.26 1
Node 52 36 14.1421
Pkt 52 200 0.26 1
Pkt 50 192 0.260417 1
Node 72 73 31.8277
Pkt 104 400 0.26 1
Pkt 78 300 0.26 1
Node 59 50 9
Pkt 195 750 0.26 1
Pkt 208 800 0.26 1
Rate:521.25
==========
==========88
6 0 2 24000
Node 41 66 18.3576
Pkt 52 200 0.26 1
Pkt 42 160 0.2625 1
Node 50 42 8
Pkt 78 300 0.26 1
Pkt 84 320 0.2625 1
Node 60 59 13.4536
Pkt 208 800 0.26 1
Pkt 195 750 0.26 1
Node 51 30 20.025
Pkt 39 150 0.26 1
Pkt 52 200 0.26 1
Node 40 38 15.6205
Pkt 98 375 0.261333 1
Pkt 78 300 0.26 1
Node 63 72 25.5539
Pkt 195 750 0.26 1
Pkt 208 800 0.26 1
Rate:521.056
==========
==========89
6 0 2 24000
Node 27 74 33.2415
Pkt 65 250 0.26 1
Pkt 42 160 0.2625 1
Node 70 37 23.8537
Pkt 125 480 0.260417 1
Pkt 84 320 0.2625 1
Node 29 48 21.095
Pkt 195 750 0.26 1
Pkt 208 800 0.26 1
Node 62 47 12.3693
Pkt 52 200 0.26 1
Pkt 39 150 0.26 1
Node 46 68 18.4391
Pkt 125 480 0.260417 1
Pkt 125 480 0.260417 1
Node 53 28 22.2036
Pkt 195 750 0.26 1
Pkt 195 750 0.26 1
Rate:521.042
==========
==========90
6 0 2 24000
Node 70 73 30.4795
Pkt 42 160 0.2625 1
Pkt 39 150 0.26 1
Node 56 48 6.32456
Pkt 84 320 0.2625 1
Pkt 125 480 0.260417 1
Node 48 40 10.198
Pkt 195 750 0.26 1
Pkt 208 800 0.26 1
Node 25 34 29.6816
Pkt 26 100 0.26 1
Pkt 63 240 0.2625 1
Node 72 36 26.0768
Pkt 78 300 0.26 1
Pkt 78 300 0.26 1
Node 70 38 23.3238
Pkt 195 750 0.26 1
Pkt 195 750 0.26 1
Rate:521.319
==========
==========91
6 0 2 24000
Node 56 47 6.7082
Pkt 26 100 0.26 1
Pkt 32 120 0.266667 1
Node 51 38 12.0416
Pkt 84 320 0.2625 1
Pkt 125 480 0.260417 1
Node 67 58 18.7883
Pkt 195 750 0.26 1
Pkt 195 750 0.26 1
Node 34 40 18.868
Pkt 65 250 0.26 1
Pkt 32 120 0.266667 1
Node 35 74 28.3019
Pkt 78 300 0.26 1
Pkt 104 400 0.26 1
Node 34 28 27.2029
Pkt 208 800 0.26 1
Pkt 208 800 0.26 1
Rate:522.708
==========
==========92
6 0 2 24000
Node 58 35 17
Pkt 26 100 0.26 1
Pkt 26 100 0.26 1
Node 39 40 14.8661
Pkt 84 320 0.2625 1
Pkt 104 400 0.26 1
Node 28 29 30.4138
Pkt 208 800 0.26 1
Pkt 195 750 0.26 1
Node 43 30 21.1896
Pkt 52 200 0.26 1
Pkt 42 160 0.2625 1
Node 31 38 22.4722
Pkt 125 480 0.260417 1
Pkt 78 300 0.26 1
Node 30 33 26.2488
Pkt 195 750 0.26 1
Pkt 195 750 0.26 1
Rate:520.903
==========
==========93
6 0 2 24000
Node 53 30 20.2237
Pkt 32 120 0.266667 1
Pkt 26 100 0.26 1
Node 43 48 7.28011
Pkt 125 480 0.260417 1
Pkt 104 400 0.26 1
Node 36 72 26.0768
Pkt 208 800 0.26 1
Pkt 208 800 0.26 1
Node 46 46 5.65685
Pkt 50 192 0.260417 1
Pkt 63 240 0.2625 1
Node 50 29 21
Pkt 78 300 0.26 1
Pkt 104 400 0.26 1
Node 63 46 13.6015
Pkt 208 800 0.26 1
Pkt 208 800 0.26 1
Rate:521.667
==========
==========94
6 0 2 24000
Node 68 61 21.095
Pkt 65 250 0.26 1
Pkt 50 192 0.260417 1
Node 70 48 20.0998
Pkt 125 480 0.260417 1
Pkt 104 400 0.26 1
Node 25 55 25.4951
Pkt 195 750 0.26 1
Pkt 208 800 0.26 1
Node 70 62 23.3238
Pkt 52 200 0.26 1
Pkt 39 150 0.26 1
Node 43 57 9.89949
Pkt 84 320 0.2625 1
Pkt 98 375 0.261333 1
Node 32 31 26.1725
Pkt 195 750 0.26 1
Pkt 208 800 0.26 1
Rate:520.778
==========
==========95
6 0 2 24000
Node 68 36 22.8035
Pkt 50 192 0.260417 1
Pkt 50 192 0.260417 1
Node 46 36 14.5602
Pkt 98 375 0.261333 1
Pkt 78 300 0.26 1
Node 57 69 20.2485
Pkt 195 750 0.26 1
Pkt 195 750 0.26 1
Node 42 39 13.6015
Pkt 26 100 0.26 1
Pkt 39 150 0.26 1
Node 53 42 8.544
Pkt 125 480 0.260417 1
Pkt 104 400 0.26 1
Node 52 62 12.1655
Pkt 208 800 0.26 1
Pkt 195 750 0.26 1
Rate:520.431
==========
==========96
6 0 2 24000
Node 67 32 24.7588
Pkt 42 160 0.2625 1
Pkt 39 150 0.26 1
Node 66 35 21.9317
Pkt 78 300 0.26 1
Pkt 84 320 0.2625 1
Node 66 57 17.4642
Pkt 195 750 0.26 1
Pkt 195 750 0.26 1
Node 59 74 25.632
Pkt 26 100 0.26 1
Pkt 63 240 0.2625 1
Node 41 67 19.2354
Pkt 104 400 0.26 1
Pkt 84 320 0.2625 1
Node 26 49 24.0208
Pkt 195 750 0.26 1
Pkt 195 750 0.26 1
Rate:521.667
==========
==========97
6 0 2 24000
Node 51 67 17.0294
Pkt 33 125 0.264 1
Pkt 52 200 0.26 1
Node 31 35 24.2074
Pkt 104 400 0.26 1
Pkt 104 400 0.26 1
Node 39 53 11.4018
Pkt 208 800 0.26 1
Pkt 208 800 0.26 1
Node 59 60 13.4536
Pkt 52 200 0.26 1
Pkt 65 250 0.26 1
Node 35 54 15.5242
Pkt 125 480 0.260417 1
Pkt 84 320 0.2625 1
Node 60 52 10.198
Pkt 195 750 0.26 1
Pkt 195 750 0.26 1
Rate:521.153
==========
==========98
6 0 2 24000
Node 54 74 24.3311
Pkt 26 100 0.26 1
Pkt 65 250 0.26 1
Node 51 40 10.0499
Pkt 98 375 0.261333 1
Pkt 84 320 0.2625 1
Node 55 63 13.9284
Pkt 208 800 0.26 1
Pkt 195 750 0.26 1
Node 35 53 15.2971
Pkt 63 240 0.2625 1
Pkt 65 250 0.26 1
Node 44 49 6.08276
Pkt 84 320 0.2625 1
Pkt 98 375 0.261333 1
Node 62 44 13.4164
Pkt 195 750 0.26 1
Pkt 195 750 0.26 1
Rate:521.694
==========
==========99
