6 0 2 24000
Node 52 41 9.21954
Pkt 48 100 0.48 1
Pkt 120 250 0.48 1
Node 73 66 28.0179
Pkt 192 400 0.48 1
Pkt 231 480 0.48125 1
Node 64 53 14.3178
Pkt 360 750 0.48 1
Pkt 384 800 0.48 1
Node 56 58 10
Pkt 48 100 0.48 1
Pkt 96 200 0.48 1
Node 51 61 11.0454
Pkt 180 375 0.48 1
Pkt 180 375 0.48 1
Node 56 55 7.81025
Pkt 384 800 0.48 1
Pkt 384 800 0.48 1
Rate:960.208
==========
==========0
6 0 2 24000
Node 44 70 20.8806
Pkt 48 100 0.48 1
Pkt 96 200 0.48 1
Node 68 33 24.7588
Pkt 192 400 0.48 1
Pkt 231 480 0.48125 1
Node 31 54 19.4165
Pkt 384 800 0.48 1
Pkt 384 800 0.48 1
Node 30 70 28.2843
Pkt 58 120 0.483333 1
Pkt 58 120 0.483333 1
Node 65 49 15.0333
Pkt 231 480 0.48125 1
Pkt 192 400 0.48 1
Node 70 33 26.2488
Pkt 360 750 0.48 1
Pkt 360 750 0.48 1
Rate:961.528
==========
==========1
6 0 2 24000
Node 52 25 25.0799
Pkt 93 192 0.484375 1
Pkt 72 150 0.48 1
Node 58 46 8.94427
Pkt 154 320 0.48125 1
Pkt 231 480 0.48125 1
Node 28 52 22.0907
Pkt 360 750 0.48 1
Pkt 360 750 0.48 1
Node 27 33 28.6007
Pkt 116 240 0.483333 1
Pkt 116 240 0.483333 1
Node 64 64 19.799
Pkt 231 480 0.48125 1
Pkt 180 375 0.48 1
Node 44 51 6.08276
Pkt 360 750 0.48 1
Pkt 384 800 0.48 1
Rate:962.465
==========
==========2
6 0 2 24000
Node 37 68 22.2036
Pkt 58 120 0.483333 1
Pkt 116 240 0.483333 1
Node 34 47 16.2788
Pkt 231 480 0.48125 1
Pkt 192 400 0.48 1
Node 49 53 3.16228
Pkt 360 750 0.48 1
Pkt 360 750 0.48 1
Node 66 30 25.6125
Pkt 60 125 0.48 1
Pkt 120 250 0.48 1
Node 38 48 12.1655
Pkt 180 375 0.48 1
Pkt 180 375 0.48 1
Node 48 69 19.105
Pkt 384 800 0.48 1
Pkt 384 800 0.48 1
Rate:961.319
==========
==========3
6 0 2 24000
Node 35 43 16.5529
Pkt 72 150 0.48 1
Pkt 58 120 0.483333 1
Node 40 59 13.4536
Pkt 154 320 0.48125 1
Pkt 231 480 0.48125 1
Node 51 38 12.0416
Pkt 384 800 0.48 1
Pkt 360 750 0.48 1
Node 68 36 22.8035
Pkt 120 250 0.48 1
Pkt 93 192 0.484375 1
Node 71 72 30.4138
Pkt 231 480 0.48125 1
Pkt 180 375 0.48 1
Node 66 62 20
Pkt 384 800 0.48 1
Pkt 384 800 0.48 1
Rate:961.91
==========
==========4
6 0 2 24000
Node 42 44 10
Pkt 48 100 0.48 1
Pkt 60 125 0.48 1
Node 48 71 21.095
Pkt 154 320 0.48125 1
Pkt 180 375 0.48 1
Node 62 47 12.3693
Pkt 384 800 0.48 1
Pkt 360 750 0.48 1
Node 69 66 24.8395
Pkt 60 125 0.48 1
Pkt 96 200 0.48 1
Node 28 35 26.6271
Pkt 231 480 0.48125 1
Pkt 180 375 0.48 1
Node 51 52 2.23607
Pkt 360 750 0.48 1
Pkt 360 750 0.48 1
Rate:960.417
==========
==========5
6 0 2 24000
Node 66 26 28.8444
Pkt 60 125 0.48 1
Pkt 58 120 0.483333 1
Node 27 63 26.4197
Pkt 192 400 0.48 1
Pkt 154 320 0.48125 1
Node 35 45 15.8114
Pkt 384 800 0.48 1
Pkt 384 800 0.48 1
Node 41 71 22.8473
Pkt 116 240 0.483333 1
Pkt 93 192 0.484375 1
Node 50 67 17
Pkt 192 400 0.48 1
Pkt 180 375 0.48 1
Node 26 29 31.8904
Pkt 360 750 0.48 1
Pkt 384 800 0.48 1
Rate:962.049
==========
==========6
6 0 2 24000
Node 40 57 12.2066
Pkt 77 160 0.48125 1
Pkt 48 100 0.48 1
Node 54 54 5.65685
Pkt 192 400 0.48 1
Pkt 192 400 0.48 1
Node 42 56 10
Pkt 360 750 0.48 1
Pkt 384 800 0.48 1
Node 41 39 14.2127
Pkt 58 120 0.483333 1
Pkt 120 250 0.48 1
Node 32 71 27.6586
Pkt 192 400 0.48 1
Pkt 180 375 0.48 1
Node 46 46 5.65685
Pkt 360 750 0.48 1
Pkt 384 800 0.48 1
Rate:960.764
==========
==========7
6 0 2 24000
Node 56 65 16.1555
Pkt 48 100 0.48 1
Pkt 96 200 0.48 1
Node 43 53 7.61577
Pkt 180 375 0.48 1
Pkt 180 375 0.48 1
Node 46 52 4.47214
Pkt 384 800 0.48 1
Pkt 360 750 0.48 1
Node 26 63 27.2947
Pkt 58 120 0.483333 1
Pkt 60 125 0.48 1
Node 43 48 7.28011
Pkt 231 480 0.48125 1
Pkt 231 480 0.48125 1
Node 53 40 10.4403
Pkt 360 750 0.48 1
Pkt 360 750 0.48 1
Rate:960.972
==========
==========8
6 0 2 24000
Node 27 45 23.5372
Pkt 60 125 0.48 1
Pkt 72 150 0.48 1
Node 73 67 28.6007
Pkt 180 375 0.48 1
Pkt 154 320 0.48125 1
Node 30 67 26.2488
Pkt 384 800 0.48 1
Pkt 360 750 0.48 1
Node 58 33 18.7883
Pkt 93 192 0.484375 1
Pkt 48 100 0.48 1
Node 29 36 25.2389
Pkt 180 375 0.48 1
Pkt 154 320 0.48125 1
Node 60 34 18.868
Pkt 384 800 0.48 1
Pkt 360 750 0.48 1
Rate:961.146
==========
==========9
6 0 2 24000
Node 50 40 10
Pkt 77 160 0.48125 1
Pkt 120 250 0.48 1
Node 71 74 31.8904
Pkt 144 300 0.48 1
Pkt 231 480 0.48125 1
Node 61 25 27.313
Pkt 360 750 0.48 1
Pkt 384 800 0.48 1
Node 73 52 23.0868
Pkt 93 192 0.484375 1
Pkt 120 250 0.48 1
Node 39 70 22.8254
Pkt 180 375 0.48 1
Pkt 154 320 0.48125 1
Node 43 56 9.21954
Pkt 360 750 0.48 1
Pkt 360 750 0.48 1
Rate:961.354
==========
==========10
6 0 2 24000
Node 57 48 7.28011
Pkt 60 125 0.48 1
Pkt 72 150 0.48 1
Node 47 27 23.1948
Pkt 231 480 0.48125 1
Pkt 180 375 0.48 1
Node 27 62 25.9422
Pkt 360 750 0.48 1
Pkt 384 800 0.48 1
Node 66 36 21.2603
Pkt 48 100 0.48 1
Pkt 116 240 0.483333 1
Node 53 68 18.2483
Pkt 154 320 0.48125 1
Pkt 192 400 0.48 1
Node 29 37 24.6982
Pkt 384 800 0.48 1
Pkt 360 750 0.48 1
Rate:960.972
==========
==========11
6 0 2 24000
Node 50 54 4
Pkt 58 120 0.483333 1
Pkt 58 120 0.483333 1
Node 41 73 24.6982
Pkt 231 480 0.48125 1
Pkt 154 320 0.48125 1
Node 63 56 14.3178
Pkt 360 750 0.48 1
Pkt 384 800 0.48 1
Node 52 52 2.82843
Pkt 120 250 0.48 1
Pkt 120 250 0.48 1
Node 68 73 29.2062
Pkt 144 300 0.48 1
Pkt 192 400 0.48 1
Node 41 29 22.8473
Pkt 360 750 0.48 1
Pkt 384 800 0.48 1
Rate:961.528
==========
==========12
6 0 2 24000
Node 45 39 12.083
Pkt 48 100 0.48 1
Pkt 77 160 0.48125 1
Node 37 53 13.3417
Pkt 231 480 0.48125 1
Pkt 192 400 0.48 1
Node 44 31 19.9249
Pkt 360 750 0.48 1
Pkt 360 750 0.48 1
Node 40 36 17.2047
Pkt 48 100 0.48 1
Pkt 93 192 0.484375 1
Node 37 61 17.0294
Pkt 144 300 0.48 1
Pkt 154 320 0.48125 1
Node 34 72 27.2029
Pkt 360 750 0.48 1
Pkt 384 800 0.48 1
Rate:961.354
==========
==========13
6 0 2 24000
Node 34 70 25.6125
Pkt 48 100 0.48 1
Pkt 48 100 0.48 1
Node 47 42 8.544
Pkt 144 300 0.48 1
Pkt 192 400 0.48 1
Node 70 54 20.3961
Pkt 360 750 0.48 1
Pkt 384 800 0.48 1
Node 58 73 24.3516
Pkt 96 200 0.48 1
Pkt 72 150 0.48 1
Node 45 74 24.5153
Pkt 180 375 0.48 1
Pkt 192 400 0.48 1
Node 38 25 27.7308
Pkt 384 800 0.48 1
Pkt 384 800 0.48 1
Rate:960
==========
==========14
6 0 2 24000
Node 70 25 32.0156
Pkt 93 192 0.484375 1
Pkt 58 120 0.483333 1
Node 31 55 19.6469
Pkt 180 375 0.48 1
Pkt 231 480 0.48125 1
Node 31 37 23.0217
Pkt 360 750 0.48 1
Pkt 384 800 0.48 1
Node 30 54 20.3961
Pkt 96 200 0.48 1
Pkt 116 240 0.483333 1
Node 73 40 25.0799
Pkt 144 300 0.48 1
Pkt 144 300 0.48 1
Node 70 65 25
Pkt 360 750 0.48 1
Pkt 360 750 0.48 1
Rate:962.049
==========
==========15
6 0 2 24000
Node 70 54 20.3961
Pkt 58 120 0.483333 1
Pkt 48 100 0.48 1
Node 30 66 25.6125
Pkt 231 480 0.48125 1
Pkt 180 375 0.48 1
Node 58 25 26.2488
Pkt 360 750 0.48 1
Pkt 384 800 0.48 1
Node 26 47 24.1868
Pkt 96 200 0.48 1
Pkt 120 250 0.48 1
Node 51 64 14.0357
Pkt 192 400 0.48 1
Pkt 154 320 0.48125 1
Node 66 58 17.8885
Pkt 384 800 0.48 1
Pkt 360 750 0.48 1
Rate:960.972
==========
==========16
6 0 2 24000
Node 59 52 9.21954
Pkt 77 160 0.48125 1
Pkt 93 192 0.484375 1
Node 38 70 23.3238
Pkt 180 375 0.48 1
Pkt 144 300 0.48 1
Node 33 38 20.8087
Pkt 384 800 0.48 1
Pkt 384 800 0.48 1
Node 68 71 27.6586
Pkt 58 120 0.483333 1
Pkt 120 250 0.48 1
Node 68 37 22.2036
Pkt 180 375 0.48 1
Pkt 144 300 0.48 1
Node 64 28 26.0768
Pkt 360 750 0.48 1
Pkt 360 750 0.48 1
Rate:961.493
==========
==========17
6 0 2 24000
Node 30 41 21.9317
Pkt 116 240 0.483333 1
Pkt 120 250 0.48 1
Node 59 73 24.6982
Pkt 192 400 0.48 1
Pkt 144 300 0.48 1
Node 53 54 5
Pkt 384 800 0.48 1
Pkt 360 750 0.48 1
Node 30 57 21.1896
Pkt 96 200 0.48 1
Pkt 77 160 0.48125 1
Node 42 43 10.6301
Pkt 180 375 0.48 1
Pkt 231 480 0.48125 1
Node 31 47 19.2354
Pkt 384 800 0.48 1
Pkt 360 750 0.48 1
Rate:960.972
==========
==========18
6 0 2 24000
Node 34 35 21.9317
Pkt 93 192 0.484375 1
Pkt 72 150 0.48 1
Node 74 43 25
Pkt 231 480 0.48125 1
Pkt 231 480 0.48125 1
Node 68 54 18.4391
Pkt 360 750 0.48 1
Pkt 360 750 0.48 1
Node 53 52 3.60555
Pkt 60 125 0.48 1
Pkt 120 250 0.48 1
Node 41 47 9.48683
Pkt 192 400 0.48 1
Pkt 180 375 0.48 1
Node 55 25 25.4951
Pkt 360 750 0.48 1
Pkt 360 750 0.48 1
Rate:961.146
==========
==========19
6 0 2 24000
Node 71 66 26.4008
Pkt 60 125 0.48 1
Pkt 93 192 0.484375 1
Node 65 62 19.2094
Pkt 192 400 0.48 1
Pkt 154 320 0.48125 1
Node 29 60 23.2594
Pkt 384 800 0.48 1
Pkt 360 750 0.48 1
Node 47 30 20.2237
Pkt 48 100 0.48 1
Pkt 58 120 0.483333 1
Node 41 63 15.8114
Pkt 231 480 0.48125 1
Pkt 180 375 0.48 1
Node 72 57 23.0868
Pkt 360 750 0.48 1
Pkt 360 750 0.48 1
Rate:961.701
==========
==========20
6 0 2 24000
Node 47 68 18.2483
Pkt 72 150 0.48 1
Pkt 116 240 0.483333 1
Node 52 46 4.47214
Pkt 192 400 0.48 1
Pkt 231 480 0.48125 1
Node 46 68 18.4391
Pkt 384 800 0.48 1
Pkt 360 750 0.48 1
Node 62 28 25.0599
Pkt 77 160 0.48125 1
Pkt 72 150 0.48 1
Node 70 56 20.8806
Pkt 154 320 0.48125 1
Pkt 192 400 0.48 1
Node 38 64 18.4391
Pkt 360 750 0.48 1
Pkt 360 750 0.48 1
Rate:961.181
==========
==========21
6 0 2 24000
Node 44 31 19.9249
Pkt 116 240 0.483333 1
Pkt 96 200 0.48 1
Node 43 56 9.21954
Pkt 180 375 0.48 1
Pkt 144 300 0.48 1
Node 38 59 15
Pkt 360 750 0.48 1
Pkt 384 800 0.48 1
Node 25 28 33.3017
Pkt 72 150 0.48 1
Pkt 60 125 0.48 1
Node 69 46 19.4165
Pkt 154 320 0.48125 1
Pkt 231 480 0.48125 1
Node 60 51 10.0499
Pkt 384 800 0.48 1
Pkt 360 750 0.48 1
Rate:960.972
==========
==========22
6 0 2 24000
Node 29 57 22.1359
Pkt 93 192 0.484375 1
Pkt 96 200 0.48 1
Node 69 37 23.0217
Pkt 180 375 0.48 1
Pkt 144 300 0.48 1
Node 59 38 15
Pkt 360 750 0.48 1
Pkt 384 800 0.48 1
Node 39 61 15.5563
Pkt 116 240 0.483333 1
Pkt 58 120 0.483333 1
Node 52 56 6.32456
Pkt 180 375 0.48 1
Pkt 144 300 0.48 1
Node 39 56 12.53
Pkt 384 800 0.48 1
Pkt 360 750 0.48 1
Rate:961.84
==========
==========23
6 0 2 24000
Node 67 41 19.2354
Pkt 77 160 0.48125 1
Pkt 120 250 0.48 1
Node 37 59 15.8114
Pkt 192 400 0.48 1
Pkt 180 375 0.48 1
Node 36 66 21.2603
Pkt 384 800 0.48 1
Pkt 360 750 0.48 1
Node 41 36 16.6433
Pkt 72 150 0.48 1
Pkt 116 240 0.483333 1
Node 65 30 25
Pkt 154 320 0.48125 1
Pkt 154 320 0.48125 1
Node 27 27 32.5269
Pkt 360 750 0.48 1
Pkt 360 750 0.48 1
Rate:961.181
==========
==========24
6 0 2 24000
Node 46 55 6.40312
Pkt 120 250 0.48 1
Pkt 77 160 0.48125 1
Node 49 60 10.0499
Pkt 231 480 0.48125 1
Pkt 231 480 0.48125 1
Node 37 61 17.0294
Pkt 384 800 0.48 1
Pkt 384 800 0.48 1
Node 43 46 8.06226
Pkt 58 120 0.483333 1
Pkt 48 100 0.48 1
Node 36 52 14.1421
Pkt 144 300 0.48 1
Pkt 144 300 0.48 1
Node 61 74 26.4008
Pkt 360 750 0.48 1
Pkt 360 750 0.48 1
Rate:961.181
==========
==========25
6 0 2 24000
Node 39 46 11.7047
Pkt 77 160 0.48125 1
Pkt 77 160 0.48125 1
Node 32 37 22.2036
Pkt 192 400 0.48 1
Pkt 144 300 0.48 1
Node 29 39 23.7065
Pkt 360 750 0.48 1
Pkt 360 750 0.48 1
Node 57 36 15.6525
Pkt 96 200 0.48 1
Pkt 93 192 0.484375 1
Node 61 31 21.9545
Pkt 180 375 0.48 1
Pkt 180 375 0.48 1
Node 27 25 33.9706
Pkt 384 800 0.48 1
Pkt 360 750 0.48 1
Rate:961.146
==========
==========26
6 0 2 24000
Node 68 36 22.8035
Pkt 60 125 0.48 1
Pkt 120 250 0.48 1
Node 71 27 31.1448
Pkt 231 480 0.48125 1
Pkt 154 320 0.48125 1
Node 44 67 18.0278
Pkt 360 750 0.48 1
Pkt 360 750 0.48 1
Node 53 57 7.61577
Pkt 60 125 0.48 1
Pkt 60 125 0.48 1
Node 69 26 30.6105
Pkt 180 375 0.48 1
Pkt 180 375 0.48 1
Node 47 25 25.1794
Pkt 384 800 0.48 1
Pkt 360 750 0.48 1
Rate:960.417
==========
==========27
6 0 2 24000
Node 59 36 16.6433
Pkt 58 120 0.483333 1
Pkt 93 192 0.484375 1
Node 50 57 7
Pkt 231 480 0.48125 1
Pkt 180 375 0.48 1
Node 68 61 21.095
Pkt 360 750 0.48 1
Pkt 360 750 0.48 1
Node 29 32 27.6586
Pkt 93 192 0.484375 1
Pkt 93 192 0.484375 1
Node 60 49 10.0499
Pkt 231 480 0.48125 1
Pkt 192 400 0.48 1
Node 39 56 12.53
Pkt 360 750 0.48 1
Pkt 360 750 0.48 1
Rate:963.16
==========
==========28
6 0 2 24000
Node 72 58 23.4094
Pkt 93 192 0.484375 1
Pkt 60 125 0.48 1
Node 74 28 32.5576
Pkt 192 400 0.48 1
Pkt 231 480 0.48125 1
Node 48 42 8.24621
Pkt 360 750 0.48 1
Pkt 360 750 0.48 1
Node 30 58 21.5407
Pkt 93 192 0.484375 1
Pkt 93 192 0.484375 1
Node 55 71 21.587
Pkt 154 320 0.48125 1
Pkt 231 480 0.48125 1
Node 46 29 21.3776
Pkt 384 800 0.48 1
Pkt 360 750 0.48 1
Rate:962.813
==========
==========29
6 0 2 24000
Node 38 25 27.7308
Pkt 48 100 0.48 1
Pkt 58 120 0.483333 1
Node 72 30 29.7321
Pkt 231 480 0.48125 1
Pkt 192 400 0.48 1
Node 58 43 10.6301
Pkt 384 800 0.48 1
Pkt 384 800 0.48 1
Node 45 54 6.40312
Pkt 116 240 0.483333 1
Pkt 116 240 0.483333 1
Node 42 28 23.4094
Pkt 192 400 0.48 1
Pkt 180 375 0.48 1
Node 48 58 8.24621
Pkt 384 800 0.48 1
Pkt 384 800 0.48 1
Rate:961.875
==========
==========30
6 0 2 24000
Node 31 40 21.4709
Pkt 48 100 0.48 1
Pkt 58 120 0.483333 1
Node 70 55 20.6155
Pkt 154 320 0.48125 1
Pkt 154 320 0.48125 1
Node 49 61 11.0454
Pkt 384 800 0.48 1
Pkt 360 750 0.48 1
Node 45 62 13
Pkt 116 240 0.483333 1
Pkt 60 125 0.48 1
Node 46 54 5.65685
Pkt 144 300 0.48 1
Pkt 144 300 0.48 1
Node 44 44 8.48528
Pkt 360 750 0.48 1
Pkt 384 800 0.48 1
Rate:961.528
==========
==========31
6 0 2 24000
Node 35 74 28.3019
Pkt 48 100 0.48 1
Pkt 93 192 0.484375 1
Node 63 35 19.8494
Pkt 192 400 0.48 1
Pkt 154 320 0.48125 1
Node 26 68 30
Pkt 360 750 0.48 1
Pkt 384 800 0.48 1
Node 37 52 13.1529
Pkt 60 125 0.48 1
Pkt 77 160 0.48125 1
Node 63 37 18.3848
Pkt 192 400 0.48 1
Pkt 192 400 0.48 1
Node 58 35 17
Pkt 384 800 0.48 1
Pkt 360 750 0.48 1
Rate:961.146
==========
==========32
6 0 2 24000
Node 25 68 30.8058
Pkt 93 192 0.484375 1
Pkt 60 125 0.48 1
Node 53 31 19.2354
Pkt 144 300 0.48 1
Pkt 180 375 0.48 1
Node 62 67 20.8087
Pkt 384 800 0.48 1
Pkt 360 750 0.48 1
Node 47 47 4.24264
Pkt 60 125 0.48 1
Pkt 60 125 0.48 1
Node 30 71 29
Pkt 144 300 0.48 1
Pkt 154 320 0.48125 1
Node 71 59 22.8473
Pkt 384 800 0.48 1
Pkt 384 800 0.48 1
Rate:960.938
==========
==========33
6 0 2 24000
Node 45 38 13
Pkt 58 120 0.483333 1
Pkt 48 100 0.48 1
Node 64 60 17.2047
Pkt 180 375 0.48 1
Pkt 192 400 0.48 1
Node 64 37 19.105
Pkt 360 750 0.48 1
Pkt 384 800 0.48 1
Node 43 36 15.6525
Pkt 120 250 0.48 1
Pkt 96 200 0.48 1
Node 63 41 15.8114
Pkt 192 400 0.48 1
Pkt 144 300 0.48 1
Node 31 44 19.9249
Pkt 384 800 0.48 1
Pkt 384 800 0.48 1
Rate:960.556
==========
==========34
6 0 2 24000
Node 72 45 22.561
Pkt 77 160 0.48125 1
Pkt 96 200 0.48 1
Node 57 64 15.6525
Pkt 231 480 0.48125 1
Pkt 192 400 0.48 1
Node 49 35 15.0333
Pkt 384 800 0.48 1
Pkt 384 800 0.48 1
Node 46 59 9.84886
Pkt 58 120 0.483333 1
Pkt 58 120 0.483333 1
Node 45 28 22.561
Pkt 231 480 0.48125 1
Pkt 192 400 0.48 1
Node 48 68 18.1108
Pkt 360 750 0.48 1
Pkt 384 800 0.48 1
Rate:961.736
==========
==========35
6 0 2 24000
Node 67 25 30.2324
Pkt 48 100 0.48 1
Pkt 120 250 0.48 1
Node 63 54 13.6015
Pkt 180 375 0.48 1
Pkt 154 320 0.48125 1
Node 49 37 13.0384
Pkt 360 750 0.48 1
Pkt 384 800 0.48 1
Node 31 52 19.105
Pkt 96 200 0.48 1
Pkt 120 250 0.48 1
Node 58 68 19.6977
Pkt 154 320 0.48125 1
Pkt 154 320 0.48125 1
Node 25 42 26.2488
Pkt 360 750 0.48 1
Pkt 384 800 0.48 1
Rate:960.625
==========
==========36
6 0 2 24000
Node 31 69 26.8701
Pkt 93 192 0.484375 1
Pkt 116 240 0.483333 1
Node 34 39 19.4165
Pkt 192 400 0.48 1
Pkt 180 375 0.48 1
Node 32 34 24.0832
Pkt 384 800 0.48 1
Pkt 360 750 0.48 1
Node 34 72 27.2029
Pkt 77 160 0.48125 1
Pkt 116 240 0.483333 1
Node 39 30 22.8254
Pkt 154 320 0.48125 1
Pkt 154 320 0.48125 1
Node 56 38 13.4164
Pkt 384 800 0.48 1
Pkt 360 750 0.48 1
Rate:962.465
==========
==========37
6 0 2 24000
Node 67 71 27.0185
Pkt 116 240 0.483333 1
Pkt 60 125 0.48 1
Node 70 51 20.025
Pkt 231 480 0.48125 1
Pkt 180 375 0.48 1
Node 55 36 14.8661
Pkt 384 800 0.48 1
Pkt 360 750 0.48 1
Node 31 31 26.8701
Pkt 96 200 0.48 1
Pkt 60 125 0.48 1
Node 52 46 4.47214
Pkt 180 375 0.48 1
Pkt 154 320 0.48125 1
Node 49 47 3.16228
Pkt 384 800 0.48 1
Pkt 360 750 0.48 1
Rate:960.972
==========
==========38
6 0 2 24000
Node 30 43 21.1896
Pkt 77 160 0.48125 1
Pkt 77 160 0.48125 1
Node 59 42 12.0416
Pkt 154 320 0.48125 1
Pkt 154 320 0.48125 1
Node 40 49 10.0499
Pkt 384 800 0.48 1
Pkt 384 800 0.48 1
Node 28 40 24.1661
Pkt 48 100 0.48 1
Pkt 93 192 0.484375 1
Node 58 63 15.2643
Pkt 231 480 0.48125 1
Pkt 231 480 0.48125 1
Node 43 29 22.1359
Pkt 384 800 0.48 1
Pkt 360 750 0.48 1
Rate:961.979
==========
==========39
6 0 2 24000
Node 42 52 8.24621
Pkt 77 160 0.48125 1
Pkt 96 200 0.48 1
Node 50 30 20
Pkt 144 300 0.48 1
Pkt 180 375 0.48 1
Node 30 64 24.4131
Pkt 384 800 0.48 1
Pkt 360 750 0.48 1
Node 47 67 17.2627
Pkt 48 100 0.48 1
Pkt 116 240 0.483333 1
Node 38 74 26.8328
Pkt 144 300 0.48 1
Pkt 144 300 0.48 1
Node 67 73 28.6007
Pkt 360 750 0.48 1
Pkt 360 750 0.48 1
Rate:960.764
==========
==========40
6 0 2 24000
Node 53 63 13.3417
Pkt 48 100 0.48 1
Pkt 48 100 0.48 1
Node 49 70 20.025
Pkt 180 375 0.48 1
Pkt 154 320 0.48125 1
Node 49 48 2.23607
Pkt 360 750 0.48 1
Pkt 384 800 0.48 1
Node 40 70 22.3607
Pkt 58 120 0.483333 1
Pkt 116 240 0.483333 1
Node 30 64 24.4131
Pkt 231 480 0.48125 1
Pkt 192 400 0.48 1
Node 68 35 23.4307
Pkt 360 750 0.48 1
Pkt 384 800 0.48 1
Rate:961.528
==========
==========41
6 0 2 24000
Node 64 68 22.8035
Pkt 48 100 0.48 1
Pkt 77 160 0.48125 1
Node 59 61 14.2127
Pkt 154 320 0.48125 1
Pkt 192 400 0.48 1
Node 68 30 26.9072
Pkt 384 800 0.48 1
Pkt 360 750 0.48 1
Node 51 64 14.0357
Pkt 58 120 0.483333 1
Pkt 48 100 0.48 1
Node 69 35 24.2074
Pkt 144 300 0.48 1
Pkt 192 400 0.48 1
Node 51 60 10.0499
Pkt 360 750 0.48 1
Pkt 384 800 0.48 1
Rate:960.972
==========
==========42
6 0 2 24000
Node 74 26 33.9411
Pkt 48 100 0.48 1
Pkt 48 100 0.48 1
Node 56 25 25.7099
Pkt 144 300 0.48 1
Pkt 180 375 0.48 1
Node 36 49 14.0357
Pkt 384 800 0.48 1
Pkt 360 750 0.48 1
Node 45 72 22.561
Pkt 58 120 0.483333 1
Pkt 58 120 0.483333 1
Node 63 56 14.3178
Pkt 231 480 0.48125 1
Pkt 154 320 0.48125 1
Node 29 46 21.3776
Pkt 384 800 0.48 1
Pkt 384 800 0.48 1
Rate:961.528
==========
==========43
6 0 2 24000
Node 26 31 30.6105
Pkt 58 120 0.483333 1
Pkt 116 240 0.483333 1
Node 59 26 25.632
Pkt 231 480 0.48125 1
Pkt 192 400 0.48 1
Node 27 44 23.7697
Pkt 360 750 0.48 1
Pkt 384 800 0.48 1
Node 52 55 5.38516
Pkt 93 192 0.484375 1
Pkt 96 200 0.48 1
Node 35 31 24.2074
Pkt 192 400 0.48 1
Pkt 192 400 0.48 1
Node 53 46 5
Pkt 360 750 0.48 1
Pkt 384 800 0.48 1
Rate:962.049
==========
==========44
6 0 2 24000
Node 61 71 23.7065
Pkt 96 200 0.48 1
Pkt 48 100 0.48 1
Node 56 70 20.8806
Pkt 180 375 0.48 1
Pkt 180 375 0.48 1
Node 60 61 14.8661
Pkt 384 800 0.48 1
Pkt 384 800 0.48 1
Node 40 73 25.0799
Pkt 48 100 0.48 1
Pkt 96 200 0.48 1
Node 73 42 24.3516
Pkt 192 400 0.48 1
Pkt 231 480 0.48125 1
Node 69 27 29.8329
Pkt 384 800 0.48 1
Pkt 384 800 0.48 1
Rate:960.208
==========
==========45
6 0 2 24000
Node 58 54 8.94427
Pkt 120 250 0.48 1
Pkt 58 120 0.483333 1
Node 39 35 18.6011
Pkt 231 480 0.48125 1
Pkt 144 300 0.48 1
Node 27 25 33.9706
Pkt 384 800 0.48 1
Pkt 384 800 0.48 1
Node 31 37 23.0217
Pkt 120 250 0.48 1
Pkt 72 150 0.48 1
Node 28 40 24.1661
Pkt 192 400 0.48 1
Pkt 144 300 0.48 1
Node 56 56 8.48528
Pkt 384 800 0.48 1
Pkt 384 800 0.48 1
Rate:960.764
==========
==========46
6 0 2 24000
Node 46 73 23.3452
Pkt 93 192 0.484375 1
Pkt 93 192 0.484375 1
Node 66 49 16.0312
Pkt 192 400 0.48 1
Pkt 192 400 0.48 1
Node 70 45 20.6155
Pkt 384 800 0.48 1
Pkt 384 800 0.48 1
Node 52 64 14.1421
Pkt 77 160 0.48125 1
Pkt 58 120 0.483333 1
Node 53 72 22.2036
Pkt 144 300 0.48 1
Pkt 180 375 0.48 1
Node 33 49 17.0294
Pkt 360 750 0.48 1
Pkt 384 800 0.48 1
Rate:962.222
==========
==========47
6 0 2 24000
Node 45 30 20.6155
Pkt 116 240 0.483333 1
Pkt 58 120 0.483333 1
Node 59 52 9.21954
Pkt 154 320 0.48125 1
Pkt 154 320 0.48125 1
Node 67 66 23.3452
Pkt 384 800 0.48 1
Pkt 360 750 0.48 1
Node 36 54 14.5602
Pkt 93 192 0.484375 1
Pkt 93 192 0.484375 1
Node 64 37 19.105
Pkt 192 400 0.48 1
Pkt 231 480 0.48125 1
Node 48 25 25.0799
Pkt 384 800 0.48 1
Pkt 360 750 0.48 1
Rate:963.194
==========
==========48
6 0 2 24000
Node 58 41 12.0416
Pkt 48 100 0.48 1
Pkt 48 100 0.48 1
Node 72 66 27.2029
Pkt 144 300 0.48 1
Pkt 192 400 0.48 1
Node 45 34 16.7631
Pkt 360 750 0.48 1
Pkt 384 800 0.48 1
Node 32 51 18.0278
Pkt 116 240 0.483333 1
Pkt 96 200 0.48 1
Node 70 25 32.0156
Pkt 231 480 0.48125 1
Pkt 192 400 0.48 1
Node 30 30 28.2843
Pkt 360 750 0.48 1
Pkt 360 750 0.48 1
Rate:960.764
==========
==========49
6 0 2 24000
Node 66 45 16.7631
Pkt 120 250 0.48 1
Pkt 116 240 0.483333 1
Node 74 47 24.1868
Pkt 144 300 0.48 1
Pkt 144 300 0.48 1
Node 72 53 22.2036
Pkt 384 800 0.48 1
Pkt 384 800 0.48 1
Node 69 70 27.5862
Pkt 93 192 0.484375 1
Pkt 60 125 0.48 1
Node 74 36 27.7849
Pkt 144 300 0.48 1
Pkt 231 480 0.48125 1
Node 42 68 19.6977
Pkt 384 800 0.48 1
Pkt 384 800 0.48 1
Rate:961.493
==========
==========50
6 0 2 24000
Node 58 31 20.6155
Pkt 58 120 0.483333 1
Pkt 60 125 0.48 1
Node 33 53 17.2627
Pkt 192 400 0.48 1
Pkt 144 300 0.48 1
Node 43 51 7.07107
Pkt 360 750 0.48 1
Pkt 384 800 0.48 1
Node 52 40 10.198
Pkt 58 120 0.483333 1
Pkt 116 240 0.483333 1
Node 52 67 17.1172
Pkt 231 480 0.48125 1
Pkt 192 400 0.48 1
Node 31 51 19.0263
Pkt 384 800 0.48 1
Pkt 360 750 0.48 1
Rate:961.875
==========
==========51
6 0 2 24000
Node 32 51 18.0278
Pkt 120 250 0.48 1
Pkt 120 250 0.48 1
Node 49 59 9.05539
Pkt 180 375 0.48 1
Pkt 180 375 0.48 1
Node 64 55 14.8661
Pkt 384 800 0.48 1
Pkt 360 750 0.48 1
Node 56 44 8.48528
Pkt 96 200 0.48 1
Pkt 120 250 0.48 1
Node 36 40 17.2047
Pkt 180 375 0.48 1
Pkt 180 375 0.48 1
Node 45 48 5.38516
Pkt 384 800 0.48 1
Pkt 360 750 0.48 1
Rate:960
==========
==========52
6 0 2 24000
Node 64 56 15.2315
Pkt 48 100 0.48 1
Pkt 58 120 0.483333 1
Node 32 32 25.4558
Pkt 154 320 0.48125 1
Pkt 231 480 0.48125 1
Node 70 27 30.4795
Pkt 360 750 0.48 1
Pkt 360 750 0.48 1
Node 35 46 15.5242
Pkt 58 120 0.483333 1
Pkt 120 250 0.48 1
Node 66 37 20.6155
Pkt 144 300 0.48 1
Pkt 154 320 0.48125 1
Node 67 34 23.3452
Pkt 384 800 0.48 1
Pkt 360 750 0.48 1
Rate:961.736
==========
==========53
6 0 2 24000
Node 57 72 23.0868
Pkt 48 100 0.48 1
Pkt 58 120 0.483333 1
Node 47 57 7.61577
Pkt 192 400 0.48 1
Pkt 154 320 0.48125 1
Node 72 38 25.0599
Pkt 384 800 0.48 1
Pkt 360 750 0.48 1
Node 43 56 9.21954
Pkt 120 250 0.48 1
Pkt 60 125 0.48 1
Node 72 72 31.1127
Pkt 154 320 0.48125 1
Pkt 144 300 0.48 1
Node 64 36 19.799
Pkt 360 750 0.48 1
Pkt 384 800 0.48 1
Rate:960.972
==========
==========54
6 0 2 24000
Node 60 26 26
Pkt 48 100 0.48 1
Pkt 120 250 0.48 1
Node 65 61 18.6011
Pkt 144 300 0.48 1
Pkt 180 375 0.48 1
Node 32 35 23.4307
Pkt 360 750 0.48 1
Pkt 384 800 0.48 1
Node 33 42 18.7883
Pkt 60 125 0.48 1
Pkt 96 200 0.48 1
Node 69 58 20.6155
Pkt 231 480 0.48125 1
Pkt 192 400 0.48 1
Node 68 37 22.2036
Pkt 384 800 0.48 1
Pkt 360 750 0.48 1
Rate:960.208
==========
==========55
6 0 2 24000
Node 28 52 22.0907
Pkt 58 120 0.483333 1
Pkt 48 100 0.48 1
Node 73 66 28.0179
Pkt 192 400 0.48 1
Pkt 192 400 0.48 1
Node 30 67 26.2488
Pkt 360 750 0.48 1
Pkt 360 750 0.48 1
Node 45 39 12.083
Pkt 116 240 0.483333 1
Pkt 96 200 0.48 1
Node 67 67 24.0416
Pkt 144 300 0.48 1
Pkt 180 375 0.48 1
Node 29 35 25.807
Pkt 384 800 0.48 1
Pkt 384 800 0.48 1
Rate:961.111
==========
==========56
6 0 2 24000
Node 56 47 6.7082
Pkt 72 150 0.48 1
Pkt 96 200 0.48 1
Node 34 51 16.0312
Pkt 180 375 0.48 1
Pkt 180 375 0.48 1
Node 35 57 16.5529
Pkt 384 800 0.48 1
Pkt 384 800 0.48 1
Node 46 36 14.5602
Pkt 60 125 0.48 1
Pkt 116 240 0.483333 1
Node 54 40 10.7703
Pkt 231 480 0.48125 1
Pkt 192 400 0.48 1
Node 45 29 21.587
Pkt 384 800 0.48 1
Pkt 384 800 0.48 1
Rate:960.764
==========
==========57
6 0 2 24000
Node 62 52 12.1655
Pkt 60 125 0.48 1
Pkt 96 200 0.48 1
Node 32 68 25.4558
Pkt 192 400 0.48 1
Pkt 192 400 0.48 1
Node 36 50 14
Pkt 360 750 0.48 1
Pkt 384 800 0.48 1
Node 51 70 20.025
Pkt 96 200 0.48 1
Pkt 72 150 0.48 1
Node 73 62 25.9422
Pkt 144 300 0.48 1
Pkt 144 300 0.48 1
Node 64 35 20.5183
Pkt 384 800 0.48 1
Pkt 360 750 0.48 1
Rate:960
==========
==========58
6 0 2 24000
Node 58 27 24.3516
Pkt 120 250 0.48 1
Pkt 58 120 0.483333 1
Node 49 45 5.09902
Pkt 154 320 0.48125 1
Pkt 192 400 0.48 1
Node 65 58 17
Pkt 360 750 0.48 1
Pkt 384 800 0.48 1
Node 59 41 12.7279
Pkt 58 120 0.483333 1
Pkt 120 250 0.48 1
Node 26 30 31.241
Pkt 154 320 0.48125 1
Pkt 192 400 0.48 1
Node 74 33 29.4109
Pkt 360 750 0.48 1
Pkt 384 800 0.48 1
Rate:961.528
==========
==========59
6 0 2 24000
Node 74 66 28.8444
Pkt 116 240 0.483333 1
Pkt 116 240 0.483333 1
Node 55 28 22.561
Pkt 180 375 0.48 1
Pkt 154 320 0.48125 1
Node 32 45 18.6815
Pkt 360 750 0.48 1
Pkt 360 750 0.48 1
Node 32 25 30.8058
Pkt 120 250 0.48 1
Pkt 60 125 0.48 1
Node 33 72 27.8029
Pkt 144 300 0.48 1
Pkt 154 320 0.48125 1
Node 39 48 11.1803
Pkt 384 800 0.48 1
Pkt 360 750 0.48 1
Rate:961.528
==========
==========60
6 0 2 24000
Node 73 28 31.8277
Pkt 120 250 0.48 1
Pkt 58 120 0.483333 1
Node 30 36 24.4131
Pkt 180 375 0.48 1
Pkt 154 320 0.48125 1
Node 56 53 6.7082
Pkt 384 800 0.48 1
Pkt 360 750 0.48 1
Node 63 52 13.1529
Pkt 116 240 0.483333 1
Pkt 120 250 0.48 1
Node 40 32 20.5913
Pkt 144 300 0.48 1
Pkt 180 375 0.48 1
Node 35 26 28.3019
Pkt 360 750 0.48 1
Pkt 360 750 0.48 1
Rate:961.319
==========
==========61
6 0 2 24000
Node 30 42 21.5407
Pkt 120 250 0.48 1
Pkt 60 125 0.48 1
Node 37 42 15.2643
Pkt 144 300 0.48 1
Pkt 144 300 0.48 1
Node 30 46 20.3961
Pkt 384 800 0.48 1
Pkt 384 800 0.48 1
Node 30 55 20.6155
Pkt 77 160 0.48125 1
Pkt 60 125 0.48 1
Node 50 53 3
Pkt 144 300 0.48 1
Pkt 180 375 0.48 1
Node 61 62 16.2788
Pkt 384 800 0.48 1
Pkt 384 800 0.48 1
Rate:960.208
==========
==========62
6 0 2 24000
Node 38 28 25.0599
Pkt 48 100 0.48 1
Pkt 116 240 0.483333 1
Node 44 30 20.8806
Pkt 192 400 0.48 1
Pkt 231 480 0.48125 1
Node 53 35 15.2971
Pkt 384 800 0.48 1
Pkt 384 800 0.48 1
Node 41 49 9.05539
Pkt 72 150 0.48 1
Pkt 116 240 0.483333 1
Node 52 54 4.47214
Pkt 144 300 0.48 1
Pkt 192 400 0.48 1
Node 27 38 25.9422
Pkt 360 750 0.48 1
Pkt 384 800 0.48 1
Rate:961.319
==========
==========63
6 0 2 24000
Node 61 37 17.0294
Pkt 93 192 0.484375 1
Pkt 60 125 0.48 1
Node 33 74 29.4109
Pkt 144 300 0.48 1
Pkt 231 480 0.48125 1
Node 25 63 28.178
Pkt 384 800 0.48 1
Pkt 384 800 0.48 1
Node 45 49 5.09902
Pkt 116 240 0.483333 1
Pkt 116 240 0.483333 1
Node 52 49 2.23607
Pkt 180 375 0.48 1
Pkt 154 320 0.48125 1
Node 48 50 2
Pkt 384 800 0.48 1
Pkt 384 800 0.48 1
Rate:962.257
==========
==========64
6 0 2 24000
Node 30 63 23.8537
Pkt 96 200 0.48 1
Pkt 58 120 0.483333 1
Node 69 41 21.0238
Pkt 154 320 0.48125 1
Pkt 192 400 0.48 1
Node 25 64 28.6531
Pkt 384 800 0.48 1
Pkt 384 800 0.48 1
Node 47 26 24.1868
Pkt 72 150 0.48 1
Pkt 116 240 0.483333 1
Node 64 48 14.1421
Pkt 144 300 0.48 1
Pkt 144 300 0.48 1
Node 39 26 26.4008
Pkt 384 800 0.48 1
Pkt 360 750 0.48 1
Rate:961.319
==========
==========65
6 0 2 24000
Node 55 33 17.72
Pkt 60 125 0.48 1
Pkt 77 160 0.48125 1
Node 30 46 20.3961
Pkt 144 300 0.48 1
Pkt 231 480 0.48125 1
Node 55 33 17.72
Pkt 360 750 0.48 1
Pkt 360 750 0.48 1
Node 74 44 24.7386
Pkt 72 150 0.48 1
Pkt 58 120 0.483333 1
Node 39 26 26.4008
Pkt 180 375 0.48 1
Pkt 180 375 0.48 1
Node 57 29 22.1359
Pkt 384 800 0.48 1
Pkt 360 750 0.48 1
Rate:960.972
==========
==========66
6 0 2 24000
Node 45 55 7.07107
Pkt 72 150 0.48 1
Pkt 96 200 0.48 1
Node 57 59 11.4018
Pkt 192 400 0.48 1
Pkt 154 320 0.48125 1
Node 32 38 21.6333
Pkt 384 800 0.48 1
Pkt 360 750 0.48 1
Node 49 43 7.07107
Pkt 93 192 0.484375 1
Pkt 72 150 0.48 1
Node 40 64 17.2047
Pkt 180 375 0.48 1
Pkt 180 375 0.48 1
Node 33 74 29.4109
Pkt 384 800 0.48 1
Pkt 384 800 0.48 1
Rate:960.938
==========
==========67
6 0 2 24000
Node 25 72 33.3017
Pkt 60 125 0.48 1
Pkt 60 125 0.48 1
Node 27 62 25.9422
Pkt 180 375 0.48 1
Pkt 154 320 0.48125 1
Node 66 55 16.7631
Pkt 384 800 0.48 1
Pkt 360 750 0.48 1
Node 56 42 10
Pkt 58 120 0.483333 1
Pkt 60 125 0.48 1
Node 40 53 10.4403
Pkt 144 300 0.48 1
Pkt 180 375 0.48 1
Node 46 65 15.5242
Pkt 360 750 0.48 1
Pkt 384 800 0.48 1
Rate:960.764
==========
==========68
6 0 2 24000
Node 60 53 10.4403
Pkt 58 120 0.483333 1
Pkt 48 100 0.48 1
Node 32 66 24.0832
Pkt 144 300 0.48 1
Pkt 231 480 0.48125 1
Node 33 50 17
Pkt 384 800 0.48 1
Pkt 384 800 0.48 1
Node 43 48 7.28011
Pkt 93 192 0.484375 1
Pkt 96 200 0.48 1
Node 59 28 23.7697
Pkt 144 300 0.48 1
Pkt 192 400 0.48 1
Node 38 38 16.9706
Pkt 360 750 0.48 1
Pkt 360 750 0.48 1
Rate:961.493
==========
==========69
6 0 2 24000
Node 63 50 13
Pkt 96 200 0.48 1
Pkt 60 125 0.48 1
Node 71 42 22.4722
Pkt 192 400 0.48 1
Pkt 231 480 0.48125 1
Node 64 61 17.8045
Pkt 360 750 0.48 1
Pkt 384 800 0.48 1
Node 31 36 23.6008
Pkt 120 250 0.48 1
Pkt 58 120 0.483333 1
Node 55 64 14.8661
Pkt 144 300 0.48 1
Pkt 180 375 0.48 1
Node 60 62 15.6205
Pkt 384 800 0.48 1
Pkt 384 800 0.48 1
Rate:960.764
==========
==========70
6 0 2 24000
Node 38 52 12.1655
Pkt 93 192 0.484375 1
Pkt 120 250 0.48 1
Node 51 72 22.0227
Pkt 192 400 0.48 1
Pkt 144 300 0.48 1
Node 43 59 11.4018
Pkt 360 750 0.48 1
Pkt 384 800 0.48 1
Node 52 35 15.1327
Pkt 48 100 0.48 1
Pkt 48 100 0.48 1
Node 50 68 18
Pkt 231 480 0.48125 1
Pkt 192 400 0.48 1
Node 35 35 21.2132
Pkt 360 750 0.48 1
Pkt 384 800 0.48 1
Rate:960.938
==========
==========71
6 0 2 24000
Node 53 52 3.60555
Pkt 96 200 0.48 1
Pkt 58 120 0.483333 1
Node 28 62 25.0599
Pkt 154 320 0.48125 1
Pkt 144 300 0.48 1
Node 35 27 27.4591
Pkt 360 750 0.48 1
Pkt 360 750 0.48 1
Node 44 41 10.8167
Pkt 58 120 0.483333 1
Pkt 58 120 0.483333 1
Node 69 63 23.0217
Pkt 231 480 0.48125 1
Pkt 231 480 0.48125 1
Node 70 47 20.2237
Pkt 384 800 0.48 1
Pkt 384 800 0.48 1
Rate:962.292
==========
==========72
6 0 2 24000
Node 28 38 25.0599
Pkt 93 192 0.484375 1
Pkt 48 100 0.48 1
Node 72 61 24.5967
Pkt 192 400 0.48 1
Pkt 144 300 0.48 1
Node 50 40 10
Pkt 360 750 0.48 1
Pkt 384 800 0.48 1
Node 59 41 12.7279
Pkt 116 240 0.483333 1
Pkt 96 200 0.48 1
Node 33 34 23.3452
Pkt 180 375 0.48 1
Pkt 180 375 0.48 1
Node 53 68 18.2483
Pkt 360 750 0.48 1
Pkt 360 750 0.48 1
Rate:961.285
==========
==========73
6 0 2 24000
Node 28 52 22.0907
Pkt 72 150 0.48 1
Pkt 77 160 0.48125 1
Node 52 41 9.21954
Pkt 144 300 0.48 1
Pkt 231 480 0.48125 1
Node 44 35 16.1555
Pkt 360 750 0.48 1
Pkt 360 750 0.48 1
Node 36 40 17.2047
Pkt 93 192 0.484375 1
Pkt 58 120 0.483333 1
Node 35 29 25.807
Pkt 154 320 0.48125 1
Pkt 144 300 0.48 1
Node 70 34 25.6125
Pkt 384 800 0.48 1
Pkt 360 750 0.48 1
Rate:961.91
==========
==========74
6 0 2 24000
Node 60 46 10.7703
Pkt 60 125 0.48 1
Pkt 72 150 0.48 1
Node 26 58 25.2982
Pkt 231 480 0.48125 1
Pkt 144 300 0.48 1
Node 57 68 19.3132
Pkt 360 750 0.48 1
Pkt 384 800 0.48 1
Node 50 34 16
Pkt 77 160 0.48125 1
Pkt 72 150 0.48 1
Node 26 29 31.8904
Pkt 154 320 0.48125 1
Pkt 144 300 0.48 1
Node 71 43 22.1359
Pkt 360 750 0.48 1
Pkt 360 750 0.48 1
Rate:960.625
==========
==========75
6 0 2 24000
Node 65 38 19.2094
Pkt 120 250 0.48 1
Pkt 58 120 0.483333 1
Node 62 27 25.9422
Pkt 154 320 0.48125 1
Pkt 192 400 0.48 1
Node 45 55 7.07107
Pkt 384 800 0.48 1
Pkt 360 750 0.48 1
Node 30 43 21.1896
Pkt 58 120 0.483333 1
Pkt 48 100 0.48 1
Node 60 49 10.0499
Pkt 231 480 0.48125 1
Pkt 144 300 0.48 1
Node 70 63 23.8537
Pkt 360 750 0.48 1
Pkt 384 800 0.48 1
Rate:961.528
==========
==========76
6 0 2 24000
Node 69 50 19
Pkt 96 200 0.48 1
Pkt 58 120 0.483333 1
Node 28 33 27.8029
Pkt 180 375 0.48 1
Pkt 180 375 0.48 1
Node 26 34 28.8444
Pkt 384 800 0.48 1
Pkt 384 800 0.48 1
Node 52 43 7.28011
Pkt 93 192 0.484375 1
Pkt 77 160 0.48125 1
Node 58 27 24.3516
Pkt 180 375 0.48 1
Pkt 144 300 0.48 1
Node 52 68 18.1108
Pkt 360 750 0.48 1
Pkt 384 800 0.48 1
Rate:961.493
==========
==========77
6 0 2 24000
Node 70 38 23.3238
Pkt 77 160 0.48125 1
Pkt 116 240 0.483333 1
Node 68 36 22.8035
Pkt 192 400 0.48 1
Pkt 231 480 0.48125 1
Node 74 56 24.7386
Pkt 384 800 0.48 1
Pkt 360 750 0.48 1
Node 73 27 32.5269
Pkt 116 240 0.483333 1
Pkt 58 120 0.483333 1
Node 70 61 22.8254
Pkt 144 300 0.48 1
Pkt 144 300 0.48 1
Node 36 57 15.6525
Pkt 384 800 0.48 1
Pkt 360 750 0.48 1
Rate:962.083
==========
==========78
6 0 2 24000
Node 56 71 21.8403
Pkt 72 150 0.48 1
Pkt 72 150 0.48 1
Node 40 28 24.1661
Pkt 180 375 0.48 1
Pkt 231 480 0.48125 1
Node 32 53 18.2483
Pkt 360 750 0.48 1
Pkt 360 750 0.48 1
Node 33 50 17
Pkt 60 125 0.48 1
Pkt 93 192 0.484375 1
Node 54 67 17.4642
Pkt 144 300 0.48 1
Pkt 154 320 0.48125 1
Node 64 73 26.9258
Pkt 360 750 0.48 1
Pkt 360 750 0.48 1
Rate:961.146
==========
==========79
6 0 2 24000
Node 69 53 19.2354
Pkt 93 192 0.484375 1
Pkt 48 100 0.48 1
Node 53 44 6.7082
Pkt 144 300 0.48 1
Pkt 144 300 0.48 1
Node 28 25 33.3017
Pkt 360 750 0.48 1
Pkt 384 800 0.48 1
Node 74 67 29.4109
Pkt 77 160 0.48125 1
Pkt 58 120 0.483333 1
Node 63 46 13.6015
Pkt 144 300 0.48 1
Pkt 144 300 0.48 1
Node 32 51 18.0278
Pkt 384 800 0.48 1
Pkt 360 750 0.48 1
Rate:961.493
==========
==========80
6 0 2 24000
Node 42 45 9.43398
Pkt 96 200 0.48 1
Pkt 77 160 0.48125 1
Node 53 33 17.2627
Pkt 231 480 0.48125 1
Pkt 180 375 0.48 1
Node 31 62 22.4722
Pkt 360 750 0.48 1
Pkt 384 800 0.48 1
Node 44 41 10.8167
Pkt 93 192 0.484375 1
Pkt 72 150 0.48 1
Node 65 48 15.1327
Pkt 192 400 0.48 1
Pkt 180 375 0.48 1
Node 56 72 22.8035
Pkt 384 800 0.48 1
Pkt 384 800 0.48 1
Rate:961.146
==========
==========81
6 0 2 24000
Node 73 29 31.1448
Pkt 116 240 0.483333 1
Pkt 72 150 0.48 1
Node 43 43 9.89949
Pkt 192 400 0.48 1
Pkt 192 400 0.48 1
Node 47 29 21.2132
Pkt 384 800 0.48 1
Pkt 384 800 0.48 1
Node 42 29 22.4722
Pkt 72 150 0.48 1
Pkt 60 125 0.48 1
Node 29 26 31.8904
Pkt 154 320 0.48125 1
Pkt 192 400 0.48 1
Node 26 35 28.3019
Pkt 360 750 0.48 1
Pkt 384 800 0.48 1
Rate:960.764
==========
==========82
6 0 2 24000
Node 35 62 19.2094
Pkt 48 100 0.48 1
Pkt 120 250 0.48 1
Node 40 45 11.1803
Pkt 180 375 0.48 1
Pkt 192 400 0.48 1
Node 70 37 23.8537
Pkt 384 800 0.48 1
Pkt 384 800 0.48 1
Node 43 29 22.1359
Pkt 77 160 0.48125 1
Pkt 77 160 0.48125 1
Node 45 65 15.8114
Pkt 192 400 0.48 1
Pkt 180 375 0.48 1
Node 70 48 20.0998
Pkt 360 750 0.48 1
Pkt 384 800 0.48 1
Rate:960.417
==========
==========83
6 0 2 24000
Node 31 44 19.9249
Pkt 60 125 0.48 1
Pkt 116 240 0.483333 1
Node 54 67 17.4642
Pkt 144 300 0.48 1
Pkt 192 400 0.48 1
Node 46 38 12.6491
Pkt 384 800 0.48 1
Pkt 384 800 0.48 1
Node 51 71 21.0238
Pkt 96 200 0.48 1
Pkt 96 200 0.48 1
Node 25 38 27.7308
Pkt 192 400 0.48 1
Pkt 231 480 0.48125 1
Node 46 67 17.4642
Pkt 360 750 0.48 1
Pkt 384 800 0.48 1
Rate:960.764
==========
==========84
6 0 2 24000
Node 49 36 14.0357
Pkt 120 250 0.48 1
Pkt 120 250 0.48 1
Node 46 71 21.3776
Pkt 231 480 0.48125 1
Pkt 144 300 0.48 1
Node 26 54 24.3311
Pkt 384 800 0.48 1
Pkt 360 750 0.48 1
Node 36 55 14.8661
Pkt 96 200 0.48 1
Pkt 72 150 0.48 1
Node 57 43 9.89949
Pkt 180 375 0.48 1
Pkt 154 320 0.48125 1
Node 64 37 19.105
Pkt 360 750 0.48 1
Pkt 384 800 0.48 1
Rate:960.417
==========
==========85
6 0 2 24000
Node 45 25 25.4951
Pkt 60 125 0.48 1
Pkt 72 150 0.48 1
Node 71 48 21.095
Pkt 154 320 0.48125 1
Pkt 180 375 0.48 1
Node 60 42 12.8062
Pkt 384 800 0.48 1
Pkt 384 800 0.48 1
Node 63 32 22.2036
Pkt 116 240 0.483333 1
Pkt 72 150 0.48 1
Node 66 65 21.9317
Pkt 144 300 0.48 1
Pkt 231 480 0.48125 1
Node 39 55 12.083
Pkt 384 800 0.48 1
Pkt 360 750 0.48 1
Rate:960.972
==========
==========86
6 0 2 24000
Node 51 40 10.0499
Pkt 60 125 0.48 1
Pkt 72 150 0.48 1
Node 52 36 14.1421
Pkt 154 320 0.48125 1
Pkt 154 320 0.48125 1
Node 39 52 11.1803
Pkt 360 750 0.48 1
Pkt 384 800 0.48 1
Node 65 58 17
Pkt 77 160 0.48125 1
Pkt 116 240 0.483333 1
Node 52 66 16.1245
Pkt 180 375 0.48 1
Pkt 144 300 0.48 1
Node 37 31 23.0217
Pkt 360 750 0.48 1
Pkt 384 800 0.48 1
Rate:961.181
==========
==========87
6 0 2 24000
Node 48 50 2
Pkt 120 250 0.48 1
Pkt 77 160 0.48125 1
Node 29 27 31.1448
Pkt 180 375 0.48 1
Pkt 180 375 0.48 1
Node 29 48 21.095
Pkt 384 800 0.48 1
Pkt 384 800 0.48 1
Node 65 26 28.3019
Pkt 77 160 0.48125 1
Pkt 96 200 0.48 1
Node 34 47 16.2788
Pkt 192 400 0.48 1
Pkt 231 480 0.48125 1
Node 67 34 23.3452
Pkt 384 800 0.48 1
Pkt 360 750 0.48 1
Rate:960.625
==========
==========88
6 0 2 24000
Node 55 51 5.09902
Pkt 72 150 0.48 1
Pkt 77 160 0.48125 1
Node 47 49 3.16228
Pkt 192 400 0.48 1
Pkt 231 480 0.48125 1
Node 33 62 20.8087
Pkt 384 800 0.48 1
Pkt 384 800 0.48 1
Node 41 47 9.48683
Pkt 58 120 0.483333 1
Pkt 48 100 0.48 1
Node 66 32 24.0832
Pkt 231 480 0.48125 1
Pkt 144 300 0.48 1
Node 74 32 30
Pkt 384 800 0.48 1
Pkt 360 750 0.48 1
Rate:961.181
==========
==========89
6 0 2 24000
Node 61 68 21.095
Pkt 120 250 0.48 1
Pkt 77 160 0.48125 1
Node 54 47 5
Pkt 180 375 0.48 1
Pkt 192 400 0.48 1
Node 36 72 26.0768
Pkt 360 750 0.48 1
Pkt 384 800 0.48 1
Node 29 46 21.3776
Pkt 60 125 0.48 1
Pkt 60 125 0.48 1
Node 73 71 31.1448
Pkt 154 320 0.48125 1
Pkt 154 320 0.48125 1
Node 70 73 30.4795
Pkt 384 800 0.48 1
Pkt 360 750 0.48 1
Rate:960.625
==========
==========90
6 0 2 24000
Node 46 45 6.40312
Pkt 58 120 0.483333 1
Pkt 72 150 0.48 1
Node 39 37 17.0294
Pkt 231 480 0.48125 1
Pkt 180 375 0.48 1
Node 57 73 24.0416
Pkt 360 750 0.48 1
Pkt 384 800 0.48 1
Node 48 34 16.1245
Pkt 93 192 0.484375 1
Pkt 116 240 0.483333 1
Node 47 56 6.7082
Pkt 154 320 0.48125 1
Pkt 154 320 0.48125 1
Node 31 72 29.0689
Pkt 384 800 0.48 1
Pkt 384 800 0.48 1
Rate:962.465
==========
==========91
6 0 2 24000
Node 34 27 28.0179
Pkt 96 200 0.48 1
Pkt 116 240 0.483333 1
Node 30 35 25
Pkt 180 375 0.48 1
Pkt 180 375 0.48 1
Node 51 60 10.0499
Pkt 360 750 0.48 1
Pkt 360 750 0.48 1
Node 40 27 25.0799
Pkt 60 125 0.48 1
Pkt 77 160 0.48125 1
Node 25 74 34.6554
Pkt 192 400 0.48 1
Pkt 144 300 0.48 1
Node 38 50 12
Pkt 384 800 0.48 1
Pkt 360 750 0.48 1
Rate:960.764
==========
==========92
6 0 2 24000
Node 39 31 21.9545
Pkt 120 250 0.48 1
Pkt 96 200 0.48 1
Node 32 60 20.5913
Pkt 154 320 0.48125 1
Pkt 144 300 0.48 1
Node 41 41 12.7279
Pkt 384 800 0.48 1
Pkt 360 750 0.48 1
Node 34 69 24.8395
Pkt 48 100 0.48 1
Pkt 77 160 0.48125 1
Node 27 31 29.8329
Pkt 144 300 0.48 1
Pkt 231 480 0.48125 1
Node 70 39 22.8254
Pkt 360 750 0.48 1
Pkt 384 800 0.48 1
Rate:960.625
==========
==========93
6 0 2 24000
Node 42 63 15.2643
Pkt 72 150 0.48 1
Pkt 77 160 0.48125 1
Node 48 40 10.198
Pkt 231 480 0.48125 1
Pkt 192 400 0.48 1
Node 34 62 20
Pkt 384 800 0.48 1
Pkt 360 750 0.48 1
Node 33 55 17.72
Pkt 93 192 0.484375 1
Pkt 116 240 0.483333 1
Node 72 64 26.0768
Pkt 180 375 0.48 1
Pkt 180 375 0.48 1
Node 31 74 30.6105
Pkt 384 800 0.48 1
Pkt 384 800 0.48 1
Rate:961.701
==========
==========94
6 0 2 24000
Node 35 39 18.6011
Pkt 93 192 0.484375 1
Pkt 116 240 0.483333 1
Node 61 47 11.4018
Pkt 144 300 0.48 1
Pkt 180 375 0.48 1
Node 43 71 22.1359
Pkt 384 800 0.48 1
Pkt 384 800 0.48 1
Node 51 59 9.05539
Pkt 120 250 0.48 1
Pkt 72 150 0.48 1
Node 59 35 17.4929
Pkt 192 400 0.48 1
Pkt 144 300 0.48 1
Node 48 38 12.1655
Pkt 384 800 0.48 1
Pkt 360 750 0.48 1
Rate:961.285
==========
==========95
6 0 2 24000
Node 57 35 16.5529
Pkt 48 100 0.48 1
Pkt 60 125 0.48 1
Node 58 44 10
Pkt 154 320 0.48125 1
Pkt 192 400 0.48 1
Node 63 59 15.8114
Pkt 360 750 0.48 1
Pkt 384 800 0.48 1
Node 58 29 22.4722
Pkt 72 150 0.48 1
Pkt 96 200 0.48 1
Node 25 28 33.3017
Pkt 192 400 0.48 1
Pkt 144 300 0.48 1
Node 63 28 25.5539
Pkt 360 750 0.48 1
Pkt 360 750 0.48 1
Rate:960.208
==========
==========96
6 0 2 24000
Node 30 28 29.7321
Pkt 72 150 0.48 1
Pkt 96 200 0.48 1
Node 67 25 30.2324
Pkt 192 400 0.48 1
Pkt 144 300 0.48 1
Node 62 45 13
Pkt 360 750 0.48 1
Pkt 384 800 0.48 1
Node 66 31 24.8395
Pkt 116 240 0.483333 1
Pkt 96 200 0.48 1
Node 64 36 19.799
Pkt 154 320 0.48125 1
Pkt 154 320 0.48125 1
Node 26 34 28.8444
Pkt 360 750 0.48 1
Pkt 384 800 0.48 1
Rate:960.972
==========
==========97
6 0 2 24000
Node 56 39 12.53
Pkt 77 160 0.48125 1
Pkt 72 150 0.48 1
Node 37 51 13.0384
Pkt 180 375 0.48 1
Pkt 192 400 0.48 1
Node 38 56 13.4164
Pkt 360 750 0.48 1
Pkt 360 750 0.48 1
Node 56 58 10
Pkt 60 125 0.48 1
Pkt 116 240 0.483333 1
Node 37 32 22.2036
Pkt 154 320 0.48125 1
Pkt 180 375 0.48 1
Node 55 47 5.83095
Pkt 360 750 0.48 1
Pkt 360 750 0.48 1
Rate:960.972
==========
==========98
6 0 2 24000
Node 73 60 25.0799
Pkt 58 120 0.483333 1
Pkt 93 192 0.484375 1
Node 51 33 17.0294
Pkt 180 375 0.48 1
Pkt 231 480 0.48125 1
Node 27 42 24.3516
Pkt 384 800 0.48 1
Pkt 384 800 0.48 1
Node 64 73 26.9258
Pkt 77 160 0.48125 1
Pkt 58 120 0.483333 1
Node 58 74 25.2982
Pkt 231 480 0.48125 1
Pkt 192 400 0.48 1
Node 71 39 23.7065
Pkt 360 750 0.48 1
Pkt 360 750 0.48 1
Rate:962.465
==========
==========99
