6 0 2 24000
Node 26 37 27.2947
Pkt 50 250 0.2 1
Pkt 24 120 0.2 1
Node 67 73 28.6007
Pkt 75 375 0.2 1
Pkt 96 480 0.2 1
Node 35 36 20.5183
Pkt 160 800 0.2 1
Pkt 160 800 0.2 1
Node 74 69 30.6105
Pkt 48 240 0.2 1
Pkt 24 120 0.2 1
Node 64 60 17.2047
Pkt 80 400 0.2 1
Pkt 60 300 0.2 1
Node 55 63 13.9284
Pkt 160 800 0.2 1
Pkt 160 800 0.2 1
Rate:400
==========
==========0
6 0 2 24000
Node 71 49 21.0238
Pkt 39 192 0.203125 1
Pkt 50 250 0.2 1
Node 64 71 25.2389
Pkt 75 375 0.2 1
Pkt 75 375 0.2 1
Node 45 25 25.4951
Pkt 150 750 0.2 1
Pkt 160 800 0.2 1
Node 54 25 25.318
Pkt 39 192 0.203125 1
Pkt 48 240 0.2 1
Node 66 55 16.7631
Pkt 80 400 0.2 1
Pkt 80 400 0.2 1
Node 48 60 10.198
Pkt 160 800 0.2 1
Pkt 160 800 0.2 1
Rate:401.042
==========
==========1
6 0 2 24000
Node 54 25 25.318
Pkt 25 125 0.2 1
Pkt 20 100 0.2 1
Node 59 30 21.9317
Pkt 96 480 0.2 1
Pkt 75 375 0.2 1
Node 33 32 24.7588
Pkt 160 800 0.2 1
Pkt 160 800 0.2 1
Node 63 57 14.7648
Pkt 40 200 0.2 1
Pkt 30 150 0.2 1
Node 48 53 3.60555
Pkt 60 300 0.2 1
Pkt 60 300 0.2 1
Node 59 51 9.05539
Pkt 160 800 0.2 1
Pkt 150 750 0.2 1
Rate:400
==========
==========2
6 0 2 24000
Node 49 54 4.12311
Pkt 32 160 0.2 1
Pkt 39 192 0.203125 1
Node 60 28 24.1661
Pkt 60 300 0.2 1
Pkt 80 400 0.2 1
Node 26 39 26.4008
Pkt 160 800 0.2 1
Pkt 160 800 0.2 1
Node 56 57 9.21954
Pkt 48 240 0.2 1
Pkt 24 120 0.2 1
Node 61 70 22.8254
Pkt 75 375 0.2 1
Pkt 80 400 0.2 1
Node 40 73 25.0799
Pkt 160 800 0.2 1
Pkt 150 750 0.2 1
Rate:400.521
==========
==========3
6 0 2 24000
Node 71 50 21
Pkt 24 120 0.2 1
Pkt 20 100 0.2 1
Node 38 27 25.9422
Pkt 75 375 0.2 1
Pkt 96 480 0.2 1
Node 56 73 23.7697
Pkt 150 750 0.2 1
Pkt 150 750 0.2 1
Node 48 55 5.38516
Pkt 30 150 0.2 1
Pkt 40 200 0.2 1
Node 72 42 23.4094
Pkt 64 320 0.2 1
Pkt 96 480 0.2 1
Node 41 49 9.05539
Pkt 150 750 0.2 1
Pkt 160 800 0.2 1
Rate:400
==========
==========4
6 0 2 24000
Node 71 63 24.6982
Pkt 40 200 0.2 1
Pkt 20 100 0.2 1
Node 63 67 21.4009
Pkt 96 480 0.2 1
Pkt 75 375 0.2 1
Node 25 34 29.6816
Pkt 150 750 0.2 1
Pkt 150 750 0.2 1
Node 43 57 9.89949
Pkt 24 120 0.2 1
Pkt 32 160 0.2 1
Node 59 69 21.0238
Pkt 75 375 0.2 1
Pkt 75 375 0.2 1
Node 31 41 21.0238
Pkt 150 750 0.2 1
Pkt 160 800 0.2 1
Rate:400
==========
==========5
6 0 2 24000
Node 30 52 20.0998
Pkt 48 240 0.2 1
Pkt 24 120 0.2 1
Node 62 72 25.0599
Pkt 60 300 0.2 1
Pkt 75 375 0.2 1
Node 59 66 18.3576
Pkt 160 800 0.2 1
Pkt 160 800 0.2 1
Node 50 51 1
Pkt 25 125 0.2 1
Pkt 30 150 0.2 1
Node 45 61 12.083
Pkt 60 300 0.2 1
Pkt 80 400 0.2 1
Node 36 71 25.2389
Pkt 160 800 0.2 1
Pkt 150 750 0.2 1
Rate:400
==========
==========6
6 0 2 24000
Node 49 73 23.0217
Pkt 48 240 0.2 1
Pkt 39 192 0.203125 1
Node 26 74 33.9411
Pkt 64 320 0.2 1
Pkt 64 320 0.2 1
Node 56 59 10.8167
Pkt 160 800 0.2 1
Pkt 160 800 0.2 1
Node 55 51 5.09902
Pkt 25 125 0.2 1
Pkt 40 200 0.2 1
Node 63 36 19.105
Pkt 80 400 0.2 1
Pkt 75 375 0.2 1
Node 61 40 14.8661
Pkt 150 750 0.2 1
Pkt 160 800 0.2 1
Rate:400.521
==========
==========7
6 0 2 24000
Node 46 65 15.5242
Pkt 30 150 0.2 1
Pkt 30 150 0.2 1
Node 50 30 20
Pkt 60 300 0.2 1
Pkt 64 320 0.2 1
Node 62 38 16.9706
Pkt 160 800 0.2 1
Pkt 160 800 0.2 1
Node 25 52 25.0799
Pkt 40 200 0.2 1
Pkt 30 150 0.2 1
Node 46 37 13.6015
Pkt 80 400 0.2 1
Pkt 80 400 0.2 1
Node 71 65 25.807
Pkt 150 750 0.2 1
Pkt 150 750 0.2 1
Rate:400
==========
==========8
6 0 2 24000
Node 27 68 29.2062
Pkt 32 160 0.2 1
Pkt 25 125 0.2 1
Node 61 37 17.0294
Pkt 75 375 0.2 1
Pkt 80 400 0.2 1
Node 68 39 21.095
Pkt 150 750 0.2 1
Pkt 160 800 0.2 1
Node 69 35 24.2074
Pkt 39 192 0.203125 1
Pkt 39 192 0.203125 1
Node 66 32 24.0832
Pkt 60 300 0.2 1
Pkt 60 300 0.2 1
Node 67 71 27.0185
Pkt 150 750 0.2 1
Pkt 150 750 0.2 1
Rate:401.042
==========
==========9
6 0 2 24000
Node 47 27 23.1948
Pkt 24 120 0.2 1
Pkt 32 160 0.2 1
Node 26 54 24.3311
Pkt 75 375 0.2 1
Pkt 96 480 0.2 1
Node 45 42 9.43398
Pkt 160 800 0.2 1
Pkt 160 800 0.2 1
Node 59 54 9.84886
Pkt 32 160 0.2 1
Pkt 32 160 0.2 1
Node 72 46 22.3607
Pkt 64 320 0.2 1
Pkt 75 375 0.2 1
Node 33 52 17.1172
Pkt 150 750 0.2 1
Pkt 150 750 0.2 1
Rate:400
==========
==========10
6 0 2 24000
Node 71 69 28.3196
Pkt 40 200 0.2 1
Pkt 30 150 0.2 1
Node 35 42 17
Pkt 75 375 0.2 1
Pkt 80 400 0.2 1
Node 60 52 10.198
Pkt 150 750 0.2 1
Pkt 150 750 0.2 1
Node 35 66 21.9317
Pkt 39 192 0.203125 1
Pkt 24 120 0.2 1
Node 39 25 27.313
Pkt 80 400 0.2 1
Pkt 60 300 0.2 1
Node 66 56 17.088
Pkt 150 750 0.2 1
Pkt 160 800 0.2 1
Rate:400.521
==========
==========11
6 0 2 24000
Node 47 37 13.3417
Pkt 40 200 0.2 1
Pkt 24 120 0.2 1
Node 26 61 26.4008
Pkt 75 375 0.2 1
Pkt 80 400 0.2 1
Node 27 29 31.1448
Pkt 160 800 0.2 1
Pkt 160 800 0.2 1
Node 58 31 20.6155
Pkt 25 125 0.2 1
Pkt 24 120 0.2 1
Node 57 26 25
Pkt 75 375 0.2 1
Pkt 64 320 0.2 1
Node 68 45 18.6815
Pkt 160 800 0.2 1
Pkt 160 800 0.2 1
Rate:400
==========
==========12
6 0 2 24000
Node 68 53 18.2483
Pkt 39 192 0.203125 1
Pkt 48 240 0.2 1
Node 63 57 14.7648
Pkt 75 375 0.2 1
Pkt 60 300 0.2 1
Node 49 43 7.07107
Pkt 150 750 0.2 1
Pkt 150 750 0.2 1
Node 54 74 24.3311
Pkt 25 125 0.2 1
Pkt 32 160 0.2 1
Node 55 29 21.587
Pkt 64 320 0.2 1
Pkt 75 375 0.2 1
Node 56 42 10
Pkt 160 800 0.2 1
Pkt 160 800 0.2 1
Rate:400.521
==========
==========13
6 0 2 24000
Node 52 54 4.47214
Pkt 32 160 0.2 1
Pkt 32 160 0.2 1
Node 45 74 24.5153
Pkt 80 400 0.2 1
Pkt 80 400 0.2 1
Node 61 44 12.53
Pkt 160 800 0.2 1
Pkt 150 750 0.2 1
Node 36 59 16.6433
Pkt 39 192 0.203125 1
Pkt 30 150 0.2 1
Node 64 68 22.8035
Pkt 64 320 0.2 1
Pkt 60 300 0.2 1
Node 29 42 22.4722
Pkt 150 750 0.2 1
Pkt 160 800 0.2 1
Rate:400.521
==========
==========14
6 0 2 24000
Node 67 53 17.2627
Pkt 50 250 0.2 1
Pkt 20 100 0.2 1
Node 30 64 24.4131
Pkt 64 320 0.2 1
Pkt 64 320 0.2 1
Node 39 55 12.083
Pkt 150 750 0.2 1
Pkt 150 750 0.2 1
Node 44 25 25.7099
Pkt 32 160 0.2 1
Pkt 48 240 0.2 1
Node 33 32 24.7588
Pkt 96 480 0.2 1
Pkt 64 320 0.2 1
Node 41 26 25.632
Pkt 150 750 0.2 1
Pkt 150 750 0.2 1
Rate:400
==========
==========15
6 0 2 24000
Node 59 71 22.8473
Pkt 30 150 0.2 1
Pkt 50 250 0.2 1
Node 63 71 24.6982
Pkt 96 480 0.2 1
Pkt 96 480 0.2 1
Node 45 45 7.07107
Pkt 150 750 0.2 1
Pkt 150 750 0.2 1
Node 55 38 13
Pkt 39 192 0.203125 1
Pkt 40 200 0.2 1
Node 70 71 29
Pkt 96 480 0.2 1
Pkt 80 400 0.2 1
Node 36 59 16.6433
Pkt 160 800 0.2 1
Pkt 150 750 0.2 1
Rate:400.521
==========
==========16
6 0 2 24000
Node 25 44 25.7099
Pkt 25 125 0.2 1
Pkt 24 120 0.2 1
Node 59 40 13.4536
Pkt 64 320 0.2 1
Pkt 64 320 0.2 1
Node 45 50 5
Pkt 150 750 0.2 1
Pkt 160 800 0.2 1
Node 64 59 16.6433
Pkt 24 120 0.2 1
Pkt 20 100 0.2 1
Node 60 67 19.7231
Pkt 64 320 0.2 1
Pkt 96 480 0.2 1
Node 38 56 13.4164
Pkt 150 750 0.2 1
Pkt 150 750 0.2 1
Rate:400
==========
==========17
6 0 2 24000
Node 30 45 20.6155
Pkt 20 100 0.2 1
Pkt 40 200 0.2 1
Node 39 69 21.9545
Pkt 64 320 0.2 1
Pkt 60 300 0.2 1
Node 27 73 32.5269
Pkt 150 750 0.2 1
Pkt 150 750 0.2 1
Node 26 25 34.6554
Pkt 20 100 0.2 1
Pkt 20 100 0.2 1
Node 33 55 17.72
Pkt 96 480 0.2 1
Pkt 75 375 0.2 1
Node 64 71 25.2389
Pkt 150 750 0.2 1
Pkt 160 800 0.2 1
Rate:400
==========
==========18
6 0 2 24000
Node 45 67 17.72
Pkt 50 250 0.2 1
Pkt 40 200 0.2 1
Node 66 54 16.4924
Pkt 64 320 0.2 1
Pkt 64 320 0.2 1
Node 28 28 31.1127
Pkt 150 750 0.2 1
Pkt 150 750 0.2 1
Node 73 66 28.0179
Pkt 24 120 0.2 1
Pkt 40 200 0.2 1
Node 40 33 19.7231
Pkt 96 480 0.2 1
Pkt 64 320 0.2 1
Node 56 50 6
Pkt 160 800 0.2 1
Pkt 160 800 0.2 1
Rate:400
==========
==========19
6 0 2 24000
Node 63 63 18.3848
Pkt 39 192 0.203125 1
Pkt 39 192 0.203125 1
Node 64 64 19.799
Pkt 80 400 0.2 1
Pkt 60 300 0.2 1
Node 49 39 11.0454
Pkt 160 800 0.2 1
Pkt 160 800 0.2 1
Node 26 69 30.6105
Pkt 48 240 0.2 1
Pkt 20 100 0.2 1
Node 49 49 1.41421
Pkt 64 320 0.2 1
Pkt 64 320 0.2 1
Node 46 49 4.12311
Pkt 160 800 0.2 1
Pkt 150 750 0.2 1
Rate:401.042
==========
==========20
6 0 2 24000
Node 58 71 22.4722
Pkt 48 240 0.2 1
Pkt 30 150 0.2 1
Node 55 33 17.72
Pkt 80 400 0.2 1
Pkt 96 480 0.2 1
Node 64 55 14.8661
Pkt 160 800 0.2 1
Pkt 160 800 0.2 1
Node 47 28 22.2036
Pkt 39 192 0.203125 1
Pkt 50 250 0.2 1
Node 66 43 17.4642
Pkt 60 300 0.2 1
Pkt 60 300 0.2 1
Node 26 43 25
Pkt 160 800 0.2 1
Pkt 160 800 0.2 1
Rate:400.521
==========
==========21
6 0 2 24000
Node 28 72 31.1127
Pkt 24 120 0.2 1
Pkt 25 125 0.2 1
Node 30 35 25
Pkt 60 300 0.2 1
Pkt 64 320 0.2 1
Node 72 43 23.0868
Pkt 150 750 0.2 1
Pkt 160 800 0.2 1
Node 25 66 29.6816
Pkt 24 120 0.2 1
Pkt 39 192 0.203125 1
Node 27 74 33.2415
Pkt 80 400 0.2 1
Pkt 96 480 0.2 1
Node 64 60 17.2047
Pkt 150 750 0.2 1
Pkt 160 800 0.2 1
Rate:400.521
==========
==========22
6 0 2 24000
Node 62 36 18.4391
Pkt 50 250 0.2 1
Pkt 30 150 0.2 1
Node 62 54 12.6491
Pkt 80 400 0.2 1
Pkt 75 375 0.2 1
Node 36 36 19.799
Pkt 160 800 0.2 1
Pkt 160 800 0.2 1
Node 29 35 25.807
Pkt 25 125 0.2 1
Pkt 48 240 0.2 1
Node 62 52 12.1655
Pkt 64 320 0.2 1
Pkt 64 320 0.2 1
Node 25 54 25.318
Pkt 160 800 0.2 1
Pkt 150 750 0.2 1
Rate:400
==========
==========23
6 0 2 24000
Node 63 46 13.6015
Pkt 48 240 0.2 1
Pkt 25 125 0.2 1
Node 61 47 11.4018
Pkt 60 300 0.2 1
Pkt 80 400 0.2 1
Node 46 67 17.4642
Pkt 160 800 0.2 1
Pkt 150 750 0.2 1
Node 37 30 23.8537
Pkt 39 192 0.203125 1
Pkt 24 120 0.2 1
Node 35 74 28.3019
Pkt 64 320 0.2 1
Pkt 96 480 0.2 1
Node 42 61 13.6015
Pkt 160 800 0.2 1
Pkt 160 800 0.2 1
Rate:400.521
==========
==========24
6 0 2 24000
Node 37 58 15.2643
Pkt 25 125 0.2 1
Pkt 24 120 0.2 1
Node 61 35 18.6011
Pkt 64 320 0.2 1
Pkt 64 320 0.2 1
Node 48 48 2.82843
Pkt 160 800 0.2 1
Pkt 150 750 0.2 1
Node 30 34 25.6125
Pkt 25 125 0.2 1
Pkt 40 200 0.2 1
Node 43 66 17.4642
Pkt 64 320 0.2 1
Pkt 96 480 0.2 1
Node 73 52 23.0868
Pkt 160 800 0.2 1
Pkt 150 750 0.2 1
Rate:400
==========
==========25
6 0 2 24000
Node 66 62 20
Pkt 20 100 0.2 1
Pkt 24 120 0.2 1
Node 36 45 14.8661
Pkt 75 375 0.2 1
Pkt 75 375 0.2 1
Node 53 74 24.1868
Pkt 150 750 0.2 1
Pkt 150 750 0.2 1
Node 42 60 12.8062
Pkt 50 250 0.2 1
Pkt 32 160 0.2 1
Node 47 44 6.7082
Pkt 80 400 0.2 1
Pkt 60 300 0.2 1
Node 51 55 5.09902
Pkt 160 800 0.2 1
Pkt 150 750 0.2 1
Rate:400
==========
==========26
6 0 2 24000
Node 65 66 21.9317
Pkt 32 160 0.2 1
Pkt 24 120 0.2 1
Node 44 58 10
Pkt 75 375 0.2 1
Pkt 96 480 0.2 1
Node 38 47 12.3693
Pkt 160 800 0.2 1
Pkt 150 750 0.2 1
Node 64 32 22.8035
Pkt 40 200 0.2 1
Pkt 25 125 0.2 1
Node 58 74 25.2982
Pkt 64 320 0.2 1
Pkt 60 300 0.2 1
Node 33 55 17.72
Pkt 150 750 0.2 1
Pkt 150 750 0.2 1
Rate:400
==========
==========27
6 0 2 24000
Node 73 46 23.3452
Pkt 39 192 0.203125 1
Pkt 20 100 0.2 1
Node 72 46 22.3607
Pkt 96 480 0.2 1
Pkt 96 480 0.2 1
Node 40 31 21.4709
Pkt 150 750 0.2 1
Pkt 160 800 0.2 1
Node 49 29 21.0238
Pkt 32 160 0.2 1
Pkt 20 100 0.2 1
Node 56 46 7.2111
Pkt 75 375 0.2 1
Pkt 96 480 0.2 1
Node 35 62 19.2094
Pkt 160 800 0.2 1
Pkt 150 750 0.2 1
Rate:400.521
==========
==========28
6 0 2 24000
Node 49 39 11.0454
Pkt 25 125 0.2 1
Pkt 40 200 0.2 1
Node 69 50 19
Pkt 80 400 0.2 1
Pkt 60 300 0.2 1
Node 52 25 25.0799
Pkt 160 800 0.2 1
Pkt 150 750 0.2 1
Node 57 67 18.3848
Pkt 30 150 0.2 1
Pkt 32 160 0.2 1
Node 59 31 21.0238
Pkt 96 480 0.2 1
Pkt 60 300 0.2 1
Node 60 30 22.3607
Pkt 160 800 0.2 1
Pkt 160 800 0.2 1
Rate:400
==========
==========29
6 0 2 24000
Node 73 58 24.3516
Pkt 40 200 0.2 1
Pkt 32 160 0.2 1
Node 41 65 17.4929
Pkt 96 480 0.2 1
Pkt 60 300 0.2 1
Node 50 56 6
Pkt 150 750 0.2 1
Pkt 160 800 0.2 1
Node 52 39 11.1803
Pkt 48 240 0.2 1
Pkt 48 240 0.2 1
Node 28 42 23.4094
Pkt 64 320 0.2 1
Pkt 64 320 0.2 1
Node 43 49 7.07107
Pkt 150 750 0.2 1
Pkt 160 800 0.2 1
Rate:400
==========
==========30
6 0 2 24000
Node 38 25 27.7308
Pkt 25 125 0.2 1
Pkt 50 250 0.2 1
Node 45 60 11.1803
Pkt 75 375 0.2 1
Pkt 64 320 0.2 1
Node 74 25 34.6554
Pkt 150 750 0.2 1
Pkt 160 800 0.2 1
Node 69 54 19.4165
Pkt 40 200 0.2 1
Pkt 50 250 0.2 1
Node 34 43 17.4642
Pkt 75 375 0.2 1
Pkt 64 320 0.2 1
Node 66 28 27.2029
Pkt 150 750 0.2 1
Pkt 160 800 0.2 1
Rate:400
==========
==========31
6 0 2 24000
Node 52 61 11.1803
Pkt 39 192 0.203125 1
Pkt 39 192 0.203125 1
Node 33 63 21.4009
Pkt 75 375 0.2 1
Pkt 96 480 0.2 1
Node 56 29 21.8403
Pkt 160 800 0.2 1
Pkt 160 800 0.2 1
Node 60 41 13.4536
Pkt 30 150 0.2 1
Pkt 48 240 0.2 1
Node 62 62 16.9706
Pkt 60 300 0.2 1
Pkt 96 480 0.2 1
Node 71 65 25.807
Pkt 150 750 0.2 1
Pkt 160 800 0.2 1
Rate:401.042
==========
==========32
6 0 2 24000
Node 63 28 25.5539
Pkt 25 125 0.2 1
Pkt 25 125 0.2 1
Node 39 70 22.8254
Pkt 96 480 0.2 1
Pkt 60 300 0.2 1
Node 33 47 17.2627
Pkt 150 750 0.2 1
Pkt 160 800 0.2 1
Node 31 28 29.0689
Pkt 50 250 0.2 1
Pkt 32 160 0.2 1
Node 26 29 31.8904
Pkt 64 320 0.2 1
Pkt 96 480 0.2 1
Node 25 68 30.8058
Pkt 150 750 0.2 1
Pkt 150 750 0.2 1
Rate:400
==========
==========33
6 0 2 24000
Node 70 46 20.3961
Pkt 39 192 0.203125 1
Pkt 20 100 0.2 1
Node 70 36 24.4131
Pkt 80 400 0.2 1
Pkt 75 375 0.2 1
Node 73 44 23.7697
Pkt 150 750 0.2 1
Pkt 150 750 0.2 1
Node 45 58 9.43398
Pkt 48 240 0.2 1
Pkt 50 250 0.2 1
Node 43 38 13.8924
Pkt 60 300 0.2 1
Pkt 80 400 0.2 1
Node 56 43 9.21954
Pkt 160 800 0.2 1
Pkt 160 800 0.2 1
Rate:400.521
==========
==========34
6 0 2 24000
Node 63 26 27.2947
Pkt 24 120 0.2 1
Pkt 50 250 0.2 1
Node 32 47 18.2483
Pkt 64 320 0.2 1
Pkt 60 300 0.2 1
Node 27 70 30.4795
Pkt 160 800 0.2 1
Pkt 160 800 0.2 1
Node 30 59 21.9317
Pkt 32 160 0.2 1
Pkt 20 100 0.2 1
Node 33 68 24.7588
Pkt 96 480 0.2 1
Pkt 64 320 0.2 1
Node 39 43 13.0384
Pkt 150 750 0.2 1
Pkt 150 750 0.2 1
Rate:400
==========
==========35
6 0 2 24000
Node 36 71 25.2389
Pkt 32 160 0.2 1
Pkt 39 192 0.203125 1
Node 26 52 24.0832
Pkt 80 400 0.2 1
Pkt 80 400 0.2 1
Node 47 49 3.16228
Pkt 150 750 0.2 1
Pkt 150 750 0.2 1
Node 64 64 19.799
Pkt 30 150 0.2 1
Pkt 32 160 0.2 1
Node 45 57 8.60233
Pkt 80 400 0.2 1
Pkt 64 320 0.2 1
Node 25 36 28.6531
Pkt 150 750 0.2 1
Pkt 150 750 0.2 1
Rate:400.521
==========
==========36
6 0 2 24000
Node 62 52 12.1655
Pkt 30 150 0.2 1
Pkt 24 120 0.2 1
Node 69 25 31.4006
Pkt 60 300 0.2 1
Pkt 96 480 0.2 1
Node 49 32 18.0278
Pkt 150 750 0.2 1
Pkt 150 750 0.2 1
Node 58 44 10
Pkt 20 100 0.2 1
Pkt 20 100 0.2 1
Node 44 36 15.2315
Pkt 64 320 0.2 1
Pkt 60 300 0.2 1
Node 46 63 13.6015
Pkt 150 750 0.2 1
Pkt 160 800 0.2 1
Rate:400
==========
==========37
6 0 2 24000
Node 33 28 27.8029
Pkt 50 250 0.2 1
Pkt 48 240 0.2 1
Node 46 49 4.12311
Pkt 75 375 0.2 1
Pkt 75 375 0.2 1
Node 33 53 17.2627
Pkt 150 750 0.2 1
Pkt 150 750 0.2 1
Node 29 29 29.6985
Pkt 50 250 0.2 1
Pkt 50 250 0.2 1
Node 42 25 26.2488
Pkt 75 375 0.2 1
Pkt 64 320 0.2 1
Node 57 66 17.4642
Pkt 150 750 0.2 1
Pkt 150 750 0.2 1
Rate:400
==========
==========38
6 0 2 24000
Node 58 49 8.06226
Pkt 24 120 0.2 1
Pkt 20 100 0.2 1
Node 57 53 7.61577
Pkt 96 480 0.2 1
Pkt 80 400 0.2 1
Node 45 54 6.40312
Pkt 150 750 0.2 1
Pkt 160 800 0.2 1
Node 57 46 8.06226
Pkt 39 192 0.203125 1
Pkt 48 240 0.2 1
Node 38 62 16.9706
Pkt 75 375 0.2 1
Pkt 80 400 0.2 1
Node 29 46 21.3776
Pkt 150 750 0.2 1
Pkt 150 750 0.2 1
Rate:400.521
==========
==========39
6 0 2 24000
Node 71 48 21.095
Pkt 40 200 0.2 1
Pkt 48 240 0.2 1
Node 47 66 16.2788
Pkt 60 300 0.2 1
Pkt 64 320 0.2 1
Node 71 43 22.1359
Pkt 150 750 0.2 1
Pkt 150 750 0.2 1
Node 58 28 23.4094
Pkt 24 120 0.2 1
Pkt 25 125 0.2 1
Node 38 72 25.0599
Pkt 60 300 0.2 1
Pkt 60 300 0.2 1
Node 53 74 24.1868
Pkt 160 800 0.2 1
Pkt 160 800 0.2 1
Rate:400
==========
==========40
6 0 2 24000
Node 50 37 13
Pkt 40 200 0.2 1
Pkt 50 250 0.2 1
Node 48 59 9.21954
Pkt 60 300 0.2 1
Pkt 60 300 0.2 1
Node 40 32 20.5913
Pkt 150 750 0.2 1
Pkt 160 800 0.2 1
Node 74 74 33.9411
Pkt 39 192 0.203125 1
Pkt 24 120 0.2 1
Node 50 61 11
Pkt 64 320 0.2 1
Pkt 75 375 0.2 1
Node 49 32 18.0278
Pkt 160 800 0.2 1
Pkt 160 800 0.2 1
Rate:400.521
==========
==========41
6 0 2 24000
Node 39 46 11.7047
Pkt 48 240 0.2 1
Pkt 39 192 0.203125 1
Node 61 62 16.2788
Pkt 64 320 0.2 1
Pkt 75 375 0.2 1
Node 64 49 14.0357
Pkt 160 800 0.2 1
Pkt 160 800 0.2 1
Node 33 71 27.0185
Pkt 40 200 0.2 1
Pkt 40 200 0.2 1
Node 26 56 24.7386
Pkt 96 480 0.2 1
Pkt 64 320 0.2 1
Node 46 72 22.3607
Pkt 160 800 0.2 1
Pkt 150 750 0.2 1
Rate:400.521
==========
==========42
6 0 2 24000
Node 73 51 23.0217
Pkt 32 160 0.2 1
Pkt 48 240 0.2 1
Node 58 29 22.4722
Pkt 64 320 0.2 1
Pkt 96 480 0.2 1
Node 58 73 24.3516
Pkt 150 750 0.2 1
Pkt 150 750 0.2 1
Node 40 46 10.7703
Pkt 40 200 0.2 1
Pkt 40 200 0.2 1
Node 32 26 30
Pkt 75 375 0.2 1
Pkt 80 400 0.2 1
Node 60 74 26
Pkt 160 800 0.2 1
Pkt 160 800 0.2 1
Rate:400
==========
==========43
6 0 2 24000
Node 41 54 9.84886
Pkt 30 150 0.2 1
Pkt 30 150 0.2 1
Node 35 61 18.6011
Pkt 60 300 0.2 1
Pkt 60 300 0.2 1
Node 40 65 18.0278
Pkt 150 750 0.2 1
Pkt 150 750 0.2 1
Node 40 37 16.4012
Pkt 30 150 0.2 1
Pkt 50 250 0.2 1
Node 41 67 19.2354
Pkt 60 300 0.2 1
Pkt 64 320 0.2 1
Node 57 29 22.1359
Pkt 160 800 0.2 1
Pkt 150 750 0.2 1
Rate:400
==========
==========44
6 0 2 24000
Node 72 25 33.3017
Pkt 24 120 0.2 1
Pkt 50 250 0.2 1
Node 64 45 14.8661
Pkt 60 300 0.2 1
Pkt 96 480 0.2 1
Node 66 74 28.8444
Pkt 150 750 0.2 1
Pkt 150 750 0.2 1
Node 56 48 6.32456
Pkt 20 100 0.2 1
Pkt 30 150 0.2 1
Node 33 72 27.8029
Pkt 64 320 0.2 1
Pkt 60 300 0.2 1
Node 56 60 11.6619
Pkt 150 750 0.2 1
Pkt 160 800 0.2 1
Rate:400
==========
==========45
6 0 2 24000
Node 41 32 20.1246
Pkt 20 100 0.2 1
Pkt 32 160 0.2 1
Node 70 56 20.8806
Pkt 96 480 0.2 1
Pkt 96 480 0.2 1
Node 62 55 13
Pkt 160 800 0.2 1
Pkt 150 750 0.2 1
Node 38 67 20.8087
Pkt 40 200 0.2 1
Pkt 30 150 0.2 1
Node 29 40 23.2594
Pkt 64 320 0.2 1
Pkt 64 320 0.2 1
Node 33 43 18.3848
Pkt 160 800 0.2 1
Pkt 160 800 0.2 1
Rate:400
==========
==========46
6 0 2 24000
Node 52 45 5.38516
Pkt 20 100 0.2 1
Pkt 50 250 0.2 1
Node 67 60 19.7231
Pkt 75 375 0.2 1
Pkt 75 375 0.2 1
Node 37 55 13.9284
Pkt 160 800 0.2 1
Pkt 160 800 0.2 1
Node 62 68 21.6333
Pkt 30 150 0.2 1
Pkt 32 160 0.2 1
Node 63 45 13.9284
Pkt 64 320 0.2 1
Pkt 75 375 0.2 1
Node 72 39 24.5967
Pkt 150 750 0.2 1
Pkt 150 750 0.2 1
Rate:400
==========
==========47
6 0 2 24000
Node 64 71 25.2389
Pkt 20 100 0.2 1
Pkt 32 160 0.2 1
Node 33 25 30.2324
Pkt 80 400 0.2 1
Pkt 64 320 0.2 1
Node 28 44 22.8035
Pkt 150 750 0.2 1
Pkt 160 800 0.2 1
Node 67 32 24.7588
Pkt 30 150 0.2 1
Pkt 30 150 0.2 1
Node 53 52 3.60555
Pkt 96 480 0.2 1
Pkt 80 400 0.2 1
Node 26 46 24.3311
Pkt 150 750 0.2 1
Pkt 150 750 0.2 1
Rate:400
==========
==========48
6 0 2 24000
Node 55 66 16.7631
Pkt 20 100 0.2 1
Pkt 20 100 0.2 1
Node 39 51 11.0454
Pkt 60 300 0.2 1
Pkt 64 320 0.2 1
Node 59 26 25.632
Pkt 150 750 0.2 1
Pkt 150 750 0.2 1
Node 49 67 17.0294
Pkt 24 120 0.2 1
Pkt 30 150 0.2 1
Node 52 64 14.1421
Pkt 60 300 0.2 1
Pkt 75 375 0.2 1
Node 40 53 10.4403
Pkt 160 800 0.2 1
Pkt 160 800 0.2 1
Rate:400
==========
==========49
6 0 2 24000
Node 41 37 15.8114
Pkt 24 120 0.2 1
Pkt 25 125 0.2 1
Node 42 59 12.0416
Pkt 80 400 0.2 1
Pkt 75 375 0.2 1
Node 37 67 21.4009
Pkt 160 800 0.2 1
Pkt 150 750 0.2 1
Node 62 37 17.6918
Pkt 50 250 0.2 1
Pkt 24 120 0.2 1
Node 52 59 9.21954
Pkt 96 480 0.2 1
Pkt 96 480 0.2 1
Node 64 66 21.2603
Pkt 150 750 0.2 1
Pkt 160 800 0.2 1
Rate:400
==========
==========50
6 0 2 24000
Node 54 33 17.4642
Pkt 50 250 0.2 1
Pkt 40 200 0.2 1
Node 25 56 25.7099
Pkt 64 320 0.2 1
Pkt 75 375 0.2 1
Node 52 44 6.32456
Pkt 160 800 0.2 1
Pkt 160 800 0.2 1
Node 32 60 20.5913
Pkt 30 150 0.2 1
Pkt 20 100 0.2 1
Node 53 52 3.60555
Pkt 75 375 0.2 1
Pkt 64 320 0.2 1
Node 30 74 31.241
Pkt 150 750 0.2 1
Pkt 150 750 0.2 1
Rate:400
==========
==========51
6 0 2 24000
Node 40 43 12.2066
Pkt 20 100 0.2 1
Pkt 25 125 0.2 1
Node 32 34 24.0832
Pkt 80 400 0.2 1
Pkt 96 480 0.2 1
Node 49 38 12.0416
Pkt 150 750 0.2 1
Pkt 150 750 0.2 1
Node 30 42 21.5407
Pkt 50 250 0.2 1
Pkt 25 125 0.2 1
Node 62 37 17.6918
Pkt 60 300 0.2 1
Pkt 64 320 0.2 1
Node 35 43 16.5529
Pkt 150 750 0.2 1
Pkt 160 800 0.2 1
Rate:400
==========
==========52
6 0 2 24000
Node 43 61 13.0384
Pkt 30 150 0.2 1
Pkt 39 192 0.203125 1
Node 31 33 25.4951
Pkt 60 300 0.2 1
Pkt 64 320 0.2 1
Node 48 63 13.1529
Pkt 160 800 0.2 1
Pkt 150 750 0.2 1
Node 29 49 21.0238
Pkt 39 192 0.203125 1
Pkt 40 200 0.2 1
Node 63 65 19.8494
Pkt 60 300 0.2 1
Pkt 64 320 0.2 1
Node 54 50 4
Pkt 160 800 0.2 1
Pkt 150 750 0.2 1
Rate:401.042
==========
==========53
6 0 2 24000
Node 57 43 9.89949
Pkt 32 160 0.2 1
Pkt 39 192 0.203125 1
Node 71 46 21.3776
Pkt 60 300 0.2 1
Pkt 80 400 0.2 1
Node 64 46 14.5602
Pkt 160 800 0.2 1
Pkt 150 750 0.2 1
Node 38 26 26.8328
Pkt 24 120 0.2 1
Pkt 24 120 0.2 1
Node 70 25 32.0156
Pkt 96 480 0.2 1
Pkt 60 300 0.2 1
Node 51 26 24.0208
Pkt 160 800 0.2 1
Pkt 150 750 0.2 1
Rate:400.521
==========
==========54
6 0 2 24000
Node 65 52 15.1327
Pkt 50 250 0.2 1
Pkt 20 100 0.2 1
Node 49 34 16.0312
Pkt 96 480 0.2 1
Pkt 60 300 0.2 1
Node 28 71 30.4138
Pkt 160 800 0.2 1
Pkt 160 800 0.2 1
Node 28 55 22.561
Pkt 30 150 0.2 1
Pkt 30 150 0.2 1
Node 48 42 8.24621
Pkt 80 400 0.2 1
Pkt 60 300 0.2 1
Node 61 57 13.0384
Pkt 150 750 0.2 1
Pkt 150 750 0.2 1
Rate:400
==========
==========55
6 0 2 24000
Node 46 38 12.6491
Pkt 39 192 0.203125 1
Pkt 32 160 0.2 1
Node 70 68 26.9072
Pkt 60 300 0.2 1
Pkt 64 320 0.2 1
Node 63 58 15.2643
Pkt 150 750 0.2 1
Pkt 160 800 0.2 1
Node 65 46 15.5242
Pkt 25 125 0.2 1
Pkt 24 120 0.2 1
Node 53 60 10.4403
Pkt 75 375 0.2 1
Pkt 60 300 0.2 1
Node 69 64 23.6008
Pkt 160 800 0.2 1
Pkt 150 750 0.2 1
Rate:400.521
==========
==========56
6 0 2 24000
Node 30 45 20.6155
Pkt 24 120 0.2 1
Pkt 30 150 0.2 1
Node 50 55 5
Pkt 80 400 0.2 1
Pkt 64 320 0.2 1
Node 28 45 22.561
Pkt 160 800 0.2 1
Pkt 160 800 0.2 1
Node 51 66 16.0312
Pkt 25 125 0.2 1
Pkt 20 100 0.2 1
Node 58 43 10.6301
Pkt 96 480 0.2 1
Pkt 64 320 0.2 1
Node 37 30 23.8537
Pkt 150 750 0.2 1
Pkt 150 750 0.2 1
Rate:400
==========
==========57
6 0 2 24000
Node 61 67 20.2485
Pkt 25 125 0.2 1
Pkt 40 200 0.2 1
Node 44 35 16.1555
Pkt 64 320 0.2 1
Pkt 64 320 0.2 1
Node 49 32 18.0278
Pkt 160 800 0.2 1
Pkt 150 750 0.2 1
Node 25 41 26.5707
Pkt 25 125 0.2 1
Pkt 24 120 0.2 1
Node 55 26 24.5153
Pkt 60 300 0.2 1
Pkt 80 400 0.2 1
Node 61 28 24.5967
Pkt 160 800 0.2 1
Pkt 160 800 0.2 1
Rate:400
==========
==========58
6 0 2 24000
Node 29 70 29
Pkt 40 200 0.2 1
Pkt 48 240 0.2 1
Node 63 58 15.2643
Pkt 64 320 0.2 1
Pkt 64 320 0.2 1
Node 39 32 21.095
Pkt 160 800 0.2 1
Pkt 150 750 0.2 1
Node 36 55 14.8661
Pkt 24 120 0.2 1
Pkt 30 150 0.2 1
Node 46 34 16.4924
Pkt 60 300 0.2 1
Pkt 60 300 0.2 1
Node 65 40 18.0278
Pkt 150 750 0.2 1
Pkt 160 800 0.2 1
Rate:400
==========
==========59
6 0 2 24000
Node 35 40 18.0278
Pkt 48 240 0.2 1
Pkt 25 125 0.2 1
Node 36 53 14.3178
Pkt 96 480 0.2 1
Pkt 80 400 0.2 1
Node 55 44 7.81025
Pkt 150 750 0.2 1
Pkt 150 750 0.2 1
Node 34 28 27.2029
Pkt 48 240 0.2 1
Pkt 20 100 0.2 1
Node 71 60 23.2594
Pkt 64 320 0.2 1
Pkt 60 300 0.2 1
Node 73 43 24.0416
Pkt 160 800 0.2 1
Pkt 160 800 0.2 1
Rate:400
==========
==========60
6 0 2 24000
Node 42 36 16.1245
Pkt 20 100 0.2 1
Pkt 20 100 0.2 1
Node 66 36 21.2603
Pkt 60 300 0.2 1
Pkt 75 375 0.2 1
Node 73 40 25.0799
Pkt 160 800 0.2 1
Pkt 150 750 0.2 1
Node 39 61 15.5563
Pkt 24 120 0.2 1
Pkt 32 160 0.2 1
Node 51 37 13.0384
Pkt 75 375 0.2 1
Pkt 96 480 0.2 1
Node 61 32 21.095
Pkt 150 750 0.2 1
Pkt 160 800 0.2 1
Rate:400
==========
==========61
6 0 2 24000
Node 64 39 17.8045
Pkt 24 120 0.2 1
Pkt 48 240 0.2 1
Node 28 61 24.5967
Pkt 75 375 0.2 1
Pkt 60 300 0.2 1
Node 65 74 28.3019
Pkt 160 800 0.2 1
Pkt 150 750 0.2 1
Node 65 45 15.8114
Pkt 25 125 0.2 1
Pkt 39 192 0.203125 1
Node 65 57 16.5529
Pkt 75 375 0.2 1
Pkt 75 375 0.2 1
Node 25 29 32.6497
Pkt 160 800 0.2 1
Pkt 160 800 0.2 1
Rate:400.521
==========
==========62
6 0 2 24000
Node 37 56 14.3178
Pkt 30 150 0.2 1
Pkt 40 200 0.2 1
Node 63 40 16.4012
Pkt 64 320 0.2 1
Pkt 64 320 0.2 1
Node 56 25 25.7099
Pkt 160 800 0.2 1
Pkt 150 750 0.2 1
Node 64 43 15.6525
Pkt 20 100 0.2 1
Pkt 30 150 0.2 1
Node 74 28 32.5576
Pkt 80 400 0.2 1
Pkt 60 300 0.2 1
Node 60 64 17.2047
Pkt 160 800 0.2 1
Pkt 150 750 0.2 1
Rate:400
==========
==========63
6 0 2 24000
Node 72 59 23.7697
Pkt 20 100 0.2 1
Pkt 32 160 0.2 1
Node 70 26 31.241
Pkt 75 375 0.2 1
Pkt 64 320 0.2 1
Node 56 31 19.9249
Pkt 150 750 0.2 1
Pkt 150 750 0.2 1
Node 70 46 20.3961
Pkt 20 100 0.2 1
Pkt 48 240 0.2 1
Node 74 27 33.2415
Pkt 64 320 0.2 1
Pkt 64 320 0.2 1
Node 51 41 9.05539
Pkt 150 750 0.2 1
Pkt 160 800 0.2 1
Rate:400
==========
==========64
6 0 2 24000
Node 47 42 8.544
Pkt 24 120 0.2 1
Pkt 39 192 0.203125 1
Node 64 61 17.8045
Pkt 60 300 0.2 1
Pkt 96 480 0.2 1
Node 49 35 15.0333
Pkt 150 750 0.2 1
Pkt 160 800 0.2 1
Node 36 53 14.3178
Pkt 39 192 0.203125 1
Pkt 20 100 0.2 1
Node 55 69 19.6469
Pkt 96 480 0.2 1
Pkt 60 300 0.2 1
Node 51 30 20.025
Pkt 150 750 0.2 1
Pkt 160 800 0.2 1
Rate:401.042
==========
==========65
6 0 2 24000
Node 39 52 11.1803
Pkt 48 240 0.2 1
Pkt 24 120 0.2 1
Node 59 39 14.2127
Pkt 80 400 0.2 1
Pkt 96 480 0.2 1
Node 69 41 21.0238
Pkt 150 750 0.2 1
Pkt 160 800 0.2 1
Node 42 54 8.94427
Pkt 25 125 0.2 1
Pkt 50 250 0.2 1
Node 61 58 13.6015
Pkt 60 300 0.2 1
Pkt 64 320 0.2 1
Node 45 43 8.60233
Pkt 150 750 0.2 1
Pkt 150 750 0.2 1
Rate:400
==========
==========66
6 0 2 24000
Node 29 61 23.7065
Pkt 30 150 0.2 1
Pkt 24 120 0.2 1
Node 73 72 31.8277
Pkt 80 400 0.2 1
Pkt 80 400 0.2 1
Node 44 39 12.53
Pkt 160 800 0.2 1
Pkt 150 750 0.2 1
Node 69 64 23.6008
Pkt 30 150 0.2 1
Pkt 32 160 0.2 1
Node 71 59 22.8473
Pkt 75 375 0.2 1
Pkt 60 300 0.2 1
Node 47 35 15.2971
Pkt 150 750 0.2 1
Pkt 160 800 0.2 1
Rate:400
==========
==========67
6 0 2 24000
Node 44 74 24.7386
Pkt 30 150 0.2 1
Pkt 40 200 0.2 1
Node 34 73 28.0179
Pkt 80 400 0.2 1
Pkt 96 480 0.2 1
Node 58 37 15.2643
Pkt 160 800 0.2 1
Pkt 160 800 0.2 1
Node 33 25 30.2324
Pkt 50 250 0.2 1
Pkt 39 192 0.203125 1
Node 25 62 27.7308
Pkt 75 375 0.2 1
Pkt 64 320 0.2 1
Node 31 51 19.0263
Pkt 160 800 0.2 1
Pkt 160 800 0.2 1
Rate:400.521
==========
==========68
6 0 2 24000
Node 34 74 28.8444
Pkt 25 125 0.2 1
Pkt 25 125 0.2 1
Node 51 46 4.12311
Pkt 96 480 0.2 1
Pkt 64 320 0.2 1
Node 25 42 26.2488
Pkt 150 750 0.2 1
Pkt 160 800 0.2 1
Node 61 38 16.2788
Pkt 20 100 0.2 1
Pkt 32 160 0.2 1
Node 28 40 24.1661
Pkt 80 400 0.2 1
Pkt 96 480 0.2 1
Node 49 29 21.0238
Pkt 150 750 0.2 1
Pkt 150 750 0.2 1
Rate:400
==========
==========69
6 0 2 24000
Node 34 54 16.4924
Pkt 48 240 0.2 1
Pkt 39 192 0.203125 1
Node 52 29 21.095
Pkt 80 400 0.2 1
Pkt 60 300 0.2 1
Node 49 71 21.0238
Pkt 160 800 0.2 1
Pkt 150 750 0.2 1
Node 42 73 24.3516
Pkt 32 160 0.2 1
Pkt 24 120 0.2 1
Node 64 39 17.8045
Pkt 75 375 0.2 1
Pkt 75 375 0.2 1
Node 51 41 9.05539
Pkt 150 750 0.2 1
Pkt 160 800 0.2 1
Rate:400.521
==========
==========70
6 0 2 24000
Node 29 32 27.6586
Pkt 20 100 0.2 1
Pkt 20 100 0.2 1
Node 25 45 25.4951
Pkt 96 480 0.2 1
Pkt 64 320 0.2 1
Node 46 51 4.12311
Pkt 150 750 0.2 1
Pkt 150 750 0.2 1
Node 27 34 28.0179
Pkt 50 250 0.2 1
Pkt 48 240 0.2 1
Node 39 37 17.0294
Pkt 75 375 0.2 1
Pkt 60 300 0.2 1
Node 53 48 3.60555
Pkt 150 750 0.2 1
Pkt 150 750 0.2 1
Rate:400
==========
==========71
6 0 2 24000
Node 66 64 21.2603
Pkt 48 240 0.2 1
Pkt 30 150 0.2 1
Node 30 34 25.6125
Pkt 64 320 0.2 1
Pkt 96 480 0.2 1
Node 41 53 9.48683
Pkt 150 750 0.2 1
Pkt 150 750 0.2 1
Node 58 64 16.1245
Pkt 50 250 0.2 1
Pkt 48 240 0.2 1
Node 50 53 3
Pkt 60 300 0.2 1
Pkt 75 375 0.2 1
Node 43 54 8.06226
Pkt 150 750 0.2 1
Pkt 150 750 0.2 1
Rate:400
==========
==========72
6 0 2 24000
Node 28 25 33.3017
Pkt 32 160 0.2 1
Pkt 40 200 0.2 1
Node 25 73 33.9706
Pkt 60 300 0.2 1
Pkt 64 320 0.2 1
Node 29 52 21.095
Pkt 160 800 0.2 1
Pkt 150 750 0.2 1
Node 29 34 26.4008
Pkt 32 160 0.2 1
Pkt 40 200 0.2 1
Node 54 33 17.4642
Pkt 60 300 0.2 1
Pkt 96 480 0.2 1
Node 49 69 19.0263
Pkt 160 800 0.2 1
Pkt 160 800 0.2 1
Rate:400
==========
==========73
6 0 2 24000
Node 34 40 18.868
Pkt 24 120 0.2 1
Pkt 40 200 0.2 1
Node 68 70 26.9072
Pkt 64 320 0.2 1
Pkt 96 480 0.2 1
Node 30 54 20.3961
Pkt 160 800 0.2 1
Pkt 160 800 0.2 1
Node 62 43 13.8924
Pkt 39 192 0.203125 1
Pkt 25 125 0.2 1
Node 63 30 23.8537
Pkt 96 480 0.2 1
Pkt 75 375 0.2 1
Node 35 39 18.6011
Pkt 150 750 0.2 1
Pkt 160 800 0.2 1
Rate:400.521
==========
==========74
6 0 2 24000
Node 73 72 31.8277
Pkt 20 100 0.2 1
Pkt 25 125 0.2 1
Node 50 39 11
Pkt 80 400 0.2 1
Pkt 64 320 0.2 1
Node 65 69 24.2074
Pkt 160 800 0.2 1
Pkt 160 800 0.2 1
Node 60 48 10.198
Pkt 40 200 0.2 1
Pkt 48 240 0.2 1
Node 71 39 23.7065
Pkt 96 480 0.2 1
Pkt 80 400 0.2 1
Node 63 47 13.3417
Pkt 150 750 0.2 1
Pkt 150 750 0.2 1
Rate:400
==========
==========75
6 0 2 24000
Node 70 37 23.8537
Pkt 25 125 0.2 1
Pkt 30 150 0.2 1
Node 70 40 22.3607
Pkt 96 480 0.2 1
Pkt 96 480 0.2 1
Node 40 29 23.2594
Pkt 150 750 0.2 1
Pkt 150 750 0.2 1
Node 57 55 8.60233
Pkt 50 250 0.2 1
Pkt 40 200 0.2 1
Node 45 51 5.09902
Pkt 96 480 0.2 1
Pkt 64 320 0.2 1
Node 38 62 16.9706
Pkt 160 800 0.2 1
Pkt 160 800 0.2 1
Rate:400
==========
==========76
6 0 2 24000
Node 39 28 24.5967
Pkt 50 250 0.2 1
Pkt 32 160 0.2 1
Node 47 58 8.544
Pkt 75 375 0.2 1
Pkt 96 480 0.2 1
Node 55 29 21.587
Pkt 160 800 0.2 1
Pkt 160 800 0.2 1
Node 32 49 18.0278
Pkt 20 100 0.2 1
Pkt 32 160 0.2 1
Node 33 37 21.4009
Pkt 64 320 0.2 1
Pkt 80 400 0.2 1
Node 41 43 11.4018
Pkt 150 750 0.2 1
Pkt 160 800 0.2 1
Rate:400
==========
==========77
6 0 2 24000
Node 47 66 16.2788
Pkt 24 120 0.2 1
Pkt 25 125 0.2 1
Node 57 45 8.60233
Pkt 75 375 0.2 1
Pkt 96 480 0.2 1
Node 64 56 15.2315
Pkt 150 750 0.2 1
Pkt 150 750 0.2 1
Node 28 71 30.4138
Pkt 25 125 0.2 1
Pkt 50 250 0.2 1
Node 28 57 23.0868
Pkt 96 480 0.2 1
Pkt 96 480 0.2 1
Node 31 69 26.8701
Pkt 150 750 0.2 1
Pkt 160 800 0.2 1
Rate:400
==========
==========78
6 0 2 24000
Node 26 73 33.2415
Pkt 24 120 0.2 1
Pkt 30 150 0.2 1
Node 67 37 21.4009
Pkt 60 300 0.2 1
Pkt 64 320 0.2 1
Node 25 66 29.6816
Pkt 150 750 0.2 1
Pkt 150 750 0.2 1
Node 58 57 10.6301
Pkt 39 192 0.203125 1
Pkt 25 125 0.2 1
Node 39 41 14.2127
Pkt 96 480 0.2 1
Pkt 75 375 0.2 1
Node 27 45 23.5372
Pkt 150 750 0.2 1
Pkt 150 750 0.2 1
Rate:400.521
==========
==========79
6 0 2 24000
Node 27 51 23.0217
Pkt 20 100 0.2 1
Pkt 20 100 0.2 1
Node 28 42 23.4094
Pkt 75 375 0.2 1
Pkt 60 300 0.2 1
Node 73 52 23.0868
Pkt 150 750 0.2 1
Pkt 150 750 0.2 1
Node 36 53 14.3178
Pkt 25 125 0.2 1
Pkt 25 125 0.2 1
Node 45 51 5.09902
Pkt 60 300 0.2 1
Pkt 75 375 0.2 1
Node 53 25 25.1794
Pkt 150 750 0.2 1
Pkt 160 800 0.2 1
Rate:400
==========
==========80
6 0 2 24000
Node 34 44 17.088
Pkt 39 192 0.203125 1
Pkt 50 250 0.2 1
Node 50 53 3
Pkt 75 375 0.2 1
Pkt 60 300 0.2 1
Node 55 58 9.43398
Pkt 160 800 0.2 1
Pkt 150 750 0.2 1
Node 49 30 20.025
Pkt 50 250 0.2 1
Pkt 25 125 0.2 1
Node 34 63 20.6155
Pkt 80 400 0.2 1
Pkt 80 400 0.2 1
Node 56 53 6.7082
Pkt 160 800 0.2 1
Pkt 150 750 0.2 1
Rate:400.521
==========
==========81
6 0 2 24000
Node 60 65 18.0278
Pkt 39 192 0.203125 1
Pkt 24 120 0.2 1
Node 37 54 13.6015
Pkt 96 480 0.2 1
Pkt 60 300 0.2 1
Node 41 51 9.05539
Pkt 150 750 0.2 1
Pkt 150 750 0.2 1
Node 67 41 19.2354
Pkt 25 125 0.2 1
Pkt 25 125 0.2 1
Node 30 53 20.2237
Pkt 64 320 0.2 1
Pkt 75 375 0.2 1
Node 61 52 11.1803
Pkt 160 800 0.2 1
Pkt 150 750 0.2 1
Rate:400.521
==========
==========82
6 0 2 24000
Node 53 27 23.1948
Pkt 39 192 0.203125 1
Pkt 40 200 0.2 1
Node 65 35 21.2132
Pkt 96 480 0.2 1
Pkt 80 400 0.2 1
Node 62 42 14.4222
Pkt 150 750 0.2 1
Pkt 160 800 0.2 1
Node 71 69 28.3196
Pkt 50 250 0.2 1
Pkt 48 240 0.2 1
Node 32 51 18.0278
Pkt 64 320 0.2 1
Pkt 75 375 0.2 1
Node 45 62 13
Pkt 160 800 0.2 1
Pkt 150 750 0.2 1
Rate:400.521
==========
==========83
6 0 2 24000
Node 35 61 18.6011
Pkt 25 125 0.2 1
Pkt 40 200 0.2 1
Node 36 66 21.2603
Pkt 64 320 0.2 1
Pkt 80 400 0.2 1
Node 35 50 15
Pkt 160 800 0.2 1
Pkt 150 750 0.2 1
Node 38 35 19.2094
Pkt 40 200 0.2 1
Pkt 20 100 0.2 1
Node 66 28 27.2029
Pkt 75 375 0.2 1
Pkt 75 375 0.2 1
Node 32 54 18.4391
Pkt 150 750 0.2 1
Pkt 160 800 0.2 1
Rate:400
==========
==========84
6 0 2 24000
Node 64 66 21.2603
Pkt 25 125 0.2 1
Pkt 39 192 0.203125 1
Node 68 48 18.1108
Pkt 75 375 0.2 1
Pkt 80 400 0.2 1
Node 28 36 26.0768
Pkt 150 750 0.2 1
Pkt 150 750 0.2 1
Node 68 65 23.4307
Pkt 39 192 0.203125 1
Pkt 24 120 0.2 1
Node 57 52 7.28011
Pkt 80 400 0.2 1
Pkt 80 400 0.2 1
Node 33 39 20.2485
Pkt 150 750 0.2 1
Pkt 150 750 0.2 1
Rate:401.042
==========
==========85
6 0 2 24000
Node 26 36 27.7849
Pkt 32 160 0.2 1
Pkt 39 192 0.203125 1
Node 59 56 10.8167
Pkt 60 300 0.2 1
Pkt 64 320 0.2 1
Node 55 62 13
Pkt 160 800 0.2 1
Pkt 150 750 0.2 1
Node 64 42 16.1245
Pkt 32 160 0.2 1
Pkt 50 250 0.2 1
Node 33 30 26.2488
Pkt 75 375 0.2 1
Pkt 80 400 0.2 1
Node 51 74 24.0208
Pkt 160 800 0.2 1
Pkt 160 800 0.2 1
Rate:400.521
==========
==========86
6 0 2 24000
Node 52 51 2.23607
Pkt 32 160 0.2 1
Pkt 39 192 0.203125 1
Node 74 53 24.1868
Pkt 80 400 0.2 1
Pkt 80 400 0.2 1
Node 59 31 21.0238
Pkt 150 750 0.2 1
Pkt 150 750 0.2 1
Node 57 59 11.4018
Pkt 40 200 0.2 1
Pkt 20 100 0.2 1
Node 39 46 11.7047
Pkt 64 320 0.2 1
Pkt 60 300 0.2 1
Node 55 66 16.7631
Pkt 160 800 0.2 1
Pkt 150 750 0.2 1
Rate:400.521
==========
==========87
6 0 2 24000
Node 36 68 22.8035
Pkt 24 120 0.2 1
Pkt 39 192 0.203125 1
Node 40 61 14.8661
Pkt 96 480 0.2 1
Pkt 75 375 0.2 1
Node 56 29 21.8403
Pkt 160 800 0.2 1
Pkt 160 800 0.2 1
Node 52 62 12.1655
Pkt 32 160 0.2 1
Pkt 40 200 0.2 1
Node 43 38 13.8924
Pkt 75 375 0.2 1
Pkt 96 480 0.2 1
Node 47 52 3.60555
Pkt 160 800 0.2 1
Pkt 150 750 0.2 1
Rate:400.521
==========
==========88
6 0 2 24000
Node 47 36 14.3178
Pkt 50 250 0.2 1
Pkt 30 150 0.2 1
Node 52 34 16.1245
Pkt 60 300 0.2 1
Pkt 80 400 0.2 1
Node 36 35 20.5183
Pkt 160 800 0.2 1
Pkt 160 800 0.2 1
Node 26 51 24.0208
Pkt 30 150 0.2 1
Pkt 32 160 0.2 1
Node 30 42 21.5407
Pkt 64 320 0.2 1
Pkt 75 375 0.2 1
Node 63 51 13.0384
Pkt 160 800 0.2 1
Pkt 150 750 0.2 1
Rate:400
==========
==========89
6 0 2 24000
Node 35 27 27.4591
Pkt 25 125 0.2 1
Pkt 48 240 0.2 1
Node 62 27 25.9422
Pkt 60 300 0.2 1
Pkt 80 400 0.2 1
Node 29 65 25.807
Pkt 150 750 0.2 1
Pkt 150 750 0.2 1
Node 34 45 16.7631
Pkt 32 160 0.2 1
Pkt 39 192 0.203125 1
Node 56 57 9.21954
Pkt 96 480 0.2 1
Pkt 64 320 0.2 1
Node 59 47 9.48683
Pkt 150 750 0.2 1
Pkt 150 750 0.2 1
Rate:400.521
==========
==========90
6 0 2 24000
Node 34 29 26.4008
Pkt 25 125 0.2 1
Pkt 24 120 0.2 1
Node 46 34 16.4924
Pkt 96 480 0.2 1
Pkt 75 375 0.2 1
Node 64 47 14.3178
Pkt 150 750 0.2 1
Pkt 150 750 0.2 1
Node 32 41 20.1246
Pkt 48 240 0.2 1
Pkt 25 125 0.2 1
Node 69 56 19.9249
Pkt 75 375 0.2 1
Pkt 75 375 0.2 1
Node 29 55 21.587
Pkt 150 750 0.2 1
Pkt 150 750 0.2 1
Rate:400
==========
==========91
6 0 2 24000
Node 25 60 26.9258
Pkt 50 250 0.2 1
Pkt 39 192 0.203125 1
Node 50 61 11
Pkt 75 375 0.2 1
Pkt 60 300 0.2 1
Node 54 35 15.5242
Pkt 150 750 0.2 1
Pkt 150 750 0.2 1
Node 57 35 16.5529
Pkt 39 192 0.203125 1
Pkt 30 150 0.2 1
Node 34 63 20.6155
Pkt 64 320 0.2 1
Pkt 64 320 0.2 1
Node 70 30 28.2843
Pkt 160 800 0.2 1
Pkt 150 750 0.2 1
Rate:401.042
==========
==========92
6 0 2 24000
Node 58 69 20.6155
Pkt 40 200 0.2 1
Pkt 30 150 0.2 1
Node 26 25 34.6554
Pkt 80 400 0.2 1
Pkt 80 400 0.2 1
Node 55 31 19.6469
Pkt 160 800 0.2 1
Pkt 160 800 0.2 1
Node 36 66 21.2603
Pkt 40 200 0.2 1
Pkt 24 120 0.2 1
Node 63 52 13.1529
Pkt 75 375 0.2 1
Pkt 64 320 0.2 1
Node 60 53 10.4403
Pkt 160 800 0.2 1
Pkt 160 800 0.2 1
Rate:400
==========
==========93
6 0 2 24000
Node 71 42 22.4722
Pkt 25 125 0.2 1
Pkt 39 192 0.203125 1
Node 30 46 20.3961
Pkt 64 320 0.2 1
Pkt 80 400 0.2 1
Node 74 40 26
Pkt 150 750 0.2 1
Pkt 150 750 0.2 1
Node 29 59 22.8473
Pkt 48 240 0.2 1
Pkt 30 150 0.2 1
Node 72 41 23.7697
Pkt 75 375 0.2 1
Pkt 75 375 0.2 1
Node 34 61 19.4165
Pkt 160 800 0.2 1
Pkt 160 800 0.2 1
Rate:400.521
==========
==========94
6 0 2 24000
Node 26 38 26.8328
Pkt 25 125 0.2 1
Pkt 48 240 0.2 1
Node 47 62 12.3693
Pkt 64 320 0.2 1
Pkt 80 400 0.2 1
Node 32 44 18.9737
Pkt 160 800 0.2 1
Pkt 150 750 0.2 1
Node 69 45 19.6469
Pkt 32 160 0.2 1
Pkt 24 120 0.2 1
Node 46 30 20.3961
Pkt 60 300 0.2 1
Pkt 75 375 0.2 1
Node 63 44 14.3178
Pkt 160 800 0.2 1
Pkt 160 800 0.2 1
Rate:400
==========
==========95
6 0 2 24000
Node 48 32 18.1108
Pkt 40 200 0.2 1
Pkt 32 160 0.2 1
Node 40 32 20.5913
Pkt 64 320 0.2 1
Pkt 75 375 0.2 1
Node 73 32 29.2062
Pkt 160 800 0.2 1
Pkt 160 800 0.2 1
Node 74 38 26.8328
Pkt 24 120 0.2 1
Pkt 48 240 0.2 1
Node 73 58 24.3516
Pkt 75 375 0.2 1
Pkt 96 480 0.2 1
Node 72 38 25.0599
Pkt 150 750 0.2 1
Pkt 160 800 0.2 1
Rate:400
==========
==========96
6 0 2 24000
Node 53 46 5
Pkt 25 125 0.2 1
Pkt 32 160 0.2 1
Node 55 61 12.083
Pkt 60 300 0.2 1
Pkt 60 300 0.2 1
Node 32 66 24.0832
Pkt 160 800 0.2 1
Pkt 160 800 0.2 1
Node 56 47 6.7082
Pkt 50 250 0.2 1
Pkt 24 120 0.2 1
Node 42 43 10.6301
Pkt 80 400 0.2 1
Pkt 75 375 0.2 1
Node 62 66 20
Pkt 150 750 0.2 1
Pkt 160 800 0.2 1
Rate:400
==========
==========97
6 0 2 24000
Node 50 31 19
Pkt 30 150 0.2 1
Pkt 39 192 0.203125 1
Node 46 26 24.3311
Pkt 75 375 0.2 1
Pkt 75 375 0.2 1
Node 68 59 20.1246
Pkt 150 750 0.2 1
Pkt 160 800 0.2 1
Node 62 48 12.1655
Pkt 40 200 0.2 1
Pkt 32 160 0.2 1
Node 65 39 18.6011
Pkt 75 375 0.2 1
Pkt 80 400 0.2 1
Node 47 70 20.2237
Pkt 160 800 0.2 1
Pkt 160 800 0.2 1
Rate:400.521
==========
==========98
6 0 2 24000
Node 68 66 24.0832
Pkt 30 150 0.2 1
Pkt 48 240 0.2 1
Node 67 68 24.7588
Pkt 80 400 0.2 1
Pkt 96 480 0.2 1
Node 50 39 11
Pkt 150 750 0.2 1
Pkt 150 750 0.2 1
Node 70 59 21.9317
Pkt 25 125 0.2 1
Pkt 50 250 0.2 1
Node 71 50 21
Pkt 64 320 0.2 1
Pkt 75 375 0.2 1
Node 46 60 10.7703
Pkt 160 800 0.2 1
Pkt 150 750 0.2 1
Rate:400
==========
==========99
