6 0 2 24000
Node 42 58 11.3137
Pkt 15 250 0.06 1
Pkt 8 125 0.064 1
Node 68 48 18.1108
Pkt 20 320 0.0625 1
Pkt 24 400 0.06 1
Node 66 65 21.9317
Pkt 45 750 0.06 1
Pkt 48 800 0.06 1
Node 58 41 12.0416
Pkt 8 125 0.064 1
Pkt 12 200 0.06 1
Node 59 26 25.632
Pkt 18 300 0.06 1
Pkt 23 375 0.0613333 1
Node 57 57 9.89949
Pkt 45 750 0.06 1
Pkt 45 750 0.06 1
Rate:121.972
==========
==========0
6 0 2 24000
Node 41 72 23.7697
Pkt 12 200 0.06 1
Pkt 15 250 0.06 1
Node 66 71 26.4008
Pkt 18 300 0.06 1
Pkt 29 480 0.0604167 1
Node 64 68 22.8035
Pkt 48 800 0.06 1
Pkt 45 750 0.06 1
Node 49 37 13.0384
Pkt 10 160 0.0625 1
Pkt 15 250 0.06 1
Node 62 36 18.4391
Pkt 23 375 0.0613333 1
Pkt 18 300 0.06 1
Node 39 65 18.6011
Pkt 48 800 0.06 1
Pkt 45 750 0.06 1
Rate:120.708
==========
==========1
6 0 2 24000
Node 29 41 22.8473
Pkt 15 240 0.0625 1
Pkt 10 160 0.0625 1
Node 53 42 8.544
Pkt 24 400 0.06 1
Pkt 23 375 0.0613333 1
Node 32 31 26.1725
Pkt 45 750 0.06 1
Pkt 48 800 0.06 1
Node 65 62 19.2094
Pkt 9 150 0.06 1
Pkt 12 192 0.0625 1
Node 35 41 17.4929
Pkt 20 320 0.0625 1
Pkt 24 400 0.06 1
Node 61 70 22.8254
Pkt 48 800 0.06 1
Pkt 48 800 0.06 1
Rate:121.889
==========
==========2
6 0 2 24000
Node 62 44 13.4164
Pkt 15 240 0.0625 1
Pkt 6 100 0.06 1
Node 32 30 26.9072
Pkt 29 480 0.0604167 1
Pkt 20 320 0.0625 1
Node 50 35 15
Pkt 48 800 0.06 1
Pkt 45 750 0.06 1
Node 45 66 16.7631
Pkt 8 120 0.0666667 1
Pkt 15 250 0.06 1
Node 48 55 5.38516
Pkt 18 300 0.06 1
Pkt 29 480 0.0604167 1
Node 49 34 16.0312
Pkt 45 750 0.06 1
Pkt 45 750 0.06 1
Rate:122.083
==========
==========3
6 0 2 24000
Node 25 52 25.0799
Pkt 9 150 0.06 1
Pkt 10 160 0.0625 1
Node 71 39 23.7065
Pkt 18 300 0.06 1
Pkt 29 480 0.0604167 1
Node 42 30 21.5407
Pkt 48 800 0.06 1
Pkt 45 750 0.06 1
Node 33 27 28.6007
Pkt 6 100 0.06 1
Pkt 9 150 0.06 1
Node 55 41 10.2956
Pkt 24 400 0.06 1
Pkt 18 300 0.06 1
Node 33 30 26.2488
Pkt 45 750 0.06 1
Pkt 48 800 0.06 1
Rate:120.486
==========
==========4
6 0 2 24000
Node 56 37 14.3178
Pkt 15 250 0.06 1
Pkt 15 250 0.06 1
Node 42 25 26.2488
Pkt 20 320 0.0625 1
Pkt 18 300 0.06 1
Node 51 51 1.41421
Pkt 45 750 0.06 1
Pkt 48 800 0.06 1
Node 49 28 22.0227
Pkt 8 125 0.064 1
Pkt 15 250 0.06 1
Node 56 54 7.2111
Pkt 18 300 0.06 1
Pkt 29 480 0.0604167 1
Node 29 73 31.1448
Pkt 48 800 0.06 1
Pkt 48 800 0.06 1
Rate:121.153
==========
==========5
6 0 2 24000
Node 42 51 8.06226
Pkt 12 192 0.0625 1
Pkt 8 125 0.064 1
Node 51 72 22.0227
Pkt 23 375 0.0613333 1
Pkt 29 480 0.0604167 1
Node 35 70 25
Pkt 45 750 0.06 1
Pkt 45 750 0.06 1
Node 30 49 20.025
Pkt 12 192 0.0625 1
Pkt 12 200 0.06 1
Node 27 64 26.9258
Pkt 29 480 0.0604167 1
Pkt 24 400 0.06 1
Node 54 73 23.3452
Pkt 48 800 0.06 1
Pkt 48 800 0.06 1
Rate:121.861
==========
==========6
6 0 2 24000
Node 37 25 28.178
Pkt 12 200 0.06 1
Pkt 6 100 0.06 1
Node 55 53 5.83095
Pkt 20 320 0.0625 1
Pkt 24 400 0.06 1
Node 50 54 4
Pkt 45 750 0.06 1
Pkt 45 750 0.06 1
Node 40 62 15.6205
Pkt 9 150 0.06 1
Pkt 12 192 0.0625 1
Node 40 73 25.0799
Pkt 23 375 0.0613333 1
Pkt 18 300 0.06 1
Node 29 54 21.3776
Pkt 45 750 0.06 1
Pkt 45 750 0.06 1
Rate:121.056
==========
==========7
6 0 2 24000
Node 42 60 12.8062
Pkt 15 250 0.06 1
Pkt 9 150 0.06 1
Node 46 70 20.3961
Pkt 23 375 0.0613333 1
Pkt 24 400 0.06 1
Node 30 58 21.5407
Pkt 48 800 0.06 1
Pkt 48 800 0.06 1
Node 45 55 7.07107
Pkt 10 160 0.0625 1
Pkt 12 200 0.06 1
Node 25 32 30.8058
Pkt 24 400 0.06 1
Pkt 23 375 0.0613333 1
Node 68 34 24.0832
Pkt 45 750 0.06 1
Pkt 48 800 0.06 1
Rate:120.861
==========
==========8
6 0 2 24000
Node 68 53 18.2483
Pkt 8 125 0.064 1
Pkt 15 250 0.06 1
Node 59 68 20.1246
Pkt 23 375 0.0613333 1
Pkt 23 375 0.0613333 1
Node 65 41 17.4929
Pkt 45 750 0.06 1
Pkt 45 750 0.06 1
Node 72 55 22.561
Pkt 6 100 0.06 1
Pkt 15 250 0.06 1
Node 32 28 28.4253
Pkt 18 300 0.06 1
Pkt 23 375 0.0613333 1
Node 68 68 25.4558
Pkt 48 800 0.06 1
Pkt 48 800 0.06 1
Rate:121.333
==========
==========9
6 0 2 24000
Node 52 50 2
Pkt 9 150 0.06 1
Pkt 15 250 0.06 1
Node 55 47 5.83095
Pkt 24 400 0.06 1
Pkt 24 400 0.06 1
Node 45 68 18.6815
Pkt 45 750 0.06 1
Pkt 48 800 0.06 1
Node 46 31 19.4165
Pkt 8 125 0.064 1
Pkt 9 150 0.06 1
Node 44 64 15.2315
Pkt 24 400 0.06 1
Pkt 18 300 0.06 1
Node 49 52 2.23607
Pkt 45 750 0.06 1
Pkt 45 750 0.06 1
Rate:120.667
==========
==========10
6 0 2 24000
Node 50 56 6
Pkt 8 120 0.0666667 1
Pkt 12 200 0.06 1
Node 66 45 16.7631
Pkt 18 300 0.06 1
Pkt 23 375 0.0613333 1
Node 59 60 13.4536
Pkt 45 750 0.06 1
Pkt 48 800 0.06 1
Node 55 33 17.72
Pkt 12 200 0.06 1
Pkt 15 240 0.0625 1
Node 46 57 8.06226
Pkt 18 300 0.06 1
Pkt 23 375 0.0613333 1
Node 55 43 8.60233
Pkt 45 750 0.06 1
Pkt 45 750 0.06 1
Rate:121.972
==========
==========11
6 0 2 24000
Node 66 33 23.3452
Pkt 12 192 0.0625 1
Pkt 15 250 0.06 1
Node 43 31 20.2485
Pkt 18 300 0.06 1
Pkt 24 400 0.06 1
Node 46 49 4.12311
Pkt 45 750 0.06 1
Pkt 48 800 0.06 1
Node 39 46 11.7047
Pkt 9 150 0.06 1
Pkt 12 192 0.0625 1
Node 38 63 17.6918
Pkt 18 300 0.06 1
Pkt 18 300 0.06 1
Node 41 67 19.2354
Pkt 45 750 0.06 1
Pkt 48 800 0.06 1
Rate:120.833
==========
==========12
6 0 2 24000
Node 69 25 31.4006
Pkt 12 200 0.06 1
Pkt 9 150 0.06 1
Node 46 73 23.3452
Pkt 29 480 0.0604167 1
Pkt 29 480 0.0604167 1
Node 41 26 25.632
Pkt 45 750 0.06 1
Pkt 45 750 0.06 1
Node 32 41 20.1246
Pkt 9 150 0.06 1
Pkt 10 160 0.0625 1
Node 41 47 9.48683
Pkt 24 400 0.06 1
Pkt 29 480 0.0604167 1
Node 25 41 26.5707
Pkt 48 800 0.06 1
Pkt 45 750 0.06 1
Rate:120.625
==========
==========13
6 0 2 24000
Node 68 57 19.3132
Pkt 6 100 0.06 1
Pkt 10 160 0.0625 1
Node 57 64 15.6525
Pkt 18 300 0.06 1
Pkt 18 300 0.06 1
Node 66 59 18.3576
Pkt 45 750 0.06 1
Pkt 45 750 0.06 1
Node 26 39 26.4008
Pkt 15 250 0.06 1
Pkt 12 192 0.0625 1
Node 70 38 23.3238
Pkt 18 300 0.06 1
Pkt 23 375 0.0613333 1
Node 55 26 24.5153
Pkt 48 800 0.06 1
Pkt 48 800 0.06 1
Rate:121.056
==========
==========14
6 0 2 24000
Node 42 43 10.6301
Pkt 15 250 0.06 1
Pkt 15 250 0.06 1
Node 37 46 13.6015
Pkt 23 375 0.0613333 1
Pkt 29 480 0.0604167 1
Node 37 54 13.6015
Pkt 45 750 0.06 1
Pkt 45 750 0.06 1
Node 31 33 25.4951
Pkt 12 200 0.06 1
Pkt 12 200 0.06 1
Node 38 65 19.2094
Pkt 29 480 0.0604167 1
Pkt 20 320 0.0625 1
Node 54 40 10.7703
Pkt 48 800 0.06 1
Pkt 45 750 0.06 1
Rate:120.778
==========
==========15
6 0 2 24000
Node 51 28 22.0227
Pkt 8 120 0.0666667 1
Pkt 15 250 0.06 1
Node 70 63 23.8537
Pkt 23 375 0.0613333 1
Pkt 24 400 0.06 1
Node 69 58 20.6155
Pkt 45 750 0.06 1
Pkt 45 750 0.06 1
Node 47 28 22.2036
Pkt 12 200 0.06 1
Pkt 15 240 0.0625 1
Node 72 56 22.8035
Pkt 24 400 0.06 1
Pkt 20 320 0.0625 1
Node 32 41 20.1246
Pkt 48 800 0.06 1
Pkt 45 750 0.06 1
Rate:122.167
==========
==========16
6 0 2 24000
Node 40 51 10.0499
Pkt 12 200 0.06 1
Pkt 8 120 0.0666667 1
Node 30 34 25.6125
Pkt 18 300 0.06 1
Pkt 24 400 0.06 1
Node 71 69 28.3196
Pkt 45 750 0.06 1
Pkt 45 750 0.06 1
Node 61 46 11.7047
Pkt 12 200 0.06 1
Pkt 9 150 0.06 1
Node 58 66 17.8885
Pkt 24 400 0.06 1
Pkt 18 300 0.06 1
Node 74 39 26.4008
Pkt 45 750 0.06 1
Pkt 45 750 0.06 1
Rate:121.111
==========
==========17
6 0 2 24000
Node 56 51 6.08276
Pkt 15 240 0.0625 1
Pkt 10 160 0.0625 1
Node 34 59 18.3576
Pkt 23 375 0.0613333 1
Pkt 23 375 0.0613333 1
Node 60 49 10.0499
Pkt 48 800 0.06 1
Pkt 45 750 0.06 1
Node 71 33 27.0185
Pkt 12 200 0.06 1
Pkt 9 150 0.06 1
Node 41 73 24.6982
Pkt 24 400 0.06 1
Pkt 24 400 0.06 1
Node 66 27 28.0179
Pkt 45 750 0.06 1
Pkt 45 750 0.06 1
Rate:121.278
==========
==========18
6 0 2 24000
Node 65 33 22.6716
Pkt 8 120 0.0666667 1
Pkt 12 200 0.06 1
Node 31 56 19.9249
Pkt 24 400 0.06 1
Pkt 24 400 0.06 1
Node 53 61 11.4018
Pkt 45 750 0.06 1
Pkt 45 750 0.06 1
Node 31 27 29.8329
Pkt 6 100 0.06 1
Pkt 6 100 0.06 1
Node 47 32 18.2483
Pkt 24 400 0.06 1
Pkt 29 480 0.0604167 1
Node 55 55 7.07107
Pkt 48 800 0.06 1
Pkt 45 750 0.06 1
Rate:121.181
==========
==========19
6 0 2 24000
Node 27 71 31.1448
Pkt 10 160 0.0625 1
Pkt 8 125 0.064 1
Node 40 54 10.7703
Pkt 20 320 0.0625 1
Pkt 23 375 0.0613333 1
Node 39 25 27.313
Pkt 48 800 0.06 1
Pkt 48 800 0.06 1
Node 74 63 27.2947
Pkt 15 250 0.06 1
Pkt 6 100 0.06 1
Node 26 37 27.2947
Pkt 23 375 0.0613333 1
Pkt 18 300 0.06 1
Node 30 50 20
Pkt 45 750 0.06 1
Pkt 45 750 0.06 1
Rate:121.944
==========
==========20
6 0 2 24000
Node 41 55 10.2956
Pkt 8 120 0.0666667 1
Pkt 8 120 0.0666667 1
Node 30 69 27.5862
Pkt 24 400 0.06 1
Pkt 23 375 0.0613333 1
Node 56 25 25.7099
Pkt 45 750 0.06 1
Pkt 45 750 0.06 1
Node 73 47 23.1948
Pkt 12 200 0.06 1
Pkt 15 240 0.0625 1
Node 67 58 18.7883
Pkt 23 375 0.0613333 1
Pkt 18 300 0.06 1
Node 63 42 15.2643
Pkt 48 800 0.06 1
Pkt 48 800 0.06 1
Rate:123.083
==========
==========21
6 0 2 24000
Node 69 36 23.6008
Pkt 6 100 0.06 1
Pkt 12 192 0.0625 1
Node 48 25 25.0799
Pkt 29 480 0.0604167 1
Pkt 24 400 0.06 1
Node 60 66 18.868
Pkt 48 800 0.06 1
Pkt 48 800 0.06 1
Node 32 29 27.6586
Pkt 15 250 0.06 1
Pkt 9 150 0.06 1
Node 47 71 21.2132
Pkt 20 320 0.0625 1
Pkt 23 375 0.0613333 1
Node 65 45 15.8114
Pkt 45 750 0.06 1
Pkt 48 800 0.06 1
Rate:121.125
==========
==========22
6 0 2 24000
Node 59 65 17.4929
Pkt 8 120 0.0666667 1
Pkt 8 120 0.0666667 1
Node 66 53 16.2788
Pkt 20 320 0.0625 1
Pkt 24 400 0.06 1
Node 33 28 27.8029
Pkt 48 800 0.06 1
Pkt 45 750 0.06 1
Node 72 58 23.4094
Pkt 8 120 0.0666667 1
Pkt 8 125 0.064 1
Node 66 31 24.8395
Pkt 24 400 0.06 1
Pkt 18 300 0.06 1
Node 31 65 24.2074
Pkt 45 750 0.06 1
Pkt 45 750 0.06 1
Rate:124.417
==========
==========23
6 0 2 24000
Node 71 28 30.4138
Pkt 10 160 0.0625 1
Pkt 10 160 0.0625 1
Node 59 27 24.6982
Pkt 20 320 0.0625 1
Pkt 24 400 0.06 1
Node 25 46 25.318
Pkt 45 750 0.06 1
Pkt 48 800 0.06 1
Node 33 36 22.0227
Pkt 6 100 0.06 1
Pkt 9 150 0.06 1
Node 65 57 16.5529
Pkt 23 375 0.0613333 1
Pkt 18 300 0.06 1
Node 31 53 19.2354
Pkt 48 800 0.06 1
Pkt 45 750 0.06 1
Rate:121.472
==========
==========24
6 0 2 24000
Node 66 39 19.4165
Pkt 6 100 0.06 1
Pkt 15 250 0.06 1
Node 50 42 8
Pkt 18 300 0.06 1
Pkt 24 400 0.06 1
Node 40 59 13.4536
Pkt 48 800 0.06 1
Pkt 48 800 0.06 1
Node 55 43 8.60233
Pkt 12 200 0.06 1
Pkt 15 250 0.06 1
Node 70 31 27.5862
Pkt 24 400 0.06 1
Pkt 24 400 0.06 1
Node 37 47 13.3417
Pkt 45 750 0.06 1
Pkt 45 750 0.06 1
Rate:120
==========
==========25
6 0 2 24000
Node 25 42 26.2488
Pkt 8 125 0.064 1
Pkt 9 150 0.06 1
Node 30 38 23.3238
Pkt 29 480 0.0604167 1
Pkt 24 400 0.06 1
Node 52 33 17.1172
Pkt 45 750 0.06 1
Pkt 48 800 0.06 1
Node 39 52 11.1803
Pkt 8 125 0.064 1
Pkt 9 150 0.06 1
Node 37 65 19.8494
Pkt 24 400 0.06 1
Pkt 29 480 0.0604167 1
Node 44 57 9.21954
Pkt 48 800 0.06 1
Pkt 45 750 0.06 1
Rate:121.472
==========
==========26
6 0 2 24000
Node 67 25 30.2324
Pkt 8 125 0.064 1
Pkt 9 150 0.06 1
Node 59 68 20.1246
Pkt 20 320 0.0625 1
Pkt 20 320 0.0625 1
Node 52 26 24.0832
Pkt 45 750 0.06 1
Pkt 48 800 0.06 1
Node 53 42 8.544
Pkt 10 160 0.0625 1
Pkt 6 100 0.06 1
Node 47 41 9.48683
Pkt 18 300 0.06 1
Pkt 23 375 0.0613333 1
Node 64 57 15.6525
Pkt 48 800 0.06 1
Pkt 45 750 0.06 1
Rate:122.139
==========
==========27
6 0 2 24000
Node 69 26 30.6105
Pkt 6 100 0.06 1
Pkt 6 100 0.06 1
Node 57 67 18.3848
Pkt 29 480 0.0604167 1
Pkt 20 320 0.0625 1
Node 62 39 16.2788
Pkt 48 800 0.06 1
Pkt 48 800 0.06 1
Node 62 49 12.0416
Pkt 6 100 0.06 1
Pkt 15 240 0.0625 1
Node 58 66 17.8885
Pkt 24 400 0.06 1
Pkt 23 375 0.0613333 1
Node 48 35 15.1327
Pkt 48 800 0.06 1
Pkt 45 750 0.06 1
Rate:121.125
==========
==========28
6 0 2 24000
Node 41 32 20.1246
Pkt 10 160 0.0625 1
Pkt 15 240 0.0625 1
Node 27 42 24.3516
Pkt 18 300 0.06 1
Pkt 29 480 0.0604167 1
Node 67 36 22.0227
Pkt 45 750 0.06 1
Pkt 45 750 0.06 1
Node 45 46 6.40312
Pkt 8 125 0.064 1
Pkt 15 250 0.06 1
Node 66 64 21.2603
Pkt 20 320 0.0625 1
Pkt 29 480 0.0604167 1
Node 60 45 11.1803
Pkt 45 750 0.06 1
Pkt 45 750 0.06 1
Rate:122.056
==========
==========29
6 0 2 24000
Node 31 41 21.0238
Pkt 8 120 0.0666667 1
Pkt 15 240 0.0625 1
Node 49 36 14.0357
Pkt 24 400 0.06 1
Pkt 18 300 0.06 1
Node 44 74 24.7386
Pkt 45 750 0.06 1
Pkt 45 750 0.06 1
Node 31 70 27.5862
Pkt 8 120 0.0666667 1
Pkt 12 200 0.06 1
Node 73 35 27.4591
Pkt 24 400 0.06 1
Pkt 18 300 0.06 1
Node 70 58 21.5407
Pkt 45 750 0.06 1
Pkt 48 800 0.06 1
Rate:122.639
==========
==========30
6 0 2 24000
Node 65 70 25
Pkt 15 250 0.06 1
Pkt 8 125 0.064 1
Node 39 66 19.4165
Pkt 29 480 0.0604167 1
Pkt 18 300 0.06 1
Node 59 45 10.2956
Pkt 45 750 0.06 1
Pkt 45 750 0.06 1
Node 32 67 24.7588
Pkt 6 100 0.06 1
Pkt 8 120 0.0666667 1
Node 27 70 30.4795
Pkt 18 300 0.06 1
Pkt 20 320 0.0625 1
Node 59 72 23.7697
Pkt 48 800 0.06 1
Pkt 45 750 0.06 1
Rate:122.264
==========
==========31
6 0 2 24000
Node 53 56 6.7082
Pkt 6 100 0.06 1
Pkt 8 120 0.0666667 1
Node 69 57 20.2485
Pkt 18 300 0.06 1
Pkt 20 320 0.0625 1
Node 44 38 13.4164
Pkt 45 750 0.06 1
Pkt 45 750 0.06 1
Node 64 69 23.6008
Pkt 8 120 0.0666667 1
Pkt 12 200 0.06 1
Node 53 36 14.3178
Pkt 20 320 0.0625 1
Pkt 23 375 0.0613333 1
Node 33 39 20.2485
Pkt 45 750 0.06 1
Pkt 45 750 0.06 1
Rate:123.278
==========
==========32
6 0 2 24000
Node 33 72 27.8029
Pkt 6 100 0.06 1
Pkt 15 240 0.0625 1
Node 70 42 21.5407
Pkt 24 400 0.06 1
Pkt 24 400 0.06 1
Node 49 58 8.06226
Pkt 48 800 0.06 1
Pkt 45 750 0.06 1
Node 53 30 20.2237
Pkt 12 200 0.06 1
Pkt 12 192 0.0625 1
Node 45 29 21.587
Pkt 18 300 0.06 1
Pkt 20 320 0.0625 1
Node 44 50 6
Pkt 48 800 0.06 1
Pkt 45 750 0.06 1
Rate:121.25
==========
==========33
6 0 2 24000
Node 53 32 18.2483
Pkt 9 150 0.06 1
Pkt 10 160 0.0625 1
Node 26 62 26.8328
Pkt 29 480 0.0604167 1
Pkt 20 320 0.0625 1
Node 66 62 20
Pkt 45 750 0.06 1
Pkt 48 800 0.06 1
Node 30 50 20
Pkt 10 160 0.0625 1
Pkt 10 160 0.0625 1
Node 51 43 7.07107
Pkt 20 320 0.0625 1
Pkt 18 300 0.06 1
Node 66 46 16.4924
Pkt 48 800 0.06 1
Pkt 48 800 0.06 1
Rate:122.153
==========
==========34
6 0 2 24000
Node 26 55 24.5153
Pkt 6 100 0.06 1
Pkt 8 120 0.0666667 1
Node 50 40 10
Pkt 18 300 0.06 1
Pkt 23 375 0.0613333 1
Node 74 55 24.5153
Pkt 45 750 0.06 1
Pkt 48 800 0.06 1
Node 32 73 29.2062
Pkt 9 150 0.06 1
Pkt 8 125 0.064 1
Node 36 26 27.7849
Pkt 20 320 0.0625 1
Pkt 24 400 0.06 1
Node 68 29 27.6586
Pkt 45 750 0.06 1
Pkt 48 800 0.06 1
Rate:122.417
==========
==========35
6 0 2 24000
Node 65 53 15.2971
Pkt 12 192 0.0625 1
Pkt 9 150 0.06 1
Node 68 26 30
Pkt 18 300 0.06 1
Pkt 29 480 0.0604167 1
Node 55 37 13.9284
Pkt 48 800 0.06 1
Pkt 45 750 0.06 1
Node 61 71 23.7065
Pkt 9 150 0.06 1
Pkt 15 250 0.06 1
Node 53 42 8.544
Pkt 29 480 0.0604167 1
Pkt 23 375 0.0613333 1
Node 32 59 20.1246
Pkt 48 800 0.06 1
Pkt 45 750 0.06 1
Rate:120.778
==========
==========36
6 0 2 24000
Node 42 49 8.06226
Pkt 12 192 0.0625 1
Pkt 15 250 0.06 1
Node 41 70 21.9317
Pkt 18 300 0.06 1
Pkt 29 480 0.0604167 1
Node 68 45 18.6815
Pkt 45 750 0.06 1
Pkt 48 800 0.06 1
Node 29 47 21.2132
Pkt 8 120 0.0666667 1
Pkt 12 192 0.0625 1
Node 39 41 14.2127
Pkt 24 400 0.06 1
Pkt 24 400 0.06 1
Node 28 47 22.2036
Pkt 48 800 0.06 1
Pkt 48 800 0.06 1
Rate:122.014
==========
==========37
6 0 2 24000
Node 65 71 25.807
Pkt 8 120 0.0666667 1
Pkt 10 160 0.0625 1
Node 62 64 18.4391
Pkt 24 400 0.06 1
Pkt 29 480 0.0604167 1
Node 52 71 21.095
Pkt 48 800 0.06 1
Pkt 45 750 0.06 1
Node 25 70 32.0156
Pkt 15 240 0.0625 1
Pkt 12 200 0.06 1
Node 53 41 9.48683
Pkt 23 375 0.0613333 1
Pkt 18 300 0.06 1
Node 50 68 18
Pkt 45 750 0.06 1
Pkt 48 800 0.06 1
Rate:122.236
==========
==========38
6 0 2 24000
Node 74 26 33.9411
Pkt 8 120 0.0666667 1
Pkt 12 192 0.0625 1
Node 62 67 20.8087
Pkt 24 400 0.06 1
Pkt 20 320 0.0625 1
Node 67 34 23.3452
Pkt 48 800 0.06 1
Pkt 48 800 0.06 1
Node 67 70 26.2488
Pkt 8 125 0.064 1
Pkt 9 150 0.06 1
Node 27 38 25.9422
Pkt 24 400 0.06 1
Pkt 20 320 0.0625 1
Node 40 46 10.7703
Pkt 48 800 0.06 1
Pkt 48 800 0.06 1
Rate:123.028
==========
==========39
6 0 2 24000
Node 39 47 11.4018
Pkt 12 200 0.06 1
Pkt 9 150 0.06 1
Node 62 66 20
Pkt 23 375 0.0613333 1
Pkt 23 375 0.0613333 1
Node 43 35 16.5529
Pkt 45 750 0.06 1
Pkt 48 800 0.06 1
Node 38 26 26.8328
Pkt 12 192 0.0625 1
Pkt 12 200 0.06 1
Node 56 57 9.21954
Pkt 24 400 0.06 1
Pkt 29 480 0.0604167 1
Node 32 35 23.4307
Pkt 45 750 0.06 1
Pkt 48 800 0.06 1
Rate:120.931
==========
==========40
6 0 2 24000
Node 34 47 16.2788
Pkt 12 200 0.06 1
Pkt 12 192 0.0625 1
Node 65 32 23.4307
Pkt 18 300 0.06 1
Pkt 20 320 0.0625 1
Node 50 51 1
Pkt 48 800 0.06 1
Pkt 48 800 0.06 1
Node 72 48 22.0907
Pkt 15 240 0.0625 1
Pkt 6 100 0.06 1
Node 52 62 12.1655
Pkt 24 400 0.06 1
Pkt 20 320 0.0625 1
Node 58 73 24.3516
Pkt 48 800 0.06 1
Pkt 45 750 0.06 1
Rate:121.667
==========
==========41
6 0 2 24000
Node 34 29 26.4008
Pkt 6 100 0.06 1
Pkt 6 100 0.06 1
Node 36 27 26.9258
Pkt 24 400 0.06 1
Pkt 29 480 0.0604167 1
Node 40 28 24.1661
Pkt 48 800 0.06 1
Pkt 48 800 0.06 1
Node 31 45 19.6469
Pkt 9 150 0.06 1
Pkt 10 160 0.0625 1
Node 39 59 14.2127
Pkt 20 320 0.0625 1
Pkt 23 375 0.0613333 1
Node 55 49 5.09902
Pkt 45 750 0.06 1
Pkt 48 800 0.06 1
Rate:121.125
==========
==========42
6 0 2 24000
Node 52 70 20.0998
Pkt 8 120 0.0666667 1
Pkt 6 100 0.06 1
Node 72 27 31.8277
Pkt 29 480 0.0604167 1
Pkt 23 375 0.0613333 1
Node 62 69 22.4722
Pkt 45 750 0.06 1
Pkt 45 750 0.06 1
Node 73 53 23.1948
Pkt 8 120 0.0666667 1
Pkt 15 240 0.0625 1
Node 64 35 20.5183
Pkt 24 400 0.06 1
Pkt 29 480 0.0604167 1
Node 74 73 33.2415
Pkt 45 750 0.06 1
Pkt 48 800 0.06 1
Rate:123
==========
==========43
6 0 2 24000
Node 53 52 3.60555
Pkt 12 200 0.06 1
Pkt 6 100 0.06 1
Node 49 37 13.0384
Pkt 29 480 0.0604167 1
Pkt 18 300 0.06 1
Node 63 25 28.178
Pkt 45 750 0.06 1
Pkt 45 750 0.06 1
Node 50 29 21
Pkt 6 100 0.06 1
Pkt 10 160 0.0625 1
Node 36 44 15.2315
Pkt 23 375 0.0613333 1
Pkt 20 320 0.0625 1
Node 62 58 14.4222
Pkt 48 800 0.06 1
Pkt 45 750 0.06 1
Rate:121.125
==========
==========44
6 0 2 24000
Node 45 25 25.4951
Pkt 15 250 0.06 1
Pkt 12 192 0.0625 1
Node 41 38 15
Pkt 29 480 0.0604167 1
Pkt 24 400 0.06 1
Node 65 74 28.3019
Pkt 48 800 0.06 1
Pkt 48 800 0.06 1
Node 63 66 20.6155
Pkt 9 150 0.06 1
Pkt 10 160 0.0625 1
Node 36 61 17.8045
Pkt 18 300 0.06 1
Pkt 23 375 0.0613333 1
Node 50 59 9
Pkt 45 750 0.06 1
Pkt 48 800 0.06 1
Rate:121.125
==========
==========45
6 0 2 24000
Node 61 57 13.0384
Pkt 15 240 0.0625 1
Pkt 12 192 0.0625 1
Node 29 47 21.2132
Pkt 24 400 0.06 1
Pkt 29 480 0.0604167 1
Node 26 69 30.6105
Pkt 48 800 0.06 1
Pkt 48 800 0.06 1
Node 67 30 26.2488
Pkt 15 240 0.0625 1
Pkt 15 240 0.0625 1
Node 41 38 15
Pkt 29 480 0.0604167 1
Pkt 23 375 0.0613333 1
Node 61 70 22.8254
Pkt 48 800 0.06 1
Pkt 45 750 0.06 1
Rate:122.028
==========
==========46
6 0 2 24000
Node 62 68 21.6333
Pkt 10 160 0.0625 1
Pkt 9 150 0.06 1
Node 26 64 27.7849
Pkt 23 375 0.0613333 1
Pkt 18 300 0.06 1
Node 46 58 8.94427
Pkt 45 750 0.06 1
Pkt 48 800 0.06 1
Node 64 60 17.2047
Pkt 12 200 0.06 1
Pkt 12 200 0.06 1
Node 70 50 20
Pkt 23 375 0.0613333 1
Pkt 29 480 0.0604167 1
Node 68 28 28.4253
Pkt 45 750 0.06 1
Pkt 45 750 0.06 1
Rate:120.931
==========
==========47
6 0 2 24000
Node 64 37 19.105
Pkt 10 160 0.0625 1
Pkt 9 150 0.06 1
Node 50 38 12
Pkt 20 320 0.0625 1
Pkt 23 375 0.0613333 1
Node 58 43 10.6301
Pkt 45 750 0.06 1
Pkt 45 750 0.06 1
Node 68 32 25.4558
Pkt 6 100 0.06 1
Pkt 10 160 0.0625 1
Node 46 46 5.65685
Pkt 29 480 0.0604167 1
Pkt 24 400 0.06 1
Node 67 28 27.8029
Pkt 45 750 0.06 1
Pkt 48 800 0.06 1
Rate:121.542
==========
==========48
6 0 2 24000
Node 53 41 9.48683
Pkt 12 200 0.06 1
Pkt 8 125 0.064 1
Node 45 38 13
Pkt 18 300 0.06 1
Pkt 23 375 0.0613333 1
Node 62 74 26.8328
Pkt 45 750 0.06 1
Pkt 48 800 0.06 1
Node 31 43 20.2485
Pkt 15 250 0.06 1
Pkt 15 240 0.0625 1
Node 25 39 27.313
Pkt 24 400 0.06 1
Pkt 24 400 0.06 1
Node 44 69 19.9249
Pkt 45 750 0.06 1
Pkt 48 800 0.06 1
Rate:121.306
==========
==========49
6 0 2 24000
Node 67 29 27.0185
Pkt 6 100 0.06 1
Pkt 9 150 0.06 1
Node 62 66 20
Pkt 24 400 0.06 1
Pkt 23 375 0.0613333 1
Node 59 57 11.4018
Pkt 48 800 0.06 1
Pkt 48 800 0.06 1
Node 35 41 17.4929
Pkt 15 250 0.06 1
Pkt 9 150 0.06 1
Node 34 45 16.7631
Pkt 18 300 0.06 1
Pkt 29 480 0.0604167 1
Node 57 65 16.5529
Pkt 48 800 0.06 1
Pkt 48 800 0.06 1
Rate:120.292
==========
==========50
6 0 2 24000
Node 35 26 28.3019
Pkt 8 125 0.064 1
Pkt 10 160 0.0625 1
Node 41 56 10.8167
Pkt 18 300 0.06 1
Pkt 23 375 0.0613333 1
Node 63 42 15.2643
Pkt 45 750 0.06 1
Pkt 45 750 0.06 1
Node 71 47 21.2132
Pkt 12 200 0.06 1
Pkt 8 120 0.0666667 1
Node 40 71 23.2594
Pkt 23 375 0.0613333 1
Pkt 29 480 0.0604167 1
Node 54 26 24.3311
Pkt 45 750 0.06 1
Pkt 45 750 0.06 1
Rate:122.708
==========
==========51
6 0 2 24000
Node 57 38 13.8924
Pkt 9 150 0.06 1
Pkt 15 240 0.0625 1
Node 64 28 26.0768
Pkt 20 320 0.0625 1
Pkt 18 300 0.06 1
Node 59 70 21.9317
Pkt 45 750 0.06 1
Pkt 45 750 0.06 1
Node 52 50 2
Pkt 15 240 0.0625 1
Pkt 15 250 0.06 1
Node 69 28 29.0689
Pkt 20 320 0.0625 1
Pkt 23 375 0.0613333 1
Node 58 37 15.2643
Pkt 48 800 0.06 1
Pkt 48 800 0.06 1
Rate:121.889
==========
==========52
6 0 2 24000
Node 67 71 27.0185
Pkt 10 160 0.0625 1
Pkt 9 150 0.06 1
Node 57 41 11.4018
Pkt 23 375 0.0613333 1
Pkt 24 400 0.06 1
Node 48 42 8.24621
Pkt 45 750 0.06 1
Pkt 48 800 0.06 1
Node 25 36 28.6531
Pkt 12 200 0.06 1
Pkt 12 200 0.06 1
Node 70 72 29.7321
Pkt 23 375 0.0613333 1
Pkt 29 480 0.0604167 1
Node 66 60 18.868
Pkt 45 750 0.06 1
Pkt 48 800 0.06 1
Rate:120.931
==========
==========53
6 0 2 24000
Node 44 43 9.21954
Pkt 10 160 0.0625 1
Pkt 10 160 0.0625 1
Node 27 54 23.3452
Pkt 24 400 0.06 1
Pkt 29 480 0.0604167 1
Node 32 31 26.1725
Pkt 45 750 0.06 1
Pkt 45 750 0.06 1
Node 39 61 15.5563
Pkt 8 125 0.064 1
Pkt 15 250 0.06 1
Node 74 42 25.2982
Pkt 20 320 0.0625 1
Pkt 20 320 0.0625 1
Node 58 70 21.5407
Pkt 45 750 0.06 1
Pkt 45 750 0.06 1
Rate:122.403
==========
==========54
6 0 2 24000
Node 73 54 23.3452
Pkt 12 192 0.0625 1
Pkt 10 160 0.0625 1
Node 64 74 27.7849
Pkt 23 375 0.0613333 1
Pkt 29 480 0.0604167 1
Node 48 63 13.1529
Pkt 48 800 0.06 1
Pkt 45 750 0.06 1
Node 32 58 19.6977
Pkt 12 192 0.0625 1
Pkt 12 192 0.0625 1
Node 73 55 23.5372
Pkt 18 300 0.06 1
Pkt 29 480 0.0604167 1
Node 41 74 25.632
Pkt 45 750 0.06 1
Pkt 48 800 0.06 1
Rate:122.028
==========
==========55
6 0 2 24000
Node 43 57 9.89949
Pkt 9 150 0.06 1
Pkt 12 200 0.06 1
Node 54 53 5
Pkt 24 400 0.06 1
Pkt 20 320 0.0625 1
Node 45 25 25.4951
Pkt 45 750 0.06 1
Pkt 48 800 0.06 1
Node 30 63 23.8537
Pkt 12 192 0.0625 1
Pkt 15 250 0.06 1
Node 67 68 24.7588
Pkt 29 480 0.0604167 1
Pkt 24 400 0.06 1
Node 74 73 33.2415
Pkt 48 800 0.06 1
Pkt 45 750 0.06 1
Rate:120.903
==========
==========56
6 0 2 24000
Node 27 34 28.0179
Pkt 12 200 0.06 1
Pkt 9 150 0.06 1
Node 65 56 16.1555
Pkt 18 300 0.06 1
Pkt 29 480 0.0604167 1
Node 55 49 5.09902
Pkt 45 750 0.06 1
Pkt 45 750 0.06 1
Node 68 29 27.6586
Pkt 12 192 0.0625 1
Pkt 8 120 0.0666667 1
Node 41 43 11.4018
Pkt 24 400 0.06 1
Pkt 29 480 0.0604167 1
Node 29 73 31.1448
Pkt 45 750 0.06 1
Pkt 48 800 0.06 1
Rate:121.667
==========
==========57
6 0 2 24000
Node 25 32 30.8058
Pkt 8 120 0.0666667 1
Pkt 10 160 0.0625 1
Node 35 74 28.3019
Pkt 29 480 0.0604167 1
Pkt 20 320 0.0625 1
Node 64 53 14.3178
Pkt 45 750 0.06 1
Pkt 45 750 0.06 1
Node 38 28 25.0599
Pkt 12 192 0.0625 1
Pkt 10 160 0.0625 1
Node 70 49 20.025
Pkt 29 480 0.0604167 1
Pkt 24 400 0.06 1
Node 31 27 29.8329
Pkt 48 800 0.06 1
Pkt 45 750 0.06 1
Rate:122.917
==========
==========58
6 0 2 24000
Node 69 39 21.9545
Pkt 12 200 0.06 1
Pkt 12 192 0.0625 1
Node 66 57 17.4642
Pkt 23 375 0.0613333 1
Pkt 18 300 0.06 1
Node 31 65 24.2074
Pkt 45 750 0.06 1
Pkt 48 800 0.06 1
Node 41 69 21.0238
Pkt 15 240 0.0625 1
Pkt 15 240 0.0625 1
Node 29 68 27.6586
Pkt 23 375 0.0613333 1
Pkt 29 480 0.0604167 1
Node 31 66 24.8395
Pkt 48 800 0.06 1
Pkt 48 800 0.06 1
Rate:121.764
==========
==========59
6 0 2 24000
Node 29 67 27.0185
Pkt 9 150 0.06 1
Pkt 8 120 0.0666667 1
Node 41 60 13.4536
Pkt 24 400 0.06 1
Pkt 20 320 0.0625 1
Node 66 46 16.4924
Pkt 45 750 0.06 1
Pkt 45 750 0.06 1
Node 44 60 11.6619
Pkt 6 100 0.06 1
Pkt 12 192 0.0625 1
Node 44 51 6.08276
Pkt 23 375 0.0613333 1
Pkt 29 480 0.0604167 1
Node 41 30 21.9317
Pkt 48 800 0.06 1
Pkt 45 750 0.06 1
Rate:122.236
==========
==========60
6 0 2 24000
Node 38 67 20.8087
Pkt 6 100 0.06 1
Pkt 15 250 0.06 1
Node 39 49 11.0454
Pkt 29 480 0.0604167 1
Pkt 29 480 0.0604167 1
Node 62 69 22.4722
Pkt 45 750 0.06 1
Pkt 48 800 0.06 1
Node 58 44 10
Pkt 8 120 0.0666667 1
Pkt 15 240 0.0625 1
Node 45 25 25.4951
Pkt 29 480 0.0604167 1
Pkt 29 480 0.0604167 1
Node 74 62 26.8328
Pkt 48 800 0.06 1
Pkt 45 750 0.06 1
Rate:121.806
==========
==========61
6 0 2 24000
Node 38 61 16.2788
Pkt 15 240 0.0625 1
Pkt 8 120 0.0666667 1
Node 69 69 26.8701
Pkt 24 400 0.06 1
Pkt 24 400 0.06 1
Node 58 73 24.3516
Pkt 45 750 0.06 1
Pkt 48 800 0.06 1
Node 70 38 23.3238
Pkt 10 160 0.0625 1
Pkt 9 150 0.06 1
Node 72 73 31.8277
Pkt 20 320 0.0625 1
Pkt 24 400 0.06 1
Node 37 58 15.2643
Pkt 48 800 0.06 1
Pkt 45 750 0.06 1
Rate:122.361
==========
==========62
6 0 2 24000
Node 39 42 13.6015
Pkt 8 125 0.064 1
Pkt 15 250 0.06 1
Node 37 35 19.8494
Pkt 24 400 0.06 1
Pkt 23 375 0.0613333 1
Node 31 55 19.6469
Pkt 45 750 0.06 1
Pkt 45 750 0.06 1
Node 70 48 20.0998
Pkt 9 150 0.06 1
Pkt 8 125 0.064 1
Node 52 58 8.24621
Pkt 24 400 0.06 1
Pkt 24 400 0.06 1
Node 58 38 14.4222
Pkt 48 800 0.06 1
Pkt 48 800 0.06 1
Rate:121.556
==========
==========63
6 0 2 24000
Node 48 65 15.1327
Pkt 15 250 0.06 1
Pkt 12 200 0.06 1
Node 50 53 3
Pkt 20 320 0.0625 1
Pkt 18 300 0.06 1
Node 55 47 5.83095
Pkt 45 750 0.06 1
Pkt 48 800 0.06 1
Node 51 46 4.12311
Pkt 15 250 0.06 1
Pkt 6 100 0.06 1
Node 33 74 29.4109
Pkt 18 300 0.06 1
Pkt 24 400 0.06 1
Node 60 70 22.3607
Pkt 45 750 0.06 1
Pkt 48 800 0.06 1
Rate:120.417
==========
==========64
6 0 2 24000
Node 26 71 31.8904
Pkt 15 240 0.0625 1
Pkt 9 150 0.06 1
Node 28 59 23.7697
Pkt 23 375 0.0613333 1
Pkt 20 320 0.0625 1
Node 58 28 23.4094
Pkt 48 800 0.06 1
Pkt 48 800 0.06 1
Node 52 39 11.1803
Pkt 6 100 0.06 1
Pkt 15 240 0.0625 1
Node 36 70 24.4131
Pkt 20 320 0.0625 1
Pkt 23 375 0.0613333 1
Node 74 25 34.6554
Pkt 45 750 0.06 1
Pkt 45 750 0.06 1
Rate:122.111
==========
==========65
6 0 2 24000
Node 25 67 30.2324
Pkt 8 125 0.064 1
Pkt 8 120 0.0666667 1
Node 55 60 11.1803
Pkt 20 320 0.0625 1
Pkt 23 375 0.0613333 1
Node 54 70 20.3961
Pkt 45 750 0.06 1
Pkt 45 750 0.06 1
Node 42 72 23.4094
Pkt 15 240 0.0625 1
Pkt 15 250 0.06 1
Node 35 25 29.1548
Pkt 18 300 0.06 1
Pkt 23 375 0.0613333 1
Node 62 50 12
Pkt 45 750 0.06 1
Pkt 48 800 0.06 1
Rate:123.056
==========
==========66
6 0 2 24000
Node 35 66 21.9317
Pkt 9 150 0.06 1
Pkt 9 150 0.06 1
Node 38 67 20.8087
Pkt 18 300 0.06 1
Pkt 18 300 0.06 1
Node 57 40 12.2066
Pkt 48 800 0.06 1
Pkt 45 750 0.06 1
Node 32 59 20.1246
Pkt 15 250 0.06 1
Pkt 8 120 0.0666667 1
Node 50 74 24
Pkt 23 375 0.0613333 1
Pkt 24 400 0.06 1
Node 56 38 13.4164
Pkt 45 750 0.06 1
Pkt 48 800 0.06 1
Rate:121.333
==========
==========67
6 0 2 24000
Node 71 39 23.7065
Pkt 10 160 0.0625 1
Pkt 15 250 0.06 1
Node 44 34 17.088
Pkt 24 400 0.06 1
Pkt 23 375 0.0613333 1
Node 49 29 21.0238
Pkt 45 750 0.06 1
Pkt 48 800 0.06 1
Node 69 31 26.8701
Pkt 9 150 0.06 1
Pkt 9 150 0.06 1
Node 45 44 7.81025
Pkt 24 400 0.06 1
Pkt 23 375 0.0613333 1
Node 64 42 16.1245
Pkt 48 800 0.06 1
Pkt 48 800 0.06 1
Rate:120.861
==========
==========68
6 0 2 24000
Node 58 36 16.1245
Pkt 12 200 0.06 1
Pkt 8 125 0.064 1
Node 52 28 22.0907
Pkt 23 375 0.0613333 1
Pkt 23 375 0.0613333 1
Node 50 28 22
Pkt 45 750 0.06 1
Pkt 48 800 0.06 1
Node 51 69 19.0263
Pkt 12 192 0.0625 1
Pkt 10 160 0.0625 1
Node 71 49 21.0238
Pkt 18 300 0.06 1
Pkt 29 480 0.0604167 1
Node 51 26 24.0208
Pkt 45 750 0.06 1
Pkt 45 750 0.06 1
Rate:122.014
==========
==========69
6 0 2 24000
Node 61 34 19.4165
Pkt 8 120 0.0666667 1
Pkt 15 240 0.0625 1
Node 73 30 30.4795
Pkt 29 480 0.0604167 1
Pkt 20 320 0.0625 1
Node 49 42 8.06226
Pkt 48 800 0.06 1
Pkt 45 750 0.06 1
Node 56 46 7.2111
Pkt 8 120 0.0666667 1
Pkt 6 100 0.06 1
Node 51 27 23.0217
Pkt 18 300 0.06 1
Pkt 29 480 0.0604167 1
Node 28 34 27.2029
Pkt 48 800 0.06 1
Pkt 45 750 0.06 1
Rate:123.194
==========
==========70
6 0 2 24000
Node 67 36 22.0227
Pkt 12 200 0.06 1
Pkt 12 200 0.06 1
Node 38 66 20
Pkt 29 480 0.0604167 1
Pkt 20 320 0.0625 1
Node 70 60 22.3607
Pkt 48 800 0.06 1
Pkt 45 750 0.06 1
Node 49 28 22.0227
Pkt 9 150 0.06 1
Pkt 15 250 0.06 1
Node 59 54 9.84886
Pkt 18 300 0.06 1
Pkt 24 400 0.06 1
Node 54 48 4.47214
Pkt 45 750 0.06 1
Pkt 48 800 0.06 1
Rate:120.486
==========
==========71
6 0 2 24000
Node 63 57 14.7648
Pkt 6 100 0.06 1
Pkt 12 200 0.06 1
Node 60 63 16.4012
Pkt 20 320 0.0625 1
Pkt 23 375 0.0613333 1
Node 65 70 25
Pkt 48 800 0.06 1
Pkt 45 750 0.06 1
Node 72 36 26.0768
Pkt 8 120 0.0666667 1
Pkt 15 240 0.0625 1
Node 70 59 21.9317
Pkt 20 320 0.0625 1
Pkt 23 375 0.0613333 1
Node 49 55 5.09902
Pkt 45 750 0.06 1
Pkt 48 800 0.06 1
Rate:122.806
==========
==========72
6 0 2 24000
Node 73 37 26.4197
Pkt 12 192 0.0625 1
Pkt 8 125 0.064 1
Node 51 64 14.0357
Pkt 23 375 0.0613333 1
Pkt 29 480 0.0604167 1
Node 57 45 8.60233
Pkt 45 750 0.06 1
Pkt 45 750 0.06 1
Node 26 39 26.4008
Pkt 6 100 0.06 1
Pkt 15 250 0.06 1
Node 41 43 11.4018
Pkt 24 400 0.06 1
Pkt 18 300 0.06 1
Node 55 64 14.8661
Pkt 45 750 0.06 1
Pkt 48 800 0.06 1
Rate:121.375
==========
==========73
6 0 2 24000
Node 58 57 10.6301
Pkt 9 150 0.06 1
Pkt 9 150 0.06 1
Node 67 28 27.8029
Pkt 18 300 0.06 1
Pkt 20 320 0.0625 1
Node 36 35 20.5183
Pkt 48 800 0.06 1
Pkt 45 750 0.06 1
Node 60 73 25.0799
Pkt 6 100 0.06 1
Pkt 10 160 0.0625 1
Node 27 27 32.5269
Pkt 18 300 0.06 1
Pkt 29 480 0.0604167 1
Node 35 74 28.3019
Pkt 45 750 0.06 1
Pkt 48 800 0.06 1
Rate:120.903
==========
==========74
6 0 2 24000
Node 71 72 30.4138
Pkt 8 120 0.0666667 1
Pkt 6 100 0.06 1
Node 74 74 33.9411
Pkt 20 320 0.0625 1
Pkt 20 320 0.0625 1
Node 60 40 14.1421
Pkt 48 800 0.06 1
Pkt 45 750 0.06 1
Node 27 62 25.9422
Pkt 9 150 0.06 1
Pkt 15 240 0.0625 1
Node 35 67 22.6716
Pkt 20 320 0.0625 1
Pkt 23 375 0.0613333 1
Node 25 49 25.02
Pkt 48 800 0.06 1
Pkt 48 800 0.06 1
Rate:123
==========
==========75
6 0 2 24000
Node 66 55 16.7631
Pkt 12 192 0.0625 1
Pkt 12 192 0.0625 1
Node 64 41 16.6433
Pkt 23 375 0.0613333 1
Pkt 18 300 0.06 1
Node 50 27 23
Pkt 48 800 0.06 1
Pkt 45 750 0.06 1
Node 72 37 25.5539
Pkt 12 200 0.06 1
Pkt 8 125 0.064 1
Node 52 30 20.0998
Pkt 24 400 0.06 1
Pkt 29 480 0.0604167 1
Node 30 52 20.0998
Pkt 48 800 0.06 1
Pkt 45 750 0.06 1
Rate:121.792
==========
==========76
6 0 2 24000
Node 60 47 10.4403
Pkt 15 250 0.06 1
Pkt 12 200 0.06 1
Node 35 60 18.0278
Pkt 18 300 0.06 1
Pkt 29 480 0.0604167 1
Node 57 58 10.6301
Pkt 45 750 0.06 1
Pkt 45 750 0.06 1
Node 42 59 12.0416
Pkt 9 150 0.06 1
Pkt 12 192 0.0625 1
Node 57 56 9.21954
Pkt 29 480 0.0604167 1
Pkt 24 400 0.06 1
Node 55 51 5.09902
Pkt 45 750 0.06 1
Pkt 48 800 0.06 1
Rate:120.556
==========
==========77
6 0 2 24000
Node 35 42 17
Pkt 6 100 0.06 1
Pkt 15 240 0.0625 1
Node 53 39 11.4018
Pkt 24 400 0.06 1
Pkt 20 320 0.0625 1
Node 67 45 17.72
Pkt 48 800 0.06 1
Pkt 45 750 0.06 1
Node 55 68 18.6815
Pkt 12 192 0.0625 1
Pkt 15 250 0.06 1
Node 40 57 12.2066
Pkt 23 375 0.0613333 1
Pkt 23 375 0.0613333 1
Node 65 57 16.5529
Pkt 45 750 0.06 1
Pkt 45 750 0.06 1
Rate:121.694
==========
==========78
6 0 2 24000
Node 25 31 31.4006
Pkt 12 192 0.0625 1
Pkt 6 100 0.06 1
Node 71 54 21.3776
Pkt 29 480 0.0604167 1
Pkt 23 375 0.0613333 1
Node 67 56 18.0278
Pkt 45 750 0.06 1
Pkt 48 800 0.06 1
Node 42 58 11.3137
Pkt 12 200 0.06 1
Pkt 15 250 0.06 1
Node 43 43 9.89949
Pkt 18 300 0.06 1
Pkt 24 400 0.06 1
Node 50 56 6
Pkt 48 800 0.06 1
Pkt 45 750 0.06 1
Rate:120.708
==========
==========79
6 0 2 24000
Node 71 58 22.4722
Pkt 15 240 0.0625 1
Pkt 12 200 0.06 1
Node 72 35 26.6271
Pkt 23 375 0.0613333 1
Pkt 23 375 0.0613333 1
Node 70 74 31.241
Pkt 48 800 0.06 1
Pkt 45 750 0.06 1
Node 47 48 3.60555
Pkt 15 240 0.0625 1
Pkt 15 240 0.0625 1
Node 66 71 26.4008
Pkt 18 300 0.06 1
Pkt 29 480 0.0604167 1
Node 70 73 30.4795
Pkt 48 800 0.06 1
Pkt 45 750 0.06 1
Rate:121.764
==========
==========80
6 0 2 24000
Node 74 41 25.632
Pkt 15 240 0.0625 1
Pkt 12 192 0.0625 1
Node 42 64 16.1245
Pkt 29 480 0.0604167 1
Pkt 18 300 0.06 1
Node 45 66 16.7631
Pkt 48 800 0.06 1
Pkt 45 750 0.06 1
Node 62 32 21.6333
Pkt 8 120 0.0666667 1
Pkt 8 120 0.0666667 1
Node 37 63 18.3848
Pkt 20 320 0.0625 1
Pkt 23 375 0.0613333 1
Node 71 60 23.2594
Pkt 48 800 0.06 1
Pkt 45 750 0.06 1
Rate:123.764
==========
==========81
6 0 2 24000
Node 57 38 13.8924
Pkt 8 125 0.064 1
Pkt 15 250 0.06 1
Node 72 28 31.1127
Pkt 23 375 0.0613333 1
Pkt 23 375 0.0613333 1
Node 26 47 24.1868
Pkt 48 800 0.06 1
Pkt 48 800 0.06 1
Node 31 41 21.0238
Pkt 12 200 0.06 1
Pkt 8 125 0.064 1
Node 41 71 22.8473
Pkt 29 480 0.0604167 1
Pkt 18 300 0.06 1
Node 35 31 24.2074
Pkt 45 750 0.06 1
Pkt 45 750 0.06 1
Rate:121.847
==========
==========82
6 0 2 24000
Node 55 33 17.72
Pkt 12 192 0.0625 1
Pkt 8 120 0.0666667 1
Node 68 74 30
Pkt 24 400 0.06 1
Pkt 23 375 0.0613333 1
Node 65 64 20.5183
Pkt 45 750 0.06 1
Pkt 48 800 0.06 1
Node 55 65 15.8114
Pkt 15 240 0.0625 1
Pkt 12 200 0.06 1
Node 67 42 18.7883
Pkt 29 480 0.0604167 1
Pkt 18 300 0.06 1
Node 50 39 11
Pkt 48 800 0.06 1
Pkt 45 750 0.06 1
Rate:122.236
==========
==========83
6 0 2 24000
Node 59 26 25.632
Pkt 6 100 0.06 1
Pkt 6 100 0.06 1
Node 45 49 5.09902
Pkt 23 375 0.0613333 1
Pkt 29 480 0.0604167 1
Node 34 58 17.8885
Pkt 45 750 0.06 1
Pkt 48 800 0.06 1
Node 44 51 6.08276
Pkt 6 100 0.06 1
Pkt 9 150 0.06 1
Node 43 57 9.89949
Pkt 29 480 0.0604167 1
Pkt 29 480 0.0604167 1
Node 26 58 25.2982
Pkt 45 750 0.06 1
Pkt 48 800 0.06 1
Rate:120.431
==========
==========84
6 0 2 24000
Node 64 51 14.0357
Pkt 9 150 0.06 1
Pkt 10 160 0.0625 1
Node 59 68 20.1246
Pkt 23 375 0.0613333 1
Pkt 23 375 0.0613333 1
Node 40 53 10.4403
Pkt 45 750 0.06 1
Pkt 45 750 0.06 1
Node 40 36 17.2047
Pkt 10 160 0.0625 1
Pkt 8 120 0.0666667 1
Node 68 58 19.6977
Pkt 18 300 0.06 1
Pkt 23 375 0.0613333 1
Node 51 57 7.07107
Pkt 48 800 0.06 1
Pkt 45 750 0.06 1
Rate:122.611
==========
==========85
6 0 2 24000
Node 37 65 19.8494
Pkt 12 200 0.06 1
Pkt 15 240 0.0625 1
Node 39 73 25.4951
Pkt 29 480 0.0604167 1
Pkt 24 400 0.06 1
Node 64 37 19.105
Pkt 48 800 0.06 1
Pkt 45 750 0.06 1
Node 71 74 31.8904
Pkt 8 120 0.0666667 1
Pkt 12 200 0.06 1
Node 41 42 12.0416
Pkt 29 480 0.0604167 1
Pkt 23 375 0.0613333 1
Node 73 27 32.5269
Pkt 45 750 0.06 1
Pkt 45 750 0.06 1
Rate:121.889
==========
==========86
6 0 2 24000
Node 71 55 21.587
Pkt 12 192 0.0625 1
Pkt 6 100 0.06 1
Node 71 48 21.095
Pkt 20 320 0.0625 1
Pkt 23 375 0.0613333 1
Node 44 42 10
Pkt 45 750 0.06 1
Pkt 45 750 0.06 1
Node 55 69 19.6469
Pkt 9 150 0.06 1
Pkt 15 240 0.0625 1
Node 73 70 30.4795
Pkt 23 375 0.0613333 1
Pkt 29 480 0.0604167 1
Node 31 34 24.8395
Pkt 48 800 0.06 1
Pkt 45 750 0.06 1
Rate:121.764
==========
==========87
6 0 2 24000
Node 35 55 15.8114
Pkt 12 192 0.0625 1
Pkt 12 192 0.0625 1
Node 73 53 23.1948
Pkt 20 320 0.0625 1
Pkt 24 400 0.06 1
Node 58 37 15.2643
Pkt 48 800 0.06 1
Pkt 45 750 0.06 1
Node 60 47 10.4403
Pkt 15 240 0.0625 1
Pkt 12 192 0.0625 1
Node 74 67 29.4109
Pkt 29 480 0.0604167 1
Pkt 18 300 0.06 1
Node 71 39 23.7065
Pkt 48 800 0.06 1
Pkt 45 750 0.06 1
Rate:122.153
==========
==========88
6 0 2 24000
Node 50 71 21
Pkt 6 100 0.06 1
Pkt 12 192 0.0625 1
Node 41 42 12.0416
Pkt 24 400 0.06 1
Pkt 18 300 0.06 1
Node 68 58 19.6977
Pkt 45 750 0.06 1
Pkt 48 800 0.06 1
Node 38 54 12.6491
Pkt 9 150 0.06 1
Pkt 6 100 0.06 1
Node 34 61 19.4165
Pkt 29 480 0.0604167 1
Pkt 24 400 0.06 1
Node 52 61 11.1803
Pkt 45 750 0.06 1
Pkt 45 750 0.06 1
Rate:120.486
==========
==========89
6 0 2 24000
Node 34 57 17.4642
Pkt 12 200 0.06 1
Pkt 9 150 0.06 1
Node 32 41 20.1246
Pkt 20 320 0.0625 1
Pkt 20 320 0.0625 1
Node 60 63 16.4012
Pkt 45 750 0.06 1
Pkt 48 800 0.06 1
Node 67 41 19.2354
Pkt 9 150 0.06 1
Pkt 15 250 0.06 1
Node 70 43 21.1896
Pkt 24 400 0.06 1
Pkt 29 480 0.0604167 1
Node 33 28 27.8029
Pkt 45 750 0.06 1
Pkt 45 750 0.06 1
Rate:120.903
==========
==========90
6 0 2 24000
Node 60 53 10.4403
Pkt 12 200 0.06 1
Pkt 12 192 0.0625 1
Node 28 64 26.0768
Pkt 24 400 0.06 1
Pkt 29 480 0.0604167 1
Node 59 38 15
Pkt 48 800 0.06 1
Pkt 45 750 0.06 1
Node 28 34 27.2029
Pkt 9 150 0.06 1
Pkt 6 100 0.06 1
Node 43 47 7.61577
Pkt 24 400 0.06 1
Pkt 24 400 0.06 1
Node 54 56 7.2111
Pkt 48 800 0.06 1
Pkt 45 750 0.06 1
Rate:120.486
==========
==========91
6 0 2 24000
Node 69 31 26.8701
Pkt 12 200 0.06 1
Pkt 8 125 0.064 1
Node 31 45 19.6469
Pkt 18 300 0.06 1
Pkt 24 400 0.06 1
Node 25 66 29.6816
Pkt 48 800 0.06 1
Pkt 45 750 0.06 1
Node 30 51 20.025
Pkt 12 200 0.06 1
Pkt 10 160 0.0625 1
Node 69 25 31.4006
Pkt 20 320 0.0625 1
Pkt 18 300 0.06 1
Node 25 64 28.6531
Pkt 48 800 0.06 1
Pkt 45 750 0.06 1
Rate:121.5
==========
==========92
6 0 2 24000
Node 42 63 15.2643
Pkt 12 200 0.06 1
Pkt 8 125 0.064 1
Node 50 26 24
Pkt 24 400 0.06 1
Pkt 24 400 0.06 1
Node 60 70 22.3607
Pkt 48 800 0.06 1
Pkt 48 800 0.06 1
Node 51 34 16.0312
Pkt 6 100 0.06 1
Pkt 15 250 0.06 1
Node 47 65 15.2971
Pkt 23 375 0.0613333 1
Pkt 18 300 0.06 1
Node 59 45 10.2956
Pkt 45 750 0.06 1
Pkt 45 750 0.06 1
Rate:120.889
==========
==========93
6 0 2 24000
Node 35 33 22.6716
Pkt 8 120 0.0666667 1
Pkt 12 192 0.0625 1
Node 66 66 22.6274
Pkt 24 400 0.06 1
Pkt 24 400 0.06 1
Node 36 27 26.9258
Pkt 48 800 0.06 1
Pkt 48 800 0.06 1
Node 57 36 15.6525
Pkt 8 125 0.064 1
Pkt 12 192 0.0625 1
Node 59 59 12.7279
Pkt 24 400 0.06 1
Pkt 29 480 0.0604167 1
Node 54 47 5
Pkt 45 750 0.06 1
Pkt 45 750 0.06 1
Rate:122.681
==========
==========94
6 0 2 24000
Node 73 65 27.4591
Pkt 8 120 0.0666667 1
Pkt 8 125 0.064 1
Node 48 44 6.32456
Pkt 20 320 0.0625 1
Pkt 24 400 0.06 1
Node 36 55 14.8661
Pkt 48 800 0.06 1
Pkt 45 750 0.06 1
Node 49 70 20.025
Pkt 6 100 0.06 1
Pkt 8 125 0.064 1
Node 60 72 24.1661
Pkt 29 480 0.0604167 1
Pkt 24 400 0.06 1
Node 53 68 18.2483
Pkt 48 800 0.06 1
Pkt 48 800 0.06 1
Rate:122.931
==========
==========95
6 0 2 24000
Node 56 45 7.81025
Pkt 12 200 0.06 1
Pkt 12 192 0.0625 1
Node 32 66 24.0832
Pkt 24 400 0.06 1
Pkt 24 400 0.06 1
Node 67 66 23.3452
Pkt 48 800 0.06 1
Pkt 48 800 0.06 1
Node 38 40 15.6205
Pkt 12 200 0.06 1
Pkt 10 160 0.0625 1
Node 40 50 10
Pkt 29 480 0.0604167 1
Pkt 29 480 0.0604167 1
Node 53 56 6.7082
Pkt 45 750 0.06 1
Pkt 45 750 0.06 1
Rate:120.972
==========
==========96
6 0 2 24000
Node 33 66 23.3452
Pkt 12 200 0.06 1
Pkt 9 150 0.06 1
Node 59 72 23.7697
Pkt 23 375 0.0613333 1
Pkt 29 480 0.0604167 1
Node 51 59 9.05539
Pkt 48 800 0.06 1
Pkt 45 750 0.06 1
Node 26 31 30.6105
Pkt 12 192 0.0625 1
Pkt 9 150 0.06 1
Node 46 58 8.94427
Pkt 23 375 0.0613333 1
Pkt 20 320 0.0625 1
Node 48 50 2
Pkt 48 800 0.06 1
Pkt 48 800 0.06 1
Rate:121.347
==========
==========97
6 0 2 24000
Node 36 53 14.3178
Pkt 12 200 0.06 1
Pkt 9 150 0.06 1
Node 33 56 18.0278
Pkt 29 480 0.0604167 1
Pkt 24 400 0.06 1
Node 62 35 19.2094
Pkt 48 800 0.06 1
Pkt 45 750 0.06 1
Node 40 71 23.2594
Pkt 15 240 0.0625 1
Pkt 12 192 0.0625 1
Node 28 28 31.1127
Pkt 24 400 0.06 1
Pkt 24 400 0.06 1
Node 35 62 19.2094
Pkt 45 750 0.06 1
Pkt 48 800 0.06 1
Rate:120.903
==========
==========98
6 0 2 24000
Node 55 73 23.5372
Pkt 8 125 0.064 1
Pkt 6 100 0.06 1
Node 43 69 20.2485
Pkt 24 400 0.06 1
Pkt 18 300 0.06 1
Node 52 55 5.38516
Pkt 45 750 0.06 1
Pkt 48 800 0.06 1
Node 29 74 31.8904
Pkt 12 192 0.0625 1
Pkt 8 120 0.0666667 1
Node 41 42 12.0416
Pkt 18 300 0.06 1
Pkt 24 400 0.06 1
Node 38 54 12.6491
Pkt 48 800 0.06 1
Pkt 48 800 0.06 1
Rate:122.194
==========
==========99
