6 0 2 24000
Node 41 53 9.48683
Pkt 53 125 0.424 1
Pkt 81 192 0.421875 1
Node 39 25 27.313
Pkt 202 480 0.420833 1
Pkt 168 400 0.42 1
Node 68 33 24.7588
Pkt 315 750 0.42 1
Pkt 315 750 0.42 1
Node 72 73 31.8277
Pkt 81 192 0.421875 1
Pkt 63 150 0.42 1
Node 63 50 13
Pkt 202 480 0.420833 1
Pkt 135 320 0.421875 1
Node 30 30 28.2843
Pkt 336 800 0.42 1
Pkt 336 800 0.42 1
Rate:841.882
==========
==========0
6 0 2 24000
Node 56 43 9.21954
Pkt 105 250 0.42 1
Pkt 68 160 0.425 1
Node 27 67 28.6007
Pkt 126 300 0.42 1
Pkt 135 320 0.421875 1
Node 64 72 26.0768
Pkt 315 750 0.42 1
Pkt 336 800 0.42 1
Node 52 69 19.105
Pkt 63 150 0.42 1
Pkt 63 150 0.42 1
Node 70 48 20.0998
Pkt 168 400 0.42 1
Pkt 126 300 0.42 1
Node 67 29 27.0185
Pkt 315 750 0.42 1
Pkt 315 750 0.42 1
Rate:841.146
==========
==========1
6 0 2 24000
Node 59 60 13.4536
Pkt 63 150 0.42 1
Pkt 84 200 0.42 1
Node 30 30 28.2843
Pkt 126 300 0.42 1
Pkt 126 300 0.42 1
Node 29 37 24.6982
Pkt 336 800 0.42 1
Pkt 315 750 0.42 1
Node 54 55 6.40312
Pkt 105 250 0.42 1
Pkt 51 120 0.425 1
Node 67 32 24.7588
Pkt 135 320 0.421875 1
Pkt 202 480 0.420833 1
Node 25 74 34.6554
Pkt 315 750 0.42 1
Pkt 336 800 0.42 1
Rate:841.285
==========
==========2
6 0 2 24000
Node 36 49 14.0357
Pkt 53 125 0.424 1
Pkt 63 150 0.42 1
Node 52 60 10.198
Pkt 202 480 0.420833 1
Pkt 158 375 0.421333 1
Node 36 30 24.4131
Pkt 336 800 0.42 1
Pkt 336 800 0.42 1
Node 27 50 23
Pkt 81 192 0.421875 1
Pkt 53 125 0.424 1
Node 50 25 25
Pkt 126 300 0.42 1
Pkt 126 300 0.42 1
Node 28 50 22
Pkt 336 800 0.42 1
Pkt 336 800 0.42 1
Rate:842.007
==========
==========3
6 0 2 24000
Node 71 63 24.6982
Pkt 63 150 0.42 1
Pkt 68 160 0.425 1
Node 57 70 21.1896
Pkt 135 320 0.421875 1
Pkt 126 300 0.42 1
Node 51 32 18.0278
Pkt 336 800 0.42 1
Pkt 336 800 0.42 1
Node 58 72 23.4094
Pkt 84 200 0.42 1
Pkt 105 250 0.42 1
Node 50 71 21
Pkt 158 375 0.421333 1
Pkt 135 320 0.421875 1
Node 62 41 15
Pkt 315 750 0.42 1
Pkt 315 750 0.42 1
Rate:841.681
==========
==========4
6 0 2 24000
Node 71 33 27.0185
Pkt 84 200 0.42 1
Pkt 53 125 0.424 1
Node 36 56 15.2315
Pkt 202 480 0.420833 1
Pkt 168 400 0.42 1
Node 32 33 24.7588
Pkt 315 750 0.42 1
Pkt 315 750 0.42 1
Node 46 25 25.318
Pkt 42 100 0.42 1
Pkt 84 200 0.42 1
Node 46 61 11.7047
Pkt 202 480 0.420833 1
Pkt 202 480 0.420833 1
Node 52 67 17.1172
Pkt 336 800 0.42 1
Pkt 315 750 0.42 1
Rate:841.083
==========
==========5
6 0 2 24000
Node 26 63 27.2947
Pkt 68 160 0.425 1
Pkt 42 100 0.42 1
Node 27 25 33.9706
Pkt 135 320 0.421875 1
Pkt 168 400 0.42 1
Node 54 64 14.5602
Pkt 315 750 0.42 1
Pkt 336 800 0.42 1
Node 35 39 18.6011
Pkt 42 100 0.42 1
Pkt 81 192 0.421875 1
Node 51 46 4.12311
Pkt 168 400 0.42 1
Pkt 158 375 0.421333 1
Node 66 59 18.3576
Pkt 315 750 0.42 1
Pkt 315 750 0.42 1
Rate:841.681
==========
==========6
6 0 2 24000
Node 48 39 11.1803
Pkt 63 150 0.42 1
Pkt 101 240 0.420833 1
Node 70 58 21.5407
Pkt 126 300 0.42 1
Pkt 135 320 0.421875 1
Node 40 37 16.4012
Pkt 315 750 0.42 1
Pkt 336 800 0.42 1
Node 33 31 25.4951
Pkt 101 240 0.420833 1
Pkt 63 150 0.42 1
Node 56 30 20.8806
Pkt 126 300 0.42 1
Pkt 126 300 0.42 1
Node 27 46 23.3452
Pkt 315 750 0.42 1
Pkt 315 750 0.42 1
Rate:840.59
==========
==========7
6 0 2 24000
Node 43 74 25
Pkt 105 250 0.42 1
Pkt 101 240 0.420833 1
Node 25 44 25.7099
Pkt 135 320 0.421875 1
Pkt 126 300 0.42 1
Node 73 62 25.9422
Pkt 336 800 0.42 1
Pkt 336 800 0.42 1
Node 71 39 23.7065
Pkt 51 120 0.425 1
Pkt 68 160 0.425 1
Node 25 64 28.6531
Pkt 158 375 0.421333 1
Pkt 168 400 0.42 1
Node 67 29 27.0185
Pkt 336 800 0.42 1
Pkt 315 750 0.42 1
Rate:842.34
==========
==========8
6 0 2 24000
Node 44 57 9.21954
Pkt 63 150 0.42 1
Pkt 68 160 0.425 1
Node 44 64 15.2315
Pkt 126 300 0.42 1
Pkt 135 320 0.421875 1
Node 40 34 18.868
Pkt 336 800 0.42 1
Pkt 315 750 0.42 1
Node 50 45 5
Pkt 84 200 0.42 1
Pkt 68 160 0.425 1
Node 38 29 24.1868
Pkt 126 300 0.42 1
Pkt 168 400 0.42 1
Node 49 35 15.0333
Pkt 315 750 0.42 1
Pkt 336 800 0.42 1
Rate:841.979
==========
==========9
6 0 2 24000
Node 55 73 23.5372
Pkt 101 240 0.420833 1
Pkt 105 250 0.42 1
Node 45 64 14.8661
Pkt 158 375 0.421333 1
Pkt 135 320 0.421875 1
Node 71 33 27.0185
Pkt 336 800 0.42 1
Pkt 315 750 0.42 1
Node 72 63 25.5539
Pkt 68 160 0.425 1
Pkt 68 160 0.425 1
Node 45 63 13.9284
Pkt 202 480 0.420833 1
Pkt 126 300 0.42 1
Node 58 71 22.4722
Pkt 315 750 0.42 1
Pkt 315 750 0.42 1
Rate:842.479
==========
==========10
6 0 2 24000
Node 45 39 12.083
Pkt 81 192 0.421875 1
Pkt 105 250 0.42 1
Node 42 64 16.1245
Pkt 168 400 0.42 1
Pkt 126 300 0.42 1
Node 25 66 29.6816
Pkt 315 750 0.42 1
Pkt 315 750 0.42 1
Node 62 74 26.8328
Pkt 42 100 0.42 1
Pkt 84 200 0.42 1
Node 43 72 23.0868
Pkt 202 480 0.420833 1
Pkt 158 375 0.421333 1
Node 52 46 4.47214
Pkt 336 800 0.42 1
Pkt 315 750 0.42 1
Rate:840.674
==========
==========11
6 0 2 24000
Node 37 43 14.7648
Pkt 53 125 0.424 1
Pkt 101 240 0.420833 1
Node 30 54 20.3961
Pkt 126 300 0.42 1
Pkt 202 480 0.420833 1
Node 60 70 22.3607
Pkt 315 750 0.42 1
Pkt 315 750 0.42 1
Node 62 36 18.4391
Pkt 101 240 0.420833 1
Pkt 63 150 0.42 1
Node 39 25 27.313
Pkt 168 400 0.42 1
Pkt 168 400 0.42 1
Node 73 28 31.8277
Pkt 315 750 0.42 1
Pkt 336 800 0.42 1
Rate:841.083
==========
==========12
6 0 2 24000
Node 35 64 20.5183
Pkt 51 120 0.425 1
Pkt 105 250 0.42 1
Node 50 73 23
Pkt 158 375 0.421333 1
Pkt 202 480 0.420833 1
Node 30 71 29
Pkt 315 750 0.42 1
Pkt 315 750 0.42 1
Node 43 35 16.5529
Pkt 53 125 0.424 1
Pkt 101 240 0.420833 1
Node 67 66 23.3452
Pkt 126 300 0.42 1
Pkt 158 375 0.421333 1
Node 40 53 10.4403
Pkt 336 800 0.42 1
Pkt 336 800 0.42 1
Rate:842.222
==========
==========13
6 0 2 24000
Node 36 67 22.0227
Pkt 68 160 0.425 1
Pkt 68 160 0.425 1
Node 72 57 23.0868
Pkt 202 480 0.420833 1
Pkt 168 400 0.42 1
Node 25 70 32.0156
Pkt 336 800 0.42 1
Pkt 315 750 0.42 1
Node 65 40 18.0278
Pkt 68 160 0.425 1
Pkt 101 240 0.420833 1
Node 32 47 18.2483
Pkt 158 375 0.421333 1
Pkt 202 480 0.420833 1
Node 29 42 22.4722
Pkt 336 800 0.42 1
Pkt 315 750 0.42 1
Rate:843.139
==========
==========14
6 0 2 24000
Node 60 70 22.3607
Pkt 84 200 0.42 1
Pkt 81 192 0.421875 1
Node 65 55 15.8114
Pkt 158 375 0.421333 1
Pkt 158 375 0.421333 1
Node 61 31 21.9545
Pkt 315 750 0.42 1
Pkt 336 800 0.42 1
Node 54 54 5.65685
Pkt 68 160 0.425 1
Pkt 63 150 0.42 1
Node 67 58 18.7883
Pkt 202 480 0.420833 1
Pkt 126 300 0.42 1
Node 52 36 14.1421
Pkt 336 800 0.42 1
Pkt 315 750 0.42 1
Rate:841.729
==========
==========15
6 0 2 24000
Node 62 50 12
Pkt 63 150 0.42 1
Pkt 63 150 0.42 1
Node 35 73 27.4591
Pkt 135 320 0.421875 1
Pkt 202 480 0.420833 1
Node 51 48 2.23607
Pkt 315 750 0.42 1
Pkt 315 750 0.42 1
Node 48 64 14.1421
Pkt 51 120 0.425 1
Pkt 53 125 0.424 1
Node 53 51 3.16228
Pkt 126 300 0.42 1
Pkt 135 320 0.421875 1
Node 44 29 21.8403
Pkt 315 750 0.42 1
Pkt 315 750 0.42 1
Rate:842.264
==========
==========16
6 0 2 24000
Node 54 65 15.5242
Pkt 101 240 0.420833 1
Pkt 68 160 0.425 1
Node 39 64 17.8045
Pkt 158 375 0.421333 1
Pkt 135 320 0.421875 1
Node 66 66 22.6274
Pkt 315 750 0.42 1
Pkt 315 750 0.42 1
Node 60 43 12.2066
Pkt 84 200 0.42 1
Pkt 105 250 0.42 1
Node 25 73 33.9706
Pkt 158 375 0.421333 1
Pkt 158 375 0.421333 1
Node 53 38 12.3693
Pkt 336 800 0.42 1
Pkt 315 750 0.42 1
Rate:841.951
==========
==========17
6 0 2 24000
Node 41 51 9.05539
Pkt 105 250 0.42 1
Pkt 42 100 0.42 1
Node 31 55 19.6469
Pkt 135 320 0.421875 1
Pkt 202 480 0.420833 1
Node 59 43 11.4018
Pkt 315 750 0.42 1
Pkt 336 800 0.42 1
Node 28 59 23.7697
Pkt 84 200 0.42 1
Pkt 84 200 0.42 1
Node 74 74 33.9411
Pkt 135 320 0.421875 1
Pkt 168 400 0.42 1
Node 59 43 11.4018
Pkt 315 750 0.42 1
Pkt 336 800 0.42 1
Rate:840.764
==========
==========18
6 0 2 24000
Node 72 64 26.0768
Pkt 84 200 0.42 1
Pkt 53 125 0.424 1
Node 31 34 24.8395
Pkt 126 300 0.42 1
Pkt 158 375 0.421333 1
Node 64 63 19.105
Pkt 336 800 0.42 1
Pkt 336 800 0.42 1
Node 68 31 26.1725
Pkt 105 250 0.42 1
Pkt 68 160 0.425 1
Node 55 52 5.38516
Pkt 135 320 0.421875 1
Pkt 135 320 0.421875 1
Node 59 33 19.2354
Pkt 336 800 0.42 1
Pkt 315 750 0.42 1
Rate:842.347
==========
==========19
6 0 2 24000
Node 35 73 27.4591
Pkt 84 200 0.42 1
Pkt 51 120 0.425 1
Node 25 25 35.3553
Pkt 158 375 0.421333 1
Pkt 168 400 0.42 1
Node 43 50 7
Pkt 336 800 0.42 1
Pkt 336 800 0.42 1
Node 40 63 16.4012
Pkt 51 120 0.425 1
Pkt 42 100 0.42 1
Node 74 43 25
Pkt 135 320 0.421875 1
Pkt 135 320 0.421875 1
Node 45 69 19.6469
Pkt 336 800 0.42 1
Pkt 336 800 0.42 1
Rate:842.514
==========
==========20
6 0 2 24000
Node 51 34 16.0312
Pkt 51 120 0.425 1
Pkt 42 100 0.42 1
Node 57 60 12.2066
Pkt 168 400 0.42 1
Pkt 126 300 0.42 1
Node 51 64 14.0357
Pkt 315 750 0.42 1
Pkt 336 800 0.42 1
Node 42 72 23.4094
Pkt 53 125 0.424 1
Pkt 53 125 0.424 1
Node 60 38 15.6205
Pkt 168 400 0.42 1
Pkt 158 375 0.421333 1
Node 43 70 21.1896
Pkt 315 750 0.42 1
Pkt 336 800 0.42 1
Rate:842.389
==========
==========21
6 0 2 24000
Node 40 42 12.8062
Pkt 84 200 0.42 1
Pkt 101 240 0.420833 1
Node 61 48 11.1803
Pkt 202 480 0.420833 1
Pkt 126 300 0.42 1
Node 31 32 26.1725
Pkt 336 800 0.42 1
Pkt 315 750 0.42 1
Node 53 62 12.3693
Pkt 101 240 0.420833 1
Pkt 101 240 0.420833 1
Node 31 69 26.8701
Pkt 126 300 0.42 1
Pkt 168 400 0.42 1
Node 55 65 15.8114
Pkt 315 750 0.42 1
Pkt 315 750 0.42 1
Rate:840.556
==========
==========22
6 0 2 24000
Node 57 74 25
Pkt 53 125 0.424 1
Pkt 81 192 0.421875 1
Node 35 49 15.0333
Pkt 168 400 0.42 1
Pkt 126 300 0.42 1
Node 63 50 13
Pkt 336 800 0.42 1
Pkt 315 750 0.42 1
Node 61 39 15.5563
Pkt 81 192 0.421875 1
Pkt 81 192 0.421875 1
Node 68 27 29.2062
Pkt 126 300 0.42 1
Pkt 168 400 0.42 1
Node 56 52 6.32456
Pkt 336 800 0.42 1
Pkt 336 800 0.42 1
Rate:841.604
==========
==========23
6 0 2 24000
Node 42 29 22.4722
Pkt 101 240 0.420833 1
Pkt 84 200 0.42 1
Node 39 55 12.083
Pkt 158 375 0.421333 1
Pkt 135 320 0.421875 1
Node 53 70 20.2237
Pkt 336 800 0.42 1
Pkt 336 800 0.42 1
Node 59 27 24.6982
Pkt 51 120 0.425 1
Pkt 68 160 0.425 1
Node 29 39 23.7065
Pkt 168 400 0.42 1
Pkt 135 320 0.421875 1
Node 72 52 22.0907
Pkt 315 750 0.42 1
Pkt 315 750 0.42 1
Rate:842.653
==========
==========24
6 0 2 24000
Node 37 61 17.0294
Pkt 101 240 0.420833 1
Pkt 68 160 0.425 1
Node 71 70 29
Pkt 168 400 0.42 1
Pkt 168 400 0.42 1
Node 39 64 17.8045
Pkt 315 750 0.42 1
Pkt 315 750 0.42 1
Node 32 55 18.6815
Pkt 105 250 0.42 1
Pkt 53 125 0.424 1
Node 55 53 5.83095
Pkt 202 480 0.420833 1
Pkt 158 375 0.421333 1
Node 56 71 21.8403
Pkt 315 750 0.42 1
Pkt 315 750 0.42 1
Rate:842
==========
==========25
6 0 2 24000
Node 29 55 21.587
Pkt 84 200 0.42 1
Pkt 53 125 0.424 1
Node 44 63 14.3178
Pkt 158 375 0.421333 1
Pkt 126 300 0.42 1
Node 68 66 24.0832
Pkt 315 750 0.42 1
Pkt 336 800 0.42 1
Node 43 62 13.8924
Pkt 105 250 0.42 1
Pkt 51 120 0.425 1
Node 61 66 19.4165
Pkt 135 320 0.421875 1
Pkt 168 400 0.42 1
Node 65 31 24.2074
Pkt 315 750 0.42 1
Pkt 315 750 0.42 1
Rate:842.035
==========
==========26
6 0 2 24000
Node 44 38 13.4164
Pkt 63 150 0.42 1
Pkt 101 240 0.420833 1
Node 64 55 14.8661
Pkt 158 375 0.421333 1
Pkt 126 300 0.42 1
Node 30 49 20.025
Pkt 315 750 0.42 1
Pkt 315 750 0.42 1
Node 51 57 7.07107
Pkt 68 160 0.425 1
Pkt 53 125 0.424 1
Node 28 38 25.0599
Pkt 202 480 0.420833 1
Pkt 126 300 0.42 1
Node 30 25 32.0156
Pkt 336 800 0.42 1
Pkt 315 750 0.42 1
Rate:842
==========
==========27
6 0 2 24000
Node 53 64 14.3178
Pkt 105 250 0.42 1
Pkt 105 250 0.42 1
Node 46 49 4.12311
Pkt 126 300 0.42 1
Pkt 135 320 0.421875 1
Node 39 67 20.2485
Pkt 315 750 0.42 1
Pkt 336 800 0.42 1
Node 49 38 12.0416
Pkt 53 125 0.424 1
Pkt 101 240 0.420833 1
Node 67 55 17.72
Pkt 126 300 0.42 1
Pkt 126 300 0.42 1
Node 33 57 18.3848
Pkt 315 750 0.42 1
Pkt 315 750 0.42 1
Rate:841.118
==========
==========28
6 0 2 24000
Node 62 63 17.6918
Pkt 51 120 0.425 1
Pkt 84 200 0.42 1
Node 71 67 27.0185
Pkt 158 375 0.421333 1
Pkt 126 300 0.42 1
Node 35 53 15.2971
Pkt 315 750 0.42 1
Pkt 315 750 0.42 1
Node 38 55 13
Pkt 81 192 0.421875 1
Pkt 63 150 0.42 1
Node 53 33 17.2627
Pkt 202 480 0.420833 1
Pkt 168 400 0.42 1
Node 61 38 16.2788
Pkt 336 800 0.42 1
Pkt 336 800 0.42 1
Rate:841.507
==========
==========29
6 0 2 24000
Node 61 41 14.2127
Pkt 53 125 0.424 1
Pkt 51 120 0.425 1
Node 38 60 15.6205
Pkt 135 320 0.421875 1
Pkt 168 400 0.42 1
Node 72 33 27.8029
Pkt 336 800 0.42 1
Pkt 315 750 0.42 1
Node 54 51 4.12311
Pkt 105 250 0.42 1
Pkt 53 125 0.424 1
Node 29 37 24.6982
Pkt 135 320 0.421875 1
Pkt 202 480 0.420833 1
Node 51 53 3.16228
Pkt 336 800 0.42 1
Pkt 315 750 0.42 1
Rate:842.931
==========
==========30
6 0 2 24000
Node 34 67 23.3452
Pkt 101 240 0.420833 1
Pkt 42 100 0.42 1
Node 31 28 29.0689
Pkt 168 400 0.42 1
Pkt 158 375 0.421333 1
Node 73 28 31.8277
Pkt 315 750 0.42 1
Pkt 336 800 0.42 1
Node 26 72 32.5576
Pkt 68 160 0.425 1
Pkt 101 240 0.420833 1
Node 65 66 21.9317
Pkt 168 400 0.42 1
Pkt 135 320 0.421875 1
Node 44 64 15.2315
Pkt 336 800 0.42 1
Pkt 315 750 0.42 1
Rate:841.646
==========
==========31
6 0 2 24000
Node 64 25 28.6531
Pkt 81 192 0.421875 1
Pkt 105 250 0.42 1
Node 39 34 19.4165
Pkt 168 400 0.42 1
Pkt 158 375 0.421333 1
Node 40 36 17.2047
Pkt 336 800 0.42 1
Pkt 336 800 0.42 1
Node 70 47 20.2237
Pkt 53 125 0.424 1
Pkt 81 192 0.421875 1
Node 40 51 10.0499
Pkt 202 480 0.420833 1
Pkt 135 320 0.421875 1
Node 46 68 18.4391
Pkt 315 750 0.42 1
Pkt 336 800 0.42 1
Rate:841.965
==========
==========32
6 0 2 24000
Node 50 34 16
Pkt 51 120 0.425 1
Pkt 68 160 0.425 1
Node 33 61 20.2485
Pkt 168 400 0.42 1
Pkt 202 480 0.420833 1
Node 51 47 3.16228
Pkt 315 750 0.42 1
Pkt 315 750 0.42 1
Node 57 49 7.07107
Pkt 63 150 0.42 1
Pkt 81 192 0.421875 1
Node 67 29 27.0185
Pkt 126 300 0.42 1
Pkt 126 300 0.42 1
Node 66 68 24.0832
Pkt 336 800 0.42 1
Pkt 336 800 0.42 1
Rate:842.118
==========
==========33
6 0 2 24000
Node 31 71 28.3196
Pkt 42 100 0.42 1
Pkt 101 240 0.420833 1
Node 49 54 4.12311
Pkt 168 400 0.42 1
Pkt 158 375 0.421333 1
Node 56 26 24.7386
Pkt 336 800 0.42 1
Pkt 315 750 0.42 1
Node 40 35 18.0278
Pkt 105 250 0.42 1
Pkt 84 200 0.42 1
Node 25 74 34.6554
Pkt 158 375 0.421333 1
Pkt 168 400 0.42 1
Node 62 70 23.3238
Pkt 315 750 0.42 1
Pkt 315 750 0.42 1
Rate:840.583
==========
==========34
6 0 2 24000
Node 40 69 21.4709
Pkt 53 125 0.424 1
Pkt 68 160 0.425 1
Node 57 58 10.6301
Pkt 126 300 0.42 1
Pkt 135 320 0.421875 1
Node 72 35 26.6271
Pkt 315 750 0.42 1
Pkt 336 800 0.42 1
Node 53 35 15.2971
Pkt 101 240 0.420833 1
Pkt 53 125 0.424 1
Node 37 46 13.6015
Pkt 135 320 0.421875 1
Pkt 135 320 0.421875 1
Node 39 73 25.4951
Pkt 336 800 0.42 1
Pkt 336 800 0.42 1
Rate:843.243
==========
==========35
6 0 2 24000
Node 54 50 4
Pkt 81 192 0.421875 1
Pkt 51 120 0.425 1
Node 66 53 16.2788
Pkt 126 300 0.42 1
Pkt 158 375 0.421333 1
Node 60 42 12.8062
Pkt 336 800 0.42 1
Pkt 315 750 0.42 1
Node 29 54 21.3776
Pkt 51 120 0.425 1
Pkt 101 240 0.420833 1
Node 48 33 17.1172
Pkt 168 400 0.42 1
Pkt 202 480 0.420833 1
Node 71 46 21.3776
Pkt 315 750 0.42 1
Pkt 315 750 0.42 1
Rate:842.479
==========
==========36
6 0 2 24000
Node 51 29 21.0238
Pkt 53 125 0.424 1
Pkt 101 240 0.420833 1
Node 33 36 22.0227
Pkt 135 320 0.421875 1
Pkt 168 400 0.42 1
Node 56 41 10.8167
Pkt 336 800 0.42 1
Pkt 336 800 0.42 1
Node 51 37 13.0384
Pkt 63 150 0.42 1
Pkt 53 125 0.424 1
Node 38 42 14.4222
Pkt 158 375 0.421333 1
Pkt 126 300 0.42 1
Node 70 47 20.2237
Pkt 315 750 0.42 1
Pkt 336 800 0.42 1
Rate:842.007
==========
==========37
6 0 2 24000
Node 26 42 25.2982
Pkt 63 150 0.42 1
Pkt 63 150 0.42 1
Node 33 52 17.1172
Pkt 202 480 0.420833 1
Pkt 168 400 0.42 1
Node 41 53 9.48683
Pkt 315 750 0.42 1
Pkt 336 800 0.42 1
Node 31 51 19.0263
Pkt 101 240 0.420833 1
Pkt 81 192 0.421875 1
Node 73 36 26.9258
Pkt 126 300 0.42 1
Pkt 135 320 0.421875 1
Node 70 46 20.3961
Pkt 315 750 0.42 1
Pkt 315 750 0.42 1
Rate:840.903
==========
==========38
6 0 2 24000
Node 49 74 24.0208
Pkt 81 192 0.421875 1
Pkt 42 100 0.42 1
Node 61 31 21.9545
Pkt 135 320 0.421875 1
Pkt 168 400 0.42 1
Node 28 66 27.2029
Pkt 315 750 0.42 1
Pkt 315 750 0.42 1
Node 38 46 12.6491
Pkt 101 240 0.420833 1
Pkt 105 250 0.42 1
Node 35 61 18.6011
Pkt 135 320 0.421875 1
Pkt 126 300 0.42 1
Node 52 68 18.1108
Pkt 336 800 0.42 1
Pkt 336 800 0.42 1
Rate:841.076
==========
==========39
6 0 2 24000
Node 69 56 19.9249
Pkt 42 100 0.42 1
Pkt 63 150 0.42 1
Node 57 54 8.06226
Pkt 126 300 0.42 1
Pkt 202 480 0.420833 1
Node 63 32 22.2036
Pkt 315 750 0.42 1
Pkt 336 800 0.42 1
Node 38 63 17.6918
Pkt 42 100 0.42 1
Pkt 51 120 0.425 1
Node 52 68 18.1108
Pkt 202 480 0.420833 1
Pkt 202 480 0.420833 1
Node 47 63 13.3417
Pkt 336 800 0.42 1
Pkt 315 750 0.42 1
Rate:841.25
==========
==========40
6 0 2 24000
Node 63 60 16.4012
Pkt 68 160 0.425 1
Pkt 81 192 0.421875 1
Node 42 26 25.2982
Pkt 135 320 0.421875 1
Pkt 158 375 0.421333 1
Node 50 53 3
Pkt 336 800 0.42 1
Pkt 336 800 0.42 1
Node 35 38 19.2094
Pkt 105 250 0.42 1
Pkt 105 250 0.42 1
Node 61 74 26.4008
Pkt 158 375 0.421333 1
Pkt 202 480 0.420833 1
Node 39 38 16.2788
Pkt 315 750 0.42 1
Pkt 336 800 0.42 1
Rate:842.042
==========
==========41
6 0 2 24000
Node 63 69 23.0217
Pkt 42 100 0.42 1
Pkt 42 100 0.42 1
Node 43 55 8.60233
Pkt 126 300 0.42 1
Pkt 158 375 0.421333 1
Node 35 62 19.2094
Pkt 336 800 0.42 1
Pkt 336 800 0.42 1
Node 44 32 18.9737
Pkt 81 192 0.421875 1
Pkt 105 250 0.42 1
Node 30 36 24.4131
Pkt 158 375 0.421333 1
Pkt 202 480 0.420833 1
Node 44 70 20.8806
Pkt 315 750 0.42 1
Pkt 315 750 0.42 1
Rate:840.896
==========
==========42
6 0 2 24000
Node 37 42 15.2643
Pkt 68 160 0.425 1
Pkt 53 125 0.424 1
Node 53 51 3.16228
Pkt 126 300 0.42 1
Pkt 202 480 0.420833 1
Node 29 27 31.1448
Pkt 336 800 0.42 1
Pkt 315 750 0.42 1
Node 31 65 24.2074
Pkt 42 100 0.42 1
Pkt 81 192 0.421875 1
Node 67 57 18.3848
Pkt 135 320 0.421875 1
Pkt 202 480 0.420833 1
Node 61 38 16.2788
Pkt 315 750 0.42 1
Pkt 336 800 0.42 1
Rate:842.403
==========
==========43
6 0 2 24000
Node 69 43 20.2485
Pkt 101 240 0.420833 1
Pkt 42 100 0.42 1
Node 29 49 21.0238
Pkt 158 375 0.421333 1
Pkt 202 480 0.420833 1
Node 45 38 13
Pkt 336 800 0.42 1
Pkt 336 800 0.42 1
Node 34 38 20
Pkt 51 120 0.425 1
Pkt 105 250 0.42 1
Node 39 41 14.2127
Pkt 126 300 0.42 1
Pkt 202 480 0.420833 1
Node 46 37 13.6015
Pkt 315 750 0.42 1
Pkt 315 750 0.42 1
Rate:841.472
==========
==========44
6 0 2 24000
Node 34 58 17.8885
Pkt 63 150 0.42 1
Pkt 53 125 0.424 1
Node 55 25 25.4951
Pkt 126 300 0.42 1
Pkt 126 300 0.42 1
Node 37 63 18.3848
Pkt 315 750 0.42 1
Pkt 336 800 0.42 1
Node 44 25 25.7099
Pkt 63 150 0.42 1
Pkt 105 250 0.42 1
Node 68 33 24.7588
Pkt 135 320 0.421875 1
Pkt 135 320 0.421875 1
Node 67 36 22.0227
Pkt 315 750 0.42 1
Pkt 336 800 0.42 1
Rate:841.292
==========
==========45
6 0 2 24000
Node 45 62 13
Pkt 101 240 0.420833 1
Pkt 63 150 0.42 1
Node 47 55 5.83095
Pkt 168 400 0.42 1
Pkt 135 320 0.421875 1
Node 58 40 12.8062
Pkt 336 800 0.42 1
Pkt 315 750 0.42 1
Node 38 64 18.4391
Pkt 51 120 0.425 1
Pkt 53 125 0.424 1
Node 26 67 29.4109
Pkt 135 320 0.421875 1
Pkt 135 320 0.421875 1
Node 66 52 16.1245
Pkt 315 750 0.42 1
Pkt 315 750 0.42 1
Rate:842.576
==========
==========46
6 0 2 24000
Node 46 46 5.65685
Pkt 68 160 0.425 1
Pkt 101 240 0.420833 1
Node 41 55 10.2956
Pkt 158 375 0.421333 1
Pkt 158 375 0.421333 1
Node 50 64 14
Pkt 336 800 0.42 1
Pkt 315 750 0.42 1
Node 46 31 19.4165
Pkt 81 192 0.421875 1
Pkt 101 240 0.420833 1
Node 58 56 10
Pkt 126 300 0.42 1
Pkt 126 300 0.42 1
Node 48 59 9.21954
Pkt 315 750 0.42 1
Pkt 315 750 0.42 1
Rate:841.868
==========
==========47
6 0 2 24000
Node 74 35 28.3019
Pkt 68 160 0.425 1
Pkt 81 192 0.421875 1
Node 51 64 14.0357
Pkt 202 480 0.420833 1
Pkt 168 400 0.42 1
Node 67 49 17.0294
Pkt 315 750 0.42 1
Pkt 336 800 0.42 1
Node 48 34 16.1245
Pkt 63 150 0.42 1
Pkt 84 200 0.42 1
Node 58 68 19.6977
Pkt 168 400 0.42 1
Pkt 202 480 0.420833 1
Node 39 48 11.1803
Pkt 315 750 0.42 1
Pkt 336 800 0.42 1
Rate:841.424
==========
==========48
6 0 2 24000
Node 54 59 9.84886
Pkt 63 150 0.42 1
Pkt 53 125 0.424 1
Node 54 48 4.47214
Pkt 126 300 0.42 1
Pkt 158 375 0.421333 1
Node 50 34 16
Pkt 315 750 0.42 1
Pkt 315 750 0.42 1
Node 58 71 22.4722
Pkt 51 120 0.425 1
Pkt 68 160 0.425 1
Node 51 33 17.0294
Pkt 135 320 0.421875 1
Pkt 135 320 0.421875 1
Node 36 72 26.0768
Pkt 315 750 0.42 1
Pkt 336 800 0.42 1
Rate:843.181
==========
==========49
6 0 2 24000
Node 36 57 15.6525
Pkt 84 200 0.42 1
Pkt 105 250 0.42 1
Node 44 50 6
Pkt 158 375 0.421333 1
Pkt 135 320 0.421875 1
Node 59 65 17.4929
Pkt 336 800 0.42 1
Pkt 315 750 0.42 1
Node 56 44 8.48528
Pkt 68 160 0.425 1
Pkt 51 120 0.425 1
Node 58 46 8.94427
Pkt 126 300 0.42 1
Pkt 126 300 0.42 1
Node 32 64 22.8035
Pkt 336 800 0.42 1
Pkt 315 750 0.42 1
Rate:842.201
==========
==========50
6 0 2 24000
Node 65 43 16.5529
Pkt 51 120 0.425 1
Pkt 51 120 0.425 1
Node 45 50 5
Pkt 168 400 0.42 1
Pkt 202 480 0.420833 1
Node 59 36 16.6433
Pkt 336 800 0.42 1
Pkt 315 750 0.42 1
Node 57 57 9.89949
Pkt 101 240 0.420833 1
Pkt 68 160 0.425 1
Node 38 59 15
Pkt 158 375 0.421333 1
Pkt 202 480 0.420833 1
Node 27 61 25.4951
Pkt 336 800 0.42 1
Pkt 315 750 0.42 1
Rate:843.139
==========
==========51
6 0 2 24000
Node 30 25 32.0156
Pkt 81 192 0.421875 1
Pkt 51 120 0.425 1
Node 25 64 28.6531
Pkt 202 480 0.420833 1
Pkt 135 320 0.421875 1
Node 62 72 25.0599
Pkt 336 800 0.42 1
Pkt 315 750 0.42 1
Node 36 53 14.3178
Pkt 42 100 0.42 1
Pkt 42 100 0.42 1
Node 32 40 20.5913
Pkt 202 480 0.420833 1
Pkt 126 300 0.42 1
Node 49 63 13.0384
Pkt 315 750 0.42 1
Pkt 315 750 0.42 1
Rate:841.736
==========
==========52
6 0 2 24000
Node 37 46 13.6015
Pkt 51 120 0.425 1
Pkt 81 192 0.421875 1
Node 46 52 4.47214
Pkt 135 320 0.421875 1
Pkt 126 300 0.42 1
Node 42 40 12.8062
Pkt 315 750 0.42 1
Pkt 336 800 0.42 1
Node 32 30 26.9072
Pkt 42 100 0.42 1
Pkt 84 200 0.42 1
Node 53 52 3.60555
Pkt 168 400 0.42 1
Pkt 135 320 0.421875 1
Node 46 68 18.4391
Pkt 315 750 0.42 1
Pkt 315 750 0.42 1
Rate:841.771
==========
==========53
6 0 2 24000
Node 42 45 9.43398
Pkt 101 240 0.420833 1
Pkt 101 240 0.420833 1
Node 58 29 22.4722
Pkt 202 480 0.420833 1
Pkt 135 320 0.421875 1
Node 71 44 21.8403
Pkt 336 800 0.42 1
Pkt 336 800 0.42 1
Node 49 27 23.0217
Pkt 51 120 0.425 1
Pkt 68 160 0.425 1
Node 67 40 19.7231
Pkt 126 300 0.42 1
Pkt 202 480 0.420833 1
Node 32 67 24.7588
Pkt 315 750 0.42 1
Pkt 336 800 0.42 1
Rate:842.535
==========
==========54
6 0 2 24000
Node 54 38 12.6491
Pkt 105 250 0.42 1
Pkt 51 120 0.425 1
Node 59 45 10.2956
Pkt 126 300 0.42 1
Pkt 168 400 0.42 1
Node 68 68 25.4558
Pkt 315 750 0.42 1
Pkt 315 750 0.42 1
Node 33 67 24.0416
Pkt 68 160 0.425 1
Pkt 51 120 0.425 1
Node 43 69 20.2485
Pkt 158 375 0.421333 1
Pkt 158 375 0.421333 1
Node 52 69 19.105
Pkt 315 750 0.42 1
Pkt 336 800 0.42 1
Rate:842.944
==========
==========55
6 0 2 24000
Node 40 53 10.4403
Pkt 81 192 0.421875 1
Pkt 53 125 0.424 1
Node 48 49 2.23607
Pkt 135 320 0.421875 1
Pkt 126 300 0.42 1
Node 40 31 21.4709
Pkt 336 800 0.42 1
Pkt 336 800 0.42 1
Node 64 52 14.1421
Pkt 68 160 0.425 1
Pkt 42 100 0.42 1
Node 25 63 28.178
Pkt 126 300 0.42 1
Pkt 135 320 0.421875 1
Node 49 45 5.09902
Pkt 315 750 0.42 1
Pkt 315 750 0.42 1
Rate:842.438
==========
==========56
6 0 2 24000
Node 56 60 11.6619
Pkt 81 192 0.421875 1
Pkt 42 100 0.42 1
Node 31 39 21.9545
Pkt 135 320 0.421875 1
Pkt 158 375 0.421333 1
Node 38 25 27.7308
Pkt 336 800 0.42 1
Pkt 315 750 0.42 1
Node 42 40 12.8062
Pkt 51 120 0.425 1
Pkt 63 150 0.42 1
Node 46 39 11.7047
Pkt 135 320 0.421875 1
Pkt 168 400 0.42 1
Node 35 41 17.4929
Pkt 336 800 0.42 1
Pkt 315 750 0.42 1
Rate:841.993
==========
==========57
6 0 2 24000
Node 54 58 8.94427
Pkt 68 160 0.425 1
Pkt 105 250 0.42 1
Node 34 69 24.8395
Pkt 168 400 0.42 1
Pkt 126 300 0.42 1
Node 59 42 12.0416
Pkt 315 750 0.42 1
Pkt 315 750 0.42 1
Node 40 36 17.2047
Pkt 51 120 0.425 1
Pkt 81 192 0.421875 1
Node 65 55 15.8114
Pkt 168 400 0.42 1
Pkt 126 300 0.42 1
Node 60 58 12.8062
Pkt 315 750 0.42 1
Pkt 336 800 0.42 1
Rate:841.979
==========
==========58
6 0 2 24000
Node 65 38 19.2094
Pkt 68 160 0.425 1
Pkt 63 150 0.42 1
Node 59 44 10.8167
Pkt 202 480 0.420833 1
Pkt 135 320 0.421875 1
Node 74 51 24.0208
Pkt 336 800 0.42 1
Pkt 315 750 0.42 1
Node 46 43 8.06226
Pkt 84 200 0.42 1
Pkt 81 192 0.421875 1
Node 67 54 17.4642
Pkt 126 300 0.42 1
Pkt 135 320 0.421875 1
Node 74 38 26.8328
Pkt 315 750 0.42 1
Pkt 315 750 0.42 1
Rate:841.91
==========
==========59
6 0 2 24000
Node 42 44 10
Pkt 53 125 0.424 1
Pkt 68 160 0.425 1
Node 50 55 5
Pkt 202 480 0.420833 1
Pkt 202 480 0.420833 1
Node 67 33 24.0416
Pkt 315 750 0.42 1
Pkt 336 800 0.42 1
Node 74 25 34.6554
Pkt 42 100 0.42 1
Pkt 63 150 0.42 1
Node 66 62 20
Pkt 158 375 0.421333 1
Pkt 135 320 0.421875 1
Node 69 71 28.3196
Pkt 315 750 0.42 1
Pkt 336 800 0.42 1
Rate:842.312
==========
==========60
6 0 2 24000
Node 26 62 26.8328
Pkt 84 200 0.42 1
Pkt 53 125 0.424 1
Node 52 60 10.198
Pkt 168 400 0.42 1
Pkt 135 320 0.421875 1
Node 72 71 30.4138
Pkt 336 800 0.42 1
Pkt 336 800 0.42 1
Node 32 63 22.2036
Pkt 105 250 0.42 1
Pkt 105 250 0.42 1
Node 25 53 25.1794
Pkt 158 375 0.421333 1
Pkt 158 375 0.421333 1
Node 35 38 19.2094
Pkt 315 750 0.42 1
Pkt 315 750 0.42 1
Rate:841.424
==========
==========61
6 0 2 24000
Node 35 41 17.4929
Pkt 84 200 0.42 1
Pkt 101 240 0.420833 1
Node 74 73 33.2415
Pkt 126 300 0.42 1
Pkt 202 480 0.420833 1
Node 47 48 3.60555
Pkt 336 800 0.42 1
Pkt 336 800 0.42 1
Node 46 69 19.4165
Pkt 84 200 0.42 1
Pkt 42 100 0.42 1
Node 39 49 11.0454
Pkt 168 400 0.42 1
Pkt 158 375 0.421333 1
Node 45 63 13.9284
Pkt 315 750 0.42 1
Pkt 336 800 0.42 1
Rate:840.5
==========
==========62
6 0 2 24000
Node 48 66 16.1245
Pkt 51 120 0.425 1
Pkt 42 100 0.42 1
Node 44 64 15.2315
Pkt 135 320 0.421875 1
Pkt 158 375 0.421333 1
Node 72 32 28.4253
Pkt 315 750 0.42 1
Pkt 336 800 0.42 1
Node 64 39 17.8045
Pkt 51 120 0.425 1
Pkt 63 150 0.42 1
Node 60 67 19.7231
Pkt 126 300 0.42 1
Pkt 202 480 0.420833 1
Node 25 63 28.178
Pkt 315 750 0.42 1
Pkt 336 800 0.42 1
Rate:842.34
==========
==========63
6 0 2 24000
Node 68 57 19.3132
Pkt 51 120 0.425 1
Pkt 51 120 0.425 1
Node 26 26 33.9411
Pkt 126 300 0.42 1
Pkt 135 320 0.421875 1
Node 64 36 19.799
Pkt 336 800 0.42 1
Pkt 315 750 0.42 1
Node 27 61 25.4951
Pkt 53 125 0.424 1
Pkt 51 120 0.425 1
Node 50 42 8
Pkt 158 375 0.421333 1
Pkt 135 320 0.421875 1
Node 38 58 14.4222
Pkt 315 750 0.42 1
Pkt 315 750 0.42 1
Rate:844.014
==========
==========64
6 0 2 24000
Node 44 41 10.8167
Pkt 63 150 0.42 1
Pkt 101 240 0.420833 1
Node 25 53 25.1794
Pkt 126 300 0.42 1
Pkt 126 300 0.42 1
Node 30 26 31.241
Pkt 336 800 0.42 1
Pkt 336 800 0.42 1
Node 52 72 22.0907
Pkt 101 240 0.420833 1
Pkt 42 100 0.42 1
Node 53 73 23.1948
Pkt 158 375 0.421333 1
Pkt 202 480 0.420833 1
Node 36 36 19.799
Pkt 336 800 0.42 1
Pkt 336 800 0.42 1
Rate:840.639
==========
==========65
6 0 2 24000
Node 45 41 10.2956
Pkt 101 240 0.420833 1
Pkt 101 240 0.420833 1
Node 64 50 14
Pkt 168 400 0.42 1
Pkt 158 375 0.421333 1
Node 68 61 21.095
Pkt 315 750 0.42 1
Pkt 336 800 0.42 1
Node 58 74 25.2982
Pkt 81 192 0.421875 1
Pkt 63 150 0.42 1
Node 53 57 7.61577
Pkt 126 300 0.42 1
Pkt 135 320 0.421875 1
Node 73 39 25.4951
Pkt 336 800 0.42 1
Pkt 336 800 0.42 1
Rate:841.125
==========
==========66
6 0 2 24000
Node 63 43 14.7648
Pkt 81 192 0.421875 1
Pkt 105 250 0.42 1
Node 68 34 24.0832
Pkt 126 300 0.42 1
Pkt 202 480 0.420833 1
Node 72 43 23.0868
Pkt 336 800 0.42 1
Pkt 336 800 0.42 1
Node 32 46 18.4391
Pkt 84 200 0.42 1
Pkt 68 160 0.425 1
Node 43 62 13.8924
Pkt 135 320 0.421875 1
Pkt 126 300 0.42 1
Node 73 47 23.1948
Pkt 315 750 0.42 1
Pkt 315 750 0.42 1
Rate:841.597
==========
==========67
6 0 2 24000
Node 40 57 12.2066
Pkt 81 192 0.421875 1
Pkt 53 125 0.424 1
Node 40 44 11.6619
Pkt 202 480 0.420833 1
Pkt 158 375 0.421333 1
Node 52 35 15.1327
Pkt 315 750 0.42 1
Pkt 336 800 0.42 1
Node 71 43 22.1359
Pkt 51 120 0.425 1
Pkt 63 150 0.42 1
Node 56 51 6.08276
Pkt 202 480 0.420833 1
Pkt 135 320 0.421875 1
Node 65 40 18.0278
Pkt 315 750 0.42 1
Pkt 336 800 0.42 1
Rate:842.625
==========
==========68
6 0 2 24000
Node 52 68 18.1108
Pkt 42 100 0.42 1
Pkt 53 125 0.424 1
Node 30 48 20.0998
Pkt 158 375 0.421333 1
Pkt 126 300 0.42 1
Node 33 41 19.2354
Pkt 336 800 0.42 1
Pkt 336 800 0.42 1
Node 34 26 28.8444
Pkt 53 125 0.424 1
Pkt 53 125 0.424 1
Node 65 41 17.4929
Pkt 126 300 0.42 1
Pkt 126 300 0.42 1
Node 59 43 11.4018
Pkt 336 800 0.42 1
Pkt 315 750 0.42 1
Rate:842.222
==========
==========69
6 0 2 24000
Node 65 39 18.6011
Pkt 81 192 0.421875 1
Pkt 105 250 0.42 1
Node 44 53 6.7082
Pkt 168 400 0.42 1
Pkt 135 320 0.421875 1
Node 56 66 17.088
Pkt 336 800 0.42 1
Pkt 336 800 0.42 1
Node 56 65 16.1555
Pkt 63 150 0.42 1
Pkt 42 100 0.42 1
Node 42 71 22.4722
Pkt 168 400 0.42 1
Pkt 158 375 0.421333 1
Node 69 28 29.0689
Pkt 315 750 0.42 1
Pkt 336 800 0.42 1
Rate:840.847
==========
==========70
6 0 2 24000
Node 73 33 28.6007
Pkt 101 240 0.420833 1
Pkt 101 240 0.420833 1
Node 58 26 25.2982
Pkt 135 320 0.421875 1
Pkt 135 320 0.421875 1
Node 27 73 32.5269
Pkt 336 800 0.42 1
Pkt 315 750 0.42 1
Node 35 54 15.5242
Pkt 63 150 0.42 1
Pkt 105 250 0.42 1
Node 65 71 25.807
Pkt 126 300 0.42 1
Pkt 168 400 0.42 1
Node 44 70 20.8806
Pkt 336 800 0.42 1
Pkt 315 750 0.42 1
Rate:840.903
==========
==========71
6 0 2 24000
Node 41 71 22.8473
Pkt 53 125 0.424 1
Pkt 63 150 0.42 1
Node 69 29 28.3196
Pkt 126 300 0.42 1
Pkt 126 300 0.42 1
Node 54 67 17.4642
Pkt 336 800 0.42 1
Pkt 315 750 0.42 1
Node 31 29 28.3196
Pkt 63 150 0.42 1
Pkt 53 125 0.424 1
Node 31 46 19.4165
Pkt 126 300 0.42 1
Pkt 158 375 0.421333 1
Node 70 64 24.4131
Pkt 315 750 0.42 1
Pkt 315 750 0.42 1
Rate:841.556
==========
==========72
6 0 2 24000
Node 29 73 31.1448
Pkt 51 120 0.425 1
Pkt 63 150 0.42 1
Node 39 29 23.7065
Pkt 202 480 0.420833 1
Pkt 168 400 0.42 1
Node 35 25 29.1548
Pkt 336 800 0.42 1
Pkt 336 800 0.42 1
Node 37 65 19.8494
Pkt 101 240 0.420833 1
Pkt 68 160 0.425 1
Node 64 47 14.3178
Pkt 135 320 0.421875 1
Pkt 126 300 0.42 1
Node 60 51 10.0499
Pkt 315 750 0.42 1
Pkt 336 800 0.42 1
Rate:842.257
==========
==========73
6 0 2 24000
Node 53 28 22.2036
Pkt 42 100 0.42 1
Pkt 63 150 0.42 1
Node 40 32 20.5913
Pkt 126 300 0.42 1
Pkt 135 320 0.421875 1
Node 45 38 13
Pkt 336 800 0.42 1
Pkt 336 800 0.42 1
Node 60 27 25.0799
Pkt 53 125 0.424 1
Pkt 105 250 0.42 1
Node 70 26 31.241
Pkt 158 375 0.421333 1
Pkt 158 375 0.421333 1
Node 36 61 17.8045
Pkt 336 800 0.42 1
Pkt 336 800 0.42 1
Rate:841.424
==========
==========74
6 0 2 24000
Node 39 35 18.6011
Pkt 68 160 0.425 1
Pkt 105 250 0.42 1
Node 62 26 26.8328
Pkt 126 300 0.42 1
Pkt 135 320 0.421875 1
Node 67 32 24.7588
Pkt 336 800 0.42 1
Pkt 315 750 0.42 1
Node 54 54 5.65685
Pkt 42 100 0.42 1
Pkt 51 120 0.425 1
Node 60 28 24.1661
Pkt 135 320 0.421875 1
Pkt 168 400 0.42 1
Node 68 57 19.3132
Pkt 336 800 0.42 1
Pkt 336 800 0.42 1
Rate:842.292
==========
==========75
6 0 2 24000
Node 65 51 15.0333
Pkt 63 150 0.42 1
Pkt 63 150 0.42 1
Node 29 40 23.2594
Pkt 126 300 0.42 1
Pkt 158 375 0.421333 1
Node 72 45 22.561
Pkt 315 750 0.42 1
Pkt 315 750 0.42 1
Node 54 44 7.2111
Pkt 51 120 0.425 1
Pkt 42 100 0.42 1
Node 40 69 21.4709
Pkt 202 480 0.420833 1
Pkt 126 300 0.42 1
Node 69 25 31.4006
Pkt 315 750 0.42 1
Pkt 315 750 0.42 1
Rate:841.194
==========
==========76
6 0 2 24000
Node 32 65 23.4307
Pkt 81 192 0.421875 1
Pkt 63 150 0.42 1
Node 67 58 18.7883
Pkt 126 300 0.42 1
Pkt 168 400 0.42 1
Node 48 70 20.0998
Pkt 315 750 0.42 1
Pkt 315 750 0.42 1
Node 31 61 21.9545
Pkt 105 250 0.42 1
Pkt 63 150 0.42 1
Node 26 36 27.7849
Pkt 135 320 0.421875 1
Pkt 126 300 0.42 1
Node 58 47 8.544
Pkt 315 750 0.42 1
Pkt 315 750 0.42 1
Rate:840.625
==========
==========77
6 0 2 24000
Node 58 33 18.7883
Pkt 51 120 0.425 1
Pkt 68 160 0.425 1
Node 55 46 6.40312
Pkt 126 300 0.42 1
Pkt 158 375 0.421333 1
Node 31 32 26.1725
Pkt 315 750 0.42 1
Pkt 336 800 0.42 1
Node 68 53 18.2483
Pkt 42 100 0.42 1
Pkt 81 192 0.421875 1
Node 29 48 21.095
Pkt 135 320 0.421875 1
Pkt 135 320 0.421875 1
Node 72 68 28.4253
Pkt 315 750 0.42 1
Pkt 315 750 0.42 1
Rate:842.826
==========
==========78
6 0 2 24000
Node 29 59 22.8473
Pkt 101 240 0.420833 1
Pkt 101 240 0.420833 1
Node 49 40 10.0499
Pkt 158 375 0.421333 1
Pkt 202 480 0.420833 1
Node 29 68 27.6586
Pkt 336 800 0.42 1
Pkt 315 750 0.42 1
Node 45 26 24.5153
Pkt 105 250 0.42 1
Pkt 81 192 0.421875 1
Node 50 44 6
Pkt 135 320 0.421875 1
Pkt 168 400 0.42 1
Node 27 57 24.0416
Pkt 336 800 0.42 1
Pkt 336 800 0.42 1
Rate:841.264
==========
==========79
6 0 2 24000
Node 31 40 21.4709
Pkt 81 192 0.421875 1
Pkt 63 150 0.42 1
Node 27 45 23.5372
Pkt 158 375 0.421333 1
Pkt 158 375 0.421333 1
Node 27 40 25.0799
Pkt 315 750 0.42 1
Pkt 336 800 0.42 1
Node 27 70 30.4795
Pkt 68 160 0.425 1
Pkt 42 100 0.42 1
Node 54 28 22.3607
Pkt 158 375 0.421333 1
Pkt 168 400 0.42 1
Node 62 68 21.6333
Pkt 315 750 0.42 1
Pkt 315 750 0.42 1
Rate:841.813
==========
==========80
6 0 2 24000
Node 45 53 5.83095
Pkt 42 100 0.42 1
Pkt 68 160 0.425 1
Node 68 66 24.0832
Pkt 168 400 0.42 1
Pkt 158 375 0.421333 1
Node 67 41 19.2354
Pkt 336 800 0.42 1
Pkt 336 800 0.42 1
Node 68 33 24.7588
Pkt 81 192 0.421875 1
Pkt 105 250 0.42 1
Node 31 72 29.0689
Pkt 135 320 0.421875 1
Pkt 202 480 0.420833 1
Node 32 74 30
Pkt 336 800 0.42 1
Pkt 336 800 0.42 1
Rate:841.819
==========
==========81
6 0 2 24000
Node 69 67 25.4951
Pkt 42 100 0.42 1
Pkt 51 120 0.425 1
Node 74 51 24.0208
Pkt 202 480 0.420833 1
Pkt 126 300 0.42 1
Node 71 62 24.1868
Pkt 315 750 0.42 1
Pkt 336 800 0.42 1
Node 38 40 15.6205
Pkt 63 150 0.42 1
Pkt 84 200 0.42 1
Node 32 27 29.2062
Pkt 126 300 0.42 1
Pkt 168 400 0.42 1
Node 58 69 20.6155
Pkt 315 750 0.42 1
Pkt 315 750 0.42 1
Rate:840.972
==========
==========82
6 0 2 24000
Node 46 27 23.3452
Pkt 105 250 0.42 1
Pkt 101 240 0.420833 1
Node 32 30 26.9072
Pkt 135 320 0.421875 1
Pkt 158 375 0.421333 1
Node 52 67 17.1172
Pkt 315 750 0.42 1
Pkt 315 750 0.42 1
Node 38 38 16.9706
Pkt 84 200 0.42 1
Pkt 101 240 0.420833 1
Node 59 73 24.6982
Pkt 126 300 0.42 1
Pkt 135 320 0.421875 1
Node 74 54 24.3311
Pkt 315 750 0.42 1
Pkt 336 800 0.42 1
Rate:841.125
==========
==========83
6 0 2 24000
Node 67 69 25.4951
Pkt 105 250 0.42 1
Pkt 42 100 0.42 1
Node 31 44 19.9249
Pkt 158 375 0.421333 1
Pkt 168 400 0.42 1
Node 74 68 30
Pkt 315 750 0.42 1
Pkt 336 800 0.42 1
Node 71 61 23.7065
Pkt 42 100 0.42 1
Pkt 105 250 0.42 1
Node 27 71 31.1448
Pkt 168 400 0.42 1
Pkt 168 400 0.42 1
Node 57 74 25
Pkt 315 750 0.42 1
Pkt 315 750 0.42 1
Rate:840.222
==========
==========84
6 0 2 24000
Node 39 72 24.5967
Pkt 101 240 0.420833 1
Pkt 63 150 0.42 1
Node 41 68 20.1246
Pkt 168 400 0.42 1
Pkt 202 480 0.420833 1
Node 56 60 11.6619
Pkt 336 800 0.42 1
Pkt 336 800 0.42 1
Node 32 48 18.1108
Pkt 105 250 0.42 1
Pkt 81 192 0.421875 1
Node 36 36 19.799
Pkt 135 320 0.421875 1
Pkt 202 480 0.420833 1
Node 56 69 19.9249
Pkt 315 750 0.42 1
Pkt 315 750 0.42 1
Rate:841.042
==========
==========85
6 0 2 24000
Node 61 32 21.095
Pkt 81 192 0.421875 1
Pkt 81 192 0.421875 1
Node 55 41 10.2956
Pkt 168 400 0.42 1
Pkt 158 375 0.421333 1
Node 72 43 23.0868
Pkt 336 800 0.42 1
Pkt 315 750 0.42 1
Node 33 45 17.72
Pkt 105 250 0.42 1
Pkt 51 120 0.425 1
Node 53 53 4.24264
Pkt 126 300 0.42 1
Pkt 126 300 0.42 1
Node 72 59 23.7697
Pkt 315 750 0.42 1
Pkt 315 750 0.42 1
Rate:841.681
==========
==========86
6 0 2 24000
Node 64 56 15.2315
Pkt 53 125 0.424 1
Pkt 42 100 0.42 1
Node 26 72 32.5576
Pkt 126 300 0.42 1
Pkt 158 375 0.421333 1
Node 70 46 20.3961
Pkt 315 750 0.42 1
Pkt 315 750 0.42 1
Node 43 74 25
Pkt 84 200 0.42 1
Pkt 68 160 0.425 1
Node 58 27 24.3516
Pkt 168 400 0.42 1
Pkt 135 320 0.421875 1
Node 42 74 25.2982
Pkt 315 750 0.42 1
Pkt 336 800 0.42 1
Rate:842.035
==========
==========87
6 0 2 24000
Node 50 59 9
Pkt 68 160 0.425 1
Pkt 84 200 0.42 1
Node 31 62 22.4722
Pkt 168 400 0.42 1
Pkt 135 320 0.421875 1
Node 49 25 25.02
Pkt 315 750 0.42 1
Pkt 315 750 0.42 1
Node 63 66 20.6155
Pkt 42 100 0.42 1
Pkt 105 250 0.42 1
Node 43 55 8.60233
Pkt 126 300 0.42 1
Pkt 158 375 0.421333 1
Node 53 70 20.2237
Pkt 315 750 0.42 1
Pkt 336 800 0.42 1
Rate:841.368
==========
==========88
6 0 2 24000
Node 49 38 12.0416
Pkt 105 250 0.42 1
Pkt 68 160 0.425 1
Node 61 69 21.9545
Pkt 126 300 0.42 1
Pkt 158 375 0.421333 1
Node 27 42 24.3516
Pkt 336 800 0.42 1
Pkt 315 750 0.42 1
Node 45 31 19.6469
Pkt 81 192 0.421875 1
Pkt 42 100 0.42 1
Node 39 41 14.2127
Pkt 202 480 0.420833 1
Pkt 202 480 0.420833 1
Node 62 59 15
Pkt 315 750 0.42 1
Pkt 315 750 0.42 1
Rate:841.646
==========
==========89
6 0 2 24000
Node 72 58 23.4094
Pkt 101 240 0.420833 1
Pkt 68 160 0.425 1
Node 30 55 20.6155
Pkt 168 400 0.42 1
Pkt 126 300 0.42 1
Node 70 63 23.8537
Pkt 315 750 0.42 1
Pkt 336 800 0.42 1
Node 40 49 10.0499
Pkt 53 125 0.424 1
Pkt 53 125 0.424 1
Node 40 40 14.1421
Pkt 158 375 0.421333 1
Pkt 126 300 0.42 1
Node 74 38 26.8328
Pkt 315 750 0.42 1
Pkt 336 800 0.42 1
Rate:842.528
==========
==========90
6 0 2 24000
Node 52 28 22.0907
Pkt 63 150 0.42 1
Pkt 63 150 0.42 1
Node 70 35 25
Pkt 202 480 0.420833 1
Pkt 126 300 0.42 1
Node 47 52 3.60555
Pkt 336 800 0.42 1
Pkt 336 800 0.42 1
Node 37 55 13.9284
Pkt 68 160 0.425 1
Pkt 101 240 0.420833 1
Node 32 44 18.9737
Pkt 202 480 0.420833 1
Pkt 202 480 0.420833 1
Node 48 34 16.1245
Pkt 336 800 0.42 1
Pkt 315 750 0.42 1
Rate:841.389
==========
==========91
6 0 2 24000
Node 27 60 25.0799
Pkt 81 192 0.421875 1
Pkt 101 240 0.420833 1
Node 59 66 18.3576
Pkt 135 320 0.421875 1
Pkt 135 320 0.421875 1
Node 44 59 10.8167
Pkt 336 800 0.42 1
Pkt 315 750 0.42 1
Node 62 70 23.3238
Pkt 68 160 0.425 1
Pkt 42 100 0.42 1
Node 28 61 24.5967
Pkt 158 375 0.421333 1
Pkt 158 375 0.421333 1
Node 64 58 16.1245
Pkt 336 800 0.42 1
Pkt 336 800 0.42 1
Rate:842.354
==========
==========92
6 0 2 24000
Node 38 50 12
Pkt 84 200 0.42 1
Pkt 51 120 0.425 1
Node 47 66 16.2788
Pkt 202 480 0.420833 1
Pkt 202 480 0.420833 1
Node 58 71 22.4722
Pkt 336 800 0.42 1
Pkt 336 800 0.42 1
Node 66 32 24.0832
Pkt 68 160 0.425 1
Pkt 63 150 0.42 1
Node 25 38 27.7308
Pkt 135 320 0.421875 1
Pkt 158 375 0.421333 1
Node 33 73 28.6007
Pkt 315 750 0.42 1
Pkt 315 750 0.42 1
Rate:842.479
==========
==========93
6 0 2 24000
Node 31 71 28.3196
Pkt 105 250 0.42 1
Pkt 68 160 0.425 1
Node 58 57 10.6301
Pkt 135 320 0.421875 1
Pkt 202 480 0.420833 1
Node 60 55 11.1803
Pkt 315 750 0.42 1
Pkt 315 750 0.42 1
Node 62 73 25.9422
Pkt 42 100 0.42 1
Pkt 81 192 0.421875 1
Node 37 63 18.3848
Pkt 168 400 0.42 1
Pkt 135 320 0.421875 1
Node 66 44 17.088
Pkt 315 750 0.42 1
Pkt 336 800 0.42 1
Rate:841.91
==========
==========94
6 0 2 24000
Node 35 60 18.0278
Pkt 42 100 0.42 1
Pkt 101 240 0.420833 1
Node 46 52 4.47214
Pkt 202 480 0.420833 1
Pkt 135 320 0.421875 1
Node 49 25 25.02
Pkt 315 750 0.42 1
Pkt 315 750 0.42 1
Node 52 56 6.32456
Pkt 84 200 0.42 1
Pkt 63 150 0.42 1
Node 74 68 30
Pkt 158 375 0.421333 1
Pkt 158 375 0.421333 1
Node 46 62 12.6491
Pkt 336 800 0.42 1
Pkt 315 750 0.42 1
Rate:841.035
==========
==========95
6 0 2 24000
Node 40 61 14.8661
Pkt 53 125 0.424 1
Pkt 68 160 0.425 1
Node 53 29 21.2132
Pkt 168 400 0.42 1
Pkt 202 480 0.420833 1
Node 38 35 19.2094
Pkt 315 750 0.42 1
Pkt 315 750 0.42 1
Node 40 70 22.3607
Pkt 68 160 0.425 1
Pkt 51 120 0.425 1
Node 73 58 24.3516
Pkt 126 300 0.42 1
Pkt 126 300 0.42 1
Node 25 70 32.0156
Pkt 336 800 0.42 1
Pkt 336 800 0.42 1
Rate:843.306
==========
==========96
6 0 2 24000
Node 29 61 23.7065
Pkt 105 250 0.42 1
Pkt 81 192 0.421875 1
Node 29 37 24.6982
Pkt 202 480 0.420833 1
Pkt 135 320 0.421875 1
Node 70 57 21.1896
Pkt 336 800 0.42 1
Pkt 315 750 0.42 1
Node 46 48 4.47214
Pkt 105 250 0.42 1
Pkt 101 240 0.420833 1
Node 35 60 18.0278
Pkt 158 375 0.421333 1
Pkt 135 320 0.421875 1
Node 59 74 25.632
Pkt 315 750 0.42 1
Pkt 336 800 0.42 1
Rate:841.438
==========
==========97
6 0 2 24000
Node 63 54 13.6015
Pkt 42 100 0.42 1
Pkt 51 120 0.425 1
Node 44 51 6.08276
Pkt 126 300 0.42 1
Pkt 168 400 0.42 1
Node 39 52 11.1803
Pkt 336 800 0.42 1
Pkt 315 750 0.42 1
Node 74 49 24.0208
Pkt 81 192 0.421875 1
Pkt 81 192 0.421875 1
Node 60 49 10.0499
Pkt 168 400 0.42 1
Pkt 168 400 0.42 1
Node 56 70 20.8806
Pkt 336 800 0.42 1
Pkt 336 800 0.42 1
Rate:841.458
==========
==========98
6 0 2 24000
Node 44 29 21.8403
Pkt 53 125 0.424 1
Pkt 63 150 0.42 1
Node 58 35 17
Pkt 126 300 0.42 1
Pkt 126 300 0.42 1
Node 37 51 13.0384
Pkt 336 800 0.42 1
Pkt 315 750 0.42 1
Node 56 57 9.21954
Pkt 84 200 0.42 1
Pkt 68 160 0.425 1
Node 67 61 20.2485
Pkt 126 300 0.42 1
Pkt 158 375 0.421333 1
Node 37 61 17.0294
Pkt 336 800 0.42 1
Pkt 336 800 0.42 1
Rate:841.722
==========
==========99
