6 0 2 24000
Node 38 46 12.6491
Pkt 53 240 0.220833 1
Pkt 27 120 0.225 1
Node 56 66 17.088
Pkt 66 300 0.22 1
Pkt 106 480 0.220833 1
Node 27 51 23.0217
Pkt 176 800 0.22 1
Pkt 165 750 0.22 1
Node 33 56 18.0278
Pkt 36 160 0.225 1
Pkt 55 250 0.22 1
Node 30 53 20.2237
Pkt 66 300 0.22 1
Pkt 66 300 0.22 1
Node 38 72 25.0599
Pkt 165 750 0.22 1
Pkt 176 800 0.22 1
Rate:441.944
==========
==========0
6 0 2 24000
Node 48 30 20.0998
Pkt 33 150 0.22 1
Pkt 44 200 0.22 1
Node 42 63 15.2643
Pkt 106 480 0.220833 1
Pkt 106 480 0.220833 1
Node 44 67 18.0278
Pkt 176 800 0.22 1
Pkt 165 750 0.22 1
Node 63 36 19.105
Pkt 36 160 0.225 1
Pkt 28 125 0.224 1
Node 53 56 6.7082
Pkt 66 300 0.22 1
Pkt 88 400 0.22 1
Node 57 54 8.06226
Pkt 176 800 0.22 1
Pkt 165 750 0.22 1
Rate:441.778
==========
==========1
6 0 2 24000
Node 46 41 9.84886
Pkt 33 150 0.22 1
Pkt 53 240 0.220833 1
Node 26 46 24.3311
Pkt 88 400 0.22 1
Pkt 66 300 0.22 1
Node 57 36 15.6525
Pkt 176 800 0.22 1
Pkt 176 800 0.22 1
Node 48 63 13.1529
Pkt 36 160 0.225 1
Pkt 28 125 0.224 1
Node 49 27 23.0217
Pkt 71 320 0.221875 1
Pkt 66 300 0.22 1
Node 27 34 28.0179
Pkt 176 800 0.22 1
Pkt 165 750 0.22 1
Rate:441.951
==========
==========2
6 0 2 24000
Node 57 26 25
Pkt 36 160 0.225 1
Pkt 28 125 0.224 1
Node 69 25 31.4006
Pkt 66 300 0.22 1
Pkt 106 480 0.220833 1
Node 33 66 23.3452
Pkt 165 750 0.22 1
Pkt 176 800 0.22 1
Node 46 69 19.4165
Pkt 33 150 0.22 1
Pkt 53 240 0.220833 1
Node 50 64 14
Pkt 88 400 0.22 1
Pkt 88 400 0.22 1
Node 47 69 19.2354
Pkt 165 750 0.22 1
Pkt 176 800 0.22 1
Rate:441.778
==========
==========3
6 0 2 24000
Node 39 42 13.6015
Pkt 27 120 0.225 1
Pkt 28 125 0.224 1
Node 71 74 31.8904
Pkt 106 480 0.220833 1
Pkt 106 480 0.220833 1
Node 47 62 12.3693
Pkt 176 800 0.22 1
Pkt 165 750 0.22 1
Node 44 27 23.7697
Pkt 36 160 0.225 1
Pkt 53 240 0.220833 1
Node 74 71 31.8904
Pkt 66 300 0.22 1
Pkt 66 300 0.22 1
Node 57 40 12.2066
Pkt 176 800 0.22 1
Pkt 176 800 0.22 1
Rate:442.75
==========
==========4
6 0 2 24000
Node 60 70 22.3607
Pkt 28 125 0.224 1
Pkt 36 160 0.225 1
Node 58 43 10.6301
Pkt 83 375 0.221333 1
Pkt 106 480 0.220833 1
Node 35 29 25.807
Pkt 176 800 0.22 1
Pkt 165 750 0.22 1
Node 59 37 15.8114
Pkt 33 150 0.22 1
Pkt 33 150 0.22 1
Node 26 46 24.3311
Pkt 106 480 0.220833 1
Pkt 83 375 0.221333 1
Node 53 59 9.48683
Pkt 176 800 0.22 1
Pkt 165 750 0.22 1
Rate:442.222
==========
==========5
6 0 2 24000
Node 39 33 20.2485
Pkt 36 160 0.225 1
Pkt 43 192 0.223958 1
Node 41 45 10.2956
Pkt 106 480 0.220833 1
Pkt 71 320 0.221875 1
Node 64 52 14.1421
Pkt 176 800 0.22 1
Pkt 176 800 0.22 1
Node 69 62 22.4722
Pkt 33 150 0.22 1
Pkt 36 160 0.225 1
Node 64 35 20.5183
Pkt 106 480 0.220833 1
Pkt 66 300 0.22 1
Node 50 33 17
Pkt 176 800 0.22 1
Pkt 165 750 0.22 1
Rate:442.917
==========
==========6
6 0 2 24000
Node 71 42 22.4722
Pkt 43 192 0.223958 1
Pkt 53 240 0.220833 1
Node 54 49 4.12311
Pkt 88 400 0.22 1
Pkt 106 480 0.220833 1
Node 42 70 21.5407
Pkt 176 800 0.22 1
Pkt 165 750 0.22 1
Node 38 49 12.0416
Pkt 36 160 0.225 1
Pkt 36 160 0.225 1
Node 44 56 8.48528
Pkt 106 480 0.220833 1
Pkt 106 480 0.220833 1
Node 47 34 16.2788
Pkt 165 750 0.22 1
Pkt 176 800 0.22 1
Rate:442.882
==========
==========7
6 0 2 24000
Node 40 59 13.4536
Pkt 44 200 0.22 1
Pkt 36 160 0.225 1
Node 72 66 27.2029
Pkt 106 480 0.220833 1
Pkt 71 320 0.221875 1
Node 60 50 10
Pkt 176 800 0.22 1
Pkt 176 800 0.22 1
Node 44 69 19.9249
Pkt 27 120 0.225 1
Pkt 27 120 0.225 1
Node 42 46 8.94427
Pkt 66 300 0.22 1
Pkt 106 480 0.220833 1
Node 52 28 22.0907
Pkt 176 800 0.22 1
Pkt 176 800 0.22 1
Rate:443.09
==========
==========8
6 0 2 24000
Node 58 60 12.8062
Pkt 22 100 0.22 1
Pkt 27 120 0.225 1
Node 26 56 24.7386
Pkt 83 375 0.221333 1
Pkt 71 320 0.221875 1
Node 41 67 19.2354
Pkt 165 750 0.22 1
Pkt 165 750 0.22 1
Node 40 70 22.3607
Pkt 44 200 0.22 1
Pkt 53 240 0.220833 1
Node 47 58 8.544
Pkt 66 300 0.22 1
Pkt 66 300 0.22 1
Node 33 28 27.8029
Pkt 165 750 0.22 1
Pkt 165 750 0.22 1
Rate:441.507
==========
==========9
6 0 2 24000
Node 45 59 10.2956
Pkt 28 125 0.224 1
Pkt 22 100 0.22 1
Node 36 44 15.2315
Pkt 66 300 0.22 1
Pkt 71 320 0.221875 1
Node 69 67 25.4951
Pkt 176 800 0.22 1
Pkt 165 750 0.22 1
Node 32 54 18.4391
Pkt 43 192 0.223958 1
Pkt 53 240 0.220833 1
Node 43 34 17.4642
Pkt 88 400 0.22 1
Pkt 88 400 0.22 1
Node 64 35 20.5183
Pkt 176 800 0.22 1
Pkt 176 800 0.22 1
Rate:441.778
==========
==========10
6 0 2 24000
Node 73 61 25.4951
Pkt 43 192 0.223958 1
Pkt 27 120 0.225 1
Node 54 52 4.47214
Pkt 71 320 0.221875 1
Pkt 71 320 0.221875 1
Node 40 31 21.4709
Pkt 176 800 0.22 1
Pkt 165 750 0.22 1
Node 66 41 18.3576
Pkt 36 160 0.225 1
Pkt 55 250 0.22 1
Node 61 47 11.4018
Pkt 106 480 0.220833 1
Pkt 66 300 0.22 1
Node 46 51 4.12311
Pkt 165 750 0.22 1
Pkt 176 800 0.22 1
Rate:443.09
==========
==========11
6 0 2 24000
Node 63 52 13.1529
Pkt 36 160 0.225 1
Pkt 55 250 0.22 1
Node 61 67 20.2485
Pkt 83 375 0.221333 1
Pkt 71 320 0.221875 1
Node 53 69 19.2354
Pkt 176 800 0.22 1
Pkt 165 750 0.22 1
Node 57 57 9.89949
Pkt 44 200 0.22 1
Pkt 55 250 0.22 1
Node 30 45 20.6155
Pkt 88 400 0.22 1
Pkt 66 300 0.22 1
Node 33 54 17.4642
Pkt 165 750 0.22 1
Pkt 165 750 0.22 1
Rate:441.368
==========
==========12
6 0 2 24000
Node 48 65 15.1327
Pkt 22 100 0.22 1
Pkt 22 100 0.22 1
Node 29 70 29
Pkt 71 320 0.221875 1
Pkt 106 480 0.220833 1
Node 41 42 12.0416
Pkt 176 800 0.22 1
Pkt 176 800 0.22 1
Node 65 48 15.1327
Pkt 27 120 0.225 1
Pkt 36 160 0.225 1
Node 34 55 16.7631
Pkt 71 320 0.221875 1
Pkt 66 300 0.22 1
Node 38 69 22.4722
Pkt 165 750 0.22 1
Pkt 165 750 0.22 1
Rate:442.431
==========
==========13
6 0 2 24000
Node 61 70 22.8254
Pkt 28 125 0.224 1
Pkt 33 150 0.22 1
Node 39 45 12.083
Pkt 66 300 0.22 1
Pkt 88 400 0.22 1
Node 46 33 17.4642
Pkt 165 750 0.22 1
Pkt 176 800 0.22 1
Node 72 53 22.2036
Pkt 28 125 0.224 1
Pkt 36 160 0.225 1
Node 52 32 18.1108
Pkt 66 300 0.22 1
Pkt 83 375 0.221333 1
Node 31 49 19.0263
Pkt 165 750 0.22 1
Pkt 165 750 0.22 1
Rate:442.389
==========
==========14
6 0 2 24000
Node 29 36 25.2389
Pkt 28 125 0.224 1
Pkt 53 240 0.220833 1
Node 43 41 11.4018
Pkt 106 480 0.220833 1
Pkt 106 480 0.220833 1
Node 41 65 17.4929
Pkt 165 750 0.22 1
Pkt 176 800 0.22 1
Node 62 65 19.2094
Pkt 28 125 0.224 1
Pkt 44 200 0.22 1
Node 46 53 5
Pkt 83 375 0.221333 1
Pkt 83 375 0.221333 1
Node 55 30 20.6155
Pkt 176 800 0.22 1
Pkt 176 800 0.22 1
Rate:442.194
==========
==========15
6 0 2 24000
Node 45 61 12.083
Pkt 22 100 0.22 1
Pkt 44 200 0.22 1
Node 44 37 14.3178
Pkt 88 400 0.22 1
Pkt 83 375 0.221333 1
Node 41 46 9.84886
Pkt 165 750 0.22 1
Pkt 176 800 0.22 1
Node 63 46 13.6015
Pkt 53 240 0.220833 1
Pkt 36 160 0.225 1
Node 27 35 27.4591
Pkt 88 400 0.22 1
Pkt 106 480 0.220833 1
Node 67 32 24.7588
Pkt 165 750 0.22 1
Pkt 165 750 0.22 1
Rate:441.333
==========
==========16
6 0 2 24000
Node 69 26 30.6105
Pkt 27 120 0.225 1
Pkt 53 240 0.220833 1
Node 47 44 6.7082
Pkt 88 400 0.22 1
Pkt 71 320 0.221875 1
Node 40 46 10.7703
Pkt 176 800 0.22 1
Pkt 176 800 0.22 1
Node 66 68 24.0832
Pkt 27 120 0.225 1
Pkt 53 240 0.220833 1
Node 74 64 27.7849
Pkt 83 375 0.221333 1
Pkt 83 375 0.221333 1
Node 54 30 20.3961
Pkt 176 800 0.22 1
Pkt 165 750 0.22 1
Rate:442.701
==========
==========17
6 0 2 24000
Node 36 31 23.6008
Pkt 27 120 0.225 1
Pkt 55 250 0.22 1
Node 25 35 29.1548
Pkt 106 480 0.220833 1
Pkt 71 320 0.221875 1
Node 50 61 11
Pkt 176 800 0.22 1
Pkt 165 750 0.22 1
Node 52 55 5.38516
Pkt 27 120 0.225 1
Pkt 27 120 0.225 1
Node 44 50 6
Pkt 71 320 0.221875 1
Pkt 83 375 0.221333 1
Node 47 42 8.544
Pkt 165 750 0.22 1
Pkt 165 750 0.22 1
Rate:443.486
==========
==========18
6 0 2 24000
Node 30 25 32.0156
Pkt 43 192 0.223958 1
Pkt 53 240 0.220833 1
Node 30 34 25.6125
Pkt 83 375 0.221333 1
Pkt 66 300 0.22 1
Node 33 60 19.7231
Pkt 165 750 0.22 1
Pkt 176 800 0.22 1
Node 35 40 18.0278
Pkt 53 240 0.220833 1
Pkt 44 200 0.22 1
Node 74 57 25
Pkt 66 300 0.22 1
Pkt 66 300 0.22 1
Node 61 33 20.2485
Pkt 165 750 0.22 1
Pkt 176 800 0.22 1
Rate:441.16
==========
==========19
6 0 2 24000
Node 42 72 23.4094
Pkt 43 192 0.223958 1
Pkt 53 240 0.220833 1
Node 68 72 28.4253
Pkt 88 400 0.22 1
Pkt 66 300 0.22 1
Node 28 47 22.2036
Pkt 165 750 0.22 1
Pkt 165 750 0.22 1
Node 54 26 24.3311
Pkt 43 192 0.223958 1
Pkt 36 160 0.225 1
Node 34 39 19.4165
Pkt 88 400 0.22 1
Pkt 66 300 0.22 1
Node 61 71 23.7065
Pkt 165 750 0.22 1
Pkt 165 750 0.22 1
Rate:442.292
==========
==========20
6 0 2 24000
Node 37 41 15.8114
Pkt 22 100 0.22 1
Pkt 36 160 0.225 1
Node 29 43 22.1359
Pkt 66 300 0.22 1
Pkt 83 375 0.221333 1
Node 30 37 23.8537
Pkt 165 750 0.22 1
Pkt 165 750 0.22 1
Node 34 67 23.3452
Pkt 27 120 0.225 1
Pkt 27 120 0.225 1
Node 50 59 9
Pkt 106 480 0.220833 1
Pkt 88 400 0.22 1
Node 61 41 14.2127
Pkt 176 800 0.22 1
Pkt 176 800 0.22 1
Rate:442.861
==========
==========21
6 0 2 24000
Node 58 50 8
Pkt 53 240 0.220833 1
Pkt 44 200 0.22 1
Node 56 29 21.8403
Pkt 71 320 0.221875 1
Pkt 83 375 0.221333 1
Node 44 36 15.2315
Pkt 165 750 0.22 1
Pkt 165 750 0.22 1
Node 41 60 13.4536
Pkt 44 200 0.22 1
Pkt 36 160 0.225 1
Node 26 38 26.8328
Pkt 71 320 0.221875 1
Pkt 88 400 0.22 1
Node 66 64 21.2603
Pkt 176 800 0.22 1
Pkt 165 750 0.22 1
Rate:441.819
==========
==========22
6 0 2 24000
Node 59 54 9.84886
Pkt 44 200 0.22 1
Pkt 28 125 0.224 1
Node 74 70 31.241
Pkt 106 480 0.220833 1
Pkt 66 300 0.22 1
Node 49 25 25.02
Pkt 165 750 0.22 1
Pkt 165 750 0.22 1
Node 51 58 8.06226
Pkt 43 192 0.223958 1
Pkt 55 250 0.22 1
Node 51 42 8.06226
Pkt 83 375 0.221333 1
Pkt 71 320 0.221875 1
Node 66 65 21.9317
Pkt 165 750 0.22 1
Pkt 165 750 0.22 1
Rate:442
==========
==========23
6 0 2 24000
Node 73 42 24.3516
Pkt 36 160 0.225 1
Pkt 28 125 0.224 1
Node 46 50 4
Pkt 83 375 0.221333 1
Pkt 88 400 0.22 1
Node 34 58 17.8885
Pkt 165 750 0.22 1
Pkt 176 800 0.22 1
Node 52 70 20.0998
Pkt 44 200 0.22 1
Pkt 33 150 0.22 1
Node 52 73 23.0868
Pkt 83 375 0.221333 1
Pkt 106 480 0.220833 1
Node 47 32 18.2483
Pkt 176 800 0.22 1
Pkt 165 750 0.22 1
Rate:442.083
==========
==========24
6 0 2 24000
Node 33 74 29.4109
Pkt 36 160 0.225 1
Pkt 53 240 0.220833 1
Node 66 54 16.4924
Pkt 83 375 0.221333 1
Pkt 66 300 0.22 1
Node 41 42 12.0416
Pkt 165 750 0.22 1
Pkt 176 800 0.22 1
Node 74 61 26.4008
Pkt 53 240 0.220833 1
Pkt 36 160 0.225 1
Node 51 32 18.0278
Pkt 106 480 0.220833 1
Pkt 88 400 0.22 1
Node 50 55 5
Pkt 165 750 0.22 1
Pkt 176 800 0.22 1
Rate:442.306
==========
==========25
6 0 2 24000
Node 64 40 17.2047
Pkt 55 250 0.22 1
Pkt 28 125 0.224 1
Node 74 26 33.9411
Pkt 66 300 0.22 1
Pkt 88 400 0.22 1
Node 39 46 11.7047
Pkt 165 750 0.22 1
Pkt 176 800 0.22 1
Node 34 56 17.088
Pkt 22 100 0.22 1
Pkt 43 192 0.223958 1
Node 27 44 23.7697
Pkt 106 480 0.220833 1
Pkt 83 375 0.221333 1
Node 55 70 20.6155
Pkt 176 800 0.22 1
Pkt 176 800 0.22 1
Rate:441.688
==========
==========26
6 0 2 24000
Node 49 46 4.12311
Pkt 27 120 0.225 1
Pkt 55 250 0.22 1
Node 66 58 17.8885
Pkt 106 480 0.220833 1
Pkt 66 300 0.22 1
Node 37 53 13.3417
Pkt 165 750 0.22 1
Pkt 165 750 0.22 1
Node 42 46 8.94427
Pkt 33 150 0.22 1
Pkt 36 160 0.225 1
Node 58 44 10
Pkt 83 375 0.221333 1
Pkt 83 375 0.221333 1
Node 44 37 14.3178
Pkt 165 750 0.22 1
Pkt 176 800 0.22 1
Rate:442.25
==========
==========27
6 0 2 24000
Node 57 73 24.0416
Pkt 53 240 0.220833 1
Pkt 55 250 0.22 1
Node 40 32 20.5913
Pkt 66 300 0.22 1
Pkt 88 400 0.22 1
Node 34 52 16.1245
Pkt 165 750 0.22 1
Pkt 176 800 0.22 1
Node 32 72 28.4253
Pkt 36 160 0.225 1
Pkt 44 200 0.22 1
Node 47 35 15.2971
Pkt 71 320 0.221875 1
Pkt 83 375 0.221333 1
Node 63 63 18.3848
Pkt 176 800 0.22 1
Pkt 165 750 0.22 1
Rate:441.507
==========
==========28
6 0 2 24000
Node 62 73 25.9422
Pkt 33 150 0.22 1
Pkt 27 120 0.225 1
Node 42 68 19.6977
Pkt 83 375 0.221333 1
Pkt 88 400 0.22 1
Node 39 60 14.8661
Pkt 165 750 0.22 1
Pkt 165 750 0.22 1
Node 55 34 16.7631
Pkt 28 125 0.224 1
Pkt 55 250 0.22 1
Node 28 54 22.3607
Pkt 88 400 0.22 1
Pkt 66 300 0.22 1
Node 40 55 11.1803
Pkt 176 800 0.22 1
Pkt 176 800 0.22 1
Rate:441.722
==========
==========29
6 0 2 24000
Node 29 61 23.7065
Pkt 22 100 0.22 1
Pkt 27 120 0.225 1
Node 66 30 25.6125
Pkt 66 300 0.22 1
Pkt 83 375 0.221333 1
Node 37 26 27.2947
Pkt 176 800 0.22 1
Pkt 176 800 0.22 1
Node 72 53 22.2036
Pkt 28 125 0.224 1
Pkt 28 125 0.224 1
Node 34 62 20
Pkt 83 375 0.221333 1
Pkt 66 300 0.22 1
Node 46 38 12.6491
Pkt 176 800 0.22 1
Pkt 176 800 0.22 1
Rate:442.611
==========
==========30
6 0 2 24000
Node 74 54 24.3311
Pkt 43 192 0.223958 1
Pkt 53 240 0.220833 1
Node 67 56 18.0278
Pkt 106 480 0.220833 1
Pkt 66 300 0.22 1
Node 42 56 10
Pkt 165 750 0.22 1
Pkt 165 750 0.22 1
Node 60 25 26.9258
Pkt 36 160 0.225 1
Pkt 33 150 0.22 1
Node 36 60 17.2047
Pkt 106 480 0.220833 1
Pkt 66 300 0.22 1
Node 50 30 20
Pkt 165 750 0.22 1
Pkt 165 750 0.22 1
Rate:441.91
==========
==========31
6 0 2 24000
Node 64 60 17.2047
Pkt 28 125 0.224 1
Pkt 28 125 0.224 1
Node 68 47 18.2483
Pkt 106 480 0.220833 1
Pkt 83 375 0.221333 1
Node 44 54 7.2111
Pkt 165 750 0.22 1
Pkt 165 750 0.22 1
Node 44 29 21.8403
Pkt 44 200 0.22 1
Pkt 44 200 0.22 1
Node 25 43 25.9615
Pkt 88 400 0.22 1
Pkt 88 400 0.22 1
Node 25 28 33.3017
Pkt 176 800 0.22 1
Pkt 176 800 0.22 1
Rate:441.694
==========
==========32
6 0 2 24000
Node 74 43 25
Pkt 36 160 0.225 1
Pkt 53 240 0.220833 1
Node 65 57 16.5529
Pkt 83 375 0.221333 1
Pkt 106 480 0.220833 1
Node 36 52 14.1421
Pkt 165 750 0.22 1
Pkt 176 800 0.22 1
Node 73 52 23.0868
Pkt 55 250 0.22 1
Pkt 36 160 0.225 1
Node 59 74 25.632
Pkt 106 480 0.220833 1
Pkt 88 400 0.22 1
Node 30 55 20.6155
Pkt 165 750 0.22 1
Pkt 176 800 0.22 1
Rate:442.306
==========
==========33
6 0 2 24000
Node 32 31 26.1725
Pkt 33 150 0.22 1
Pkt 33 150 0.22 1
Node 26 63 27.2947
Pkt 106 480 0.220833 1
Pkt 83 375 0.221333 1
Node 55 43 8.60233
Pkt 176 800 0.22 1
Pkt 165 750 0.22 1
Node 29 51 21.0238
Pkt 55 250 0.22 1
Pkt 22 100 0.22 1
Node 31 66 24.8395
Pkt 106 480 0.220833 1
Pkt 83 375 0.221333 1
Node 49 62 12.0416
Pkt 176 800 0.22 1
Pkt 176 800 0.22 1
Rate:440.722
==========
==========34
6 0 2 24000
Node 47 57 7.61577
Pkt 43 192 0.223958 1
Pkt 27 120 0.225 1
Node 61 53 11.4018
Pkt 106 480 0.220833 1
Pkt 71 320 0.221875 1
Node 35 37 19.8494
Pkt 165 750 0.22 1
Pkt 176 800 0.22 1
Node 37 40 16.4012
Pkt 53 240 0.220833 1
Pkt 43 192 0.223958 1
Node 46 29 21.3776
Pkt 88 400 0.22 1
Pkt 71 320 0.221875 1
Node 53 34 16.2788
Pkt 176 800 0.22 1
Pkt 165 750 0.22 1
Rate:443.056
==========
==========35
6 0 2 24000
Node 63 58 15.2643
Pkt 43 192 0.223958 1
Pkt 36 160 0.225 1
Node 27 28 31.8277
Pkt 83 375 0.221333 1
Pkt 106 480 0.220833 1
Node 70 51 20.025
Pkt 165 750 0.22 1
Pkt 176 800 0.22 1
Node 44 31 19.9249
Pkt 43 192 0.223958 1
Pkt 53 240 0.220833 1
Node 35 67 22.6716
Pkt 83 375 0.221333 1
Pkt 71 320 0.221875 1
Node 66 38 20
Pkt 176 800 0.22 1
Pkt 176 800 0.22 1
Rate:443.188
==========
==========36
6 0 2 24000
Node 72 26 32.5576
Pkt 28 125 0.224 1
Pkt 43 192 0.223958 1
Node 43 34 17.4642
Pkt 71 320 0.221875 1
Pkt 106 480 0.220833 1
Node 48 69 19.105
Pkt 165 750 0.22 1
Pkt 176 800 0.22 1
Node 26 26 33.9411
Pkt 22 100 0.22 1
Pkt 43 192 0.223958 1
Node 48 66 16.1245
Pkt 71 320 0.221875 1
Pkt 83 375 0.221333 1
Node 40 38 15.6205
Pkt 165 750 0.22 1
Pkt 176 800 0.22 1
Rate:442.972
==========
==========37
6 0 2 24000
Node 72 72 31.1127
Pkt 55 250 0.22 1
Pkt 53 240 0.220833 1
Node 62 44 13.4164
Pkt 106 480 0.220833 1
Pkt 66 300 0.22 1
Node 57 70 21.1896
Pkt 176 800 0.22 1
Pkt 176 800 0.22 1
Node 27 48 23.0868
Pkt 22 100 0.22 1
Pkt 27 120 0.225 1
Node 68 59 20.1246
Pkt 106 480 0.220833 1
Pkt 71 320 0.221875 1
Node 64 64 19.799
Pkt 165 750 0.22 1
Pkt 165 750 0.22 1
Rate:441.563
==========
==========38
6 0 2 24000
Node 56 70 20.8806
Pkt 44 200 0.22 1
Pkt 44 200 0.22 1
Node 30 36 24.4131
Pkt 66 300 0.22 1
Pkt 83 375 0.221333 1
Node 69 38 22.4722
Pkt 176 800 0.22 1
Pkt 165 750 0.22 1
Node 60 30 22.3607
Pkt 33 150 0.22 1
Pkt 28 125 0.224 1
Node 34 45 16.7631
Pkt 71 320 0.221875 1
Pkt 71 320 0.221875 1
Node 54 55 6.40312
Pkt 165 750 0.22 1
Pkt 165 750 0.22 1
Rate:441.514
==========
==========39
6 0 2 24000
Node 61 72 24.5967
Pkt 22 100 0.22 1
Pkt 22 100 0.22 1
Node 52 61 11.1803
Pkt 71 320 0.221875 1
Pkt 83 375 0.221333 1
Node 69 62 22.4722
Pkt 165 750 0.22 1
Pkt 165 750 0.22 1
Node 63 59 15.8114
Pkt 33 150 0.22 1
Pkt 27 120 0.225 1
Node 28 42 23.4094
Pkt 83 375 0.221333 1
Pkt 66 300 0.22 1
Node 36 69 23.6008
Pkt 165 750 0.22 1
Pkt 165 750 0.22 1
Rate:441.59
==========
==========40
6 0 2 24000
Node 36 49 14.0357
Pkt 44 200 0.22 1
Pkt 28 125 0.224 1
Node 73 27 32.5269
Pkt 66 300 0.22 1
Pkt 106 480 0.220833 1
Node 65 50 15
Pkt 165 750 0.22 1
Pkt 165 750 0.22 1
Node 27 55 23.5372
Pkt 27 120 0.225 1
Pkt 33 150 0.22 1
Node 30 37 23.8537
Pkt 71 320 0.221875 1
Pkt 71 320 0.221875 1
Node 46 49 4.12311
Pkt 165 750 0.22 1
Pkt 176 800 0.22 1
Rate:442.264
==========
==========41
6 0 2 24000
Node 64 48 14.1421
Pkt 43 192 0.223958 1
Pkt 53 240 0.220833 1
Node 50 26 24
Pkt 83 375 0.221333 1
Pkt 106 480 0.220833 1
Node 74 67 29.4109
Pkt 176 800 0.22 1
Pkt 165 750 0.22 1
Node 63 64 19.105
Pkt 53 240 0.220833 1
Pkt 55 250 0.22 1
Node 49 60 10.0499
Pkt 88 400 0.22 1
Pkt 106 480 0.220833 1
Node 30 43 21.1896
Pkt 165 750 0.22 1
Pkt 176 800 0.22 1
Rate:441.438
==========
==========42
6 0 2 24000
Node 25 69 31.4006
Pkt 36 160 0.225 1
Pkt 27 120 0.225 1
Node 56 30 20.8806
Pkt 71 320 0.221875 1
Pkt 88 400 0.22 1
Node 26 33 29.4109
Pkt 176 800 0.22 1
Pkt 165 750 0.22 1
Node 66 58 17.8885
Pkt 28 125 0.224 1
Pkt 33 150 0.22 1
Node 57 31 20.2485
Pkt 66 300 0.22 1
Pkt 71 320 0.221875 1
Node 33 73 28.6007
Pkt 165 750 0.22 1
Pkt 176 800 0.22 1
Rate:442.958
==========
==========43
6 0 2 24000
Node 72 72 31.1127
Pkt 33 150 0.22 1
Pkt 28 125 0.224 1
Node 26 38 26.8328
Pkt 66 300 0.22 1
Pkt 106 480 0.220833 1
Node 51 46 4.12311
Pkt 176 800 0.22 1
Pkt 176 800 0.22 1
Node 70 64 24.4131
Pkt 55 250 0.22 1
Pkt 55 250 0.22 1
Node 59 41 12.7279
Pkt 66 300 0.22 1
Pkt 66 300 0.22 1
Node 64 26 27.7849
Pkt 165 750 0.22 1
Pkt 176 800 0.22 1
Rate:440.806
==========
==========44
6 0 2 24000
Node 72 36 26.0768
Pkt 33 150 0.22 1
Pkt 55 250 0.22 1
Node 58 52 8.24621
Pkt 106 480 0.220833 1
Pkt 71 320 0.221875 1
Node 47 38 12.3693
Pkt 165 750 0.22 1
Pkt 165 750 0.22 1
Node 32 33 24.7588
Pkt 22 100 0.22 1
Pkt 27 120 0.225 1
Node 72 66 27.2029
Pkt 106 480 0.220833 1
Pkt 66 300 0.22 1
Node 59 25 26.5707
Pkt 165 750 0.22 1
Pkt 176 800 0.22 1
Rate:441.424
==========
==========45
6 0 2 24000
Node 53 26 24.1868
Pkt 36 160 0.225 1
Pkt 28 125 0.224 1
Node 53 33 17.2627
Pkt 106 480 0.220833 1
Pkt 66 300 0.22 1
Node 59 56 10.8167
Pkt 176 800 0.22 1
Pkt 176 800 0.22 1
Node 73 29 31.1448
Pkt 55 250 0.22 1
Pkt 33 150 0.22 1
Node 72 38 25.0599
Pkt 71 320 0.221875 1
Pkt 66 300 0.22 1
Node 30 65 25
Pkt 165 750 0.22 1
Pkt 165 750 0.22 1
Rate:441.951
==========
==========46
6 0 2 24000
Node 28 35 26.6271
Pkt 28 125 0.224 1
Pkt 22 100 0.22 1
Node 65 39 18.6011
Pkt 66 300 0.22 1
Pkt 88 400 0.22 1
Node 31 69 26.8701
Pkt 165 750 0.22 1
Pkt 165 750 0.22 1
Node 74 68 30
Pkt 43 192 0.223958 1
Pkt 27 120 0.225 1
Node 60 45 11.1803
Pkt 71 320 0.221875 1
Pkt 106 480 0.220833 1
Node 41 35 17.4929
Pkt 176 800 0.22 1
Pkt 165 750 0.22 1
Rate:442.611
==========
==========47
6 0 2 24000
Node 65 42 17
Pkt 28 125 0.224 1
Pkt 43 192 0.223958 1
Node 63 52 13.1529
Pkt 66 300 0.22 1
Pkt 88 400 0.22 1
Node 53 26 24.1868
Pkt 176 800 0.22 1
Pkt 176 800 0.22 1
Node 37 61 17.0294
Pkt 53 240 0.220833 1
Pkt 44 200 0.22 1
Node 41 42 12.0416
Pkt 66 300 0.22 1
Pkt 71 320 0.221875 1
Node 53 69 19.2354
Pkt 176 800 0.22 1
Pkt 165 750 0.22 1
Rate:441.778
==========
==========48
6 0 2 24000
Node 44 26 24.7386
Pkt 22 100 0.22 1
Pkt 43 192 0.223958 1
Node 68 52 18.1108
Pkt 83 375 0.221333 1
Pkt 106 480 0.220833 1
Node 35 30 25
Pkt 176 800 0.22 1
Pkt 165 750 0.22 1
Node 74 60 26
Pkt 43 192 0.223958 1
Pkt 28 125 0.224 1
Node 58 65 17
Pkt 71 320 0.221875 1
Pkt 88 400 0.22 1
Node 29 59 22.8473
Pkt 176 800 0.22 1
Pkt 176 800 0.22 1
Rate:442.66
==========
==========49
6 0 2 24000
Node 51 69 19.0263
Pkt 27 120 0.225 1
Pkt 36 160 0.225 1
Node 46 57 8.06226
Pkt 66 300 0.22 1
Pkt 106 480 0.220833 1
Node 35 43 16.5529
Pkt 165 750 0.22 1
Pkt 165 750 0.22 1
Node 33 50 17
Pkt 36 160 0.225 1
Pkt 28 125 0.224 1
Node 65 49 15.0333
Pkt 66 300 0.22 1
Pkt 83 375 0.221333 1
Node 38 67 20.8087
Pkt 176 800 0.22 1
Pkt 165 750 0.22 1
Rate:443.528
==========
==========50
6 0 2 24000
Node 39 61 15.5563
Pkt 27 120 0.225 1
Pkt 55 250 0.22 1
Node 42 29 22.4722
Pkt 106 480 0.220833 1
Pkt 66 300 0.22 1
Node 63 45 13.9284
Pkt 165 750 0.22 1
Pkt 176 800 0.22 1
Node 32 64 22.8035
Pkt 43 192 0.223958 1
Pkt 44 200 0.22 1
Node 68 35 23.4307
Pkt 71 320 0.221875 1
Pkt 88 400 0.22 1
Node 56 63 14.3178
Pkt 176 800 0.22 1
Pkt 165 750 0.22 1
Rate:441.944
==========
==========51
6 0 2 24000
Node 74 43 25
Pkt 53 240 0.220833 1
Pkt 27 120 0.225 1
Node 28 46 22.3607
Pkt 106 480 0.220833 1
Pkt 106 480 0.220833 1
Node 30 69 27.5862
Pkt 165 750 0.22 1
Pkt 165 750 0.22 1
Node 65 53 15.2971
Pkt 43 192 0.223958 1
Pkt 22 100 0.22 1
Node 71 52 21.095
Pkt 66 300 0.22 1
Pkt 66 300 0.22 1
Node 29 35 25.807
Pkt 176 800 0.22 1
Pkt 165 750 0.22 1
Rate:441.91
==========
==========52
6 0 2 24000
Node 44 51 6.08276
Pkt 28 125 0.224 1
Pkt 28 125 0.224 1
Node 45 73 23.5372
Pkt 71 320 0.221875 1
Pkt 106 480 0.220833 1
Node 26 70 31.241
Pkt 165 750 0.22 1
Pkt 165 750 0.22 1
Node 56 57 9.21954
Pkt 28 125 0.224 1
Pkt 43 192 0.223958 1
Node 39 42 13.6015
Pkt 83 375 0.221333 1
Pkt 71 320 0.221875 1
Node 38 66 20
Pkt 165 750 0.22 1
Pkt 176 800 0.22 1
Rate:443.646
==========
==========53
6 0 2 24000
Node 60 41 13.4536
Pkt 36 160 0.225 1
Pkt 53 240 0.220833 1
Node 63 39 17.0294
Pkt 88 400 0.22 1
Pkt 88 400 0.22 1
Node 52 34 16.1245
Pkt 176 800 0.22 1
Pkt 176 800 0.22 1
Node 64 25 28.6531
Pkt 27 120 0.225 1
Pkt 43 192 0.223958 1
Node 56 67 18.0278
Pkt 83 375 0.221333 1
Pkt 106 480 0.220833 1
Node 43 39 13.0384
Pkt 165 750 0.22 1
Pkt 165 750 0.22 1
Rate:442.826
==========
==========54
6 0 2 24000
Node 47 28 22.2036
Pkt 53 240 0.220833 1
Pkt 22 100 0.22 1
Node 63 57 14.7648
Pkt 71 320 0.221875 1
Pkt 83 375 0.221333 1
Node 62 55 13
Pkt 165 750 0.22 1
Pkt 165 750 0.22 1
Node 32 66 24.0832
Pkt 36 160 0.225 1
Pkt 53 240 0.220833 1
Node 30 60 22.3607
Pkt 88 400 0.22 1
Pkt 106 480 0.220833 1
Node 57 43 9.89949
Pkt 165 750 0.22 1
Pkt 176 800 0.22 1
Rate:441.785
==========
==========55
6 0 2 24000
Node 40 34 18.868
Pkt 33 150 0.22 1
Pkt 43 192 0.223958 1
Node 55 50 5
Pkt 71 320 0.221875 1
Pkt 83 375 0.221333 1
Node 46 60 10.7703
Pkt 176 800 0.22 1
Pkt 165 750 0.22 1
Node 69 72 29.0689
Pkt 55 250 0.22 1
Pkt 27 120 0.225 1
Node 38 46 12.6491
Pkt 106 480 0.220833 1
Pkt 83 375 0.221333 1
Node 71 66 26.4008
Pkt 165 750 0.22 1
Pkt 176 800 0.22 1
Rate:442.389
==========
==========56
6 0 2 24000
Node 44 73 23.7697
Pkt 33 150 0.22 1
Pkt 27 120 0.225 1
Node 53 43 7.61577
Pkt 71 320 0.221875 1
Pkt 88 400 0.22 1
Node 45 39 12.083
Pkt 176 800 0.22 1
Pkt 176 800 0.22 1
Node 48 55 5.38516
Pkt 43 192 0.223958 1
Pkt 53 240 0.220833 1
Node 50 46 4
Pkt 106 480 0.220833 1
Pkt 83 375 0.221333 1
Node 30 60 22.3607
Pkt 176 800 0.22 1
Pkt 165 750 0.22 1
Rate:442.306
==========
==========57
6 0 2 24000
Node 40 34 18.868
Pkt 53 240 0.220833 1
Pkt 55 250 0.22 1
Node 72 26 32.5576
Pkt 83 375 0.221333 1
Pkt 66 300 0.22 1
Node 66 26 28.8444
Pkt 176 800 0.22 1
Pkt 176 800 0.22 1
Node 40 46 10.7703
Pkt 36 160 0.225 1
Pkt 22 100 0.22 1
Node 45 70 20.6155
Pkt 106 480 0.220833 1
Pkt 88 400 0.22 1
Node 33 54 17.4642
Pkt 165 750 0.22 1
Pkt 176 800 0.22 1
Rate:441.333
==========
==========58
6 0 2 24000
Node 42 60 12.8062
Pkt 36 160 0.225 1
Pkt 53 240 0.220833 1
Node 54 33 17.4642
Pkt 83 375 0.221333 1
Pkt 106 480 0.220833 1
Node 36 65 20.5183
Pkt 165 750 0.22 1
Pkt 165 750 0.22 1
Node 51 46 4.12311
Pkt 36 160 0.225 1
Pkt 27 120 0.225 1
Node 62 43 13.8924
Pkt 66 300 0.22 1
Pkt 83 375 0.221333 1
Node 54 69 19.4165
Pkt 165 750 0.22 1
Pkt 176 800 0.22 1
Rate:443.222
==========
==========59
6 0 2 24000
Node 28 67 27.8029
Pkt 53 240 0.220833 1
Pkt 33 150 0.22 1
Node 30 25 32.0156
Pkt 106 480 0.220833 1
Pkt 66 300 0.22 1
Node 56 26 24.7386
Pkt 176 800 0.22 1
Pkt 176 800 0.22 1
Node 40 67 19.7231
Pkt 22 100 0.22 1
Pkt 33 150 0.22 1
Node 31 71 28.3196
Pkt 106 480 0.220833 1
Pkt 106 480 0.220833 1
Node 39 67 20.2485
Pkt 165 750 0.22 1
Pkt 176 800 0.22 1
Rate:440.556
==========
==========60
6 0 2 24000
Node 45 30 20.6155
Pkt 43 192 0.223958 1
Pkt 33 150 0.22 1
Node 56 47 6.7082
Pkt 83 375 0.221333 1
Pkt 106 480 0.220833 1
Node 61 37 17.0294
Pkt 176 800 0.22 1
Pkt 165 750 0.22 1
Node 51 35 15.0333
Pkt 36 160 0.225 1
Pkt 22 100 0.22 1
Node 54 36 14.5602
Pkt 88 400 0.22 1
Pkt 66 300 0.22 1
Node 50 54 4
Pkt 176 800 0.22 1
Pkt 165 750 0.22 1
Rate:441.854
==========
==========61
6 0 2 24000
Node 68 57 19.3132
Pkt 53 240 0.220833 1
Pkt 53 240 0.220833 1
Node 30 32 26.9072
Pkt 88 400 0.22 1
Pkt 88 400 0.22 1
Node 56 55 7.81025
Pkt 176 800 0.22 1
Pkt 176 800 0.22 1
Node 60 52 10.198
Pkt 55 250 0.22 1
Pkt 55 250 0.22 1
Node 29 62 24.1868
Pkt 106 480 0.220833 1
Pkt 66 300 0.22 1
Node 25 45 25.4951
Pkt 165 750 0.22 1
Pkt 176 800 0.22 1
Rate:440.417
==========
==========62
6 0 2 24000
Node 55 32 18.6815
Pkt 55 250 0.22 1
Pkt 27 120 0.225 1
Node 51 43 7.07107
Pkt 66 300 0.22 1
Pkt 71 320 0.221875 1
Node 60 31 21.4709
Pkt 176 800 0.22 1
Pkt 165 750 0.22 1
Node 60 45 11.1803
Pkt 33 150 0.22 1
Pkt 22 100 0.22 1
Node 60 61 14.8661
Pkt 66 300 0.22 1
Pkt 83 375 0.221333 1
Node 30 66 25.6125
Pkt 165 750 0.22 1
Pkt 165 750 0.22 1
Rate:441.368
==========
==========63
6 0 2 24000
Node 59 66 18.3576
Pkt 44 200 0.22 1
Pkt 22 100 0.22 1
Node 32 46 18.4391
Pkt 88 400 0.22 1
Pkt 66 300 0.22 1
Node 49 53 3.16228
Pkt 176 800 0.22 1
Pkt 176 800 0.22 1
Node 28 66 27.2029
Pkt 44 200 0.22 1
Pkt 43 192 0.223958 1
Node 57 67 18.3848
Pkt 83 375 0.221333 1
Pkt 106 480 0.220833 1
Node 66 40 18.868
Pkt 176 800 0.22 1
Pkt 176 800 0.22 1
Rate:441.021
==========
==========64
6 0 2 24000
Node 67 40 19.7231
Pkt 28 125 0.224 1
Pkt 55 250 0.22 1
Node 37 37 18.3848
Pkt 106 480 0.220833 1
Pkt 88 400 0.22 1
Node 57 73 24.0416
Pkt 176 800 0.22 1
Pkt 165 750 0.22 1
Node 59 47 9.48683
Pkt 36 160 0.225 1
Pkt 44 200 0.22 1
Node 59 71 22.8473
Pkt 106 480 0.220833 1
Pkt 83 375 0.221333 1
Node 62 68 21.6333
Pkt 176 800 0.22 1
Pkt 165 750 0.22 1
Rate:442
==========
==========65
6 0 2 24000
Node 31 45 19.6469
Pkt 44 200 0.22 1
Pkt 55 250 0.22 1
Node 48 37 13.1529
Pkt 66 300 0.22 1
Pkt 71 320 0.221875 1
Node 46 58 8.94427
Pkt 176 800 0.22 1
Pkt 176 800 0.22 1
Node 39 38 16.2788
Pkt 22 100 0.22 1
Pkt 28 125 0.224 1
Node 72 49 22.0227
Pkt 88 400 0.22 1
Pkt 106 480 0.220833 1
Node 42 52 8.24621
Pkt 176 800 0.22 1
Pkt 176 800 0.22 1
Rate:441.118
==========
==========66
6 0 2 24000
Node 27 74 33.2415
Pkt 44 200 0.22 1
Pkt 43 192 0.223958 1
Node 37 68 22.2036
Pkt 88 400 0.22 1
Pkt 106 480 0.220833 1
Node 74 69 30.6105
Pkt 176 800 0.22 1
Pkt 165 750 0.22 1
Node 46 70 20.3961
Pkt 44 200 0.22 1
Pkt 33 150 0.22 1
Node 28 43 23.0868
Pkt 71 320 0.221875 1
Pkt 106 480 0.220833 1
Node 72 58 23.4094
Pkt 176 800 0.22 1
Pkt 176 800 0.22 1
Rate:441.25
==========
==========67
6 0 2 24000
Node 72 59 23.7697
Pkt 43 192 0.223958 1
Pkt 53 240 0.220833 1
Node 27 61 25.4951
Pkt 71 320 0.221875 1
Pkt 71 320 0.221875 1
Node 73 74 33.2415
Pkt 165 750 0.22 1
Pkt 176 800 0.22 1
Node 38 60 15.6205
Pkt 33 150 0.22 1
Pkt 28 125 0.224 1
Node 36 26 27.7849
Pkt 88 400 0.22 1
Pkt 83 375 0.221333 1
Node 58 37 15.2643
Pkt 176 800 0.22 1
Pkt 176 800 0.22 1
Rate:442.313
==========
==========68
6 0 2 24000
Node 34 55 16.7631
Pkt 33 150 0.22 1
Pkt 55 250 0.22 1
Node 70 51 20.025
Pkt 71 320 0.221875 1
Pkt 83 375 0.221333 1
Node 38 40 15.6205
Pkt 176 800 0.22 1
Pkt 165 750 0.22 1
Node 26 65 28.3019
Pkt 22 100 0.22 1
Pkt 33 150 0.22 1
Node 50 34 16
Pkt 71 320 0.221875 1
Pkt 71 320 0.221875 1
Node 74 29 31.8904
Pkt 176 800 0.22 1
Pkt 165 750 0.22 1
Rate:441.16
==========
==========69
6 0 2 24000
Node 51 72 22.0227
Pkt 55 250 0.22 1
Pkt 22 100 0.22 1
Node 52 29 21.095
Pkt 71 320 0.221875 1
Pkt 106 480 0.220833 1
Node 49 46 4.12311
Pkt 176 800 0.22 1
Pkt 176 800 0.22 1
Node 71 62 24.1868
Pkt 44 200 0.22 1
Pkt 33 150 0.22 1
Node 67 30 26.2488
Pkt 88 400 0.22 1
Pkt 71 320 0.221875 1
Node 41 45 10.2956
Pkt 165 750 0.22 1
Pkt 176 800 0.22 1
Rate:440.764
==========
==========70
6 0 2 24000
Node 65 66 21.9317
Pkt 55 250 0.22 1
Pkt 43 192 0.223958 1
Node 53 47 4.24264
Pkt 88 400 0.22 1
Pkt 71 320 0.221875 1
Node 62 45 13
Pkt 176 800 0.22 1
Pkt 176 800 0.22 1
Node 44 68 18.9737
Pkt 53 240 0.220833 1
Pkt 28 125 0.224 1
Node 30 30 28.2843
Pkt 83 375 0.221333 1
Pkt 106 480 0.220833 1
Node 41 33 19.2354
Pkt 165 750 0.22 1
Pkt 165 750 0.22 1
Rate:442.139
==========
==========71
6 0 2 24000
Node 48 69 19.105
Pkt 22 100 0.22 1
Pkt 53 240 0.220833 1
Node 74 41 25.632
Pkt 83 375 0.221333 1
Pkt 88 400 0.22 1
Node 37 69 23.0217
Pkt 176 800 0.22 1
Pkt 176 800 0.22 1
Node 51 57 7.07107
Pkt 55 250 0.22 1
Pkt 44 200 0.22 1
Node 59 68 20.1246
Pkt 66 300 0.22 1
Pkt 88 400 0.22 1
Node 37 38 17.6918
Pkt 176 800 0.22 1
Pkt 165 750 0.22 1
Rate:440.361
==========
==========72
6 0 2 24000
Node 51 40 10.0499
Pkt 53 240 0.220833 1
Pkt 33 150 0.22 1
Node 49 71 21.0238
Pkt 106 480 0.220833 1
Pkt 71 320 0.221875 1
Node 55 62 13
Pkt 176 800 0.22 1
Pkt 165 750 0.22 1
Node 36 51 14.0357
Pkt 33 150 0.22 1
Pkt 55 250 0.22 1
Node 62 42 14.4222
Pkt 106 480 0.220833 1
Pkt 83 375 0.221333 1
Node 60 44 11.6619
Pkt 176 800 0.22 1
Pkt 176 800 0.22 1
Rate:440.951
==========
==========73
6 0 2 24000
Node 53 58 8.544
Pkt 22 100 0.22 1
Pkt 27 120 0.225 1
Node 43 46 8.06226
Pkt 83 375 0.221333 1
Pkt 71 320 0.221875 1
Node 49 62 12.0416
Pkt 176 800 0.22 1
Pkt 165 750 0.22 1
Node 28 67 27.8029
Pkt 44 200 0.22 1
Pkt 36 160 0.225 1
Node 46 36 14.5602
Pkt 83 375 0.221333 1
Pkt 66 300 0.22 1
Node 54 67 17.4642
Pkt 165 750 0.22 1
Pkt 176 800 0.22 1
Rate:442.424
==========
==========74
6 0 2 24000
Node 73 63 26.4197
Pkt 36 160 0.225 1
Pkt 27 120 0.225 1
Node 68 25 30.8058
Pkt 66 300 0.22 1
Pkt 88 400 0.22 1
Node 58 29 22.4722
Pkt 176 800 0.22 1
Pkt 176 800 0.22 1
Node 72 43 23.0868
Pkt 22 100 0.22 1
Pkt 53 240 0.220833 1
Node 74 42 25.2982
Pkt 83 375 0.221333 1
Pkt 83 375 0.221333 1
Node 63 66 20.6155
Pkt 176 800 0.22 1
Pkt 165 750 0.22 1
Rate:442.25
==========
==========75
6 0 2 24000
Node 29 47 21.2132
Pkt 55 250 0.22 1
Pkt 44 200 0.22 1
Node 31 66 24.8395
Pkt 66 300 0.22 1
Pkt 66 300 0.22 1
Node 39 43 13.0384
Pkt 165 750 0.22 1
Pkt 165 750 0.22 1
Node 54 47 5
Pkt 53 240 0.220833 1
Pkt 28 125 0.224 1
Node 54 51 4.12311
Pkt 106 480 0.220833 1
Pkt 106 480 0.220833 1
Node 37 25 28.178
Pkt 176 800 0.22 1
Pkt 165 750 0.22 1
Rate:441.083
==========
==========76
6 0 2 24000
Node 35 36 20.5183
Pkt 22 100 0.22 1
Pkt 55 250 0.22 1
Node 52 46 4.47214
Pkt 106 480 0.220833 1
Pkt 83 375 0.221333 1
Node 47 37 13.3417
Pkt 165 750 0.22 1
Pkt 165 750 0.22 1
Node 66 61 19.4165
Pkt 53 240 0.220833 1
Pkt 55 250 0.22 1
Node 51 31 19.0263
Pkt 66 300 0.22 1
Pkt 71 320 0.221875 1
Node 74 44 24.7386
Pkt 165 750 0.22 1
Pkt 176 800 0.22 1
Rate:440.813
==========
==========77
6 0 2 24000
Node 40 58 12.8062
Pkt 44 200 0.22 1
Pkt 28 125 0.224 1
Node 59 37 15.8114
Pkt 83 375 0.221333 1
Pkt 71 320 0.221875 1
Node 32 28 28.4253
Pkt 165 750 0.22 1
Pkt 176 800 0.22 1
Node 39 38 16.2788
Pkt 28 125 0.224 1
Pkt 53 240 0.220833 1
Node 57 33 18.3848
Pkt 66 300 0.22 1
Pkt 66 300 0.22 1
Node 68 57 19.3132
Pkt 165 750 0.22 1
Pkt 176 800 0.22 1
Rate:442.007
==========
==========78
6 0 2 24000
Node 33 45 17.72
Pkt 44 200 0.22 1
Pkt 43 192 0.223958 1
Node 34 28 27.2029
Pkt 71 320 0.221875 1
Pkt 83 375 0.221333 1
Node 72 71 30.4138
Pkt 176 800 0.22 1
Pkt 176 800 0.22 1
Node 57 28 23.0868
Pkt 27 120 0.225 1
Pkt 27 120 0.225 1
Node 63 60 16.4012
Pkt 83 375 0.221333 1
Pkt 83 375 0.221333 1
Node 48 38 12.1655
Pkt 176 800 0.22 1
Pkt 176 800 0.22 1
Rate:443.306
==========
==========79
6 0 2 24000
Node 60 40 14.1421
Pkt 55 250 0.22 1
Pkt 36 160 0.225 1
Node 47 32 18.2483
Pkt 106 480 0.220833 1
Pkt 106 480 0.220833 1
Node 70 48 20.0998
Pkt 176 800 0.22 1
Pkt 165 750 0.22 1
Node 62 38 16.9706
Pkt 36 160 0.225 1
Pkt 36 160 0.225 1
Node 60 36 17.2047
Pkt 83 375 0.221333 1
Pkt 88 400 0.22 1
Node 53 66 16.2788
Pkt 165 750 0.22 1
Pkt 165 750 0.22 1
Rate:443
==========
==========80
6 0 2 24000
Node 74 55 24.5153
Pkt 27 120 0.225 1
Pkt 55 250 0.22 1
Node 30 63 23.8537
Pkt 71 320 0.221875 1
Pkt 106 480 0.220833 1
Node 34 35 21.9317
Pkt 176 800 0.22 1
Pkt 176 800 0.22 1
Node 31 51 19.0263
Pkt 43 192 0.223958 1
Pkt 28 125 0.224 1
Node 68 28 28.4253
Pkt 66 300 0.22 1
Pkt 71 320 0.221875 1
Node 44 56 8.48528
Pkt 176 800 0.22 1
Pkt 165 750 0.22 1
Rate:442.924
==========
==========81
6 0 2 24000
Node 34 40 18.868
Pkt 27 120 0.225 1
Pkt 53 240 0.220833 1
Node 56 45 7.81025
Pkt 66 300 0.22 1
Pkt 106 480 0.220833 1
Node 34 56 17.088
Pkt 165 750 0.22 1
Pkt 165 750 0.22 1
Node 45 68 18.6815
Pkt 27 120 0.225 1
Pkt 36 160 0.225 1
Node 70 25 32.0156
Pkt 88 400 0.22 1
Pkt 71 320 0.221875 1
Node 53 63 13.3417
Pkt 165 750 0.22 1
Pkt 176 800 0.22 1
Rate:443.09
==========
==========82
6 0 2 24000
Node 52 42 8.24621
Pkt 44 200 0.22 1
Pkt 33 150 0.22 1
Node 58 52 8.24621
Pkt 106 480 0.220833 1
Pkt 88 400 0.22 1
Node 44 50 6
Pkt 165 750 0.22 1
Pkt 165 750 0.22 1
Node 60 47 10.4403
Pkt 22 100 0.22 1
Pkt 28 125 0.224 1
Node 36 44 15.2315
Pkt 83 375 0.221333 1
Pkt 83 375 0.221333 1
Node 57 40 12.2066
Pkt 165 750 0.22 1
Pkt 176 800 0.22 1
Rate:441.25
==========
==========83
6 0 2 24000
Node 33 50 17
Pkt 53 240 0.220833 1
Pkt 44 200 0.22 1
Node 67 32 24.7588
Pkt 106 480 0.220833 1
Pkt 83 375 0.221333 1
Node 36 39 17.8045
Pkt 176 800 0.22 1
Pkt 176 800 0.22 1
Node 51 62 12.0416
Pkt 36 160 0.225 1
Pkt 55 250 0.22 1
Node 33 65 22.6716
Pkt 88 400 0.22 1
Pkt 66 300 0.22 1
Node 71 28 30.4138
Pkt 176 800 0.22 1
Pkt 165 750 0.22 1
Rate:441.333
==========
==========84
6 0 2 24000
Node 31 32 26.1725
Pkt 22 100 0.22 1
Pkt 28 125 0.224 1
Node 31 70 27.5862
Pkt 88 400 0.22 1
Pkt 88 400 0.22 1
Node 59 46 9.84886
Pkt 165 750 0.22 1
Pkt 176 800 0.22 1
Node 32 35 23.4307
Pkt 53 240 0.220833 1
Pkt 55 250 0.22 1
Node 43 63 14.7648
Pkt 106 480 0.220833 1
Pkt 106 480 0.220833 1
Node 38 66 20
Pkt 176 800 0.22 1
Pkt 176 800 0.22 1
Rate:441.083
==========
==========85
6 0 2 24000
Node 74 47 24.1868
Pkt 33 150 0.22 1
Pkt 44 200 0.22 1
Node 67 36 22.0227
Pkt 83 375 0.221333 1
Pkt 71 320 0.221875 1
Node 47 27 23.1948
Pkt 165 750 0.22 1
Pkt 165 750 0.22 1
Node 47 57 7.61577
Pkt 43 192 0.223958 1
Pkt 55 250 0.22 1
Node 25 27 33.9706
Pkt 83 375 0.221333 1
Pkt 88 400 0.22 1
Node 60 30 22.3607
Pkt 165 750 0.22 1
Pkt 165 750 0.22 1
Rate:441.417
==========
==========86
6 0 2 24000
Node 56 60 11.6619
Pkt 36 160 0.225 1
Pkt 44 200 0.22 1
Node 35 30 25
Pkt 106 480 0.220833 1
Pkt 71 320 0.221875 1
Node 62 53 12.3693
Pkt 165 750 0.22 1
Pkt 165 750 0.22 1
Node 40 69 21.4709
Pkt 36 160 0.225 1
Pkt 44 200 0.22 1
Node 46 42 8.94427
Pkt 66 300 0.22 1
Pkt 106 480 0.220833 1
Node 36 45 14.8661
Pkt 176 800 0.22 1
Pkt 165 750 0.22 1
Rate:442.257
==========
==========87
6 0 2 24000
Node 68 54 18.4391
Pkt 28 125 0.224 1
Pkt 44 200 0.22 1
Node 57 52 7.28011
Pkt 106 480 0.220833 1
Pkt 88 400 0.22 1
Node 73 33 28.6007
Pkt 165 750 0.22 1
Pkt 176 800 0.22 1
Node 38 72 25.0599
Pkt 27 120 0.225 1
Pkt 36 160 0.225 1
Node 72 54 22.3607
Pkt 88 400 0.22 1
Pkt 106 480 0.220833 1
Node 46 61 11.7047
Pkt 176 800 0.22 1
Pkt 176 800 0.22 1
Rate:442.611
==========
==========88
6 0 2 24000
Node 50 66 16
Pkt 22 100 0.22 1
Pkt 55 250 0.22 1
Node 64 56 15.2315
Pkt 66 300 0.22 1
Pkt 88 400 0.22 1
Node 46 25 25.318
Pkt 165 750 0.22 1
Pkt 176 800 0.22 1
Node 68 32 25.4558
Pkt 43 192 0.223958 1
Pkt 44 200 0.22 1
Node 71 69 28.3196
Pkt 88 400 0.22 1
Pkt 83 375 0.221333 1
Node 68 42 19.6977
Pkt 176 800 0.22 1
Pkt 165 750 0.22 1
Rate:440.882
==========
==========89
6 0 2 24000
Node 68 67 24.7588
Pkt 53 240 0.220833 1
Pkt 53 240 0.220833 1
Node 34 57 17.4642
Pkt 66 300 0.22 1
Pkt 71 320 0.221875 1
Node 34 38 20
Pkt 176 800 0.22 1
Pkt 165 750 0.22 1
Node 35 66 21.9317
Pkt 55 250 0.22 1
Pkt 27 120 0.225 1
Node 36 58 16.1245
Pkt 88 400 0.22 1
Pkt 66 300 0.22 1
Node 38 60 15.6205
Pkt 176 800 0.22 1
Pkt 176 800 0.22 1
Rate:441.424
==========
==========90
6 0 2 24000
Node 72 62 25.0599
Pkt 33 150 0.22 1
Pkt 36 160 0.225 1
Node 56 64 15.2315
Pkt 71 320 0.221875 1
Pkt 106 480 0.220833 1
Node 61 28 24.5967
Pkt 165 750 0.22 1
Pkt 165 750 0.22 1
Node 71 64 25.2389
Pkt 55 250 0.22 1
Pkt 28 125 0.224 1
Node 32 60 20.5913
Pkt 88 400 0.22 1
Pkt 83 375 0.221333 1
Node 38 38 16.9706
Pkt 176 800 0.22 1
Pkt 165 750 0.22 1
Rate:442.174
==========
==========91
6 0 2 24000
Node 38 27 25.9422
Pkt 53 240 0.220833 1
Pkt 22 100 0.22 1
Node 65 27 27.4591
Pkt 83 375 0.221333 1
Pkt 66 300 0.22 1
Node 45 56 7.81025
Pkt 176 800 0.22 1
Pkt 165 750 0.22 1
Node 58 62 14.4222
Pkt 53 240 0.220833 1
Pkt 22 100 0.22 1
Node 44 29 21.8403
Pkt 71 320 0.221875 1
Pkt 66 300 0.22 1
Node 74 56 24.7386
Pkt 176 800 0.22 1
Pkt 176 800 0.22 1
Rate:440.813
==========
==========92
6 0 2 24000
Node 63 49 13.0384
Pkt 22 100 0.22 1
Pkt 28 125 0.224 1
Node 64 25 28.6531
Pkt 71 320 0.221875 1
Pkt 106 480 0.220833 1
Node 52 32 18.1108
Pkt 176 800 0.22 1
Pkt 176 800 0.22 1
Node 45 55 7.07107
Pkt 27 120 0.225 1
Pkt 36 160 0.225 1
Node 54 37 13.6015
Pkt 66 300 0.22 1
Pkt 106 480 0.220833 1
Node 56 45 7.81025
Pkt 176 800 0.22 1
Pkt 165 750 0.22 1
Rate:442.924
==========
==========93
6 0 2 24000
Node 49 45 5.09902
Pkt 27 120 0.225 1
Pkt 28 125 0.224 1
Node 56 56 8.48528
Pkt 83 375 0.221333 1
Pkt 88 400 0.22 1
Node 41 39 14.2127
Pkt 176 800 0.22 1
Pkt 176 800 0.22 1
Node 45 62 13
Pkt 55 250 0.22 1
Pkt 55 250 0.22 1
Node 37 59 15.8114
Pkt 71 320 0.221875 1
Pkt 71 320 0.221875 1
Node 28 66 27.2029
Pkt 176 800 0.22 1
Pkt 165 750 0.22 1
Rate:442.347
==========
==========94
6 0 2 24000
Node 69 39 21.9545
Pkt 36 160 0.225 1
Pkt 36 160 0.225 1
Node 64 28 26.0768
Pkt 83 375 0.221333 1
Pkt 71 320 0.221875 1
Node 49 48 2.23607
Pkt 176 800 0.22 1
Pkt 176 800 0.22 1
Node 63 74 27.2947
Pkt 43 192 0.223958 1
Pkt 44 200 0.22 1
Node 49 51 1.41421
Pkt 83 375 0.221333 1
Pkt 88 400 0.22 1
Node 72 63 25.5539
Pkt 176 800 0.22 1
Pkt 165 750 0.22 1
Rate:443.083
==========
==========95
6 0 2 24000
Node 69 60 21.4709
Pkt 28 125 0.224 1
Pkt 22 100 0.22 1
Node 49 63 13.0384
Pkt 106 480 0.220833 1
Pkt 83 375 0.221333 1
Node 69 47 19.2354
Pkt 165 750 0.22 1
Pkt 165 750 0.22 1
Node 41 57 11.4018
Pkt 43 192 0.223958 1
Pkt 53 240 0.220833 1
Node 37 45 13.9284
Pkt 88 400 0.22 1
Pkt 83 375 0.221333 1
Node 56 63 14.3178
Pkt 176 800 0.22 1
Pkt 165 750 0.22 1
Rate:442.049
==========
==========96
6 0 2 24000
Node 59 73 24.6982
Pkt 44 200 0.22 1
Pkt 33 150 0.22 1
Node 69 30 27.5862
Pkt 83 375 0.221333 1
Pkt 83 375 0.221333 1
Node 71 67 27.0185
Pkt 176 800 0.22 1
Pkt 176 800 0.22 1
Node 38 39 16.2788
Pkt 43 192 0.223958 1
Pkt 53 240 0.220833 1
Node 33 64 22.0227
Pkt 66 300 0.22 1
Pkt 66 300 0.22 1
Node 63 47 13.3417
Pkt 165 750 0.22 1
Pkt 165 750 0.22 1
Rate:441.243
==========
==========97
6 0 2 24000
Node 49 62 12.0416
Pkt 22 100 0.22 1
Pkt 36 160 0.225 1
Node 30 58 21.5407
Pkt 83 375 0.221333 1
Pkt 88 400 0.22 1
Node 41 41 12.7279
Pkt 165 750 0.22 1
Pkt 165 750 0.22 1
Node 38 64 18.4391
Pkt 22 100 0.22 1
Pkt 44 200 0.22 1
Node 33 43 18.3848
Pkt 71 320 0.221875 1
Pkt 88 400 0.22 1
Node 55 37 13.9284
Pkt 176 800 0.22 1
Pkt 176 800 0.22 1
Rate:441.368
==========
==========98
6 0 2 24000
Node 32 36 22.8035
Pkt 43 192 0.223958 1
Pkt 43 192 0.223958 1
Node 70 41 21.9317
Pkt 106 480 0.220833 1
Pkt 106 480 0.220833 1
Node 74 33 29.4109
Pkt 176 800 0.22 1
Pkt 176 800 0.22 1
Node 74 26 33.9411
Pkt 43 192 0.223958 1
Pkt 28 125 0.224 1
Node 59 40 13.4536
Pkt 88 400 0.22 1
Pkt 66 300 0.22 1
Node 51 63 13.0384
Pkt 165 750 0.22 1
Pkt 165 750 0.22 1
Rate:442.924
==========
==========99
