6 0 2 24000
Node 72 29 30.4138
Pkt 88 200 0.44 1
Pkt 85 192 0.442708 1
Node 57 45 8.60233
Pkt 132 300 0.44 1
Pkt 165 375 0.44 1
Node 68 45 18.6815
Pkt 352 800 0.44 1
Pkt 352 800 0.44 1
Node 27 54 23.3452
Pkt 66 150 0.44 1
Pkt 71 160 0.44375 1
Node 59 36 16.6433
Pkt 132 300 0.44 1
Pkt 132 300 0.44 1
Node 57 71 22.1359
Pkt 352 800 0.44 1
Pkt 352 800 0.44 1
Rate:881.076
==========
==========0
6 0 2 24000
Node 66 63 20.6155
Pkt 85 192 0.442708 1
Pkt 85 192 0.442708 1
Node 48 73 23.0868
Pkt 132 300 0.44 1
Pkt 165 375 0.44 1
Node 62 37 17.6918
Pkt 352 800 0.44 1
Pkt 352 800 0.44 1
Node 48 59 9.21954
Pkt 71 160 0.44375 1
Pkt 55 125 0.44 1
Node 35 74 28.3019
Pkt 141 320 0.440625 1
Pkt 212 480 0.441667 1
Node 45 71 21.587
Pkt 352 800 0.44 1
Pkt 330 750 0.44 1
Rate:881.91
==========
==========1
6 0 2 24000
Node 37 27 26.4197
Pkt 106 240 0.441667 1
Pkt 88 200 0.44 1
Node 43 39 13.0384
Pkt 176 400 0.44 1
Pkt 132 300 0.44 1
Node 26 34 28.8444
Pkt 352 800 0.44 1
Pkt 352 800 0.44 1
Node 38 48 12.1655
Pkt 85 192 0.442708 1
Pkt 55 125 0.44 1
Node 62 51 12.0416
Pkt 132 300 0.44 1
Pkt 165 375 0.44 1
Node 25 43 25.9615
Pkt 330 750 0.44 1
Pkt 330 750 0.44 1
Rate:880.729
==========
==========2
6 0 2 24000
Node 32 58 19.6977
Pkt 55 125 0.44 1
Pkt 85 192 0.442708 1
Node 42 42 11.3137
Pkt 132 300 0.44 1
Pkt 141 320 0.440625 1
Node 53 64 14.3178
Pkt 330 750 0.44 1
Pkt 330 750 0.44 1
Node 53 51 3.16228
Pkt 71 160 0.44375 1
Pkt 71 160 0.44375 1
Node 34 66 22.6274
Pkt 141 320 0.440625 1
Pkt 165 375 0.44 1
Node 71 41 22.8473
Pkt 352 800 0.44 1
Pkt 330 750 0.44 1
Rate:881.91
==========
==========3
6 0 2 24000
Node 50 40 10
Pkt 55 125 0.44 1
Pkt 53 120 0.441667 1
Node 68 32 25.4558
Pkt 165 375 0.44 1
Pkt 165 375 0.44 1
Node 36 47 14.3178
Pkt 330 750 0.44 1
Pkt 352 800 0.44 1
Node 26 34 28.8444
Pkt 55 125 0.44 1
Pkt 85 192 0.442708 1
Node 66 49 16.0312
Pkt 132 300 0.44 1
Pkt 176 400 0.44 1
Node 36 59 16.6433
Pkt 330 750 0.44 1
Pkt 330 750 0.44 1
Rate:880.729
==========
==========4
6 0 2 24000
Node 57 46 8.06226
Pkt 55 125 0.44 1
Pkt 106 240 0.441667 1
Node 71 42 22.4722
Pkt 176 400 0.44 1
Pkt 132 300 0.44 1
Node 33 63 21.4009
Pkt 352 800 0.44 1
Pkt 352 800 0.44 1
Node 44 66 17.088
Pkt 110 250 0.44 1
Pkt 55 125 0.44 1
Node 35 58 17
Pkt 176 400 0.44 1
Pkt 132 300 0.44 1
Node 55 50 5
Pkt 352 800 0.44 1
Pkt 330 750 0.44 1
Rate:880.278
==========
==========5
6 0 2 24000
Node 67 41 19.2354
Pkt 44 100 0.44 1
Pkt 85 192 0.442708 1
Node 57 45 8.60233
Pkt 165 375 0.44 1
Pkt 165 375 0.44 1
Node 47 66 16.2788
Pkt 330 750 0.44 1
Pkt 352 800 0.44 1
Node 56 36 15.2315
Pkt 88 200 0.44 1
Pkt 66 150 0.44 1
Node 30 43 21.1896
Pkt 176 400 0.44 1
Pkt 212 480 0.441667 1
Node 45 33 17.72
Pkt 330 750 0.44 1
Pkt 330 750 0.44 1
Rate:880.729
==========
==========6
6 0 2 24000
Node 69 26 30.6105
Pkt 71 160 0.44375 1
Pkt 85 192 0.442708 1
Node 37 49 13.0384
Pkt 165 375 0.44 1
Pkt 132 300 0.44 1
Node 30 42 21.5407
Pkt 352 800 0.44 1
Pkt 330 750 0.44 1
Node 70 50 20
Pkt 85 192 0.442708 1
Pkt 53 120 0.441667 1
Node 67 59 19.2354
Pkt 165 375 0.44 1
Pkt 132 300 0.44 1
Node 28 48 22.0907
Pkt 352 800 0.44 1
Pkt 330 750 0.44 1
Rate:881.806
==========
==========7
6 0 2 24000
Node 44 30 20.8806
Pkt 88 200 0.44 1
Pkt 85 192 0.442708 1
Node 31 57 20.2485
Pkt 176 400 0.44 1
Pkt 212 480 0.441667 1
Node 50 46 4
Pkt 352 800 0.44 1
Pkt 352 800 0.44 1
Node 41 55 10.2956
Pkt 44 100 0.44 1
Pkt 55 125 0.44 1
Node 25 32 30.8058
Pkt 132 300 0.44 1
Pkt 165 375 0.44 1
Node 45 57 8.60233
Pkt 352 800 0.44 1
Pkt 352 800 0.44 1
Rate:880.729
==========
==========8
6 0 2 24000
Node 47 52 3.60555
Pkt 66 150 0.44 1
Pkt 71 160 0.44375 1
Node 67 70 26.2488
Pkt 132 300 0.44 1
Pkt 176 400 0.44 1
Node 64 32 22.8035
Pkt 352 800 0.44 1
Pkt 330 750 0.44 1
Node 56 32 18.9737
Pkt 44 100 0.44 1
Pkt 85 192 0.442708 1
Node 39 65 18.6011
Pkt 132 300 0.44 1
Pkt 141 320 0.440625 1
Node 50 28 22
Pkt 352 800 0.44 1
Pkt 330 750 0.44 1
Rate:881.181
==========
==========9
6 0 2 24000
Node 42 28 23.4094
Pkt 44 100 0.44 1
Pkt 44 100 0.44 1
Node 59 44 10.8167
Pkt 132 300 0.44 1
Pkt 165 375 0.44 1
Node 42 45 9.43398
Pkt 352 800 0.44 1
Pkt 352 800 0.44 1
Node 44 63 14.3178
Pkt 88 200 0.44 1
Pkt 106 240 0.441667 1
Node 64 44 15.2315
Pkt 176 400 0.44 1
Pkt 141 320 0.440625 1
Node 31 53 19.2354
Pkt 352 800 0.44 1
Pkt 330 750 0.44 1
Rate:880.382
==========
==========10
6 0 2 24000
Node 53 65 15.2971
Pkt 106 240 0.441667 1
Pkt 106 240 0.441667 1
Node 61 63 17.0294
Pkt 132 300 0.44 1
Pkt 212 480 0.441667 1
Node 29 25 32.6497
Pkt 352 800 0.44 1
Pkt 352 800 0.44 1
Node 60 25 26.9258
Pkt 44 100 0.44 1
Pkt 85 192 0.442708 1
Node 63 71 24.6982
Pkt 176 400 0.44 1
Pkt 141 320 0.440625 1
Node 36 67 22.0227
Pkt 352 800 0.44 1
Pkt 330 750 0.44 1
Rate:881.389
==========
==========11
6 0 2 24000
Node 49 57 7.07107
Pkt 85 192 0.442708 1
Pkt 71 160 0.44375 1
Node 52 42 8.24621
Pkt 212 480 0.441667 1
Pkt 176 400 0.44 1
Node 62 28 25.0599
Pkt 330 750 0.44 1
Pkt 330 750 0.44 1
Node 40 70 22.3607
Pkt 71 160 0.44375 1
Pkt 66 150 0.44 1
Node 57 72 23.0868
Pkt 176 400 0.44 1
Pkt 141 320 0.440625 1
Node 51 68 18.0278
Pkt 352 800 0.44 1
Pkt 352 800 0.44 1
Rate:882.083
==========
==========12
6 0 2 24000
Node 59 71 22.8473
Pkt 85 192 0.442708 1
Pkt 44 100 0.44 1
Node 41 31 21.0238
Pkt 141 320 0.440625 1
Pkt 176 400 0.44 1
Node 53 41 9.48683
Pkt 330 750 0.44 1
Pkt 352 800 0.44 1
Node 59 41 12.7279
Pkt 66 150 0.44 1
Pkt 66 150 0.44 1
Node 44 52 6.32456
Pkt 165 375 0.44 1
Pkt 176 400 0.44 1
Node 73 50 23
Pkt 352 800 0.44 1
Pkt 352 800 0.44 1
Rate:880.556
==========
==========13
6 0 2 24000
Node 61 60 14.8661
Pkt 53 120 0.441667 1
Pkt 85 192 0.442708 1
Node 43 32 19.3132
Pkt 165 375 0.44 1
Pkt 132 300 0.44 1
Node 30 54 20.3961
Pkt 330 750 0.44 1
Pkt 352 800 0.44 1
Node 68 34 24.0832
Pkt 66 150 0.44 1
Pkt 88 200 0.44 1
Node 44 48 6.32456
Pkt 212 480 0.441667 1
Pkt 132 300 0.44 1
Node 36 41 16.6433
Pkt 330 750 0.44 1
Pkt 352 800 0.44 1
Rate:881.007
==========
==========14
6 0 2 24000
Node 30 52 20.0998
Pkt 55 125 0.44 1
Pkt 66 150 0.44 1
Node 74 49 24.0208
Pkt 176 400 0.44 1
Pkt 141 320 0.440625 1
Node 64 41 16.6433
Pkt 352 800 0.44 1
Pkt 330 750 0.44 1
Node 58 37 15.2643
Pkt 88 200 0.44 1
Pkt 106 240 0.441667 1
Node 37 30 23.8537
Pkt 141 320 0.440625 1
Pkt 165 375 0.44 1
Node 66 36 21.2603
Pkt 330 750 0.44 1
Pkt 352 800 0.44 1
Rate:880.486
==========
==========15
6 0 2 24000
Node 43 73 24.0416
Pkt 71 160 0.44375 1
Pkt 55 125 0.44 1
Node 50 29 21
Pkt 212 480 0.441667 1
Pkt 212 480 0.441667 1
Node 28 68 28.4253
Pkt 352 800 0.44 1
Pkt 330 750 0.44 1
Node 74 65 28.3019
Pkt 55 125 0.44 1
Pkt 53 120 0.441667 1
Node 38 25 27.7308
Pkt 212 480 0.441667 1
Pkt 165 375 0.44 1
Node 65 68 23.4307
Pkt 330 750 0.44 1
Pkt 330 750 0.44 1
Rate:881.736
==========
==========16
6 0 2 24000
Node 56 38 13.4164
Pkt 88 200 0.44 1
Pkt 88 200 0.44 1
Node 73 40 25.0799
Pkt 165 375 0.44 1
Pkt 212 480 0.441667 1
Node 37 47 13.3417
Pkt 352 800 0.44 1
Pkt 330 750 0.44 1
Node 68 38 21.6333
Pkt 71 160 0.44375 1
Pkt 55 125 0.44 1
Node 58 46 8.94427
Pkt 176 400 0.44 1
Pkt 141 320 0.440625 1
Node 68 55 18.6815
Pkt 352 800 0.44 1
Pkt 352 800 0.44 1
Rate:881.007
==========
==========17
6 0 2 24000
Node 42 33 18.7883
Pkt 66 150 0.44 1
Pkt 53 120 0.441667 1
Node 31 25 31.4006
Pkt 176 400 0.44 1
Pkt 165 375 0.44 1
Node 59 26 25.632
Pkt 352 800 0.44 1
Pkt 352 800 0.44 1
Node 58 59 12.0416
Pkt 55 125 0.44 1
Pkt 66 150 0.44 1
Node 58 53 8.544
Pkt 176 400 0.44 1
Pkt 141 320 0.440625 1
Node 34 32 24.0832
Pkt 352 800 0.44 1
Pkt 330 750 0.44 1
Rate:880.382
==========
==========18
6 0 2 24000
Node 42 64 16.1245
Pkt 106 240 0.441667 1
Pkt 71 160 0.44375 1
Node 30 36 24.4131
Pkt 212 480 0.441667 1
Pkt 141 320 0.440625 1
Node 28 53 22.2036
Pkt 352 800 0.44 1
Pkt 330 750 0.44 1
Node 39 71 23.7065
Pkt 44 100 0.44 1
Pkt 110 250 0.44 1
Node 73 71 31.1448
Pkt 132 300 0.44 1
Pkt 212 480 0.441667 1
Node 37 52 13.1529
Pkt 352 800 0.44 1
Pkt 352 800 0.44 1
Rate:881.563
==========
==========19
6 0 2 24000
Node 54 47 5
Pkt 85 192 0.442708 1
Pkt 53 120 0.441667 1
Node 45 72 22.561
Pkt 212 480 0.441667 1
Pkt 212 480 0.441667 1
Node 32 55 18.6815
Pkt 330 750 0.44 1
Pkt 352 800 0.44 1
Node 71 66 26.4008
Pkt 106 240 0.441667 1
Pkt 110 250 0.44 1
Node 65 48 15.1327
Pkt 212 480 0.441667 1
Pkt 176 400 0.44 1
Node 33 65 22.6716
Pkt 330 750 0.44 1
Pkt 330 750 0.44 1
Rate:881.84
==========
==========20
6 0 2 24000
Node 52 62 12.1655
Pkt 53 120 0.441667 1
Pkt 66 150 0.44 1
Node 43 48 7.28011
Pkt 141 320 0.440625 1
Pkt 212 480 0.441667 1
Node 54 66 16.4924
Pkt 352 800 0.44 1
Pkt 352 800 0.44 1
Node 25 44 25.7099
Pkt 55 125 0.44 1
Pkt 88 200 0.44 1
Node 28 55 22.561
Pkt 176 400 0.44 1
Pkt 176 400 0.44 1
Node 50 40 10
Pkt 352 800 0.44 1
Pkt 330 750 0.44 1
Rate:880.66
==========
==========21
6 0 2 24000
Node 74 69 30.6105
Pkt 106 240 0.441667 1
Pkt 85 192 0.442708 1
Node 73 28 31.8277
Pkt 141 320 0.440625 1
Pkt 212 480 0.441667 1
Node 67 45 17.72
Pkt 330 750 0.44 1
Pkt 352 800 0.44 1
Node 34 38 20
Pkt 53 120 0.441667 1
Pkt 53 120 0.441667 1
Node 52 45 5.38516
Pkt 165 375 0.44 1
Pkt 165 375 0.44 1
Node 36 39 17.8045
Pkt 330 750 0.44 1
Pkt 330 750 0.44 1
Rate:881.667
==========
==========22
6 0 2 24000
Node 65 70 25
Pkt 44 100 0.44 1
Pkt 53 120 0.441667 1
Node 44 39 12.53
Pkt 132 300 0.44 1
Pkt 212 480 0.441667 1
Node 71 29 29.6985
Pkt 330 750 0.44 1
Pkt 330 750 0.44 1
Node 29 35 25.807
Pkt 55 125 0.44 1
Pkt 106 240 0.441667 1
Node 56 33 18.0278
Pkt 176 400 0.44 1
Pkt 141 320 0.440625 1
Node 26 52 24.0832
Pkt 330 750 0.44 1
Pkt 330 750 0.44 1
Rate:880.938
==========
==========23
6 0 2 24000
Node 35 64 20.5183
Pkt 88 200 0.44 1
Pkt 110 250 0.44 1
Node 47 40 10.4403
Pkt 165 375 0.44 1
Pkt 176 400 0.44 1
Node 50 58 8
Pkt 352 800 0.44 1
Pkt 330 750 0.44 1
Node 58 71 22.4722
Pkt 110 250 0.44 1
Pkt 44 100 0.44 1
Node 40 34 18.868
Pkt 141 320 0.440625 1
Pkt 132 300 0.44 1
Node 48 66 16.1245
Pkt 330 750 0.44 1
Pkt 330 750 0.44 1
Rate:880.104
==========
==========24
6 0 2 24000
Node 41 71 22.8473
Pkt 71 160 0.44375 1
Pkt 85 192 0.442708 1
Node 50 49 1
Pkt 141 320 0.440625 1
Pkt 141 320 0.440625 1
Node 57 70 21.1896
Pkt 352 800 0.44 1
Pkt 352 800 0.44 1
Node 39 73 25.4951
Pkt 66 150 0.44 1
Pkt 88 200 0.44 1
Node 36 69 23.6008
Pkt 212 480 0.441667 1
Pkt 141 320 0.440625 1
Node 70 37 23.8537
Pkt 352 800 0.44 1
Pkt 330 750 0.44 1
Rate:881.667
==========
==========25
6 0 2 24000
Node 66 33 23.3452
Pkt 110 250 0.44 1
Pkt 55 125 0.44 1
Node 25 27 33.9706
Pkt 212 480 0.441667 1
Pkt 132 300 0.44 1
Node 34 29 26.4008
Pkt 352 800 0.44 1
Pkt 330 750 0.44 1
Node 64 54 14.5602
Pkt 44 100 0.44 1
Pkt 71 160 0.44375 1
Node 30 70 28.2843
Pkt 176 400 0.44 1
Pkt 165 375 0.44 1
Node 30 42 21.5407
Pkt 330 750 0.44 1
Pkt 352 800 0.44 1
Rate:880.903
==========
==========26
6 0 2 24000
Node 61 57 13.0384
Pkt 55 125 0.44 1
Pkt 88 200 0.44 1
Node 56 26 24.7386
Pkt 132 300 0.44 1
Pkt 212 480 0.441667 1
Node 50 44 6
Pkt 330 750 0.44 1
Pkt 330 750 0.44 1
Node 31 51 19.0263
Pkt 85 192 0.442708 1
Pkt 110 250 0.44 1
Node 64 32 22.8035
Pkt 165 375 0.44 1
Pkt 165 375 0.44 1
Node 68 59 20.1246
Pkt 352 800 0.44 1
Pkt 330 750 0.44 1
Rate:880.729
==========
==========27
6 0 2 24000
Node 25 61 27.313
Pkt 85 192 0.442708 1
Pkt 44 100 0.44 1
Node 52 46 4.47214
Pkt 132 300 0.44 1
Pkt 212 480 0.441667 1
Node 49 67 17.0294
Pkt 352 800 0.44 1
Pkt 330 750 0.44 1
Node 47 58 8.544
Pkt 88 200 0.44 1
Pkt 53 120 0.441667 1
Node 52 60 10.198
Pkt 176 400 0.44 1
Pkt 132 300 0.44 1
Node 72 36 26.0768
Pkt 330 750 0.44 1
Pkt 352 800 0.44 1
Rate:881.007
==========
==========28
6 0 2 24000
Node 53 64 14.3178
Pkt 66 150 0.44 1
Pkt 53 120 0.441667 1
Node 47 31 19.2354
Pkt 141 320 0.440625 1
Pkt 165 375 0.44 1
Node 26 36 27.7849
Pkt 330 750 0.44 1
Pkt 330 750 0.44 1
Node 39 26 26.4008
Pkt 53 120 0.441667 1
Pkt 106 240 0.441667 1
Node 68 28 28.4253
Pkt 141 320 0.440625 1
Pkt 132 300 0.44 1
Node 43 67 18.3848
Pkt 352 800 0.44 1
Pkt 330 750 0.44 1
Rate:881.042
==========
==========29
6 0 2 24000
Node 61 67 20.2485
Pkt 106 240 0.441667 1
Pkt 110 250 0.44 1
Node 67 74 29.4109
Pkt 132 300 0.44 1
Pkt 165 375 0.44 1
Node 29 66 26.4008
Pkt 330 750 0.44 1
Pkt 330 750 0.44 1
Node 59 63 15.8114
Pkt 53 120 0.441667 1
Pkt 71 160 0.44375 1
Node 49 37 13.0384
Pkt 132 300 0.44 1
Pkt 132 300 0.44 1
Node 51 52 2.23607
Pkt 352 800 0.44 1
Pkt 330 750 0.44 1
Rate:881.181
==========
==========30
6 0 2 24000
Node 68 55 18.6815
Pkt 66 150 0.44 1
Pkt 66 150 0.44 1
Node 68 25 30.8058
Pkt 141 320 0.440625 1
Pkt 176 400 0.44 1
Node 70 64 24.4131
Pkt 330 750 0.44 1
Pkt 352 800 0.44 1
Node 70 33 26.2488
Pkt 66 150 0.44 1
Pkt 71 160 0.44375 1
Node 47 25 25.1794
Pkt 132 300 0.44 1
Pkt 141 320 0.440625 1
Node 45 66 16.7631
Pkt 330 750 0.44 1
Pkt 330 750 0.44 1
Rate:880.833
==========
==========31
6 0 2 24000
Node 26 26 33.9411
Pkt 85 192 0.442708 1
Pkt 110 250 0.44 1
Node 26 25 34.6554
Pkt 176 400 0.44 1
Pkt 141 320 0.440625 1
Node 68 39 21.095
Pkt 330 750 0.44 1
Pkt 330 750 0.44 1
Node 27 32 29.2062
Pkt 85 192 0.442708 1
Pkt 55 125 0.44 1
Node 60 57 12.2066
Pkt 176 400 0.44 1
Pkt 132 300 0.44 1
Node 61 36 17.8045
Pkt 352 800 0.44 1
Pkt 330 750 0.44 1
Rate:881.007
==========
==========32
6 0 2 24000
Node 47 55 5.83095
Pkt 53 120 0.441667 1
Pkt 53 120 0.441667 1
Node 29 71 29.6985
Pkt 165 375 0.44 1
Pkt 212 480 0.441667 1
Node 63 28 25.5539
Pkt 352 800 0.44 1
Pkt 330 750 0.44 1
Node 66 66 22.6274
Pkt 71 160 0.44375 1
Pkt 44 100 0.44 1
Node 35 60 18.0278
Pkt 176 400 0.44 1
Pkt 212 480 0.441667 1
Node 47 35 15.2971
Pkt 330 750 0.44 1
Pkt 330 750 0.44 1
Rate:881.736
==========
==========33
6 0 2 24000
Node 73 68 29.2062
Pkt 85 192 0.442708 1
Pkt 106 240 0.441667 1
Node 39 48 11.1803
Pkt 132 300 0.44 1
Pkt 165 375 0.44 1
Node 59 56 10.8167
Pkt 352 800 0.44 1
Pkt 330 750 0.44 1
Node 25 51 25.02
Pkt 53 120 0.441667 1
Pkt 66 150 0.44 1
Node 52 49 2.23607
Pkt 165 375 0.44 1
Pkt 141 320 0.440625 1
Node 36 61 17.8045
Pkt 330 750 0.44 1
Pkt 352 800 0.44 1
Rate:881.111
==========
==========34
6 0 2 24000
Node 73 63 26.4197
Pkt 55 125 0.44 1
Pkt 53 120 0.441667 1
Node 62 36 18.4391
Pkt 132 300 0.44 1
Pkt 141 320 0.440625 1
Node 61 49 11.0454
Pkt 352 800 0.44 1
Pkt 352 800 0.44 1
Node 44 39 12.53
Pkt 44 100 0.44 1
Pkt 44 100 0.44 1
Node 60 27 25.0799
Pkt 132 300 0.44 1
Pkt 165 375 0.44 1
Node 35 63 19.8494
Pkt 352 800 0.44 1
Pkt 330 750 0.44 1
Rate:880.382
==========
==========35
6 0 2 24000
Node 62 42 14.4222
Pkt 106 240 0.441667 1
Pkt 71 160 0.44375 1
Node 61 25 27.313
Pkt 165 375 0.44 1
Pkt 176 400 0.44 1
Node 63 72 25.5539
Pkt 330 750 0.44 1
Pkt 352 800 0.44 1
Node 57 57 9.89949
Pkt 53 120 0.441667 1
Pkt 71 160 0.44375 1
Node 25 56 25.7099
Pkt 165 375 0.44 1
Pkt 176 400 0.44 1
Node 45 60 11.1803
Pkt 352 800 0.44 1
Pkt 330 750 0.44 1
Rate:881.806
==========
==========36
6 0 2 24000
Node 69 45 19.6469
Pkt 44 100 0.44 1
Pkt 88 200 0.44 1
Node 67 25 30.2324
Pkt 176 400 0.44 1
Pkt 165 375 0.44 1
Node 44 42 10
Pkt 352 800 0.44 1
Pkt 352 800 0.44 1
Node 42 73 24.3516
Pkt 85 192 0.442708 1
Pkt 66 150 0.44 1
Node 48 53 3.60555
Pkt 165 375 0.44 1
Pkt 176 400 0.44 1
Node 32 52 18.1108
Pkt 330 750 0.44 1
Pkt 352 800 0.44 1
Rate:880.451
==========
==========37
6 0 2 24000
Node 57 44 9.21954
Pkt 106 240 0.441667 1
Pkt 106 240 0.441667 1
Node 48 73 23.0868
Pkt 165 375 0.44 1
Pkt 212 480 0.441667 1
Node 43 67 18.3848
Pkt 330 750 0.44 1
Pkt 330 750 0.44 1
Node 36 56 15.2315
Pkt 85 192 0.442708 1
Pkt 53 120 0.441667 1
Node 25 44 25.7099
Pkt 132 300 0.44 1
Pkt 176 400 0.44 1
Node 70 68 26.9072
Pkt 352 800 0.44 1
Pkt 352 800 0.44 1
Rate:881.563
==========
==========38
6 0 2 24000
Node 44 32 18.9737
Pkt 71 160 0.44375 1
Pkt 88 200 0.44 1
Node 50 71 21
Pkt 212 480 0.441667 1
Pkt 165 375 0.44 1
Node 30 43 21.1896
Pkt 330 750 0.44 1
Pkt 330 750 0.44 1
Node 38 48 12.1655
Pkt 53 120 0.441667 1
Pkt 106 240 0.441667 1
Node 63 60 16.4012
Pkt 212 480 0.441667 1
Pkt 165 375 0.44 1
Node 42 58 11.3137
Pkt 330 750 0.44 1
Pkt 330 750 0.44 1
Rate:881.736
==========
==========39
6 0 2 24000
Node 62 53 12.3693
Pkt 85 192 0.442708 1
Pkt 88 200 0.44 1
Node 55 40 11.1803
Pkt 132 300 0.44 1
Pkt 132 300 0.44 1
Node 29 26 31.8904
Pkt 352 800 0.44 1
Pkt 330 750 0.44 1
Node 31 30 27.5862
Pkt 71 160 0.44375 1
Pkt 66 150 0.44 1
Node 32 53 18.2483
Pkt 212 480 0.441667 1
Pkt 212 480 0.441667 1
Node 69 36 23.6008
Pkt 352 800 0.44 1
Pkt 352 800 0.44 1
Rate:881.632
==========
==========40
6 0 2 24000
Node 40 62 15.6205
Pkt 44 100 0.44 1
Pkt 88 200 0.44 1
Node 27 66 28.0179
Pkt 132 300 0.44 1
Pkt 132 300 0.44 1
Node 59 43 11.4018
Pkt 352 800 0.44 1
Pkt 352 800 0.44 1
Node 27 70 30.4795
Pkt 55 125 0.44 1
Pkt 88 200 0.44 1
Node 36 36 19.799
Pkt 165 375 0.44 1
Pkt 132 300 0.44 1
Node 44 37 14.3178
Pkt 352 800 0.44 1
Pkt 330 750 0.44 1
Rate:880
==========
==========41
6 0 2 24000
Node 69 34 24.8395
Pkt 66 150 0.44 1
Pkt 66 150 0.44 1
Node 39 61 15.5563
Pkt 165 375 0.44 1
Pkt 212 480 0.441667 1
Node 36 66 21.2603
Pkt 330 750 0.44 1
Pkt 352 800 0.44 1
Node 66 70 25.6125
Pkt 66 150 0.44 1
Pkt 85 192 0.442708 1
Node 69 64 23.6008
Pkt 132 300 0.44 1
Pkt 212 480 0.441667 1
Node 65 39 18.6011
Pkt 330 750 0.44 1
Pkt 352 800 0.44 1
Rate:881.007
==========
==========42
6 0 2 24000
Node 61 30 22.8254
Pkt 53 120 0.441667 1
Pkt 88 200 0.44 1
Node 30 65 25
Pkt 141 320 0.440625 1
Pkt 212 480 0.441667 1
Node 73 73 32.5269
Pkt 330 750 0.44 1
Pkt 352 800 0.44 1
Node 64 43 15.6525
Pkt 44 100 0.44 1
Pkt 55 125 0.44 1
Node 28 70 29.7321
Pkt 165 375 0.44 1
Pkt 132 300 0.44 1
Node 52 62 12.1655
Pkt 352 800 0.44 1
Pkt 330 750 0.44 1
Rate:880.66
==========
==========43
6 0 2 24000
Node 45 36 14.8661
Pkt 66 150 0.44 1
Pkt 44 100 0.44 1
Node 58 63 15.2643
Pkt 165 375 0.44 1
Pkt 132 300 0.44 1
Node 71 45 21.587
Pkt 352 800 0.44 1
Pkt 352 800 0.44 1
Node 39 66 19.4165
Pkt 55 125 0.44 1
Pkt 106 240 0.441667 1
Node 35 34 21.9317
Pkt 165 375 0.44 1
Pkt 212 480 0.441667 1
Node 66 63 20.6155
Pkt 352 800 0.44 1
Pkt 352 800 0.44 1
Rate:880.556
==========
==========44
6 0 2 24000
Node 40 31 21.4709
Pkt 85 192 0.442708 1
Pkt 53 120 0.441667 1
Node 35 29 25.807
Pkt 165 375 0.44 1
Pkt 165 375 0.44 1
Node 61 46 11.7047
Pkt 352 800 0.44 1
Pkt 352 800 0.44 1
Node 25 32 30.8058
Pkt 71 160 0.44375 1
Pkt 55 125 0.44 1
Node 52 25 25.0799
Pkt 212 480 0.441667 1
Pkt 212 480 0.441667 1
Node 63 71 24.6982
Pkt 352 800 0.44 1
Pkt 352 800 0.44 1
Rate:881.91
==========
==========45
6 0 2 24000
Node 51 31 19.0263
Pkt 71 160 0.44375 1
Pkt 66 150 0.44 1
Node 53 52 3.60555
Pkt 212 480 0.441667 1
Pkt 212 480 0.441667 1
Node 71 42 22.4722
Pkt 352 800 0.44 1
Pkt 330 750 0.44 1
Node 71 33 27.0185
Pkt 66 150 0.44 1
Pkt 106 240 0.441667 1
Node 31 50 19
Pkt 176 400 0.44 1
Pkt 132 300 0.44 1
Node 29 51 21.0238
Pkt 330 750 0.44 1
Pkt 330 750 0.44 1
Rate:881.458
==========
==========46
6 0 2 24000
Node 65 54 15.5242
Pkt 66 150 0.44 1
Pkt 106 240 0.441667 1
Node 57 60 12.2066
Pkt 212 480 0.441667 1
Pkt 176 400 0.44 1
Node 56 51 6.08276
Pkt 352 800 0.44 1
Pkt 330 750 0.44 1
Node 37 64 19.105
Pkt 71 160 0.44375 1
Pkt 55 125 0.44 1
Node 37 73 26.4197
Pkt 212 480 0.441667 1
Pkt 132 300 0.44 1
Node 68 68 25.4558
Pkt 330 750 0.44 1
Pkt 330 750 0.44 1
Rate:881.458
==========
==========47
6 0 2 24000
Node 30 47 20.2237
Pkt 66 150 0.44 1
Pkt 106 240 0.441667 1
Node 51 43 7.07107
Pkt 132 300 0.44 1
Pkt 165 375 0.44 1
Node 50 46 4
Pkt 352 800 0.44 1
Pkt 352 800 0.44 1
Node 34 26 28.8444
Pkt 71 160 0.44375 1
Pkt 106 240 0.441667 1
Node 53 45 5.83095
Pkt 141 320 0.440625 1
Pkt 132 300 0.44 1
Node 58 27 24.3516
Pkt 352 800 0.44 1
Pkt 330 750 0.44 1
Rate:881.285
==========
==========48
6 0 2 24000
Node 40 69 21.4709
Pkt 55 125 0.44 1
Pkt 71 160 0.44375 1
Node 34 45 16.7631
Pkt 132 300 0.44 1
Pkt 165 375 0.44 1
Node 46 34 16.4924
Pkt 330 750 0.44 1
Pkt 330 750 0.44 1
Node 50 73 23
Pkt 110 250 0.44 1
Pkt 44 100 0.44 1
Node 61 27 25.4951
Pkt 141 320 0.440625 1
Pkt 176 400 0.44 1
Node 67 66 23.3452
Pkt 330 750 0.44 1
Pkt 352 800 0.44 1
Rate:880.729
==========
==========49
6 0 2 24000
Node 64 34 21.2603
Pkt 53 120 0.441667 1
Pkt 55 125 0.44 1
Node 59 67 19.2354
Pkt 132 300 0.44 1
Pkt 176 400 0.44 1
Node 48 69 19.105
Pkt 352 800 0.44 1
Pkt 330 750 0.44 1
Node 74 54 24.3311
Pkt 106 240 0.441667 1
Pkt 85 192 0.442708 1
Node 54 36 14.5602
Pkt 132 300 0.44 1
Pkt 176 400 0.44 1
Node 58 44 10
Pkt 352 800 0.44 1
Pkt 352 800 0.44 1
Rate:881.007
==========
==========50
6 0 2 24000
Node 58 69 20.6155
Pkt 66 150 0.44 1
Pkt 66 150 0.44 1
Node 56 37 14.3178
Pkt 141 320 0.440625 1
Pkt 212 480 0.441667 1
Node 47 63 13.3417
Pkt 352 800 0.44 1
Pkt 352 800 0.44 1
Node 42 51 8.06226
Pkt 110 250 0.44 1
Pkt 71 160 0.44375 1
Node 71 56 21.8403
Pkt 176 400 0.44 1
Pkt 165 375 0.44 1
Node 66 40 18.868
Pkt 330 750 0.44 1
Pkt 352 800 0.44 1
Rate:881.007
==========
==========51
6 0 2 24000
Node 32 63 22.2036
Pkt 110 250 0.44 1
Pkt 110 250 0.44 1
Node 54 44 7.2111
Pkt 141 320 0.440625 1
Pkt 141 320 0.440625 1
Node 55 28 22.561
Pkt 330 750 0.44 1
Pkt 330 750 0.44 1
Node 64 72 26.0768
Pkt 85 192 0.442708 1
Pkt 88 200 0.44 1
Node 37 38 17.6918
Pkt 165 375 0.44 1
Pkt 141 320 0.440625 1
Node 39 34 19.4165
Pkt 330 750 0.44 1
Pkt 330 750 0.44 1
Rate:880.764
==========
==========52
6 0 2 24000
Node 51 74 24.0208
Pkt 44 100 0.44 1
Pkt 110 250 0.44 1
Node 73 69 29.8329
Pkt 132 300 0.44 1
Pkt 132 300 0.44 1
Node 64 33 22.0227
Pkt 330 750 0.44 1
Pkt 330 750 0.44 1
Node 33 64 22.0227
Pkt 110 250 0.44 1
Pkt 106 240 0.441667 1
Node 40 72 24.1661
Pkt 165 375 0.44 1
Pkt 212 480 0.441667 1
Node 48 45 5.38516
Pkt 330 750 0.44 1
Pkt 330 750 0.44 1
Rate:880.556
==========
==========53
6 0 2 24000
Node 48 49 2.23607
Pkt 85 192 0.442708 1
Pkt 88 200 0.44 1
Node 48 41 9.21954
Pkt 176 400 0.44 1
Pkt 165 375 0.44 1
Node 49 35 15.0333
Pkt 352 800 0.44 1
Pkt 330 750 0.44 1
Node 30 28 29.7321
Pkt 53 120 0.441667 1
Pkt 44 100 0.44 1
Node 63 42 15.2643
Pkt 165 375 0.44 1
Pkt 141 320 0.440625 1
Node 26 56 24.7386
Pkt 330 750 0.44 1
Pkt 352 800 0.44 1
Rate:880.833
==========
==========54
6 0 2 24000
Node 29 67 27.0185
Pkt 71 160 0.44375 1
Pkt 55 125 0.44 1
Node 52 34 16.1245
Pkt 212 480 0.441667 1
Pkt 212 480 0.441667 1
Node 55 33 17.72
Pkt 352 800 0.44 1
Pkt 330 750 0.44 1
Node 56 27 23.7697
Pkt 106 240 0.441667 1
Pkt 71 160 0.44375 1
Node 30 47 20.2237
Pkt 132 300 0.44 1
Pkt 141 320 0.440625 1
Node 28 37 25.5539
Pkt 330 750 0.44 1
Pkt 330 750 0.44 1
Rate:882.188
==========
==========55
6 0 2 24000
Node 38 30 23.3238
Pkt 106 240 0.441667 1
Pkt 44 100 0.44 1
Node 65 70 25
Pkt 212 480 0.441667 1
Pkt 176 400 0.44 1
Node 67 39 20.2485
Pkt 352 800 0.44 1
Pkt 330 750 0.44 1
Node 72 50 22
Pkt 85 192 0.442708 1
Pkt 53 120 0.441667 1
Node 30 55 20.6155
Pkt 141 320 0.440625 1
Pkt 176 400 0.44 1
Node 39 64 17.8045
Pkt 352 800 0.44 1
Pkt 330 750 0.44 1
Rate:881.389
==========
==========56
6 0 2 24000
Node 27 28 31.8277
Pkt 66 150 0.44 1
Pkt 88 200 0.44 1
Node 34 65 21.9317
Pkt 132 300 0.44 1
Pkt 212 480 0.441667 1
Node 33 35 22.6716
Pkt 352 800 0.44 1
Pkt 352 800 0.44 1
Node 45 72 22.561
Pkt 110 250 0.44 1
Pkt 55 125 0.44 1
Node 58 57 10.6301
Pkt 141 320 0.440625 1
Pkt 212 480 0.441667 1
Node 46 51 4.12311
Pkt 330 750 0.44 1
Pkt 352 800 0.44 1
Rate:880.66
==========
==========57
6 0 2 24000
Node 56 70 20.8806
Pkt 106 240 0.441667 1
Pkt 106 240 0.441667 1
Node 44 55 7.81025
Pkt 212 480 0.441667 1
Pkt 132 300 0.44 1
Node 48 33 17.1172
Pkt 352 800 0.44 1
Pkt 352 800 0.44 1
Node 25 71 32.6497
Pkt 88 200 0.44 1
Pkt 44 100 0.44 1
Node 71 35 25.807
Pkt 141 320 0.440625 1
Pkt 165 375 0.44 1
Node 65 45 15.8114
Pkt 352 800 0.44 1
Pkt 330 750 0.44 1
Rate:880.938
==========
==========58
6 0 2 24000
Node 63 35 19.8494
Pkt 53 120 0.441667 1
Pkt 85 192 0.442708 1
Node 65 39 18.6011
Pkt 176 400 0.44 1
Pkt 212 480 0.441667 1
Node 29 35 25.807
Pkt 330 750 0.44 1
Pkt 330 750 0.44 1
Node 66 67 23.3452
Pkt 55 125 0.44 1
Pkt 106 240 0.441667 1
Node 34 71 26.4008
Pkt 165 375 0.44 1
Pkt 141 320 0.440625 1
Node 65 48 15.1327
Pkt 330 750 0.44 1
Pkt 330 750 0.44 1
Rate:881.389
==========
==========59
6 0 2 24000
Node 47 71 21.2132
Pkt 44 100 0.44 1
Pkt 71 160 0.44375 1
Node 26 25 34.6554
Pkt 212 480 0.441667 1
Pkt 132 300 0.44 1
Node 40 73 25.0799
Pkt 330 750 0.44 1
Pkt 330 750 0.44 1
Node 71 69 28.3196
Pkt 66 150 0.44 1
Pkt 88 200 0.44 1
Node 26 62 26.8328
Pkt 132 300 0.44 1
Pkt 141 320 0.440625 1
Node 69 65 24.2074
Pkt 330 750 0.44 1
Pkt 352 800 0.44 1
Rate:881.007
==========
==========60
6 0 2 24000
Node 39 33 20.2485
Pkt 88 200 0.44 1
Pkt 110 250 0.44 1
Node 64 49 14.0357
Pkt 165 375 0.44 1
Pkt 165 375 0.44 1
Node 60 64 17.2047
Pkt 330 750 0.44 1
Pkt 352 800 0.44 1
Node 67 55 17.72
Pkt 85 192 0.442708 1
Pkt 55 125 0.44 1
Node 31 35 24.2074
Pkt 132 300 0.44 1
Pkt 165 375 0.44 1
Node 68 62 21.6333
Pkt 352 800 0.44 1
Pkt 330 750 0.44 1
Rate:880.451
==========
==========61
6 0 2 24000
Node 31 36 23.6008
Pkt 71 160 0.44375 1
Pkt 106 240 0.441667 1
Node 65 51 15.0333
Pkt 132 300 0.44 1
Pkt 212 480 0.441667 1
Node 73 61 25.4951
Pkt 352 800 0.44 1
Pkt 330 750 0.44 1
Node 49 69 19.0263
Pkt 71 160 0.44375 1
Pkt 71 160 0.44375 1
Node 25 26 34.6554
Pkt 165 375 0.44 1
Pkt 132 300 0.44 1
Node 68 62 21.6333
Pkt 352 800 0.44 1
Pkt 330 750 0.44 1
Rate:882.431
==========
==========62
6 0 2 24000
Node 38 25 27.7308
Pkt 55 125 0.44 1
Pkt 110 250 0.44 1
Node 29 68 27.6586
Pkt 132 300 0.44 1
Pkt 176 400 0.44 1
Node 62 67 20.8087
Pkt 330 750 0.44 1
Pkt 330 750 0.44 1
Node 70 36 24.4131
Pkt 66 150 0.44 1
Pkt 53 120 0.441667 1
Node 51 35 15.0333
Pkt 212 480 0.441667 1
Pkt 212 480 0.441667 1
Node 49 31 19.0263
Pkt 352 800 0.44 1
Pkt 352 800 0.44 1
Rate:880.833
==========
==========63
6 0 2 24000
Node 45 43 8.60233
Pkt 44 100 0.44 1
Pkt 53 120 0.441667 1
Node 67 38 20.8087
Pkt 176 400 0.44 1
Pkt 132 300 0.44 1
Node 38 70 23.3238
Pkt 352 800 0.44 1
Pkt 330 750 0.44 1
Node 30 33 26.2488
Pkt 88 200 0.44 1
Pkt 71 160 0.44375 1
Node 42 59 12.0416
Pkt 141 320 0.440625 1
Pkt 176 400 0.44 1
Node 40 70 22.3607
Pkt 330 750 0.44 1
Pkt 330 750 0.44 1
Rate:881.007
==========
==========64
6 0 2 24000
Node 36 25 28.6531
Pkt 88 200 0.44 1
Pkt 44 100 0.44 1
Node 58 56 10
Pkt 132 300 0.44 1
Pkt 141 320 0.440625 1
Node 66 49 16.0312
Pkt 352 800 0.44 1
Pkt 352 800 0.44 1
Node 48 52 2.82843
Pkt 106 240 0.441667 1
Pkt 44 100 0.44 1
Node 47 34 16.2788
Pkt 141 320 0.440625 1
Pkt 176 400 0.44 1
Node 28 74 32.5576
Pkt 330 750 0.44 1
Pkt 330 750 0.44 1
Rate:880.486
==========
==========65
6 0 2 24000
Node 44 74 24.7386
Pkt 88 200 0.44 1
Pkt 66 150 0.44 1
Node 48 40 10.198
Pkt 212 480 0.441667 1
Pkt 165 375 0.44 1
Node 34 55 16.7631
Pkt 330 750 0.44 1
Pkt 330 750 0.44 1
Node 43 36 15.6525
Pkt 110 250 0.44 1
Pkt 66 150 0.44 1
Node 61 28 24.5967
Pkt 132 300 0.44 1
Pkt 176 400 0.44 1
Node 72 67 27.8029
Pkt 330 750 0.44 1
Pkt 330 750 0.44 1
Rate:880.278
==========
==========66
6 0 2 24000
Node 44 38 13.4164
Pkt 110 250 0.44 1
Pkt 53 120 0.441667 1
Node 32 43 19.3132
Pkt 141 320 0.440625 1
Pkt 132 300 0.44 1
Node 31 31 26.8701
Pkt 352 800 0.44 1
Pkt 330 750 0.44 1
Node 48 55 5.38516
Pkt 44 100 0.44 1
Pkt 106 240 0.441667 1
Node 51 39 11.0454
Pkt 132 300 0.44 1
Pkt 132 300 0.44 1
Node 72 66 27.2029
Pkt 330 750 0.44 1
Pkt 352 800 0.44 1
Rate:880.66
==========
==========67
6 0 2 24000
Node 43 59 11.4018
Pkt 106 240 0.441667 1
Pkt 44 100 0.44 1
Node 33 58 18.7883
Pkt 165 375 0.44 1
Pkt 212 480 0.441667 1
Node 52 27 23.0868
Pkt 330 750 0.44 1
Pkt 352 800 0.44 1
Node 66 42 17.8885
Pkt 55 125 0.44 1
Pkt 44 100 0.44 1
Node 37 32 22.2036
Pkt 165 375 0.44 1
Pkt 176 400 0.44 1
Node 43 65 16.5529
Pkt 330 750 0.44 1
Pkt 352 800 0.44 1
Rate:880.556
==========
==========68
6 0 2 24000
Node 42 65 17
Pkt 44 100 0.44 1
Pkt 71 160 0.44375 1
Node 58 31 20.6155
Pkt 141 320 0.440625 1
Pkt 132 300 0.44 1
Node 73 59 24.6982
Pkt 352 800 0.44 1
Pkt 352 800 0.44 1
Node 58 55 9.43398
Pkt 106 240 0.441667 1
Pkt 53 120 0.441667 1
Node 53 56 6.7082
Pkt 141 320 0.440625 1
Pkt 165 375 0.44 1
Node 35 51 15.0333
Pkt 352 800 0.44 1
Pkt 330 750 0.44 1
Rate:881.389
==========
==========69
6 0 2 24000
Node 33 37 21.4009
Pkt 85 192 0.442708 1
Pkt 55 125 0.44 1
Node 29 62 24.1868
Pkt 212 480 0.441667 1
Pkt 132 300 0.44 1
Node 47 54 5
Pkt 330 750 0.44 1
Pkt 330 750 0.44 1
Node 38 49 12.0416
Pkt 71 160 0.44375 1
Pkt 71 160 0.44375 1
Node 68 69 26.1725
Pkt 176 400 0.44 1
Pkt 176 400 0.44 1
Node 47 31 19.2354
Pkt 352 800 0.44 1
Pkt 330 750 0.44 1
Rate:881.979
==========
==========70
6 0 2 24000
Node 46 60 10.7703
Pkt 88 200 0.44 1
Pkt 55 125 0.44 1
Node 58 33 18.7883
Pkt 141 320 0.440625 1
Pkt 141 320 0.440625 1
Node 64 45 14.8661
Pkt 352 800 0.44 1
Pkt 330 750 0.44 1
Node 72 74 32.5576
Pkt 106 240 0.441667 1
Pkt 66 150 0.44 1
Node 57 39 13.0384
Pkt 165 375 0.44 1
Pkt 212 480 0.441667 1
Node 56 33 18.0278
Pkt 352 800 0.44 1
Pkt 352 800 0.44 1
Rate:880.764
==========
==========71
6 0 2 24000
Node 36 39 17.8045
Pkt 53 120 0.441667 1
Pkt 53 120 0.441667 1
Node 28 46 22.3607
Pkt 132 300 0.44 1
Pkt 212 480 0.441667 1
Node 25 60 26.9258
Pkt 352 800 0.44 1
Pkt 330 750 0.44 1
Node 30 52 20.0998
Pkt 85 192 0.442708 1
Pkt 66 150 0.44 1
Node 61 39 15.5563
Pkt 141 320 0.440625 1
Pkt 165 375 0.44 1
Node 29 33 27.0185
Pkt 330 750 0.44 1
Pkt 352 800 0.44 1
Rate:881.389
==========
==========72
6 0 2 24000
Node 41 62 15
Pkt 44 100 0.44 1
Pkt 71 160 0.44375 1
Node 69 51 19.0263
Pkt 212 480 0.441667 1
Pkt 165 375 0.44 1
Node 50 28 22
Pkt 352 800 0.44 1
Pkt 330 750 0.44 1
Node 47 37 13.3417
Pkt 55 125 0.44 1
Pkt 66 150 0.44 1
Node 74 25 34.6554
Pkt 132 300 0.44 1
Pkt 176 400 0.44 1
Node 53 33 17.2627
Pkt 352 800 0.44 1
Pkt 352 800 0.44 1
Rate:880.903
==========
==========73
6 0 2 24000
Node 35 46 15.5242
Pkt 71 160 0.44375 1
Pkt 85 192 0.442708 1
Node 61 44 12.53
Pkt 141 320 0.440625 1
Pkt 141 320 0.440625 1
Node 46 72 22.3607
Pkt 330 750 0.44 1
Pkt 352 800 0.44 1
Node 66 70 25.6125
Pkt 71 160 0.44375 1
Pkt 66 150 0.44 1
Node 33 47 17.2627
Pkt 176 400 0.44 1
Pkt 176 400 0.44 1
Node 51 55 5.09902
Pkt 330 750 0.44 1
Pkt 352 800 0.44 1
Rate:881.91
==========
==========74
6 0 2 24000
Node 70 26 31.241
Pkt 66 150 0.44 1
Pkt 71 160 0.44375 1
Node 28 72 31.1127
Pkt 176 400 0.44 1
Pkt 212 480 0.441667 1
Node 58 73 24.3516
Pkt 330 750 0.44 1
Pkt 330 750 0.44 1
Node 57 68 19.3132
Pkt 44 100 0.44 1
Pkt 55 125 0.44 1
Node 36 49 14.0357
Pkt 212 480 0.441667 1
Pkt 165 375 0.44 1
Node 73 53 23.1948
Pkt 352 800 0.44 1
Pkt 330 750 0.44 1
Rate:881.181
==========
==========75
6 0 2 24000
Node 42 29 22.4722
Pkt 53 120 0.441667 1
Pkt 85 192 0.442708 1
Node 66 65 21.9317
Pkt 212 480 0.441667 1
Pkt 176 400 0.44 1
Node 41 44 10.8167
Pkt 330 750 0.44 1
Pkt 330 750 0.44 1
Node 73 62 25.9422
Pkt 85 192 0.442708 1
Pkt 110 250 0.44 1
Node 58 50 8
Pkt 212 480 0.441667 1
Pkt 132 300 0.44 1
Node 35 52 15.1327
Pkt 330 750 0.44 1
Pkt 330 750 0.44 1
Rate:881.736
==========
==========76
6 0 2 24000
Node 30 64 24.4131
Pkt 71 160 0.44375 1
Pkt 66 150 0.44 1
Node 63 57 14.7648
Pkt 141 320 0.440625 1
Pkt 212 480 0.441667 1
Node 37 48 13.1529
Pkt 330 750 0.44 1
Pkt 330 750 0.44 1
Node 25 44 25.7099
Pkt 106 240 0.441667 1
Pkt 66 150 0.44 1
Node 53 31 19.2354
Pkt 132 300 0.44 1
Pkt 132 300 0.44 1
Node 26 29 31.8904
Pkt 352 800 0.44 1
Pkt 330 750 0.44 1
Rate:881.285
==========
==========77
6 0 2 24000
Node 40 52 10.198
Pkt 110 250 0.44 1
Pkt 88 200 0.44 1
Node 25 61 27.313
Pkt 141 320 0.440625 1
Pkt 176 400 0.44 1
Node 74 43 25
Pkt 330 750 0.44 1
Pkt 352 800 0.44 1
Node 61 37 17.0294
Pkt 106 240 0.441667 1
Pkt 110 250 0.44 1
Node 26 36 27.7849
Pkt 176 400 0.44 1
Pkt 132 300 0.44 1
Node 39 36 17.8045
Pkt 352 800 0.44 1
Pkt 352 800 0.44 1
Rate:880.382
==========
==========78
6 0 2 24000
Node 29 65 25.807
Pkt 110 250 0.44 1
Pkt 66 150 0.44 1
Node 44 63 14.3178
Pkt 212 480 0.441667 1
Pkt 141 320 0.440625 1
Node 63 69 23.0217
Pkt 330 750 0.44 1
Pkt 330 750 0.44 1
Node 46 65 15.5242
Pkt 55 125 0.44 1
Pkt 106 240 0.441667 1
Node 44 69 19.9249
Pkt 132 300 0.44 1
Pkt 132 300 0.44 1
Node 38 45 13
Pkt 330 750 0.44 1
Pkt 352 800 0.44 1
Rate:880.66
==========
==========79
6 0 2 24000
Node 70 57 21.1896
Pkt 55 125 0.44 1
Pkt 71 160 0.44375 1
Node 69 73 29.8329
Pkt 141 320 0.440625 1
Pkt 132 300 0.44 1
Node 38 57 13.8924
Pkt 352 800 0.44 1
Pkt 352 800 0.44 1
Node 52 25 25.0799
Pkt 88 200 0.44 1
Pkt 66 150 0.44 1
Node 31 68 26.1725
Pkt 176 400 0.44 1
Pkt 141 320 0.440625 1
Node 49 29 21.0238
Pkt 330 750 0.44 1
Pkt 330 750 0.44 1
Rate:880.833
==========
==========80
6 0 2 24000
Node 29 57 22.1359
Pkt 71 160 0.44375 1
Pkt 85 192 0.442708 1
Node 50 71 21
Pkt 165 375 0.44 1
Pkt 212 480 0.441667 1
Node 47 29 21.2132
Pkt 352 800 0.44 1
Pkt 352 800 0.44 1
Node 46 55 6.40312
Pkt 55 125 0.44 1
Pkt 55 125 0.44 1
Node 30 67 26.2488
Pkt 141 320 0.440625 1
Pkt 176 400 0.44 1
Node 43 34 17.4642
Pkt 352 800 0.44 1
Pkt 330 750 0.44 1
Rate:881.458
==========
==========81
6 0 2 24000
Node 33 53 17.2627
Pkt 71 160 0.44375 1
Pkt 71 160 0.44375 1
Node 26 74 33.9411
Pkt 141 320 0.440625 1
Pkt 132 300 0.44 1
Node 59 53 9.48683
Pkt 352 800 0.44 1
Pkt 330 750 0.44 1
Node 66 56 17.088
Pkt 85 192 0.442708 1
Pkt 66 150 0.44 1
Node 38 47 12.3693
Pkt 165 375 0.44 1
Pkt 212 480 0.441667 1
Node 43 37 14.7648
Pkt 352 800 0.44 1
Pkt 330 750 0.44 1
Rate:882.083
==========
==========82
6 0 2 24000
Node 32 69 26.1725
Pkt 53 120 0.441667 1
Pkt 88 200 0.44 1
Node 73 60 25.0799
Pkt 165 375 0.44 1
Pkt 165 375 0.44 1
Node 66 28 27.2029
Pkt 330 750 0.44 1
Pkt 352 800 0.44 1
Node 50 34 16
Pkt 55 125 0.44 1
Pkt 53 120 0.441667 1
Node 37 27 26.4197
Pkt 212 480 0.441667 1
Pkt 176 400 0.44 1
Node 52 42 8.24621
Pkt 352 800 0.44 1
Pkt 352 800 0.44 1
Rate:880.833
==========
==========83
6 0 2 24000
Node 50 41 9
Pkt 55 125 0.44 1
Pkt 110 250 0.44 1
Node 66 45 16.7631
Pkt 141 320 0.440625 1
Pkt 141 320 0.440625 1
Node 70 54 20.3961
Pkt 352 800 0.44 1
Pkt 352 800 0.44 1
Node 55 39 12.083
Pkt 71 160 0.44375 1
Pkt 88 200 0.44 1
Node 40 53 10.4403
Pkt 141 320 0.440625 1
Pkt 132 300 0.44 1
Node 49 33 17.0294
Pkt 330 750 0.44 1
Pkt 330 750 0.44 1
Rate:880.938
==========
==========84
6 0 2 24000
Node 67 52 17.1172
Pkt 88 200 0.44 1
Pkt 88 200 0.44 1
Node 46 62 12.6491
Pkt 165 375 0.44 1
Pkt 176 400 0.44 1
Node 43 40 12.2066
Pkt 352 800 0.44 1
Pkt 330 750 0.44 1
Node 48 74 24.0832
Pkt 53 120 0.441667 1
Pkt 53 120 0.441667 1
Node 44 67 18.0278
Pkt 212 480 0.441667 1
Pkt 212 480 0.441667 1
Node 57 66 17.4642
Pkt 352 800 0.44 1
Pkt 352 800 0.44 1
Rate:881.111
==========
==========85
6 0 2 24000
Node 36 40 17.2047
Pkt 66 150 0.44 1
Pkt 106 240 0.441667 1
Node 70 27 30.4795
Pkt 212 480 0.441667 1
Pkt 176 400 0.44 1
Node 49 39 11.0454
Pkt 352 800 0.44 1
Pkt 352 800 0.44 1
Node 72 60 24.1661
Pkt 106 240 0.441667 1
Pkt 88 200 0.44 1
Node 55 45 7.07107
Pkt 141 320 0.440625 1
Pkt 132 300 0.44 1
Node 74 39 26.4008
Pkt 352 800 0.44 1
Pkt 352 800 0.44 1
Rate:880.938
==========
==========86
6 0 2 24000
Node 74 28 32.5576
Pkt 71 160 0.44375 1
Pkt 88 200 0.44 1
Node 26 54 24.3311
Pkt 141 320 0.440625 1
Pkt 176 400 0.44 1
Node 55 27 23.5372
Pkt 330 750 0.44 1
Pkt 330 750 0.44 1
Node 44 53 6.7082
Pkt 106 240 0.441667 1
Pkt 88 200 0.44 1
Node 40 59 13.4536
Pkt 212 480 0.441667 1
Pkt 212 480 0.441667 1
Node 51 27 23.0217
Pkt 330 750 0.44 1
Pkt 330 750 0.44 1
Rate:881.563
==========
==========87
6 0 2 24000
Node 41 40 13.4536
Pkt 85 192 0.442708 1
Pkt 88 200 0.44 1
Node 37 54 13.6015
Pkt 132 300 0.44 1
Pkt 165 375 0.44 1
Node 26 33 29.4109
Pkt 352 800 0.44 1
Pkt 330 750 0.44 1
Node 73 53 23.1948
Pkt 55 125 0.44 1
Pkt 106 240 0.441667 1
Node 51 63 13.0384
Pkt 212 480 0.441667 1
Pkt 165 375 0.44 1
Node 35 47 15.2971
Pkt 352 800 0.44 1
Pkt 352 800 0.44 1
Rate:881.007
==========
==========88
6 0 2 24000
Node 43 30 21.1896
Pkt 71 160 0.44375 1
Pkt 88 200 0.44 1
Node 26 25 34.6554
Pkt 141 320 0.440625 1
Pkt 132 300 0.44 1
Node 25 39 27.313
Pkt 352 800 0.44 1
Pkt 352 800 0.44 1
Node 69 40 21.4709
Pkt 110 250 0.44 1
Pkt 66 150 0.44 1
Node 43 66 17.4642
Pkt 132 300 0.44 1
Pkt 141 320 0.440625 1
Node 57 38 13.8924
Pkt 352 800 0.44 1
Pkt 352 800 0.44 1
Rate:880.833
==========
==========89
6 0 2 24000
Node 53 53 4.24264
Pkt 85 192 0.442708 1
Pkt 106 240 0.441667 1
Node 62 59 15
Pkt 176 400 0.44 1
Pkt 141 320 0.440625 1
Node 62 26 26.8328
Pkt 330 750 0.44 1
Pkt 352 800 0.44 1
Node 65 47 15.2971
Pkt 85 192 0.442708 1
Pkt 44 100 0.44 1
Node 55 42 9.43398
Pkt 141 320 0.440625 1
Pkt 165 375 0.44 1
Node 34 40 18.868
Pkt 330 750 0.44 1
Pkt 330 750 0.44 1
Rate:881.389
==========
==========90
6 0 2 24000
Node 35 62 19.2094
Pkt 88 200 0.44 1
Pkt 53 120 0.441667 1
Node 31 73 29.8329
Pkt 212 480 0.441667 1
Pkt 141 320 0.440625 1
Node 50 39 11
Pkt 352 800 0.44 1
Pkt 352 800 0.44 1
Node 32 42 19.6977
Pkt 53 120 0.441667 1
Pkt 110 250 0.44 1
Node 64 42 16.1245
Pkt 141 320 0.440625 1
Pkt 165 375 0.44 1
Node 36 67 22.0227
Pkt 330 750 0.44 1
Pkt 330 750 0.44 1
Rate:881.042
==========
==========91
6 0 2 24000
Node 37 51 13.0384
Pkt 85 192 0.442708 1
Pkt 66 150 0.44 1
Node 55 38 13
Pkt 176 400 0.44 1
Pkt 176 400 0.44 1
Node 50 35 15
Pkt 330 750 0.44 1
Pkt 352 800 0.44 1
Node 33 61 20.2485
Pkt 44 100 0.44 1
Pkt 71 160 0.44375 1
Node 53 49 3.16228
Pkt 132 300 0.44 1
Pkt 176 400 0.44 1
Node 55 70 20.6155
Pkt 352 800 0.44 1
Pkt 352 800 0.44 1
Rate:881.076
==========
==========92
6 0 2 24000
Node 64 60 17.2047
Pkt 106 240 0.441667 1
Pkt 85 192 0.442708 1
Node 68 66 24.0832
Pkt 141 320 0.440625 1
Pkt 176 400 0.44 1
Node 45 74 24.5153
Pkt 330 750 0.44 1
Pkt 330 750 0.44 1
Node 67 50 17
Pkt 88 200 0.44 1
Pkt 88 200 0.44 1
Node 26 60 26
Pkt 165 375 0.44 1
Pkt 176 400 0.44 1
Node 44 49 6.08276
Pkt 352 800 0.44 1
Pkt 352 800 0.44 1
Rate:880.833
==========
==========93
6 0 2 24000
Node 29 56 21.8403
Pkt 106 240 0.441667 1
Pkt 110 250 0.44 1
Node 53 28 22.2036
Pkt 132 300 0.44 1
Pkt 176 400 0.44 1
Node 54 53 5
Pkt 352 800 0.44 1
Pkt 352 800 0.44 1
Node 54 54 5.65685
Pkt 55 125 0.44 1
Pkt 85 192 0.442708 1
Node 38 47 12.3693
Pkt 165 375 0.44 1
Pkt 176 400 0.44 1
Node 33 64 22.0227
Pkt 352 800 0.44 1
Pkt 352 800 0.44 1
Rate:880.729
==========
==========94
6 0 2 24000
Node 50 57 7
Pkt 88 200 0.44 1
Pkt 55 125 0.44 1
Node 37 64 19.105
Pkt 212 480 0.441667 1
Pkt 132 300 0.44 1
Node 66 65 21.9317
Pkt 352 800 0.44 1
Pkt 330 750 0.44 1
Node 64 65 20.5183
Pkt 71 160 0.44375 1
Pkt 44 100 0.44 1
Node 25 64 28.6531
Pkt 176 400 0.44 1
Pkt 212 480 0.441667 1
Node 61 72 24.5967
Pkt 330 750 0.44 1
Pkt 352 800 0.44 1
Rate:881.181
==========
==========95
6 0 2 24000
Node 55 49 5.09902
Pkt 85 192 0.442708 1
Pkt 88 200 0.44 1
Node 55 32 18.6815
Pkt 132 300 0.44 1
Pkt 132 300 0.44 1
Node 27 43 24.0416
Pkt 352 800 0.44 1
Pkt 352 800 0.44 1
Node 42 70 21.5407
Pkt 71 160 0.44375 1
Pkt 71 160 0.44375 1
Node 32 38 21.6333
Pkt 165 375 0.44 1
Pkt 176 400 0.44 1
Node 42 48 8.24621
Pkt 330 750 0.44 1
Pkt 352 800 0.44 1
Rate:881.701
==========
==========96
6 0 2 24000
Node 49 71 21.0238
Pkt 44 100 0.44 1
Pkt 106 240 0.441667 1
Node 54 74 24.3311
Pkt 141 320 0.440625 1
Pkt 132 300 0.44 1
Node 29 54 21.3776
Pkt 352 800 0.44 1
Pkt 352 800 0.44 1
Node 55 56 7.81025
Pkt 88 200 0.44 1
Pkt 66 150 0.44 1
Node 73 56 23.7697
Pkt 212 480 0.441667 1
Pkt 141 320 0.440625 1
Node 27 39 25.4951
Pkt 330 750 0.44 1
Pkt 330 750 0.44 1
Rate:880.764
==========
==========97
6 0 2 24000
Node 36 41 16.6433
Pkt 44 100 0.44 1
Pkt 110 250 0.44 1
Node 41 73 24.6982
Pkt 212 480 0.441667 1
Pkt 141 320 0.440625 1
Node 38 36 18.4391
Pkt 352 800 0.44 1
Pkt 330 750 0.44 1
Node 41 45 10.2956
Pkt 110 250 0.44 1
Pkt 110 250 0.44 1
Node 56 47 6.7082
Pkt 212 480 0.441667 1
Pkt 165 375 0.44 1
Node 29 41 22.8473
Pkt 330 750 0.44 1
Pkt 352 800 0.44 1
Rate:880.66
==========
==========98
6 0 2 24000
Node 64 31 23.6008
Pkt 71 160 0.44375 1
Pkt 110 250 0.44 1
Node 66 73 28.0179
Pkt 165 375 0.44 1
Pkt 176 400 0.44 1
Node 43 52 7.28011
Pkt 352 800 0.44 1
Pkt 330 750 0.44 1
Node 65 73 27.4591
Pkt 85 192 0.442708 1
Pkt 66 150 0.44 1
Node 61 74 26.4008
Pkt 141 320 0.440625 1
Pkt 141 320 0.440625 1
Node 67 50 17
Pkt 352 800 0.44 1
Pkt 330 750 0.44 1
Rate:881.285
==========
==========99
